2.36518,3611.17,8.72426,104.285,2.33109,-16419,0
4.77979,3636.14,16.5253,66.6247,0.80411,-2900.01,0
7.18348,3594.53,-2.58089,80.7398,4.19549,-7721.58,0
9.56804,3575.36,52.3468,15.9387,6.62072,-7800.84,0
11.9564,3567.78,100.537,35.1245,4.77496,-6876.77,0
14.3105,3548.3,148.306,67.3125,4.4975,-7106.78,0
16.681,3535.78,119.951,140.853,4.58317,-6847.52,0
19.0569,3508.14,136.422,188.646,3.02751,-7443.88,0
21.439,3491.25,117.13,160.194,7.35423,-7404.68,0
22.3095,3449.81,116.596,140.663,1.5627,-8973.38,0
