2.42126,3635.22,-26.7628,-72.9223,0.393205,-6102.32,0
4.81229,3623.9,28.2578,-116.725,0.159643,-5423.19,0
7.19901,3529.39,47.0559,-81.9118,9.61975,-16753.6,0
9.57519,3557.98,47.3431,-85.5193,5.01178,-9610.05,0
11.9598,3584.25,62.578,-96.3959,1.56035,-5497.46,0
14.3596,3566.41,128.615,-60.9547,2.12333,-5821.02,0
16.7737,3512.57,133.99,-142.281,2.8396,-8193.35,0
19.1904,3503.54,122.835,-149.467,4.06395,-7631.93,0
21.5422,3480.52,177.388,-174.962,1.09191,-7867.35,0
22.3552,3449.55,196.705,-161.607,4.45489,-8966.48,0
