2.41222,3641.91,12.3359,48.7439,0.88989,-3354.22,0
4.77364,3589.27,95.1219,-32.8926,4.47212,-12721.9,0
7.13756,3602,103.384,-30.4586,2.83765,-6725.35,0
9.52389,3587.86,96.5997,10.8414,4.10811,-6525.06,0
11.8903,3585.62,45.3506,-28.9487,5.20226,-5414.7,0
14.3181,3564.2,-18.7346,-177.149,2.83344,-5992.21,0
16.7142,3586.58,75.3106,-140.431,1.71312,-3794.6,0
19.0944,3561.63,67.3965,-88.1966,5.73322,-4628.16,0
21.5114,3580.45,-49.3763,-98.115,3.70891,-3233.13,0
23.902,3605.88,-36.5883,39.6968,2.62579,-1845.73,0
26.2715,3578.78,-100.959,77.1845,3.03585,-2711.11,0
28.6527,3529.95,-90.9307,56.4708,7.9471,-4189.81,0
30.8127,3449.9,-125.876,29.7945,3.20281,-6494.1,0
