1.27896,3635.06,-2.72415,51.4522,0.359994,-11679.5,0
2.55165,3643.36,-17.02,55.0339,0.109738,-2603.79,0
3.83553,3630.02,13.4201,31.2286,0.559805,-5209.77,0
5.10801,3626.95,30.0462,41.3155,0.577433,-4512.05,0
6.38583,3619.32,-9.00079,25.278,0.887825,-4804.39,0
7.66018,3620.38,-20.5101,35.5969,0.803614,-3866.75,0
8.93581,3639.15,-26.9376,14.1078,0.250231,-1214.06,0
10.2213,3638.93,25.3877,24.1145,0.24141,-1082.64,0
11.4989,3615.81,70.5175,26.4439,0.720993,-2973.68,0
12.7756,3610.25,106.793,46.4094,0.58946,-3111.13,0
14.0443,3608.71,125.243,8.9047,0.530608,-2940.07,0
15.3257,3580.76,162.816,2.75725,1.01994,-4518.01,0
16.5982,3593.79,179.423,-13.0219,0.452485,-3386.55,0
17.8781,3616.43,109.293,-17.2695,0.38303,-1877.85,0
19.1519,3607.28,80.4609,-8.28972,0.847751,-2230.53,0
20.4301,3598.5,99.6566,-0.747038,0.932491,-2520.68,0
21.7144,3571.68,107.371,30.9518,1.57841,-3606.61,0
22.9836,3567.51,123.372,22.1015,1.43688,-3589.17,0
24.2563,3613.8,87.6798,12.577,0.335616,-1492.2,0
25.5374,3591.72,144.823,37.5113,0.439666,-2282.09,0
26.8157,3565.18,146.127,72.627,1.20232,-3162.97,0
28.0966,3594.84,154.778,42.303,0.292374,-1963.16,0
29.387,3541.59,160.968,35.214,1.86615,-3688.96,0
30.6669,3525.84,169.948,55.5713,2.01993,-4048.63,0
31.9399,3523.94,155.896,58.0669,2.12342,-3946.76,0
33.223,3510.36,137.381,55.7974,2.7254,-4203.11,0
34.4996,3484.6,133.383,58.1363,3.39302,-4794.15,0
35.7753,3493.5,125.83,54.6731,2.8313,-4374.45,0
37.0676,3474,136.205,65.8662,2.85152,-4747.98,0
37.785,3450,140.552,49.77,3.63726,-5292.99,0
