1.27946,3640.81,-59.279,57.5946,0.208665,-7178.86,0
2.55436,3619.33,-8.99987,38.4038,0.989767,-12007.5,0
3.83588,3636.86,-47.7269,61.4674,0.30298,-3425.8,0
5.11006,3615.2,-50.312,98.4996,0.669303,-6810.18,0
6.38311,3618.43,-55.7852,61.0896,0.76182,-4945.16,0
7.65478,3604.73,-77.068,114.239,0.707843,-5914.2,0
8.92518,3622.1,-75.5432,71.1385,0.476732,-3126.39,0
10.1986,3616.19,-102.406,98.873,0.322372,-3314.88,0
11.4764,3574.24,-112.033,87.1997,1.55055,-6601.05,0
12.7464,3596.34,-105.722,79.9786,0.931361,-4210.15,0
14.0184,3599.13,-58.4077,173.319,0.430337,-3628.78,0
15.2982,3595.48,-59.323,186.045,0.391262,-3564.08,0
16.5714,3555.47,-39.9997,205.72,1.44754,-5704.46,0
17.8421,3524.26,-25.483,215.241,2.32932,-7047.63,0
19.1229,3511.65,-29.1402,221.187,2.46653,-7234.76,0
20.397,3505.74,-29.6206,212.226,2.65564,-7072.65,0
21.6765,3501.38,1.30236,206.392,2.86474,-6856.5,0
22.9582,3469.55,13.288,237.304,2.77244,-7860.1,0
24.2373,3452.62,8.12911,249.863,2.75669,-8143.6,0
25.5123,3467.17,28.4965,274.234,0.996307,-7166.24,0
26.7853,3501.96,17.8109,243.906,0.526896,-5526.73,0
28.0622,3483.48,25.7872,228.272,1.85471,-5933.92,0
29.337,3497.12,36.4492,210.517,1.72666,-5211.23,0
30.6008,3513.96,30.0272,232.012,0.572089,-4445.79,0
31.8742,3504.89,43.4268,221.782,1.11581,-4552.73,0
33.1477,3503.42,55.9665,192.789,1.85786,-4422.01,0
34.4232,3491.87,51.9757,180.431,2.49196,-4593.72,0
35.6928,3500.21,67.7253,182.853,1.76453,-4196.56,0
36.967,3478.4,43.7641,164.459,3.17744,-4641.97,0
38.2516,3501.98,40.4898,150.579,2.32924,-3869.55,0
39.5286,3501.22,45.8474,135.266,2.4974,-3763.95,0
40.8057,3480.14,45.6565,116.956,3.57241,-4162.6,0
42.0873,3478.73,63.7786,117.272,2.93498,-4069.44,0
43.3705,3471.71,57.2588,106.902,3.17472,-4110.93,0
44.6507,3479.31,51.4138,117.837,2.20338,-3822.75,0
45.9379,3475.11,71.3673,105.234,2.14718,-3807.08,0
46.8934,3449.94,72.7859,109.006,2.77386,-4266.27,0
