1.2739,3624.68,-3.60915,-111.724,0.257911,-19876.7,0
2.55442,3582.36,47.78,-122.291,1.27088,-26479.7,0
3.82977,3572.55,44.1527,-116.499,1.56013,-20223,0
5.10006,3574.15,32.429,-78.9181,1.84097,-14872.5,0
6.3762,3569.51,20.6084,-102.093,1.62043,-12623.4,0
7.64571,3562.36,25.2958,-114.271,1.5371,-11462.5,0
8.91877,3541.87,9.56916,-130.661,1.89712,-12123.4,0
10.194,3522.53,15.8951,-139.685,2.18503,-12504.1,0
11.4674,3532.92,13.9323,-139.456,1.65211,-10209.4,0
12.7373,3533.21,33.7371,-134.411,1.54984,-9169.48,0
14.0108,3548.55,29.2309,-151.909,0.717131,-7240.56,0
15.2915,3550.9,-4.74915,-144.111,0.834565,-6480.45,0
16.5667,3536.27,-12.937,-163.049,0.936276,-6865,0
17.8344,3536,-37.5304,-186.693,0.452742,-6392.06,0
19.105,3516.08,-51.0819,-195.616,0.977539,-7009.91,0
20.3819,3489.92,-59.7977,-230.781,0.999924,-7854.22,0
21.6626,3500.68,-108.346,-215.682,0.413136,-6892.83,0
22.9272,3487.36,-131.378,-217.866,0.495675,-7093.85,0
24.2027,3482.57,-97.5884,-254.458,0.0502764,-6918,0
25.0503,3449.99,-117.913,-267.303,0.555788,-7984.49,0
