1.27979,3615.84,-14.2564,30.4028,1.09593,-26691.5,0
2.5594,3601.59,-37.4766,41.3633,1.40737,-18915.3,0
3.84013,3631.22,-10.9713,45.0774,0.514172,-4890.13,0
5.11951,3627.89,-38.2201,58.2039,0.499825,-4318.48,0
6.38825,3604.37,-50.8127,45.9586,1.18408,-7142.68,0
7.67015,3625.16,-46.8291,-10.7127,0.656067,-3238.48,0
8.94843,3599.71,-93.2547,-26.2399,1.05323,-5620.02,0
10.2038,3609.55,-79.1253,-60.2672,0.727007,-3964.57,0
11.4871,3570.17,-101.857,-65.2555,1.7083,-6949.2,0
12.7599,3558.7,-98.1593,-69.4238,1.96339,-7155.55,0
14.0367,3600.17,-97.2798,-52.1507,0.671115,-3550.02,0
15.3129,3610.3,-94.4807,-39.3132,0.430623,-2592.65,0
16.5797,3603.47,-87.3671,-37.6902,0.686534,-2806.53,0
17.865,3612.51,-112.98,-15.3045,0.28825,-2098.69,0
19.1443,3603.5,-68.8146,-20.6661,0.848536,-2428.87,0
20.4243,3579.56,-57.6061,-26.5469,1.67998,-3448.63,0
21.6973,3543.35,-60.6349,-10.5171,2.92283,-4915.15,0
22.9768,3533.77,-41.2961,-21.1543,3.25,-5058.37,0
24.2636,3522.56,-66.3267,-30.8577,2.70755,-5252.47,0
25.5438,3509.14,-60.8181,-31.0698,3.00586,-5514.47,0
26.825,3523.09,-69.032,-46.5785,1.6284,-4731.17,0
28.1023,3543.56,-70.1442,-40.8379,0.800732,-3787.61,0
29.3843,3537.34,-57.5084,-24.9012,1.42366,-3833.88,0
30.6571,3527.64,-73.3435,-44.9774,1.27459,-3991.25,0
31.9278,3553.29,-72.4956,-34.7018,0.3293,-3029.15,0
33.2096,3527.15,-97.7879,2.36235,1.00107,-3699.32,0
34.494,3516.66,-126.624,-19.1929,0.723913,-3865.57,0
35.7757,3526.91,-85.1366,-7.89446,1.31939,-3440.49,0
37.0449,3509.01,-67.2649,-15.0712,2.52693,-3805.97,0
38.3257,3507.1,-61.0408,-10.5408,2.60019,-3728.49,0
39.6071,3502.29,-64.31,-14.5156,2.31575,-3729.27,0
40.8761,3538.69,-57.2359,-11.6995,0.512765,-2723.09,0
42.1453,3549.39,-21.7329,-14.3141,0.470742,-2387.2,0
43.4144,3535.71,-8.78335,-49.9512,0.805131,-2632.54,0
44.6893,3532.04,-50.1379,-23.831,0.831322,-2639.65,0
45.9598,3493.72,-42.3139,-16.5996,3.36795,-3400.26,0
47.2374,3497.21,-50.0186,-10.3615,2.49318,-3234.52,0
48.5051,3489.65,-47.2604,-9.07398,2.8572,-3305.74,0
49.7988,3499.52,-42.1937,-11.7364,2.08967,-3021.72,0
51.0851,3492.17,-43.0102,-4.77467,2.50236,-3089.57,0
52.3512,3485,-19.0419,4.42139,5.34238,-3151.83,0
53.6334,3505.12,-21.2557,0.805615,1.66554,-2701.31,0
54.9113,3499.47,-37.3657,2.23012,0.945817,-2741.3,0
56.1807,3467.61,-82.2791,1.80268,0.244028,-3246.55,0
56.438,3449.94,-73.769,11.2349,1.48578,-3544.77,0
