1.27172,3605.48,-4.76625,36.9447,1.31717,-35010,0
2.54564,3633.91,0.619607,49.1275,0.376057,-6320.95,0
3.83245,3604.69,-11.1045,70.3416,1.09671,-11821.8,0
5.10951,3581.58,-5.94753,80.2058,1.72264,-13390.3,0
6.3819,3554.01,0.22882,69.7869,2.70577,-15040.7,0
7.65586,3567.45,-20.7455,45.8443,2.21492,-10782.1,0
8.92778,3560.26,7.09886,60.1241,2.20443,-10051.8,0
10.2008,3578.35,-8.94376,62.6151,1.34747,-7023.97,0
11.4747,3584.64,-24.0755,93.82,0.722952,-5695.92,0
12.7511,3606.43,-0.629968,92.9094,0.104125,-3417.2,0
14.0267,3594.2,11.2516,61.502,0.718846,-3978.33,0
15.2964,3554.52,22.2459,75.6838,1.91305,-6241.97,0
16.5744,3524.72,39.9831,81.8389,2.66359,-7558.49,0
17.8535,3540,7.45218,97.6327,1.76264,-6161.35,0
19.1301,3536.45,-8.12456,98.0235,1.80834,-5935.76,0
20.4065,3536.89,-1.30696,129.227,1.15956,-5542.66,0
21.6791,3559.65,40.1188,126.435,0.254546,-4167.45,0
22.9438,3528.44,45.6851,137.461,1.15653,-5298.25,0
24.2114,3527.89,27.3039,120.881,1.51411,-5043.67,0
25.4908,3525.28,39.6931,147.278,1.0877,-4892.73,0
26.7671,3525.55,48.7888,168.772,0.640809,-4649.4,0
28.0459,3510.7,94.4378,149.303,1.0807,-4966.87,0
29.3248,3494.27,57.5268,209.103,0.576549,-5310.52,0
30.5913,3492.21,64.2386,201.776,0.801303,-5157.89,0
31.8595,3486.54,102.62,180.181,1.11143,-5130.6,0
33.1304,3505.66,107.028,185.119,0.127699,-4356.68,0
34.4075,3488.49,116.998,164.86,1.19568,-4693.99,0
35.6781,3489.19,129.035,157.591,1.04931,-4507.37,0
36.9527,3486.15,93.1507,139.967,2.23479,-4434.02,0
38.2267,3464.74,84.6967,139.666,2.89143,-4846.29,0
39.5087,3473.38,93.5338,164.415,1.33805,-4470.5,0
40.2736,3449.99,114.775,188.93,0.977993,-4966.35,0
