1.28185,3629.08,14.4311,-16.387,0.583163,-16321.8,0
2.56482,3617.41,27.3118,2.13994,0.922338,-12707.1,0
3.83417,3615.82,31.95,27.0162,0.883954,-8913.58,0
5.10848,3604.61,25.0312,64.3702,1.05159,-8885.11,0
6.37825,3576.46,14.7555,51.435,2.07294,-11530.6,0
7.66313,3566.91,-0.863239,35.5798,2.43982,-10843.2,0
8.94682,3554.12,-38.1957,54.8017,2.39958,-10716.6,0
10.2297,3538.07,-15.265,73.2169,2.55778,-10941.8,0
11.5118,3536.07,-27.9257,78.4338,2.17106,-9896.47,0
12.7943,3548.3,-67.4038,83.33,1.17367,-7949.09,0
14.0581,3580.68,-86.4879,44.0132,0.18716,-4930.68,0
15.3327,3584.02,-26.1717,40.3969,0.543558,-4303.49,0
16.617,3555.7,-46.8191,40.4239,1.51231,-5674.87,0
17.8946,3537.92,-71.842,3.84266,2.04865,-6263.46,0
19.1706,3544.76,-92.2551,-27.7452,1.13683,-5489.87,0
20.4465,3500.34,-107.588,-20.8481,2.35281,-7319.46,0
21.7192,3502.31,-106.279,1.50706,2.17531,-6799.9,0
22.9878,3512.23,-90.1064,19.7932,1.99333,-5993.22,0
24.2537,3502.92,-91.3408,35.3964,2.01204,-6064.33,0
25.5258,3502,-117.265,47.6336,1.22953,-5798.16,0
26.8019,3528.5,-95.6076,50.8547,0.555519,-4533.41,0
28.0767,3541.8,-57.0083,51.0505,0.661989,-3853.7,0
29.3499,3511.73,-53.0399,81.9612,1.33922,-4710.99,0
30.6256,3523.52,-44.7005,65.1105,1.26203,-4129.76,0
31.902,3531.62,-45.9218,81.2946,0.561864,-3710.59,0
33.1836,3542.85,-19.2079,63.508,0.629852,-3229.02,0
34.47,3548.72,-22.3455,35.6809,0.760142,-2938.27,0
35.7491,3558.02,14.4204,33.6829,0.347663,-2572.87,0
37.0242,3531.76,-8.59485,29.3921,1.9242,-3193.69,0
38.2904,3504.57,-7.03894,37.9995,3.34721,-3798.2,0
39.5681,3488.53,-5.84821,36.9338,3.97967,-4080.81,0
40.8486,3513.14,-2.84285,27.3312,2.07511,-3350.49,0
42.114,3498.94,12.3159,17.906,3.99821,-3586.92,0
43.3903,3498.8,-6.42921,7.52431,4.98613,-3484.61,0
44.6639,3494.9,-21.5363,30.3557,1.32022,-3472.52,0
45.9428,3490.83,-23.9765,28.66,1.4498,-3464.55,0
47.227,3489.75,10.3826,21.2182,2.96548,-3393.12,0
48.5094,3500.72,-12.1099,-8.98645,2.38939,-3077.37,0
49.7911,3490.15,5.59311,0.190498,7.37731,-3210.38,0
49.8211,3489.13,1.70675,-1.22939,9.72696,-3228.97,0
