1.27985,3622.15,44.1263,-15.3945,0.72278,-21761.9,0
2.55716,3624.39,44.948,-15.8021,0.642185,-10016.6,0
3.8247,3606.72,51.0023,-12.2665,1.1458,-11315.1,0
5.11101,3611.01,51.2544,-14.1431,0.953805,-7628,0
6.39142,3616.03,43.8203,0.993436,0.808224,-5315.15,0
7.66493,3597.41,28.6837,33.4015,1.38623,-6861.17,0
8.94484,3588.22,35.7373,51.779,1.46621,-6906.75,0
10.2104,3575.9,52.0807,43.4427,1.71449,-7257.14,0
11.492,3569.85,70.5847,63.8295,1.48245,-6974.61,0
12.7651,3549.38,97.3073,58.8258,1.72919,-7882.45,0
14.0435,3585.26,91.7791,89.4121,0.382513,-4610.02,0
15.3177,3551.73,104.642,77.5163,1.43399,-6415.78,0
16.5945,3544.78,103.873,72.979,1.62173,-6340.55,0
17.8719,3549.98,86.2715,86.7946,1.42164,-5596.7,0
19.1422,3546.66,66.3723,87.8086,1.66423,-5398.31,0
20.4186,3543.49,91.5546,57.5628,1.69867,-5216.53,0
21.6992,3539.17,81.0709,43.377,1.99154,-5107.72,0
22.9772,3530.77,57.9465,56.3673,2.41051,-5188.99,0
24.2559,3518.6,83.182,38.5987,2.46092,-5417.42,0
25.5248,3501.27,95.608,42.2664,2.65895,-5826.87,0
26.7929,3494.71,74.7799,41.5485,3.09678,-5796.07,0
28.0714,3504.36,91.887,73.563,1.58694,-5188.26,0
29.3518,3508.92,80.6088,91.7209,1.29503,-4806.42,0
30.6405,3486.28,80.1659,88.0563,2.09148,-5343.35,0
31.919,3492.17,78.9689,77.0584,1.98734,-4944.71,0
33.1888,3468.87,102.706,112.008,1.46254,-5457.43,0
33.751,3449.97,79.8153,119.175,2.4565,-5926.56,0
