1.26943,3627.85,-9.47961,87.3536,0.590834,-17445.9,0
2.54496,3640.47,2.10303,107.344,0.149279,-3746.19,0
3.81283,3594.6,-9.75822,132.778,1.22704,-14529.5,0
5.08165,3581.05,-25.3407,150.163,1.39287,-13569.1,0
6.35461,3553.88,-37.4689,142.093,2.23375,-15126.3,0
7.64058,3566.79,-3.09455,148.682,1.65277,-10890.3,0
8.91483,3567.93,1.56276,131.998,1.73033,-9205.95,0
10.1915,3591.13,-3.84745,190.778,0.450125,-5776.16,0
11.4594,3584.12,-67.4359,188.761,0.548739,-5748.93,0
12.7372,3592.23,-24.2264,205.083,0.263975,-4535.27,0
14.0202,3594.23,-6.36369,201.142,0.261305,-3977.65,0
15.3002,3574.46,-54.3746,199.381,0.815006,-4937.11,0
16.5718,3571.94,-41.566,204.972,0.855669,-4710.34,0
17.848,3573.33,-73.3446,227.38,0.438465,-4295.49,0
19.1087,3577.85,-71.3023,213.724,0.444308,-3775.99,0
20.3775,3564.05,-45.8116,226.972,0.795284,-4218.03,0
21.653,3575.02,-15.9389,219.562,0.546601,-3463.01,0
22.9274,3552.52,-29.4948,232.639,1.14542,-4251.62,0
24.2081,3553.77,-9.27596,234.231,1.08465,-3975.11,0
25.4847,3518.36,17.9341,220.64,2.45521,-5165.35,0
26.766,3533.72,7.71676,249.507,1.19725,-4344.34,0
28.0454,3560.88,-9.39179,262.66,0.0357974,-3177.76,0
29.3268,3561.96,14.1894,235.862,0.375273,-3002.15,0
30.6039,3522.61,29.6521,232.599,1.87559,-4162.6,0
31.8866,3490.56,19.237,214.818,3.33661,-5000.33,0
33.162,3510.05,8.78793,208.025,2.47439,-4220.06,0
34.445,3513.79,-3.77672,230.285,1.56611,-3954.34,0
35.7231,3517.16,-15.1089,275.83,0.364929,-3718.54,0
37.0018,3509.04,-23.8447,250.784,1.30155,-3809.47,0
38.2759,3502.77,3.96097,202.777,2.74312,-3846.55,0
39.5502,3499,-6.39057,214.096,2.35202,-3817.98,0
40.8241,3489.37,-2.01791,222.552,2.25942,-3934.65,0
42.1078,3465.19,-4.95952,212.569,3.32647,-4389.05,0
43.3872,3472.06,-17.3442,240.848,1.57749,-4101.13,0
43.937,3449.97,-3.96212,244.979,2.25821,-4552.76,0
