1.27823,3638.59,-32.221,14.3378,0.312756,-8925.57,0
2.55725,3610.68,-18.7168,63.3371,0.992049,-15376,0
3.83318,3601.31,-6.61222,94.0613,1.02778,-12701,0
5.10661,3600.68,-14.9076,107.472,0.881758,-9658.56,0
6.39059,3590.97,-43.3198,96.6498,1.15817,-9237.01,0
7.66386,3563.23,-52.0295,71.6557,2.15762,-11321.6,0
8.94102,3554.41,-40.0721,72.8467,2.39598,-10690.8,0
10.2209,3546.72,-52.2689,85.0753,2.15373,-10105.1,0
11.5003,3525.69,-59.0164,97.8805,2.37737,-10808.8,0
12.7816,3535.6,-64.1473,84.0333,2.01722,-8950.7,0
14.0593,3531.12,-70.3267,75.3611,2.08138,-8455.64,0
15.3348,3531.98,-83.0195,75.7422,1.70758,-7696.54,0
16.6063,3528.39,-90.3455,62.8659,1.78399,-7323.29,0
17.8854,3512.62,-87.2213,40.2506,2.47808,-7681.04,0
19.1621,3490.86,-67.0928,47.5034,3.52697,-8305.04,0
20.4327,3495.68,-72.2355,41.931,2.74946,-7552.39,0
21.7104,3520.13,-92.2294,22.6082,1.23226,-5981.95,0
22.9827,3539.93,-43.1615,37.8888,1.14388,-4789.19,0
24.2582,3536.26,21.0926,55.7638,1.25809,-4688.78,0
25.5343,3551.53,19.6805,84.5619,0.0800929,-3856.56,0
26.8048,3511.68,23.0652,50.1529,2.66521,-5160.31,0
28.0878,3515.09,44.5473,55.9016,1.74496,-4803.26,0
29.3676,3504.43,56.2123,48.554,2.00898,-4956.86,0
30.6422,3527.36,38.329,80.0089,0.528439,-4002.39,0
31.9153,3500.94,60.8255,68.5972,1.52618,-4670.64,0
33.1951,3523.46,77.7637,81.895,0.0432085,-3812.04,0
34.4845,3485.28,80.672,55.5158,1.83726,-4776.69,0
35.7468,3460.8,76.5214,52.7066,2.87196,-5292.68,0
36.3337,3450,48.5638,33.9394,4.97302,-5504.45,0
