1.27686,3627.92,53.7241,16.1482,0.521522,-17290.1,0
2.55171,3626.44,45.8325,14.6012,0.595031,-9234.38,0
3.83397,3610.03,91.1688,-93.1412,0.537671,-10425.2,0
5.11705,3584.18,78.0755,-76.5782,1.4394,-12862.1,0
6.38523,3593.68,110.159,-68.7884,0.88556,-8821.1,0
7.66229,3598.03,134.092,-86.8008,0.520213,-6782.84,0
8.92479,3588.74,107.495,-70.2637,1.06065,-6863.92,0
10.1858,3595.34,102.95,-59.8768,0.923365,-5366.3,0
11.4652,3592.95,86.7921,-67.489,1.05671,-4975.81,0
12.7463,3588.46,95.4809,-70.4002,1.04936,-4827.9,0
14.0182,3560.39,73.3016,-47.1897,2.27366,-6392.32,0
15.2934,3539.07,77.2893,-56.7242,2.61403,-7253.16,0
16.5579,3544.06,86.1815,-39.9289,2.22141,-6397.96,0
17.8287,3522.53,99.345,-47.0298,2.58642,-7149.9,0
19.1017,3542.14,72.0356,-47.222,2.03348,-5646.41,0
20.3724,3559.11,66.8266,-53.3804,1.28501,-4461.31,0
21.6455,3564.06,58.973,-64.3123,1.03283,-3970.28,0
22.9175,3579.32,18.789,-86.3759,0.431305,-3083.98,0
24.1933,3554.59,-18.0772,-104.546,1.00708,-3943.71,0
25.4573,3547.79,0.227073,-96.8278,1.34263,-4014.78,0
26.7384,3569.34,-16.8119,-92.8653,0.611174,-3016.49,0
28.0101,3542.99,-6.47219,-79.9551,1.75866,-3820.36,0
29.2897,3538.64,2.33555,-84.7292,1.70851,-3802.17,0
30.5612,3563.62,-2.19575,-104.373,0.489352,-2826.42,0
31.8383,3557.34,-9.94206,-81.7148,0.991403,-2910.4,0
33.1159,3565.03,-14.9501,-103.935,0.392951,-2565.77,0
34.3905,3555.06,-18.0532,-86.781,0.954464,-2760.74,0
35.6672,3550.13,5.6895,-50.5992,1.71134,-2800.13,0
36.9425,3573.08,-30.5494,-23.6619,0.748024,-2082.25,0
38.2183,3564.69,3.0032,-23.1418,1.23471,-2232.1,0
39.49,3568.28,0.897129,-18.3028,1.04248,-2069.51,0
40.7652,3581.17,14.4689,-44.4722,0.274466,-1688.54,0
42.0414,3581.28,-0.507678,-22.1492,0.426188,-1634.68,0
43.3181,3576.61,-14.6416,12.1306,0.638072,-1694.14,0
44.6016,3577.88,-16.004,-24.3294,0.524094,-1616.94,0
45.8766,3572.58,-77.2725,-10.0097,0.265743,-1687.6,0
47.1448,3558.41,-78.2057,-5.63122,0.772336,-1942.73,0
48.429,3532.09,-46.7804,-10.9129,2.51823,-2434.7,0
49.7069,3560.54,-46.7186,-7.60104,0.962353,-1799.79,0
50.9779,3531.26,-71.7292,1.36937,1.83852,-2329.18,0
52.2549,3529.57,-60.8504,9.88689,2.07842,-2304.64,0
53.5281,3505.96,-56.2146,39.5504,2.85553,-2690.94,0
54.8103,3517.92,-33.4756,18.633,2.84854,-2409.8,0
56.0941,3516.75,-33.7276,-17.8292,2.72085,-2375.39,0
57.3805,3506.28,-42.0764,12.2913,2.93993,-2504.64,0
58.6513,3507.91,-77.1882,40.5534,1.09199,-2422.6,0
59.9399,3508.55,-70.7807,66.1294,0.796467,-2359.78,0
61.2244,3507.77,-48.0035,118.625,0.0213969,-2323.08,0
62.499,3464.05,-85.8286,127.156,0.839883,-2975.23,0
63.7737,3464.8,-56.9269,87.6939,2.68355,-2903.99,0
65.0537,3477.45,-68.5386,90.9476,1.64983,-2652.36,0
66.3279,3479.89,-96.2515,92.5043,0.796926,-2564.61,0
67.6003,3474.51,-78.6212,102.74,1.13379,-2596.03,0
68.8641,3520.67,-60.4015,66.5516,0.382724,-1878.1,0
70.142,3475.93,-63.161,85.2303,1.76626,-2481.66,0
71.4159,3454.01,-65.8613,67.9768,2.80952,-2744.33,0
71.7542,3449.98,-66.8822,88.797,2.20187,-2787.62,0
