1.27306,3621.93,42.568,36.8939,0.863346,-22047.4,0
2.54715,3608.67,93.2267,-20.0443,0.980749,-16225,0
3.82372,3597.91,159.085,-26.7514,0.758866,-13621.7,0
5.10458,3618.09,146.138,-12.2533,0.31587,-6252.16,0
6.38102,3621.36,122.705,40.3526,0.345887,-4488.26,0
7.65319,3616.17,101.888,86.8271,0.446642,-4420.45,0
8.92329,3621.55,78.4547,81.321,0.44902,-3188.2,0
10.1979,3602.28,89.2763,125.275,0.685572,-4679.65,0
11.4742,3603.66,88.2645,122.09,0.63142,-4038.77,0
12.7532,3569.84,126.534,117.846,1.39748,-6285.82,0
14.0302,3598.43,159.929,105.38,0.275284,-3675.5,0
15.3132,3573.75,170.621,82.6047,1.03141,-4979.49,0
16.5915,3563.05,163.879,63.4696,1.50682,-5240.64,0
17.8744,3562.89,149.847,65.732,1.58942,-4873.66,0
19.1539,3549.42,173.747,37.1295,1.71052,-5251.25,0
20.4325,3587.02,164.278,-5.03085,0.60544,-3082.13,0
21.7039,3577.1,145.957,-35.9712,1.06034,-3358.72,0
22.975,3563.38,151.314,-28.1894,1.38171,-3770.03,0
24.2606,3532.19,170.602,-52.7456,1.8887,-4856.01,0
25.5313,3547.66,166.31,-54.3034,1.26874,-4008.29,0
26.8161,3554.06,166.038,-47.913,1.06729,-3577.78,0
28.0914,3561.79,156.017,-60.27,0.87313,-3140.09,0
29.372,3556.03,171.62,-67.4884,0.760568,-3199.34,0
30.6521,3580.49,128.115,-76.2374,0.383133,-2267.78,0
31.9295,3581.95,123.642,-71.936,0.366275,-2131.13,0
33.2036,3570.21,162.418,-114.779,0.0159785,-2402.99,0
34.4687,3580.62,105.51,-97.1808,0.427178,-2012.91,0
35.7413,3574.41,68.8055,-138.768,0.452141,-2114.9,0
37.009,3587.15,70.0572,-61.8438,0.714002,-1698.28,0
38.2843,3603.19,14.1307,-86.7001,0.266273,-1222.8,0
39.5568,3563.33,-2.05303,-86.2013,1.53008,-2191.04,0
40.8352,3573.36,-22.5693,-109.312,0.852958,-1876.84,0
42.114,3568.85,-33.7665,-92.0496,1.12075,-1926.96,0
43.3881,3551.58,-1.12695,-110.925,1.50721,-2268.35,0
44.6691,3554.5,-6.12667,-105.405,1.40344,-2138.02,0
45.9495,3585.68,-8.11802,-124.688,0.123878,-1399.81,0
47.2196,3564.53,-0.771106,-148.895,0.458187,-1810.15,0
48.4928,3553.34,-5.09061,-136.143,0.997937,-1993.31,0
49.7684,3544.03,17.4786,-131.171,1.37639,-2129.32,0
51.0478,3531.3,33.5275,-104.851,2.15884,-2325.21,0
52.327,3542.55,14.4759,-111.981,1.56969,-2053.42,0
53.5983,3554.78,13.2845,-129.165,0.7676,-1776.54,0
54.8622,3556.96,-20.7333,-149.467,0.414556,-1695.82,0
56.1378,3579.52,-68.165,-84.5255,0.220222,-1255.46,0
57.4155,3549.13,-70.3767,-59.3786,1.43261,-1756.77,0
58.6941,3574.3,-68.9828,-46.2552,0.649582,-1289.76,0
59.9772,3590.88,-50.5628,-56.3183,0.164006,-985.762,0
61.2537,3543.07,-45.0016,-28.2209,2.32885,-1745.69,0
62.5311,3526.79,-53.6392,-6.25106,2.93213,-1970.34,0
63.8165,3576.44,-26.8553,18.9018,0.625064,-1152.73,0
65.0879,3549.9,-28.0717,24.3957,1.79859,-1537.87,0
66.369,3562.09,-54.5184,-7.33554,0.905733,-1324.51,0
67.6504,3556.63,-11.3981,13.7978,1.54199,-1380.19,0
68.9314,3543.57,-3.2779,0.604673,2.30984,-1543.93,0
70.1985,3528.84,-3.66127,39.021,2.40899,-1725.92,0
71.4769,3520.09,36.7277,54.5361,1.98425,-1817.55,0
72.747,3492.2,59.4315,48.0364,2.68936,-2169.09,0
74.0167,3493.99,48.1607,60.0811,2.32269,-2107.71,0
75.2919,3509.5,67.1727,60.7009,1.03043,-1866.04,0
76.565,3478.08,62.4918,78.4412,1.90274,-2245.35,0
77.8404,3492.73,55.2022,108.762,0.50864,-2020.38,0
79.1234,3482.42,53.8407,88.2134,1.55424,-2118,0
80.4032,3506.26,32.0796,94.6282,0.620056,-1787.75,0
81.6749,3482.08,27.9248,60.5136,2.79713,-2055.91,0
82.9456,3483.75,12.5676,48.2544,3.25408,-2004.34,0
84.2211,3506.49,10.8048,64.9606,0.829203,-1703.92,0
85.4961,3491.02,1.9273,49.3878,2.41383,-1859.5,0
86.7718,3463.91,10.0838,79.0711,2.04328,-2144.63,0
87.5911,3449.94,16.9993,81.4021,2.40841,-2283.98,0
