1.27853,3615.42,-16.2695,-32.3999,0.986445,-27050,0
2.55215,3645.32,5.86446,-42.3365,0.0837508,-1831.92,0
3.82775,3611.45,13.9533,-24.6266,1.12248,-10070.2,0
5.10156,3627.03,2.48351,-14.9117,0.646302,-4502.17,0
6.38138,3623.61,-12.4197,-62.3266,0.576352,-4134.7,0
7.65812,3639.83,-30.272,-33.2337,0.191348,-1328.41,0
8.943,3611.74,-29.0555,-46.5682,0.969417,-4278.29,0
10.2192,3606.73,-56.323,-49.8665,0.965108,-4234.47,0
11.4914,3599.01,-43.3647,-52.3585,1.21447,-4436.88,0
12.763,3595.87,-37.2963,-69.4321,1.15847,-4240.78,0
14.0376,3610.29,10.8165,-95.8755,0.578325,-2828.85,0
15.3243,3591.22,26.2974,-130.324,0.863398,-3835.61,0
16.6028,3557.11,47.817,-155.444,1.59656,-5595.04,0
17.8791,3568.8,16.245,-154.979,1.23097,-4541.55,0
19.1573,3564.09,45.6054,-165.565,1.14396,-4484.33,0
20.4453,3546.41,51.3121,-186.623,1.33621,-5066.93,0
21.7204,3542.08,36.6382,-183.765,1.55427,-4968.83,0
22.9932,3538.12,27.2106,-177.975,1.75196,-4865.77,0
24.2654,3518.79,43.1239,-160.47,2.47217,-5407.42,0
25.543,3497.33,53.5159,-175.356,2.35401,-5977.17,0
26.8172,3497.67,31.0307,-172.96,2.32385,-5680.46,0
28.105,3496.41,28.5807,-188.172,1.60362,-5464.7,0
29.3837,3474.88,10.3495,-180.676,2.68012,-5959.76,0
30.5922,3449.96,4.05091,-148.368,4.33128,-6538.96,0
