1.26719,3628.79,67.775,17.6112,0.573216,-16739.6,0
2.54715,3612.41,102.555,53.9578,0.697902,-14757.9,0
3.82455,3599.15,99.9579,110.714,0.815309,-13295.7,0
5.105,3588.06,110.231,112.473,1.03228,-12132.8,0
6.38713,3561.23,92.7044,125.918,1.81352,-13897.5,0
7.65991,3583.75,88.6955,135.371,0.960654,-8648.93,0
8.93848,3591.03,92.8307,114.873,0.860167,-6597.27,0
10.2142,3585.62,111.186,97.9752,1.00895,-6303.17,0
11.4892,3564.55,98.9368,96.7075,1.77073,-7437.69,0
12.7749,3581.92,107.64,115.793,0.940969,-5329.08,0
14.0534,3565.18,132.443,106.44,1.38961,-6035.89,0
15.3289,3585.26,155.186,102.521,0.605752,-4223.17,0
16.5974,3561.58,162.598,109.22,1.23299,-5327.44,0
17.8741,3549.31,173.112,166.736,0.954541,-5633.38,0
19.1495,3556.79,153.63,149.911,1.0561,-4867.31,0
20.4254,3530.14,147.114,142.546,2.10459,-5868.14,0
21.6933,3530.25,131.471,142.672,2.16311,-5520.22,0
22.9726,3528.56,127.035,158.684,1.79064,-5286.11,0
24.2496,3498.57,139.638,177.772,2.29401,-6244.58,0
25.5225,3531.7,111.147,194.066,0.935423,-4635.15,0
26.7954,3561.48,108.232,157.106,0.410471,-3303.65,0
28.0661,3544.41,103.069,141.772,1.17197,-3762.2,0
29.339,3543.79,89.7578,109.885,1.71511,-3620.03,0
30.6128,3517.51,88.9132,150.993,1.94402,-4327.77,0
31.8956,3506.39,87.2035,110.358,2.98484,-4502.41,0
33.1721,3489.34,48.9346,101.67,3.87795,-4843.15,0
34.453,3477.88,29.7217,91.5501,4.10528,-4995.69,0
35.7343,3469.93,61.9799,102.799,2.98934,-5039.01,0
37.0096,3467.49,60.3028,95.3575,2.95379,-4931.5,0
37.553,3449.96,61.8015,102.422,3.18609,-5326.9,0
