1.27367,3631.91,19.1269,50.9921,0.463879,-14206.2,0
2.54266,3627.79,33.3767,86.3547,0.372157,-8733.21,0
3.81923,3605.42,86.1444,82.5125,0.789349,-11673.1,0
5.09396,3598.47,77.6785,53.1645,1.16844,-10116.5,0
6.37131,3592.51,64.6924,22.3809,1.52352,-9023.87,0
7.64109,3595.72,52.2274,39.3374,1.37116,-7103.42,0
8.90859,3591.71,59.1084,58.2971,1.30824,-6543.5,0
10.1758,3594.14,50.5005,44.2127,1.29983,-5489.28,0
11.4657,3573.31,52.017,38.8807,1.93819,-6688.25,0
12.738,3563,66.1349,59.2147,1.90482,-6830.16,0
14.0103,3572.98,37.6994,48.6457,1.769,-5497.71,0
15.2919,3556.07,21.4798,44.0874,2.47717,-6142.5,0
16.5686,3560.66,31.3302,27.1136,2.20552,-5392.02,0
17.8488,3559.83,51.3011,40.0027,1.78735,-5051.77,0
19.1296,3543.61,27.3492,50.1341,2.54102,-5561.61,0
20.4009,3570.81,68.2039,43.8198,0.886401,-3881.64,0
21.6722,3579.81,45.627,59.7787,0.626473,-3238.6,0
22.9476,3584.35,41.6571,71.7343,0.388337,-2860.81,0
24.223,3557.99,8.2077,108.782,0.955241,-3798.4,0
25.4967,3531.96,-12.1305,103.501,1.81962,-4629.78,0
26.777,3533.14,-28.7829,94.3994,1.80255,-4364.11,0
28.0501,3536.87,-26.9349,68.6563,1.95085,-4033.11,0
29.3326,3537.29,-44.1762,67.7932,1.70478,-3842.4,0
30.6,3547.68,-33.4557,53.822,1.54887,-3343.79,0
31.8629,3530.08,-23.4994,69.7627,1.97186,-3763.56,0
33.1353,3518.09,-3.84453,85.7827,2.03925,-3981.08,0
34.4097,3550.06,-22.7396,103.529,0.342772,-2904.36,0
35.6833,3554.09,-1.14033,78.9483,0.601426,-2687.74,0
36.9667,3531.36,28.7549,84.383,1.27216,-3209.43,0
38.2438,3518.9,38.5752,99.1797,1.31737,-3427.94,0
39.5183,3504.68,50.3652,111.651,1.32048,-3677.36,0
40.7919,3482.68,56.9031,112.788,2.02049,-4101.78,0
42.0592,3488.26,32.0578,129.002,1.55023,-3845.61,0
43.329,3486.43,40.8012,88.0948,2.6066,-3775.01,0
44.6005,3501.92,12.7594,70.6658,2.57921,-3320.08,0
45.8815,3500.48,13.8893,54.2398,2.95243,-3258.74,0
47.1594,3503.5,6.65199,85.6399,1.4693,-3106.42,0
48.4394,3487.5,27.0916,90.8696,1.79292,-3354.6,0
49.7114,3482.82,19.1662,77.9789,2.48094,-3362.94,0
50.987,3483.08,-22.7423,77.1572,2.28741,-3273.73,0
52.2546,3473.04,-46.6627,62.7957,2.52611,-3386.46,0
53.4558,3449.92,-81.9665,48.578,2.54076,-3742.97,0
