2.34243,3533.26,-47.4962,-155.252,2.10743,-49835,0
4.69502,3513.09,-128.231,-147.905,2.20469,-29161.4,0
7.06848,3534.7,-39.2505,-177.402,1.86064,-16312.2,0
9.46657,3551.44,-47.3181,-87.8681,2.47191,-10411.6,0
11.8573,3604.94,-92.7615,-102.79,1.01211,-3800.02,0
14.2515,3477.87,-186.096,-107.931,2.88188,-12077.8,0
16.6447,3571.71,-64.7295,-4.13487,2.42594,-4703.51,0
19.022,3498.68,-141.514,59.486,3.24812,-7954.94,0
21.4252,3514.56,-51.8239,98.5386,3.32972,-6321.39,0
23.7918,3564.58,-89.242,5.90708,2.09419,-3590.49,0
26.1752,3479.21,3.75308,28.3995,7.58208,-6524.82,0
26.5693,3450.69,-47.4101,25.4655,6.88756,-7501.45,0
