2.39691,3576.55,66.1189,106.519,1.08197,-30644.1,0
4.79273,3565.37,-2.04765,-0.565399,2.26197,-17658,0
7.19958,3574.67,-19.9188,41.8902,1.68308,-10463.1,0
9.55497,3617.69,-132.572,-21.0605,0.057364,-3381.72,0
11.941,3532.09,-93.3328,15.8098,2.45712,-9874.03,0
14.3484,3498.01,-72.7489,22.333,3.86801,-10593,0
16.7268,3512.52,-0.605779,-68.7235,3.37585,-8218.9,0
19.1029,3490.07,-69.1688,-35.1008,3.78407,-8372.09,0
21.4868,3495.33,-80.2687,-103.384,2.21431,-7198.54,0
23.8565,3483.4,-112.067,-7.84735,3.05728,-6983.22,0
26.21,3497.06,-57.0588,-85.1059,2.66236,-5835.24,0
27.4508,3449.7,-71.6381,-202.705,1.88186,-7296.85,0
