1.35613,3635.82,8.91801,-0.182159,0.0812204,-10456.8,0
2.707,3636.27,29.7271,22.7487,0.0691032,-5071.49,0
4.08322,3641.2,15.8774,21.0756,0.0481094,-2155.56,0
5.46461,3631.03,-4.45338,-2.64945,0.107296,-3471.79,0
6.82617,3557.52,-2.11618,56.0917,0.561057,-13548.4,0
8.18511,3586.52,-30.973,17.7423,0.372641,-7755.19,0
9.55274,3541.82,37.9472,119.268,0.452843,-11324,0
10.9038,3505.82,-40.3927,97.7287,0.781099,-13222.5,0
12.2611,3463.08,-89.152,100.512,0.944563,-15245.2,0
13.6387,3523.96,-101.967,141.701,0.277176,-9241.41,0
15.0021,3522.37,-29.4891,95.8762,0.545575,-8507.8,0
16.3541,3517.75,4.33622,134.967,0.417487,-8086.45,0
17.7152,3509,20.6753,144.548,0.419323,-7958.99,0
18.2291,3449.9,27.0659,141.551,0.862641,-10977.2,0
