1.37545,3647.5,-4.99904,-37.931,0.00606485,-1814.99,0
2.73964,3608.14,5.65349,-55.7704,0.206097,-15280.3,0
4.09565,3541.3,5.04237,-203.715,0.295519,-26541.5,0
5.45714,3518.26,-8.47901,-110.532,0.807506,-24140.2,0
6.81106,3547.75,99.253,-120.091,0.454767,-15012.9,0
8.16263,3552.2,92.0799,-134.574,0.398614,-11980.9,0
9.5401,3515.7,105.092,-235.622,0.337568,-14077.8,0
10.9163,3522.94,72.107,-215.542,0.393753,-11639.9,0
12.2927,3482.51,122.193,-278.271,0.333847,-13625.2,0
13.6584,3466.53,74.0957,-228.332,0.919314,-13432.9,0
14.2002,3449.93,115.604,-224.22,0.94505,-14089.4,0
