1.3656,3608.5,30.7077,-17.3515,0.231889,-30386.8,0
2.73099,3542.3,52.0584,-69.5633,0.586078,-39436.6,0
4.10333,3572.8,62.0214,39.6066,0.405769,-18813.4,0
5.46334,3530.29,100.734,3.79479,0.624631,-21911.9,0
6.81767,3522.74,83.6917,56.3646,0.674667,-18665.8,0
8.18391,3527.39,73.5296,76.9754,0.613689,-14981.4,0
9.54899,3569.37,115.476,62.9279,0.234275,-8443.65,0
10.9153,3566.72,32.2407,9.7419,0.469444,-7630.04,0
12.2842,3586.31,12.8971,32.07,0.31211,-5184.47,0
13.6544,3529.13,-87.9752,117.762,0.439143,-8851.71,0
15.0254,3543.2,-50.7108,118.767,0.355177,-7108.09,0
16.3959,3514.74,-115.013,83.1483,0.503506,-8249.6,0
17.7648,3516.53,-165.015,64.4726,0.362534,-7513.15,0
19.1249,3576.54,-56.3306,-73.896,0.214838,-3840.87,0
20.4883,3523.53,20.1926,-104.905,0.513553,-6173.02,0
21.8726,3586.92,-12.1702,-89.7509,0.11714,-2883.83,0
23.221,3566.39,-35.7456,-40.1806,0.328603,-3600.53,0
24.5771,3566.87,-4.21991,-121.743,0.146396,-3382.35,0
25.953,3547.09,-9.82874,-168.326,0.10947,-3965.35,0
27.3077,3574.89,-7.63756,-94.9904,0.138145,-2750.44,0
28.6825,3559.28,63.9289,-124.729,0.08021,-3162.94,0
30.0515,3545.3,40.3424,-84.3986,0.339895,-3484.12,0
31.4199,3542.48,-44.8835,-69.8523,0.395537,-3421.98,0
32.7761,3533.16,-32.0596,-4.43969,0.684664,-3564.87,0
34.1499,3490.93,19.5248,25.1269,1.34588,-4658.03,0
35.5225,3536.36,98.1287,26.8324,0.331648,-3199.2,0
36.897,3535.4,99.9177,29.6502,0.286621,-3105.93,0
38.2724,3506.53,44.0332,-1.77623,0.879568,-3748.69,0
39.6492,3529.97,30.6375,0.569309,0.642568,-3027.29,0
41.0127,3483.62,21.6833,7.39609,1.63553,-4056.86,0
41.5128,3463.92,-4.64581,5.43104,2.94595,-4482.48,0
