1.35395,3641.15,-21.9554,-19.4242,0.0480479,-6537.55,0
2.72953,3645.47,-5.67744,-31.3405,0.0248287,-1660.5,0
4.10509,3628.51,12.8815,-19.5738,0.117856,-5235.54,0
5.46708,3617.81,13.1534,-35.187,0.171212,-5888.09,0
6.83637,3569.04,-44.7975,-65.0049,0.420901,-11842.2,0
8.19218,3566.4,-67.2323,-31.6771,0.447584,-10204.4,0
9.55809,3505.47,-43.4884,-55.0478,0.962906,-15120.9,0
10.9371,3489.49,-22.7976,-29.2916,1.47708,-14675.4,0
12.3114,3472.35,-25.0358,-30.1994,1.66653,-14429.6,0
13.6713,3471.61,-7.03466,-15.3516,2.32545,-13048.3,0
15.0374,3476.3,-1.31151,-27.0887,1.75451,-11551.3,0
15.6889,3458.46,7.4715,-3.62429,3.05214,-12208.5,0
