1.37031,3631.29,16.1781,8.24841,0.0990628,-13653.8,0
2.74415,3559.82,13.196,-110.952,0.390605,-32862.4,0
4.11187,3551.52,22.5305,-114.828,0.442293,-23950.2,0
5.4833,3572.53,58.5151,-82.7231,0.344019,-14127.6,0
6.85137,3537.39,141.455,-103.716,0.433068,-16436.3,0
8.22347,3546.74,180.911,-57.4267,0.296741,-12556.7,0
9.59251,3563.08,164.845,-32.8756,0.24684,-9061.52,0
10.9538,3606.4,124.316,-65.246,0.0632566,-3980.05,0
12.3204,3604.64,66.2986,-38.676,0.190917,-3681.52,0
13.6815,3522.95,170.167,-67.1216,0.466266,-9286.34,0
15.0534,3544.47,70.4245,-90.1977,0.562782,-7010.46,0
16.4071,3525.49,48.7925,-208.414,0.390341,-7589.05,0
17.7852,3524.4,153.84,-172.215,0.339764,-7061.99,0
19.1388,3489.68,181.516,-139.924,0.586417,-8376.78,0
20.494,3521.59,136.037,-71.3314,0.738362,-6265.54,0
21.8527,3542.25,118.58,-68.2196,0.674045,-4930.63,0
23.2088,3537.16,74.87,8.65305,0.921771,-4861.92,0
24.5682,3575.37,81.7168,3.53153,0.612155,-3037.86,0
25.9306,3583.36,69.8007,47.209,0.5528,-2569.98,0
27.2903,3640.22,128.911,65.7704,0.160646,-358.264,0
28.6469,3577.58,49.0585,77.6688,0.550065,-2527.85,0
30.0132,3652.31,129.874,38.9425,0.105614,76.8306,0
31.3652,3614.59,131.058,-53.4714,0.28031,-1128.99,0
32.7277,3596.49,180.602,-113.013,0.28093,-1635.08,0
34.0843,3588.5,196.656,-114.11,0.293644,-1804.35,0
35.4439,3604.12,130.044,-153.69,0.276789,-1294.51,0
36.7857,3612.31,133.855,-104.678,0.278044,-1024.61,0
38.1442,3661.03,82.1996,-86.4308,0.108764,289.143,0
39.5218,3655.52,89.8114,43.1846,0.150988,139.677,0
40.8961,3665.65,115.143,45.1243,0.0815168,382.797,0
42.2625,3612.7,132.406,124.594,0.244241,-882.483,0
43.6232,3570.94,176.866,159.237,0.390626,-1812.29,0
44.9769,3655.53,104.181,45.4382,0.120526,122.87,0
46.3312,3632.58,20.2013,35.2702,0.293573,-375.938,0
47.6913,3549.91,59.8234,-16.4814,0.811966,-2098.81,0
49.0623,3587.87,14.0986,16.7202,0.577838,-1266.4,0
50.4219,3568.42,7.75411,18.2542,0.730711,-1618.04,0
51.7821,3541.75,6.20921,-6.63584,1.02572,-2090.43,0
53.1378,3537.55,10.8656,-10.1431,1.05751,-2116.14,0
54.5035,3500.53,43.6698,10.3708,1.39123,-2742.47,0
55.5523,3449.99,69.9805,35.9056,1.52618,-3600.42,0
