0.00647807,0.0994731,0.0359564,0.00591069,0.00988172,15355.4,0
0.0129883,0.16341,0.0284651,-0.0943897,0.0160414,12581.3,0
0.0194937,0.256866,0.0906554,-0.107396,0.0250446,13176.9,0
0.0260261,0.301892,0.1399,-0.136867,0.0290284,11599.6,0
0.0325287,0.304273,0.101917,-0.148449,0.028679,9353.98,0
0.0390633,0.449368,0.0630691,-0.120995,0.0423788,11503.6,0
0.0455922,0.456141,0.0549718,-0.0284504,0.0421189,10004.8,0
0.0521084,0.469251,-0.111178,0.00940216,0.0421997,9005.28,0
0.0585721,0.419712,-0.0141746,-0.175644,0.036207,7165.74,0
0.0650688,0.539555,-0.128144,-0.184094,0.047105,8292.07,0
0.0716017,0.492431,-0.131395,-0.110024,0.041046,6877.37,0
0.0780949,0.590387,-0.221647,-0.248579,0.0495896,7559.86,0
0.0845902,0.515706,-0.353101,-0.0801965,0.0405308,6096.52,0
0.0910867,0.36946,-0.355888,-0.217721,0.0252172,4056.13,0
0.097605,0.512336,-0.403903,-0.281947,0.0386515,5249.07,0
0.10414,0.462858,-0.248951,-0.23853,0.0328303,4444.56,0
0.110666,0.423002,-0.247389,-0.20563,0.0280737,3822.31,0
0.117145,0.481283,-0.269603,-0.268969,0.0333145,4108.44,0
0.123692,0.362299,-0.410839,-0.326421,0.0208415,2929.04,0
0.130164,0.477948,-0.394144,-0.352993,0.0318791,3671.89,0
0.136658,0.477037,-0.477176,-0.53329,0.0310526,3490.73,0
0.14316,0.464589,-0.582358,-0.562579,0.0291589,3245.25,0
0.149673,0.439359,-0.555141,-0.658427,0.025987,2935.47,0
0.156154,0.583516,-0.624956,-0.741002,0.0395357,3736.81,0
0.162674,0.560376,-0.660485,-0.458057,0.0362533,3444.78,0
0.169192,0.575669,-0.750685,-0.475566,0.0368539,3402.45,0
0.175671,0.608958,-0.773502,-0.522403,0.0390353,3466.47,0
0.182178,0.61799,-0.904863,-0.69786,0.038994,3392.23,0
0.188672,0.721325,-1.0394,-0.634299,0.0479352,3823.16,0
0.19518,0.595466,-0.945453,-0.570642,0.0342451,3050.85,0
0.201697,0.699137,-0.931439,-0.656571,0.0436964,3466.27,0
0.208174,0.64013,-0.741857,-0.617066,0.0368075,3074.98,0
0.214652,0.767708,-0.756912,-0.589487,0.0484663,3576.53,0
0.221177,0.613244,-0.751946,-0.565443,0.0321156,2772.63,0
0.227686,0.664046,-0.796603,-0.599406,0.0364096,2916.49,0
0.234167,0.773849,-0.864818,-0.634096,0.0464074,3304.69,0
0.240663,0.789704,-0.826665,-0.656593,0.0468578,3281.37,0
0.247157,0.828851,-0.992477,-0.695666,0.0494872,3353.54,0
0.253674,0.873594,-1.03786,-0.832031,0.0522997,3443.77,0
0.260211,0.872029,-0.901192,-0.777244,0.0506501,3351.24,0
0.266692,0.921994,-0.910139,-0.766461,0.0538788,3457.15,0
0.273151,0.929145,-0.71963,-0.80064,0.0530698,3401.58,0
0.27967,0.87878,-0.789696,-0.689176,0.046813,3142.21,0
0.286182,0.826753,-0.94513,-0.329144,0.0404303,2888.91,0
0.292698,0.782907,-0.891204,-0.372529,0.0350334,2674.79,0
0.299215,0.869861,-0.971189,-0.419771,0.0427183,2907.14,0
0.305695,0.838314,-0.902632,-0.478939,0.0386047,2742.32,0
0.312229,0.746367,-0.960364,-0.343006,0.028582,2390.44,0
0.318713,0.792934,-1.00025,-0.302584,0.0326172,2487.92,0
0.325213,0.987658,-1.0634,-0.359332,0.0507962,3036.95,0
0.331752,0.939572,-1.01975,-0.34696,0.0446637,2832.16,0
0.338217,0.907248,-0.987663,-0.329535,0.0403593,2682.45,0
0.344711,0.979992,-0.919705,-0.169958,0.0463323,2842.94,0
0.351232,0.940638,-0.96117,-0.190968,0.0411033,2678.11,0
0.357717,0.900573,-1.04348,-0.220462,0.0360384,2517.56,0
0.364246,1.0126,-1.08181,-0.216665,0.0461584,2780,0
0.370691,0.818876,-1.04541,-0.0437117,0.0257974,2209.05,0
0.377181,0.78143,-0.976881,0.00571667,0.0214687,2071.77,0
0.383666,0.842518,-0.937584,0.0414058,0.0270865,2195.96,0
0.390161,0.83604,-0.989011,0.030066,0.0257758,2142.81,0
0.396703,0.717871,-0.9985,0.0174775,0.0135927,1809.59,0
0.403194,0.80859,-0.922981,-0.203504,0.0222909,2005.46,0
0.409712,0.809203,-0.820687,-0.0858147,0.0220156,1975.05,0
0.4162,0.867093,-1.0366,0.0145824,0.0272308,2083.36,0
0.422672,0.86584,-0.940168,0.0378397,0.0265365,2048.49,0
0.429168,0.955811,-0.898796,-0.0846388,0.0348391,2227.13,0
0.435713,0.990826,-1.01991,-0.157648,0.0372941,2274.03,0
0.442246,0.965369,-0.98168,-0.0685622,0.0337678,2182.88,0
0.448749,0.929641,-1.1244,-0.0250615,0.0295012,2071.63,0
0.455231,0.919077,-1.05714,0.00288909,0.0277968,2018.93,0
0.461727,0.994247,-1.08868,-0.0441007,0.0346306,2153.32,0
0.468231,0.93373,-1.10906,-0.162745,0.0278841,1994.16,0
0.474756,0.971799,-1.07719,-0.126536,0.0310832,2046.94,0
0.481316,0.838861,-1.16113,-0.106239,0.017307,1742.85,0
0.48781,0.833189,-1.10676,-0.135927,0.0164114,1708.02,0
0.494302,0.928762,-1.23787,-0.285162,0.0255506,1878.93,0
0.500799,0.888004,-1.37283,-0.0439737,0.0210377,1773.18,0
0.507324,1.15494,-1.37344,-0.00649351,0.0469323,2276.53,0
0.513806,0.956303,-1.41283,-0.0134964,0.0263101,1861.21,0
0.52031,0.973467,-1.37707,-0.0357995,0.0271962,1870.94,0
0.526856,1.13437,-1.43647,-0.120529,0.0423117,2153.1,0
0.533387,0.989414,-1.32687,-0.0728215,0.0270579,1854.96,0
0.539868,1.08184,-1.24804,-0.157847,0.0356537,2003.9,0
0.546379,1.1373,-1.29894,-0.143624,0.040101,2081.52,0
0.552872,1.19198,-1.2917,-0.154565,0.044515,2155.99,0
0.559408,1.21331,-1.29088,-0.166553,0.0455633,2168.91,0
0.565924,1.29299,-1.34708,-0.000101317,0.0520593,2284.75,0
0.572457,1.47509,-1.24258,0.0477319,0.0683045,2576.77,0
0.579004,1.32711,-1.10833,-0.0782432,0.0518378,2292.06,0
0.585533,1.29009,-0.912403,-0.15937,0.0469501,2203.28,0
0.592019,1.27602,-0.960433,-0.302746,0.044307,2155.36,0
0.598496,1.4365,-0.918947,-0.322962,0.0587009,2400.18,0
0.605099,1.48448,-0.92149,-0.331381,0.0615243,2453.29,0
0.611615,1.41435,-1.12778,-0.438327,0.0526485,2312.48,0
0.61817,1.50166,-1.11303,-0.526438,0.0593242,2429.21,0
0.624636,1.62083,-1.00683,-0.503938,0.0691108,2594.84,0
0.631153,1.5982,-1.13477,-0.522072,0.0647704,2532.19,0
0.637661,1.66562,-1.25645,-0.474152,0.0692847,2612.07,0
0.644186,1.54556,-1.29863,-0.411434,0.0551503,2399.24,0
0.650687,1.53723,-1.29868,-0.527003,0.0526221,2362.48,0
0.657191,1.62248,-1.1996,-0.565236,0.0592635,2468.82,0
0.663743,1.6003,-1.19449,-0.644435,0.0555047,2411.02,0
0.670249,1.52981,-1.17685,-0.704871,0.0471133,2282.45,0
0.67673,1.44226,-1.23305,-0.762024,0.0373169,2131.21,0
0.683202,1.38734,-1.14869,-0.710621,0.0309587,2030.64,0
0.689738,1.515,-1.0555,-0.584333,0.0427664,2196.49,0
0.696266,1.82278,-0.959117,-0.592953,0.0717106,2617.94,0
0.702779,1.65528,-0.945809,-0.729419,0.052853,2355.33,0
0.709283,1.67303,-0.887998,-0.949415,0.052704,2358.77,0
0.715809,1.59184,-0.738156,-0.819689,0.0432176,2223.83,0
0.722326,1.40858,-0.798309,-0.742364,0.0241055,1950.06,0
0.728856,1.47786,-0.713917,-0.636471,0.0304282,2027.65,0
0.735366,1.56745,-0.645723,-0.883512,0.0383491,2131.52,0
0.741837,1.5025,-0.580215,-0.911566,0.0310781,2025.39,0
0.748332,1.5973,-0.487749,-0.762674,0.0398179,2134.48,0
0.754904,1.74601,-0.507644,-0.708711,0.0532807,2312.89,0
0.761431,1.63482,-0.434146,-0.726305,0.0407522,2147.04,0
0.767907,1.72938,-0.507541,-0.672007,0.0488072,2252.06,0
0.774397,1.71083,-0.464235,-0.619649,0.0457419,2209.24,0
0.780895,1.68192,-0.425226,-0.760883,0.0416522,2153.83,0
0.787386,1.63997,-0.257573,-0.695047,0.0362494,2082.8,0
0.793869,1.59706,-0.240804,-0.64201,0.0311681,2011.74,0
0.80037,1.7401,-0.250139,-0.487196,0.0444002,2174.13,0
0.806864,1.69229,-0.0293079,-0.473202,0.0385135,2097.37,0
0.813341,1.69281,-0.218356,-0.554215,0.0378025,2081.3,0
0.819839,1.7415,-0.246084,-0.601471,0.0415873,2124.2,0
0.826343,1.69785,-0.213684,-0.445278,0.0362106,2054.66,0
0.832869,1.67863,-0.306184,-0.443043,0.0335559,2015.48,0
0.839358,1.65452,-0.308585,-0.43962,0.0304057,1971.17,0
0.845856,1.7507,-0.303273,-0.333443,0.0391408,2069.74,0
0.852351,1.8149,-0.269204,-0.367152,0.0444414,2129.29,0
0.858845,1.95123,-0.303221,-0.376823,0.0565784,2271.93,0
0.8654,1.95287,-0.216895,-0.356853,0.0550969,2256.61,0
0.871954,1.9149,-0.262483,-0.401796,0.0499805,2196.1,0
0.878437,2.01666,-0.19391,-0.396818,0.05854,2295.73,0
0.884952,2.0075,-0.0661301,-0.566424,0.0559119,2268.48,0
0.891486,2.0116,0.0129307,-0.527261,0.0545427,2256.46,0
0.898024,1.85439,-0.101239,-0.408992,0.0375538,2064.97,0
0.904476,1.91907,-0.0949653,-0.340557,0.0429254,2121.75,0
0.911007,2.00493,-0.271818,-0.354973,0.0502072,2200.78,0
0.917522,1.97869,-0.205229,-0.365688,0.046162,2156.56,0
0.92404,2.1502,-0.252036,-0.378402,0.0618812,2326.96,0
0.930532,2.22038,-0.227003,-0.360479,0.0669369,2386.14,0
0.937021,2.13061,-0.237315,-0.147166,0.056059,2273.81,0
0.943542,2.00568,-0.30925,-0.216094,0.0425281,2125.7,0
0.950101,1.97256,-0.358988,-0.137052,0.0382112,2076.15,0
0.956645,1.99307,-0.39438,-0.204906,0.03943,2083.39,0
0.963183,1.9672,-0.396312,0.0375298,0.0358374,2042.4,0
0.969689,1.96259,-0.415109,0.0659229,0.0345947,2023.94,0
0.976224,1.90704,-0.342182,0.108417,0.0282463,1953.48,0
0.982765,1.91721,-0.455664,0.164809,0.028678,1950.83,0
0.989282,1.88297,-0.512365,0.17185,0.0247245,1903.37,0
0.995755,1.84908,-0.384606,0.112377,0.0208981,1856.96,0
1.00231,1.8768,-0.323321,0.214954,0.0233305,1872.47,0
1.00883,1.85743,-0.110155,0.140404,0.0209561,1841.17,0
1.01537,1.78098,-0.081312,0.161508,0.0130035,1754.01,0
1.02188,1.77524,-0.0124462,0.226426,0.0122151,1737.22,0
1.02842,1.80025,0.0399765,0.201258,0.0144389,1750.51,0
1.03491,1.76369,0.00125713,0.254211,0.0105635,1704.2,0
1.04141,1.68295,0.0536149,0.241213,0.00243663,1616.02,0
1.04792,1.76573,0.0719889,0.34293,0.0106686,1685,0
1.05445,1.84441,-0.00767661,0.517352,0.0182835,1749.16,0
1.06096,1.84936,-0.127997,0.544204,0.0184944,1743.09,0
1.06745,1.94769,-0.200323,0.599478,0.0278916,1824.62,0
1.07391,1.9815,-0.173994,0.54772,0.0305989,1845.12,0
1.08039,1.93432,-0.0865628,0.466679,0.0253066,1790.39,0
1.0869,1.96536,-0.206435,0.238387,0.0278353,1808.23,0
1.09338,1.95999,-0.198233,0.302645,0.0267666,1792.6,0
1.09986,1.78031,-0.0711414,0.330005,0.00850704,1618.68,0
1.1064,1.87946,-0.109175,0.309624,0.0181542,1698.72,0
1.11291,1.85786,-0.185839,0.179955,0.0158138,1669.37,0
1.11944,1.97182,-0.21977,0.249984,0.0267501,1761.43,0
1.12593,1.90155,-0.122472,0.530568,0.0193513,1688.87,0
1.13248,1.82671,-0.174919,0.665685,0.0116789,1613.01,0
1.13895,1.86579,-0.194491,0.724546,0.0153476,1638.17,0
1.14547,1.77829,-0.0975612,0.664811,0.00646392,1552.46,0
1.15199,1.78433,-0.129857,0.691932,0.00701779,1548.9,0
1.15847,1.81815,-0.295383,0.736785,0.0102496,1569.44,0
1.16495,1.78378,-0.325318,0.747876,0.00672284,1531.22,0
1.17149,1.76513,-0.330541,0.721836,0.0047874,1506.75,0
1.178,1.89426,-0.334392,0.831875,0.0175222,1608.03,0
1.18451,1.95676,-0.452536,0.828626,0.0234149,1651.95,0
1.19105,2.0019,-0.431099,0.846839,0.027241,1680.79,0
1.19753,2.00553,-0.274146,0.847089,0.0270019,1674.72,0
1.20404,1.99649,-0.210565,0.599479,0.0256435,1658.16,0
1.21056,1.995,-0.242585,0.53867,0.0249893,1647.99,0
1.21705,1.96346,-0.21929,0.575446,0.0215053,1613.29,0
1.22353,2.06162,-0.317217,0.591415,0.0308589,1684.97,0
1.23002,2.03701,-0.350704,0.560472,0.0276191,1656.08,0
1.23649,1.96638,-0.329772,0.500222,0.0200958,1590.29,0
1.24295,1.86465,-0.388681,0.495658,0.00974784,1500.18,0
1.24948,1.90734,-0.391399,0.590896,0.0138038,1526.51,0
1.25599,1.86215,-0.297224,0.657705,0.00916625,1482.61,0
1.2625,1.87973,-0.192891,0.665057,0.0107956,1488.89,0
1.269,1.95741,-0.164814,0.681004,0.0183197,1542.48,0
1.27553,1.95674,-0.0961596,0.542681,0.0179292,1534.06,0
1.28202,2.0161,0.0557346,0.429318,0.0234657,1572.59,0
1.28858,2.08541,-0.15614,0.5682,0.0298771,1618.38,0
1.29507,2.15374,-0.198212,0.506597,0.0360751,1663.03,0
1.30158,2.2801,-0.291441,0.564725,0.0475147,1751.8,0
1.3081,2.4156,-0.43791,0.489774,0.0594227,1846.64,0
1.31467,2.49037,-0.654709,0.453024,0.0647235,1894.3,0
1.32116,2.51562,-0.57806,0.31275,0.0655221,1904.1,0
1.32765,2.60037,-0.673679,0.269325,0.0716314,1958.62,0
1.33417,2.7939,-0.729425,0.0529374,0.0882472,2094.12,0
1.34067,2.69595,-0.805887,0.130046,0.0753189,2010.89,0
1.34718,2.54107,-0.83796,0.250834,0.0575612,1886.21,0
1.35369,2.67189,-0.713172,0.185202,0.0684059,1973.78,0
1.36024,2.71866,-0.748306,0.169517,0.0707305,1998.67,0
1.36675,2.81691,-0.682937,-0.0534079,0.0779471,2061.03,0
1.37327,2.73673,-0.748583,-0.149061,0.0676221,1992.85,0
1.37972,2.83258,-0.830339,-0.0816993,0.0746345,2053.02,0
1.38623,2.66968,-0.861877,-0.20746,0.0562597,1925.86,0
1.39275,2.6122,-0.857547,-0.0406138,0.0489,1875.56,0
1.39925,2.51416,-0.952128,-0.065995,0.0377179,1796.8,0
1.40577,2.5464,-0.887395,-0.0672477,0.0399912,1811.4,0
1.41225,2.69722,-0.889415,-0.0392367,0.0534944,1909.87,0
1.41877,2.62129,-0.755148,0.127757,0.0442771,1847.58,0
1.42525,2.66248,-0.8905,0.0180068,0.0472404,1868.08,0
1.43171,2.64307,-0.952132,0.0816838,0.0440469,1846.09,0
1.4382,2.62164,-0.957867,0.158554,0.0406097,1822.86,0
1.44474,2.49482,-1.04441,0.216674,0.0270935,1726.82,0
1.45119,2.75394,-1.04861,0.385728,0.0518546,1897.71,0
1.45772,2.83725,-1.16769,0.253119,0.058485,1946.37,0
1.46426,2.84364,-1.23363,0.286668,0.0576003,1942.03,0
1.47083,2.94274,-1.28267,0.249366,0.0656635,2000.74,0
1.47734,3.07666,-1.24707,0.310932,0.0762965,2082.57,0
1.48388,3.0089,-1.19849,0.314006,0.0671915,2027.72,0
1.49041,2.92115,-0.997346,0.315078,0.0564459,1959.96,0
1.49692,2.86529,-0.888226,0.299509,0.0492821,1914.13,0
1.50343,2.76838,-0.989985,0.201395,0.0384083,1841.38,0
1.50995,2.70787,-1.09326,0.177409,0.0315186,1793.36,0
1.51647,2.75181,-1.01615,0.0955913,0.0351086,1814.62,0
1.52296,2.8335,-0.937826,0.134019,0.042382,1860.52,0
1.52945,2.89026,-0.870902,-0.0697758,0.0466581,1889.73,0
1.53595,2.92573,-0.873037,-0.00339462,0.048643,1904.83,0
1.54245,3.02101,-0.891056,0.0403848,0.0564613,1958.58,0
1.54894,2.96376,-1.08723,0.164851,0.0492702,1913.41,0
1.55547,3.07464,-1.02188,0.0730108,0.0587591,1976.66,0
1.56201,2.97813,-0.795643,0.145404,0.0475947,1906.59,0
1.56848,2.91792,-0.936687,0.213306,0.0404422,1860.35,0
1.575,2.8195,-0.856943,0.204269,0.0297092,1790.16,0
1.58147,2.8547,-0.856838,0.133541,0.0325916,1805.09,0
1.58803,2.8503,-0.751093,0.0401743,0.0315349,1794.86,0
1.59459,2.96244,-0.651115,0.00268719,0.0418444,1857.81,0
1.6011,2.7771,-0.509748,0.0707017,0.0226575,1734.49,0
1.60761,2.89911,-0.522141,0.0965137,0.0342465,1803.36,0
1.61416,2.84213,-0.469967,0.0391232,0.0279118,1760.75,0
1.62068,2.70028,-0.496885,0.0429548,0.0133323,1666.14,0
1.62718,2.78596,-0.586485,0.0750419,0.0216478,1712.14,0
1.6337,2.82429,-0.474647,0.145215,0.0250136,1728.78,0
1.64022,2.91486,-0.627408,0.215469,0.0334044,1777.11,0
1.64677,2.79966,-0.556302,0.210507,0.0213633,1700.08,0
1.65327,2.71096,-0.632183,0.247521,0.0121949,1639.75,0
1.65976,2.69946,-0.627887,0.33036,0.0108741,1626.42,0
1.66626,2.6858,-0.614367,0.26153,0.00934213,1611.87,0
1.67278,2.7133,-0.648298,0.28283,0.0119812,1622.04,0
1.67931,2.82228,-0.547434,0.316787,0.0224236,1680.62,0
1.68577,2.84822,-0.687805,0.389007,0.024483,1689.57,0
1.69231,2.82733,-0.806305,0.446192,0.0219396,1670.7,0
1.69883,2.88215,-0.816215,0.433249,0.026917,1696.54,0
1.70529,2.93293,-0.93194,0.468003,0.0314379,1719.9,0
1.71178,2.86749,-0.901338,0.470451,0.024451,1675.15,0
1.71827,2.9077,-0.897582,0.526424,0.0279102,1692.23,0
1.72476,2.86629,-1.10752,0.31613,0.0230717,1661.85,0
1.73124,2.98404,-1.10964,0.34498,0.0343616,1723.65,0
1.73775,2.97167,-1.04808,0.357281,0.0323209,1710.07,0
1.74425,2.91774,-1.00134,0.282884,0.0261031,1672.78,0
1.75071,3.13938,-0.975253,0.203891,0.0472672,1793.2,0
1.75725,2.99125,-0.956532,0.158871,0.03154,1702.23,0
1.76377,2.87194,-1.0557,0.119465,0.0191281,1628.3,0
1.77025,2.89571,-1.0066,0.140545,0.0210483,1635.77,0
1.77676,2.91337,-0.915123,0.238635,0.0223451,1639.7,0
1.7833,2.83681,-0.822906,0.23001,0.0143756,1590.76,0
1.7898,2.87513,-0.871153,0.292075,0.0179881,1606.4,0
1.79627,2.91284,-0.931025,0.2756,0.0214588,1621.6,0
1.80277,2.86483,-0.818936,0.183614,0.0162513,1589.13,0
1.80927,2.82126,-0.784478,0.0928699,0.0117145,1559.34,0
1.81579,2.8075,-0.779478,0.0806995,0.01019,1546.16,0
1.82233,2.75865,-0.736458,0.0957886,0.00523082,1513.8,0
1.82884,2.80544,-0.810248,0.0591442,0.00982488,1534,0
1.83536,2.71701,-0.821747,0.103905,0.00094463,1480.36,0
1.84186,2.73442,-0.806913,0.101298,0.00266476,1484.6,0
1.8484,2.86194,-0.786755,0.113896,0.0153367,1548.33,0
1.85493,2.85965,-0.77174,-0.00697246,0.0149384,1541.65,0
1.86143,2.8627,-0.67055,-0.0651013,0.014971,1537.91,0
1.86792,2.86279,-0.667875,-0.215854,0.0146721,1532.6,0
1.87439,3.0007,-0.712628,-0.110401,0.0280658,1600.9,0
1.88088,3.0643,-0.83459,-0.0351728,0.0337955,1629.19,0
1.88742,3.12233,-0.686547,-0.0848987,0.0386617,1654.29,0
1.89394,3.15453,-0.780933,-0.0746397,0.0407589,1665.59,0
1.9004,3.29515,-0.806609,-0.107367,0.0534849,1733.93,0
1.90687,3.21761,-0.939905,-0.0859499,0.0444496,1687.38,0
1.91336,3.2365,-0.940865,-0.121132,0.0449979,1691.53,0
1.91991,3.3848,-1.0148,-0.138632,0.0584075,1763,0
1.92639,3.35356,-1.23418,-0.272649,0.0534004,1740.85,0
1.93288,3.48612,-1.27132,-0.342351,0.0648791,1803.59,0
1.93941,3.60859,-1.50628,-0.298225,0.074559,1860.66,0
1.94591,3.62585,-1.6837,-0.18926,0.0738972,1863.31,0
1.95242,3.43332,-1.5896,-0.279877,0.0525863,1758.5,0
1.95894,3.41533,-1.40423,-0.269809,0.0490638,1743.46,0
1.9654,3.20155,-1.3781,-0.139662,0.0267018,1628.95,0
1.9719,3.2853,-1.43972,-0.050389,0.0344028,1666.06,0
1.97841,3.33068,-1.64279,-0.0374348,0.038063,1683.51,0
1.98495,3.54299,-1.52552,-0.0560375,0.0582717,1784.93,0
1.99147,3.64793,-1.60524,-0.109616,0.0667323,1831.78,0
1.99798,3.71485,-1.67592,0.0257865,0.0710834,1859.31,0
2.00447,3.89987,-1.73949,0.0759579,0.0866344,1945.58,0
2.011,3.82218,-1.42722,0.115483,0.0761252,1900.63,0
2.01753,3.84295,-1.65756,0.2486,0.0754135,1904.78,0
2.02405,3.89807,-1.70696,0.249258,0.078127,1925.88,0
2.03054,3.83149,-1.85851,0.482725,0.0689845,1886.93,0
2.03702,3.993,-1.90647,0.614339,0.0824143,1960.22,0
2.04352,3.91366,-2.00722,0.482766,0.0720323,1915.15,0
2.05006,3.89029,-1.90165,0.243909,0.0673882,1897.65,0
2.05655,3.93902,-2.08175,0.310602,0.0697169,1915.35,0
2.06308,3.75239,-1.90721,0.368302,0.0490496,1818.82,0
2.06959,3.73792,-1.97222,0.383753,0.0461381,1806.11,0
2.07612,3.67433,-2.02457,0.443698,0.0387212,1769.81,0
2.08261,3.80732,-1.8909,0.522308,0.0505457,1828.14,0
2.0891,3.93895,-1.65473,0.425947,0.0619175,1885.48,0
2.09564,4.07,-1.47927,0.46038,0.0725841,1942.13,0
2.10215,4.02177,-1.53351,0.384396,0.0654464,1913.17,0
2.10864,4.24594,-1.51276,0.342353,0.0851534,2013.59,0
2.11512,4.38718,-1.50433,0.288224,0.0962256,2074.2,0
2.12166,4.33591,-1.28324,-0.0727822,0.0876625,2043.64,0
2.12819,4.30774,-1.4449,-0.215036,0.0814478,2024.13,0
2.13468,4.25877,-1.48817,-0.219446,0.073872,1995.04,0
2.14119,4.35979,-1.46141,-0.357597,0.0811783,2036.15,0
2.14769,4.38714,-1.48908,-0.242431,0.0807895,2042.72,0
2.15424,4.39257,-1.40025,-0.317293,0.0787312,2039.04,0
2.16077,4.24389,-1.25738,-0.435035,0.0614495,1964.07,0
2.1673,4.30431,-1.27738,-0.260752,0.065311,1986.03,0
2.17383,4.33511,-1.39695,-0.34219,0.0662126,1994.22,0
2.18037,4.35651,-1.2867,-0.32712,0.0661502,1998.06,0
2.18689,4.31461,-1.33901,-0.448389,0.0602643,1972.94,0
2.1934,4.34375,-1.37929,-0.352046,0.0613038,1980.37,0
2.19991,4.37883,-1.27931,-0.397161,0.0627784,1990.46,0
2.20642,4.42849,-1.37589,-0.223747,0.0658428,2007.09,0
2.21295,4.26389,-1.3778,-0.254901,0.0474549,1926.79,0
2.21952,4.19683,-1.35315,-0.124628,0.0399194,1890.87,0
2.22602,4.06647,-1.35658,0.00791547,0.0261104,1826.79,0
2.23254,4.16673,-1.41387,0.00399784,0.0353102,1866.36,0
2.23909,4.18812,-1.34966,0.0184368,0.0365909,1870.46,0
2.2456,4.09335,-1.17445,0.0317384,0.0263558,1822.83,0
2.25213,4.01131,-1.14033,0.214199,0.0177742,1781.12,0
2.25866,4.07772,-1.20319,0.173132,0.0241344,1805.37,0
2.26519,4.08805,-1.31661,0.229923,0.0245893,1804.73,0
2.2717,4.08209,-1.26624,0.170313,0.0235538,1796.94,0
2.2782,3.9307,-1.19928,-0.0107133,0.00815674,1725.35,0
2.28473,3.97742,-1.25449,-0.127441,0.0127089,1740.87,0
2.29127,3.97129,-1.28646,-0.221601,0.0118695,1733.22,0
2.29777,3.98982,-1.26267,-0.212868,0.0135572,1736.39,0
2.30428,3.97684,-1.24478,-0.276781,0.0120473,1725.85,0
2.31076,3.94982,-1.32739,-0.285556,0.00925524,1709.31,0
2.31729,3.96136,-1.36325,-0.272782,0.0102764,1709.48,0
2.3238,3.99402,-1.3911,-0.261641,0.0133972,1718.75,0
2.33031,3.90146,-1.42124,-0.262561,0.00406441,1674.23,0
2.33685,4.00139,-1.45656,-0.219422,0.0139361,1712.3,0
2.34336,4.09245,-1.55225,-0.278029,0.0228022,1746.4,0
2.34995,4.08079,-1.59852,-0.175152,0.0211946,1736.54,0
2.35646,3.94636,-1.57689,-0.1726,0.0075012,1674.7,0
2.36296,4.05103,-1.48308,-0.223618,0.017779,1714.38,0
2.36948,3.94263,-1.49763,-0.170997,0.00685768,1663.92,0
2.37596,3.88881,-1.5592,-0.184644,0.00146598,1636.73,0
2.38247,4.02379,-1.55998,-0.241742,0.0148427,1688.92,0
2.38897,3.97793,-1.52385,-0.16158,0.0100746,1665.12,0
2.39551,3.97499,-1.50041,-0.10302,0.00964418,1659.35,0
2.40203,4.04626,-1.56664,-0.0220861,0.0165282,1684.52,0
2.40857,4.10467,-1.59085,0.015619,0.0220025,1704.19,0
2.4151,4.08474,-1.38769,-0.0133035,0.0196709,1691.33,0
2.42157,4.17584,-1.50247,0.0183864,0.028328,1724.44,0
2.42805,4.09445,-1.56984,-0.00572778,0.0196941,1686.31,0
2.43456,3.9864,-1.61523,-0.0402751,0.0086067,1637.42,0
2.44106,3.98346,-1.61871,-0.114158,0.00814041,1631.86,0
2.44756,4.00161,-1.67297,-0.0638413,0.00986328,1634.94,0
2.454,3.97502,-1.70286,-0.0985405,0.00707695,1619.81,0
2.46053,4.07531,-1.8777,-0.0553046,0.0169347,1656.27,0
2.46706,4.0284,-1.83076,-0.0765389,0.011985,1632.88,0
2.47359,4.10639,-1.83053,0.0567165,0.0195027,1660.09,0
2.48013,4.13266,-1.74823,0.0982353,0.0217695,1666.31,0
2.48662,4.10717,-1.67591,0.106753,0.0188457,1651.71,0
2.49312,4.18096,-1.65866,0.00681115,0.0258635,1677,0
2.49962,4.20576,-1.73141,0.0377338,0.0279085,1682.56,0
2.50613,4.22417,-1.5679,-0.0863596,0.0291473,1685.53,0
2.5126,4.17693,-1.52308,-0.0729438,0.0238551,1662.39,0
2.51908,4.27167,-1.46959,-0.122398,0.0325613,1695.73,0
2.52557,4.4667,-1.45177,-0.07118,0.0510959,1768.59,0
2.53208,4.38426,-1.32958,-0.113967,0.0414945,1731.49,0
2.53861,4.55661,-1.41177,-0.111952,0.057276,1794.93,0
2.54505,4.48071,-1.41979,-0.27647,0.0482623,1760.56,0
2.55156,4.23231,-1.3381,-0.161297,0.0227079,1658.71,0
2.55809,4.26602,-1.34611,-0.127997,0.0255633,1667.66,0
2.56463,4.30464,-1.45008,-0.095796,0.0287137,1678.46,0
2.57112,4.191,-1.44677,-0.157151,0.0169279,1630.03,0
2.57764,4.17714,-1.52902,-0.0690959,0.015174,1620.53,0
2.58414,4.19582,-1.50442,-0.0515582,0.016737,1623.68,0
2.5906,4.25791,-1.48645,-0.120363,0.0226404,1643.6,0
2.59715,4.21508,-1.29842,-0.0659073,0.0180366,1622.96,0
2.60363,4.19044,-1.41646,0.0945125,0.0153324,1609.46,0
2.61019,4.19856,-1.535,0.0560359,0.0159243,1608.53,0
2.6167,4.31867,-1.56652,-0.000339252,0.0274728,1650.43,0
2.62321,4.47965,-1.46377,0.0602537,0.0425754,1707.7,0
2.62972,4.52096,-1.46043,-0.013373,0.0454128,1719.18,0
2.63625,4.45989,-1.37838,-0.0759307,0.0381572,1691.75,0
2.64278,4.49039,-1.47578,0.046165,0.0401584,1699.12,0
2.64928,4.36589,-1.45762,0.144326,0.0269883,1647.95,0
2.6558,4.4448,-1.48925,0.146423,0.0342641,1673.62,0
2.66235,4.46651,-1.51547,0.220892,0.0354728,1677.65,0
2.66884,4.45067,-1.57488,0.0611832,0.0330851,1667.64,0
2.67531,4.55872,-1.55386,0.189073,0.042756,1703.99,0
2.68181,4.53144,-1.60758,0.0146158,0.0388947,1689.7,0
2.68833,4.53962,-1.6146,0.194445,0.038658,1688.64,0
2.69483,4.45306,-1.60688,0.298737,0.0290786,1652.45,0
2.70135,4.44597,-1.53977,0.188284,0.0276153,1645.83,0
2.70787,4.47669,-1.46273,0.214532,0.0300957,1653.21,0
2.71438,4.46893,-1.48516,0.213466,0.028795,1646.39,0
2.72088,4.44001,-1.52288,0.233959,0.0253133,1631.83,0
2.72737,4.49265,-1.4625,0.298399,0.0299933,1647.24,0
2.73389,4.61483,-1.66533,0.296897,0.0414484,1688.01,0
2.74039,4.41238,-1.69937,0.333313,0.0205643,1610.12,0
2.74693,4.40229,-1.75714,0.370842,0.0192092,1602.62,0
2.75346,4.44921,-1.79993,0.428585,0.0235044,1615.86,0
2.75999,4.67628,-1.73945,0.302242,0.0451917,1694.31,0
2.76652,4.63198,-1.73205,0.260765,0.0395211,1674.3,0
2.77304,4.72036,-1.78722,0.271501,0.0473265,1702.23,0
2.77954,4.72936,-1.78787,0.155713,0.0468893,1701.49,0
2.78604,4.61834,-1.8718,0.12513,0.0346183,1657.67,0
2.79257,4.53855,-1.8246,0.110834,0.0260288,1625.23,0
2.799,4.58204,-2.02461,0.0587957,0.029866,1637.03,0
2.8055,4.76711,-2.06921,0.0181795,0.0474059,1699.2,0
2.81202,4.65981,-2.15613,0.0644781,0.0355238,1657.1,0
2.81852,4.69645,-2.03459,0.0819714,0.0383222,1666.28,0
2.82505,4.76648,-1.9951,0.0735972,0.0443154,1687.22,0
2.83156,4.73818,-1.88982,0.00730778,0.0400959,1673.34,0
2.83805,4.84989,-1.72245,-0.122905,0.0500928,1708.88,0
2.84454,4.71208,-1.59661,-0.278316,0.03504,1656.53,0
2.85104,4.88355,-1.75257,-0.2484,0.0511767,1712.9,0
2.85754,4.8297,-1.64896,-0.129831,0.0445034,1690.16,0
2.86404,4.85777,-1.53162,-0.0594132,0.0460043,1696.13,0
2.87051,4.80063,-1.34508,0.0354609,0.0392328,1672.4,0
2.87697,4.89449,-1.40232,-0.0518739,0.047444,1701.27,0
2.88348,5.0297,-1.50883,-0.13173,0.0592475,1744.31,0
2.88998,5.02614,-1.55085,-0.185197,0.0569653,1739.16,0
2.89644,4.89123,-1.5122,-0.16174,0.0421786,1688.7,0
2.90299,4.88225,-1.53189,-0.247255,0.0401809,1681.8,0
2.90946,4.92722,-1.42828,-0.459875,0.0435085,1693.52,0
2.91597,4.9863,-1.50872,-0.472902,0.0481324,1710,0
2.92247,5.09442,-1.4957,-0.415461,0.0573835,1743.19,0
2.92897,5.20436,-1.50859,-0.463052,0.0665823,1776.85,0
2.9355,5.34608,-1.52764,-0.530678,0.0780667,1821.18,0
2.94201,5.27013,-1.53902,-0.481007,0.0682215,1791.34,0
2.94852,5.24747,-1.78255,-0.505359,0.0639052,1779.7,0
2.95502,5.10336,-1.82479,-0.589242,0.0479202,1727.01,0
2.96155,5.0397,-1.83141,-0.508267,0.0404413,1701.71,0
2.96801,4.95758,-2.00509,-0.535606,0.0314122,1670.34,0
2.97451,4.88374,-2.10588,-0.411327,0.0235766,1641.86,0
2.98105,4.97565,-2.15311,-0.430402,0.032002,1669.09,0
2.98755,4.91409,-2.32968,-0.286143,0.0251077,1644.85,0
2.99406,4.98668,-2.43624,-0.307039,0.0317801,1665.53,0
3.00056,5.18066,-2.40892,-0.184602,0.0502278,1726.57,0
3.0071,5.27834,-2.46323,-0.131142,0.0585708,1755.29,0
3.01363,5.33249,-2.36495,-0.07066,0.0620833,1769.46,0
3.02012,5.22983,-2.17182,-0.0380439,0.0501024,1731.66,0
3.02662,5.19012,-2.15338,0.0447288,0.0447253,1714.82,0
3.03311,5.34296,-2.40264,0.0354277,0.05853,1761.55,0
3.0396,5.40215,-2.1631,0.09353,0.0624971,1777.26,0
3.04609,5.35505,-2.18538,0.226251,0.0558856,1758.01,0
3.05256,5.33529,-2.34576,0.385535,0.0521007,1747.81,0
3.05905,5.46022,-2.2691,0.328834,0.0629279,1784.94,0
3.06554,5.3898,-2.15112,0.440854,0.0541075,1758.19,0
3.07204,5.27125,-2.20809,0.535304,0.0410114,1715.88,0
3.07854,5.37215,-2.35399,0.598379,0.0500236,1745.03,0
3.08503,5.37221,-2.25422,0.605944,0.0483556,1741.38,0
3.09156,5.34084,-1.95678,0.514763,0.0437914,1727.55,0
3.09806,5.42219,-2.00196,0.261798,0.0508574,1750.18,0
3.10456,5.47914,-2.00006,0.287338,0.0549753,1764.87,0
3.11105,5.45485,-2.08966,0.214495,0.0510334,1753.38,0
3.11757,5.61092,-2.07732,0.266204,0.0647761,1799.77,0
3.12408,5.64673,-2.18078,0.289975,0.0661645,1807.49,0
3.13058,5.6379,-2.15372,0.328106,0.0632392,1800.91,0
3.13709,5.47009,-2.20336,0.368082,0.0447816,1743.68,0
3.14362,5.49534,-2.145,0.236482,0.0458818,1748.1,0
3.15014,5.44992,-1.98831,0.159161,0.0402942,1730.06,0
3.15664,5.54935,-2.09484,0.162252,0.049069,1757.99,0
3.16311,5.49843,-2.01309,0.0654571,0.0425727,1738.3,0
3.16959,5.61999,-2.06749,0.0926508,0.0533126,1773.09,0
3.17609,5.56019,-2.059,0.218931,0.0458518,1750.64,0
3.18263,5.72511,-2.09993,0.309306,0.0608644,1798.86,0
3.18915,5.478,-2.1009,0.18053,0.0347469,1717.7,0
3.19567,5.60792,-2.35142,0.280461,0.0466471,1754.85,0
3.20218,5.55017,-2.21756,0.366012,0.0396883,1733.25,0
3.20873,5.71723,-2.40401,0.225143,0.0549723,1781.77,0
3.21526,5.76923,-2.39069,0.111644,0.0584595,1794.33,0
3.2218,5.7205,-2.41638,0.0629146,0.0518547,1775.56,0
3.22827,5.62708,-2.30304,0.140111,0.0411774,1743.06,0
3.23478,5.59427,-2.43583,0.0943554,0.0369003,1729.41,0
3.24135,5.66917,-2.39602,0.0195666,0.0433676,1749.02,0
3.24789,5.56845,-2.44871,0.0332024,0.0322277,1714.48,0
3.25438,5.70717,-2.48871,0.0369059,0.0449929,1753.69,0
3.26085,5.67139,-2.52327,0.0707074,0.0400829,1739.24,0
3.26731,5.61789,-2.60901,-0.0179979,0.0338503,1719.42,0
3.27383,5.8014,-2.5435,-0.106752,0.0509651,1772.05,0
3.28033,5.8143,-2.36998,-0.0527434,0.0506441,1772.48,0
3.28685,5.70508,-2.31014,-0.086737,0.0384932,1735.73,0
3.29335,5.79101,-2.29218,-0.201017,0.0459457,1758.39,0
3.29985,5.8382,-2.28211,-0.168968,0.0492724,1769.23,0
3.30635,5.87265,-2.16745,-0.257091,0.0513185,1776.18,0
3.31287,5.94122,-2.14613,-0.154074,0.0563538,1793.38,0
3.31934,5.82645,-2.03584,0.0512234,0.0433501,1755.31,0
3.32583,5.86833,-2.16001,-0.0521766,0.0463128,1764.47,0
3.33237,5.89136,-2.20851,-0.0820725,0.0473052,1767.92,0
3.33889,5.88338,-2.3345,-0.12828,0.0452716,1762.08,0
3.34542,6.03618,-2.269,-0.128185,0.0588615,1804.31,0
3.35197,6.00812,-2.08618,-0.165739,0.0543471,1792.41,0
3.35847,5.92266,-2.11017,-0.325182,0.044348,1763.5,0
3.365,5.85911,-2.08698,-0.325079,0.0368479,1741.19,0
3.3715,5.93386,-2.00131,-0.467119,0.0431486,1760,0
3.37803,5.92269,-1.95311,-0.520047,0.0409645,1753.3,0
3.38453,5.93047,-1.92775,-0.49892,0.0402781,1752.23,0
3.39102,5.91659,-1.75788,-0.52857,0.0379431,1744.78,0
3.39754,5.8918,-2.03164,-0.609351,0.0342641,1734.13,0
3.40407,5.91823,-2.03702,-0.595045,0.0360515,1738.58,0
3.41059,5.88424,-1.94241,-0.495271,0.0317389,1725.29,0
3.41711,5.91247,-2.05178,-0.534184,0.0339215,1730.25,0
3.42359,5.95113,-1.99722,-0.48798,0.0370691,1738.27,0
3.43011,5.99019,-1.76364,-0.413346,0.039854,1746.36,0
3.43664,5.8875,-1.81193,-0.507799,0.0286691,1713.16,0
3.44315,5.80026,-1.61642,-0.533701,0.0194806,1684.58,0
3.44966,5.80234,-1.57376,-0.583795,0.0193488,1682.01,0
3.45621,5.93929,-1.54648,-0.630568,0.0324204,1718.44,0
3.46275,5.85416,-1.51526,-0.650796,0.0230438,1690.61,0
3.46925,5.93648,-1.44227,-0.681938,0.0306198,1711.17,0
3.47576,5.92827,-1.37625,-0.648287,0.0290162,1705.6,0
3.48228,5.94841,-1.3422,-0.699021,0.0303965,1708.2,0
3.48877,5.96862,-1.17791,-0.519213,0.0317466,1710.81,0
3.49525,5.90015,-1.09879,-0.48362,0.0243379,1688.05,0
3.50178,5.90147,-1.16622,-0.416102,0.0239845,1685.28,0
3.50832,5.91686,-1.26499,-0.455244,0.0250701,1686.52,0
3.51486,5.83847,-1.23999,-0.409515,0.0167573,1661.08,0
3.52141,5.94257,-1.18828,-0.257423,0.026775,1687.56,0
3.5279,6.11606,-1.20305,-0.25327,0.0433827,1733.63,0
3.53441,5.91965,-1.16134,-0.107766,0.0229987,1674.86,0
3.54085,5.8989,-0.919264,0.0154793,0.0205056,1665.96,0
3.54733,5.92113,-0.952951,-0.0109083,0.022251,1669.18,0
3.55385,5.92867,-1.09432,-0.0382703,0.0225932,1668.24,0
3.56041,5.97889,-1.06483,-0.00961838,0.0272529,1679.27,0
3.56695,6.14756,-1.12398,0.11102,0.0431672,1723.48,0
3.57341,6.24168,-1.15455,0.0887772,0.0512364,1746.7,0
3.5799,6.23685,-1.22964,-0.0180739,0.0492575,1742.19,0
3.58639,6.28998,-1.11883,0.0656639,0.0531102,1753.85,0
3.59285,6.2195,-1.07561,0.147342,0.0444301,1731.08,0
3.59934,6.06075,-1.05831,0.186839,0.027737,1683.85,0
3.60586,6.12177,-1.20959,0.27148,0.0331544,1697.73,0
3.61237,6.13126,-1.34255,0.186096,0.033234,1697.3,0
3.61887,6.10152,-1.41526,0.122094,0.029493,1686.03,0
3.62538,6.11633,-1.33016,0.0995586,0.0304094,1687.08,0
3.63188,6.11641,-1.39765,0.102673,0.0298014,1684.09,0
3.63837,6.25124,-1.39082,-0.0943097,0.0423071,1718.14,0
3.64488,6.31958,-1.26298,-0.0274668,0.047745,1733.83,0
3.65137,6.27807,-1.13537,0.0259278,0.0424388,1719.37,0
3.65791,6.29509,-0.998151,0.234107,0.0428949,1720.95,0
3.66439,6.12586,-0.875054,0.149015,0.0253279,1671.73,0
3.67088,6.14773,-0.905763,0.12523,0.0269284,1674.73,0
3.67736,6.14094,-0.802071,0.161608,0.0257425,1669.93,0
3.68385,6.11642,-0.869381,0.326596,0.0227229,1660.33,0
3.69038,6.21728,-0.645685,0.357747,0.032158,1684.73,0
3.69685,6.25427,-0.708306,0.374264,0.0351283,1691.79,0
3.70333,6.29517,-0.682696,0.466404,0.0384327,1699.87,0
3.70979,6.17844,-0.644723,0.388293,0.025951,1665.44,0
3.7163,6.06683,-0.654092,0.387163,0.0144526,1632.49,0
3.7228,6.02051,-0.755631,0.398004,0.00968638,1617.2,0
3.72932,6.03826,-0.604932,0.413071,0.0112869,1619.13,0
3.73582,6.03146,-0.626905,0.361011,0.0104788,1614.49,0
3.74233,5.95888,-0.578093,0.321473,0.00315183,1592.29,0
3.74886,5.9642,-0.579334,0.254814,0.00364475,1590.94,0
3.75534,6.03663,-0.607687,0.243874,0.0107758,1607.48,0
3.76187,6.13351,-0.521773,0.214912,0.0201604,1630.44,0
3.76836,6.08821,-0.499931,0.227406,0.0152271,1615.61,0
3.77485,6.08205,-0.449831,0.316252,0.0143994,1611.2,0
3.78141,6.15054,-0.449858,0.222655,0.0208849,1626.52,0
3.78792,6.10866,-0.410134,0.26123,0.0163573,1612.67,0
3.79447,6.11101,-0.372481,0.14503,0.0163157,1610.51,0
3.80093,6.20142,-0.430933,0.106776,0.0250479,1631.55,0
3.80738,6.21672,-0.592217,0.250146,0.0260308,1632.81,0
3.81394,6.25809,-0.549799,0.301943,0.0295537,1640.85,0
3.8204,6.28245,-0.500064,0.406355,0.0313173,1644.45,0
3.82696,6.26744,-0.438468,0.367112,0.0289671,1637.71,0
3.83349,6.36523,-0.387767,0.388165,0.0378303,1660.42,0
3.84,6.22387,-0.409998,0.366195,0.0230214,1620.8,0
3.84647,6.32784,-0.358697,0.414221,0.0326515,1645.11,0
3.85294,6.42967,-0.466982,0.428707,0.0417435,1668.77,0
3.85943,6.48512,-0.552376,0.52832,0.0460942,1680.33,0
3.86595,6.68689,-0.573241,0.483509,0.0644036,1729.69,0
3.87245,6.62882,-0.655991,0.480542,0.0567382,1711.79,0
3.87896,6.72187,-0.572723,0.539801,0.0639595,1732.91,0
3.88546,6.74785,-0.524855,0.60135,0.0644352,1736.69,0
3.89195,6.6913,-0.595264,0.638352,0.0568446,1719.27,0
3.89849,6.82629,-0.569223,0.646654,0.0685809,1751.01,0
3.905,6.70652,-0.561315,0.657846,0.0544342,1717.42,0
3.91151,6.68026,-0.584304,0.495392,0.0504369,1707.85,0
3.91803,6.84733,-0.36754,0.633045,0.0653487,1747.65,0
3.92457,6.99987,-0.202931,0.693791,0.0783636,1783.6,0
3.93114,7.02414,-0.258351,0.825884,0.0777998,1786.8,0
3.93762,6.98667,-0.151459,0.724907,0.0712939,1774.34,0
3.94414,7.09654,-0.291739,0.702123,0.0795924,1799.26,0
3.95065,7.09127,-0.361804,0.634442,0.0759253,1794.96,0
3.9572,7.14015,-0.586453,0.667654,0.078067,1804.35,0
3.96369,7.04852,-0.759474,0.526651,0.0665188,1778.27,0
3.97017,7.15753,-0.981405,0.361281,0.0749217,1802.83,0
3.9767,7.21398,-0.921605,0.269183,0.0776437,1814.07,0
3.9832,7.29279,-0.801983,0.323388,0.0822385,1830.89,0
3.98968,7.30316,-0.784976,0.104365,0.0801491,1830.51,0
3.99619,7.23903,-0.842129,0.0746791,0.0711101,1811.48,0
4.00265,7.19612,-0.878856,0.0445597,0.0645358,1797.84,0
4.00916,7.2212,-0.970386,-0.151952,0.0648035,1801.17,0
4.01568,7.256,-0.930506,-0.0613103,0.0659047,1806.91,0
4.02217,7.21342,-0.885927,0.0376373,0.0596635,1793.42,0
4.02866,7.35337,-0.877938,0.0265958,0.0714339,1825.26,0
4.03516,7.22702,-0.94863,-0.0486943,0.0566646,1791.01,0
4.04165,7.4278,-0.954408,-0.0283742,0.0744528,1837.81,0
4.04812,7.41777,-1.16861,0.0157515,0.0706902,1832.4,0
4.05467,7.29828,-1.29746,0.140178,0.0567288,1799.97,0
4.06117,7.20028,-1.40018,0.126884,0.0456108,1772.96,0
4.06768,7.25179,-1.47607,0.200371,0.0496719,1782.78,0
4.07416,7.22823,-1.54016,0.0997988,0.0458801,1774.16,0
4.08066,7.37382,-1.6415,0.163557,0.0589049,1807.01,0
4.08718,7.41658,-1.56846,0.0739439,0.0611489,1814.6,0
4.09371,7.25339,-1.60958,0.035903,0.0434728,1771.84,0
4.10025,7.26364,-1.39625,0.0385501,0.0433266,1771.51,0
4.10677,7.11337,-1.40268,0.129863,0.0275555,1732.11,0
4.11328,7.21958,-1.46466,0.114977,0.0373308,1755.19,0
4.11981,7.29263,-1.48571,0.121124,0.0434744,1770.14,0
4.1263,7.26278,-1.35957,-0.0143431,0.0394865,1760.12,0
4.1328,7.29711,-1.21465,0.105823,0.041806,1765.66,0
4.1393,7.29793,-1.22141,-0.0225569,0.0406568,1763.08,0
4.14584,7.33525,-1.23762,-0.144693,0.0434936,1769.3,0
4.15234,7.37824,-1.21996,-0.0376243,0.0464227,1776.89,0
4.15881,7.31237,-1.31308,-0.0144276,0.0387763,1758.28,0
4.16534,7.35906,-1.38753,0.0157664,0.0424583,1766.74,0
4.17186,7.32935,-1.25184,-0.0175819,0.0385584,1756.85,0
4.17837,7.32373,-1.09364,-0.0489703,0.0369612,1752.77,0
4.18491,7.18655,-1.0462,-0.0806742,0.0225755,1717.25,0
4.19141,7.16045,-1.01755,0.0279059,0.0196037,1708.36,0
4.19795,7.08423,-0.944088,0.0685329,0.0117531,1687.55,0
4.20445,7.03352,-0.886865,0.00941537,0.0065745,1672.88,0
4.21096,7.05617,-0.909886,0.11152,0.00871565,1675.67,0
4.2175,7.09878,-0.892569,0.176864,0.012784,1683.17,0
4.22404,7.17617,-0.923796,0.182903,0.0202555,1698.89,0
4.23053,7.1516,-0.837699,0.165542,0.0173875,1690.48,0
4.23698,7.29281,-0.887375,0.21568,0.03091,1721.23,0
4.24347,7.2206,-0.999757,0.139707,0.0231092,1701.58,0
4.24998,7.09153,-1.03117,0.137085,0.00992025,1668.6,0
4.25643,7.18907,-1.05489,0.118238,0.0194565,1688.99,0
4.26295,7.11767,-1.10376,0.102209,0.0121369,1669.66,0
4.26948,7.06764,-1.03977,0.0550709,0.00700767,1655.39,0
4.276,7.07449,-1.09633,0.11335,0.00761411,1654.46,0
4.28253,7.00912,-1.05913,0.0963752,0.00104521,1636.68,0
4.28907,7.01248,-1.08466,0.12854,0.00136873,1634.97,0
4.29556,7.17474,-1.02259,0.0261635,0.017477,1670.27,0
4.30207,7.24376,-1.0453,-0.0651073,0.023965,1683.78,0
4.30857,7.17658,-1.00787,-0.0959713,0.0169433,1665.65,0
4.31506,7.11102,-0.982593,-0.0260109,0.0100947,1647.95,0
4.32156,7.11525,-0.967391,-0.0695337,0.0104231,1646.45,0
4.32811,7.07999,-1.08004,-0.159024,0.00684433,1635.82,0
4.33463,7.14878,-1.04315,-0.116083,0.0135506,1649.23,0
4.34112,7.08567,-1.1061,-0.157589,0.00710959,1632.22,0
4.34765,7.10864,-1.10654,-0.128335,0.00920952,1635.06,0
4.35413,7.14191,-1.16063,-0.217454,0.0123423,1640.26,0
4.36064,7.19364,-1.11685,-0.309415,0.0172612,1649.68,0
4.3672,7.29453,-1.04191,-0.30253,0.0269049,1670.3,0
4.37373,7.25385,-1.11776,-0.293369,0.0224334,1658.51,0
4.38029,7.16215,-1.13804,-0.140954,0.0129625,1635.09,0
4.3868,7.21647,-1.15164,-0.193776,0.0181299,1645.04,0
4.3933,7.22976,-1.13086,-0.237099,0.0192476,1645.64,0
4.39978,7.18768,-1.14929,-0.362744,0.0147201,1633.65,0
4.40631,7.13638,-1.11887,-0.361557,0.00943079,1619.58,0
4.41283,7.11734,-1.13851,-0.325422,0.0074563,1612.87,0
4.41931,7.0788,-1.10724,-0.331182,0.00358653,1601.79,0
4.42583,7.07638,-1.04737,-0.303552,0.00326488,1598.88,0
4.4323,7.15298,-1.04274,-0.333936,0.0108683,1613.83,0
4.43882,7.18041,-1.10932,-0.318485,0.01353,1617.64,0
4.44533,7.12146,-1.08359,-0.344839,0.00750158,1602.01,0
4.45185,7.17517,-1.16596,-0.312724,0.012712,1611.73,0
4.45834,7.24943,-1.17847,-0.167328,0.0198704,1626.04,0
4.46486,7.39378,-1.07351,-0.0361356,0.0337112,1655.99,0
4.47137,7.37786,-0.922767,-0.0444696,0.0312536,1650.02,0
4.4779,7.41971,-0.853236,-0.154505,0.0347214,1656.96,0
4.4844,7.41117,-0.797475,0.0136875,0.0330479,1652.66,0
4.4909,7.47626,-0.806638,0.115108,0.0386813,1664.76,0
4.49746,7.49134,-0.809112,0.113542,0.0392506,1665.68,0
4.50398,7.48684,-0.824698,0.102442,0.0379223,1662.27,0
4.51048,7.44294,-0.775913,0.177101,0.0324381,1650.14,0
4.517,7.43537,-0.599314,0.191221,0.0309286,1646.08,0
4.5235,7.32089,-0.531357,0.304595,0.0190529,1618.41,0
4.53004,7.34272,-0.500325,0.377874,0.020817,1620.9,0
4.53653,7.40334,-0.440394,0.430264,0.0264092,1631.94,0
4.54307,7.3493,-0.311088,0.384381,0.0204404,1617.7,0
4.54959,7.43017,-0.360797,0.373907,0.0280777,1633.15,0
4.55608,7.48233,-0.349929,0.35579,0.0326269,1642.27,0
4.56257,7.4675,-0.31525,0.365615,0.0302352,1636.69,0
4.56909,7.55063,-0.360214,0.489012,0.0376375,1652.54,0
4.57565,7.55407,-0.351385,0.455659,0.0370474,1650.93,0
4.58215,7.527,-0.297143,0.352819,0.0336013,1642.68,0
4.58861,7.51165,-0.353487,0.388617,0.0313521,1637.02,0
4.59511,7.61301,-0.234379,0.458654,0.0406131,1656.76,0
4.6016,7.61551,-0.151264,0.299323,0.0398812,1654.97,0
4.60815,7.599,-0.149101,0.247967,0.0371395,1649.04,0
4.61468,7.6734,-0.170832,0.345008,0.0435208,1662.83,0
4.6212,7.63856,-0.207581,0.401185,0.0388677,1652.94,0
4.62771,7.566,-0.0842635,0.40328,0.0308207,1634.93,0
4.63421,7.57124,0.0363024,0.482874,0.0306433,1633.77,0
4.64075,7.63284,-0.0757101,0.450683,0.0359228,1644.74,0
4.64725,7.62167,-0.0758624,0.488843,0.0339008,1640.04,0
4.65375,7.69927,-0.00495545,0.52473,0.0407647,1654.43,0
4.66025,7.63533,0.109891,0.491845,0.033532,1638.39,0
4.66673,7.55441,0.284905,0.417509,0.0249031,1618.78,0
4.67324,7.56189,0.286532,0.594834,0.02513,1618.13,0
4.67979,7.59636,0.214829,0.712528,0.0279535,1623.23,0
4.68626,7.62998,0.307665,0.647882,0.0306564,1628.16,0
4.69278,7.62969,0.211238,0.700839,0.0299452,1625.84,0
4.69932,7.61879,0.15878,0.699727,0.0282911,1621.26,0
4.70585,7.74296,0.069132,0.591745,0.0400587,1645.39,0
4.71234,7.73579,0.11702,0.543854,0.038315,1641.6,0
4.71888,7.78332,0.0633199,0.529265,0.041971,1649.4,0
4.72532,7.73965,0.0644981,0.330163,0.0366531,1637.91,0
4.73186,7.85856,-0.000779451,0.251016,0.047392,1660.78,0
4.73834,7.84206,0.00605007,0.539836,0.0443907,1655.02,0
4.74479,7.85313,0.149611,0.666752,0.0444481,1655.1,0
4.75133,7.89576,0.106995,0.56521,0.0472887,1661.8,0
4.75781,7.91336,0.00810675,0.494879,0.0476229,1663.23,0
4.76434,7.96229,-0.0248193,0.435207,0.0510316,1671.23,0
4.77085,7.86463,0.013361,0.389192,0.0399761,1648.48,0
4.77737,7.97035,-0.00903576,0.357753,0.0492643,1668.36,0
4.78388,7.96989,-0.0918644,0.415274,0.0478493,1665.99,0
4.79041,8.08693,0.147127,0.364367,0.0578488,1688.15,0
4.79692,8.27544,0.1449,0.441211,0.0740391,1725.16,0
4.80342,8.41543,0.19417,0.394791,0.0853748,1751.97,0
4.80995,8.3906,0.12682,0.608319,0.0798108,1744.43,0
4.81649,8.35994,0.0415838,0.517002,0.073982,1735.69,0
4.82298,8.25811,-0.0276415,0.444513,0.0613652,1712.24,0
4.82948,8.23789,0.0167675,0.517871,0.0576522,1705.75,0
4.836,8.29228,-0.0140777,0.673429,0.0613195,1714.7,0
4.84251,8.45406,0.0894494,0.642609,0.0752063,1745.8,0
4.84902,8.39049,-0.0692145,0.642992,0.0665433,1730.35,0
4.85554,8.36136,-0.268479,0.708803,0.06123,1722.02,0
4.86203,8.48028,-0.152158,0.601825,0.0706864,1744.19,0
4.86851,8.61644,0.0312468,0.620311,0.0818452,1769.83,0
4.87506,8.50718,0.0529633,0.636497,0.0681708,1745.04,0
4.88157,8.46524,-0.0275867,0.630301,0.0619815,1734.12,0
4.88806,8.44063,-0.130315,0.554418,0.0577585,1726.79,0
4.89459,8.34214,-0.0278172,0.609589,0.0464825,1704.36,0
4.90108,8.26832,-0.12334,0.707305,0.0381171,1687.04,0
4.90762,8.46221,-0.109736,0.695538,0.0563004,1724.3,0
4.91414,8.46731,0.00425735,0.755146,0.05505,1723.05,0
4.92068,8.57287,-0.0371719,0.815515,0.0638301,1742.21,0
4.92719,8.46647,-0.0703557,0.973214,0.0513802,1718.32,0
4.93374,8.51887,-0.109269,0.852258,0.0550392,1726.66,0
4.94024,8.44937,-0.114138,0.877151,0.0466772,1710.32,0
4.94673,8.64139,0.00696494,1.01398,0.0642652,1746.89,0
4.95325,8.48284,0.140788,1.08989,0.0466161,1712.58,0
4.95975,8.36839,-0.0968934,1.15013,0.0339571,1687.26,0
4.96623,8.35745,-0.0586679,1.08843,0.0320725,1682.86,0
4.97278,8.36487,-0.0247536,1.13691,0.0319404,1682.13,0
4.97925,8.34296,-0.0400621,1.2189,0.0289748,1675.55,0
4.98576,8.36571,-0.0396173,1.2917,0.0307409,1677.92,0
4.99226,8.4285,-0.146762,1.32443,0.0360528,1688.31,0
4.99875,8.64344,-0.0404212,1.27895,0.0560242,1729.12,0
5.00526,8.62256,-0.106688,1.2797,0.0521829,1722.7,0
5.01173,8.55055,-0.0369124,1.23004,0.0435102,1706.11,0
5.01823,8.38579,0.00250337,1.15794,0.0259939,1671.06,0
5.02472,8.27969,0.0453556,1.15058,0.0151383,1647.79,0
5.03123,8.29542,0.0794367,1.05257,0.0163981,1648.79,0
5.03771,8.24338,0.123205,1.13613,0.011011,1636.33,0
5.04425,8.30259,0.175525,1.11577,0.0167466,1645.95,0
5.05076,8.31693,0.199569,1.08927,0.017861,1646.67,0
5.05726,8.32158,0.179365,1.12393,0.0179989,1645.47,0
5.06375,8.30281,0.121799,1.12552,0.0157861,1639.66,0
5.07026,8.23706,0.151194,1.09353,0.0090309,1624.58,0
5.07677,8.17781,0.18755,1.06401,0.00306561,1610.83,0
5.08324,8.22438,0.148693,1.0119,0.00765133,1617.94,0
5.08979,8.21306,0.105785,0.925253,0.00645768,1613.64,0
5.09632,8.33492,0.139814,0.923613,0.0184399,1635.48,0
5.10282,8.2411,0.00231621,0.90392,0.00888397,1615.01,0
5.10931,8.22007,-0.023229,0.843427,0.00669778,1608.84,0
5.11587,8.23862,0.000576723,0.810094,0.00845659,1610.41,0
5.12238,8.44594,-0.130618,0.778618,0.0288215,1648.83,0
5.12888,8.42824,0.0575401,0.933546,0.026496,1643.29,0
5.13543,8.37946,0.15392,0.789794,0.0211175,1631.7,0
5.14197,8.39385,0.0504778,0.773212,0.0221671,1632.42,0
5.14847,8.4583,-0.0407526,0.831974,0.0279761,1642.88,0
5.15497,8.4373,-0.026389,0.620335,0.0253148,1636.73,0
5.16151,8.41763,0.021443,0.698418,0.0227673,1630.85,0
5.168,8.52946,-0.00576504,0.681519,0.0333565,1650.44,0
5.1745,8.58242,-0.120415,0.588562,0.03775,1658.6,0
5.181,8.52765,-0.123899,0.569212,0.0314684,1645.95,0
5.18752,8.57696,-0.313608,0.573028,0.0357038,1653.38,0
5.19398,8.60512,-0.306289,0.571245,0.0375529,1656.75,0
5.20048,8.54874,-0.292964,0.480914,0.0312028,1643.83,0
5.20701,8.59199,-0.093944,0.4489,0.0348277,1650.08,0
5.21353,8.58856,-0.0540204,0.619245,0.0337515,1647.36,0
5.22003,8.67187,-0.213599,0.37493,0.0410661,1661.27,0
5.22653,8.73077,-0.10404,0.367865,0.0458,1670.47,0
5.233,8.69235,-0.0890451,0.0629903,0.0406796,1661.07,0
5.23949,8.67615,-0.0330004,0.133349,0.0380753,1655.91,0
5.24599,8.84649,-0.100297,0.0593777,0.053709,1686.34,0
5.25244,8.77315,-0.150112,0.147301,0.044824,1670.3,0
5.25893,8.76895,-0.135143,0.0243987,0.0432684,1667.44,0
5.26549,8.75024,-0.0906532,0.00654525,0.04024,1661.81,0
5.27202,8.64575,0.0356328,0.0234293,0.028861,1639.93,0
5.2785,8.78132,0.230063,0.0761512,0.0414953,1663.6,0
5.28499,8.98783,0.211681,0.0290747,0.0606555,1700.63,0
5.2915,9.03446,0.260673,0.0895095,0.0632163,1707.35,0
5.29799,8.9225,0.361895,0.201009,0.0503779,1684.13,0
5.30452,9.07608,0.602032,0.218826,0.063943,1711.01,0
5.31103,9.12546,0.425481,0.129352,0.066804,1718.21,0
5.31757,9.13393,0.367685,0.204722,0.0654014,1717.69,0
5.32406,9.06428,0.414934,0.00321208,0.0564436,1702.51,0
5.33058,8.9526,0.393118,0.11153,0.0438807,1679.48,0
5.33705,9.10671,0.474478,-0.10401,0.0579082,1706.32,0
5.34352,9.02806,0.506882,-0.148369,0.0485696,1689.54,0
5.35005,9.06472,0.370379,-0.111922,0.0507299,1694.32,0
5.35654,9.04316,0.431584,-0.176522,0.0468924,1688.25,0
5.36308,9.03222,0.38843,-0.158011,0.0446393,1684.15,0
5.36958,9.22818,0.374288,-0.144245,0.0626896,1718.6,0
5.37607,9.30238,0.162998,-0.20591,0.0677233,1730.33,0
5.38258,9.27064,0.175164,-0.241143,0.0624954,1722.34,0
5.38909,9.24647,0.0669095,-0.1472,0.0579822,1715.77,0
5.3956,9.24907,0.0728582,-0.0851113,0.0563995,1714.19,0
5.4021,9.21404,0.04381,-0.192533,0.0516484,1705.64,0
5.40859,9.27077,0.115217,0.0267013,0.0558039,1714.08,0
5.41515,9.19148,0.276572,0.0219254,0.046392,1697.36,0
5.42164,9.02382,0.232124,0.0283902,0.0288284,1664.41,0
5.42815,9.01022,0.142972,0.0071473,0.0269354,1659.91,0
5.43463,9.07022,0.235305,-0.070318,0.0322922,1668.97,0
5.44115,9.13508,0.197975,-0.00144141,0.0379362,1678.89,0
5.44768,9.19779,0.0270533,-0.0607543,0.0431427,1688.39,0
5.45423,9.31441,-0.00593709,-0.0272532,0.053203,1707.74,0
5.46072,9.37297,-0.0819534,-0.0943017,0.0572281,1716.43,0
5.46718,9.22281,0.0457841,0.0443462,0.0407397,1686.94,0
5.47372,9.18675,-0.129212,0.20204,0.0362599,1678.34,0
5.48026,9.11128,0.0959988,0.129396,0.0280849,1662.57,0
5.48678,9.11237,0.221629,0.219746,0.0276754,1660.79,0
5.49326,9.3284,0.108621,0.282608,0.0483761,1698.15,0
5.49978,9.41453,0.0200178,0.203198,0.0554727,1711.8,0
5.50626,9.5128,0.0468859,0.111762,0.063569,1727.63,0
5.51279,9.50116,0.141535,0.229507,0.0603154,1723.48,0
5.51932,9.4768,0.171368,0.340442,0.056192,1717.02,0
5.52579,9.41909,0.11165,0.455282,0.0487745,1704.57,0
5.53229,9.45006,0.200876,0.29689,0.0503977,1708.16,0
5.53882,9.52689,0.201021,0.0956088,0.0564237,1720.02,0
5.54541,9.632,0.180003,-0.0759628,0.0647427,1736.93,0
5.55193,9.68441,0.264833,-0.227109,0.0677819,1744.33,0
5.55841,9.43012,0.240279,-0.145396,0.0407246,1696.55,0
5.56491,9.43756,0.200598,-0.203085,0.0405018,1695.9,0
5.57143,9.5514,0.0440669,-0.126733,0.0505116,1714.35,0
5.57794,9.46936,0.0263225,-0.191616,0.0407795,1697.64,0
5.58447,9.47907,0.111313,-0.255374,0.040504,1697.4,0
5.59099,9.39002,0.0519475,-0.367725,0.0307317,1679.49,0
5.5975,9.37196,0.103261,-0.413414,0.0283062,1674.31,0
5.60405,9.32669,-0.0651322,-0.457339,0.0232133,1664.28,0
5.61055,9.35659,-0.0732378,-0.486726,0.0257718,1667.68,0
5.61705,9.26147,-0.051518,-0.243568,0.0158063,1648.81,0
5.62359,9.20218,-0.193042,-0.244301,0.00972081,1636.35,0
5.63011,9.31098,-0.146918,-0.319294,0.0203824,1653.78,0
5.63663,9.27684,-0.0113162,-0.162121,0.016537,1645.81,0
5.64313,9.28903,-0.105784,-0.256833,0.0174627,1646.08,0
5.64963,9.3617,0.00832834,-0.286115,0.0242761,1657.05,0
5.65614,9.35534,-0.034762,-0.380799,0.0232251,1654.02,0
5.66263,9.33277,-0.104427,-0.392077,0.0204378,1648.13,0
5.66909,9.28652,-0.0682714,-0.360384,0.0154858,1638.1,0
5.67561,9.29955,0.0226731,-0.336673,0.0165977,1638.51,0
5.68212,9.20226,0.0581364,-0.4508,0.00670255,1619.51,0
5.68863,9.26524,0.0950437,-0.351638,0.0128648,1628.73,0
5.69517,9.31688,0.184604,-0.353768,0.0178467,1635.93,0
5.70168,9.30897,0.152163,-0.46875,0.0166496,1632.67,0
5.70821,9.32433,0.05901,-0.578623,0.017922,1633.49,0
5.71477,9.36956,0.032892,-0.596249,0.0221333,1639.53,0
5.72126,9.31366,0.0531301,-0.631876,0.0161326,1627.9,0
5.72777,9.22844,0.0826039,-0.498142,0.00739745,1611.18,0
5.73432,9.19347,0.125886,-0.470821,0.00384958,1603.24,0
5.74083,9.19725,0.197954,-0.459621,0.00420958,1602.08,0
5.74734,9.27139,0.250006,-0.427798,0.0115234,1613.16,0
5.75384,9.42834,0.291405,-0.420566,0.0268032,1638.62,0
5.76035,9.39155,0.277276,-0.468199,0.0227415,1630.38,0
5.76687,9.40439,0.280064,-0.401788,0.0235784,1630.76,0
5.77332,9.35911,0.318712,-0.460471,0.0185667,1621.1,0
5.77985,9.41451,0.435838,-0.355949,0.0236793,1628.85,0
5.78629,9.45493,0.362205,-0.333031,0.0272841,1634.02,0
5.79278,9.37308,0.383233,-0.402392,0.0185796,1618.06,0
5.7993,9.39163,0.426611,-0.428136,0.0200266,1619.44,0
5.80581,9.58686,0.400648,-0.474619,0.03891,1651.25,0
5.81231,9.42737,0.447075,-0.553097,0.0221814,1621.97,0
5.81879,9.444,0.446263,-0.599139,0.0233695,1623.02,0
5.82525,9.41469,0.412738,-0.482655,0.0199055,1616.19,0
5.83177,9.35402,0.367997,-0.4951,0.0135251,1603.98,0
5.83829,9.40646,0.299019,-0.528646,0.0184965,1611.17,0
5.84484,9.416,0.328773,-0.569576,0.0191434,1610.99,0
5.85135,9.63966,0.444859,-0.533547,0.0406453,1647.42,0
5.85785,9.66735,0.31106,-0.48638,0.0424486,1650.32,0
5.86438,9.56904,0.260409,-0.544023,0.0317939,1631.72,0
5.87091,9.43432,0.277555,-0.455195,0.0178577,1606.96,0
5.8774,9.36545,0.120052,-0.428885,0.0106818,1593.47,0
5.88392,9.29968,0.0985955,-0.447179,0.0040067,1580.52,0
5.89044,9.34054,0.119399,-0.440435,0.00805003,1585.71,0
5.89693,9.54838,0.0762043,-0.490406,0.0285719,1619.21,0
5.90344,9.54031,0.13215,-0.601989,0.0269962,1616.06,0
5.90991,9.51229,0.162952,-0.606494,0.0237112,1609.55,0
5.91641,9.58726,0.00701808,-0.645616,0.030586,1620.45,0
5.92292,9.54919,-0.0390341,-0.671106,0.0262786,1612.24,0
5.92948,9.5243,-0.224406,-0.574664,0.023188,1606.26,0
5.93596,9.56942,-0.195832,-0.410999,0.0271776,1612.11,0
5.94247,9.54168,-0.304136,-0.35337,0.0237303,1605.67,0
5.94898,9.51575,-0.257662,-0.285784,0.0207124,1599.56,0
5.9555,9.70071,-0.176861,-0.285282,0.0386323,1628.87,0
5.96195,9.72979,-0.157047,-0.14337,0.0403672,1631.98,0
5.96846,9.72152,-0.156877,-0.193368,0.0384675,1628.82,0
5.97499,9.61788,-0.0388629,-0.0764803,0.0273826,1609.69,0
5.98147,9.57697,-0.053859,0.00851186,0.0228369,1601.11,0
5.98798,9.54636,0.00157222,0.0364512,0.0193922,1594.25,0
5.99449,9.50108,-0.0902691,0.0188568,0.0145663,1584.97,0
6.00101,9.55945,-0.131413,-0.0600046,0.020091,1592.97,0
6.00753,9.45606,-0.128551,-0.104909,0.00953318,1574.03,0
6.01405,9.41937,-0.143211,0.0431257,0.00569719,1566.23,0
6.02053,9.41859,-0.177635,-0.0546053,0.00553668,1564.41,0
6.027,9.49703,-0.0621349,-0.141896,0.0132658,1575.75,0
6.03353,9.49512,-0.182551,-0.193922,0.0128375,1573.73,0
6.04003,9.56833,-0.315081,-0.252982,0.0197994,1584.15,0
6.04657,9.69051,-0.42399,-0.292353,0.0315278,1602.65,0
6.05304,9.76238,-0.385844,-0.315158,0.0379432,1612.81,0
6.05956,9.6721,-0.384185,-0.285587,0.0281416,1596.17,0
6.06608,9.82874,-0.336154,-0.227911,0.0429891,1620.28,0
6.07261,9.71992,-0.320906,-0.380264,0.0312081,1600.61,0
6.07912,9.85557,-0.137459,-0.291999,0.0437119,1621.22,0
6.08563,9.86257,-0.145741,-0.335417,0.0432478,1620.63,0
6.09212,9.80292,0.0136837,-0.382448,0.0360551,1609.12,0
6.09858,9.81878,-0.0562762,-0.404946,0.0368949,1610.01,0
6.10507,9.74166,-0.00464921,-0.357626,0.0283691,1595.67,0
6.11159,9.81276,-0.0252065,-0.435607,0.0346862,1605.6,0
6.11813,9.74027,-0.0537074,-0.34685,0.0267784,1592.03,0
6.12467,9.72666,-0.0229336,-0.291896,0.0247689,1588.11,0
6.13116,9.77432,-0.026831,-0.291739,0.0290337,1594.2,0
6.13767,9.90404,-0.168914,-0.205678,0.0410756,1613.65,0
6.14413,10.0028,-0.144405,-0.00741578,0.0496703,1628.03,0
6.15062,10.0197,-0.151645,-0.221752,0.0500056,1629.05,0
6.15716,9.97068,0.0351192,-0.191718,0.043796,1619.36,0
6.16365,10.1396,0.104712,-0.0119747,0.0589318,1645.06,0
6.17013,10.1364,0.0418209,-0.0115607,0.0568701,1642.81,0
6.17665,10.2075,0.169723,-0.156851,0.0619897,1652.59,0
6.18322,10.1525,0.163967,-0.139698,0.0545181,1641.95,0
6.18975,10.3488,0.0882041,0.0144435,0.0721452,1671.93,0
6.19627,10.3547,-0.0264742,0.0512092,0.0698796,1671.12,0
6.20275,10.579,0.0584156,0.211419,0.0895207,1705.54,0
6.20925,10.469,0.028107,0.133564,0.0751509,1686.04,0
6.2158,10.5385,-0.0590807,0.00338867,0.0788818,1695.43,0
6.2223,10.5542,-0.135828,-0.14169,0.0778332,1696.19,0
6.22884,10.5926,-0.197116,0.0795634,0.0787552,1700.57,0
6.23532,10.8464,-0.00717363,0.142316,0.10075,1739.51,0
6.24181,10.7766,-0.177071,0.242113,0.0898101,1726.52,0
6.24833,10.7849,-0.126488,0.301137,0.0873034,1726.05,0
6.25478,10.6835,-0.125338,0.342788,0.0738807,1708.05,0
6.26127,10.8327,0.0676151,0.213112,0.0857273,1730.11,0
6.26779,10.7388,0.270739,0.169324,0.0736454,1713.34,0
6.27428,10.6497,0.220108,0.414403,0.0625925,1697.35,0
6.28082,10.5497,0.300497,0.476682,0.0506668,1679.68,0
6.28733,10.578,0.42879,0.280878,0.0523024,1682.43,0
6.29383,10.6892,0.371272,0.416654,0.0617064,1698.36,0
6.30031,10.5946,0.345665,0.430273,0.0503707,1681.6,0
6.30679,10.5008,0.2071,0.344319,0.0395428,1664.99,0
6.31327,10.5864,0.27648,0.417004,0.0468914,1676.84,0
6.3198,10.762,0.256483,0.433853,0.0627288,1702.9,0
6.32632,10.7813,0.322628,0.259315,0.0622335,1704.19,0
6.33281,10.9045,0.191401,0.0443331,0.0726832,1721.91,0
6.33932,10.9542,0.165041,-0.0339927,0.0747623,1727.98,0
6.34585,10.9461,0.25604,0.164569,0.0714769,1724.93,0
6.3524,11.0441,0.162608,0.125648,0.0783753,1738.57,0
6.35891,11.137,0.255585,-0.00310595,0.0842527,1751.39,0
6.36547,11.1313,0.27215,-0.223798,0.0807102,1748.7,0
6.37197,11.0057,0.432235,-0.029508,0.0655256,1727.21,0
6.37844,10.9627,0.289301,-0.00112549,0.0593258,1718.71,0
6.38493,10.9861,0.205143,0.0377556,0.0597159,1720.63,0
6.39141,10.9847,0.151866,0.218198,0.0576299,1718.67,0
6.39792,11.0051,0.311176,0.0824594,0.0581279,1720.1,0
6.40444,10.9922,0.278014,0.0652259,0.0550713,1716.34,0
6.41095,10.8676,0.392029,0.114894,0.0411891,1695.16,0
6.41744,10.9219,0.437154,0.132397,0.0457156,1701.91,0
6.42396,10.8395,0.44738,0.26218,0.0365189,1687.35,0
6.43051,10.8562,0.391772,0.134899,0.0371707,1688.23,0
6.43702,10.9623,0.48227,0.150707,0.0467144,1703.01,0
6.44351,10.9654,0.395483,0.209315,0.0459269,1701.78,0
6.45008,11.0079,0.419487,0.25551,0.0488155,1706.63,0
6.45657,11.0709,0.291771,0.382069,0.0538921,1714.67,0
6.46307,11.0288,0.127199,0.541728,0.0480549,1706.43,0
6.46953,11.2025,0.0912168,0.409492,0.0639044,1731.59,0
6.47603,11.1263,0.109311,0.380117,0.0546121,1718.08,0
6.48253,11.2046,0.218201,0.37204,0.0605192,1728.43,0
6.489,11.2083,0.355734,0.453322,0.0589075,1727.28,0
6.4955,11.1821,0.387151,0.518292,0.0543877,1721.51,0
6.50202,11.0681,0.175502,0.639962,0.0415454,1702.25,0
6.50852,11.0134,0.167191,0.733207,0.0351916,1692.16,0
6.51503,11.1245,0.259285,0.792966,0.0451615,1707.51,0
6.52157,11.2361,0.243187,0.796178,0.0547492,1722.91,0
6.5281,11.2334,0.36349,0.749672,0.0530209,1720.77,0
6.53463,11.1799,0.492794,0.626643,0.0462803,1710.86,0
6.54114,11.06,0.527905,0.681949,0.033391,1690.84,0
6.54765,11.0333,0.462591,0.653165,0.030008,1685.08,0
6.55412,11.021,0.355458,0.537146,0.0282399,1681.54,0
6.56061,11.1164,0.222908,0.541613,0.0370845,1694.42,0
6.56716,11.14,0.286992,0.528289,0.0384507,1696.31,0
6.57369,11.1653,0.164304,0.533617,0.0400247,1698.48,0
6.58018,11.3296,0.166697,0.397901,0.0552277,1721.77,0
6.5867,11.3602,0.182169,0.473764,0.0562999,1724.73,0
6.59319,11.2575,0.189041,0.46977,0.0446774,1707.44,0
6.59973,11.3711,0.156679,0.297433,0.0545983,1722.96,0
6.60626,11.4566,0.162106,0.146201,0.061232,1734.2,0
6.61282,11.4361,0.316176,0.154869,0.0571708,1729.38,0
6.61937,11.5124,0.359769,-0.035017,0.0628258,1739.19,0
6.62591,11.5078,0.338425,-0.236222,0.0599626,1736.79,0
6.63239,11.5111,0.213208,-0.475895,0.0587442,1735.59,0
6.63889,11.4886,0.372346,-0.347589,0.0546496,1730.5,0
6.64543,11.2818,0.453191,-0.356798,0.0329978,1697.67,0
6.65193,11.3176,0.454617,-0.418768,0.0356117,1701.4,0
6.6584,11.2402,0.499918,-0.279112,0.0272193,1688.13,0
6.66493,11.3157,0.528761,-0.185324,0.0339928,1697.8,0
6.67142,11.4106,0.597585,-0.104444,0.0426147,1710.38,0
6.67791,11.5011,0.655536,-0.402116,0.0502746,1722.26,0
6.68444,11.6182,0.458626,-0.256029,0.0601654,1738.1,0
6.69094,11.6875,0.467918,-0.38724,0.0650839,1746.76,0
6.69745,11.648,0.260661,-0.128239,0.0593212,1739.17,0
6.70397,11.7368,0.143975,-0.29331,0.066142,1750.72,0
6.71048,11.5094,0.118847,-0.279355,0.0418492,1715.14,0
6.717,11.5784,0.0492961,-0.405876,0.0475309,1723.74,0
6.72352,11.4877,0.0380894,-0.377246,0.0372758,1708.58,0
6.73002,11.5424,0.139017,-0.394015,0.0416825,1715.06,0
6.73653,11.3889,0.0882641,-0.496797,0.0255688,1690.61,0
6.74306,11.4194,-0.0185317,-0.44505,0.0279664,1693.5,0
6.74958,11.4868,-0.00386764,-0.571297,0.0339987,1701.85,0
6.75609,11.4769,0.0570435,-0.49606,0.0322261,1698.75,0
6.76258,11.5383,0.0982144,-0.638555,0.0375074,1706.19,0
6.76911,11.5588,0.0731188,-0.580253,0.0386039,1707.58,0
6.77564,11.7062,-0.0366889,-0.498919,0.0520774,1727.68,0
6.78218,11.5996,-0.131498,-0.524833,0.0399313,1710.31,0
6.78869,11.4846,-0.0675284,-0.501337,0.0277641,1691.73,0
6.79519,11.4605,-0.120267,-0.497525,0.0247626,1686.57,0
6.80169,11.4714,-0.221474,-0.453909,0.025281,1686.55,0
6.80819,11.4188,-0.236693,-0.291435,0.0195161,1677.21,0
6.8147,11.4404,-0.342643,-0.381407,0.021229,1678.79,0
6.82119,11.4637,-0.403099,-0.268545,0.0229708,1680.6,0
6.82768,11.4806,-0.420031,-0.232957,0.0241148,1681.48,0
6.83414,11.6417,-0.385233,-0.413964,0.0394709,1703.46,0
6.84066,11.4961,-0.417375,-0.431986,0.0241154,1680.55,0
6.84717,11.7082,-0.356033,-0.492179,0.0446152,1709.93,0
6.85366,11.6454,-0.490146,-0.619633,0.0373952,1699.16,0
6.86015,11.6872,-0.556671,-0.594954,0.0405052,1703.64,0
6.86662,11.593,-0.486808,-0.66452,0.0302732,1688.31,0
6.87321,11.6192,-0.35508,-0.707765,0.0320926,1690.51,0
6.87969,11.5747,-0.336826,-0.597645,0.0270586,1682.44,0
6.88617,11.6531,-0.414868,-0.635795,0.034207,1692.25,0
6.89263,11.7906,-0.350306,-0.63899,0.0467701,1710.61,0
6.89916,11.825,-0.231985,-0.810748,0.0488872,1713.98,0
6.90566,11.867,-0.178718,-0.753278,0.0516998,1718.45,0
6.91217,11.9196,-0.195257,-0.597699,0.0554188,1724.44,0
6.91868,11.917,-0.0109987,-0.792013,0.0537457,1722.44,0
6.92515,11.916,-0.110288,-0.681212,0.0521922,1720.69,0
6.93166,11.8473,-0.193209,-0.820713,0.0441154,1709.16,0
6.93818,11.9957,0.00853621,-0.908906,0.0573727,1728.94,0
6.94469,12.0593,-0.104247,-0.966726,0.0619068,1736.48,0
6.95121,12.0213,-0.00323151,-1.09192,0.0561001,1729.38,0
6.95768,11.9327,-0.0222335,-1.2044,0.0458897,1715.04,0
6.9642,11.9678,0.190704,-1.38878,0.0480134,1718.48,0
6.9707,11.9264,0.186596,-1.26047,0.0426562,1710.93,0
6.9772,11.9488,0.0356224,-1.21066,0.0437274,1712.55,0
6.98368,11.858,0.0246335,-1.03334,0.0337109,1697.96,0
6.99021,11.7439,-0.0393424,-1.0565,0.0217656,1680.05,0
6.99671,11.7745,0.154944,-1.03465,0.0243582,1682.87,0
7.00321,11.8646,0.164516,-1.14841,0.032772,1694.17,0
7.00972,12.0156,0.0719852,-1.19926,0.0467761,1714.13,0
7.01623,12.1232,0.0904908,-1.38112,0.056143,1727.88,0
7.02271,12.0535,0.105544,-1.37363,0.0474398,1716.36,0
7.02921,12.244,0.125586,-1.3967,0.0648695,1741.87,0
7.03573,12.1582,0.150655,-1.42717,0.0542633,1728.07,0
7.04224,12.1661,0.119216,-1.51548,0.0534432,1727.59,0
7.04873,12.0445,-0.00403405,-1.48608,0.0401313,1708.75,0
7.0553,12.1678,0.0296595,-1.57726,0.051107,1724.63,0
7.06179,12.2256,-0.274624,-1.49077,0.055274,1731.24,0
7.06829,12.1349,-0.299831,-1.45872,0.0447391,1716.81,0
7.07483,12.1714,-0.184341,-1.40047,0.0471772,1720.38,0
7.08131,12.3048,-0.202115,-1.49337,0.05895,1737.64,0
7.08781,12.3763,-0.127928,-1.45044,0.0640217,1746.14,0
7.09431,12.4331,-0.340421,-1.35648,0.0677904,1752.54,0
7.10081,12.3892,-0.395804,-1.3117,0.0615781,1744.76,0
7.10733,12.4259,-0.252569,-1.25707,0.0632381,1748.32,0
7.11384,12.3538,-0.286261,-1.36402,0.0541128,1736.59,0
7.12034,12.4484,-0.378994,-1.44676,0.061693,1748.29,0
7.12682,12.4942,-0.360795,-1.38119,0.0642129,1753.13,0
7.13333,12.5483,-0.423761,-1.26898,0.067432,1759.1,0
7.13987,12.6022,-0.392457,-1.22883,0.0703795,1765.05,0
7.14635,12.6052,-0.563116,-1.20017,0.0682553,1763.86,0
7.15289,12.6854,-0.546273,-1.17406,0.0739186,1773.46,0
7.15936,12.8026,-0.300511,-1.10884,0.0831306,1788.24,0
7.16586,12.963,-0.280781,-1.11673,0.0959658,1808.99,0
7.17235,12.9883,-0.3336,-1.21764,0.0946384,1810.89,0
7.17889,13.0718,-0.0954802,-1.18166,0.0993961,1820.86,0
7.18539,13.1123,0.16276,-1.30208,0.0992028,1824.86,0
7.1919,13.1281,0.05336,-1.5558,0.0968713,1825.4,0
7.19839,13.034,0.234757,-1.21026,0.0839814,1810.69,0
7.20489,13.1299,0.0477222,-1.11202,0.0903174,1822.36,0
7.21139,13.0639,0.147261,-1.29087,0.0803823,1811.57,0
7.21784,12.9808,0.257011,-1.32173,0.0696251,1798.43,0
7.22436,12.9676,0.0710118,-1.27745,0.0659476,1794.98,0
7.23089,12.84,0.263751,-1.26104,0.0514511,1775.71,0
7.2374,12.6917,0.273469,-1.14147,0.0353941,1753.62,0
7.24392,12.6466,0.215943,-1.11963,0.0299243,1745.82,0
7.25041,12.5332,0.169155,-1.00317,0.0181967,1728.62,0
7.25696,12.477,0.170031,-1.07665,0.0122477,1719.32,0
7.26348,12.4932,0.215521,-1.1527,0.0136732,1720,0
7.27,12.4852,0.22944,-1.14775,0.0125839,1717.36,0
7.27653,12.452,0.209589,-0.888812,0.00910858,1711.26,0
7.28302,12.5001,0.263228,-0.780716,0.0137854,1716.33,0
7.28954,12.4759,0.213449,-0.804356,0.011211,1711.48,0
7.29606,12.4037,0.250078,-0.704647,0.00388951,1700.05,0
7.3026,12.388,0.201509,-0.674388,0.00230231,1696.39,0
7.30911,12.453,0.224266,-0.679107,0.00875875,1703.76,0
7.31565,12.4145,0.248073,-0.557026,0.00484395,1696.97,0
7.32215,12.4175,0.19409,-0.523585,0.00508197,1695.88,0
7.32862,12.4474,0.210016,-0.535011,0.00798921,1698.47,0
7.33515,12.5458,0.133133,-0.596043,0.0175621,1710.37,0
7.34168,12.6067,0.140323,-0.736167,0.0232518,1717.14,0
7.34815,12.5773,0.383519,-0.672481,0.0199267,1711.63,0
7.3547,12.5177,0.332899,-0.683094,0.0137446,1702,0
7.36121,12.4096,0.359494,-0.684299,0.00285513,1685.81,0
7.36769,12.42,0.354109,-0.629784,0.00388643,1685.74,0
7.37421,12.5736,0.397035,-0.591921,0.0190759,1705.08,0
7.38071,12.5432,0.596488,-0.581318,0.0158117,1699.46,0
7.38722,12.5102,0.649339,-0.637363,0.0123082,1693.5,0
7.39376,12.6865,0.736927,-0.627307,0.0295106,1715.84,0
7.40023,12.7126,0.792562,-0.494378,0.0315474,1717.87,0
7.40675,12.6512,0.891429,-0.637347,0.0247364,1708.06,0
7.41323,12.6706,0.810934,-0.542471,0.0260035,1709.18,0
7.41975,12.7364,0.835788,-0.591068,0.032062,1716.55,0
7.42626,12.6948,0.867959,-0.62765,0.0271808,1709.44,0
7.43273,12.7887,0.922369,-0.628118,0.0358746,1720.59,0
7.43925,12.7616,0.985632,-0.468232,0.0324501,1715.44,0
7.44575,12.6825,1.00882,-0.352865,0.0239944,1703.32,0
7.45228,12.7165,1.01139,-0.445743,0.0268664,1706.39,0
7.45879,12.7135,1.01987,-0.519362,0.0259291,1704.5,0
7.46528,12.8518,1.08041,-0.550858,0.0389403,1721.55,0
7.47179,12.7632,0.988082,-0.526232,0.0292962,1708.18,0
7.47828,12.678,0.927101,-0.551565,0.0201881,1695.31,0
7.48479,12.6755,0.950274,-0.464099,0.0195495,1693.5,0
7.49129,12.6887,1.02387,-0.477635,0.0204481,1693.79,0
7.49778,12.7618,1.03278,-0.454445,0.0273757,1702.08,0
7.50429,12.7116,0.976373,-0.508804,0.0218957,1693.91,0
7.51085,12.727,0.949534,-0.392938,0.0230684,1694.48,0
7.51738,12.8551,1.01374,-0.36187,0.03525,1710.05,0
7.52384,12.8251,0.979851,-0.424809,0.0315552,1704.6,0
7.53036,12.6632,0.830283,-0.515962,0.0148569,1681.62,0
7.53686,12.6494,0.786805,-0.504132,0.0133365,1678.33,0
7.54332,12.7418,0.72864,-0.539697,0.0222019,1689.14,0
7.54986,12.6459,0.779333,-0.488978,0.0123378,1674.99,0
7.55636,12.7112,0.745152,-0.519881,0.0186966,1682.18,0
7.56286,12.6908,0.711672,-0.628083,0.0163874,1678.04,0
7.56939,12.7362,0.692693,-0.620774,0.0205622,1682.6,0
7.5759,12.6695,0.605999,-0.74165,0.0135823,1672.35,0
7.58243,12.7453,0.615875,-0.699333,0.0208924,1680.9,0
7.58897,12.6811,0.560308,-0.742001,0.014199,1670.99,0
7.59551,12.8344,0.592124,-0.577149,0.0290802,1689.74,0
7.60204,12.8582,0.584333,-0.626921,0.0307381,1691.42,0
7.60856,12.7748,0.475786,-0.66995,0.0219812,1679.01,0
7.61509,12.6226,0.527456,-0.578385,0.00658665,1657.58,0
7.62162,12.6605,0.453355,-0.526338,0.0102929,1661.13,0
7.62815,12.7217,0.400636,-0.544454,0.0162214,1667.73,0
7.63467,12.7235,0.405999,-0.588902,0.0161414,1666.55,0
7.64118,12.6825,0.478266,-0.518909,0.0117484,1659.75,0
7.64767,12.6276,0.604,-0.45688,0.00611485,1651.17,0
7.65415,12.6152,0.660772,-0.356992,0.00482142,1648.15,0
7.66068,12.5997,0.676495,-0.270873,0.00325959,1644.72,0
7.66716,12.6704,0.664356,-0.292594,0.0102645,1652.56,0
7.67369,12.63,0.655517,-0.308425,0.00612112,1645.89,0
7.68019,12.6091,0.71941,-0.290438,0.00395362,1641.78,0
7.68672,12.5787,0.714283,-0.237979,0.00089929,1636.42,0
7.69322,12.5967,0.730978,-0.275175,0.00269139,1637.38,0
7.69975,12.6538,0.753686,-0.272625,0.0083072,1643.4,0
7.70626,12.6048,0.669012,-0.256455,0.00337052,1635.65,0
7.71279,12.6176,0.638267,-0.249579,0.00459706,1635.94,0
7.71932,12.6046,0.634394,-0.266264,0.00328275,1632.86,0
7.72583,12.6894,0.593998,-0.367003,0.0116803,1642.46,0
7.73236,12.6493,0.415584,-0.393989,0.00750521,1635.89,0
7.73885,12.6383,0.401108,-0.531692,0.00635118,1633.1,0
7.7454,12.5889,0.566782,-0.516602,0.00137912,1625.35,0
7.75188,12.6175,0.547924,-0.521048,0.00422789,1627.67,0
7.75839,12.6148,0.615881,-0.558848,0.00394146,1625.96,0
7.76493,12.6434,0.611411,-0.558728,0.0067614,1628.27,0
7.77146,12.7252,0.674438,-0.526862,0.0148068,1637.42,0
7.77792,12.7595,0.609352,-0.48942,0.0178743,1640.48,0
7.78445,12.6685,0.555454,-0.434579,0.00860279,1627.41,0
7.79094,12.7032,0.42719,-0.45292,0.0118197,1630.51,0
7.79743,12.7661,0.417649,-0.481758,0.0178877,1637.22,0
7.80395,12.6158,0.38369,-0.476324,0.00274364,1616.59,0
7.81047,12.6516,0.328671,-0.509717,0.00627852,1619.83,0
7.81695,12.7202,0.291074,-0.476455,0.0129862,1627.25,0
7.82343,12.6998,0.355331,-0.435448,0.0108246,1623.3,0
7.82996,12.664,0.282118,-0.507624,0.00712046,1617.38,0
7.83646,12.7135,0.227906,-0.492204,0.011944,1622.35,0
7.84291,12.8166,0.130707,-0.426408,0.022006,1634.16,0
7.84946,12.9859,0.216771,-0.592408,0.038198,1654.37,0
7.85598,13.0983,0.311377,-0.707987,0.0483892,1667.31,0
7.86251,13.1066,0.159156,-0.732817,0.0478182,1666.98,0
7.86904,13.4074,0.219111,-0.624889,0.0758976,1703.81,0
7.87555,13.5773,0.201519,-0.498598,0.0901315,1723.98,0
7.88207,13.6511,0.239157,-0.643671,0.0938583,1731.91,0
7.88862,13.7145,0.362389,-0.607867,0.0961406,1738.52,0
7.89516,13.726,0.342097,-0.615295,0.0932856,1738.53,0
7.90163,13.5939,0.314949,-0.382689,0.0770569,1720.39,0
7.90818,13.4377,0.174854,-0.239088,0.0592089,1699.21,0
7.91469,13.3655,0.151265,-0.175302,0.050466,1688.69,0
7.92118,13.4824,0.193598,-0.177934,0.0605533,1702.07,0
7.92765,13.5395,0.097249,-0.155652,0.0642388,1707.89,0
7.93415,13.6352,0.101072,-0.0321975,0.0714626,1718.55,0
7.94068,13.5313,0.113145,-0.0508084,0.0589065,1704.05,0
7.94719,13.4546,0.239125,-0.0217402,0.0492401,1693,0
7.95366,13.3192,0.300523,0.0186781,0.0346961,1674.6,0
7.96015,13.3509,0.314592,0.0843347,0.037046,1677.22,0
7.96663,13.474,0.557016,0.153324,0.0484148,1691.31,0
7.97314,13.563,0.70892,0.0584349,0.0556158,1701.08,0
7.97963,13.6114,0.65425,0.123697,0.0587692,1705.77,0
7.98613,13.6184,0.767406,0.0480496,0.057789,1705.25,0
7.99262,13.599,0.689216,0.0745813,0.054184,1701.45,0
7.99911,13.497,0.673169,0.165082,0.0426398,1687.31,0
8.00559,13.4608,0.781232,0.135948,0.0380101,1681.43,0
8.01216,13.5097,0.630205,0.0236001,0.0419026,1686.15,0
8.01864,13.5145,0.760844,0.0743229,0.041358,1685.39,0
8.02514,13.5388,0.789985,-0.0554361,0.0425522,1687.05,0
8.03166,13.5003,0.768673,-0.133779,0.0375781,1680.88,0
8.03819,13.6142,0.802402,-0.070835,0.0478599,1693.69,0
8.04468,13.6632,0.869267,0.0950159,0.0509855,1698.41,0
8.05115,13.5875,0.93539,0.123275,0.0422159,1687.65,0
8.05765,13.6219,0.903377,0.225584,0.0445013,1690.56,0
8.06415,13.5754,0.822177,0.301487,0.038794,1683.43,0
8.07065,13.576,0.704283,0.300315,0.0380132,1682.14,0
8.07717,13.6676,0.884119,0.243036,0.0461372,1692.12,0
8.08367,13.5584,0.984917,0.400484,0.0341744,1677.25,0
8.09021,13.5409,0.847138,0.491183,0.0315701,1673.74,0
8.09675,13.5701,0.961218,0.486806,0.0337477,1675.99,0
8.10325,13.5552,1.02683,0.486145,0.0315741,1672.82,0
8.10971,13.4818,1.04988,0.477093,0.0236573,1662.42,0
8.1162,13.5237,1.03549,0.419481,0.0273755,1666.26,0
8.12271,13.4435,1.08343,0.331633,0.0188222,1655.05,0
8.12923,13.4596,1.00543,0.327206,0.0200363,1655.71,0
8.13574,13.6629,1.14296,0.223309,0.0396382,1679.36,0
8.14226,13.6208,1.31683,0.255694,0.0345573,1672.85,0
8.14878,13.7862,1.34558,0.248005,0.0499657,1691.81,0
8.15528,13.9125,1.36303,0.256611,0.0610292,1705.95,0
8.16178,13.8532,1.47633,0.182605,0.0532056,1697.32,0
8.16832,13.7606,1.4685,0.259528,0.0427264,1684.62,0
8.17484,13.8393,1.58333,0.395248,0.0491195,1692.92,0
8.18134,13.7997,1.6253,0.356331,0.0441363,1686.73,0
8.18787,14.0011,1.61935,0.242174,0.0625619,1709.98,0
8.19435,14.0845,1.56011,0.122553,0.0687129,1718.81,0
8.20086,13.8562,1.67079,0.0353663,0.0442069,1689.6,0
8.20734,13.8671,1.76193,-0.124911,0.0439612,1689.6,0
8.21392,13.8863,1.73707,0.0398172,0.0446042,1690.58,0
8.22042,13.746,1.77997,0.181449,0.0296579,1672.17,0
8.22696,13.7028,1.90191,0.0883511,0.0248285,1665.6,0
8.23346,13.6414,1.81142,0.0678229,0.0183183,1656.83,0
8.23995,13.7144,1.86848,0.148655,0.0252435,1664.37,0
8.24645,13.7676,1.88702,0.129394,0.0299522,1669.52,0
8.25295,13.7345,1.92467,0.0968106,0.0259765,1664.19,0
8.25943,13.7163,2.03048,0.0202238,0.0238023,1660.69,0
8.26595,13.7675,2.12219,-0.0364663,0.0283087,1665.57,0
8.27244,13.835,2.13587,-0.0137734,0.0343487,1672.42,0
8.27891,13.936,2.05667,0.11677,0.0433257,1683.32,0
8.28539,13.7696,2.15198,0.248735,0.0257105,1661.92,0
8.2919,13.7961,2.18464,0.336861,0.027857,1663.8,0
8.29838,13.7804,2.31378,0.43262,0.0257713,1660.61,0
8.3049,13.7936,2.3826,0.423969,0.0266513,1660.9,0
8.31145,13.7951,2.31557,0.482206,0.0261749,1659.78,0
8.31795,13.8033,2.2931,0.404518,0.0265029,1659.46,0
8.32449,13.821,2.20696,0.515364,0.0277503,1660.28,0
8.331,13.7582,2.27642,0.59766,0.020998,1651.44,0
8.3375,13.676,2.17929,0.563229,0.0124887,1640.31,0
8.34399,13.7607,2.14463,0.571561,0.0206488,1649.17,0
8.35045,13.8215,2.21683,0.608947,0.0262889,1655.17,0
8.35696,13.7719,2.27454,0.663995,0.0209398,1647.96,0
8.36348,13.6898,2.39863,0.675575,0.0124344,1636.85,0
8.36998,13.6981,2.36315,0.657187,0.0130897,1636.58,0
8.37653,13.7006,2.39621,0.647742,0.0130285,1635.6,0
8.38304,13.6866,2.37737,0.522041,0.0114968,1632.65,0
8.3895,13.6977,2.33645,0.523602,0.0124266,1632.71,0
8.39604,13.7371,2.41276,0.388549,0.0161173,1636.14,0
8.40256,13.7675,2.35893,0.255124,0.0187996,1638.49,0
8.409,13.7127,2.28248,0.203842,0.013077,1630.72,0
8.41548,13.7725,2.36055,0.27241,0.0188052,1636.57,0
8.42199,13.7246,2.33058,0.212949,0.0136797,1629.62,0
8.42852,13.7363,2.3296,0.250963,0.0145914,1629.74,0
8.43499,13.8472,2.46038,0.295051,0.0252337,1641.64,0
8.44154,13.895,2.42609,0.32204,0.0293448,1646.03,0
8.44808,13.8247,2.35794,0.310096,0.0218619,1636.43,0
8.45457,13.8075,2.39534,0.221645,0.019717,1633.14,0
8.46111,13.8984,2.33624,0.262044,0.0282873,1642.62,0
8.46762,13.8884,2.36215,0.170769,0.0266654,1640.17,0
8.47412,13.8888,2.44042,0.0438188,0.0261009,1638.96,0
8.48059,13.9034,2.29219,0.000343708,0.0271208,1639.44,0
8.48709,13.7456,2.21559,0.0716874,0.0110305,1619.59,0
8.49356,13.7763,2.30295,0.14061,0.0139067,1621.97,0
8.50009,13.8227,2.23722,0.00822585,0.0182319,1626.18,0
8.50658,13.8004,2.22418,-0.0237143,0.0156841,1622.32,0
8.51309,13.8636,2.09761,0.00816424,0.0216964,1628.5,0
8.51961,13.9301,2.02974,0.0624723,0.027841,1635.07,0
8.52614,13.8436,2.09978,0.152044,0.0187133,1623.67,0
8.53263,13.8387,2.23851,0.27201,0.0179001,1621.86,0
8.53918,13.9189,2.33919,0.288686,0.0255487,1630,0
8.54572,14.0422,2.4083,0.376744,0.0370754,1643.19,0
8.55226,13.9897,2.22619,0.508533,0.0312452,1635.79,0
8.55877,13.9077,2.19546,0.425615,0.0224717,1624.96,0
8.56526,13.8582,2.29704,0.470482,0.0172127,1617.96,0
8.5718,13.8679,2.34364,0.571807,0.0178496,1617.86,0
8.57829,13.9758,2.16168,0.61681,0.0280544,1629.2,0
8.5848,13.8988,2.20015,0.636369,0.01984,1619,0
8.59129,13.7919,2.23585,0.683594,0.00898432,1605.33,0
8.59781,13.8103,2.2181,0.685307,0.0106833,1606.25,0
8.60429,13.7506,2.24234,0.588805,0.00463627,1598.11,0
8.61079,13.7205,2.3106,0.556776,0.00159977,1593.4,0
8.61735,13.746,2.35192,0.503649,0.0041328,1595.16,0
8.62388,13.769,2.29928,0.403214,0.00634237,1596.61,0
8.63044,13.7603,2.22633,0.395092,0.00544298,1594.39,0
8.63697,13.8199,2.32598,0.305815,0.0113167,1600.09,0
8.64351,13.9091,2.31642,0.348838,0.0199751,1609.2,0
8.65005,13.902,2.40933,0.367167,0.0188958,1607.15,0
8.65659,14.0551,2.48121,0.384655,0.0337082,1623.63,0
8.66312,14.0237,2.27138,0.351706,0.0297385,1618.79,0
8.66961,14.0589,2.29872,0.303349,0.0326128,1621.63,0
8.67609,14.0111,2.23678,0.336329,0.0271235,1614.91,0
8.68258,14.0851,2.2697,0.407635,0.033806,1622.23,0
8.68912,14.2068,2.26098,0.405481,0.0450342,1635.01,0
8.69562,14.2636,2.2051,0.506032,0.0494281,1640.32,0
8.70214,14.2829,2.09124,0.598591,0.0501032,1641.31,0
8.70861,14.3077,1.96447,0.601883,0.0510677,1642.93,0
8.71512,14.2728,1.96469,0.59944,0.0462148,1637.71,0
8.7216,14.1023,1.93256,0.561274,0.0281167,1616.94,0
8.72815,14.052,1.92989,0.567792,0.0225198,1609.97,0
8.73468,14.1391,1.92557,0.567219,0.0306266,1618.73,0
8.74122,14.1695,1.8516,0.508497,0.0329004,1620.99,0
8.74777,14.1425,1.8513,0.535783,0.0296378,1616.7,0
8.7543,14.1103,2.10797,0.610342,0.0258685,1611.82,0
8.76077,14.3595,2.15404,0.545035,0.0498391,1639.07,0
8.76726,14.2787,2.08299,0.599354,0.0405372,1628.64,0
8.77376,14.3816,2.21955,0.413703,0.0495664,1639.16,0
8.78026,14.397,2.31201,0.51822,0.0498427,1639.7,0
8.78675,14.3244,2.31862,0.402905,0.0413419,1630.23,0
8.7933,14.3697,2.24489,0.396896,0.0446173,1634.17,0
8.79981,14.2866,2.38666,0.536872,0.0354728,1623.51,0
8.8063,14.2187,2.41339,0.477523,0.0280448,1614.61,0
8.81281,14.1767,2.34101,0.674096,0.0233446,1608.65,0
8.81932,14.1577,2.33972,0.590237,0.0211374,1605.3,0
8.8258,14.1612,2.34841,0.678851,0.0211095,1604.52,0
8.83233,14.2869,2.23698,0.645209,0.032981,1617.57,0
8.83883,14.3554,2.16916,0.561213,0.0388793,1624.13,0
8.84534,14.3733,2.01067,0.402766,0.0396685,1624.96,0
8.85184,14.5126,1.96943,0.375772,0.0521327,1639.5,0
8.85831,14.623,1.93778,0.414066,0.0614565,1650.76,0
8.86482,14.4305,1.80929,0.315345,0.0408206,1627.83,0
8.87132,14.3703,1.88124,0.338537,0.03403,1619.86,0
8.8779,14.3573,1.84803,0.324558,0.0320371,1617.2,0
8.88441,14.3272,1.76289,0.234199,0.0282882,1612.62,0
8.89087,14.3139,1.65952,0.273516,0.0262863,1609.96,0
8.89736,14.3812,1.75345,0.264784,0.0323147,1616.35,0
8.90388,14.5485,1.77799,0.278738,0.047969,1633.95,0
8.91038,14.6457,1.79836,0.188914,0.0559478,1643.67,0
8.91686,14.6939,1.83613,0.233193,0.0592116,1647.88,0
8.9234,14.8364,1.8369,0.154637,0.0713464,1662.64,0
8.92991,14.8891,1.82303,0.0480054,0.07392,1667.33,0
8.93639,14.9048,1.87682,-0.0207702,0.073273,1667.88,0
8.94289,15.1651,1.85316,0.0332355,0.09629,1695.78,0
8.94938,15.1789,2.04769,0.0559339,0.0933914,1696.08,0
8.95591,15.09,2.14544,0.18296,0.0814407,1684.92,0
8.96243,15.0195,2.12963,0.0763769,0.0719043,1675.83,0
8.96893,15.1,2.11109,0.0740195,0.0774217,1683.59,0
8.97543,15.0897,2.15355,0.176568,0.0736378,1681.22,0
8.98192,14.9345,2.23148,0.00602042,0.0561991,1662.73,0
8.98842,15.2319,2.0509,0.000349112,0.0833078,1694.61,0
8.99493,15.1898,2.10753,-0.121942,0.0761052,1688.71,0
9.00139,15.2161,2.08706,-0.011026,0.0761808,1690.42,0
9.0079,15.1513,2.26323,0.0360697,0.0673165,1682,0
9.01442,15.2455,2.14016,0.119207,0.0742274,1691.23,0
9.02094,15.0773,2.31794,0.178006,0.0553133,1671.37,0
9.02747,15.1163,2.32842,0.189859,0.0573239,1674.48,0
9.03394,15.1709,2.37732,0.164109,0.0608905,1679.32,0
9.04042,15.0674,2.22302,0.16643,0.0487116,1666.66,0
9.04699,15.1399,2.05964,0.0800043,0.0545878,1673.47,0
9.05349,15.2535,2.20908,-0.0204132,0.0637055,1684.82,0
9.06,15.3048,2.14815,0.178993,0.0666845,1689.27,0
9.0665,15.2573,2.30768,0.240274,0.0597,1682.82,0
9.07299,15.1796,2.3363,0.191598,0.0504718,1673.05,0
9.07949,15.1656,2.41626,0.173857,0.0477215,1670.31,0
9.08598,15.1163,2.53657,0.16914,0.0416287,1663.7,0
9.09245,15.1296,2.55431,0.191596,0.0418602,1663.97,0
9.09897,15.0302,2.76787,0.125906,0.0311094,1651.86,0
9.10548,15.0206,2.78082,0.147373,0.0293446,1649.62,0
9.11193,15.0285,2.87478,-0.0370768,0.0295394,1649.32,0
9.11845,15.144,2.89293,0.0132174,0.040033,1660.81,0
9.12494,15.1217,3.08767,-0.203412,0.0367831,1657.19,0
9.13146,15.063,2.97262,-0.156462,0.0301625,1649.57,0
9.13794,15.0337,2.97899,-0.0878416,0.0266062,1645.19,0
9.14448,15.2736,3.13909,0.0152377,0.0496288,1670.26,0
9.15102,15.1547,3.22283,-0.0449322,0.0364663,1656.07,0
9.15755,15.0373,3.12554,-0.0248377,0.0240529,1642.06,0
9.16405,15.1163,3.27441,-0.0669606,0.0313937,1649.52,0
9.1706,15.1318,3.27522,-0.0513976,0.032133,1650.04,0
9.17706,15.0109,3.36731,-0.0293477,0.0195256,1635.7,0
9.18359,15.096,3.49226,-0.0273597,0.0273852,1643.8,0
9.19005,15.0796,3.46895,0.0566059,0.0252139,1640.87,0
9.19658,15.0811,3.42417,0.127924,0.0248576,1639.86,0
9.2031,15.1188,3.37934,0.257958,0.0280208,1642.79,0
9.20961,15.1931,3.37095,0.0541498,0.0347282,1649.7,0
9.21612,15.4182,3.34361,-0.0225878,0.0560316,1672.96,0
9.22262,15.2453,3.38194,-0.198253,0.0372992,1653.04,0
9.22914,15.3968,3.26653,-0.232425,0.0512261,1668.28,0
9.23568,15.5032,3.16566,-0.0759189,0.0601948,1678.62,0
9.24222,15.5201,3.2527,-0.0240985,0.0597991,1679.27,0
9.2488,15.608,3.05189,-0.201209,0.0665282,1687.57,0
9.2553,15.7553,2.82348,-0.278043,0.0789387,1702.3,0
9.26179,15.7179,2.97069,-0.124705,0.0725647,1697.07,0
9.26833,15.6813,2.87002,-0.130589,0.0662507,1691.92,0
9.27484,15.7501,2.63814,-0.303512,0.0706154,1698.15,0
9.28134,15.7092,2.63234,-0.462432,0.0643007,1692.56,0
9.2878,15.8031,2.55103,-0.285586,0.0711801,1701.49,0
9.29426,15.7828,2.7298,-0.359144,0.0672526,1698.13,0
9.30073,15.8574,2.59721,-0.28658,0.0722775,1704.97,0
9.30717,15.9722,2.41086,-0.229077,0.0809397,1716.12,0
9.31369,15.9247,2.30156,-0.254742,0.0733177,1709.81,0
9.32024,16.1153,2.26996,-0.27257,0.0892091,1729.06,0
9.32673,16.1813,2.38067,-0.230941,0.0924129,1734.93,0
9.33324,16.0667,2.44029,-0.244418,0.0780609,1721.44,0
9.33975,16.0638,2.51368,-0.336592,0.0753232,1719.94,0
9.34627,16.0065,2.5118,-0.499507,0.0673011,1712.61,0
9.35276,15.9338,2.80071,-0.383139,0.0581531,1703.65,0
9.35927,15.8397,2.90406,-0.448474,0.0470956,1692.41,0
9.36577,15.9857,2.97518,-0.531172,0.0601379,1706.83,0
9.37226,15.9934,3.23526,-0.37927,0.0589995,1706.46,0
9.37877,15.9968,3.13954,-0.368203,0.0574977,1705.64,0
9.38525,15.9873,3.03893,-0.281345,0.0549965,1703.45,0
9.39178,15.9682,2.92178,-0.139624,0.05154,1700.24,0
9.39828,15.9624,3.00862,-0.0465052,0.0495274,1698.44,0
9.40479,15.9782,2.89664,-0.0514132,0.0494983,1698.95,0
9.41129,16.0611,2.84804,-0.206237,0.0561211,1706.57,0
9.41776,16.2314,2.89868,-0.256274,0.071001,1723.49,0
9.42432,16.3712,2.8118,-0.387599,0.0821874,1737.12,0
9.43088,16.311,2.67199,-0.535702,0.0732156,1729.53,0
9.43742,16.4698,2.79871,-0.354234,0.0859928,1745.17,0
9.44396,16.5039,2.66969,-0.162711,0.0861243,1747.56,0
9.45046,16.4185,2.71436,-0.133254,0.0742729,1737.32,0
9.45694,16.4154,2.8218,-0.0545251,0.0713652,1735.81,0
9.46349,16.5471,2.83004,-0.0450537,0.0819255,1748.52,0
9.47001,16.498,2.73146,0.118065,0.074079,1742.13,0
9.47649,16.4802,2.75151,0.224123,0.0696052,1739.06,0
9.48296,16.5247,2.69277,0.259642,0.0713884,1742.57,0
9.48949,16.602,2.62894,0.442136,0.0765255,1749.51,0
9.49601,16.6056,2.56135,0.445055,0.0739247,1748.69,0
9.5025,16.7688,2.49546,0.413515,0.0873488,1764.67,0
9.50895,16.6485,2.48162,0.506414,0.0723329,1750.83,0
9.51548,16.6162,2.53636,0.436001,0.0670163,1746.22,0
9.522,16.7832,2.50872,0.292959,0.0803222,1762.57,0
9.52848,16.9229,2.47134,0.413709,0.091276,1776.03,0
9.53497,16.6626,2.44055,0.40539,0.0625399,1747.53,0
9.5415,16.8226,2.46678,0.614487,0.0761067,1763.1,0
9.54798,16.735,2.57905,0.644421,0.0648613,1752.72,0
9.55447,16.8919,2.67257,0.537642,0.0779995,1767.96,0
9.56098,16.815,2.69633,0.453267,0.0676135,1758.71,0
9.56751,16.9339,2.61059,0.256265,0.0766436,1769.94,0
9.57399,17.0474,2.73961,0.129488,0.0845258,1780.6,0
9.5805,17.1721,2.6268,0.12826,0.0934583,1792.4,0
9.58699,17.4616,2.82412,0.0663602,0.117562,1821.39,0
9.59346,17.6397,2.72424,0.230304,0.130097,1838.72,0
9.59997,17.6663,2.64824,0.17834,0.126333,1840.25,0
9.60647,17.4687,2.42758,0.119001,0.101427,1818.44,0
9.61294,17.3,2.48195,-0.0159273,0.080669,1799.66,0
9.61941,17.2142,2.58603,-0.115994,0.0691226,1789.53,0
9.6259,17.3205,2.6501,-0.255927,0.0769484,1799.37,0
9.63242,17.2235,2.53772,-0.240357,0.0648251,1788.08,0
9.63895,16.9863,2.52493,-0.211039,0.0397954,1762.25,0
9.64549,16.9885,2.40859,-0.238113,0.038994,1761.29,0
9.65198,17.0676,2.49903,-0.228036,0.0458089,1768.3,0
9.65845,17.0237,2.51786,-0.255493,0.0401198,1762.57,0
9.66497,16.9266,2.52122,-0.195567,0.0296864,1751.34,0
9.67148,16.8098,2.58526,-0.283729,0.0175621,1738.08,0
9.67798,16.8371,2.54076,-0.176538,0.0199257,1739.74,0
9.68452,17.0464,2.48085,-0.0950963,0.0401847,1760.16,0
9.69105,17.0268,2.51263,0.0845197,0.0372126,1756.97,0
9.69759,17.0935,2.51644,0.238417,0.0428332,1762.65,0
9.70415,17.0653,2.37654,0.17619,0.0390466,1758.56,0
9.71059,17.0357,2.33556,0.374654,0.0350941,1754.34,0
9.71712,16.8526,2.25995,0.427383,0.0162269,1734.32,0
9.72359,16.7994,2.0197,0.394801,0.0106972,1727.69,0
9.7301,16.7228,2.03174,0.441811,0.00299684,1718.67,0
9.73663,16.7129,2.05994,0.337625,0.00197258,1716.49,0
9.74315,16.7751,2.03435,0.367238,0.00815656,1721.73,0
9.74967,16.8526,2.12176,0.290284,0.015756,1728.53,0
9.75614,16.8971,2.213,0.364346,0.0198557,1731.95,0
9.76264,16.8891,2.20473,0.244066,0.0186753,1729.97,0
9.76916,16.9667,2.21119,0.146385,0.0258594,1736.76,0
9.77568,17.0186,2.15835,-0.0477595,0.030327,1740.91,0
9.78216,16.921,2.08743,-0.0203684,0.0200203,1729.78,0
9.78866,17.011,2.02079,0.0629891,0.0285095,1737.83,0
9.79514,17.0118,2.03298,-0.00749649,0.0278162,1736.76,0
9.80168,17.0864,2.03515,0.0438566,0.034709,1743.21,0
9.80816,17.1224,1.99014,0.0922713,0.0374269,1745.72,0
9.81466,17.2089,1.94656,0.203025,0.0448474,1753.38,0
9.8212,17.0552,1.92989,0.132902,0.0286989,1736.57,0
9.82769,17.0786,2.14532,0.0900897,0.0303739,1737.8,0
9.83417,17.1748,2.08257,0.101648,0.0392094,1746.44,0
9.8407,17.1855,1.98838,0.252491,0.0393202,1746.37,0
9.8472,17.3205,1.99064,0.277749,0.0515244,1758.93,0
9.8537,17.3717,1.86577,0.348206,0.0548659,1762.97,0
9.86019,17.521,1.83617,0.103116,0.0679371,1776.95,0
9.86671,17.6008,1.81621,0.0607524,0.0736526,1783.85,0
9.87324,17.4367,1.88669,0.225177,0.0552223,1766.06,0
9.87979,17.2754,1.68998,0.27625,0.03774,1748.56,0
9.88633,17.3246,1.65688,0.270501,0.0416513,1752.38,0
9.89287,17.4341,1.76917,0.243375,0.0511328,1762.29,0
9.89938,17.3316,1.62793,0.25589,0.0395677,1750.78,0
9.90588,17.3105,1.67466,0.252448,0.036526,1747.49,0
9.9124,17.3482,1.69083,0.290129,0.0394497,1750.15,0
9.91887,17.4581,1.8508,0.38309,0.0492072,1760.09,0
9.9254,17.5499,1.82533,0.360694,0.0567246,1768.18,0
9.9319,17.4733,1.61848,0.362677,0.0476114,1759.32,0
9.93836,17.3946,1.62194,0.450515,0.0388027,1750.25,0
9.94484,17.3132,1.53938,0.568034,0.0297,1740.93,0
9.95134,17.3954,1.42785,0.618054,0.0372042,1748.05,0
9.95787,17.3718,1.35618,0.633655,0.0340342,1744.53,0
9.96434,17.3992,1.40792,0.611887,0.035806,1746.15,0
9.97084,17.2263,1.49647,0.688651,0.0179949,1727.66,0
9.97739,17.3037,1.59487,0.767086,0.0252255,1734.29,0
9.98392,17.4931,1.77894,0.806319,0.0433183,1752.13,0
9.99039,17.5331,1.85208,0.910422,0.0463038,1754.99,0
9.99685,17.5542,1.87506,0.864933,0.0471979,1755.97,0
10,17.6492,1.76842,0.846318,0.0558913,1764.92,0
