0.00651237,3509.98,5.04179,-4.86764,0.204194,-2693.31,0
0.013032,3509.91,4.97778,-4.81496,2.90814,-7033.7,0
0.0194731,3509.85,4.88011,-4.93855,3.96269,-7858.14,0
0.0260132,3509.88,5.05607,-4.88676,1.34707,-4604.1,0
0.03249,3509.87,4.91251,-4.91896,1.20874,-3973.44,0
0.0390224,3509.79,4.96983,-5.10134,2.23388,-5480.56,0
0.0455607,3509.75,4.82992,-5.40441,1.66999,-5484.39,0
0.0520748,3509.61,4.90515,-5.44978,4.88178,-7562.2,0
0.0586042,3509.55,4.85576,-5.48177,4.52688,-7611.17,0
0.0650765,3509.56,4.92187,-5.4651,3.31225,-6754.22,0
0.0715721,3509.6,4.84425,-5.2662,3.48474,-5601.07,0
0.0780397,3509.55,4.97681,-5.23218,4.05381,-5829.05,0
0.0845403,3509.59,4.95702,-5.23534,2.14478,-4870.65,0
0.0910814,3509.55,4.84933,-5.19062,3.8808,-4981.88,0
0.0975976,3509.56,4.73581,-5.08512,3.73676,-4459.13,0
0.104146,3509.66,4.54547,-5.04945,1.61401,-3289.06,0
0.110666,3509.62,4.46308,-4.94883,3.38798,-3422.96,0
0.11715,3509.56,4.46903,-4.96886,4.18131,-3786.92,0
0.12367,3509.52,4.441,-4.8749,5.03106,-3899.57,0
0.130191,3509.55,4.5059,-4.90304,1.6687,-3491.87,0
0.136684,3509.55,4.46041,-5.01308,0.824123,-3327.25,0
0.143219,3509.45,4.2982,-5.08809,3.88148,-3811.72,0
0.149762,3509.39,4.37096,-5.27984,3.71411,-4044.03,0
0.156284,3509.42,4.34023,-5.22442,2.61086,-3722.65,0
0.162784,3509.46,4.5492,-5.03872,0.77275,-3307.45,0
0.169305,3509.29,4.66482,-5.07367,4.80172,-4221.71,0
0.175765,3509.31,4.55069,-5.21829,3.0639,-3927.93,0
0.18231,3509.33,4.60703,-5.14966,2.27821,-3692.91,0
0.188801,3509.27,4.76044,-5.21321,2.47566,-3847.16,0
0.195328,3509.28,4.83502,-5.31234,0.573629,-3663.57,0
0.201875,3509.2,4.75362,-5.27172,3.33801,-3942.76,0
0.208382,3509.28,4.87015,-5.20987,0.0296511,-3467.21,0
0.214909,3509.11,4.82393,-5.23768,4.76338,-4130.83,0
0.221434,3509.04,4.80625,-5.30216,5.12821,-4331.57,0
0.227932,3509.02,4.79692,-5.2994,4.07839,-4307.05,0
0.234415,3508.98,4.79541,-5.23622,4.49767,-4348.93,0
0.240887,3508.94,4.82944,-5.21043,4.50096,-4412.61,0
0.247399,3508.97,4.81862,-5.29625,2.27652,-4163.82,0
0.253896,3509.02,4.90807,-5.12072,0.866975,-3870.43,0
0.26038,3509.02,4.77805,-5.12808,0.979313,-3778.29,0
0.266916,3508.99,4.71035,-5.17276,1.61899,-3792.41,0
0.273425,3508.98,4.63695,-5.27246,1.1071,-3729.7,0
0.279906,3508.92,4.79165,-5.19226,2.46956,-3871.7,0
0.286391,3508.85,4.81681,-5.11891,4.31445,-4007.5,0
0.292924,3508.85,4.79577,-5.14913,3.79566,-3925.13,0
0.299372,3508.85,4.68901,-5.1724,3.89125,-3845.89,0
0.305895,3508.79,4.64657,-5.22552,4.48112,-3968.86,0
0.312371,3508.77,4.79572,-5.27731,3.20857,-3940.72,0
0.318915,3508.8,4.7307,-5.26294,2.36066,-3769.68,0
0.325398,3508.66,4.63688,-5.39932,5.08628,-4115.96,0
0.331878,3508.68,4.7353,-5.4136,3.21857,-3988.62,0
0.338382,3508.64,4.87838,-5.46492,2.76911,-4030.13,0
0.344872,3508.68,4.5967,-5.20354,4.4654,-3822.33,0
0.35143,3508.72,4.69306,-5.14385,2.49209,-3640.48,0
0.357906,3508.68,4.51986,-5.15469,4.09314,-3684,0
0.364395,3508.76,4.58937,-5.12909,0.677318,-3404.37,0
0.370958,3508.73,4.06127,-5.47604,1.91332,-3416.65,0
0.377499,3508.75,4.05388,-5.2049,3.05676,-3303.1,0
0.384024,3508.72,4.18126,-5.45724,1.30183,-3333.92,0
0.390544,3508.6,4.12331,-5.73474,3.38858,-3585.09,0
0.397022,3508.69,4.01259,-5.69465,0.569225,-3293.98,0
0.403535,3508.62,4.02601,-5.5467,3.85772,-3418.09,0
0.410069,3508.66,4.0669,-5.41302,2.89779,-3272,0
0.416576,3508.68,4.18912,-5.33291,1.50704,-3158.56,0
0.423112,3508.61,4.26255,-5.19038,4.20828,-3282.51,0
0.42964,3508.54,4.35758,-5.13016,5.28115,-3406.85,0
0.436124,3508.49,4.37327,-5.09528,4.47625,-3464.93,0
0.442674,3508.55,4.37962,-4.96352,2.51898,-3280.34,0
0.449175,3508.6,4.36736,-4.7308,1.61291,-3112.96,0
0.455703,3508.54,4.17139,-4.68893,4.75982,-3212.3,0
0.462256,3508.58,4.16103,-4.71868,2.51051,-3081.6,0
0.468779,3508.59,4.20445,-4.66702,1.51948,-2999.39,0
0.475274,3508.59,4.36338,-4.5782,0.651916,-2957.16,0
0.48179,3508.59,4.27564,-4.42748,1.81759,-2932.76,0
0.488293,3508.51,4.1283,-4.61973,3.85837,-3049.21,0
0.494808,3508.54,3.93531,-4.7484,2.40385,-2958.29,0
0.501309,3508.63,3.62411,-4.67218,1.09263,-2740.89,0
0.507802,3508.59,3.53461,-4.47011,3.85292,-2773.51,0
0.514324,3508.62,3.4061,-4.47905,2.83937,-2678.88,0
0.52085,3508.64,3.30654,-4.5887,1.62748,-2613.35,0
0.527368,3508.51,3.35613,-4.58088,4.90202,-2832.36,0
0.533838,3508.47,3.42601,-4.55032,3.67366,-2870.46,0
0.540333,3508.5,3.52015,-4.54868,1.39152,-2782.63,0
0.546837,3508.49,3.45033,-4.35167,3.20331,-2768.09,0
0.553323,3508.53,3.41087,-4.41768,0.78713,-2656.18,0
0.559828,3508.49,3.53609,-4.26927,2.10696,-2688.4,0
0.566319,3508.46,3.68085,-4.30758,2.04208,-2724.14,0
0.572826,3508.37,3.72783,-4.28529,4.1368,-2846.96,0
0.579335,3508.32,3.81458,-4.22891,4.42815,-2895.72,0
0.585824,3508.27,3.80048,-4.15151,4.76511,-2948.2,0
0.592337,3508.25,3.77426,-4.13127,4.64913,-2950.73,0
0.598796,3508.24,3.89307,-4.22588,2.85195,-2933.81,0
0.605271,3508.2,3.76524,-4.24336,3.95352,-2979.39,0
0.611803,3508.23,3.89804,-4.20563,1.45445,-2887.29,0
0.618359,3508.22,3.7354,-4.19229,2.57013,-2880.54,0
0.624847,3508.12,3.82343,-4.46156,3.21104,-3007.87,0
0.631376,3508.18,3.71548,-4.2856,2.69056,-2884.54,0
0.637932,3508.19,3.65767,-4.0501,3.95727,-2840.2,0
0.644467,3508.27,3.58,-3.91334,1.66215,-2686.09,0
0.650998,3508.17,3.73902,-3.84548,4.07582,-2809.19,0
0.657468,3508.14,3.63294,-3.87486,4.2695,-2822.64,0
0.663982,3508.18,3.48361,-3.91998,3.00125,-2747.24,0
0.670505,3508.18,3.55346,-3.91679,1.77844,-2710.93,0
0.677017,3508.13,3.62354,-3.82928,3.43002,-2767.04,0
0.683523,3508.01,3.7837,-3.85563,5.24552,-2914.52,0
0.690046,3507.95,3.80181,-3.82977,5.36726,-2971.64,0
0.696537,3508.04,3.90776,-3.69695,0.877447,-2821.04,0
0.703014,3507.95,4.22897,-3.74902,1.28682,-2919.79,0
0.709515,3507.84,4.16379,-3.67174,5.3772,-3043.32,0
0.716011,3507.95,4.06243,-3.54068,2.10725,-2868.66,0
0.722497,3507.85,4.08501,-3.74618,3.59742,-2982.05,0
0.729,3507.89,3.89269,-3.66201,3.34135,-2897.33,0
0.735477,3507.86,3.75085,-3.60615,4.02862,-2907.82,0
0.741949,3507.79,3.7145,-3.64198,4.94786,-2976.74,0
0.748455,3507.86,3.8028,-3.63589,0.656011,-2862.11,0
0.754989,3507.7,3.83274,-3.68877,5.02597,-3049.41,0
0.761478,3507.62,3.7828,-3.66612,4.96073,-3121.78,0
0.768008,3507.53,3.71202,-3.67959,6.1113,-3221.7,0
0.774473,3507.55,3.65606,-3.66936,3.56328,-3166.24,0
0.781023,3507.56,3.52318,-3.6091,3.7077,-3118.91,0
0.787539,3507.49,3.63263,-3.53408,5.05481,-3191.37,0
0.794102,3507.37,3.63269,-3.51472,6.79495,-3317.96,0
0.800621,3507.35,3.67716,-3.48579,4.1108,-3310.08,0
0.807163,3507.42,3.65446,-3.40532,0.916525,-3191.41,0
0.813671,3507.39,3.70538,-3.34343,1.00464,-3204.46,0
0.820206,3507.38,3.81078,-3.22068,1.16996,-3193.53,0
0.826718,3507.38,3.86747,-3.26903,0.103767,-3171.98,0
0.83328,3507.35,3.7531,-3.27242,1.98119,-3185.65,0
0.839774,3507.32,3.80285,-3.13094,2.97234,-3189.27,0
0.846274,3507.26,4.00557,-3.04616,3.92774,-3236.7,0
0.852774,3507.27,4.02604,-3.14611,0.747227,-3200.45,0
0.859282,3507.24,3.76964,-3.27821,2.69544,-3208.62,0
0.865799,3507.16,3.90507,-3.39154,3.50955,-3274.56,0
0.872285,3507.13,4.16491,-3.21711,3.44745,-3288.24,0
0.878749,3507.11,4.15354,-3.28506,3.55068,-3289.43,0
0.885277,3507.14,4.26962,-3.22214,1.23712,-3229.5,0
0.891816,3507.02,4.36831,-3.36079,3.92858,-3345.66,0
0.898321,3506.98,4.51511,-3.55816,2.20268,-3361.48,0
0.904809,3507,4.14356,-3.61708,3.97769,-3316.06,0
0.911342,3506.99,3.99061,-3.83453,3.57317,-3307.33,0
0.917871,3506.92,3.98925,-4.19671,2.76724,-3353.09,0
0.924389,3506.96,3.95109,-4.12661,1.51824,-3287.46,0
0.930893,3506.91,4.00167,-4.13309,2.53242,-3316.77,0
0.937452,3506.81,4.12111,-4.20172,4.27595,-3406.57,0
0.943963,3506.82,4.12653,-4.35206,1.33315,-3363.56,0
0.950475,3506.68,4.2408,-4.4588,4.58568,-3490.12,0
0.956995,3506.56,4.26154,-4.33578,6.99756,-3590.24,0
0.96346,3506.63,4.41978,-4.23569,2.20356,-3502.9,0
0.969981,3506.57,4.42808,-4.28823,3.51848,-3537.01,0
0.976488,3506.56,4.55721,-4.28036,1.99443,-3523.5,0
0.983002,3506.56,4.48227,-4.0968,3.70554,-3496.33,0
0.989524,3506.48,4.50152,-4.05931,4.99162,-3555.17,0
0.996039,3506.47,4.52328,-3.98724,3.92406,-3543.81,0
1.00251,3506.49,4.7057,-3.90992,1.283,-3504.75,0
1.00903,3506.36,4.68093,-3.94486,5.26951,-3603.01,0
1.0155,3506.35,4.6881,-3.98318,3.35267,-3598.25,0
1.02206,3506.38,4.72497,-3.91777,1.61494,-3537.87,0
1.02861,3506.43,4.52738,-3.90507,1.34858,-3467.33,0
1.03513,3506.3,4.74935,-4.01057,3.48056,-3575.11,0
1.04164,3506.31,4.67576,-3.90549,4.07497,-3542.92,0
1.04813,3506.3,4.54876,-3.90137,4.60533,-3532.18,0
1.05465,3506.26,4.5459,-3.89628,4.66874,-3542.58,0
1.06121,3506.3,4.50228,-4.02645,1.54198,-3485.46,0
1.06772,3506.24,4.66,-4.05859,1.47001,-3518.21,0
1.07422,3506.21,4.53685,-4.02605,3.94241,-3525.89,0
1.08072,3506.16,4.52207,-4.08423,4.69117,-3549.52,0
1.08722,3506.14,4.80795,-4.24439,0.415713,-3554.03,0
1.09377,3506.09,4.82883,-4.24712,1.25683,-3574.16,0
1.10031,3506.15,4.72863,-3.9771,2.09025,-3499.42,0
1.10686,3506.12,4.78083,-3.98039,2.12661,-3506.7,0
1.1133,3506.12,4.68094,-4.06631,1.51625,-3485.56,0
1.1198,3505.99,4.76521,-4.03353,5.03345,-3580.92,0
1.12632,3505.98,4.75331,-4.02265,4.23096,-3573.33,0
1.13285,3505.93,4.77669,-3.95699,4.93426,-3596.69,0
1.1394,3505.9,4.70681,-3.98225,4.4298,-3594.76,0
1.14591,3505.85,4.89672,-3.94616,3.82089,-3623.07,0
1.15242,3505.87,4.95719,-4.03089,0.993456,-3584.44,0
1.15893,3505.78,5.02294,-3.97232,4.33843,-3644.5,0
1.16544,3505.8,4.99796,-4.04103,1.63751,-3608.08,0
1.17196,3505.84,4.70267,-4.12939,1.79321,-3547.08,0
1.17848,3505.74,4.62952,-4.26333,4.15884,-3613.44,0
1.185,3505.68,4.6262,-4.2414,5.42386,-3643.77,0
1.19151,3505.62,4.55486,-4.30509,5.44871,-3674.59,0
1.198,3505.61,4.52854,-4.30043,5.46619,-3665.75,0
1.20449,3505.55,4.44161,-4.38148,5.38174,-3694.81,0
1.21101,3505.53,4.47329,-4.25948,4.5053,-3688.81,0
1.21748,3505.54,4.2767,-4.27391,5.32125,-3660.59,0
1.22403,3505.52,4.30898,-4.26009,4.46243,-3663.51,0
1.23052,3505.47,4.3614,-4.13101,6.15753,-3680.71,0
1.23701,3505.53,4.27194,-4.10281,1.83283,-3617.29,0
1.24353,3505.5,4.25091,-3.99386,3.62877,-3616.17,0
1.25005,3505.57,4.1455,-3.9292,2.18733,-3546.2,0
1.25653,3505.55,3.99053,-3.9482,3.67324,-3542.62,0
1.26301,3505.61,4.12138,-3.76236,0.850947,-3476.45,0
1.26948,3505.55,4.00696,-3.78872,4.12058,-3505.78,0
1.27599,3505.56,3.94257,-3.89301,2.71444,-3481.19,0
1.28246,3505.61,3.78213,-3.7636,2.87535,-3423.9,0
1.28899,3505.56,3.69073,-3.82822,4.79474,-3448.15,0
1.29552,3505.57,3.70055,-3.8804,2.35125,-3419.66,0
1.30206,3505.52,3.66924,-3.79382,5.46342,-3442.97,0
1.3086,3505.63,3.58333,-3.74007,0.700696,-3340.01,0
1.31506,3505.62,3.30561,-3.781,2.91489,-3327.23,0
1.32153,3505.6,3.38397,-3.75208,2.63893,-3332.67,0
1.32799,3505.67,3.32078,-3.62775,1.00055,-3264.29,0
1.3345,3505.62,3.3471,-3.79575,0.498126,-3278.97,0
1.341,3505.51,3.35909,-3.76157,3.96274,-3348.32,0
1.34754,3505.42,3.36664,-3.81657,5.43533,-3401.02,0
1.35407,3505.37,3.28606,-3.88513,4.69867,-3420.94,0
1.36051,3505.42,3.12755,-4.02049,1.59822,-3368.63,0
1.367,3505.3,3.30045,-4.17033,3.30758,-3440.4,0
1.37357,3505.27,3.32221,-4.08509,4.89832,-3445.48,0
1.3801,3505.29,3.30974,-4.15781,0.858418,-3414.47,0
1.3866,3505.33,2.97568,-4.13447,1.9531,-3367.92,0
1.3931,3505.31,2.95597,-4.09689,2.85893,-3368.65,0
1.39959,3505.28,2.80557,-4.27224,2.68062,-3375.55,0
1.40612,3505.16,2.79304,-4.43286,4.91588,-3442.51,0
1.41264,3505.16,2.76257,-4.3498,4.5659,-3424.12,0
1.41911,3505.19,2.84188,-4.3054,2.69335,-3390.62,0
1.42557,3505.22,2.78028,-4.2897,1.22449,-3351.96,0
1.43206,3505.16,2.77464,-4.4824,1.55239,-3383.09,0
1.43858,3505.09,2.80347,-4.46885,4.1851,-3416.14,0
1.44508,3505.19,2.60105,-4.29057,2.92884,-3330.83,0
1.45163,3505.19,2.60608,-4.22353,3.04079,-3312.81,0
1.45814,3505.19,2.66101,-4.2111,2.25725,-3297.38,0
1.46464,3505.15,2.5864,-4.29411,3.09403,-3309.02,0
1.47117,3505.2,2.53289,-4.26888,0.970341,-3265.27,0
1.47767,3505.21,2.42166,-4.04294,3.82689,-3243.81,0
1.48421,3505.16,2.60422,-4.01218,4.30578,-3259.99,0
1.49071,3505.12,2.52676,-4.12448,4.3133,-3276.27,0
1.49726,3505.06,2.50807,-4.38271,2.96853,-3298.32,0
1.5038,3505.01,2.37447,-4.58108,2.86952,-3317.68,0
1.51034,3505.1,2.23338,-4.44763,0.86109,-3243.77,0
1.51686,3504.97,2.2136,-4.35922,7.31726,-3318.51,0
1.52337,3504.95,2.34403,-4.3158,5.47045,-3313.5,0
1.52987,3504.93,2.2945,-4.26123,5.39725,-3316.45,0
1.53636,3504.94,2.36834,-4.27895,2.2933,-3290.34,0
1.54285,3505.02,2.32275,-4.06167,1.67872,-3230.59,0
1.54941,3504.89,2.37207,-4.2994,3.69628,-3298.55,0
1.55588,3504.97,2.24949,-4.15643,2.03231,-3233.33,0
1.56237,3505.04,2.09711,-4.02994,1.23018,-3176.94,0
1.56891,3504.96,2.19196,-4.09787,2.243,-3214.35,0
1.57542,3504.87,2.12054,-4.29918,3.88426,-3257.57,0
1.58193,3504.83,2.17979,-4.25201,5.42837,-3270.42,0
1.58847,3504.89,2.15547,-4.27911,0.876866,-3216.82,0
1.59495,3504.76,2.22625,-4.37565,4.65116,-3286.61,0
1.60144,3504.77,2.21385,-4.35655,3.05702,-3268.92,0
1.60795,3504.72,2.15687,-4.37906,4.64529,-3284.89,0
1.61447,3504.76,2.10494,-4.34738,2.85134,-3246.66,0
1.62096,3504.62,2.16808,-4.34152,7.62156,-3316.26,0
1.62743,3504.63,2.19869,-4.34491,4.2842,-3301.23,0
1.63394,3504.65,2.31855,-4.34466,0.961038,-3272.73,0
1.64046,3504.45,2.19229,-4.58772,7.48728,-3385.65,0
1.64695,3504.41,2.15031,-4.61487,6.07735,-3396.95,0
1.65348,3504.47,2.23746,-4.52953,2.34925,-3343.28,0
1.65996,3504.41,2.02095,-4.73198,3.05546,-3366.3,0
1.66647,3504.45,1.96347,-4.67355,1.6703,-3332.7,0
1.67301,3504.46,1.71883,-4.63508,2.93411,-3312.61,0
1.67949,3504.43,1.67272,-4.67334,2.69991,-3313.69,0
1.68601,3504.37,1.66249,-4.77664,3.41356,-3341.68,0
1.69251,3504.41,1.68352,-4.77141,0.378313,-3302.87,0
1.69901,3504.36,1.77592,-4.7619,1.32844,-3320.77,0
1.70553,3504.32,1.94508,-4.80341,0.773331,-3328.27,0
1.71197,3504.23,2.15073,-4.9425,0.488008,-3369.78,0
1.71847,3504.1,2.18294,-5.13002,2.7686,-3434.94,0
1.72499,3503.98,2.18625,-5.28325,4.67902,-3487.28,0
1.73151,3503.95,2.20329,-5.35304,3.43682,-3493.28,0
1.738,3503.9,2.2782,-5.34626,4.46782,-3509.65,0
1.74449,3503.88,2.36352,-5.2631,5.46753,-3510.29,0
1.751,3503.86,2.23683,-5.35063,4.11825,-3505.81,0
1.75749,3503.85,2.24397,-5.38522,2.4596,-3496.48,0
1.764,3503.82,2.29726,-5.33314,3.97332,-3502.36,0
1.77048,3503.83,2.32539,-5.38836,1.70964,-3483.76,0
1.77698,3503.72,2.58851,-5.37733,4.49099,-3534.23,0
1.78345,3503.67,2.65736,-5.32383,5.98049,-3549.96,0
1.78997,3503.68,2.93105,-5.39554,0.676719,-3533.48,0
1.7965,3503.57,2.95147,-5.38945,4.05762,-3579.29,0
1.80298,3503.53,2.88499,-5.44059,5.25154,-3590.43,0
1.80947,3503.5,2.81117,-5.45199,5.24448,-3591.3,0
1.81599,3503.5,2.88194,-5.4529,2.92039,-3577.84,0
1.8225,3503.56,2.87965,-5.30007,2.34482,-3531.75,0
1.82904,3503.45,2.85555,-5.24602,6.24021,-3579.5,0
1.83553,3503.53,2.79175,-5.24106,1.60883,-3525.48,0
1.84203,3503.53,2.67377,-5.22129,2.52119,-3511.11,0
1.84855,3503.42,2.5983,-5.50333,2.59941,-3561.09,0
1.85508,3503.36,2.53351,-5.43752,5.71845,-3576.89,0
1.86162,3503.42,2.64975,-5.24883,4.10501,-3534.25,0
1.86812,3503.46,2.79518,-5.12548,1.85413,-3500.93,0
1.87466,3503.46,2.63001,-5.16266,2.33242,-3487.3,0
1.88114,3503.56,2.56442,-4.94508,1.86194,-3423.12,0
1.8877,3503.46,2.49363,-5.11338,4.17583,-3466.22,0
1.89422,3503.49,2.55586,-5.02954,2.35735,-3436.67,0
1.90069,3503.4,2.60731,-5.21326,2.18868,-3473.91,0
1.9072,3503.39,2.6811,-5.04923,4.60716,-3464.97,0
1.9137,3503.33,2.65709,-5.04233,4.76815,-3483.2,0
1.92026,3503.43,2.4871,-5.00746,1.15535,-3422.06,0
1.92673,3503.37,2.52587,-5.10418,1.11331,-3439.49,0
1.93327,3503.31,2.60572,-5.07477,3.19023,-3459.02,0
1.93977,3503.34,2.41941,-4.92452,5.29097,-3434.72,0
1.94624,3503.3,2.46134,-4.95568,5.01903,-3441.66,0
1.95275,3503.31,2.39394,-5.03717,1.95562,-3425.29,0
1.95929,3503.27,2.37956,-5.10598,1.84599,-3434.34,0
1.96579,3503.27,2.32512,-5.11028,1.6902,-3422.14,0
1.97229,3503.3,2.21975,-5.06238,2.17824,-3399.13,0
1.97878,3503.28,2.2046,-5.04665,3.03496,-3398.25,0
1.9853,3503.25,2.13712,-5.00311,5.37122,-3401.74,0
1.99185,3503.26,2.03485,-5.06283,2.65487,-3381.95,0
1.99839,3503.19,2.06115,-5.10188,4.71344,-3406.71,0
2.00491,3503.21,1.99774,-5.18385,1.46029,-3388.2,0
2.01138,3503.21,2.10615,-4.95943,4.85452,-3374.31,0
2.01793,3503.15,2.0602,-4.93059,5.26465,-3395.94,0
2.02443,3503.08,1.9769,-4.9601,7.41043,-3417.98,0
2.03095,3503.08,2.05103,-5.09738,1.1209,-3407.86,0
2.03744,3503.09,1.85406,-5.12965,1.05956,-3390.94,0
2.04397,3503.02,1.95876,-5.15746,2.06277,-3413.34,0
2.05045,3502.91,1.88459,-5.38538,2.09869,-3455.38,0
2.05696,3502.87,1.74702,-5.46534,3.19703,-3468.47,0
2.06346,3502.77,1.88338,-5.58292,3.94225,-3505.34,0
2.06992,3502.76,1.86829,-5.64476,1.17908,-3497.86,0
2.07645,3502.65,1.81547,-5.69967,4.51803,-3538.99,0
2.08298,3502.69,1.80553,-5.60662,4.36207,-3509.74,0
2.08946,3502.71,1.6879,-5.61272,3.2647,-3489.75,0
2.09596,3502.71,1.78928,-5.58915,2.29267,-3477.57,0
2.10251,3502.79,1.66009,-5.36013,4.55819,-3429.51,0
2.10906,3502.79,1.57916,-5.2782,5.80587,-3419.74,0
2.11558,3502.81,1.56455,-5.35927,0.956867,-3400.2,0
2.12209,3502.66,1.58004,-5.45181,6.10165,-3459.84,0
2.12859,3502.64,1.58805,-5.41999,5.35587,-3459.95,0
2.13509,3502.66,1.51166,-5.39394,4.06652,-3439.66,0
2.1416,3502.66,1.53769,-5.45471,1.38573,-3428.35,0
2.1481,3502.59,1.40129,-5.46765,4.76916,-3447.61,0
2.15455,3502.59,1.54561,-5.37465,5.00458,-3440.45,0
2.16106,3502.51,1.72332,-5.45985,4.57671,-3465.17,0
2.16757,3502.51,1.61618,-5.3669,6.12498,-3455.24,0
2.17409,3502.53,1.62633,-5.37044,3.14727,-3433.79,0
2.18056,3502.48,1.62797,-5.43775,3.29371,-3449.55,0
2.18708,3502.52,1.62799,-5.31784,3.24382,-3419.39,0
2.19361,3502.55,1.47743,-5.31708,2.16166,-3394.83,0
2.20009,3502.57,1.27548,-5.35057,1.04281,-3378.05,0
2.2066,3502.59,1.36555,-5.18587,2.66941,-3358.34,0
2.2131,3502.56,1.3178,-5.20185,2.96823,-3362.6,0
2.21963,3502.51,1.38515,-5.153,5.36886,-3372.3,0
2.22619,3502.48,1.24785,-5.26164,3.71688,-3377.06,0
2.23271,3502.45,1.2251,-5.17245,6.18125,-3379.34,0
2.23919,3502.43,1.21727,-5.18925,4.49155,-3380.57,0
2.24566,3502.51,1.1185,-5.09349,2.18673,-3335.25,0
2.25216,3502.39,1.41972,-5.21571,2.80721,-3378.47,0
2.25864,3502.41,1.35894,-5.1597,3.45642,-3360.6,0
2.26515,3502.49,1.34336,-4.95785,4.46343,-3316.06,0
2.2717,3502.46,1.42477,-4.88512,5.86369,-3319.59,0
2.2782,3502.43,1.36616,-4.93329,3.95876,-3321.45,0
2.28471,3502.44,1.23979,-4.92992,3.18243,-3309.12,0
2.29124,3502.42,1.13394,-4.97521,3.24526,-3307.45,0
2.29777,3502.37,1.19265,-4.87687,6.90092,-3321.53,0
2.30418,3502.23,1.14871,-4.88442,9.58481,-3372.18,0
2.31068,3502.21,1.18628,-4.83173,5.4803,-3370.43,0
2.31717,3502.22,1.1591,-4.91163,2.12894,-3359.63,0
2.32365,3502.13,1.23337,-4.96865,3.86563,-3388.27,0
2.33014,3502.15,1.15812,-4.93807,2.73501,-3369.65,0
2.33664,3502.21,1.01986,-4.80944,3.82289,-3334.86,0
2.34313,3502.33,0.891351,-4.61335,1.99386,-3272.52,0
2.34964,3502.36,0.708297,-4.52794,3.24624,-3251,0
2.35606,3502.42,0.504443,-4.42788,2.29876,-3215.56,0
2.36255,3502.42,0.498824,-4.27687,6.58138,-3209.58,0
2.36906,3502.33,0.305188,-4.40592,6.23785,-3237.15,0
2.37561,3502.29,0.332479,-4.40942,5.35117,-3246.49,0
2.38207,3502.29,0.337461,-4.35296,5.09549,-3236.21,0
2.38858,3502.2,0.211877,-4.59782,2.47968,-3267.14,0
2.39509,3502.24,0.117898,-4.53604,0.906961,-3241.85,0
2.40157,3502.14,0.223921,-4.54921,4.32469,-3273.63,0
2.40808,3502.09,0.385041,-4.56087,5.45702,-3284.07,0
2.41456,3502.06,0.386572,-4.61424,2.14344,-3287.13,0
2.42109,3501.95,0.316545,-4.66971,6.40098,-3324.08,0
2.42759,3501.87,0.326052,-4.63988,6.86499,-3349.07,0
2.43413,3501.9,0.400836,-4.64874,2.99702,-3327.62,0
2.44066,3502.01,0.40638,-4.42778,2.57246,-3274.33,0
2.44719,3501.93,0.51644,-4.53864,3.10698,-3297.75,0
2.45371,3502.04,0.156376,-4.4112,0.486808,-3242.62,0
2.46023,3501.95,0.159549,-4.31873,7.09746,-3272.43,0
2.46672,3501.96,0.21416,-4.20987,5.07377,-3257.5,0
2.47327,3502.05,0.31253,-4.0953,2.65644,-3216.12,0
2.47974,3502.11,0.235817,-3.94459,3.40259,-3183.62,0
2.48623,3501.99,0.224626,-4.0658,5.85119,-3223.74,0
2.49274,3501.86,0.159027,-4.17164,6.3793,-3264.22,0
2.49922,3501.85,0.203428,-4.11991,6.7284,-3261.14,0
2.50575,3501.84,0.180597,-4.20119,2.68891,-3256.7,0
2.51223,3501.86,0.187144,-4.16623,1.57398,-3240.89,0
2.51877,3501.78,0.263983,-4.20145,4.87618,-3265.17,0
2.52522,3501.73,0.285365,-4.17587,6.57726,-3274.45,0
2.53172,3501.61,0.318588,-4.29127,8.40251,-3315.4,0
2.53823,3501.62,0.316731,-4.26515,3.49504,-3301.96,0
2.54475,3501.62,0.527236,-4.30496,0.424021,-3293.69,0
2.55121,3501.57,0.471661,-4.32756,1.48963,-3303,0
2.55765,3501.48,0.387792,-4.33397,4.79074,-3331.38,0
2.56416,3501.5,0.27404,-4.23451,5.22232,-3313.62,0
2.57063,3501.58,0.339943,-4.12707,3.68807,-3276.87,0
2.57717,3501.44,0.369218,-4.30735,4.408,-3320.21,0
2.58366,3501.45,0.276134,-4.33062,2.61833,-3310.67,0
2.59016,3501.43,0.34627,-4.35292,1.6396,-3307.29,0
2.59667,3501.37,0.325003,-4.3292,5.35251,-3322.81,0
2.60316,3501.31,0.122379,-4.36692,6.6611,-3338.05,0
2.6097,3501.31,0.062723,-4.3587,4.01767,-3330.97,0
2.61619,3501.29,0.122075,-4.41271,2.47359,-3330.95,0
2.6227,3501.36,0.162735,-4.21886,4.71338,-3292.7,0
2.62921,3501.4,-0.0159008,-4.16273,4.38665,-3272.12,0
2.63569,3501.46,0.0973644,-3.99769,5.67645,-3238.76,0
2.64221,3501.4,-0.0143065,-4.06637,5.40072,-3256.7,0
2.6487,3501.34,0.277986,-4.19372,2.41513,-3267.8,0
2.65523,3501.27,0.286529,-4.17552,6.79798,-3287.23,0
2.66173,3501.22,0.339614,-4.30333,2.41534,-3298.84,0
2.66825,3501.15,0.24997,-4.29828,7.17505,-3318.01,0
2.67474,3501.16,0.244994,-4.26615,2.35536,-3305.23,0
2.68128,3501.11,0.126029,-4.25052,6.4097,-3316.54,0
2.68779,3501.04,0.0986467,-4.30648,4.92346,-3333.6,0
2.69431,3501.01,0.00506072,-4.39066,2.49825,-3337.24,0
2.70076,3501.03,-0.15216,-4.3509,2.1581,-3320.64,0
2.70726,3500.97,-0.100354,-4.41813,3.28206,-3336.97,0
2.71369,3500.84,-0.105572,-4.38257,7.52285,-3374.89,0
2.72022,3500.85,-0.165709,-4.36895,4.64747,-3365.37,0
2.72673,3500.86,-0.0554217,-4.3401,4.19888,-3353.83,0
2.7332,3500.93,-0.0494514,-4.21038,4.18781,-3318.97,0
2.73969,3500.92,-0.00382124,-4.20383,4.04095,-3316,0
2.74617,3500.94,0.0764032,-4.15682,3.73933,-3300.17,0
2.75267,3500.94,0.176024,-4.16831,1.40025,-3289.78,0
2.75916,3501.06,0.265481,-3.90681,3.80572,-3238.97,0
2.76562,3501.09,0.164056,-3.79737,4.67845,-3222.12,0
2.77212,3501.12,0.154487,-3.78253,0.482625,-3204.6,0
2.77859,3501.08,0.303042,-3.64387,6.47444,-3210.76,0
2.78514,3501.11,0.242575,-3.57308,4.43009,-3190.86,0
2.79169,3501.1,0.219001,-3.5917,4.23749,-3189.2,0
2.79818,3501.23,0.0471275,-3.35247,4.4331,-3133.56,0
2.80464,3501.18,-0.0479348,-3.34866,7.66874,-3144.75,0
2.81116,3501.19,-0.0731956,-3.37849,4.05468,-3135.28,0
2.81763,3501.08,-0.173777,-3.55864,2.23383,-3164.85,0
2.82412,3501.05,-0.263529,-3.61224,0.48666,-3167.72,0
2.83067,3501.03,-0.163203,-3.52678,5.74054,-3169.78,0
2.83718,3501.01,-0.113822,-3.56277,3.96899,-3170.33,0
2.84369,3501.09,-0.189574,-3.40998,4.23799,-3134.18,0
2.85018,3501.05,-0.20481,-3.34483,5.11196,-3138.41,0
2.85668,3500.95,-0.326176,-3.47756,5.25049,-3167.86,0
2.86317,3500.88,-0.356015,-3.52519,3.92613,-3186.1,0
2.86971,3500.94,-0.303132,-3.37809,5.45582,-3156.47,0
2.87623,3500.91,-0.307079,-3.36754,7.22138,-3159.01,0
2.88273,3500.91,-0.316695,-3.28414,7.312,-3154.93,0
2.88925,3500.97,-0.172458,-3.26139,1.5012,-3123.83,0
2.8958,3500.97,-0.18872,-3.21477,2.42895,-3118.34,0
2.90232,3501.09,-0.254343,-3.03507,0.274128,-3070.99,0
2.90885,3501.01,-0.164116,-2.93074,10.1788,-3089,0
2.91537,3500.96,-0.248388,-3.02607,4.79252,-3099.39,0
2.92188,3500.95,-0.228258,-2.99097,4.88954,-3098.63,0
2.92841,3500.92,-0.16219,-3.01769,2.42534,-3100.5,0
2.93492,3500.85,-0.0615589,-3.06335,5.33383,-3118.94,0
2.94143,3500.74,0.0700808,-3.20899,3.82596,-3147.47,0
2.94796,3500.7,0.043413,-3.18382,7.00916,-3153.68,0
2.95444,3500.66,0.0458174,-3.20703,7.38558,-3160.72,0
2.96094,3500.6,-0.0539433,-3.29475,4.79179,-3174.88,0
2.96748,3500.58,-0.0947848,-3.30472,4.46455,-3174.39,0
2.97398,3500.49,-0.0963386,-3.29835,8.31088,-3197.25,0
2.9805,3500.53,-0.183922,-3.23204,5.64137,-3176.73,0
2.98702,3500.56,-0.186819,-3.22312,2.24915,-3161.46,0
2.99353,3500.54,-0.104419,-3.24593,1.40251,-3160.71,0
3.00002,3500.55,-0.026034,-3.11139,7.80193,-3149.26,0
3.00655,3500.52,-0.0929237,-3.12354,5.63871,-3152.68,0
3.01305,3500.52,-0.123365,-3.14548,2.0041,-3146.59,0
3.01955,3500.5,-0.20805,-3.14865,1.42725,-3147.69,0
3.02605,3500.44,-0.263615,-3.09817,7.74268,-3159.97,0
3.03258,3500.55,-0.192208,-2.98011,2.36534,-3115.78,0
3.03907,3500.52,-0.256801,-2.90936,6.39914,-3119.12,0
3.04555,3500.53,-0.255761,-2.78483,7.90376,-3109.46,0
3.05207,3500.56,-0.159467,-2.65005,0.380341,-3093.76,0
3.05861,3500.45,-0.144064,-2.6886,4.98061,-3123.93,0
3.06517,3500.4,-0.0745198,-2.67692,9.38571,-3132.68,0
3.07165,3500.39,-0.120236,-2.68873,5.81319,-3128.74,0
3.07818,3500.3,-0.134332,-2.62937,1.27836,-3150.14,0
3.0847,3500.21,-0.0185236,-2.58195,0.962159,-3172.66,0
3.09122,3500.13,-0.00459264,-2.54893,8.69776,-3194.18,0
3.09774,3500.08,-0.103092,-2.55073,0.995837,-3203.25,0
3.10425,3500.04,-0.213666,-2.53526,4.54445,-3207.74,0
3.11073,3499.96,-0.37998,-2.55213,8.01907,-3227.26,0
3.11725,3499.93,-0.301341,-2.47348,4.79344,-3231.72,0
3.12381,3499.87,-0.382922,-2.47076,8.35191,-3242.55,0
3.13034,3499.85,-0.33488,-2.48461,3.14405,-3242.44,0
3.13683,3499.91,-0.280274,-2.40436,2.3969,-3216.85,0
3.14333,3499.81,-0.187815,-2.44765,7.99629,-3241.53,0
3.14982,3499.72,-0.181444,-2.44223,6.07066,-3263.58,0
3.15628,3499.67,-0.239457,-2.33865,8.63349,-3274.33,0
3.1628,3499.58,-0.251009,-2.32334,5.95821,-3295.96,0
3.1693,3499.6,-0.362241,-2.23116,9.24218,-3281.32,0
3.17576,3499.53,-0.398593,-2.22448,3.99414,-3297.28,0
3.18226,3499.56,-0.394569,-2.17563,4.28054,-3280.67,0
3.1888,3499.56,-0.512872,-2.11979,5.82623,-3272.84,0
3.19526,3499.54,-0.387898,-2.18244,2.08699,-3274.66,0
3.20176,3499.52,-0.284628,-2.07727,5.10775,-3273.78,0
3.20827,3499.43,-0.284999,-2.05921,5.37104,-3293.1,0
3.21476,3499.57,-0.184364,-1.94194,4.39054,-3245.86,0
3.22125,3499.58,-0.0292888,-1.93658,2.24429,-3234.9,0
3.22771,3499.63,-0.132702,-1.85514,5.31677,-3211.48,0
3.23421,3499.6,-0.10564,-1.88043,2.95369,-3215.49,0
3.24072,3499.6,0.111011,-1.84297,7.06341,-3209.32,0
3.24724,3499.55,-0.000665223,-1.79681,5.88763,-3218.21,0
3.25374,3499.52,0.132389,-1.64893,9.8912,-3221.07,0
3.26021,3499.44,0.266967,-1.57472,8.29086,-3239.12,0
3.26673,3499.48,0.300024,-1.54621,1.53463,-3221.06,0
3.27329,3499.44,0.296162,-1.5077,2.15095,-3227.13,0
3.27978,3499.29,0.196883,-1.34412,9.17394,-3266.73,0
3.2863,3499.26,0.0915737,-1.18499,10.4755,-3267.75,0
3.29279,3499.2,0.152068,-1.12063,1.4375,-3279.56,0
3.2993,3499.18,0.183762,-1.01278,5.17948,-3280.07,0
3.30581,3499.18,0.210832,-0.768784,6.76901,-3272.92,0
3.31229,3499.06,0.28873,-0.540898,3.87189,-3304.17,0
3.31879,3498.92,0.256563,-0.371465,10.0974,-3338.77,0
3.32117,3498.91,0.189592,-0.255329,4.05405,-3339.84,1
