0.00655819,3509.98,1.55047,-3.9983,0.592484,-2481.8,0
0.0130592,3509.86,1.46054,-4.25955,3.20473,-10559.9,0
0.0195989,3509.82,1.3668,-4.40373,2.50884,-8966.46,0
0.0261159,3509.89,1.59128,-4.10523,0.950686,-4076.04,0
0.0326482,3509.84,1.61621,-4.09336,2.54884,-4913.82,0
0.0391741,3509.75,1.67429,-4.07653,4.91941,-6474.72,0
0.045644,3509.73,1.77914,-4.06127,3.67496,-6016.61,0
0.0521155,3509.75,1.51912,-4.05396,2.66981,-4722.44,0
0.0586567,3509.75,1.41848,-3.979,2.87369,-4294.76,0
0.065129,3509.68,1.50011,-4.11386,3.8642,-4963.35,0
0.0716607,3509.71,1.67259,-4.16454,1.1835,-4079.2,0
0.0781967,3509.66,1.65067,-4.28243,1.83322,-4336.6,0
0.0846932,3509.58,1.82526,-4.1655,4.24532,-4978.15,0
0.0912659,3509.55,1.76683,-4.19576,4.7272,-4978.53,0
0.097754,3509.54,1.68504,-4.14257,4.45813,-4741.92,0
0.104273,3509.52,1.55829,-4.29119,3.01843,-4573.2,0
0.11084,3509.45,1.5829,-4.26351,4.045,-4978.59,0
0.117315,3509.51,1.45859,-4.20193,1.89445,-4135.81,0
0.123847,3509.44,1.33505,-4.12097,4.30144,-4483.37,0
0.130355,3509.48,1.50463,-4.16739,1.99279,-4011.34,0
0.136865,3509.49,1.55837,-4.16853,1.15756,-3727.22,0
0.143394,3509.39,1.44431,-4.3535,3.28278,-4252.56,0
0.149876,3509.38,1.19836,-4.26227,4.10774,-4118.31,0
0.156374,3509.36,1.2479,-4.32431,2.92476,-4101.49,0
0.162885,3509.37,1.26287,-4.40493,1.43644,-3863.07,0
0.169408,3509.3,1.38958,-4.50054,2.51441,-4107.92,0
0.175942,3509.26,1.3353,-4.87239,1.0706,-4187.08,0
0.182484,3509.14,1.35982,-5.0025,3.68293,-4729.13,0
0.188964,3509.07,1.24149,-5.03534,5.34413,-4937.51,0
0.195461,3509.04,1.18336,-4.97873,4.65316,-4928.58,0
0.201985,3509.1,1.16037,-4.98524,1.29715,-4459.59,0
0.208461,3509.06,1.13532,-5.09814,1.50934,-4507.9,0
0.214967,3509.03,1.35012,-5.19116,1.05596,-4505.52,0
0.221482,3509.03,1.22001,-5.03471,2.06891,-4358.07,0
0.227987,3509.04,1.38444,-4.90096,2.28903,-4219.31,0
0.234497,3509.07,1.31152,-4.75907,2.08455,-3973.53,0
0.24097,3508.92,1.3407,-4.76502,6.10184,-4487.83,0
0.247462,3509.02,1.54792,-4.65249,2.12438,-3961.64,0
0.253972,3508.95,1.50187,-4.55976,4.13932,-4115.54,0
0.260506,3508.89,1.38626,-4.54942,5.43699,-4244.98,0
0.267002,3508.94,1.40735,-4.53412,2.11437,-3983.32,0
0.273502,3508.9,1.51702,-4.7265,1.584,-4037.84,0
0.279998,3508.91,1.55635,-4.43376,2.6017,-3882.73,0
0.286522,3508.8,1.76355,-4.6405,4.0566,-4176.1,0
0.293032,3508.83,1.74163,-4.80843,1.47329,-3994.86,0
0.299568,3508.84,1.92739,-4.62835,1.54585,-3868.51,0
0.306059,3508.86,1.71865,-4.64469,0.872463,-3739.81,0
0.31254,3508.78,1.58088,-4.57941,4.05621,-3902.97,0
0.319046,3508.77,1.54616,-4.75764,2.42539,-3844.19,0
0.325574,3508.73,1.53545,-4.75576,3.38955,-3914.99,0
0.332113,3508.74,1.30873,-4.54948,4.11267,-3797.25,0
0.338639,3508.72,1.33813,-4.53878,3.52871,-3781.87,0
0.345134,3508.76,1.42495,-4.6009,1.04902,-3595.04,0
0.351641,3508.73,1.27844,-4.4566,3.30715,-3620.61,0
0.358164,3508.68,1.16257,-4.48296,4.71349,-3693.43,0
0.364678,3508.64,1.1429,-4.63432,4.04653,-3718.62,0
0.37117,3508.61,0.946566,-4.69266,4.38096,-3736.86,0
0.377665,3508.58,0.881589,-4.64059,4.58366,-3763.13,0
0.384183,3508.52,0.790892,-4.82829,3.56279,-3853.72,0
0.390658,3508.52,0.739999,-4.91507,2.74936,-3798.33,0
0.397194,3508.52,0.715678,-4.96286,1.49686,-3715.45,0
0.403685,3508.48,0.887668,-5.00498,1.91574,-3764.98,0
0.410188,3508.43,0.995856,-4.92722,3.74219,-3826.17,0
0.416724,3508.33,0.945462,-4.90486,5.3313,-3996.03,0
0.423192,3508.34,0.932381,-4.84696,3.65468,-3920.54,0
0.429726,3508.4,0.82692,-4.6587,2.40561,-3714.91,0
0.436234,3508.37,0.793031,-4.43299,4.14096,-3728.08,0
0.442717,3508.41,0.725277,-4.23299,3.52899,-3585.04,0
0.449234,3508.38,0.703439,-4.09505,4.94692,-3612.63,0
0.455737,3508.38,0.515874,-4.17641,4.03215,-3562.21,0
0.462263,3508.39,0.571436,-4.02717,3.29763,-3483.24,0
0.468783,3508.28,0.610079,-3.92501,5.58153,-3677.95,0
0.475305,3508.24,0.715016,-3.82364,5.43827,-3707.37,0
0.481791,3508.24,0.749407,-3.69409,4.68337,-3658.91,0
0.488299,3508.29,0.57735,-3.67371,2.27628,-3509.87,0
0.494783,3508.24,0.632932,-3.72277,2.72986,-3555.62,0
0.501286,3508.19,0.577955,-3.68608,3.5964,-3613.22,0
0.507814,3508.28,0.610777,-3.45755,0.876048,-3387.91,0
0.514335,3508.27,0.625396,-3.3337,1.60562,-3365.52,0
0.520836,3508.24,0.649002,-3.38391,2.2813,-3385.72,0
0.527367,3508.25,0.827888,-3.34657,1.26411,-3322.69,0
0.533856,3508.23,1.05176,-3.25511,1.84372,-3310.06,0
0.54036,3508.14,1.1084,-3.29844,4.58376,-3449.16,0
0.546833,3508.2,1.07044,-3.36477,1.16427,-3294.85,0
0.55336,3508.11,0.932989,-3.39333,3.52199,-3420.32,0
0.559859,3508.02,0.966011,-3.4264,5.36884,-3542.19,0
0.566396,3507.98,0.97076,-3.43364,4.25523,-3568.19,0
0.572937,3507.91,0.9141,-3.41809,4.41851,-3640.24,0
0.579436,3507.99,0.970925,-3.29805,1.16299,-3467.28,0
0.58591,3507.99,0.786249,-3.17439,2.07311,-3431.25,0
0.592454,3507.96,0.84215,-3.14162,2.75948,-3437.49,0
0.598928,3507.96,0.884776,-3.15471,2.1669,-3402.8,0
0.605465,3507.91,1.11819,-3.06079,3.83256,-3453.38,0
0.611989,3507.81,1.08229,-3.01227,5.20471,-3580.18,0
0.618518,3507.72,1.13305,-2.97994,6.02267,-3681.42,0
0.625029,3507.71,1.02053,-2.92642,5.06652,-3671.45,0
0.631504,3507.68,0.972367,-2.90108,4.21695,-3675.38,0
0.638007,3507.64,0.828914,-2.9346,4.51673,-3693.87,0
0.644557,3507.59,0.868918,-3.18007,4.19552,-3737.39,0
0.651063,3507.64,0.757714,-3.17991,1.50293,-3625.23,0
0.657562,3507.61,0.629413,-3.00275,3.91319,-3636.27,0
0.66407,3507.6,0.547473,-2.95626,4.37114,-3611.6,0
0.670582,3507.58,0.422648,-2.96075,4.22508,-3607.2,0
0.677125,3507.61,0.526442,-2.93454,0.723849,-3525.68,0
0.683632,3507.58,0.300642,-2.94534,2.125,-3547.01,0
0.69015,3507.56,0.388372,-2.93895,2.52914,-3537.34,0
0.696632,3507.53,0.434337,-2.97349,3.1383,-3548.33,0
0.703133,3507.57,0.358967,-2.95178,0.940274,-3456.49,0
0.709626,3507.39,0.289624,-2.94703,6.39512,-3675.95,0
0.716123,3507.46,0.0805619,-2.99831,1.92472,-3541.43,0
0.722608,3507.36,0.10399,-2.89697,5.66168,-3649.63,0
0.72912,3507.35,0.154328,-2.83649,4.16695,-3638.29,0
0.735597,3507.31,0.0543242,-2.88377,4.13202,-3653.43,0
0.74214,3507.3,0.0977038,-2.89962,3.95455,-3640.23,0
0.748654,3507.3,0.175571,-2.97478,2.3434,-3608.42,0
0.755154,3507.27,-0.01827,-2.83939,4.38575,-3619.16,0
0.761667,3507.22,0.132589,-2.79727,5.29831,-3646.27,0
0.768191,3507.22,0.208051,-2.74398,5.18963,-3622.8,0
0.774717,3507.21,0.139237,-2.64787,4.58641,-3606.8,0
0.781193,3507.1,0.185809,-2.54527,6.99579,-3709.89,0
0.787709,3507.09,0.13319,-2.53246,5.33442,-3693.57,0
0.794207,3507.01,0.123924,-2.56162,6.19825,-3767.78,0
0.800754,3507.01,0.115819,-2.56776,3.85157,-3732.8,0
0.807246,3506.98,0.164016,-2.50634,4.19163,-3742.26,0
0.813724,3506.97,-0.0601903,-2.3965,4.21623,-3719.42,0
0.820253,3507.01,-0.0900362,-2.47551,1.07198,-3642.73,0
0.826751,3506.88,-0.129646,-2.5061,5.76571,-3776.42,0
0.833264,3506.78,-0.106441,-2.48951,7.12064,-3863.62,0
0.839769,3506.72,-0.115538,-2.54795,6.40827,-3900.58,0
0.846289,3506.77,-0.0405732,-2.52282,2.23165,-3815.18,0
0.852766,3506.71,0.0227513,-2.51273,4.07664,-3854.5,0
0.859276,3506.72,0.131147,-2.47085,2.77506,-3815.69,0
0.865813,3506.62,0.408518,-2.37699,6.92247,-3908.41,0
0.872352,3506.7,0.505286,-2.32266,1.06847,-3786.43,0
0.878856,3506.61,0.58454,-2.32416,3.96524,-3856.83,0
0.885375,3506.66,0.718931,-2.22529,1.61004,-3776.97,0
0.891842,3506.67,0.712165,-2.07972,1.48852,-3735.83,0
0.898308,3506.64,0.749305,-2.07155,1.99714,-3743.93,0
0.904804,3506.61,0.80937,-1.89417,3.57898,-3748.03,0
0.911285,3506.6,0.943925,-2.07787,1.96826,-3733.69,0
0.917781,3506.62,0.954745,-1.96621,0.528022,-3681.81,0
0.924281,3506.56,0.865272,-2.03787,2.83284,-3720.22,0
0.930757,3506.49,0.904129,-2.19412,3.82131,-3766.52,0
0.937278,3506.44,0.917272,-2.26149,4.54807,-3800.29,0
0.943793,3506.41,0.93776,-2.41934,3.65686,-3800.66,0
0.950286,3506.38,0.853837,-2.61203,3.68093,-3809.76,0
0.956798,3506.35,0.898643,-2.6728,3.75371,-3818.62,0
0.963328,3506.33,0.805354,-2.95001,1.80056,-3807.34,0
0.969827,3506.21,0.880726,-3.08783,5.60864,-3912.55,0
0.976335,3506.19,0.943371,-3.08786,5.03599,-3902.6,0
0.982818,3506.18,1.01653,-3.20394,2.92966,-3888.71,0
0.989348,3506.05,0.93053,-3.20831,6.73592,-3987.91,0
0.995864,3506.01,1.01558,-3.18856,5.97703,-4006.08,0
1.0024,3506.02,0.974807,-3.15145,4.07772,-3973.17,0
1.00892,3506.02,0.92353,-3.30747,1.23703,-3943,0
1.01539,3505.99,0.728825,-3.07155,5.11701,-3944.91,0
1.02192,3505.91,0.784239,-2.96798,6.83592,-4004.82,0
1.02844,3505.85,0.691688,-2.96744,5.98167,-4030.48,0
1.03498,3505.91,0.61698,-3.06858,0.809824,-3956.6,0
1.04147,3505.8,0.576004,-2.99999,5.75817,-4036.3,0
1.04795,3505.78,0.564723,-2.95752,5.74146,-4022.5,0
1.05446,3505.75,0.578375,-2.93176,4.84462,-4031.81,0
1.06095,3505.72,0.445501,-2.94672,4.27881,-4030.73,0
1.06747,3505.63,0.488051,-2.82821,7.2656,-4092.29,0
1.07401,3505.69,0.475273,-3.00336,1.02203,-4016.39,0
1.08054,3505.59,0.430298,-2.92809,4.78621,-4083.35,0
1.08706,3505.56,0.456278,-2.88391,4.95726,-4085.39,0
1.09356,3505.53,0.538902,-2.82158,5.24445,-4090.71,0
1.10005,3505.52,0.473891,-2.91764,2.32994,-4075.18,0
1.10659,3505.47,0.399428,-3.14254,1.72603,-4091.65,0
1.11313,3505.4,0.304129,-3.32495,3.44761,-4136.57,0
1.11962,3505.3,0.23186,-3.38918,5.45443,-4201.64,0
1.12615,3505.28,0.243059,-3.42832,4.78849,-4189.55,0
1.13268,3505.32,0.282195,-3.30007,2.52967,-4133.73,0
1.13921,3505.26,0.253108,-3.43592,2.43941,-4158.7,0
1.1457,3505.26,0.272747,-3.39862,2.68206,-4138.82,0
1.15222,3505.19,0.109471,-3.29817,5.96959,-4176.82,0
1.15873,3505.18,0.199542,-3.25479,5.36593,-4162.19,0
1.16524,3505.18,0.305894,-3.20447,4.49645,-4137.47,0
1.17176,3505.13,0.281979,-3.13262,4.80084,-4158.76,0
1.17823,3505.16,0.339688,-3.07477,2.14972,-4107.78,0
1.18476,3505.15,0.437144,-3.02878,2.68874,-4093.24,0
1.19129,3505.06,0.376827,-3.05172,6.51715,-4147.07,0
1.19776,3505.06,0.251915,-3.01072,4.43077,-4128.49,0
1.20428,3505,0.237145,-2.99401,5.62759,-4155.03,0
1.21075,3505.06,0.386931,-3.04339,0.142231,-4082.46,0
1.21726,3505.01,0.57998,-3.01418,2.61125,-4101.61,0
1.22376,3504.96,0.65193,-3.15814,2.66937,-4121.34,0
1.23029,3504.86,0.591124,-3.22214,5.47878,-4178.13,0
1.23678,3504.84,0.654428,-3.20519,4.80236,-4175.78,0
1.24326,3504.8,0.675071,-3.2603,3.98537,-4180.3,0
1.24977,3504.73,0.664425,-3.2352,6.86587,-4219.69,0
1.25625,3504.68,0.643102,-3.21473,5.34384,-4233.93,0
1.26274,3504.66,0.571164,-3.1958,5.11115,-4230.81,0
1.26922,3504.62,0.456699,-3.21301,4.96506,-4240.95,0
1.27579,3504.56,0.397784,-3.28289,6.8061,-4264.81,0
1.28232,3504.52,0.344963,-3.27449,5.82398,-4277.18,0
1.28883,3504.6,0.34687,-3.15289,0.686673,-4189.32,0
1.29537,3504.47,0.331924,-3.31623,4.75152,-4267.69,0
1.30193,3504.49,0.282257,-3.22369,3.07454,-4232.07,0
1.30842,3504.41,0.461192,-3.33871,4.99208,-4273.27,0
1.31495,3504.39,0.320407,-3.38227,4.35192,-4265.17,0
1.32142,3504.45,0.196164,-3.19237,3.77053,-4201.57,0
1.32792,3504.49,0.235621,-3.10622,1.80725,-4151.85,0
1.33441,3504.44,-0.106854,-3.2937,0.910113,-4164.28,0
1.3409,3504.34,-0.0309395,-3.21759,6.52989,-4222.16,0
1.34741,3504.37,0.0216838,-3.24095,2.84284,-4177.37,0
1.35392,3504.4,0.159966,-3.14294,2.22713,-4136.27,0
1.36042,3504.33,0.163655,-3.21878,4.32977,-4168.15,0
1.36695,3504.29,0.0163946,-3.36943,2.97871,-4177.36,0
1.37347,3504.24,0.144601,-3.30908,5.74412,-4193.51,0
1.37998,3504.19,0.178554,-3.39085,4.93648,-4206.59,0
1.38651,3504.29,0.223817,-3.21427,1.39154,-4119.12,0
1.39307,3504.28,0.154595,-2.97191,5.24486,-4103.34,0
1.39957,3504.23,0.226488,-3.23077,3.31707,-4120.19,0
1.40608,3504.2,0.0857476,-3.31794,2.83774,-4125.12,0
1.41265,3504.14,0.0909788,-3.31734,5.73911,-4147.75,0
1.41918,3504.1,0.108686,-3.38756,5.10501,-4160.41,0
1.42565,3504.15,0.0897895,-3.25249,2.60204,-4101.11,0
1.43215,3504.05,-0.0526698,-3.3011,6.43985,-4152.53,0
1.43862,3504.05,-0.0556918,-3.326,4.41034,-4136.75,0
1.44507,3504.06,-0.0231117,-3.26879,2.5237,-4107.13,0
1.4516,3504,-0.0522454,-3.36494,4.56984,-4136.51,0
1.45811,3503.92,-0.150659,-3.42228,7.13809,-4168.25,0
1.46457,3503.92,-0.0995036,-3.40298,5.02861,-4152.45,0
1.47109,3503.9,-0.00332112,-3.45317,4.07526,-4144.33,0
1.47758,3503.85,-0.0426791,-3.36369,6.20291,-4160.19,0
1.48406,3503.86,-0.00580184,-3.47968,1.69983,-4139.55,0
1.49055,3503.83,-0.191608,-3.59336,0.532925,-4140.78,0
1.49707,3503.78,-0.146853,-3.48979,4.47473,-4155.51,0
1.50358,3503.77,-0.19268,-3.40466,5.07794,-4143.88,0
1.51011,3503.73,-0.0457023,-3.40355,5.44159,-4153.05,0
1.51665,3503.73,-0.0850814,-3.50419,0.936795,-4132.86,0
1.52314,3503.69,-0.171296,-3.48673,3.77802,-4145.64,0
1.5296,3503.65,-0.226524,-3.44322,4.73996,-4151.31,0
1.53611,3503.63,-0.129656,-3.45912,4.62475,-4143.67,0
1.54263,3503.65,-0.0964805,-3.44653,2.93487,-4114.11,0
1.54914,3503.65,-0.253921,-3.45434,1.83048,-4100.23,0
1.55566,3503.63,-0.216073,-3.37232,4.26581,-4093.28,0
1.56217,3503.63,-0.266748,-3.38545,2.74512,-4076.9,0
1.56869,3503.61,-0.388734,-3.31986,4.10682,-4072.63,0
1.5752,3503.65,-0.381513,-3.26622,1.50931,-4033.31,0
1.58169,3503.56,-0.451709,-3.18921,5.66738,-4073.56,0
1.58818,3503.51,-0.453254,-3.16606,5.36951,-4083.59,0
1.59468,3503.51,-0.379841,-3.13618,5.59725,-4069.71,0
1.60122,3503.45,-0.335207,-3.08436,4.94315,-4091.02,0
1.60771,3503.4,-0.283275,-3.08535,4.59527,-4102.3,0
1.61421,3503.34,-0.279453,-3.1286,5.76384,-4127.9,0
1.62073,3503.34,-0.433055,-3.14572,2.2922,-4108.08,0
1.62723,3503.35,-0.55482,-2.89306,5.63226,-4083.93,0
1.63375,3503.27,-0.532252,-2.84611,7.8037,-4116.91,0
1.64029,3503.36,-0.56301,-2.64947,4.5569,-4049.64,0
1.6468,3503.34,-0.4198,-2.59259,5.99061,-4042.03,0
1.65331,3503.39,-0.372267,-2.4429,4.74104,-3996.56,0
1.65985,3503.45,-0.262627,-2.31996,0.749018,-3945.04,0
1.66634,3503.43,-0.260691,-2.27224,2.70117,-3941.78,0
1.67285,3503.45,-0.258032,-2.25812,0.755881,-3916.18,0
1.67935,3503.44,-0.395045,-2.22663,1.44033,-3908.83,0
1.6859,3503.41,-0.317506,-2.30147,1.53024,-3906.38,0
1.69244,3503.38,-0.343211,-2.20016,4.83742,-3909.97,0
1.69898,3503.31,-0.335556,-2.17904,6.82278,-3935.36,0
1.70545,3503.25,-0.20742,-2.19215,7.44973,-3957.12,0
1.71197,3503.28,-0.16428,-2.1951,2.89208,-3925.37,0
1.71847,3503.19,-0.15531,-2.29082,7.49861,-3965.31,0
1.72498,3503.14,-0.188179,-2.25536,5.27192,-3974.09,0
1.73156,3503.11,-0.214874,-2.31072,3.36571,-3977.27,0
1.73814,3503.08,-0.087799,-2.31542,4.54554,-3979.08,0
1.74464,3503.03,-0.186586,-2.31669,5.42524,-3995.57,0
1.75116,3503.02,-0.110545,-2.38796,3.81285,-3987.98,0
1.75765,3503.05,-0.130461,-2.31678,2.02223,-3956.52,0
1.76419,3503.01,-0.0831958,-2.25362,5.18027,-3960.34,0
1.77075,3503,-0.014181,-2.28077,2.66704,-3955.26,0
1.7773,3502.95,-0.0685612,-2.34189,3.84395,-3968.32,0
1.78384,3502.97,-0.16652,-2.1024,6.79037,-3942.16,0
1.79033,3502.92,-0.234046,-2.1384,4.56874,-3952.22,0
1.79682,3502.99,-0.206299,-2.01232,1.33636,-3902.85,0
1.80325,3502.93,-0.261069,-2.05444,4.26368,-3920.81,0
1.80972,3502.91,-0.241139,-2.0806,4.80296,-3918.63,0
1.81622,3502.93,-0.0869323,-2.03468,3.40925,-3892.94,0
1.82275,3502.93,0.0406106,-1.93131,4.65496,-3876.51,0
1.82926,3502.87,0.028831,-1.93927,5.11589,-3899.26,0
1.83579,3502.8,-0.0437816,-1.8671,7.99836,-3923.13,0
1.84234,3502.81,0.01843,-1.77263,6.71786,-3903.4,0
1.84885,3502.83,-0.120311,-1.83138,1.32463,-3880.66,0
1.85536,3502.72,-0.0177565,-1.81455,8.59178,-3922.54,0
1.86191,3502.77,0.0675197,-1.79145,2.4399,-3885.22,0
1.86836,3502.75,0.15711,-1.65224,5.63968,-3880.55,0
1.87487,3502.69,0.166748,-1.63914,8.39421,-3897.1,0
1.88136,3502.68,0.202223,-1.60231,7.63815,-3890.91,0
1.88781,3502.65,0.168316,-1.49835,5.33556,-3894.15,0
1.89433,3502.65,0.163912,-1.52197,3.58417,-3880.98,0
1.90086,3502.61,0.162326,-1.55529,5.63489,-3890.08,0
1.90738,3502.57,0.0386633,-1.62432,4.22864,-3893.63,0
1.91392,3502.61,0.0288239,-1.47231,2.70985,-3859.08,0
1.9204,3502.51,0.00268299,-1.54397,8.02426,-3902.31,0
1.92692,3502.52,-0.0158655,-1.50646,5.27568,-3881.07,0
1.93347,3502.49,0.0166078,-1.46855,6.97442,-3884.79,0
1.93997,3502.46,0.0174065,-1.44691,5.97736,-3884.51,0
1.94645,3502.5,0.0292964,-1.33603,4.1514,-3854.48,0
1.95292,3502.5,-0.00331008,-1.34967,0.503832,-3840.78,0
1.9594,3502.46,0.14387,-1.34956,3.32057,-3849.74,0
1.9659,3502.44,0.399086,-1.27932,4.18113,-3846.64,0
1.97243,3502.41,0.386927,-1.26084,2.62901,-3847.31,0
1.97894,3502.32,0.41526,-1.34201,6.38253,-3880.01,0
1.98538,3502.32,0.356562,-1.27387,2.59202,-3866.02,0
1.99192,3502.28,0.29072,-1.39407,3.58202,-3874.73,0
1.99844,3502.25,0.0460551,-1.37164,7.6658,-3878.45,0
2.00493,3502.23,0.063657,-1.33788,3.14347,-3874.63,0
2.01142,3502.21,-0.0588228,-1.29442,5.71965,-3870.88,0
2.01789,3502.18,-0.0965736,-1.28984,7.03094,-3874.2,0
2.02441,3502.17,-0.146665,-1.26499,4.60426,-3868.02,0
2.03091,3502.08,-0.116187,-1.39478,7.80293,-3897.48,0
2.03741,3502.12,0.154991,-1.32546,4.10182,-3867.1,0
2.0439,3502.11,0.0929597,-1.25231,7.1997,-3861.85,0
2.05043,3502.12,0.082467,-1.14406,6.19765,-3844.09,0
2.05689,3502.14,0.0473593,-1.11071,2.56074,-3822.32,0
2.06342,3502.08,-0.0150435,-1.15825,4.82655,-3839.06,0
2.06997,3502.11,0.0667151,-1.07057,2.31971,-3812.79,0
2.07647,3501.97,0.0468104,-1.01297,5.60766,-3864.76,0
2.083,3502,-0.0725398,-0.985331,0.929646,-3840.76,0
2.08948,3501.96,-0.140482,-0.98307,4.43127,-3845.7,0
2.09599,3501.91,-0.179866,-1.14808,1.42469,-3861.94,0
2.10252,3501.89,-0.228435,-1.1091,3.15865,-3856.58,0
2.10901,3501.85,-0.156987,-0.971564,10.3236,-3865.04,0
2.11551,3501.74,-0.199396,-1.02107,5.70871,-3903.94,0
2.12202,3501.65,-0.180518,-1.2469,6.89536,-3934.58,0
2.12854,3501.56,-0.116701,-1.16873,8.17861,-3966.1,0
2.13505,3501.59,-0.15009,-0.988395,6.58978,-3939.49,0
2.14155,3501.6,-0.26477,-0.972899,1.80609,-3921.54,0
2.14811,3501.58,-0.175931,-0.988835,4.48134,-3921.87,0
2.15461,3501.55,-0.246544,-1.00523,4.56783,-3923.72,0
2.16114,3501.54,-0.238774,-0.933049,5.31206,-3912.37,0
2.16764,3501.43,-0.24915,-0.922217,7.34535,-3952.86,0
2.17412,3501.42,-0.275957,-0.952213,3.97908,-3945.24,0
2.18065,3501.39,-0.225356,-0.880982,8.25168,-3946.8,0
2.18717,3501.38,-0.115775,-0.973474,4.43765,-3940.49,0
2.19367,3501.34,-0.0518261,-0.963891,7.77829,-3947.66,0
2.20019,3501.3,0.00901729,-0.949667,10.9019,-3952.41,0
2.2067,3501.32,-0.00450535,-0.909872,4.95399,-3933.01,0
2.2132,3501.26,-0.0437383,-0.852899,2.42247,-3947.05,0
2.21974,3501.23,-0.0890253,-0.86748,6.48023,-3951.83,0
2.22625,3501.2,-0.0335262,-0.968648,3.01885,-3951.49,0
2.23279,3501.05,-0.0631276,-0.946647,5.65523,-4006.23,0
2.23932,3501.05,0.0297585,-0.876539,10.4299,-3997.73,0
2.2458,3501.08,0.110032,-0.763813,6.58175,-3971.02,0
2.25229,3501.03,0.00689339,-0.723274,7.34216,-3983.81,0
2.25878,3501,-0.0116023,-0.717838,0.735954,-3986.14,0
2.26533,3500.99,0.108381,-0.630941,5.23146,-3975.22,0
2.27183,3500.93,0.0344475,-0.660942,6.85271,-3993.79,0
2.27838,3500.87,0.0825321,-0.788762,7.26812,-4008.21,0
2.28491,3500.84,0.29408,-0.82894,2.09674,-4009.68,0
2.29139,3500.78,0.281672,-0.717706,1.7887,-4025.21,0
2.29783,3500.71,0.267715,-0.719022,1.72308,-4041.38,0
2.30437,3500.57,0.321762,-0.809884,9.42147,-4091.29,0
2.31085,3500.47,0.421454,-0.885207,3.94753,-4122.64,0
2.3173,3500.45,0.60493,-0.740062,10.7359,-4121.54,0
2.32376,3500.43,0.537735,-0.601971,4.62974,-4119.46,0
2.33026,3500.43,0.428383,-0.604748,1.00867,-4106.43,0
2.33676,3500.32,0.255217,-0.609358,7.49724,-4144.11,0
2.34332,3500.2,0.243022,-0.510295,10.5995,-4183.18,0
2.34984,3500.03,0.206592,-0.375254,8.52834,-4243.71,0
2.3564,3499.88,0.0680561,-0.255174,10.5009,-4292.88,0
2.35894,3499.81,0.0467474,-0.128872,1.36905,-4318.22,2
