0.00650904,3509.92,-3.09129,6.35325,1.16229,-11799.7,0
0.013063,3509.85,-3.10678,6.37092,2.7525,-11230.8,0
0.019554,3509.75,-3.22434,6.49965,4.03262,-12543.6,0
0.0260504,3509.65,-3.21418,6.49724,4.7003,-13504.8,0
0.0325529,3509.59,-3.15473,6.53442,4.7398,-12566.7,0
0.0390683,3509.58,-3.13254,6.58908,3.4027,-10624.6,0
0.0455794,3509.54,-3.13613,6.58027,3.44709,-10150.4,0
0.0520766,3509.64,-3.19268,6.38532,0.846963,-6873.6,0
0.0585441,3509.59,-3.06743,6.39753,2.65555,-7018.62,0
0.0650126,3509.53,-2.86184,6.50712,3.84529,-7299.94,0
0.0715064,3509.55,-2.83085,6.59865,1.90108,-6275.06,0
0.0780288,3509.49,-2.71852,6.62747,3.07921,-6521.88,0
0.0845794,3509.42,-2.49126,6.73422,4.33127,-6892.6,0
0.0910991,3509.4,-2.39553,6.86951,3.10236,-6564.66,0
0.0976391,3509.44,-2.43191,6.72376,2.44708,-5734.04,0
0.104185,3509.4,-2.49958,6.65267,3.84315,-5775.04,0
0.110668,3509.45,-2.56904,6.77505,0.5049,-5013.23,0
0.11718,3509.39,-2.69592,6.50447,3.73712,-5223.11,0
0.123633,3509.27,-2.79505,6.44443,5.38551,-5884.89,0
0.130115,3509.28,-2.85674,6.51461,3.43012,-5527.37,0
0.136591,3509.22,-3.00712,6.80763,2.11762,-5720.39,0
0.143113,3509.31,-2.79709,6.43585,2.67293,-4836.66,0
0.149645,3509.28,-2.87279,6.50895,2.14139,-4830.33,0
0.15615,3509.26,-2.71746,6.6216,2.02566,-4757.75,0
0.162694,3509.17,-2.62494,6.80728,3.3714,-5114.78,0
0.169153,3509.14,-2.70028,6.68867,4.35899,-5069.68,0
0.175678,3509.05,-2.69711,6.69702,5.22383,-5409.1,0
0.182218,3508.98,-2.6999,6.55578,6.08211,-5605.74,0
0.188685,3508.96,-2.71502,6.4616,4.03127,-5485.73,0
0.195173,3508.92,-2.61955,6.52861,3.73224,-5517.97,0
0.201625,3508.89,-2.67617,6.6984,2.73454,-5508.89,0
0.208157,3508.86,-2.61245,6.69532,3.31632,-5461.84,0
0.214658,3508.9,-2.71634,6.79196,0.437382,-5141.98,0
0.221172,3508.81,-2.73209,6.70224,3.80634,-5393.25,0
0.227731,3508.74,-2.62614,6.68738,5.11238,-5551.77,0
0.234249,3508.63,-2.58847,6.74401,5.65292,-5832.02,0
0.240745,3508.69,-2.39645,6.7272,3.54351,-5460.78,0
0.247226,3508.7,-2.37916,6.58906,3.56836,-5263.06,0
0.25376,3508.7,-2.26599,6.46778,4.20852,-5107.09,0
0.260285,3508.65,-2.34121,6.54451,4.03072,-5187.41,0
0.266796,3508.72,-2.45953,6.37347,1.97303,-4786.39,0
0.273314,3508.59,-2.52284,6.39567,4.78296,-5171.25,0
0.27984,3508.48,-2.58555,6.37631,6.40156,-5416.28,0
0.28634,3508.58,-2.60157,6.40099,1.84271,-4971.51,0
0.292845,3508.58,-2.49654,6.27113,2.43412,-4837.39,0
0.299378,3508.57,-2.35358,6.33492,2.22979,-4767.88,0
0.305924,3508.69,-2.26138,6.07342,0.480173,-4288.11,0
0.312392,3508.66,-2.32713,5.94742,1.73008,-4288.28,0
0.31888,3508.59,-2.63344,5.97701,2.67765,-4426.61,0
0.325349,3508.5,-2.64782,5.93189,4.63987,-4621.37,0
0.331845,3508.52,-2.53443,5.99788,2.94102,-4466.56,0
0.33834,3508.45,-2.54443,6.0821,3.80438,-4566.61,0
0.344852,3508.45,-2.49893,6.15282,2.64235,-4483.19,0
0.351365,3508.28,-2.82939,6.48321,4.04439,-4907.6,0
0.357878,3508.27,-2.97675,6.51471,2.00938,-4839.16,0
0.364378,3508.23,-3.00773,6.73482,0.857672,-4865.75,0
0.370911,3508.06,-3.05206,6.78069,4.87216,-5230.42,0
0.377461,3508.05,-3.29492,6.81242,2.72378,-5155.74,0
0.383929,3507.98,-3.31042,6.93108,3.32762,-5251.45,0
0.390462,3507.97,-3.24936,7.09233,1.39162,-5188.25,0
0.396961,3507.99,-3.20248,6.93171,2.28724,-5068.98,0
0.403454,3507.93,-3.14282,7.09664,2.43469,-5125.94,0
0.409978,3508.02,-3.13049,6.84814,1.54394,-4824.11,0
0.416441,3507.9,-3.10487,7.08032,3.39605,-5053.22,0
0.422928,3507.85,-3.16734,7.0628,3.96885,-5082.09,0
0.429468,3507.8,-3.638,7.26682,0.770573,-5118.74,0
0.435976,3507.63,-3.6522,7.40843,4.54486,-5443.58,0
0.442498,3507.6,-3.60719,7.45718,3.81032,-5428.74,0
0.448985,3507.59,-3.6077,7.56319,1.52703,-5371.81,0
0.455492,3507.51,-3.63911,7.46382,4.76682,-5471.74,0
0.461997,3507.51,-3.82597,7.48086,2.23096,-5383.91,0
0.468491,3507.58,-3.73642,7.47049,0.0217458,-5158.59,0
0.475072,3507.52,-3.59191,7.41348,3.25369,-5228.39,0
0.481555,3507.57,-3.29036,7.45626,2.13014,-5054.22,0
0.488039,3507.6,-3.1901,7.51386,0.641931,-4924.38,0
0.49452,3507.46,-3.34782,7.52158,3.83851,-5129.69,0
0.501005,3507.36,-3.28065,7.60291,5.23295,-5271.14,0
0.507539,3507.35,-3.26357,7.57721,4.10282,-5221.32,0
0.514036,3507.29,-3.28082,7.63183,4.37892,-5272.03,0
0.520583,3507.33,-3.28581,7.6798,1.73105,-5130.48,0
0.527105,3507.26,-3.40203,7.61497,3.82027,-5194.49,0
0.533589,3507.24,-3.3757,7.66861,3.46077,-5172.78,0
0.540101,3507.23,-3.23962,7.59907,3.15321,-5120.06,0
0.546625,3507.21,-3.35135,7.71674,1.51992,-5112.52,0
0.553124,3507.17,-3.42868,7.48742,4.36414,-5109.59,0
0.559539,3507.22,-3.37408,7.40731,2.91898,-4961.83,0
0.566019,3507.23,-3.29437,7.30627,3.72898,-4894.03,0
0.572565,3507.18,-3.35848,7.31018,4.70055,-4930.1,0
0.579081,3507.19,-3.40818,7.26668,3.29301,-4847.37,0
0.585574,3507.12,-3.31962,7.48947,3.36566,-4926.19,0
0.592093,3507.12,-3.33149,7.60881,0.935922,-4863.39,0
0.598602,3507.05,-3.36948,7.67035,2.08291,-4920.15,0
0.605145,3507.06,-3.33853,7.56313,2.67571,-4862.48,0
0.611682,3507.07,-3.02298,7.6294,2.49674,-4790.12,0
0.618199,3507.02,-3.00199,7.61721,3.51977,-4821.98,0
0.6247,3507.05,-2.96723,7.60679,2.34132,-4728.61,0
0.631214,3507.01,-2.91244,7.60928,3.39226,-4734.92,0
0.637705,3506.91,-3.00088,7.69813,3.65878,-4841.54,0
0.644235,3506.94,-2.99308,7.68779,2.37426,-4748.06,0
0.650773,3506.85,-3.00622,7.70636,4.82737,-4838.64,0
0.657268,3506.84,-2.97293,7.64308,4.1181,-4809.79,0
0.663779,3506.84,-2.90804,7.76833,2.15468,-4760.87,0
0.670271,3506.84,-2.8534,7.61896,3.92871,-4714.42,0
0.676819,3506.91,-2.93935,7.52511,1.41942,-4562.74,0
0.68326,3506.99,-2.99657,7.23205,1.63477,-4407.82,0
0.689782,3507.01,-2.87689,7.09689,2.67462,-4333.73,0
0.696254,3506.99,-3.01829,7.16542,1.05412,-4327.14,0
0.70274,3507.07,-2.95292,6.95062,0.505841,-4168.9,0
0.709258,3507.08,-2.96955,6.92183,0.305926,-4122.16,0
0.715777,3507,-3.11286,6.90389,1.99797,-4191.51,0
0.722275,3506.97,-3,6.90967,3.19813,-4195.61,0
0.728798,3506.94,-3.04853,6.96358,2.64933,-4195.67,0
0.735302,3507.03,-2.95261,6.82757,1.20186,-4040.34,0
0.741771,3507,-2.81469,6.75842,3.26954,-4049.79,0
0.748297,3507.08,-2.61268,6.65991,1.89047,-3900.92,0
0.7548,3507.14,-2.49321,6.32222,3.74817,-3793.29,0
0.761342,3507.12,-2.62959,6.36864,2.44824,-3781.03,0
0.767858,3507.17,-2.53617,6.33027,1.25098,-3688.05,0
0.774361,3507.06,-2.69385,6.23402,5.27049,-3799.32,0
0.780876,3506.99,-2.73754,6.14573,5.88211,-3859.74,0
0.787343,3506.99,-2.63358,6.37438,2.01147,-3819.05,0
0.793832,3506.97,-2.65693,6.32693,2.93947,-3816.32,0
0.800317,3507,-2.54868,6.38544,0.97414,-3743.29,0
0.806844,3506.96,-2.70049,6.2177,3.44844,-3769.12,0
0.813303,3506.98,-2.73402,6.26853,1.53358,-3716.54,0
0.819818,3506.9,-2.60368,6.31995,3.64509,-3776.35,0
0.826321,3506.91,-2.68695,6.27579,2.9445,-3733.88,0
0.832827,3506.9,-2.77679,6.29628,2.13369,-3717.38,0
0.839344,3506.88,-2.74467,6.4507,0.829725,-3718.33,0
0.845849,3506.88,-2.54999,6.30726,2.92339,-3684.56,0
0.852377,3506.88,-2.38078,6.34777,2.36241,-3655.48,0
0.858885,3506.72,-2.31152,6.44867,6.941,-3819.87,0
0.86533,3506.74,-2.36559,6.42771,3.31539,-3768.05,0
0.871872,3506.68,-2.32414,6.51358,3.68033,-3804.2,0
0.87844,3506.69,-2.29836,6.54218,2.80159,-3771.13,0
0.884951,3506.67,-2.10191,6.72178,1.45104,-3765.15,0
0.891431,3506.6,-1.98875,6.74426,3.86729,-3814.01,0
0.897924,3506.55,-1.79146,6.86918,3.71839,-3839.84,0
0.904415,3506.55,-1.89318,6.83914,3.25005,-3817.31,0
0.910952,3506.52,-2.1013,6.68103,5.28393,-3824.35,0
0.917473,3506.47,-2.19343,6.74041,4.80465,-3848.37,0
0.924002,3506.58,-1.93248,6.77477,0.587413,-3704.81,0
0.930518,3506.53,-1.98703,6.61734,3.97027,-3733.3,0
0.937041,3506.38,-2.06284,6.549,6.87974,-3866.87,0
0.943578,3506.48,-1.97438,6.52006,2.02402,-3730.16,0
0.950101,3506.58,-2.14456,6.23821,0.445681,-3594.69,0
0.956629,3506.52,-2.12705,6.13343,3.4976,-3638.29,0
0.963166,3506.63,-2.14018,5.82814,2.06928,-3495.34,0
0.969669,3506.57,-2.08066,5.74078,4.37051,-3535.84,0
0.976132,3506.54,-2.08233,5.80055,3.11935,-3548.05,0
0.982669,3506.55,-2.13015,5.78076,2.19067,-3515.42,0
0.989169,3506.49,-2.254,5.69911,4.00136,-3549.66,0
0.995647,3506.51,-2.23425,5.76876,1.68248,-3501.95,0
1.00213,3506.53,-2.10662,5.80268,0.662601,-3459.15,0
1.00866,3506.41,-2.15495,5.69013,5.58178,-3562.76,0
1.01512,3506.47,-2.03738,5.61419,2.75784,-3479.24,0
1.02163,3506.35,-1.89241,5.66247,6.00896,-3575.21,0
1.02818,3506.36,-1.94811,5.73063,2.46735,-3544.27,0
1.03462,3506.28,-2.03375,5.84176,3.01165,-3592.53,0
1.04115,3506.29,-2.13356,5.74991,2.63505,-3561.27,0
1.04767,3506.27,-2.17081,5.68854,2.88233,-3562.49,0
1.05416,3506.25,-2.30021,5.71791,2.13274,-3561.28,0
1.06068,3506.22,-2.48984,5.68379,2.20891,-3561.56,0
1.06719,3506.2,-2.42578,5.83851,0.679962,-3559.89,0
1.07369,3506.11,-2.59674,5.78414,3.94829,-3624.59,0
1.08018,3506.11,-2.6077,5.91831,1.38639,-3596.69,0
1.08671,3506.02,-2.70169,5.96761,3.87658,-3665.18,0
1.09322,3505.97,-2.64085,5.96774,4.66377,-3690.66,0
1.0997,3505.94,-2.60456,5.94642,4.20054,-3689.48,0
1.10618,3505.86,-2.61961,6.01535,4.87697,-3744.13,0
1.11266,3506.02,-2.46962,5.77534,1.59199,-3580.37,0
1.11916,3505.92,-2.52505,6.01612,1.39346,-3642.85,0
1.12569,3505.79,-2.52314,5.93338,6.17092,-3739.2,0
1.13218,3505.89,-2.37908,5.91373,0.443522,-3633.28,0
1.13868,3505.79,-2.33273,5.9399,3.69984,-3697.86,0
1.14516,3505.68,-2.37298,5.94319,5.87543,-3776.67,0
1.15169,3505.65,-2.35883,5.95554,5.25829,-3776.88,0
1.1582,3505.66,-2.34039,6.15084,1.40048,-3750.62,0
1.1647,3505.56,-2.29271,6.3253,2.82642,-3815.56,0
1.17125,3505.57,-2.25767,6.19267,3.81153,-3781.24,0
1.17775,3505.56,-2.33235,6.31071,1.02341,-3772.97,0
1.18427,3505.55,-2.51722,6.25772,0.685711,-3759.39,0
1.19079,3505.58,-2.4071,6.18393,0.417642,-3707.8,0
1.19731,3505.56,-2.54759,6.05515,2.03029,-3705.41,0
1.20382,3505.48,-2.73142,6.15752,2.19148,-3751.98,0
1.2103,3505.41,-2.95393,6.06381,4.44532,-3790.49,0
1.21679,3505.38,-2.97067,6.16672,3.58626,-3800.95,0
1.22329,3505.3,-3.06907,6.30771,3.4673,-3845.92,0
1.2298,3505.33,-2.92051,6.18122,4.43265,-3797.62,0
1.23632,3505.31,-2.81966,6.19891,4.343,-3794.99,0
1.24285,3505.25,-2.91416,6.35197,1.61099,-3822.88,0
1.24931,3505.21,-2.96727,6.16991,4.68406,-3834.13,0
1.25577,3505.14,-2.96546,6.1117,5.25308,-3867.7,0
1.26224,3505.11,-3.06381,6.09136,4.24997,-3872.84,0
1.26874,3505.09,-3.33259,5.99608,4.07348,-3871.68,0
1.27526,3505.02,-3.36814,6.04226,4.44673,-3902.89,0
1.28177,3505.08,-3.31748,6.11917,0.192708,-3835.2,0
1.28828,3505.01,-3.40218,5.98108,4.56965,-3876.79,0
1.29475,3504.92,-3.52114,6.18009,3.19456,-3923.71,0
1.30127,3504.87,-3.79808,6.03989,4.49181,-3942.87,0
1.30779,3504.79,-3.9665,6.06823,4.99992,-3982.83,0
1.3143,3504.79,-3.95784,6.02054,4.01489,-3963.9,0
1.32082,3504.81,-4.03429,5.91446,2.726,-3932.35,0
1.32734,3504.72,-3.92266,6.04605,4.44794,-3977.02,0
1.33387,3504.68,-3.91274,5.98552,5.84137,-3991.5,0
1.34036,3504.69,-3.73311,6.12823,3.68277,-3958.27,0
1.34688,3504.74,-3.66249,6.14276,1.52831,-3907.85,0
1.35337,3504.64,-3.74285,6.11517,4.74363,-3959.05,0
1.35993,3504.62,-3.79324,6.07337,4.39302,-3952.49,0
1.36651,3504.66,-3.74396,6.09063,2.57062,-3910.8,0
1.3731,3504.62,-3.61317,6.15733,3.64143,-3917.84,0
1.37963,3504.56,-3.63741,6.21957,3.0288,-3939.75,0
1.38612,3504.48,-3.57157,6.32652,5.04235,-3982.34,0
1.39265,3504.49,-3.47985,6.38162,2.39582,-3953.09,0
1.39915,3504.42,-3.55366,6.35985,4.27853,-3985.12,0
1.40564,3504.37,-3.58828,6.53649,2.74289,-4004.31,0
1.41219,3504.4,-3.65766,6.53295,0.406285,-3968.73,0
1.41873,3504.34,-3.5732,6.55946,2.15122,-3990.34,0
1.42525,3504.35,-3.48752,6.4874,3.41783,-3966.21,0
1.43175,3504.35,-3.50166,6.43032,2.62014,-3944.13,0
1.43823,3504.3,-3.46382,6.46968,4.12883,-3961.24,0
1.44475,3504.28,-3.51196,6.43807,3.7116,-3957.23,0
1.45125,3504.19,-3.56898,6.51047,4.25794,-4002.79,0
1.45774,3504.14,-3.65962,6.68025,1.67095,-4018.63,0
1.4642,3504.1,-3.49238,6.74832,3.22077,-4030.64,0
1.4707,3504.16,-3.63219,6.60593,1.45118,-3973.42,0
1.47719,3504.09,-3.73218,6.6928,1.18444,-3998.72,0
1.4837,3503.89,-4.00866,6.98608,1.3104,-4118.82,0
1.49023,3503.88,-4.03801,6.91968,2.27466,-4107.16,0
1.49674,3503.8,-4.07153,6.92653,4.7607,-4141.17,0
1.50328,3503.83,-4.07485,6.90994,2.77391,-4107.31,0
1.5098,3503.91,-4.20344,6.59397,3.23938,-4035.34,0
1.51633,3503.79,-4.31396,6.73723,4.01806,-4096.72,0
1.52285,3503.82,-4.34221,6.48992,5.7533,-4056.29,0
1.52939,3503.92,-4.38532,6.44394,0.674966,-3977.98,0
1.53591,3503.94,-4.3922,6.23652,2.27481,-3942.36,0
1.54243,3503.88,-4.42162,6.23468,3.51397,-3969.39,0
1.54893,3503.85,-4.13349,6.34014,5.53237,-3968.72,0
1.55544,3503.79,-4.06367,6.40299,5.30498,-3990.77,0
1.56199,3503.87,-3.94577,6.4186,2.10481,-3924.51,0
1.56846,3503.84,-3.98235,6.45572,1.42961,-3924.69,0
1.57496,3503.89,-3.99178,6.37014,0.461748,-3879.96,0
1.58147,3503.89,-3.94314,6.3568,0.741712,-3860.59,0
1.588,3503.7,-4.02015,6.43114,5.81016,-3969.37,0
1.59449,3503.77,-4.02004,6.45752,0.984716,-3907.46,0
1.60098,3503.62,-4.07162,6.38465,6.52313,-3984.68,0
1.6075,3503.61,-3.97078,6.36701,5.73775,-3975.98,0
1.61401,3503.59,-3.93228,6.47275,4.24294,-3973.2,0
1.62048,3503.59,-3.99243,6.45836,3.10689,-3957.32,0
1.62702,3503.56,-4.03644,6.57696,1.2163,-3959.19,0
1.63354,3503.5,-3.99852,6.537,3.93519,-3981.22,0
1.64004,3503.56,-3.86076,6.59962,0.838028,-3923.85,0
1.64655,3503.46,-3.78516,6.62225,4.99513,-3970.48,0
1.65309,3503.53,-3.86073,6.4383,3.96371,-3912.8,0
1.6596,3503.48,-4.03362,6.47216,3.02528,-3928.61,0
1.66611,3503.41,-4.08469,6.5093,3.37626,-3952.93,0
1.67261,3503.48,-4.18176,6.31426,2.71686,-3899.8,0
1.6791,3503.41,-4.11297,6.4213,3.94655,-3924.56,0
1.6856,3503.49,-4.03437,6.36016,2.26548,-3865.04,0
1.69213,3503.44,-3.77843,6.53815,3.57637,-3877.8,0
1.69866,3503.36,-3.75041,6.47486,6.02321,-3908.59,0
1.70518,3503.32,-3.72509,6.65063,3.26759,-3918.13,0
1.71169,3503.34,-3.58324,6.61021,3.96275,-3891.37,0
1.71821,3503.3,-3.43544,6.70992,4.4149,-3898.38,0
1.72475,3503.34,-3.4089,6.68302,2.82644,-3861.37,0
1.73127,3503.31,-3.25374,6.79946,2.65733,-3864.75,0
1.73777,3503.27,-3.21269,6.77061,3.70322,-3872.34,0
1.74426,3503.21,-3.11335,6.78852,4.85547,-3893.92,0
1.7508,3503.23,-3.09832,6.7315,3.68569,-3866.37,0
1.75732,3503.22,-3.01243,6.71661,4.76118,-3856.95,0
1.7639,3503.12,-2.94111,6.71217,7.91115,-3902.01,0
1.77043,3503.2,-3.00528,6.7299,1.11604,-3839.03,0
1.7769,3503.25,-2.90583,6.60182,2.31166,-3799.44,0
1.78341,3503.26,-2.82753,6.54756,3.00991,-3780.76,0
1.78989,3503.25,-2.72619,6.41827,6.05107,-3773.05,0
1.79637,3503.2,-2.63822,6.44426,6.20465,-3786.79,0
1.80292,3503.17,-2.7323,6.4934,4.14482,-3786.27,0
1.80942,3503.15,-2.78595,6.50761,3.60185,-3783.59,0
1.81593,3503.09,-2.71631,6.44847,6.15959,-3802.56,0
1.82241,3503.08,-2.81258,6.49031,3.35351,-3797.84,0
1.82892,3502.91,-2.97243,6.59814,5.98621,-3876.72,0
1.83545,3502.92,-2.91962,6.53468,5.1745,-3857.78,0
1.84195,3502.94,-2.88364,6.46643,4.3036,-3832.58,0
1.84845,3502.85,-3.01606,6.49404,5.13898,-3867.86,0
1.85501,3502.81,-3.01501,6.47491,5.82949,-3876.6,0
1.86153,3502.83,-2.92611,6.48691,3.32143,-3849.37,0
1.86803,3502.87,-3.00634,6.40253,2.27557,-3816.63,0
1.87455,3502.72,-2.94978,6.28573,8.1461,-3884.09,0
1.88103,3502.78,-2.92027,6.26486,3.06375,-3837.06,0
1.88757,3502.81,-2.87262,6.18855,3.81455,-3810.44,0
1.89409,3502.96,-2.76316,6.00213,1.67177,-3719.24,0
1.90062,3502.99,-2.96706,5.84489,0.973844,-3690.29,0
1.90712,3502.88,-2.98588,5.84918,4.46542,-3731.62,0
1.9136,3502.83,-2.95285,5.81643,5.55895,-3746.33,0
1.92013,3502.85,-2.9783,5.80825,3.66151,-3726.3,0
1.92665,3502.88,-2.89092,5.86185,0.494875,-3694.37,0
1.93314,3502.8,-2.86948,5.88822,3.60534,-3722.63,0
1.93969,3502.8,-2.6325,6.02604,2.13785,-3711.45,0
1.94623,3502.76,-2.57868,6.01289,4.2689,-3718.5,0
1.95279,3502.7,-2.56882,6.034,4.44557,-3739.68,0
1.95932,3502.74,-2.46736,6.11303,0.517258,-3704.7,0
1.96585,3502.69,-2.34547,6.12403,3.55234,-3719.7,0
1.97231,3502.68,-2.53296,6.01691,3.97871,-3709.36,0
1.97885,3502.66,-2.54151,6.05664,2.1705,-3706.84,0
1.98538,3502.71,-2.35771,5.94446,4.00766,-3671.98,0
1.99188,3502.75,-2.46068,5.88731,1.5959,-3641.94,0
1.99838,3502.67,-2.65341,5.94178,1.39797,-3668.33,0
2.0049,3502.54,-2.52367,6.02257,6.31035,-3721.13,0
2.01141,3502.54,-2.73171,6.10652,1.03135,-3708.57,0
2.01795,3502.4,-2.67458,6.20674,5.40205,-3764.33,0
2.02448,3502.5,-2.62179,6.16909,1.12162,-3704.69,0
2.03101,3502.43,-2.5116,6.2629,3.21574,-3728.09,0
2.03751,3502.62,-2.28939,6.02329,1.70153,-3623.32,0
2.04403,3502.48,-2.36356,6.02971,5.98636,-3679.83,0
2.05046,3502.47,-2.32455,6.03049,3.59528,-3670.24,0
2.05697,3502.46,-2.41913,6.02329,2.7038,-3666.16,0
2.06346,3502.57,-2.38984,5.84918,1.42495,-3600.24,0
2.06997,3502.53,-2.25383,5.9659,1.1089,-3606.36,0
2.07647,3502.4,-2.08881,6.12634,4.95284,-3659.57,0
2.08301,3502.4,-2.12136,6.21175,0.58017,-3648.01,0
2.08946,3502.41,-2.10782,6.19259,0.412632,-3631.84,0
2.09594,3502.33,-2.08219,6.10251,6.60193,-3661.02,0
2.10244,3502.31,-2.09052,6.06945,5.71475,-3659.73,0
2.10893,3502.19,-2.10566,6.10868,7.18313,-3705.53,0
2.11546,3502.23,-1.98303,6.18358,1.61486,-3674.15,0
2.12193,3502.21,-1.88027,6.22005,1.56776,-3670.09,0
2.12844,3502.23,-1.63024,6.16181,3.59906,-3649.46,0
2.13497,3502.17,-1.69439,6.1047,6.7709,-3667.39,0
2.14147,3502.12,-1.77623,6.10502,3.93418,-3678.67,0
2.14796,3502.15,-1.80512,6.07335,2.34785,-3655.2,0
2.15447,3502.04,-2.0602,6.06984,4.96727,-3692.45,0
2.161,3502.01,-1.99267,6.11468,5.46614,-3699.41,0
2.1675,3502.02,-1.87486,6.10397,5.27642,-3682.92,0
2.174,3502,-1.82408,6.05645,5.4264,-3681.97,0
2.18045,3501.99,-1.86267,6.06951,4.13421,-3671.37,0
2.18695,3501.91,-1.92734,6.04496,5.9368,-3698.85,0
2.19345,3502,-1.95243,5.95925,2.60305,-3645.5,0
2.19993,3501.86,-1.92677,5.92837,7.2001,-3698.58,0
2.2064,3501.92,-1.87298,5.91388,3.15151,-3663.61,0
2.2129,3501.96,-1.83959,5.81681,3.69545,-3634.42,0
2.2194,3502.02,-1.48935,5.85914,1.51433,-3594.42,0
2.22592,3501.98,-1.5509,5.86439,2.50469,-3603.21,0
2.23245,3501.9,-1.55097,5.84875,5.3959,-3629.44,0
2.23901,3501.89,-1.62748,5.90744,0.437399,-3621.62,0
2.24556,3501.86,-1.50089,5.97869,0.685409,-3626.48,0
2.25209,3501.9,-1.50131,5.9047,0.378106,-3596.94,0
2.25862,3501.82,-1.49531,5.93006,3.42581,-3622.76,0
2.2651,3501.89,-1.59629,5.81497,1.01934,-3580.29,0
2.27163,3501.87,-1.64397,5.72907,4.04956,-3579.03,0
2.27817,3501.86,-1.51523,5.82168,1.45559,-3572.28,0
2.28468,3501.85,-1.61674,5.73575,3.78543,-3568.49,0
2.29128,3501.87,-1.74865,5.64407,3.60227,-3549.68,0
2.2978,3501.82,-1.51485,5.78405,3.52267,-3561.04,0
2.30434,3501.9,-1.82071,5.58305,2.0933,-3516.41,0
2.31085,3501.89,-1.84011,5.50599,3.68176,-3510.85,0
2.31738,3501.79,-2.07215,5.61423,2.76421,-3543.14,0
2.32385,3501.69,-1.9356,5.76481,4.30776,-3576.27,0
2.3304,3501.63,-1.96921,5.86089,2.41622,-3590.05,0
2.3369,3501.59,-1.94141,5.64734,8.75708,-3598.65,0
2.34341,3501.63,-2.07697,5.54444,5.41146,-3570.02,0
2.34996,3501.52,-2.18903,5.56452,8.1013,-3608.89,0
2.35646,3501.49,-2.20628,5.59342,4.41508,-3609.95,0
2.36301,3501.51,-2.3256,5.58843,1.62628,-3594.83,0
2.36951,3501.57,-2.04511,5.52187,3.30782,-3556.57,0
2.37601,3501.63,-1.96019,5.48068,2.0292,-3524.69,0
2.38255,3501.55,-2.01669,5.44103,5.66718,-3545.06,0
2.38911,3501.49,-2.00719,5.45451,5.59195,-3562.4,0
2.39567,3501.56,-1.9096,5.43768,1.49829,-3524.76,0
2.40219,3501.45,-1.97387,5.4577,5.37945,-3559.23,0
2.4087,3501.48,-1.88472,5.40348,5.08601,-3537.83,0
2.41519,3501.49,-1.8679,5.45528,2.06525,-3524.27,0
2.42172,3501.32,-1.95474,5.54284,5.07412,-3583.89,0
2.42821,3501.35,-1.92663,5.59267,1.16904,-3562.06,0
2.43472,3501.34,-2.11757,5.48005,1.60304,-3557.27,0
2.44125,3501.36,-1.9477,5.40084,4.48441,-3537.46,0
2.44774,3501.4,-1.99745,5.24718,5.08696,-3512.44,0
2.45425,3501.47,-1.95835,5.16607,2.99697,-3477.62,0
2.4608,3501.58,-1.90095,5.04166,0.652091,-3422.26,0
2.46731,3501.46,-1.94154,5.04494,5.93748,-3461.08,0
2.47384,3501.45,-1.88044,5.03181,4.60582,-3455.22,0
2.48034,3501.38,-1.82022,5.02144,6.65056,-3476.11,0
2.48686,3501.37,-1.89184,5.05743,1.3753,-3470.23,0
2.49338,3501.34,-1.84436,5.12446,1.31163,-3475.12,0
2.49986,3501.29,-1.83645,5.02972,6.91291,-3485.07,0
2.50637,3501.27,-1.8541,5.06416,4.42784,-3484.08,0
2.51289,3501.31,-1.82965,4.96334,3.858,-3457.6,0
2.51944,3501.27,-1.85248,5.06825,1.60875,-3466.23,0
2.526,3501.31,-1.93752,4.94472,1.71119,-3439.14,0
2.53252,3501.42,-1.68034,4.75163,4.80322,-3387.87,0
2.53907,3501.28,-1.75641,4.86152,6.63516,-3433.27,0
2.54554,3501.3,-1.83384,4.82438,3.7745,-3419.28,0
2.55207,3501.29,-1.78081,4.81802,2.55574,-3411.33,0
2.55859,3501.22,-1.95696,4.8211,4.08826,-3432.63,0
2.56506,3501.25,-1.9737,4.7439,2.86006,-3409.52,0
2.57152,3501.22,-2.07499,4.68472,4.96229,-3412.65,0
2.57806,3501.26,-2.11988,4.55109,5.55635,-3389.27,0
2.58457,3501.24,-2.1546,4.56383,4.03285,-3391.2,0
2.59108,3501.09,-2.06135,4.8292,4.18449,-3440.3,0
2.59757,3501.07,-2.10878,4.71764,6.41909,-3436.16,0
2.60406,3501.1,-2.04619,4.63459,7.51216,-3419.19,0
2.61058,3501.13,-1.94233,4.66387,1.49837,-3396.87,0
2.61711,3501.2,-1.83645,4.55452,2.68999,-3363.69,0
2.62366,3501.17,-1.9156,4.56024,1.96299,-3366.15,0
2.63017,3501.27,-1.89534,4.38435,1.95406,-3320.14,0
2.63665,3501.17,-1.80742,4.53509,3.55206,-3348.29,0
2.64321,3501.15,-1.86557,4.53998,2.76452,-3346.96,0
2.64975,3501.2,-1.66078,4.47842,4.08587,-3321.72,0
2.65622,3501.22,-1.74502,4.27829,7.25132,-3303.58,0
2.66271,3501.18,-1.78611,4.26402,5.59609,-3311.54,0
2.66922,3501.07,-1.79026,4.16463,9.08333,-3344.08,0
2.67571,3501.08,-1.7091,4.24255,3.23726,-3333.78,0
2.68221,3500.98,-1.85388,4.34113,2.16831,-3362.14,0
2.68871,3500.88,-1.80171,4.48901,2.34688,-3391.21,0
2.69524,3500.91,-1.71902,4.46131,2.57223,-3373.52,0
2.70172,3500.83,-1.65562,4.56078,2.50605,-3395.59,0
2.70827,3500.83,-1.66438,4.50732,2.68356,-3387.48,0
2.71473,3500.86,-1.81891,4.38343,2.51275,-3365.91,0
2.72121,3500.96,-1.80719,4.25663,0.490534,-3322.34,0
2.72772,3500.99,-1.76916,4.18465,1.71146,-3303.87,0
2.73422,3501.02,-1.76567,4.09704,1.50457,-3282.61,0
2.74071,3500.98,-1.68188,4.1917,1.21276,-3290.37,0
2.74722,3500.86,-1.70326,4.16265,5.28476,-3326.17,0
2.75372,3500.78,-1.65462,4.28357,5.81527,-3349.78,0
2.76021,3500.73,-1.62546,4.26798,5.20108,-3357.64,0
2.76677,3500.69,-1.63128,4.22603,6.65607,-3365.69,0
2.7732,3500.8,-1.37673,4.14747,5.4855,-3319.25,0
2.77967,3500.83,-1.28788,4.08602,5.28355,-3300.75,0
2.78618,3500.8,-1.23828,4.10468,5.46548,-3301.74,0
2.79268,3500.85,-1.14395,4.1002,1.1732,-3276.27,0
2.79916,3500.68,-1.31309,4.30486,1.14682,-3330.76,0
2.8057,3500.56,-1.38302,4.415,2.29847,-3364.03,0
2.81216,3500.52,-1.30324,4.40781,4.22737,-3371.8,0
2.81865,3500.45,-1.38558,4.48538,3.24959,-3387.27,0
2.82517,3500.39,-1.33418,4.5246,3.91534,-3401.26,0
2.83166,3500.34,-1.29405,4.6546,0.181531,-3411.41,0
2.83821,3500.19,-1.30845,4.74365,4.25995,-3457.48,0
2.84468,3500.21,-1.39122,4.6359,6.07294,-3440.81,0
2.85117,3500.13,-1.41586,4.72982,3.8886,-3463.1,0
2.85769,3500.12,-1.47325,4.73136,2.41742,-3455.85,0
2.86418,3499.99,-1.32706,4.62343,5.51507,-3496.37,0
2.87067,3499.99,-1.21726,4.6249,3.85549,-3488.64,0
2.87719,3499.97,-1.26246,4.61918,4.32487,-3487.41,0
2.8837,3499.91,-1.59882,4.64949,0.201308,-3498.53,0
2.89026,3499.94,-1.57445,4.47457,6.72328,-3481.08,0
2.89679,3499.93,-1.43527,4.48242,6.2981,-3477.72,0
2.90325,3499.94,-1.28947,4.43968,6.75279,-3464.76,0
2.90974,3499.92,-1.21446,4.50194,3.86278,-3463.29,0
2.91626,3499.92,-1.17087,4.4986,4.17873,-3456.68,0
2.92278,3499.87,-1.21621,4.39297,9.99635,-3465.17,0
2.92929,3499.88,-1.16417,4.41204,4.74707,-3455.25,0
2.93578,3499.91,-1.26224,4.27326,5.77718,-3437.93,0
2.94227,3499.85,-1.20738,4.28683,7.23074,-3448.57,0
2.94882,3499.76,-1.28297,4.29417,6.09365,-3471.93,0
2.95531,3499.83,-1.29607,4.22379,3.63589,-3440.46,0
2.96182,3499.82,-1.40906,4.20903,1.7563,-3435.8,0
2.96831,3499.8,-1.44573,4.12303,5.52951,-3435.17,0
2.97481,3499.8,-1.56091,4.11626,2.04998,-3430.39,0
2.9813,3499.87,-1.25521,4.09082,3.40531,-3398.1,0
2.98784,3499.84,-1.38792,4.00087,5.60852,-3399.28,0
2.99434,3499.73,-1.31574,4.15965,2.56823,-3429.06,0
3.00086,3499.71,-1.07472,4.24433,1.94108,-3427.63,0
3.00736,3499.64,-1.10013,4.15387,9.78886,-3443.54,0
3.01389,3499.52,-1.08038,4.14346,3.16993,-3476.73,0
3.02034,3499.54,-1.02849,4.13718,2.09527,-3461.62,0
3.02682,3499.53,-1.0027,4.14807,1.67518,-3460.32,0
3.03332,3499.59,-1.03489,4.03954,2.99983,-3432.81,0
3.03982,3499.61,-0.982983,3.95052,6.59317,-3416.39,0
3.0463,3499.59,-0.890522,3.9024,6.42117,-3415.75,0
3.05281,3499.62,-1.01281,3.88052,2.78923,-3400.11,0
3.05928,3499.47,-0.754969,4.0278,7.58824,-3441.15,0
3.06575,3499.38,-0.752496,3.94282,5.60038,-3462.6,0
3.07226,3499.39,-0.75124,3.93777,3.71129,-3453.35,0
3.07876,3499.35,-0.584805,3.9013,8.60324,-3459.97,0
3.08524,3499.31,-0.484207,3.93727,7.61031,-3464.38,0
3.09173,3499.23,-0.453049,3.86814,3.13704,-3482.75,0
3.09824,3499.16,-0.483215,3.91742,2.94405,-3498.64,0
3.10474,3498.98,-0.507741,3.94461,2.23723,-3550.83,0
3.11126,3498.93,-0.42836,3.94153,4.38024,-3558.66,0
3.11775,3498.92,-0.386704,3.84634,7.73013,-3554.54,0
3.12427,3498.84,-0.342612,3.86625,9.1888,-3571.53,0
3.13083,3498.84,-0.248796,3.77524,4.51601,-3566.06,0
3.13731,3498.92,-0.253345,3.68725,3.37858,-3532.27,0
3.14383,3498.97,-0.22826,3.55281,6.63267,-3509.51,0
3.15031,3498.93,-0.186994,3.44439,3.07068,-3513.02,0
3.15677,3498.89,-0.1841,3.40447,7.24438,-3519.22,0
3.16333,3498.8,-0.328006,3.46641,3.01186,-3540.27,0
3.16982,3499.05,-0.141795,3.24158,3.04851,-3454.33,0
3.17633,3499.04,-0.137411,3.14842,0.840259,-3449.24,0
3.18282,3499.09,0.0286145,3.10419,0.558966,-3427.17,0
3.18936,3499.12,0.0111368,2.95189,8.02955,-3410.34,0
3.19588,3499.11,0.0369667,2.97236,4.70373,-3407.84,0
3.20232,3499.06,0.072556,2.90277,3.9149,-3415.48,0
3.20885,3499.1,0.208464,2.83313,5.3141,-3396.36,0
3.21536,3499.04,0.22601,2.80755,10.481,-3409.61,0
3.22188,3498.99,0.358355,2.84008,6.66512,-3417.56,0
3.22839,3499.02,0.28567,2.79801,5.27242,-3401.92,0
3.2349,3499.01,0.34086,2.76287,7.14037,-3395.91,0
3.24138,3498.98,0.356149,2.66716,6.70175,-3400.64,0
3.24793,3498.94,0.31492,2.6673,8.69681,-3404.3,0
3.25444,3498.97,0.267926,2.58482,2.97751,-3390.48,0
3.26097,3498.97,0.311005,2.5273,7.35511,-3381.93,0
3.26751,3498.68,0.299907,2.50226,5.58518,-3463.39,0
3.27401,3498.72,0.248878,2.44803,8.47173,-3444.06,0
3.28054,3498.71,0.420689,2.3905,0.23785,-3440.89,0
3.28706,3498.65,0.395646,2.29675,6.93754,-3453.12,0
3.29358,3498.53,0.356116,2.31578,4.45213,-3481.82,0
3.30011,3498.5,0.401112,2.27223,9.79865,-3485.34,0
3.30668,3498.46,0.495677,2.23034,2.39271,-3490.96,0
3.31321,3498.4,0.493215,2.15078,6.82912,-3500.09,0
3.31969,3498.45,0.550933,2.10337,5.63335,-3479.47,0
3.32618,3498.53,0.524459,2.03586,8.10656,-3449.81,0
3.33272,3498.4,0.358755,2.13187,8.20452,-3480.03,0
3.33914,3498.49,0.421289,2.04748,9.10861,-3447.38,0
3.3456,3498.42,0.37263,1.98284,4.25316,-3462.64,0
3.35209,3498.34,0.32334,1.83519,8.02803,-3479.77,0
3.3586,3498.39,0.37302,1.74001,6.69704,-3457.52,0
3.36508,3498.3,0.38261,1.5939,3.23777,-3476.48,0
3.37159,3498.21,0.30737,1.64107,5.80232,-3497.68,0
3.37809,3498.19,0.180435,1.56649,6.09773,-3495.53,0
3.38462,3498.05,0.186027,1.45197,9.08721,-3529.38,0
3.39117,3498.02,0.161429,1.33066,3.37183,-3533,0
3.39776,3498.16,0.210854,1.12321,6.00287,-3484.31,0
3.40431,3498.15,0.29438,1.03654,7.92468,-3479.44,0
3.41079,3498.18,0.14783,0.911247,13.1777,-3466.7,0
3.41728,3498.16,0.0377138,0.766785,4.01829,-3463.63,0
3.42385,3498.14,-0.0346411,0.541273,5.18466,-3465.25,0
3.42576,3498.15,-0.0411766,0.46729,2.18614,-3458.46,0
