0.00649598,3509.99,9.18759,-2.57797,1.67207,-1944.22,0
0.0130415,3509.9,9.45293,-2.52999,1.7058,-7757.52,0
0.0195038,3509.89,9.17296,-2.46776,4.36414,-5740.29,0
0.0259979,3510.01,9.01405,-2.30791,1.80879,473.34,0
0.0325264,3509.92,9.02927,-2.40924,3.29287,-2387.07,0
0.0390159,3509.79,8.98251,-2.49771,5.6529,-5389.21,0
0.0455233,3509.9,8.87868,-2.50807,1.81404,-2142.96,0
0.0520704,3509.79,8.88446,-2.4604,4.75075,-4084.68,0
0.0585418,3509.83,8.85021,-2.59242,2.29998,-2867.54,0
0.0650384,3509.83,8.87846,-2.51441,1.691,-2620.18,0
0.0715631,3509.84,8.68745,-2.50614,2.50812,-2185.61,0
0.0780627,3509.8,8.56273,-2.44955,3.90986,-2521.28,0
0.0845648,3509.72,8.55703,-2.56612,5.05155,-3362.55,0
0.0910212,3509.62,8.53709,-2.54434,5.4199,-4177.04,0
0.0975335,3509.69,8.54881,-2.59778,1.82777,-3213.41,0
0.104069,3509.67,8.41763,-2.57812,3.00396,-3125.85,0
0.11051,3509.7,8.49777,-2.41056,1.46598,-2684.7,0
0.117055,3509.69,8.47739,-2.38602,1.63808,-2629.93,0
0.123524,3509.53,8.69062,-2.56743,3.47819,-3779.03,0
0.130023,3509.54,8.66523,-2.55903,2.79173,-3546.71,0
0.136524,3509.48,8.65962,-2.56382,3.6629,-3826.29,0
0.143014,3509.41,8.63482,-2.52253,4.5203,-4137.48,0
0.149557,3509.37,8.63715,-2.39458,4.09981,-4230.36,0
0.156033,3509.43,8.50027,-2.36826,3.07772,-3656.25,0
0.162572,3509.38,8.55695,-2.52335,3.23535,-3812.16,0
0.169085,3509.33,8.61526,-2.6358,3.28957,-3976.58,0
0.175581,3509.28,8.645,-2.58185,3.73151,-4094.21,0
0.182109,3509.31,8.64594,-2.5787,2.03933,-3799.95,0
0.188627,3509.19,8.54952,-2.57831,5.16649,-4302.26,0
0.195105,3509.18,8.5053,-2.59023,4.19345,-4219.68,0
0.201626,3509.17,8.52298,-2.58609,3.60194,-4135.7,0
0.208108,3509.13,8.47013,-2.46129,4.42204,-4186.12,0
0.214628,3509.2,8.44962,-2.47063,1.7175,-3716.78,0
0.221154,3509.21,8.53179,-2.50727,0.288653,-3571.42,0
0.227622,3509.08,8.51508,-2.40735,3.63362,-4023.31,0
0.234148,3508.96,8.53272,-2.44283,5.37041,-4434.34,0
0.240696,3509.05,8.54702,-2.37443,1.62398,-3943.98,0
0.247209,3509.1,8.43966,-2.17446,1.23827,-3625.9,0
0.253738,3508.94,8.72133,-2.16278,3.0079,-4158.8,0
0.260232,3508.96,8.72397,-2.12796,2.11394,-3992.28,0
0.266709,3508.93,8.92236,-2.0991,0.599594,-4028.24,0
0.273252,3508.89,8.70327,-2.20933,3.24934,-4065.1,0
0.279786,3508.84,8.70562,-2.21492,3.36463,-4148.41,0
0.286313,3508.9,8.52067,-2.17555,2.58512,-3841.69,0
0.292815,3508.83,8.57968,-2.37118,2.86633,-3991.53,0
0.299311,3508.69,8.57132,-2.43409,5.07635,-4379.07,0
0.305852,3508.67,8.69639,-2.37869,2.99532,-4334.04,0
0.312354,3508.62,8.80031,-2.72361,2.09641,-4411.78,0
0.31892,3508.61,8.82733,-2.61055,2.24131,-4360.23,0
0.32546,3508.51,8.73585,-2.61762,5.27044,-4582.39,0
0.331936,3508.61,8.71793,-2.70442,1.00042,-4180.58,0
0.338471,3508.57,8.69439,-2.83189,1.59543,-4211.48,0
0.344992,3508.48,8.75441,-2.91541,3.18669,-4397.57,0
0.351478,3508.36,8.79137,-2.88296,4.92962,-4657.94,0
0.357988,3508.34,8.70018,-2.82428,4.52601,-4633.95,0
0.364489,3508.31,8.92617,-2.79556,2.50256,-4643.38,0
0.371061,3508.39,8.79664,-2.57753,1.56992,-4344.33,0
0.377591,3508.46,8.57507,-2.5401,1.05309,-4066.82,0
0.384068,3508.5,8.33936,-2.64234,1.6043,-3903.1,0
0.390558,3508.46,8.1385,-2.59653,3.58795,-3932.27,0
0.397035,3508.47,8.09756,-2.54646,3.46183,-3859.71,0
0.403485,3508.4,8.20461,-2.5682,3.65064,-3962.13,0
0.409997,3508.41,8.33274,-2.50301,1.66061,-3889.35,0
0.416497,3508.36,8.2989,-2.34902,3.55206,-3938.83,0
0.422962,3508.34,8.22368,-2.42918,3.86642,-3921.06,0
0.429487,3508.36,8.1115,-2.23475,4.57323,-3827.98,0
0.435995,3508.41,8.18839,-2.20935,1.00673,-3654.64,0
0.44251,3508.39,8.14064,-2.33564,1.19243,-3637.21,0
0.449061,3508.34,8.14541,-2.32173,2.49269,-3695.35,0
0.455548,3508.25,8.09225,-2.3511,4.7022,-3850.61,0
0.462079,3508.32,8.05259,-2.2667,1.55481,-3627.69,0
0.468638,3508.17,7.96658,-2.36494,5.8981,-3910.3,0
0.475162,3508.12,8.04476,-2.33471,4.51784,-3953.61,0
0.4817,3508.11,8.05729,-2.28572,3.67761,-3917.35,0
0.488204,3508.1,8.14218,-2.19866,2.94555,-3885.42,0
0.494737,3508.17,8.04244,-2.30633,0.735754,-3696.45,0
0.501258,3508.19,7.99635,-2.15729,0.862582,-3614.01,0
0.507776,3508.07,8.18922,-2.3146,1.95776,-3799.38,0
0.514286,3508.17,7.98289,-2.24602,0.96304,-3567.23,0
0.520819,3508.07,7.94013,-2.46012,3.69832,-3711.66,0
0.527296,3508.06,7.94309,-2.54445,3.07575,-3687.75,0
0.533781,3508.05,7.79924,-2.63745,3.57272,-3658.26,0
0.540271,3508.05,7.9453,-2.45177,1.72104,-3613.63,0
0.546799,3507.91,8.09466,-2.59243,3.9758,-3828.19,0
0.55325,3507.87,8.21893,-2.69651,2.64445,-3846.98,0
0.559772,3507.82,8.46438,-2.75632,0.833842,-3897.75,0
0.566334,3507.68,8.40921,-2.83519,4.49232,-4088.27,0
0.572815,3507.71,8.48094,-2.6643,2.62801,-3994.73,0
0.579278,3507.57,8.5036,-2.70982,5.30322,-4189.68,0
0.585806,3507.65,8.50662,-2.7074,1.76318,-4006.87,0
0.592303,3507.66,8.6007,-2.55229,0.578664,-3944.06,0
0.598819,3507.59,8.58484,-2.72649,2.36913,-4026.21,0
0.605367,3507.64,8.47422,-2.57947,2.08093,-3898.89,0
0.611904,3507.61,8.42914,-2.46561,3.43361,-3898.33,0
0.618416,3507.67,8.47664,-2.23341,0.899333,-3763.73,0
0.624971,3507.57,8.59494,-2.20039,2.38617,-3881.59,0
0.63148,3507.46,8.59353,-2.27196,4.97938,-4018.47,0
0.63799,3507.44,8.58376,-2.39112,4.18336,-4009.41,0
0.644509,3507.42,8.68466,-2.30594,3.06009,-3997.09,0
0.650986,3507.27,8.67429,-2.30807,5.26808,-4193.89,0
0.657485,3507.18,8.69183,-2.26237,5.98939,-4291.24,0
0.663995,3507.17,8.7339,-2.26958,4.50989,-4258.61,0
0.670497,3507.16,8.75882,-2.31975,3.17831,-4228.74,0
0.677024,3507.08,8.75167,-2.2451,5.67784,-4309,0
0.683544,3507.11,8.67316,-2.21715,4.34694,-4235.01,0
0.690085,3507.12,8.65583,-2.27606,2.43425,-4168.18,0
0.696619,3507.2,8.3914,-2.17756,3.25069,-4022.26,0
0.703092,3507.17,8.4228,-2.13211,3.02614,-4028.6,0
0.709536,3507.27,8.15973,-2.06637,2.45773,-3843.49,0
0.71604,3507.19,8.12536,-2.17865,4.80934,-3921.98,0
0.722566,3507.16,8.14117,-2.24976,3.69297,-3931.9,0
0.729139,3507.28,7.93996,-2.43859,0.665004,-3723.83,0
0.735655,3507.26,7.78542,-2.66301,2.17957,-3721.95,0
0.742162,3507.22,7.68589,-2.81297,3.27447,-3750.06,0
0.748659,3507.08,7.87141,-2.83837,5.0961,-3903.45,0
0.755189,3507.09,7.84419,-2.69089,4.39415,-3853.03,0
0.761706,3507.12,7.7064,-2.94863,3.64759,-3784.29,0
0.768212,3507.11,7.85657,-2.91292,1.21616,-3762.96,0
0.77472,3506.95,7.85221,-2.89986,5.50145,-3938.63,0
0.781254,3506.9,7.90615,-2.87971,4.76364,-3969.43,0
0.787807,3506.87,7.89538,-2.96561,4.08063,-3972.45,0
0.794324,3506.92,7.77271,-2.96241,3.07837,-3872.05,0
0.800857,3506.97,7.65114,-2.96817,2.6082,-3787.56,0
0.807317,3506.98,7.54618,-2.78491,3.84481,-3743.98,0
0.813855,3506.98,7.57212,-2.82475,2.72601,-3712.2,0
0.820352,3507.02,7.55365,-2.76337,0.578172,-3626.98,0
0.82684,3506.97,7.63827,-2.72023,1.03913,-3659.06,0
0.833348,3506.85,7.56166,-2.71261,5.48925,-3783.33,0
0.839837,3506.76,7.61137,-2.6837,5.63477,-3858.84,0
0.846332,3506.78,7.55831,-2.69443,3.37524,-3800.34,0
0.852906,3506.88,7.469,-2.46013,1.28153,-3655.99,0
0.859417,3506.87,7.36293,-2.37762,3.04883,-3641.61,0
0.865916,3506.84,7.53385,-2.39748,1.43431,-3648.06,0
0.872416,3506.87,7.43759,-2.6254,0.127999,-3585.42,0
0.878891,3506.86,7.33787,-2.85322,0.496417,-3573.6,0
0.885365,3506.8,7.42047,-2.79054,1.03981,-3613.43,0
0.891866,3506.81,7.3849,-2.82198,0.764856,-3578.54,0
0.898366,3506.75,7.44945,-2.80434,2.02683,-3621,0
0.904855,3506.78,7.34853,-2.5717,2.78818,-3556.6,0
0.911378,3506.74,7.30823,-2.39952,4.41635,-3578.2,0
0.917901,3506.82,7.13154,-2.40673,2.5054,-3459.3,0
0.924438,3506.73,7.34731,-2.23471,3.4478,-3536.41,0
0.930955,3506.76,7.33592,-2.38346,0.920737,-3476.26,0
0.937473,3506.67,7.26263,-2.40799,4.49305,-3555.17,0
0.943954,3506.74,7.1125,-2.61743,1.76761,-3450.12,0
0.950486,3506.76,7.11208,-2.308,2.36953,-3412.56,0
0.956985,3506.72,7.06518,-2.32865,2.42794,-3426.73,0
0.963474,3506.67,6.96645,-2.4774,4.2122,-3451.36,0
0.969917,3506.76,6.72819,-2.37574,3.51092,-3337.89,0
0.976435,3506.75,6.75518,-2.03674,4.26981,-3327.45,0
0.982911,3506.64,6.75873,-2.02185,5.83234,-3416.66,0
0.989423,3506.76,6.66332,-1.95302,0.507903,-3270.06,0
0.995967,3506.7,6.70705,-1.9669,1.84967,-3310.49,0
1.0025,3506.74,6.56729,-2.0191,1.54695,-3250.25,0
1.00903,3506.74,6.47694,-2.08427,2.11571,-3230.92,0
1.01557,3506.63,6.49735,-2.04836,4.64943,-3313.77,0
1.02208,3506.55,6.50939,-2.1077,5.3281,-3371.35,0
1.0286,3506.61,6.55701,-2.00972,2.30763,-3298.27,0
1.03508,3506.57,6.52675,-1.97433,3.15462,-3310.28,0
1.04161,3506.69,6.29227,-2.01934,1.12657,-3180.59,0
1.04813,3506.6,6.42446,-2.11519,1.73353,-3241.95,0
1.05463,3506.49,6.39532,-2.20648,5.45038,-3327.92,0
1.06111,3506.49,6.51643,-2.30153,2.82286,-3311.9,0
1.06762,3506.37,6.83651,-2.4708,1.62302,-3397.84,0
1.07417,3506.28,6.90782,-2.53024,3.05686,-3466.33,0
1.08065,3506.33,6.81442,-2.60062,1.49072,-3396.58,0
1.08711,3506.3,6.69525,-2.54731,3.45348,-3405.07,0
1.09358,3506.12,6.66421,-2.56604,7.33653,-3544.65,0
1.1001,3506.16,6.63358,-2.54768,3.31812,-3491.62,0
1.10661,3506.14,6.65393,-2.57517,3.08537,-3485.49,0
1.11316,3506.21,6.53784,-2.56978,1.60421,-3407.92,0
1.11966,3506.15,6.58372,-2.50565,2.82034,-3434.68,0
1.12619,3506.12,6.54077,-2.62978,3.63112,-3444.81,0
1.13267,3506.08,6.66672,-2.60939,3.0738,-3463.32,0
1.13919,3506.01,6.78662,-2.6775,3.18116,-3505.03,0
1.14567,3506.06,6.70149,-2.6323,1.69657,-3436.3,0
1.15213,3506.02,6.73095,-2.53498,2.83924,-3454.67,0
1.15868,3505.87,6.8496,-2.56578,5.43657,-3563.19,0
1.16518,3505.88,6.79953,-2.66241,2.86476,-3539.93,0
1.17167,3505.78,6.83325,-2.76176,4.29761,-3598.91,0
1.17818,3505.84,6.72309,-2.69128,3.12198,-3535.07,0
1.18471,3505.92,6.56942,-2.57695,2.24156,-3446.6,0
1.19118,3505.89,6.55553,-2.27514,4.1906,-3447.27,0
1.19767,3505.84,6.49133,-2.30042,4.92466,-3473.07,0
1.20415,3505.79,6.39414,-2.27112,6.11135,-3496.29,0
1.21072,3505.84,6.49533,-2.15578,2.30087,-3436.75,0
1.21721,3505.73,6.44169,-2.20053,6.02213,-3506.73,0
1.22372,3505.71,6.47303,-2.20614,4.24434,-3508.74,0
1.23024,3505.8,6.34963,-2.26807,0.609554,-3412.53,0
1.23671,3505.74,6.22277,-2.26761,4.75944,-3448.59,0
1.2432,3505.75,6.14634,-2.15104,4.2392,-3419.41,0
1.24969,3505.8,6.06535,-2.02238,2.57877,-3360.72,0
1.2562,3505.77,5.96125,-2.08673,4.28914,-3368.05,0
1.26274,3505.8,5.98817,-2.20172,1.52283,-3328.18,0
1.26923,3505.68,6.06935,-2.2702,4.32052,-3403.01,0
1.27573,3505.59,6.37554,-2.31279,2.61449,-3457.7,0
1.28226,3505.55,6.30223,-2.33264,4.24799,-3466.88,0
1.2888,3505.59,6.45038,-2.13807,0.927493,-3421.39,0
1.29531,3505.6,6.26891,-2.14056,3.10781,-3397.79,0
1.30174,3505.65,6.17745,-2.20102,1.38206,-3338.06,0
1.30829,3505.58,6.05521,-2.26858,5.08513,-3377.14,0
1.31483,3505.56,6.09905,-2.24846,3.51259,-3373.54,0
1.32136,3505.63,6.06231,-2.24469,0.120024,-3304.47,0
1.32783,3505.62,5.9316,-2.27194,1.99735,-3299.47,0
1.33435,3505.7,5.7764,-2.17064,0.781374,-3222.28,0
1.34085,3505.52,5.88379,-2.26316,4.1432,-3338.09,0
1.34736,3505.45,5.81367,-2.25619,6.342,-3374.46,0
1.3539,3505.39,5.9127,-2.22714,5.16634,-3402.42,0
1.36036,3505.37,5.95562,-2.22192,5.04057,-3406.12,0
1.36684,3505.38,5.9848,-2.13479,3.41248,-3376.51,0
1.37338,3505.4,6.08259,-2.24709,0.160392,-3351.29,0
1.37988,3505.3,6.13255,-2.15812,3.44184,-3405.14,0
1.38642,3505.23,6.30476,-2.20802,3.08948,-3441.93,0
1.39291,3505.16,6.48801,-2.33337,2.06832,-3476.67,0
1.39945,3505.13,6.40388,-2.57187,2.86543,-3481.93,0
1.40599,3505.07,6.43526,-2.45414,5.24752,-3508.46,0
1.4125,3505.11,6.58969,-2.41493,0.56301,-3462,0
1.41898,3505,6.58417,-2.69531,3.18789,-3524.6,0
1.4255,3504.92,6.76939,-2.50376,3.40593,-3563.34,0
1.43195,3504.99,6.64179,-2.56326,1.79788,-3501.39,0
1.43843,3505.02,6.58002,-2.53556,1.14751,-3465.15,0
1.44493,3504.81,6.79089,-2.7353,4.68413,-3593.38,0
1.4514,3504.74,6.77301,-2.90445,4.89954,-3623.36,0
1.45789,3504.76,6.72865,-2.96375,3.17971,-3595.51,0
1.46441,3504.76,6.76887,-2.76411,3.38139,-3579.13,0
1.47089,3504.63,6.79085,-2.77501,6.13076,-3649.14,0
1.47741,3504.65,6.87221,-2.62013,2.9974,-3621.72,0
1.48391,3504.62,6.86856,-2.66093,3.51426,-3623.31,0
1.4904,3504.69,6.68441,-2.47689,4.03974,-3559.91,0
1.49692,3504.78,6.56758,-2.48439,1.90201,-3487.68,0
1.50344,3504.73,6.5475,-2.4821,3.38669,-3502.73,0
1.50995,3504.77,6.43905,-2.48549,2.20977,-3464.8,0
1.51643,3504.67,6.54679,-2.38921,4.37857,-3513.63,0
1.523,3504.67,6.49668,-2.40039,4.22388,-3502.81,0
1.52952,3504.72,6.45271,-2.49365,1.25534,-3454.43,0
1.53597,3504.7,6.40339,-2.60231,1.49164,-3448.67,0
1.54244,3504.71,6.3327,-2.63967,1.61927,-3429.61,0
1.54894,3504.72,6.16242,-2.62105,3.3962,-3407.56,0
1.55548,3504.6,6.09671,-2.6705,6.35882,-3473.92,0
1.56198,3504.54,6.1669,-2.61446,4.58465,-3493.78,0
1.56849,3504.49,6.27431,-2.59657,4.1309,-3511.07,0
1.57498,3504.56,6.19039,-2.53776,2.71401,-3455.57,0
1.58152,3504.53,6.28882,-2.53888,1.83341,-3461.06,0
1.58802,3504.45,6.28606,-2.46424,4.74125,-3492.98,0
1.59455,3504.39,6.20583,-2.50696,6.68063,-3519.77,0
1.60104,3504.52,6.1412,-2.55085,0.778672,-3422.18,0
1.60753,3504.53,6.02052,-2.50553,2.49857,-3402.36,0
1.61403,3504.46,5.90623,-2.6675,5.51184,-3431.89,0
1.62056,3504.46,6.02296,-2.5473,3.39014,-3418.66,0
1.62708,3504.41,5.96225,-2.51719,4.78645,-3433.83,0
1.63358,3504.33,5.94558,-2.58208,6.27851,-3473.89,0
1.64008,3504.25,5.93178,-2.56125,6.94076,-3503.88,0
1.64661,3504.25,5.876,-2.48705,4.89743,-3493.22,0
1.6531,3504.27,5.9839,-2.50286,0.496779,-3466.8,0
1.65965,3504.23,5.91306,-2.56983,2.48906,-3474.09,0
1.66613,3504.24,5.90989,-2.35939,3.5687,-3457.81,0
1.67267,3504.32,5.75664,-2.37132,1.73015,-3395.6,0
1.67919,3504.36,5.64091,-2.16876,3.17243,-3360.64,0
1.68565,3504.36,5.54308,-2.1769,4.29938,-3347.31,0
1.69213,3504.38,5.57652,-2.08403,2.27701,-3320.92,0
1.69863,3504.33,5.68446,-2.21044,1.14625,-3338.07,0
1.70515,3504.35,5.59704,-2.27443,1.00163,-3313.69,0
1.71171,3504.3,5.45252,-2.31043,5.01081,-3327.99,0
1.71824,3504.38,5.42058,-2.00821,3.449,-3270.87,0
1.72474,3504.47,5.26057,-2.07352,1.20967,-3208.65,0
1.73122,3504.4,5.1637,-2.05764,4.63379,-3237.38,0
1.73772,3504.32,5.31702,-2.31652,2.97729,-3269.76,0
1.7442,3504.39,5.18348,-2.2598,1.78343,-3215.05,0
1.75071,3504.26,5.31558,-2.38996,4.0551,-3277.11,0
1.75721,3504.27,5.24455,-2.51608,3.19974,-3261.82,0
1.76374,3504.2,5.29129,-2.55769,4.31073,-3287.32,0
1.77025,3504.12,5.39488,-2.77483,3.57023,-3319.49,0
1.77678,3504.16,5.38828,-2.72509,1.26464,-3284.66,0
1.78328,3504.15,5.16725,-2.73109,5.20788,-3280.48,0
1.78981,3504.17,5.11394,-2.85426,2.68825,-3256.31,0
1.79631,3504.12,5.03911,-2.98763,4.61821,-3274.5,0
1.8028,3504,5.15066,-3.10221,6.35215,-3330.19,0
1.80928,3504.01,5.19939,-3.14344,2.7826,-3308.55,0
1.81582,3504.01,5.16243,-3.13917,3.22801,-3300.75,0
1.82234,3503.92,5.19223,-3.35809,4.06546,-3337.27,0
1.82886,3503.89,5.16534,-3.43117,3.90563,-3340.38,0
1.83539,3503.86,5.29052,-3.42997,2.54462,-3344.53,0
1.84189,3503.82,5.37299,-3.34471,3.85794,-3357.97,0
1.8484,3503.85,5.33237,-3.39803,2.00537,-3329.83,0
1.85489,3503.73,5.40427,-3.42312,5.22302,-3380.55,0
1.86139,3503.9,5.33912,-3.17445,0.0889767,-3277.44,0
1.8679,3503.69,5.39819,-3.31195,6.56676,-3377.46,0
1.87442,3503.68,5.47276,-3.36854,2.18101,-3373.26,0
1.88094,3503.63,5.47618,-3.27189,4.13448,-3385.95,0
1.88744,3503.59,5.46453,-3.24983,5.76787,-3396.09,0
1.89395,3503.59,5.56587,-3.19116,3.41397,-3384.2,0
1.90044,3503.58,5.52273,-3.08757,3.57897,-3376.74,0
1.90699,3503.54,5.48833,-3.17057,3.42062,-3386.84,0
1.91352,3503.58,5.37888,-3.24875,2.42275,-3357.4,0
1.91999,3503.57,5.29512,-3.23045,3.76875,-3348.68,0
1.92652,3503.75,4.98051,-3.14726,1.23296,-3244.52,0
1.933,3503.69,5.09661,-3.19463,0.645535,-3263.16,0
1.93952,3503.65,5.01965,-3.18826,3.60603,-3274.83,0
1.94604,3503.75,5.00984,-2.95622,0.778815,-3211.6,0
1.95253,3503.75,4.86793,-3.06795,1.67943,-3199.63,0
1.95904,3503.79,4.67548,-3.08044,1.64067,-3169.85,0
1.96554,3503.75,4.59608,-3.09282,4.52165,-3180.33,0
1.97206,3503.73,4.71988,-2.98196,3.58142,-3179.59,0
1.97861,3503.72,4.64252,-2.85376,5.95241,-3172.2,0
1.98514,3503.66,4.71327,-2.8327,5.70858,-3194.63,0
1.99164,3503.57,4.72603,-2.84413,5.63188,-3229.69,0
1.99814,3503.52,4.74383,-2.898,5.31545,-3241.15,0
2.0046,3503.54,4.70276,-2.82601,4.70142,-3225.02,0
2.01113,3503.46,4.62177,-2.75566,7.31783,-3254.27,0
2.01762,3503.44,4.60221,-2.76194,4.67738,-3252.49,0
2.02415,3503.37,4.59816,-2.74468,6.91759,-3277.56,0
2.03067,3503.27,4.54916,-2.72382,7.57688,-3312.41,0
2.03718,3503.2,4.59454,-2.78789,6.86813,-3336.02,0
2.04368,3503.2,4.52258,-2.77295,6.32044,-3328.68,0
2.0502,3503.23,4.56558,-2.69322,3.53246,-3300.44,0
2.05672,3503.28,4.67684,-2.39687,1.74708,-3268.87,0
2.0632,3503.37,4.41838,-2.39793,1.36367,-3211.08,0
2.06974,3503.38,4.26091,-2.55929,2.21006,-3199.96,0
2.07626,3503.41,4.16321,-2.47844,2.87503,-3174.57,0
2.08278,3503.41,4.08439,-2.50929,3.56731,-3164.59,0
2.08929,3503.42,4.08018,-2.41762,3.35744,-3150.56,0
2.09577,3503.39,4.09893,-2.34159,4.15609,-3152.41,0
2.10227,3503.34,4.15984,-2.33955,4.93216,-3166.18,0
2.10876,3503.25,4.41775,-2.36862,3.39988,-3200.12,0
2.11529,3503.31,4.31848,-2.34835,2.08129,-3164.55,0
2.12182,3503.24,4.42316,-2.27303,4.18285,-3187.82,0
2.1283,3503.2,4.54718,-2.20622,2.93389,-3194.24,0
2.13479,3503.12,4.59445,-2.44548,2.6876,-3220.69,0
2.1413,3503.05,4.63016,-2.53625,3.66351,-3246.37,0
2.14777,3503.02,4.64366,-2.38421,5.47166,-3247.8,0
2.15426,3503.08,4.56089,-2.29801,3.86439,-3211.13,0
2.16074,3503.1,4.40642,-2.37926,4.85393,-3194.4,0
2.16726,3503.07,4.52632,-2.24526,4.10771,-3199.04,0
2.17373,3503.17,4.53096,-1.96187,0.419086,-3140.51,0
2.1802,3503.21,4.38983,-1.84554,1.75434,-3112.2,0
2.18669,3503.16,4.45426,-2.00523,1.62032,-3129.8,0
2.19316,3503.04,4.6206,-2.01806,3.51705,-3171.34,0
2.19963,3502.93,4.64476,-2.07176,6.13982,-3212.43,0
2.2061,3502.92,4.69309,-2.14605,3.63769,-3207.7,0
2.21255,3502.91,4.70604,-2.18698,2.91284,-3204.19,0
2.21908,3502.81,4.62433,-2.21281,8.17604,-3242.17,0
2.22558,3502.79,4.61634,-2.21466,5.21657,-3241.78,0
2.23208,3502.87,4.56778,-2.10761,2.03523,-3194.36,0
2.2386,3502.89,4.5996,-1.92189,1.85506,-3176.95,0
2.24511,3502.87,4.34596,-1.90834,7.20248,-3177.82,0
2.25158,3502.82,4.37053,-1.86594,5.89507,-3190.17,0
2.25808,3502.87,4.41194,-1.65614,3.25739,-3159.15,0
2.26458,3502.82,4.4185,-1.74709,4.18736,-3169.47,0
2.27112,3502.82,4.53122,-1.66625,1.25651,-3160.45,0
2.27759,3502.76,4.56942,-1.77849,1.93187,-3179.1,0
2.28408,3502.69,4.66815,-1.72334,3.50166,-3199.61,0
2.29056,3502.69,4.56569,-1.78159,3.36068,-3189.72,0
2.29706,3502.68,4.55076,-1.78908,3.8168,-3188.1,0
2.30351,3502.68,4.52852,-1.82287,3.02154,-3179.46,0
2.30998,3502.67,4.50297,-2.01961,1.35981,-3172.53,0
2.31648,3502.73,4.40378,-1.78481,2.9985,-3139.55,0
2.32298,3502.76,4.31308,-1.69279,3.72776,-3115.42,0
2.32949,3502.69,4.4511,-1.64496,3.05504,-3137.24,0
2.33596,3502.56,4.44077,-1.62228,6.56555,-3183.55,0
2.3425,3502.65,4.36499,-1.63388,0.860144,-3136.15,0
2.34899,3502.55,4.40555,-1.53125,5.78055,-3169.87,0
2.35549,3502.58,4.32398,-1.60537,3.88017,-3151.86,0
2.36199,3502.61,4.13157,-1.56413,6.47354,-3129.57,0
2.3685,3502.64,4.12515,-1.52226,3.96905,-3109.27,0
2.37506,3502.6,4.14079,-1.45896,4.96351,-3115.34,0
2.38158,3502.6,4.03748,-1.40832,6.91105,-3107.81,0
2.38806,3502.58,4.03706,-1.49659,5.05011,-3107.17,0
2.39455,3502.49,4.07738,-1.50676,6.19276,-3137.05,0
2.40105,3502.39,4.08045,-1.47432,7.26111,-3168.78,0
2.40752,3502.34,4.06817,-1.4745,6.05619,-3179.79,0
2.41402,3502.31,4.07171,-1.60299,4.04487,-3183.55,0
2.42059,3502.22,4.07855,-1.63151,6.73151,-3214.08,0
2.4271,3502.14,4.0661,-1.64846,6.92889,-3237.93,0
2.43362,3502.17,4.03793,-1.68786,3.86275,-3218.22,0
2.44014,3502.11,4.02206,-1.55763,7.61445,-3231.85,0
2.44664,3502.12,4.00739,-1.47696,5.23522,-3219.11,0
2.45315,3502.11,4.16563,-1.33584,2.0413,-3217.48,0
2.45964,3502.09,4.04159,-1.45922,4.75463,-3214.92,0
2.46614,3502.14,4.02341,-1.43547,2.05904,-3189.04,0
2.47268,3501.89,4.20607,-1.43825,9.66266,-3280.99,0
2.4792,3501.82,4.2104,-1.34211,9.18996,-3298.66,0
2.48573,3501.87,4.15843,-1.2425,6.35127,-3269.78,0
2.49222,3501.85,4.09578,-1.23193,7.27857,-3270.59,0
2.49869,3501.91,4.05239,-1.17786,2.5425,-3237.76,0
2.50519,3501.88,4.07557,-1.21764,2.44237,-3242.4,0
2.51169,3501.92,4.00019,-1.09597,2.0605,-3215.39,0
2.51822,3501.77,4.0778,-1.24635,6.77173,-3267.63,0
2.52473,3501.74,4.06269,-1.45231,5.30797,-3271.11,0
2.53118,3501.75,4.00217,-1.52989,3.46528,-3259.83,0
2.53769,3501.72,4.02949,-1.45897,4.71201,-3261.38,0
2.54421,3501.64,4.05819,-1.55559,5.76673,-3284.18,0
2.55071,3501.59,4.08366,-1.55614,4.80457,-3296.17,0
2.55726,3501.64,3.87973,-1.67562,6.16531,-3267.76,0
2.56376,3501.62,3.88708,-1.58957,5.31538,-3267.32,0
2.57025,3501.57,3.88489,-1.71408,3.99192,-3279.83,0
2.57679,3501.45,3.84403,-1.69369,8.43178,-3318.58,0
2.5833,3501.45,3.84831,-1.6495,3.41087,-3308.83,0
2.58983,3501.39,3.80808,-1.62631,7.98901,-3326.29,0
2.59636,3501.31,3.88898,-1.5172,6.12466,-3345.1,0
2.60285,3501.25,3.9975,-1.61596,2.8876,-3359.88,0
2.60941,3501.2,4.112,-1.64717,1.07518,-3372.7,0
2.61591,3501.24,4.08069,-1.44303,1.48798,-3347.38,0
2.6224,3501.17,4.11896,-1.50634,1.91565,-3367.77,0
2.62891,3501.11,4.01686,-1.54493,6.88488,-3382.57,0
2.63542,3501.24,3.82556,-1.65109,1.53526,-3323.16,0
2.64192,3501.16,3.94656,-1.63618,2.37075,-3347.7,0
2.64843,3501.08,4.03574,-1.65629,3.56295,-3369.91,0
2.65491,3501.02,3.92135,-1.79386,7.43007,-3382.24,0
2.66139,3501.03,3.90646,-1.79622,2.03985,-3372.14,0
2.66791,3500.92,4.07019,-1.75117,2.75076,-3403.15,0
2.67439,3500.99,3.9911,-1.64991,2.328,-3369.7,0
2.68089,3500.9,3.94554,-1.77545,6.21088,-3395.7,0
2.68739,3500.93,3.94433,-1.73856,2.48999,-3376.44,0
2.6939,3500.98,3.77363,-1.91005,1.98114,-3348.81,0
2.70045,3501.03,3.70981,-1.86445,1.11979,-3321.37,0
2.70694,3501,3.57737,-2.01182,5.37358,-3326.07,0
2.71346,3500.95,3.58362,-1.9865,5.0302,-3335.82,0
2.71998,3500.9,3.62047,-2.06164,2.96153,-3344.1,0
2.72651,3500.89,3.76178,-1.85013,1.87182,-3342.72,0
2.73303,3500.97,3.55213,-1.8847,3.76106,-3305.23,0
2.73955,3501.01,3.50618,-1.78006,2.97758,-3279.86,0
2.74607,3500.95,3.55909,-1.89868,2.56051,-3296.74,0
2.75258,3500.99,3.43035,-1.84363,5.5095,-3272.24,0
2.75912,3500.97,3.55231,-1.83246,0.455003,-3272.87,0
2.76566,3500.86,3.51583,-1.8157,7.98123,-3306.11,0
2.77217,3500.91,3.47707,-1.73866,1.54847,-3277.99,0
2.77867,3500.9,3.41689,-1.72748,5.40092,-3275.21,0
2.78517,3500.92,3.29215,-1.66832,8.24314,-3260.92,0
2.79167,3500.91,3.30253,-1.66116,4.69016,-3257.51,0
2.7982,3500.87,3.41795,-1.50355,4.26987,-3263.15,0
2.80467,3500.84,3.5648,-1.44707,0.153001,-3267.34,0
2.81113,3500.84,3.48781,-1.46389,2.21645,-3259.31,0
2.81766,3500.8,3.41285,-1.57841,4.94524,-3264.63,0
2.8242,3500.72,3.48863,-1.63547,3.85268,-3284.85,0
2.8307,3500.75,3.57778,-1.43715,1.15606,-3268.38,0
2.8372,3500.65,3.49518,-1.32722,1.54612,-3295.78,0
2.84376,3500.61,3.43746,-1.32148,5.23758,-3303.28,0
2.85031,3500.55,3.53624,-1.36361,0.33664,-3314.78,0
2.85677,3500.62,3.44658,-1.16692,2.69529,-3284.71,0
2.86332,3500.56,3.3742,-1.14507,7.10428,-3295.61,0
2.86984,3500.59,3.4216,-1.11623,1.50721,-3280.2,0
2.87635,3500.58,3.39359,-0.894959,6.04773,-3275.14,0
2.88284,3500.6,3.32222,-0.975675,6.3054,-3261.74,0
2.88934,3500.56,3.24504,-0.987628,8.23694,-3265.69,0
2.89586,3500.51,3.1629,-0.999503,11.121,-3276.81,0
2.90232,3500.45,3.10077,-0.986686,5.36074,-3290.69,0
2.90889,3500.45,3.10244,-0.930718,2.43438,-3284.7,0
2.91541,3500.45,3.01963,-0.9797,4.4038,-3275.29,0
2.92192,3500.37,3.02786,-0.991788,7.44974,-3294.45,0
2.92844,3500.29,3.16528,-0.910183,4.94034,-3314.62,0
2.93495,3500.29,3.10173,-0.938712,6.43763,-3309.67,0
2.94147,3500.27,3.09155,-0.939045,6.24572,-3307,0
2.94797,3500.27,3.00178,-0.954738,6.6249,-3299.17,0
2.95446,3500.28,2.94811,-0.896824,5.01113,-3290.43,0
2.96091,3500.17,3.08256,-0.855114,5.14164,-3319.16,0
2.96738,3500.17,3.09962,-0.71387,4.54195,-3312.42,0
2.97387,3500.13,3.08223,-0.817366,6.22233,-3320.42,0
2.98035,3500.07,3.02861,-0.858622,8.90001,-3333.37,0
2.98686,3499.99,3.02936,-0.838548,10.0192,-3352.34,0
2.9934,3499.96,2.93366,-0.810906,4.89522,-3353.12,0
2.99995,3499.9,2.88306,-0.935538,9.07246,-3367.12,0
3.00646,3499.88,2.82516,-0.889091,8.89343,-3367.19,0
3.01293,3499.84,2.85177,-0.924548,5.14189,-3371.22,0
3.01943,3499.74,2.94242,-0.963306,4.98514,-3398.77,0
3.02588,3499.72,2.94579,-1.07052,1.59129,-3396.34,0
3.03238,3499.62,2.97936,-1.05287,8.22358,-3424.39,0
3.03892,3499.65,2.9151,-1.04613,7.50945,-3406.82,0
3.04541,3499.55,2.8803,-1.18491,10.6678,-3430.96,0
3.05193,3499.55,2.89793,-1.12689,7.85723,-3424.35,0
3.05845,3499.46,2.86175,-1.13597,5.61764,-3447.18,0
3.06497,3499.44,2.87314,-1.08054,7.2256,-3446.29,0
3.07149,3499.41,2.85523,-0.997009,7.51842,-3446.61,0
3.07799,3499.36,2.80846,-0.962076,4.20282,-3458.3,0
3.08451,3499.31,2.74465,-0.951761,8.95203,-3465.58,0
3.09101,3499.37,2.66036,-0.99898,3.39218,-3437.6,0
3.0975,3499.34,2.63306,-0.990511,5.23404,-3440.07,0
3.10401,3499.39,2.5761,-0.895522,5.71484,-3418.28,0
3.11051,3499.31,2.55424,-0.719591,7.4662,-3435.49,0
3.11702,3499.34,2.42,-0.698795,7.12634,-3419.68,0
3.12353,3499.24,2.43594,-0.569296,4.50779,-3443.6,0
3.13004,3499.32,2.37489,-0.519977,3.33473,-3413.05,0
3.13656,3499.37,2.21114,-0.509818,4.04797,-3387.5,0
3.14307,3499.44,2.14879,-0.465707,3.70555,-3359.94,0
3.14958,3499.35,2.1199,-0.569797,9.64174,-3382.47,0
3.1561,3499.28,2.17889,-0.656417,2.2549,-3395.11,0
3.16258,3499.25,2.1967,-0.689813,0.937176,-3398.07,0
3.16913,3499.31,2.05607,-0.52631,5.1317,-3373.07,0
3.17566,3499.25,2.02293,-0.453479,6.71857,-3385.49,0
3.18218,3499.2,2.09066,-0.393373,1.83689,-3395.02,0
3.18868,3499.15,2.02453,-0.385062,4.48829,-3404.22,0
3.19517,3499,2.1196,-0.504755,3.06575,-3443.53,0
3.20164,3498.87,2.10344,-0.480962,5.73322,-3475.16,0
3.2082,3498.97,1.98071,-0.414572,0.804317,-3438.55,0
3.2147,3498.95,1.93938,-0.393637,5.42668,-3436.67,0
3.22118,3498.95,1.86046,-0.381111,6.08349,-3430.07,0
3.2277,3498.96,1.87239,-0.269484,3.04373,-3421.42,0
3.23422,3498.9,1.76769,-0.175526,8.08079,-3431.86,0
3.24076,3498.89,1.76368,-0.16298,6.99829,-3427.18,0
3.24727,3498.74,1.78404,-0.0988888,9.43742,-3468.06,0
3.25378,3498.6,1.80811,-0.114071,7.28521,-3502.16,0
3.26029,3498.52,1.69877,-0.0351802,7.89702,-3521.69,0
3.26682,3498.42,1.70286,-0.00487329,5.71712,-3546.04,0
3.27332,3498.5,1.6475,0.0310414,4.06714,-3512.25,0
3.27984,3498.58,1.53775,0.0990285,6.2239,-3482.69,0
3.28632,3498.5,1.54264,-0.0211724,3.20561,-3500.26,0
3.29286,3498.48,1.39919,-0.0438007,9.69223,-3500,0
3.29937,3498.42,1.31859,0.0536072,5.14459,-3509.64,0
3.3059,3498.46,1.1079,0.034906,12.7821,-3489.31,0
3.3124,3498.27,1.06875,-0.0632674,8.6334,-3540.68,0
3.31894,3498.34,0.833157,-0.0865368,8.01842,-3511.8,0
3.32547,3498.22,0.684453,-0.167743,3.79765,-3543.25,0
3.33201,3498.23,0.607416,-0.162333,6.06928,-3532.95,0
3.33717,3498.21,0.44486,-0.103697,3.19909,-3531.89,0
