0.00653378,3509.85,-3.15608,7.77676,1.9625,-22835.4,0
0.0130571,3509.91,-3.04732,7.52352,2.15756,-6735.93,0
0.019578,3509.88,-3.25899,7.43763,2.84807,-6283.96,0
0.0260837,3509.81,-3.13694,7.40708,4.37149,-7170.24,0
0.032602,3509.77,-3.12455,7.46456,3.86007,-6988.17,0
0.0390993,3509.8,-3.15188,7.44684,2.41369,-5006.28,0
0.0455881,3509.75,-3.0591,7.49137,3.8041,-5574.87,0
0.0520993,3509.7,-3.10493,7.53995,4.07912,-5791.15,0
0.0585591,3509.71,-3.05322,7.46125,3.94498,-4874.39,0
0.0650938,3509.67,-3.21991,7.44295,3.98921,-5089.81,0
0.071611,3509.7,-3.14528,7.68484,0.735809,-4155.99,0
0.0781338,3509.61,-3.15052,7.83467,2.01305,-5041.4,0
0.0846543,3509.49,-3.35602,7.97273,3.02024,-6026.34,0
0.0911545,3509.43,-3.21769,8.02311,4.04072,-6212.64,0
0.097648,3509.48,-3.31919,8.06026,0.387441,-5302.19,0
0.104179,3509.51,-3.236,7.68736,2.63531,-4657.99,0
0.11072,3509.45,-3.2059,7.61167,4.21466,-4984.05,0
0.117266,3509.45,-3.24351,7.5578,2.77558,-4660.77,0
0.123766,3509.43,-3.27398,7.69164,1.61397,-4605.02,0
0.130222,3509.37,-3.25702,7.59642,3.76928,-4865.09,0
0.13671,3509.33,-3.16619,7.49039,4.97093,-4890.25,0
0.143222,3509.35,-3.18424,7.31709,4.19912,-4546.18,0
0.149706,3509.28,-3.16725,7.32035,4.32336,-4821.73,0
0.156239,3509.34,-3.22077,7.30631,1.53444,-4206.01,0
0.162769,3509.22,-3.19225,7.33624,3.99406,-4785.9,0
0.169281,3509.23,-3.11585,7.20229,4.20729,-4525.82,0
0.175801,3509.23,-2.96346,7.20397,3.61995,-4358.36,0
0.182337,3509.32,-2.79053,6.99263,2.4889,-3740.65,0
0.188844,3509.39,-2.66609,6.89522,1.01562,-3229.92,0
0.195365,3509.26,-2.6922,6.81896,4.86471,-3772.41,0
0.201844,3509.23,-2.6799,6.77596,4.64545,-3797.06,0
0.208337,3509.18,-2.71398,6.7601,4.60014,-3921.09,0
0.214853,3509.23,-2.61674,6.68829,3.46776,-3588.51,0
0.221401,3509.19,-2.6979,6.73504,3.07796,-3659.92,0
0.22789,3509.12,-2.81474,6.93017,2.59241,-3847.98,0
0.234386,3509.08,-2.97714,7.01661,2.08426,-3920.56,0
0.240877,3508.96,-3.02727,7.20961,3.26771,-4296.88,0
0.247407,3508.91,-3.12198,7.37409,2.57315,-4413.09,0
0.253893,3508.82,-3.08016,7.51448,3.73416,-4658.83,0
0.260417,3508.91,-2.98047,7.46804,1.02985,-4199.71,0
0.266928,3508.76,-2.95216,7.54101,3.84579,-4646.21,0
0.273443,3508.69,-2.92096,7.49527,5.0006,-4803.49,0
0.27993,3508.72,-2.85108,7.71536,1.46574,-4575.73,0
0.286438,3508.64,-2.912,7.67044,3.71528,-4736.37,0
0.292962,3508.7,-3.10671,7.70701,0.17277,-4425.82,0
0.299474,3508.62,-3.39353,7.76447,0.815256,-4607.04,0
0.306037,3508.58,-3.49721,7.81606,0.540504,-4630.48,0
0.312503,3508.5,-3.33217,7.93606,2.35478,-4792.27,0
0.319037,3508.56,-2.85796,7.80993,3.43614,-4529.21,0
0.325558,3508.56,-2.93827,8.01327,0.437062,-4437.08,0
0.332074,3508.4,-2.92219,8.0782,4.18466,-4831.27,0
0.338572,3508.35,-2.89504,8.26373,3.28648,-4873.11,0
0.345077,3508.26,-2.86065,8.31407,4.43424,-5056.65,0
0.351561,3508.31,-2.92794,8.18095,3.33427,-4810.35,0
0.358073,3508.37,-3.01221,7.99388,2.45868,-4543.98,0
0.364586,3508.41,-2.93043,7.86454,2.243,-4349.47,0
0.371085,3508.48,-2.87134,7.81524,0.365267,-4102.72,0
0.377601,3508.37,-2.83221,7.89315,2.99688,-4328.73,0
0.384102,3508.39,-2.77448,7.63628,4.41438,-4181.61,0
0.3906,3508.44,-2.71218,7.74245,1.09162,-3999.96,0
0.397085,3508.51,-2.69132,7.52285,0.557944,-3752.84,0
0.403608,3508.48,-2.5825,7.4686,2.11649,-3761.45,0
0.410076,3508.5,-2.5736,7.55296,0.321884,-3656.49,0
0.416599,3508.42,-2.33951,7.68157,2.29756,-3801.07,0
0.423098,3508.34,-2.37423,7.73886,2.89975,-3916.93,0
0.429579,3508.4,-2.24134,7.77504,0.650607,-3735.63,0
0.436093,3508.4,-1.97652,7.6225,2.40997,-3668.67,0
0.442577,3508.31,-1.99437,7.64259,4.1419,-3807.31,0
0.449081,3508.25,-2.04269,7.65298,4.12755,-3904.51,0
0.455614,3508.27,-2.06722,7.68145,2.08718,-3806.08,0
0.462091,3508.24,-1.99708,7.59261,3.70358,-3807.81,0
0.4686,3508.22,-2.1397,7.41621,5.03927,-3807.7,0
0.475086,3508.16,-2.15054,7.40305,4.30899,-3871.19,0
0.481606,3508.17,-2.20579,7.33866,3.23183,-3805.48,0
0.488144,3508.16,-2.32324,7.2797,3.21608,-3760.02,0
0.494685,3508.15,-2.20606,7.39333,2.57402,-3747.81,0
0.501223,3508.12,-2.06281,7.40751,3.32356,-3760.55,0
0.507761,3508.13,-2.03397,7.37743,2.81197,-3689.14,0
0.514237,3508.11,-2.12735,7.38319,1.58725,-3666.68,0
0.520721,3508.01,-2.05913,7.26169,5.39754,-3815.67,0
0.527166,3507.99,-2.11176,7.20965,4.51094,-3812.56,0
0.533697,3508.03,-2.21983,7.15954,2.07286,-3693.95,0
0.540189,3508.06,-2.30338,7.10983,0.700744,-3588.75,0
0.546692,3507.95,-2.29365,7.02376,4.65676,-3751.13,0
0.553232,3508.06,-2.34737,6.87755,1.45909,-3505.22,0
0.559699,3507.94,-2.36461,7.08204,2.83455,-3672.81,0
0.566188,3507.98,-2.12495,7.1062,1.87808,-3574.19,0
0.572721,3507.89,-2.08564,7.0895,4.50888,-3680.78,0
0.579228,3507.9,-1.98092,7.23469,2.39402,-3633.23,0
0.585759,3507.79,-1.97978,7.30667,4.63083,-3776.05,0
0.592287,3507.76,-1.87231,7.3806,3.42306,-3775.53,0
0.598778,3507.88,-1.78335,7.19689,1.24609,-3542.11,0
0.605279,3507.79,-1.75053,7.16775,3.65173,-3649.62,0
0.611818,3507.74,-1.75548,7.17127,4.18802,-3697.04,0
0.618304,3507.59,-1.74836,7.10687,6.57491,-3898.09,0
0.624828,3507.57,-1.85959,7.03009,5.18636,-3883.75,0
0.63132,3507.43,-1.84096,7.0326,6.88576,-4064.4,0
0.637842,3507.52,-1.84095,6.91897,2.76347,-3882.04,0
0.644374,3507.49,-1.67643,6.9397,3.57169,-3897,0
0.650873,3507.47,-1.72409,6.99473,3.08349,-3891.1,0
0.657382,3507.37,-1.62256,7.08602,4.45135,-3993.63,0
0.663916,3507.41,-1.66877,7.02192,3.28416,-3906.32,0
0.670475,3507.39,-1.52692,6.93392,4.13323,-3886.94,0
0.67699,3507.39,-1.51714,7.08493,0.574044,-3851.52,0
0.683539,3507.4,-1.60818,6.90439,1.94405,-3808.74,0
0.690028,3507.36,-1.79582,6.94399,1.62543,-3830.95,0
0.696506,3507.33,-1.85052,6.81208,3.52544,-3839.37,0
0.703015,3507.42,-1.68352,6.68878,1.82913,-3676.39,0
0.709543,3507.48,-1.6663,6.54322,0.580913,-3546.62,0
0.716031,3507.48,-1.7626,6.45006,0.408993,-3516.12,0
0.72259,3507.42,-1.5612,6.42563,2.70826,-3570.44,0
0.72911,3507.32,-1.62258,6.50052,4.96562,-3681.44,0
0.735605,3507.36,-1.59957,6.59093,1.74706,-3590.85,0
0.742117,3507.36,-1.54581,6.64493,0.890635,-3555.76,0
0.748622,3507.36,-1.27356,6.56513,2.36526,-3530.35,0
0.755107,3507.34,-1.19888,6.67174,1.77056,-3527.75,0
0.761605,3507.26,-1.24432,6.72078,3.51047,-3595.12,0
0.768147,3507.26,-1.21396,6.70265,3.39586,-3571.53,0
0.774626,3507.24,-1.18621,6.77673,2.58058,-3561.31,0
0.7811,3507.35,-1.23664,6.59066,0.135701,-3387.33,0
0.787575,3507.34,-1.32019,6.48286,1.18725,-3371.28,0
0.794073,3507.26,-1.40174,6.53401,3.18434,-3452.5,0
0.800595,3507.18,-1.43807,6.58369,4.96253,-3523.84,0
0.807059,3507.17,-1.46114,6.47706,3.70096,-3501.59,0
0.813597,3507.21,-1.30519,6.55159,0.836864,-3427.05,0
0.820123,3507.2,-1.33259,6.32203,3.66117,-3418.58,0
0.826594,3507.21,-1.2862,6.25819,2.56651,-3379.64,0
0.833072,3507.21,-1.33957,6.29286,1.34387,-3345.44,0
0.839593,3507.11,-1.38816,6.21205,5.08421,-3445.45,0
0.846168,3507.05,-1.4152,6.23067,4.89323,-3480.43,0
0.852698,3507.02,-1.32363,6.1736,3.84051,-3489.88,0
0.859231,3506.95,-1.43644,6.28163,4.38906,-3546.61,0
0.865786,3506.95,-1.57248,6.273,3.31788,-3525.69,0
0.872286,3506.88,-1.7141,6.36218,3.68447,-3573.88,0
0.878784,3506.85,-1.73198,6.44359,3.28517,-3580.38,0
0.885314,3506.98,-1.81046,6.20634,0.0898845,-3406.47,0
0.891835,3506.96,-1.83409,6.12128,1.63428,-3409.13,0
0.898326,3506.92,-2.10292,6.10245,2.0409,-3431.5,0
0.904839,3507,-2.10453,5.80971,1.56639,-3310.93,0
0.911348,3507.03,-2.04374,5.83405,0.142035,-3259.93,0
0.917857,3506.94,-2.14245,5.87101,1.89519,-3331.1,0
0.924324,3506.86,-2.35783,6.04109,1.73199,-3393.47,0
0.930827,3506.82,-2.48992,5.94524,3.35789,-3415.59,0
0.937289,3506.73,-2.57103,6.00725,4.38269,-3488.5,0
0.943808,3506.77,-2.90202,5.99749,0.753671,-3424.22,0
0.950307,3506.68,-3.04622,5.99326,2.90533,-3494.57,0
0.956842,3506.71,-2.72865,6.07088,2.12551,-3433.36,0
0.96335,3506.68,-2.65351,6.08813,2.96781,-3443.96,0
0.969877,3506.74,-2.74208,5.92931,1.32986,-3358.25,0
0.976337,3506.84,-2.63247,5.66326,0.942712,-3237.73,0
0.982824,3506.81,-2.52169,5.65813,2.36645,-3248.55,0
0.989309,3506.85,-2.6472,5.51115,1.07642,-3179.67,0
0.99577,3506.73,-2.51453,5.59068,4.7154,-3281.07,0
1.00229,3506.67,-2.50249,5.54722,4.75191,-3322.72,0
1.00879,3506.58,-2.44589,5.67285,5.59962,-3392.74,0
1.01531,3506.64,-2.40331,5.64381,2.52292,-3310.06,0
1.02182,3506.66,-2.4883,5.65822,0.15139,-3265.09,0
1.02829,3506.5,-2.47421,5.72751,5.05981,-3406.13,0
1.03481,3506.49,-2.4334,5.66017,5.569,-3396.13,0
1.04127,3506.49,-2.42652,5.59234,4.69796,-3375.4,0
1.04777,3506.5,-2.4377,5.51931,4.00585,-3335.81,0
1.05432,3506.45,-2.59041,5.43589,5.47947,-3363.15,0
1.06083,3506.44,-2.63512,5.35086,4.22831,-3355.09,0
1.06732,3506.37,-2.58459,5.48704,4.60166,-3403.23,0
1.0738,3506.28,-2.58078,5.37473,6.33946,-3466.39,0
1.08024,3506.26,-2.47703,5.55362,4.58655,-3466.79,0
1.08673,3506.25,-2.35194,5.54859,4.63041,-3451.5,0
1.09323,3506.2,-2.32693,5.5186,5.25991,-3473.62,0
1.09972,3506.28,-2.31768,5.26489,4.66341,-3385.29,0
1.10622,3506.31,-2.18961,5.25278,3.34582,-3337.58,0
1.11271,3506.27,-2.33613,5.23263,4.19316,-3354.43,0
1.11923,3506.2,-2.27092,5.37027,4.73872,-3391.74,0
1.12575,3506.17,-2.19468,5.51029,4.09453,-3401.51,0
1.13229,3506.13,-2.1888,5.58242,4.2615,-3416.99,0
1.13877,3506.09,-2.21452,5.55394,4.5319,-3436.31,0
1.14528,3506.14,-2.19281,5.56905,1.7858,-3374.29,0
1.15181,3506.09,-2.24067,5.51434,3.73156,-3397.8,0
1.15827,3506.05,-2.20362,5.42391,4.66909,-3407.23,0
1.16473,3506.03,-2.1305,5.31282,5.29679,-3412.56,0
1.17121,3506.07,-2.06388,5.24355,3.48737,-3359.45,0
1.1777,3506.1,-2.00172,5.16556,3.05844,-3315.01,0
1.18421,3506.13,-2.29957,5.09104,0.20757,-3265.73,0
1.19067,3506,-2.36619,5.09959,4.49241,-3356.18,0
1.19716,3505.95,-2.42416,5.10135,4.29115,-3383.31,0
1.20367,3506.01,-2.18614,5.22275,0.507843,-3313.6,0
1.21015,3505.95,-2.03921,5.29879,1.77791,-3344.76,0
1.21664,3505.89,-1.91271,5.25826,5.34771,-3380.44,0
1.22313,3506,-1.77843,5.23119,0.635476,-3272.06,0
1.22967,3505.9,-1.7775,5.45611,1.05507,-3333.38,0
1.23619,3505.82,-1.73173,5.46002,4.37957,-3381.85,0
1.2427,3505.72,-1.69556,5.4086,6.96481,-3440.33,0
1.24923,3505.81,-1.66771,5.40111,1.11975,-3353.88,0
1.25576,3505.78,-1.68888,5.37092,2.49073,-3363.53,0
1.26225,3505.69,-1.7631,5.37914,4.58488,-3414.06,0
1.26877,3505.68,-1.60466,5.22546,5.59014,-3403.89,0
1.27525,3505.65,-1.66311,5.18572,3.952,-3412.76,0
1.28174,3505.61,-1.81036,5.30099,2.82829,-3422.65,0
1.28828,3505.67,-1.68456,5.17991,2.08363,-3360.23,0
1.29484,3505.62,-1.68768,5.14788,3.72107,-3386.09,0
1.30136,3505.61,-1.644,5.25416,1.17927,-3371.42,0
1.30787,3505.48,-1.76766,5.26721,5.19614,-3456.63,0
1.31436,3505.46,-1.74903,5.26028,4.65994,-3456.75,0
1.32085,3505.55,-1.57921,5.18695,1.48869,-3369.89,0
1.32735,3505.4,-1.77007,5.20515,6.11239,-3462.06,0
1.33386,3505.37,-1.76256,5.27456,4.22318,-3467.65,0
1.34037,3505.28,-1.75863,5.22446,6.29821,-3522.18,0
1.34691,3505.24,-1.70023,5.21372,5.42853,-3536.54,0
1.35345,3505.24,-1.83787,5.25564,2.23764,-3513.43,0
1.35996,3505.28,-1.64065,5.1528,2.78427,-3472.24,0
1.36648,3505.23,-1.61775,5.14598,4.90187,-3492.18,0
1.37298,3505.2,-1.50911,5.25145,3.03947,-3497.16,0
1.37947,3505.19,-1.54415,5.12654,4.21069,-3485.59,0
1.38595,3505.05,-1.57931,5.12012,7.8804,-3568.33,0
1.39246,3505.04,-1.51056,5.01994,5.92473,-3559.3,0
1.39898,3505.09,-1.43339,5.10988,1.16378,-3512.35,0
1.4055,3505.02,-1.46175,4.97914,5.60795,-3544.42,0
1.41205,3504.99,-1.53965,5.01521,4.18803,-3545.35,0
1.41859,3504.95,-1.62408,4.89693,5.10514,-3559.44,0
1.42507,3504.93,-1.60851,4.94627,2.91686,-3557.98,0
1.43155,3504.91,-1.66727,4.77039,5.33616,-3554.09,0
1.43807,3504.94,-1.60244,4.73456,4.0394,-3517.02,0
1.44457,3504.91,-1.57428,4.64988,4.67972,-3522.84,0
1.45107,3504.95,-1.54858,4.61887,0.866119,-3477.52,0
1.45755,3505,-1.69334,4.40673,0.804484,-3433.26,0
1.46404,3504.9,-1.76658,4.38645,4.93433,-3485.91,0
1.47054,3504.89,-1.85964,4.47014,2.52788,-3474.77,0
1.47701,3504.87,-1.72121,4.63458,1.2149,-3471.71,0
1.48352,3504.81,-1.85288,4.57887,4.06169,-3501.12,0
1.49002,3504.77,-1.85111,4.67163,3.43799,-3508.74,0
1.49653,3504.61,-1.83543,4.93811,4.59965,-3598.97,0
1.50304,3504.6,-1.92039,4.95285,2.80006,-3591.22,0
1.50956,3504.66,-1.81097,4.72041,4.15165,-3536.13,0
1.51604,3504.64,-1.95317,4.74949,2.70123,-3534.1,0
1.52254,3504.67,-2.10294,4.6324,2.04357,-3503.52,0
1.52905,3504.64,-2.20942,4.68744,1.08335,-3504.59,0
1.53554,3504.65,-2.33675,4.49201,2.08879,-3483.25,0
1.54205,3504.66,-2.37716,4.45167,1.46334,-3461.29,0
1.54855,3504.71,-2.30449,4.39336,0.238871,-3419.31,0
1.55507,3504.55,-2.44793,4.39518,5.6122,-3504.5,0
1.56156,3504.5,-2.53123,4.35405,4.90099,-3524.89,0
1.56809,3504.5,-2.50356,4.38342,3.82684,-3506.92,0
1.57463,3504.5,-2.43499,4.50692,2.1244,-3495.54,0
1.58114,3504.49,-2.41226,4.53442,1.53694,-3482.32,0
1.58767,3504.46,-2.37771,4.55578,2.52708,-3491.83,0
1.59412,3504.48,-2.2175,4.51271,2.46303,-3460.27,0
1.60065,3504.4,-2.11908,4.47109,6.50539,-3500.12,0
1.60716,3504.45,-2.13878,4.53003,1.17385,-3454.79,0
1.61366,3504.39,-2.1711,4.4394,4.6989,-3473.71,0
1.62019,3504.35,-2.08363,4.35224,6.69295,-3485.48,0
1.62671,3504.31,-2.12529,4.37025,5.30543,-3498.35,0
1.63326,3504.29,-2.25952,4.55658,1.31095,-3498.85,0
1.63979,3504.23,-2.29604,4.58293,2.8452,-3516.19,0
1.6463,3504.08,-2.30973,4.68534,6.68682,-3595.46,0
1.65278,3504.12,-2.27543,4.60453,4.22966,-3556.31,0
1.65928,3504.04,-2.24403,4.67976,5.47203,-3591.93,0
1.66583,3504.08,-2.30384,4.62085,2.4596,-3552.34,0
1.67234,3504.2,-2.01505,4.41045,1.94579,-3465.67,0
1.67888,3504.09,-2.10887,4.5102,4.35109,-3519.99,0
1.68542,3504.1,-1.90856,4.61779,2.66847,-3497.71,0
1.69193,3504.1,-1.93091,4.569,2.7734,-3484.21,0
1.69852,3504.06,-1.77285,4.54639,5.37661,-3495.98,0
1.70496,3504.07,-1.66854,4.52062,3.82581,-3476.8,0
1.71145,3503.95,-1.65729,4.37429,8.73731,-3534.59,0
1.71794,3503.9,-1.56522,4.33663,6.6863,-3549.17,0
1.72445,3503.92,-1.63708,4.15141,6.15139,-3527.1,0
1.73096,3503.89,-1.68772,4.13807,5.70351,-3530.67,0
1.73748,3503.82,-1.71807,4.22386,4.89897,-3556.22,0
1.74398,3503.84,-1.61618,4.30475,2.02004,-3534.82,0
1.75053,3503.78,-1.76259,4.37377,2.42161,-3555.97,0
1.75704,3503.77,-1.74923,4.28964,2.6742,-3546.96,0
1.76356,3503.73,-1.76479,4.26404,4.63953,-3557.01,0
1.77006,3503.68,-1.65116,4.26378,6.26406,-3571.56,0
1.77656,3503.63,-1.70199,4.23163,4.86532,-3583.08,0
1.78307,3503.58,-1.71764,4.21243,4.94146,-3599.27,0
1.78955,3503.57,-1.80193,4.18719,3.42898,-3590.89,0
1.79603,3503.66,-2.06107,3.87393,1.44007,-3530.56,0
1.80255,3503.51,-2.08955,4.09173,4.4201,-3601.52,0
1.80907,3503.54,-1.8927,4.20945,1.80383,-3572.76,0
1.81564,3503.61,-1.68149,4.04874,2.3779,-3518.31,0
1.82216,3503.52,-1.6366,3.99902,5.68977,-3556.85,0
1.82866,3503.44,-1.75962,4.03379,5.83427,-3585.62,0
1.83518,3503.41,-1.78147,4.04047,4.61974,-3592.95,0
1.8417,3503.43,-1.91853,3.99067,2.35178,-3568.24,0
1.84823,3503.36,-1.8749,4.01663,3.60987,-3590.87,0
1.85473,3503.31,-1.93844,3.96935,4.6872,-3605.94,0
1.86127,3503.24,-1.99695,3.95862,5.98735,-3629.73,0
1.86776,3503.27,-2.00459,3.88853,3.73188,-3602.55,0
1.87429,3503.24,-2.10963,3.86132,4.02535,-3604.46,0
1.88076,3503.29,-2.07489,3.80014,2.80323,-3569.47,0
1.88726,3503.23,-2.09138,3.76571,5.58595,-3585.29,0
1.89376,3503.31,-2.11321,3.71202,0.809906,-3531.99,0
1.9003,3503.29,-2.22878,3.66136,1.00495,-3532.21,0
1.90683,3503.25,-2.21708,3.60549,2.53926,-3540.24,0
1.91326,3503.27,-2.37783,3.39369,3.20677,-3518.57,0
1.91979,3503.17,-2.28569,3.3864,7.16221,-3559.66,0
1.92631,3503.17,-2.3338,3.3662,3.26413,-3547.51,0
1.9328,3503.17,-2.21516,3.44238,1.45362,-3535.07,0
1.93936,3503.13,-2.22378,3.42554,2.59069,-3542.31,0
1.94588,3503.13,-2.10755,3.40946,4.13129,-3530.34,0
1.95237,3503.15,-2.04996,3.34189,4.25838,-3508.49,0
1.95882,3503.13,-2.12645,3.42096,2.06323,-3506.4,0
1.96533,3503.1,-2.17784,3.3093,4.29278,-3510.35,0
1.97183,3503.18,-2.16172,3.19603,1.1548,-3460.44,0
1.97833,3503.19,-2.08728,3.1514,1.53962,-3440.21,0
1.98485,3503.16,-2.02645,3.125,3.43027,-3447.08,0
1.99135,3503.1,-1.8858,3.06994,6.98422,-3462.88,0
1.99785,3503.15,-1.89667,3.09283,1.50755,-3426.74,0
2.00441,3503.05,-1.93846,3.1971,4.39847,-3467.48,0
2.01087,3503.05,-1.94463,3.28391,1.26349,-3455.5,0
2.01738,3503.06,-1.90368,3.25343,0.952931,-3438.18,0
2.02391,3503,-1.66159,3.395,4.25678,-3458.81,0
2.03041,3502.95,-1.73121,3.46233,3.02048,-3472.95,0
2.03694,3502.98,-1.7209,3.42707,1.08575,-3445.31,0
2.04343,3502.96,-1.78455,3.27388,3.36433,-3445.01,0
2.04999,3502.9,-1.79142,3.40047,3.57024,-3463.15,0
2.05648,3502.87,-1.83081,3.51918,1.68499,-3469.4,0
2.06296,3502.81,-1.77464,3.44728,7.08219,-3486.37,0
2.06949,3502.83,-1.72812,3.49603,3.90551,-3465.37,0
2.07601,3502.82,-1.95228,3.32209,5.30648,-3460.21,0
2.0825,3502.73,-2.01027,3.47569,5.2144,-3489.58,0
2.08901,3502.66,-1.98039,3.46847,8.05471,-3511.32,0
2.09551,3502.58,-1.92044,3.46341,8.11071,-3542.4,0
2.10203,3502.59,-1.93393,3.42327,3.59869,-3527.13,0
2.10851,3502.67,-2.02517,3.20594,0.899715,-3475.03,0
2.11498,3502.65,-2.00598,3.08949,4.82999,-3474.83,0
2.12152,3502.68,-2.0884,3.02391,2.06128,-3448.18,0
2.12806,3502.74,-1.98454,2.9388,1.09221,-3413.45,0
2.13455,3502.73,-1.87631,2.88672,3.89152,-3404.16,0
2.14102,3502.79,-1.77655,2.81486,0.869457,-3365.76,0
2.14759,3502.69,-1.73445,2.92188,5.28592,-3403.93,0
2.15413,3502.63,-1.76972,2.85369,7.93232,-3423.08,0
2.16059,3502.7,-1.7522,2.86364,0.533913,-3378.56,0
2.1671,3502.63,-1.87348,2.8855,3.15625,-3403.1,0
2.17363,3502.5,-1.87884,2.97013,7.49551,-3450.21,0
2.18014,3502.42,-1.87317,3.04409,6.15626,-3478.2,0
2.18664,3502.35,-1.80048,3.19667,7.04852,-3500.03,0
2.19316,3502.4,-1.86169,3.08541,3.9539,-3466.12,0
2.1997,3502.33,-2.01955,3.11803,4.88639,-3487.19,0
2.20619,3502.3,-2.08739,3.07197,3.28735,-3491.38,0
2.21268,3502.25,-2.08708,3.1448,4.07912,-3504.35,0
2.21919,3502.23,-1.97335,3.21143,4.11607,-3500.36,0
2.22572,3502.24,-1.94832,3.19581,3.73342,-3488.33,0
2.23223,3502.18,-2.01022,3.30711,2.86238,-3504.1,0
2.23872,3502.12,-1.98653,3.4263,3.29099,-3519.02,0
2.24525,3502.12,-2.10213,3.33981,1.89519,-3508,0
2.25175,3502.17,-2.09272,3.2237,0.994267,-3477.21,0
2.25825,3502.06,-2.15846,3.3968,1.76837,-3514.31,0
2.26476,3501.84,-2.19895,3.45855,9.17836,-3601.75,0
2.27129,3501.83,-2.22632,3.5545,3.09817,-3598.27,0
2.2778,3501.92,-2.04542,3.493,1.37516,-3547.1,0
2.2843,3501.79,-2.18286,3.40303,8.16923,-3594.17,0
2.29076,3501.82,-2.26263,3.31088,5.06192,-3573.03,0
2.29726,3501.77,-2.329,3.25738,5.31421,-3582.17,0
2.30373,3501.74,-2.32429,3.26546,5.02446,-3584.94,0
2.31022,3501.71,-2.36032,3.35127,2.65113,-3587.29,0
2.31677,3501.67,-2.37978,3.26428,4.7725,-3594.72,0
2.32331,3501.66,-2.32513,3.1637,7.89438,-3590.2,0
2.3298,3501.64,-2.31164,3.29825,3.58493,-3589.05,0
2.33631,3501.64,-2.1125,3.33107,6.28143,-3580.25,0
2.34277,3501.61,-2.09562,3.33538,4.72347,-3582.07,0
2.34925,3501.7,-1.94488,3.23409,3.64531,-3531.87,0
2.35577,3501.7,-1.9855,3.16007,5.14795,-3524.58,0
2.36226,3501.72,-2.06095,3.06368,2.20694,-3504.36,0
2.36875,3501.63,-2.05361,3.1634,5.4449,-3535.39,0
2.3753,3501.69,-1.95422,3.08096,4.91448,-3499.13,0
2.38178,3501.66,-2.0016,3.0932,4.99469,-3502.37,0
2.38825,3501.68,-2.00469,3.03137,3.9436,-3482,0
2.39478,3501.64,-2.06459,2.9964,5.50443,-3489.3,0
2.40127,3501.79,-1.8767,2.85242,2.08683,-3417.7,0
2.40778,3501.8,-1.89638,2.82105,1.95239,-3407.09,0
2.41429,3501.8,-1.77542,2.74264,5.56669,-3397.07,0
2.42077,3501.71,-1.89065,2.84243,4.86221,-3424.35,0
2.42728,3501.7,-1.81971,2.85964,5.09798,-3418.33,0
2.43379,3501.65,-1.92591,2.96558,1.90519,-3430.41,0
2.4403,3501.73,-1.79958,2.80454,3.62073,-3390.16,0
2.44679,3501.72,-1.81937,2.69185,4.38769,-3383.13,0
2.45331,3501.7,-1.85675,2.72666,1.04482,-3382.41,0
2.45982,3501.77,-1.81576,2.47792,3.99076,-3347.03,0
2.46631,3501.78,-1.67929,2.47661,3.55633,-3332.72,0
2.47283,3501.79,-1.67826,2.41647,1.74248,-3320.97,0
2.47934,3501.71,-1.79328,2.47796,3.149,-3344.79,0
2.48582,3501.69,-1.72054,2.50305,4.26145,-3344.94,0
2.49233,3501.68,-1.76328,2.45558,2.91255,-3336.39,0
2.49882,3501.58,-1.8656,2.44223,6.84511,-3369.01,0
2.5053,3501.59,-1.73987,2.53072,4.64913,-3355.17,0
2.5118,3501.51,-1.77035,2.50809,8.24769,-3380.54,0
2.51832,3501.51,-1.76947,2.57657,2.34031,-3371.12,0
2.52486,3501.43,-1.70208,2.80291,1.12033,-3395.75,0
2.53141,3501.36,-1.50923,2.76656,10.367,-3413.92,0
2.53792,3501.44,-1.46359,2.69866,2.02956,-3372.22,0
2.54443,3501.37,-1.44872,2.72839,6.57105,-3393.62,0
2.55099,3501.38,-1.29695,2.80181,2.82837,-3379.21,0
2.55745,3501.39,-1.16227,2.77409,3.40037,-3366.13,0
2.56395,3501.43,-1.25391,2.65543,2.08295,-3340.62,0
2.57043,3501.44,-1.3187,2.54063,4.95974,-3331.04,0
2.57695,3501.46,-1.16966,2.56041,3.87554,-3312.39,0
2.58347,3501.42,-1.30909,2.57648,3.87185,-3321.37,0
2.58999,3501.45,-1.10692,2.51973,6.24947,-3299.52,0
2.59648,3501.52,-0.864381,2.51711,3.62727,-3266.46,0
2.603,3501.55,-0.90842,2.45715,1.59058,-3246.6,0
2.6095,3501.47,-0.894506,2.37723,7.56224,-3270.36,0
2.61598,3501.47,-0.927716,2.29351,6.50067,-3261.74,0
2.62248,3501.47,-0.865362,2.2412,6.07729,-3251.07,0
2.62893,3501.44,-0.882216,2.20298,6.80937,-3254.85,0
2.63545,3501.38,-0.878587,2.08693,3.076,-3270.46,0
2.64197,3501.32,-0.827765,2.01326,8.75442,-3283.95,0
2.64849,3501.34,-0.81229,1.9582,6.97746,-3269.57,0
2.65503,3501.28,-0.873312,1.95047,7.7548,-3285.72,0
2.66155,3501.26,-0.794744,1.97305,5.24601,-3285.36,0
2.66811,3501.28,-0.905535,1.93087,0.684087,-3268.59,0
2.67458,3501.27,-0.860093,1.87404,4.35789,-3263.55,0
2.68109,3501.25,-1.02181,1.83654,3.00151,-3261.99,0
2.68758,3501.13,-1.04521,1.81473,10.1629,-3301.56,0
2.69405,3501.08,-0.883933,1.87819,0.444398,-3309.81,0
2.70056,3501.06,-0.866809,1.75083,7.26734,-3309.52,0
2.70707,3501.08,-0.928662,1.73754,1.78259,-3293.33,0
2.71354,3501.02,-0.878575,1.8,5.91798,-3308.64,0
2.72006,3501.05,-1.04383,1.64749,4.50573,-3291.87,0
2.72653,3500.99,-0.950001,1.718,9.41914,-3306.03,0
2.73301,3501.01,-1.04469,1.71161,1.81683,-3290.49,0
2.73948,3501,-1.09593,1.66487,2.53835,-3285.71,0
2.74603,3501.01,-1.08413,1.56651,4.02931,-3274.64,0
2.75253,3500.98,-0.920515,1.60575,8.82207,-3276.24,0
2.75901,3501.04,-0.899061,1.55354,2.24806,-3246.07,0
2.76553,3500.96,-0.820399,1.65769,6.69185,-3267.26,0
2.77205,3500.86,-0.789856,1.70132,3.95579,-3298.35,0
2.77857,3500.68,-0.840087,1.76175,6.30531,-3353.78,0
2.78506,3500.68,-0.9769,1.68704,5.61295,-3347.26,0
2.79159,3500.62,-1.03529,1.70426,6.85599,-3361.26,0
2.79811,3500.51,-1.03599,1.74151,1.06503,-3390.51,0
2.80458,3500.41,-1.08982,1.78324,7.25902,-3421.09,0
2.81109,3500.38,-1.11924,1.76519,6.6224,-3421.88,0
2.81758,3500.32,-1.13656,1.67496,8.1703,-3436.66,0
2.82415,3500.16,-1.2211,1.68547,8.49408,-3484.91,0
2.83063,3500.07,-1.24736,1.5136,7.39926,-3506.34,0
2.83713,3500.1,-1.1566,1.52,7.31079,-3491.02,0
2.8436,3500.06,-1.16899,1.55269,6.62206,-3496.62,0
2.8501,3500,-1.15144,1.54531,0.819343,-3508.27,0
2.85661,3499.95,-1.11571,1.47881,5.39215,-3519.76,0
2.86309,3500,-1.06929,1.30855,4.53197,-3491.75,0
2.86954,3500.06,-1.12494,1.17649,1.62202,-3465.03,0
2.87604,3500,-1.21531,1.13466,3.63494,-3475.28,0
2.88255,3499.87,-1.24764,1.26023,7.70427,-3514.28,0
2.88905,3499.82,-1.29755,1.21169,8.81293,-3521.92,0
2.89557,3499.8,-1.29905,1.17188,2.40069,-3523.63,0
2.90209,3499.75,-1.18962,1.1322,1.47887,-3530.79,0
2.90864,3499.75,-1.00163,1.0486,9.54176,-3522.79,0
2.91517,3499.72,-0.989124,0.940896,6.71394,-3526.69,0
2.92167,3499.77,-0.868735,0.861709,1.82857,-3503.11,0
2.92816,3499.68,-0.759391,0.900588,5.46329,-3524.29,0
2.93467,3499.5,-0.861903,0.775736,10.6627,-3577.58,0
2.94115,3499.59,-0.769429,0.610911,7.23303,-3539.06,0
2.94769,3499.56,-0.778085,0.460884,5.5404,-3541.25,0
2.95421,3499.49,-0.598762,0.368478,3.77498,-3556.9,1
2.96074,3499.48,-0.5173,0.190356,4.44753,-3552.64,1
2.96724,3499.42,-0.34369,0.142676,4.87325,-3565.79,1
2.97113,3499.43,-0.19107,0.0953667,3.83042,-3557.82,1
