0.00655066,3509.88,1.62537,-4.56824,2.6323,-18451.6,0
0.01303,3509.84,1.66743,-4.71515,2.63855,-12306.7,0
0.0195407,3509.84,1.7447,-4.50118,3.15812,-7941.78,0
0.0260778,3509.9,1.62465,-4.424,1.21316,-3655.69,0
0.0325725,3509.87,1.66748,-4.34145,2.29471,-4054.29,0
0.0391097,3509.83,1.58839,-4.31493,3.14322,-4297.04,0
0.0455987,3509.81,1.55414,-4.50098,2.2412,-4095.22,0
0.0520735,3509.72,1.78922,-4.56258,3.94006,-5366.98,0
0.0585602,3509.7,1.75103,-4.472,4.60602,-5116.29,0
0.0650743,3509.72,1.75299,-4.68269,1.43754,-4298.69,0
0.0716059,3509.61,2.05707,-4.96078,2.17743,-5406.75,0
0.0781403,3509.55,2.17325,-4.9332,3.72621,-5816.21,0
0.0846421,3509.52,2.0583,-5.034,2.95616,-5650.15,0
0.0911484,3509.52,1.9532,-4.80967,3.69153,-5257.42,0
0.0976882,3509.5,2.0785,-4.92042,2.99192,-5159.12,0
0.104192,3509.5,1.86027,-4.72895,4.14771,-4760.35,0
0.11074,3509.49,1.83564,-4.73791,3.74373,-4650.04,0
0.117235,3509.45,1.79127,-4.86859,3.3607,-4713.6,0
0.123743,3509.35,1.75669,-4.82322,5.37801,-5213.7,0
0.130223,3509.44,1.75646,-4.69151,1.37573,-4324.5,0
0.136779,3509.4,1.74943,-4.54214,3.22943,-4402.78,0
0.143282,3509.32,1.84062,-4.4645,4.83554,-4738.68,0
0.149825,3509.33,1.74282,-4.37806,3.91932,-4501.6,0
0.156344,3509.34,1.72013,-4.22862,3.53509,-4233.25,0
0.162839,3509.37,1.54051,-4.18318,2.71213,-3869.72,0
0.169338,3509.35,1.5393,-4.16437,2.85967,-3816.39,0
0.175822,3509.34,1.60364,-4.21524,2.39483,-3760.61,0
0.182273,3509.34,1.61924,-4.30547,1.21556,-3633.88,0
0.188755,3509.27,1.47105,-4.36178,3.28758,-3867.98,0
0.195309,3509.25,1.4652,-4.45489,3.06089,-3862.34,0
0.201844,3509.22,1.27566,-4.3872,4.36089,-3869.34,0
0.208338,3509.31,1.06907,-4.46177,0.313505,-3328.83,0
0.214875,3509.25,1.0643,-4.35343,2.61584,-3501.82,0
0.221371,3509.32,0.965126,-4.29938,0.217691,-3091.32,0
0.227914,3509.32,0.768141,-4.16853,0.920027,-2990.14,0
0.234405,3509.25,0.747891,-4.14037,3.2111,-3189.1,0
0.240919,3509.27,0.792712,-4.14092,2.13733,-3047.37,0
0.247439,3509.25,0.7318,-4.07735,2.00098,-3050.9,0
0.25396,3509.25,0.608022,-3.99954,2.05286,-2949.3,0
0.260444,3509.22,0.686616,-3.86908,3.13547,-2996.12,0
0.266947,3509.2,0.868512,-3.72787,3.99204,-2997.49,0
0.273459,3509.29,0.875232,-3.49632,1.48002,-2602.91,0
0.279987,3509.3,0.583599,-3.39111,1.3077,-2488.06,0
0.286518,3509.23,0.69545,-3.35264,3.64838,-2685.11,0
0.293072,3509.29,0.715296,-3.28186,1.18237,-2412.3,0
0.29961,3509.19,0.81385,-3.37647,3.99808,-2707.27,0
0.30613,3509.18,0.871447,-3.32774,3.88352,-2678.57,0
0.312629,3509.22,0.837085,-3.44397,0.377315,-2484.76,0
0.31915,3509.11,0.6109,-3.35628,4.72096,-2774.62,0
0.325669,3509.17,0.664656,-3.46316,1.46642,-2556.73,0
0.332205,3509.08,0.807643,-3.63286,3.37027,-2779.72,0
0.338684,3509.08,0.723747,-3.48504,3.55356,-2718.67,0
0.345178,3509.1,0.78886,-3.61494,1.10328,-2594.73,0
0.351703,3509.12,0.680096,-3.38533,1.61054,-2500.55,0
0.358214,3509.08,0.904026,-3.43835,2.0899,-2556.44,0
0.364699,3509.03,0.928324,-3.54832,3.02079,-2648.25,0
0.371249,3509.05,0.741074,-3.53866,2.03869,-2556.07,0
0.377738,3509.05,0.822392,-3.46839,1.77491,-2522.78,0
0.384273,3509.03,0.761571,-3.51878,1.60071,-2511.79,0
0.390759,3509.07,0.840143,-3.29978,1.02868,-2371.31,0
0.397294,3509.01,0.682075,-3.13289,4.22752,-2503.19,0
0.403804,3509.02,0.844352,-3.0612,2.99519,-2430.6,0
0.410284,3508.95,0.939284,-3.27269,3.82919,-2568.07,0
0.416805,3509.01,0.744951,-3.20773,1.71889,-2380.75,0
0.423344,3508.99,0.594524,-3.33048,1.40006,-2380.38,0
0.429815,3508.97,0.556049,-3.07569,3.35479,-2404.25,0
0.436351,3508.87,0.60596,-3.20529,5.14996,-2591.73,0
0.442866,3508.86,0.502951,-3.31446,3.3724,-2571.38,0
0.449392,3508.79,0.363291,-3.47189,4.34593,-2694.67,0
0.455894,3508.81,0.334189,-3.60078,2.28529,-2610.75,0
0.462391,3508.79,0.144577,-3.8547,1.31615,-2621.95,0
0.468864,3508.7,0.0948983,-3.99372,3.0358,-2765.09,0
0.475349,3508.65,0.289084,-4.1243,3.64495,-2845.98,0
0.481829,3508.63,0.432568,-4.2214,3.0462,-2843.06,0
0.488329,3508.67,0.419149,-4.17678,0.928655,-2725.09,0
0.494834,3508.59,0.468621,-3.86753,4.98215,-2847.44,0
0.501368,3508.57,0.420165,-3.89943,3.6886,-2860.73,0
0.507885,3508.55,0.389457,-3.96479,2.98402,-2850.72,0
0.514398,3508.54,0.270567,-4.15165,1.65906,-2831.19,0
0.520896,3508.51,0.452737,-4.37004,0.650131,-2853.69,0
0.527372,3508.43,0.389884,-4.21194,4.01772,-2973.51,0
0.533875,3508.43,0.306805,-4.45671,1.84054,-2941.73,0
0.540337,3508.28,0.257213,-4.8084,4.07202,-3178.46,0
0.546815,3508.28,0.211104,-4.80879,3.36741,-3148.34,0
0.553351,3508.22,0.163942,-4.81037,3.90323,-3219.46,0
0.559833,3508.21,0.260944,-4.93832,2.4066,-3194.55,0
0.566367,3508.29,0.324548,-4.70081,1.00334,-3018.86,0
0.572913,3508.18,0.359733,-4.72968,4.27197,-3180.03,0
0.579404,3508.17,0.487531,-4.79101,2.18009,-3156.73,0
0.585894,3508.17,0.391115,-4.62703,3.37975,-3128.2,0
0.592365,3508.07,0.372654,-4.55508,5.65611,-3258.49,0
0.598847,3507.99,0.45155,-4.5822,6.54084,-3351.66,0
0.605343,3507.89,0.46351,-4.58925,6.20762,-3481.13,0
0.611873,3507.87,0.414894,-4.66772,3.41352,-3475.76,0
0.618311,3507.78,0.412837,-4.706,5.56736,-3585.51,0
0.624844,3507.86,0.304578,-4.61619,2.39191,-3421.4,0
0.631352,3507.8,0.153737,-4.67228,3.74025,-3478.6,0
0.63781,3507.8,0.298952,-4.51794,3.84965,-3456.11,0
0.644324,3507.84,0.318288,-4.41298,1.8389,-3346.5,0
0.650805,3507.68,0.274852,-4.48221,5.62319,-3557.28,0
0.657293,3507.61,0.296855,-4.41209,6.20378,-3643.12,0
0.663821,3507.59,0.301317,-4.35889,5.95391,-3631.9,0
0.670333,3507.49,0.352701,-4.34925,6.6621,-3741.47,0
0.676839,3507.47,0.371502,-4.31209,4.26805,-3743.15,0
0.683311,3507.4,0.323547,-4.3798,5.19004,-3808.2,0
0.689837,3507.4,0.313802,-4.37787,2.79094,-3762.59,0
0.696342,3507.38,0.325226,-4.38961,2.45826,-3762.22,0
0.702879,3507.37,0.130474,-4.49524,1.39342,-3736.03,0
0.70939,3507.35,0.0829379,-4.43879,2.72881,-3737.03,0
0.71588,3507.36,0.0158256,-4.35836,2.65355,-3688.73,0
0.722393,3507.31,0.0960902,-4.345,4.23386,-3723.68,0
0.728925,3507.36,-0.00638867,-4.15673,3.05168,-3616.36,0
0.735434,3507.34,-0.0711477,-3.98151,5.02687,-3615.59,0
0.741952,3507.22,-0.0719211,-3.95288,6.49264,-3748.34,0
0.748465,3507.25,-0.19981,-3.96937,2.93047,-3676.96,0
0.754993,3507.19,-0.298402,-3.91522,5.22396,-3721.21,0
0.761483,3507.13,-0.376273,-3.83816,6.32525,-3775.2,0
0.767987,3507.05,-0.344177,-3.83801,5.80579,-3846.78,0
0.774495,3506.99,-0.265568,-3.73016,6.06665,-3881.16,0
0.780999,3507.05,-0.422183,-3.79097,1.03389,-3771.4,0
0.787486,3507.06,-0.285034,-3.77507,0.495462,-3738.25,0
0.794024,3506.96,-0.359959,-3.77846,3.83979,-3824.22,0
0.800506,3506.93,-0.296936,-3.81009,3.77734,-3836.98,0
0.807012,3506.86,-0.246887,-3.78038,4.61562,-3891.76,0
0.81351,3506.86,-0.18686,-3.69664,3.60899,-3856.84,0
0.819987,3506.88,-0.226683,-3.79504,1.14054,-3810.69,0
0.826518,3506.81,-0.107963,-3.88284,3.08254,-3863.34,0
0.833003,3506.79,-0.208923,-3.92733,2.68875,-3859.35,0
0.839531,3506.8,-0.289904,-3.87817,1.8102,-3812.93,0
0.84606,3506.78,-0.0481942,-3.76141,3.4118,-3805.99,0
0.852547,3506.77,0.137333,-3.84954,2.26797,-3787.87,0
0.859099,3506.66,0.00443816,-3.8272,6.32964,-3891.99,0
0.865614,3506.7,-0.115638,-3.75013,3.86245,-3818,0
0.872108,3506.69,-0.0167644,-3.79552,1.75885,-3797.49,0
0.878574,3506.74,-0.415121,-3.6771,0.113036,-3714.58,0
0.885096,3506.71,-0.404445,-3.62642,1.08387,-3713.63,0
0.891672,3506.62,-0.147022,-3.76826,3.49433,-3795.66,0
0.898219,3506.61,-0.243166,-3.70488,1.75292,-3775.5,0
0.904709,3506.63,-0.385707,-3.54825,1.92721,-3727.82,0
0.911193,3506.61,-0.398543,-3.37642,3.60473,-3717.26,0
0.917688,3506.55,-0.273969,-3.39822,5.11431,-3760.01,0
0.924198,3506.56,-0.32502,-3.43861,3.68156,-3725.82,0
0.930746,3506.54,-0.39096,-3.36939,3.49313,-3716.24,0
0.937247,3506.53,-0.238421,-3.34074,3.85428,-3699.28,0
0.94372,3506.52,-0.178303,-3.36359,3.44254,-3686.04,0
0.950212,3506.49,-0.130173,-3.42045,3.07502,-3688.92,0
0.95674,3506.54,-0.153099,-3.4271,0.228803,-3612.88,0
0.963253,3506.47,-0.187619,-3.49488,2.64366,-3662.82,0
0.969771,3506.37,0.0149384,-3.58562,5.5389,-3745.81,0
0.976303,3506.35,0.0185166,-3.66965,3.95208,-3742.9,0
0.982754,3506.32,0.0490272,-3.67615,4.35366,-3744.34,0
0.989231,3506.36,-0.0711292,-3.63143,1.97994,-3675.66,0
0.995754,3506.37,-0.201208,-3.53342,2.27851,-3644.36,0
1.00224,3506.33,-0.190889,-3.65185,2.83087,-3666.23,0
1.00879,3506.32,-0.170754,-3.6851,1.81963,-3644.17,0
1.01526,3506.34,-0.109106,-3.56306,1.57794,-3602.66,0
1.02177,3506.25,-0.234371,-3.5255,5.31614,-3673.78,0
1.02829,3506.3,-0.274374,-3.35446,3.07874,-3602.45,0
1.03484,3506.27,-0.240675,-3.12789,4.87674,-3602.98,0
1.04136,3506.29,-0.302786,-3.19438,2.58343,-3563.5,0
1.04785,3506.17,-0.409571,-3.3285,5.46031,-3650.47,0
1.05438,3506.11,-0.365937,-3.425,5.31806,-3690.9,0
1.06085,3506.09,-0.208428,-3.41198,3.89814,-3684.64,0
1.06737,3506.15,-0.190146,-3.30604,1.23664,-3610.68,0
1.07392,3506.14,-0.349277,-3.16215,2.76667,-3598.65,0
1.08039,3506.03,-0.181269,-3.15202,6.16984,-3673.29,0
1.08688,3505.97,-0.269104,-3.12073,4.53812,-3705.05,0
1.0934,3506.01,-0.321689,-3.14454,1.32609,-3650.55,0
1.09995,3505.97,-0.227257,-3.31538,1.25761,-3662.41,0
1.10647,3505.89,-0.191075,-3.46165,3.24142,-3710.47,0
1.11295,3505.83,-0.138372,-3.63556,3.70284,-3743.52,0
1.11944,3505.78,-0.263707,-3.60725,4.81744,-3774.07,0
1.12594,3505.71,-0.380837,-3.59827,5.33817,-3809.16,0
1.13245,3505.65,-0.318967,-3.63093,5.98727,-3841.34,0
1.13895,3505.66,-0.286962,-3.62334,4.43741,-3808.55,0
1.14548,3505.68,-0.217743,-3.63838,2.44869,-3769.11,0
1.15196,3505.65,-0.00878461,-3.58023,3.92181,-3780.11,0
1.15847,3505.6,-0.0240027,-3.60191,4.9942,-3798.83,0
1.16496,3505.55,-0.0186697,-3.65176,5.82129,-3821.21,0
1.1715,3505.62,0.0499498,-3.52913,1.34304,-3739.27,0
1.178,3505.51,-0.0511792,-3.54511,5.22753,-3808.78,0
1.1845,3505.52,0.0761756,-3.86536,0.113383,-3781.27,0
1.19105,3505.54,0.171966,-3.71691,0.657126,-3745.8,0
1.19751,3505.45,0.303697,-3.63394,4.32033,-3802.39,0
1.20403,3505.45,0.239195,-3.69335,2.26411,-3778.22,0
1.21052,3505.4,0.142817,-3.67589,4.42059,-3797.33,0
1.21699,3505.28,0.0879413,-3.67112,7.66176,-3881.69,0
1.22345,3505.27,0.0709848,-3.6561,4.48098,-3862.45,0
1.22993,3505.24,0.02531,-3.61697,4.44442,-3866.16,0
1.23643,3505.21,-0.0387868,-3.61973,4.86236,-3870.76,0
1.24293,3505.25,-0.167124,-3.6375,1.49009,-3823.65,0
1.24942,3505.19,-0.27332,-3.62611,3.06772,-3849.7,0
1.25594,3505.2,-0.202603,-3.74409,0.490002,-3823.57,0
1.26246,3505.16,-0.278363,-3.66635,3.08033,-3833.78,0
1.26899,3505.2,-0.41791,-3.53422,1.34946,-3783.86,0
1.2755,3505.11,-0.655058,-3.58304,4.403,-3832.08,0
1.28202,3505.1,-0.543981,-3.53664,2.58928,-3820.67,0
1.28856,3505.15,-0.710498,-3.26917,2.86551,-3765.18,0
1.29508,3505.14,-0.581783,-3.37583,1.48828,-3751.07,0
1.30161,3505.08,-0.529199,-3.34849,4.03821,-3781.64,0
1.30812,3505.12,-0.413805,-3.10491,4.11852,-3727.18,0
1.31462,3505.16,-0.425367,-3.07846,1.92425,-3683.3,0
1.32111,3505.08,-0.497503,-3.13429,3.99663,-3723.6,0
1.32765,3505.13,-0.545151,-3.03694,1.85474,-3669.3,0
1.33417,3505.1,-0.518981,-3.08287,2.2431,-3669.64,0
1.34072,3505.14,-0.475973,-2.96022,1.28007,-3624.28,0
1.34721,3505.06,-0.514143,-2.89945,5.27125,-3670.32,0
1.35369,3505.07,-0.310923,-2.83347,4.00862,-3640.56,0
1.36018,3505.05,-0.466725,-2.91151,2.68021,-3638.13,0
1.36668,3505,-0.577342,-2.99736,3.77417,-3659.69,0
1.3732,3504.94,-0.603404,-3.05703,4.52085,-3683.17,0
1.37969,3504.9,-0.808695,-3.07156,5.0474,-3694.61,0
1.38619,3504.87,-0.953163,-3.19984,3.73634,-3703.37,0
1.3927,3504.83,-1.09481,-3.26137,3.15995,-3709.91,0
1.39918,3504.69,-1.05907,-3.31876,7.98462,-3796.9,0
1.40562,3504.68,-0.975754,-3.33557,4.06074,-3788.14,0
1.41217,3504.7,-1.05195,-3.34467,0.915288,-3750.78,0
1.41866,3504.64,-1.07599,-3.30281,3.82001,-3777.46,0
1.42514,3504.61,-1.13515,-3.23109,5.48215,-3783.85,0
1.43164,3504.6,-1.31755,-3.20264,2.73901,-3772.84,0
1.43815,3504.58,-1.19308,-3.13306,4.21272,-3766.15,0
1.44466,3504.53,-1.01589,-3.18645,6.76902,-3788.65,0
1.45117,3504.49,-0.793112,-3.13428,7.36138,-3793.55,0
1.45769,3504.6,-0.653096,-3.09178,0.420012,-3704.58,0
1.46419,3504.57,-0.523147,-2.99965,3.47024,-3706.67,0
1.47067,3504.58,-0.671375,-2.977,1.94908,-3684.79,0
1.47718,3504.45,-0.643203,-2.86048,7.53651,-3754.46,0
1.4837,3504.53,-0.72453,-2.70512,2.27647,-3688.38,0
1.49021,3504.51,-0.613819,-2.5326,5.39333,-3682.49,0
1.49671,3504.48,-0.679053,-2.62384,4.45683,-3687.63,0
1.5032,3504.43,-0.689853,-2.5494,6.86792,-3705.84,0
1.50974,3504.43,-0.783963,-2.48202,5.56954,-3687.45,0
1.51625,3504.42,-0.592594,-2.49063,5.09248,-3682.62,0
1.52272,3504.28,-0.621811,-2.5338,7.121,-3755.1,0
1.52924,3504.28,-0.656128,-2.48246,6.13842,-3741.52,0
1.53575,3504.28,-0.497645,-2.42095,5.74827,-3727.73,0
1.54229,3504.24,-0.46814,-2.37052,5.60586,-3734.14,0
1.54878,3504.24,-0.461501,-2.32726,4.14726,-3718.41,0
1.55528,3504.27,-0.492784,-2.15244,3.50922,-3687.42,0
1.56182,3504.23,-0.566828,-2.05439,4.69149,-3693.02,0
1.56834,3504.23,-0.498024,-2.14064,1.32747,-3678.36,0
1.57487,3504.16,-0.427076,-2.18831,5.20231,-3708.85,0
1.58138,3504.15,-0.353627,-2.18198,3.42538,-3701.86,0
1.5879,3504.13,-0.160475,-2.21026,4.07744,-3696.75,0
1.5944,3504.13,-0.105749,-2.12529,4.44148,-3679.07,0
1.60091,3504.13,-0.221766,-2.11821,3.26416,-3664.1,0
1.60747,3504.08,-0.35661,-2.23279,4.41757,-3683.07,0
1.61398,3504.03,-0.549828,-2.38451,2.95755,-3695.93,0
1.62052,3504.05,-0.783368,-2.11967,4.13008,-3671.78,0
1.62701,3504.07,-0.829018,-2.06621,2.27877,-3645.55,0
1.63354,3504.03,-0.878536,-2.05384,3.42925,-3652.06,0
1.64001,3503.97,-0.856273,-2.00317,6.52712,-3675.38,0
1.6465,3503.92,-0.767947,-1.99985,6.17554,-3693.53,0
1.65301,3503.94,-0.837893,-2.01801,1.34108,-3666.05,0
1.65952,3503.8,-0.74492,-2.02247,7.95825,-3738.8,0
1.66604,3503.82,-0.846614,-1.88349,4.75596,-3709.21,0
1.67257,3503.84,-0.788209,-1.91093,2.44601,-3680.17,0
1.67909,3503.82,-0.85858,-1.99912,2.01822,-3681.45,0
1.68561,3503.77,-0.826691,-2.09888,2.64474,-3693.4,0
1.69211,3503.7,-0.907334,-2.29898,3.47054,-3721.12,0
1.69859,3503.73,-1.00384,-2.24142,0.997757,-3693.1,0
1.70512,3503.7,-1.04907,-2.19097,2.09816,-3692.74,0
1.71158,3503.66,-1.11145,-2.23105,3.53395,-3704.74,0
1.71812,3503.67,-0.945366,-2.2346,2.94836,-3686.03,0
1.72462,3503.62,-0.861398,-2.23549,6.4451,-3700.5,0
1.73116,3503.61,-0.83991,-2.25011,4.84971,-3693.79,0
1.7377,3503.64,-0.775285,-2.15782,3.65172,-3658.98,0
1.7442,3503.58,-0.751584,-2.19551,5.99941,-3681.96,0
1.75071,3503.6,-0.638394,-2.30612,1.5115,-3653.68,0
1.75722,3503.58,-0.525946,-2.03444,7.55746,-3653.37,0
1.76373,3503.53,-0.507127,-1.945,8.43745,-3665.55,0
1.77025,3503.4,-0.508664,-1.94459,0.615228,-3726.05,0
1.77676,3503.39,-0.405975,-1.81752,3.7354,-3718.08,0
1.78325,3503.37,-0.330114,-1.6834,5.87539,-3716.73,0
1.7898,3503.36,-0.349419,-1.68658,2.74544,-3711.44,0
1.79634,3503.34,-0.377833,-1.63332,4.05092,-3705.11,0
1.80285,3503.27,-0.421451,-1.90146,4.78956,-3734.61,0
1.80934,3503.21,-0.565898,-1.79628,5.29086,-3751.44,0
1.81583,3503.17,-0.489188,-1.80887,6.01496,-3760.2,0
1.82235,3503.1,-0.450075,-1.76917,7.29278,-3788.91,0
1.82886,3503.07,-0.419624,-1.88748,3.13511,-3789.92,0
1.83532,3503.08,-0.412393,-1.82734,1.6317,-3772.61,0
1.84181,3503.07,-0.435096,-1.79872,1.41417,-3760.88,0
1.84831,3502.9,-0.523274,-1.85279,0.975136,-3840.48,0
1.8548,3502.87,-0.612461,-1.84415,0.903631,-3841.4,0
1.86128,3502.8,-0.612464,-1.81582,6.21328,-3869.83,0
1.86775,3502.74,-0.632643,-1.80739,6.89107,-3889.61,0
1.87428,3502.73,-0.652614,-1.76843,5.00132,-3880.45,0
1.88081,3502.67,-0.670007,-1.77178,6.1977,-3894.84,0
1.88738,3502.71,-0.606835,-1.83117,1.38728,-3865.1,0
1.8939,3502.62,-0.710253,-1.86302,6.41885,-3897.62,0
1.90041,3502.58,-0.742924,-1.88731,7.70049,-3904.32,0
1.90692,3502.56,-0.760357,-1.93413,3.85407,-3899.16,0
1.91345,3502.5,-0.763821,-1.89206,9.31147,-3920.59,0
1.91995,3502.53,-0.727262,-1.90565,3.00835,-3890.52,0
1.92644,3502.54,-0.903125,-1.8198,1.90887,-3873.54,0
1.93298,3502.46,-0.922063,-1.73533,8.60242,-3902.62,0
1.93949,3502.46,-1.04536,-1.80142,2.53385,-3888.04,0
1.94598,3502.32,-1.38921,-1.77606,8.48263,-3946.91,0
1.95247,3502.39,-1.37232,-1.67064,2.75094,-3895.77,0
1.95902,3502.34,-1.34525,-1.57875,7.41528,-3912.58,0
1.96552,3502.31,-1.43034,-1.58194,5.29214,-3914.25,0
1.97203,3502.28,-1.49917,-1.66638,3.303,-3914.1,0
1.97853,3502.36,-1.39631,-1.53971,0.263457,-3863.02,0
1.98508,3502.3,-1.42045,-1.52941,1.77372,-3877.1,0
1.99163,3502.31,-1.41483,-1.4662,0.473557,-3858.75,0
1.99815,3502.15,-1.34782,-1.49994,2.16793,-3929.93,0
2.00465,3502.11,-1.30107,-1.69808,0.563938,-3934.33,0
2.01117,3502.16,-1.1762,-1.51468,2.38907,-3897.67,0
2.01764,3502.11,-1.0948,-1.51035,5.45707,-3912.08,0
2.02412,3502.02,-1.17209,-1.57609,6.9875,-3944.2,0
2.03065,3502.08,-1.19841,-1.49995,0.817515,-3902.06,0
2.03712,3501.98,-1.18677,-1.52689,7.49791,-3935.31,0
2.04363,3501.93,-1.33666,-1.56221,4.59498,-3951.25,0
2.0501,3501.91,-1.15136,-1.64279,5.368,-3946.52,0
2.05662,3501.88,-1.13206,-1.61662,5.27436,-3949.89,0
2.06314,3501.83,-1.17816,-1.70864,3.74912,-3960.92,0
2.06963,3501.78,-1.21281,-1.64858,7.96178,-3974.12,0
2.0761,3501.79,-1.19846,-1.65472,0.185762,-3953.21,0
2.08258,3501.77,-1.05638,-1.60455,7.2197,-3952.73,0
2.0891,3501.69,-1.14481,-1.68171,8.8483,-3976.65,0
2.09557,3501.74,-1.1224,-1.63094,2.09787,-3939.69,0
2.10208,3501.65,-1.12307,-1.71297,5.42954,-3969.95,0
2.10856,3501.62,-1.05935,-1.6404,9.1913,-3975.23,0
2.11505,3501.54,-1.14652,-1.63701,1.40118,-3999.33,0
2.12154,3501.41,-1.28217,-1.4985,3.90585,-4048.66,0
2.12809,3501.42,-1.16799,-1.45953,5.66025,-4030.52,0
2.13458,3501.4,-1.1607,-1.53949,1.30354,-4028.13,0
2.14106,3501.38,-1.25422,-1.39952,5.7108,-4026.08,0
2.14758,3501.33,-1.21704,-1.33949,0.814775,-4039.14,0
2.1541,3501.27,-1.42452,-1.29032,0.651011,-4053.18,0
2.16065,3501.23,-1.42232,-1.19352,6.60726,-4058.92,0
2.16715,3501.16,-1.47907,-1.19858,6.10737,-4080.53,0
2.17366,3501.14,-1.45511,-1.18087,6.86242,-4076.93,0
2.18015,3501.1,-1.45024,-1.16358,7.16913,-4081.56,0
2.18664,3501.05,-1.46977,-1.23177,4.8373,-4092.6,0
2.19314,3500.99,-1.46089,-1.26491,6.64018,-4106.93,0
2.19963,3500.89,-1.39274,-1.20225,9.36333,-4139.92,0
2.20616,3500.87,-1.41926,-1.2379,4.33577,-4138.84,0
2.21265,3500.85,-1.46737,-1.24468,0.728336,-4135.37,0
2.21915,3500.75,-1.49573,-1.24724,9.12652,-4168,0
2.22562,3500.69,-1.62058,-1.3549,1.36464,-4183.56,0
2.23213,3500.57,-1.63948,-1.32738,4.19641,-4226.24,0
2.2386,3500.62,-1.66482,-1.18131,1.50808,-4191.29,0
2.2451,3500.54,-1.60821,-1.24004,7.66738,-4211.7,0
2.25163,3500.47,-1.51765,-1.30196,8.28568,-4234.65,0
2.25813,3500.36,-1.55869,-1.27654,6.70509,-4269.33,0
2.26465,3500.36,-1.56636,-1.29555,1.30062,-4255.38,0
2.2712,3500.34,-1.54446,-1.27838,3.04951,-4251.38,0
2.27769,3500.29,-1.55778,-1.26743,8.55891,-4264.44,0
2.28419,3500.26,-1.61388,-1.22171,9.09668,-4264.37,0
2.29071,3500.29,-1.50915,-1.24835,8.88219,-4239.17,0
2.29718,3500.25,-1.58654,-1.16523,7.32731,-4243.76,0
2.30367,3500.24,-1.59686,-1.21822,1.04945,-4234.84,0
2.31014,3500.18,-1.53958,-1.16896,3.83239,-4250.06,0
2.31661,3500.16,-1.52405,-1.17225,2.39344,-4248.31,0
2.32302,3500.09,-1.52586,-1.25431,3.57875,-4265.95,0
2.32952,3500.14,-1.33153,-1.26383,10.11,-4232.69,0
2.33602,3500.12,-1.23179,-1.19319,3.14324,-4230.57,0
2.34252,3500.08,-1.10474,-1.22185,4.61965,-4236.52,0
2.349,3499.95,-1.14858,-1.23698,5.50149,-4278.38,0
2.35549,3499.88,-1.23039,-1.24982,3.50332,-4296.07,0
2.36204,3499.84,-1.14142,-1.27398,2.19529,-4300.99,0
2.3686,3499.84,-1.09927,-1.29655,1.49278,-4287.78,0
2.3751,3499.73,-0.978407,-1.24649,12.2306,-4323.21,0
2.38157,3499.71,-0.969715,-1.08154,3.58278,-4320.22,0
2.38812,3499.53,-1.0544,-1.13097,2.52944,-4384.99,0
2.39465,3499.42,-1.11004,-1.03272,3.01409,-4418.29,0
2.40112,3499.35,-1.09837,-0.927689,8.79343,-4436.55,0
2.40761,3499.34,-1.10507,-0.837084,5.53054,-4427.95,0
2.41415,3499.23,-1.015,-0.846589,3.92606,-4461.01,0
2.42064,3499.14,-0.974118,-0.91203,2.56161,-4486.86,0
2.42718,3499.11,-0.828495,-0.901209,3.10319,-4487.86,0
2.43371,3499.08,-0.749087,-0.898028,9.18605,-4486.44,0
2.44019,3498.96,-0.622128,-0.862461,8.28528,-4523.42,0
2.44672,3498.86,-0.592345,-0.847103,9.93948,-4553.45,0
2.45323,3498.8,-0.520505,-0.7805,1.71266,-4565.5,0
2.45974,3498.63,-0.408898,-0.639552,7.31819,-4622.39,0
2.46621,3498.55,-0.334546,-0.563924,4.70577,-4641.81,0
2.47271,3498.53,-0.111145,-0.439978,1.43295,-4638.9,0
2.47468,3498.55,-0.109132,-0.373383,5.65512,-4626.15,0
