0.00649351,3509.88,0.487542,-0.595476,3.64925,-17716.3,0
0.0129884,3509.91,0.449706,-0.724245,2.13945,-7013.99,0
0.0194737,3509.87,0.56459,-0.806225,2.71135,-6440.82,0
0.0259921,3509.72,0.479808,-0.87101,6.51709,-10934.6,0
0.0324819,3509.64,0.452985,-0.912851,5.31183,-10948.8,0
0.0389381,3509.7,0.583993,-0.926276,2.22943,-7794.39,0
0.0454625,3509.69,0.421374,-1.00127,1.93011,-6732.44,0
0.0519762,3509.62,0.480678,-1.00261,4.34405,-7402.75,0
0.0584397,3509.47,0.421501,-0.977567,7.56965,-9147.18,0
0.0650057,3509.43,0.416375,-0.986903,4.73775,-8740.71,0
0.071506,3509.45,0.264946,-0.917853,3.5174,-7637.34,0
0.0780295,3509.48,0.442129,-0.866749,2.1378,-6678.12,0
0.0844982,3509.38,0.431244,-0.974865,5.30829,-7359.89,0
0.0910436,3509.4,0.46034,-0.797151,4.04205,-6558.88,0
0.0975144,3509.47,0.325268,-0.69319,1.11812,-5456.57,0
0.104051,3509.39,0.497428,-0.920704,3.24503,-5820.53,0
0.110578,3509.29,0.364744,-0.898907,6.3053,-6411.04,0
0.11709,3509.26,0.179584,-0.854071,5.20269,-6357.39,0
0.123553,3509.33,0.213496,-0.951403,1.63369,-5451.37,0
0.130044,3509.31,0.264179,-0.90732,1.67582,-5281.45,0
0.136545,3509.27,0.083998,-0.986025,2.88892,-5339.76,0
0.143,3509.27,0.0381543,-1.15407,2.00277,-5082.33,0
0.149524,3509.3,-0.25031,-1.264,0.462064,-4697.74,0
0.156042,3509.26,-0.276119,-1.23093,1.64871,-4742.46,0
0.162528,3509.27,-0.357386,-0.996018,1.1641,-4488.92,0
0.16905,3509.25,-0.449711,-0.853872,1.38673,-4415.7,0
0.175547,3509.2,-0.466595,-0.930011,1.97304,-4552.17,0
0.182021,3509.17,-0.276778,-1.1448,2.74493,-4584.69,0
0.188528,3509.18,-0.52527,-1.14788,1.37469,-4345.07,0
0.195068,3509.1,-0.418393,-1.29411,3.78102,-4623.47,0
0.201536,3509.01,-0.448783,-1.36817,4.25952,-4892.75,0
0.207999,3508.98,-0.323669,-1.3749,4.38421,-4882.3,0
0.214534,3509.05,-0.36924,-1.39109,1.02061,-4431.11,0
0.221034,3508.95,-0.123435,-1.57405,3.64936,-4761.77,0
0.227524,3508.89,-0.126756,-1.4885,4.32874,-4892.79,0
0.234027,3508.92,0.00722126,-1.51478,2.24017,-4625.51,0
0.240587,3508.83,-0.0665134,-1.64434,4.48023,-4879.95,0
0.247079,3508.83,-0.0136154,-1.613,2.90106,-4730.43,0
0.25364,3508.77,0.195915,-1.78773,4.31667,-4865.59,0
0.260163,3508.76,0.166317,-1.79439,3.07349,-4782.66,0
0.266647,3508.7,0.0781129,-1.7711,4.43848,-4881.39,0
0.273143,3508.72,0.176501,-1.72146,2.93441,-4684.62,0
0.279667,3508.73,0.0570846,-1.58065,2.4656,-4533.51,0
0.286144,3508.72,0.170707,-1.78842,1.85353,-4467.14,0
0.292626,3508.71,0.348228,-1.54848,2.75597,-4417.64,0
0.299108,3508.62,0.343444,-1.38138,5.59034,-4608.09,0
0.305591,3508.7,0.324972,-1.20118,1.89938,-4264.78,0
0.312055,3508.59,0.411744,-1.28333,4.47872,-4517.91,0
0.318597,3508.51,0.468912,-1.26978,5.38821,-4664.07,0
0.325121,3508.54,0.411439,-1.11681,3.69346,-4478.7,0
0.331688,3508.51,0.477142,-1.35605,3.79136,-4500.58,0
0.338201,3508.53,0.378628,-1.43483,2.04716,-4337.6,0
0.344678,3508.52,0.402109,-1.51924,1.69573,-4284.91,0
0.351146,3508.55,0.689033,-1.48454,0.156332,-4139.14,0
0.357679,3508.51,0.656002,-1.29905,0.725995,-4165.71,0
0.364168,3508.47,0.490755,-1.31363,2.08369,-4201.64,0
0.370686,3508.41,0.568747,-1.33704,3.94243,-4293.55,0
0.377175,3508.33,0.518228,-1.55569,5.85163,-4430.17,0
0.383686,3508.33,0.524607,-1.58199,3.12215,-4345.11,0
0.390162,3508.28,0.539279,-1.53005,3.52026,-4408.2,0
0.396684,3508.25,0.473934,-1.6178,3.69673,-4409.69,0
0.403204,3508.32,0.511113,-1.3964,0.595821,-4174.52,0
0.409725,3508.23,0.472572,-1.36369,3.89576,-4314.07,0
0.41623,3508.26,0.352876,-1.37423,2.05019,-4187.03,0
0.422739,3508.25,0.418917,-1.4005,1.0645,-4130.17,0
0.429232,3508.22,0.0742241,-1.45106,2.36418,-4155.69,0
0.435728,3508.22,0.0923066,-1.39282,1.72751,-4078.76,0
0.442275,3508.21,0.138975,-1.31762,1.60379,-4048.92,0
0.448761,3508.11,-0.0405467,-1.46479,4.4006,-4201.54,0
0.45527,3508.09,-0.0828346,-1.51881,3.45749,-4193.99,0
0.461778,3508.08,0.00814169,-1.77248,2.5721,-4163.3,0
0.468294,3507.96,0.0495078,-1.7006,6.32493,-4358.73,0
0.474789,3507.95,-0.10012,-1.70501,4.62482,-4313.5,0
0.481281,3508.04,0.0171185,-1.39006,1.37911,-4073.35,0
0.487785,3508.02,-0.0691725,-1.11077,2.14422,-4061.86,0
0.494251,3508.04,-0.116517,-0.794086,1.33993,-3963.33,0
0.500749,3507.95,0.079089,-0.682454,5.00086,-4097.9,0
0.5073,3507.95,0.130999,-0.646728,3.47252,-4039.71,0
0.513818,3507.85,0.152583,-0.664112,6.12887,-4192.05,0
0.520352,3507.84,0.018486,-0.700338,3.92282,-4144.17,0
0.526836,3507.86,-0.0576193,-0.558532,2.5324,-4053.49,0
0.533344,3507.87,-0.0381948,-0.578459,1.57397,-3995.99,0
0.539826,3507.78,0.0549457,-0.718835,4.85042,-4120.82,0
0.546344,3507.78,0.0948121,-0.73799,2.45706,-4061.82,0
0.552791,3507.75,-0.0305419,-0.54936,3.73648,-4078.76,0
0.55928,3507.78,0.0487384,-0.557274,1.56069,-3961.95,0
0.565781,3507.7,0.207075,-0.688808,4.29377,-4068.82,0
0.572317,3507.72,0.168512,-0.669374,2.6125,-3978.06,0
0.57884,3507.66,0.336893,-0.706288,4.65606,-4048.02,0
0.585348,3507.72,0.58864,-0.646318,0.560034,-3888.1,0
0.591865,3507.69,0.468195,-0.417,2.26878,-3900.47,0
0.598397,3507.71,0.461056,-0.379705,1.09658,-3830.26,0
0.604887,3507.66,0.37282,-0.559416,2.87835,-3874.92,0
0.611393,3507.65,0.444354,-0.543345,2.80677,-3848.3,0
0.617937,3507.62,0.26541,-0.379086,3.97541,-3849.74,0
0.624435,3507.58,0.158596,-0.366614,5.19052,-3872.95,0
0.63089,3507.58,0.248404,-0.403495,2.76503,-3834.6,0
0.637378,3507.57,0.170559,-0.470764,2.6287,-3809.95,0
0.643849,3507.52,0.175727,-0.368365,3.7142,-3856.21,0
0.650361,3507.56,0.251077,-0.384521,0.934168,-3749.22,0
0.656889,3507.54,0.222731,-0.516303,1.35691,-3749.31,0
0.663371,3507.48,0.269926,-0.672282,2.95349,-3795.36,0
0.669921,3507.41,0.159723,-0.791752,5.51462,-3860.94,0
0.676441,3507.34,0.171053,-0.754739,5.7901,-3931.62,0
0.682964,3507.36,0.241804,-0.605581,3.92345,-3863.36,0
0.68946,3507.34,0.330467,-0.594333,4.47314,-3860.21,0
0.695978,3507.35,0.381984,-0.601892,2.62967,-3810.6,0
0.702454,3507.31,0.484486,-0.654376,3.3817,-3831.69,0
0.708957,3507.34,0.542775,-0.565003,1.3777,-3749.18,0
0.715482,3507.33,0.497797,-0.498782,1.58481,-3730.81,0
0.722006,3507.26,0.597344,-0.277225,4.16099,-3788.22,0
0.728529,3507.19,0.536351,-0.267794,4.77891,-3856.52,0
0.735031,3507.18,0.35728,-0.294515,4.35794,-3840.55,0
0.741525,3507.12,0.408496,-0.322542,5.37673,-3889.87,0
0.747981,3507.09,0.31408,-0.34302,5.56412,-3896.85,0
0.754491,3507.02,0.364176,-0.366649,6.12418,-3946.88,0
0.76097,3507.11,0.233643,-0.429229,0.95445,-3801.4,0
0.767513,3507.03,0.154471,-0.28839,4.33073,-3864.36,0
0.773995,3507.05,0.216764,-0.482289,2.64188,-3807.01,0
0.780487,3507.01,0.310695,-0.394826,4.40199,-3831.1,0
0.787021,3507.04,0.280427,-0.420234,1.22874,-3767.24,0
0.793541,3507.04,0.279749,-0.267375,0.408197,-3725.79,0
0.800014,3506.97,-0.0133141,-0.347256,3.91143,-3793.07,0
0.80653,3506.94,0.22976,-0.245999,4.5638,-3797.53,0
0.813068,3506.92,0.243509,-0.219211,4.37901,-3793.95,0
0.819565,3506.91,0.224144,-0.303972,2.38155,-3770.76,0
0.826053,3506.9,0.303428,-0.109477,2.58272,-3752.85,0
0.832564,3506.91,0.327619,-0.158874,1.46074,-3707.74,0
0.839085,3506.88,0.313835,-0.233509,2.71297,-3721.13,0
0.845593,3506.83,0.528123,-0.180621,4.11613,-3748.59,0
0.852098,3506.85,0.579294,-0.145064,2.15911,-3695.09,0
0.858614,3506.82,0.610314,-0.188897,2.73777,-3705.87,0
0.865087,3506.78,0.553251,-0.102032,4.47274,-3725.27,0
0.871588,3506.79,0.539807,-0.14472,3.09541,-3687.41,0
0.878073,3506.74,0.534885,-0.0763427,4.44472,-3714.37,0
0.884565,3506.74,0.473604,-0.12713,2.91312,-3690.91,0
0.891072,3506.68,0.441273,-0.123983,5.22019,-3727.35,0
0.897599,3506.73,0.388377,-0.188788,1.76399,-3646.68,0
0.904161,3506.66,0.405027,-0.197608,4.72897,-3693.85,0
0.910638,3506.59,0.42766,-0.123277,5.87242,-3747.02,0
0.917149,3506.64,0.410296,-0.346097,2.48824,-3664.38,0
0.923666,3506.57,0.476248,-0.447685,5.2544,-3715.31,0
0.930205,3506.56,0.475461,-0.434945,4.61772,-3696.31,0
0.936694,3506.51,0.504803,-0.305102,5.48118,-3721.11,0
0.943182,3506.42,0.576367,-0.255858,6.5348,-3797.33,0
0.949666,3506.35,0.621185,-0.214299,6.59722,-3844.71,0
0.95622,3506.37,0.61782,-0.168093,2.94417,-3795.08,0
0.962681,3506.35,0.324909,-0.186596,4.12843,-3790.58,0
0.969215,3506.35,0.355647,-0.0901551,3.38189,-3762.12,0
0.975729,3506.36,0.557027,-0.0634857,2.5507,-3733.26,0
0.982235,3506.3,0.719451,-0.0704535,4.5981,-3769.82,0
0.988711,3506.24,0.758174,-0.0980993,4.19853,-3802.8,0
0.995153,3506.26,0.714473,-0.110165,2.27473,-3758.19,0
1.00166,3506.28,0.797302,0.0819026,0.22951,-3713.28,0
1.00825,3506.27,0.879569,0.0400186,0.392002,-3703.99,0
1.01473,3506.18,0.753483,0.0538497,4.51122,-3761.3,0
1.02124,3506.19,0.736436,0.0892042,2.74262,-3731.15,0
1.02775,3506.22,0.590875,-0.0313502,1.09076,-3680.08,0
1.03426,3506.11,0.593006,-0.0155079,4.57309,-3763.43,0
1.04071,3506.04,0.610962,-0.0166062,5.98154,-3805.84,0
1.04718,3506.01,0.571733,-0.0165709,4.8179,-3808.83,0
1.05369,3506.02,0.421941,-0.0812074,2.82445,-3776.4,0
1.06015,3505.95,0.521371,-0.161553,5.50443,-3816.21,0
1.06662,3505.98,0.759013,-0.0408027,2.86044,-3769.13,0
1.07314,3505.9,0.838948,-0.0698861,6.34271,-3823.57,0
1.07963,3505.97,0.768859,-0.114311,0.607711,-3729.26,0
1.08613,3505.96,0.61984,0.0262735,1.3045,-3717.36,0
1.09268,3505.96,0.678358,0.0768535,0.72873,-3700.8,0
1.09922,3505.9,0.725905,0.294947,3.16436,-3732.18,0
1.10572,3505.87,0.781031,0.304088,3.41763,-3735.34,0
1.11223,3505.9,0.810665,0.427539,0.777972,-3686.98,0
1.11876,3505.72,0.951069,0.369342,8.69341,-3829.77,0
1.12528,3505.78,1.18514,0.30896,1.64811,-3750.49,0
1.13178,3505.78,1.12931,0.448348,0.853783,-3726.29,0
1.13831,3505.75,1.08867,0.249233,2.813,-3733.9,0
1.14485,3505.75,1.17887,0.318737,0.91212,-3715.43,0
1.15136,3505.67,1.39819,0.421367,3.61406,-3761.25,0
1.15785,3505.65,1.31135,0.524084,3.93742,-3752.97,0
1.1644,3505.55,1.30636,0.507411,6.02134,-3818.07,0
1.17097,3505.57,1.40961,0.336158,3.1767,-3780.64,0
1.17746,3505.52,1.46478,0.432156,4.91064,-3803.82,0
1.18401,3505.54,1.18661,0.449251,4.25163,-3763.23,0
1.19053,3505.59,1.25933,0.186155,0.325715,-3700.5,0
1.197,3505.58,1.09406,-0.221825,1.25537,-3689.63,0
1.20351,3505.48,0.977627,-0.11027,5.53569,-3754.27,0
1.20998,3505.47,1.00609,-0.117095,4.45281,-3742.42,0
1.21647,3505.47,0.865978,0.180011,4.18852,-3725.82,0
1.22296,3505.46,0.869938,0.275982,2.66657,-3710.59,0
1.22947,3505.44,0.875195,0.171875,3.64648,-3712.54,0
1.23599,3505.47,0.75685,0.35668,1.24349,-3667.29,0
1.24251,3505.37,0.809754,0.460686,5.14049,-3725.5,0
1.24909,3505.32,0.845363,0.499002,5.60934,-3746.64,0
1.25565,3505.35,0.800411,0.61764,1.40597,-3702.06,0
1.26219,3505.36,0.73712,0.586358,0.712514,-3677.96,0
1.26868,3505.29,0.60573,0.566551,5.05025,-3715.02,0
1.27522,3505.34,0.454598,0.585234,1.66312,-3658.09,0
1.2817,3505.33,0.55109,0.523608,1.042,-3642.74,0
1.28818,3505.2,0.489184,0.567234,6.34366,-3725.6,0
1.29473,3505.21,0.519809,0.685121,2.95715,-3703.43,0
1.30124,3505.22,0.584079,0.784983,0.302553,-3669.66,0
1.30777,3505.2,0.705059,0.798894,0.870677,-3670.76,0
1.31426,3505.09,0.788841,0.736198,6.48335,-3738.71,0
1.32077,3505.07,0.783296,0.574041,5.58032,-3729.29,0
1.32727,3505.01,0.798415,0.533741,6.63745,-3761.34,0
1.33377,3505.05,0.800095,0.460945,2.862,-3711.97,0
1.34028,3505.06,1.03198,0.334379,0.960695,-3687.46,0
1.3468,3505.03,1.00965,0.479774,2.32828,-3692.25,0
1.35332,3504.96,1.01082,0.404552,4.63406,-3724.84,0
1.35983,3504.91,1.14841,0.445378,5.59852,-3740.59,0
1.36637,3504.89,1.21931,0.298973,4.26941,-3737.07,0
1.37288,3504.85,1.07623,0.215183,5.61813,-3752.46,0
1.3794,3504.76,1.06723,0.144416,6.92344,-3799.86,0
1.38588,3504.75,1.13374,0.222627,3.58745,-3787.38,0
1.39243,3504.65,1.26201,0.299339,7.22468,-3841.63,0
1.39894,3504.62,1.20459,0.256946,6.77433,-3844.62,0
1.40545,3504.63,1.16828,0.25911,3.31838,-3819.07,0
1.412,3504.64,1.17351,0.462546,1.26426,-3793.63,0
1.4185,3504.63,1.29095,0.418085,0.999616,-3786.44,0
1.42503,3504.56,1.26487,0.25669,5.20282,-3814.98,0
1.43154,3504.58,1.15001,0.3141,3.43149,-3786.08,0
1.43801,3504.59,1.33893,0.330106,1.11803,-3765.51,0
1.44455,3504.5,1.44691,0.297744,5.09339,-3804.78,0
1.45109,3504.47,1.36386,0.357047,6.06467,-3814.28,0
1.45757,3504.46,1.54191,0.356484,3.88979,-3802,0
1.4641,3504.4,1.4665,0.356871,6.28267,-3823.08,0
1.47062,3504.34,1.46938,0.409196,7.89771,-3851.02,0
1.47711,3504.27,1.5202,0.482299,6.48535,-3880.68,0
1.4836,3504.24,1.47437,0.591025,5.41278,-3882.78,0
1.49014,3504.19,1.42722,0.543575,4.90487,-3896,0
1.49665,3504.18,1.44294,0.672041,4.50513,-3890.22,0
1.50315,3504.17,1.39116,0.706556,3.42868,-3881.81,0
1.50965,3504.07,1.37133,0.693476,8.37899,-3925.9,0
1.51614,3504.05,1.37633,0.821464,5.10502,-3921.85,0
1.52265,3504.02,1.57843,0.822454,4.25496,-3924.36,0
1.52915,3504.05,1.43519,0.997479,1.86297,-3888.94,0
1.53569,3503.96,1.46306,0.957627,5.75897,-3930.71,0
1.54225,3503.99,1.52386,0.775826,3.04798,-3894.31,0
1.54878,3503.97,1.56915,0.779027,3.39704,-3894.88,0
1.55532,3503.93,1.66924,0.885961,3.92829,-3904,0
1.56187,3503.9,1.75258,1.05946,3.10499,-3905.3,0
1.56839,3503.86,1.81154,0.985694,4.50113,-3913.66,0
1.57489,3503.83,1.76974,0.990283,4.79948,-3916.89,0
1.58139,3503.8,1.85597,1.16924,3.12531,-3922.43,0
1.58791,3503.75,1.83625,1.14892,3.29851,-3933.76,0
1.59441,3503.73,1.88415,1.01464,4.6792,-3934.46,0
1.60096,3503.76,1.89942,0.886796,2.73366,-3900.73,0
1.60747,3503.74,1.95856,0.859142,2.38268,-3894.18,0
1.61396,3503.63,1.9863,0.791274,8.25958,-3944.65,0
1.62045,3503.71,1.82481,0.9041,1.74436,-3883.63,0
1.62702,3503.62,1.80822,0.881508,6.64846,-3918.46,0
1.63351,3503.6,1.80044,0.868333,6.64859,-3918.66,0
1.64003,3503.62,1.79464,0.935488,1.42939,-3891.78,0
1.64652,3503.57,1.76931,0.80874,4.79995,-3905.78,0
1.65304,3503.49,1.70227,0.789162,6.69603,-3939.75,0
1.65957,3503.5,1.81312,0.710344,0.322845,-3919.46,0
1.66609,3503.43,1.86346,0.755013,3.65512,-3944.78,0
1.67256,3503.35,1.87687,0.736553,6.04265,-3976.78,0
1.67907,3503.41,1.90434,0.580976,0.877181,-3925.24,0
1.68556,3503.32,1.89823,0.561332,5.33468,-3962.26,0
1.69206,3503.24,1.99017,0.71621,7.47203,-3994.38,0
1.69857,3503.16,2.00735,0.715385,7.79089,-4028.71,0
1.70505,3503.13,2.03681,0.781611,6.41182,-4028.63,0
1.71153,3503.06,1.92991,0.798841,8.92132,-4053.31,0
1.71804,3503.08,1.86354,0.78765,5.10001,-4030.29,0
1.72456,3503.13,1.82168,0.687757,0.900592,-3985.35,0
1.73111,3503.04,1.71133,0.732817,8.31315,-4020.21,0
1.73764,3503.03,1.6959,0.743393,4.37247,-4010.33,0
1.74416,3502.96,1.83446,0.85458,5.97342,-4036.44,0
1.75063,3502.96,1.88281,0.750305,4.37404,-4020.06,0
1.75711,3502.87,1.79298,0.720484,8.62563,-4055.01,0
1.76362,3502.85,1.81552,0.729372,4.83897,-4052.78,0
1.77016,3502.8,2.05095,0.672906,3.52902,-4065.55,0
1.77669,3502.77,2.14582,0.587485,3.57324,-4066.89,0
1.78325,3502.75,2.29157,0.706631,0.846782,-4068,0
1.78978,3502.76,2.18743,0.517388,2.96239,-4043.38,0
1.79629,3502.72,2.16748,0.494084,5.53365,-4052.02,0
1.80281,3502.66,2.13177,0.501892,7.16219,-4071.35,0
1.80933,3502.61,2.10778,0.496331,4.92474,-4086.06,0
1.81583,3502.56,2.30113,0.490837,2.18052,-4098.53,0
1.82231,3502.49,2.20491,0.458213,7.08445,-4122.4,0
1.82883,3502.43,2.18543,0.427568,7.3183,-4137.33,0
1.83532,3502.37,2.31039,0.385338,6.82461,-4156.53,0
1.84184,3502.41,2.20011,0.438824,3.70609,-4122.93,0
1.84832,3502.39,2.27038,0.266938,2.68965,-4115.41,0
1.85484,3502.42,2.12745,0.339335,3.43075,-4085.49,0
1.8614,3502.41,2.06733,0.411888,3.34455,-4078.86,0
1.86793,3502.32,2.05047,0.405392,8.66249,-4109.95,0
1.87441,3502.32,2.04019,0.416249,4.91304,-4096.64,0
1.88095,3502.28,2.14585,0.479174,2.0211,-4101.93,0
1.88748,3502.23,2.17301,0.65997,4.55645,-4119.2,0
1.89396,3502.22,2.09307,0.653293,5.43392,-4108,0
1.90045,3502.14,2.13842,0.734003,6.77225,-4134.26,0
1.90693,3502.14,2.10387,0.759644,4.92104,-4123.94,0
1.91345,3502.01,2.02442,0.666213,2.72154,-4178.31,0
1.91995,3501.97,2.09034,0.584399,3.02513,-4184.97,0
1.92648,3501.94,2.12889,0.635723,2.29695,-4182.8,0
1.93298,3501.96,2.12209,0.454853,1.72917,-4159.4,0
1.93947,3501.87,2.02435,0.489831,7.91308,-4191.68,0
1.946,3501.74,1.96304,0.445008,5.75384,-4244.18,0
1.95251,3501.72,2.08166,0.400423,1.80875,-4240.39,0
1.959,3501.64,2.18418,0.230458,4.69647,-4269.13,0
1.96549,3501.67,2.14615,0.0642665,1.82114,-4239.78,0
1.97203,3501.61,2.06668,-0.0643417,10.4516,-4254.92,0
1.97852,3501.64,2.01707,-0.0158431,5.10699,-4227.72,0
1.98504,3501.6,2.01978,0.0344509,6.00008,-4231.94,0
1.99154,3501.55,2.13307,-0.0395579,5.47979,-4245.43,0
1.99805,3501.56,2.09575,-0.0640076,4.21316,-4223.32,0
2.00458,3501.56,2.01537,-0.239486,6.08436,-4210.58,0
2.01106,3501.45,2.03373,-0.177065,3.98821,-4251.04,0
2.01762,3501.37,2.12369,0.00697496,7.42302,-4278.14,0
2.02409,3501.38,2.01697,0.00536237,7.83598,-4258.14,0
2.03063,3501.37,2.04635,-0.0285153,4.42345,-4249.69,0
2.03711,3501.43,1.85654,-0.0203486,6.70614,-4208.2,0
2.0436,3501.37,1.88443,-0.00197281,6.62786,-4220.69,0
2.05014,3501.36,1.8744,0.0857508,4.56764,-4215,0
2.05667,3501.3,1.94337,0.0832545,5.84634,-4230.37,0
2.06318,3501.26,1.99774,0.0519806,5.64583,-4237.9,0
2.06969,3501.22,1.93334,0.0686992,10.6603,-4240.04,0
2.07618,3501.23,1.91757,0.161471,7.72003,-4224.71,0
2.0827,3501.09,1.99066,0.260006,6.21652,-4276.34,0
2.08921,3500.98,2.04257,0.226613,3.51115,-4317.53,0
2.09568,3500.95,2.0772,0.199585,4.15936,-4320.55,0
2.10221,3500.81,2.05677,0.307921,6.70754,-4369.65,0
2.10873,3500.82,2.03449,0.241371,5.66281,-4353.01,0
2.11524,3500.71,2.04371,0.387888,2.15939,-4390.64,0
2.12174,3500.75,1.99588,0.286372,1.14706,-4360.21,0
2.12824,3500.7,1.95375,0.408011,4.99224,-4369.63,0
2.13475,3500.82,1.75761,0.282506,5.33777,-4300.29,0
2.14126,3500.8,1.73873,0.301014,7.06928,-4295.6,0
2.14772,3500.79,1.82375,0.166991,0.959243,-4286.23,0
2.15426,3500.61,1.75118,0.236781,3.92404,-4356.92,0
2.16078,3500.6,1.77507,0.0808183,1.32915,-4350.15,0
2.16729,3500.57,1.6196,0.034424,6.50947,-4349.36,0
2.17382,3500.57,1.55769,0.0498719,10.4211,-4337.88,0
2.18031,3500.64,1.45293,0.0469472,5.57395,-4292.37,0
2.18682,3500.66,1.38173,0.0272979,4.85531,-4271.95,0
2.19331,3500.48,1.38122,-0.0272751,10.563,-4340.05,0
2.19986,3500.53,1.22144,-0.0617562,5.65568,-4306.68,0
2.20635,3500.53,1.23485,-0.0310985,0.591345,-4293.21,0
2.21287,3500.48,1.18455,-0.236101,1.59453,-4303.87,0
2.21939,3500.35,1.25836,-0.196829,4.7045,-4349.31,0
2.22594,3500.31,1.21358,-0.249038,4.26683,-4353.66,0
2.2324,3500.26,1.08535,-0.174218,0.292147,-4360.97,0
2.23894,3500.23,0.991696,-0.141842,1.44425,-4364.71,0
2.24543,3500.21,0.960825,-0.121995,9.43497,-4361.41,0
2.25195,3500.07,0.883382,-0.107739,4.85861,-4408.82,0
2.25842,3500,0.787972,-0.154018,3.17328,-4428.5,0
2.2649,3499.82,0.85209,-0.212411,4.19887,-4494.7,0
2.27139,3499.84,0.758348,-0.242697,11.7044,-4471.08,0
2.27786,3499.77,0.661632,-0.142099,1.75334,-4491.76,0
2.28439,3499.78,0.479639,0.000531481,6.5651,-4473.88,0
2.29089,3499.72,0.245128,0.00266513,5.01741,-4486.69,0
2.29259,3499.69,0.159161,0.0257627,3.49072,-4495.74,1
