0.00649755,3509.9,-8.19681,2.99836,4.6231,-16104.9,0
0.0129784,3509.82,-8.19957,2.95748,4.7574,-13793.8,0
0.0194678,3509.87,-8.21887,2.88692,2.13494,-6559.99,0
0.0259597,3509.81,-8.14994,2.9191,4.12478,-7302.47,0
0.0325184,3509.84,-7.95613,3.1057,3.19939,-4772.1,0
0.0390458,3509.86,-7.90144,2.94276,2.87697,-3475.88,0
0.045567,3509.86,-7.96508,2.79593,2.67161,-3112.76,0
0.0520559,3509.87,-7.9703,2.76716,1.99075,-2527.72,0
0.0585573,3509.84,-8.00487,2.80294,2.26277,-2752.24,0
0.0650702,3509.8,-8.06967,3.07677,1.57585,-3058.1,0
0.0715622,3509.72,-8.0001,3.17053,3.6128,-3954.83,0
0.0781076,3509.74,-8.01216,3.0695,2.44066,-3334.77,0
0.0846373,3509.69,-8.22252,3.09017,1.38893,-3630.32,0
0.0911893,3509.56,-8.22193,3.17981,5.0068,-4779.04,0
0.0976841,3509.55,-8.11495,3.16214,4.64937,-4651.95,0
0.104198,3509.45,-8.2069,3.22249,4.52371,-5246.87,0
0.110747,3509.49,-8.31364,3.22417,1.26801,-4607.85,0
0.117286,3509.37,-8.32209,3.30684,4.09028,-5343.27,0
0.123792,3509.29,-8.25332,3.37752,5.88899,-5702.11,0
0.130288,3509.3,-8.19553,3.34546,3.88095,-5396.26,0
0.136799,3509.21,-8.30198,3.56278,3.75644,-5761.26,0
0.143315,3509.36,-7.99605,3.49761,1.31867,-4471.37,0
0.149823,3509.27,-7.93971,3.4223,4.29039,-4867.6,0
0.156301,3509.2,-7.87028,3.42524,5.11012,-5125.44,0
0.162823,3509.16,-7.78914,3.42912,5.25049,-5150.97,0
0.169343,3509.16,-7.81903,3.37914,3.66666,-4962.93,0
0.175868,3509.17,-8.02368,3.28389,0.836313,-4717.77,0
0.182379,3509.11,-8.13772,3.29589,1.60675,-4903.27,0
0.188917,3508.99,-7.9974,3.31221,6.94262,-5358,0
0.195427,3508.97,-8.00367,3.28871,5.13,-5255.98,0
0.20196,3508.91,-8.17801,3.48672,3.80418,-5421,0
0.208433,3508.91,-8.16606,3.57711,2.57289,-5216.2,0
0.214941,3508.9,-8.13203,3.63026,2.75797,-5111.74,0
0.221505,3508.89,-8.23469,3.66645,1.23033,-4993.59,0
0.228049,3508.74,-8.22696,3.87492,5.12861,-5536.02,0
0.23457,3508.81,-8.21194,3.8734,1.4638,-5054.8,0
0.241084,3508.75,-8.24726,3.80429,3.34863,-5178.62,0
0.247593,3508.72,-8.38915,3.93986,1.7419,-5187.75,0
0.254141,3508.68,-8.33859,3.91211,3.33044,-5177.8,0
0.260618,3508.68,-8.39996,3.69527,3.37604,-5075.93,0
0.267125,3508.67,-8.3108,3.65843,3.61501,-4971.08,0
0.273585,3508.64,-8.39382,3.69772,3.21829,-4985.52,0
0.280065,3508.66,-8.32408,3.62125,2.96761,-4781.36,0
0.286521,3508.6,-8.39212,3.58339,3.53792,-4872.69,0
0.29302,3508.61,-8.30416,3.58447,3.21852,-4749.64,0
0.2995,3508.63,-8.14103,3.67914,2.90683,-4563.93,0
0.306005,3508.59,-8.201,3.64934,3.60986,-4622.48,0
0.312494,3508.52,-8.17676,3.6427,5.37469,-4741.79,0
0.319008,3508.52,-8.25808,3.82923,1.67455,-4628.01,0
0.325548,3508.5,-8.19965,3.70794,3.66512,-4621.64,0
0.33208,3508.48,-8.18882,4.01919,2.2192,-4583.01,0
0.338602,3508.41,-8.30836,3.84018,3.64003,-4684.26,0
0.345119,3508.38,-8.32395,3.83191,3.99025,-4688.78,0
0.351638,3508.44,-8.35823,3.66256,1.50808,-4450.44,0
0.358179,3508.31,-8.45076,3.82109,3.95548,-4717.08,0
0.364683,3508.28,-8.47672,3.79865,3.38948,-4717.25,0
0.37116,3508.26,-8.42476,3.80092,4.16254,-4675.51,0
0.377629,3508.23,-8.49664,3.75071,3.63399,-4695.97,0
0.384134,3508.14,-8.57951,3.78461,4.4563,-4839.23,0
0.390687,3508.21,-8.51139,3.76758,1.53771,-4592.27,0
0.397208,3508.17,-8.41711,3.63029,4.24891,-4599.77,0
0.403676,3508.22,-8.48619,3.59504,0.986262,-4421.44,0
0.410183,3508.12,-8.46517,3.55842,4.97801,-4583.19,0
0.416707,3508.05,-8.46346,3.59694,5.40735,-4688.88,0
0.42321,3508.11,-8.46793,3.51864,2.19873,-4462.51,0
0.42972,3508.05,-8.50137,3.51444,3.70303,-4526.58,0
0.436221,3507.99,-8.61166,3.2467,4.90793,-4614.1,0
0.442768,3507.95,-8.6084,3.18722,5.00508,-4620.26,0
0.449254,3508.07,-8.57202,2.88488,1.62233,-4286.33,0
0.45572,3508.02,-8.59136,2.76978,2.57046,-4341.54,0
0.462216,3507.93,-8.55984,2.7411,6.03191,-4482.23,0
0.468685,3507.93,-8.56808,2.71242,3.7883,-4411.45,0
0.475207,3507.87,-8.66971,2.81527,3.68239,-4479.94,0
0.481716,3507.89,-8.74548,2.89078,1.06946,-4382.58,0
0.488205,3507.78,-8.74691,2.90937,4.53836,-4543.81,0
0.494735,3507.76,-8.77125,2.86288,4.09634,-4523.64,0
0.501309,3507.78,-8.83244,2.88923,0.917919,-4432.98,0
0.507795,3507.68,-8.75855,2.81139,4.82132,-4575.8,0
0.514252,3507.64,-8.75234,2.78175,5.20451,-4592.91,0
0.520689,3507.66,-8.72647,2.72029,2.96622,-4500.1,0
0.527207,3507.67,-8.70977,2.86892,1.41154,-4411.99,0
0.533702,3507.67,-8.67618,2.82563,1.35607,-4359.6,0
0.540204,3507.62,-8.71276,2.70568,3.1593,-4403.36,0
0.546728,3507.54,-8.81586,2.91704,3.38367,-4505.8,0
0.553238,3507.54,-8.76388,3.06986,2.79053,-4454.19,0
0.559758,3507.58,-8.50911,3.04738,3.86462,-4319.74,0
0.566294,3507.47,-8.55896,3.26111,5.84355,-4474.7,0
0.572795,3507.47,-8.60534,3.16816,4.13415,-4424.95,0
0.579307,3507.44,-8.66635,3.18131,3.51132,-4412.23,0
0.58583,3507.44,-8.64126,3.21788,2.48068,-4372.4,0
0.592386,3507.47,-8.57756,3.16949,2.00114,-4273.06,0
0.598896,3507.39,-8.70764,3.24773,2.37395,-4351.97,0
0.605402,3507.35,-8.92058,3.11866,1.38479,-4378.5,0
0.611901,3507.34,-8.95975,3.05792,1.02653,-4341.44,0
0.618408,3507.41,-8.7263,3.0373,1.38637,-4183.74,0
0.624869,3507.38,-8.52732,3.15375,4.39145,-4184.91,0
0.631337,3507.46,-8.46198,3.09311,0.919796,-4016.01,0
0.637897,3507.6,-8.09968,2.73927,2.03295,-3762.93,0
0.644429,3507.56,-8.21495,2.86457,0.874418,-3779.7,0
0.650934,3507.5,-8.11327,2.81499,4.61695,-3848.02,0
0.657443,3507.5,-8.1938,2.84955,0.783915,-3795.17,0
0.663962,3507.52,-8.04391,2.9271,1.48146,-3730.24,0
0.670452,3507.37,-8.04477,2.9693,6.0474,-3918.9,0
0.676914,3507.35,-8.06097,2.91184,4.7976,-3921.61,0
0.683446,3507.35,-8.01911,2.96039,3.28325,-3872.83,0
0.68997,3507.37,-8.01555,2.94781,2.09734,-3806.63,0
0.696507,3507.3,-8.24,2.91402,1.60191,-3876.03,0
0.702987,3507.2,-8.32129,2.79093,4.68363,-3983.4,0
0.709499,3507.19,-8.39088,3.00368,1.73888,-3956.2,0
0.715989,3507.07,-8.4431,3.0157,5.31859,-4091.31,0
0.722508,3506.99,-8.44231,3.05014,5.62917,-4163.02,0
0.729022,3507.02,-8.43565,3.12323,3.37837,-4086.25,0
0.735541,3506.96,-8.48575,3.03329,4.88822,-4127.31,0
0.742022,3506.99,-8.4031,3.19306,2.98945,-4049.89,0
0.748522,3506.98,-8.3198,3.02862,4.57181,-4036.45,0
0.755031,3506.98,-8.24121,3.01628,4.38515,-3993.89,0
0.761511,3506.99,-8.22258,2.87948,3.92802,-3947.1,0
0.768026,3507,-8.11878,2.88674,4.10273,-3908.65,0
0.774589,3506.9,-8.13479,2.92884,5.74975,-3997.74,0
0.781122,3506.88,-8.17061,2.95146,5.17244,-3997.5,0
0.787635,3506.88,-8.14989,3.00514,3.41133,-3955.8,0
0.794159,3506.95,-7.99706,3.08253,1.77775,-3835.18,0
0.800665,3506.85,-8.00091,3.14221,5.03323,-3937.5,0
0.807165,3506.89,-8.01045,3.06717,1.66984,-3853.68,0
0.813673,3506.88,-8.01461,2.81098,3.20604,-3839.03,0
0.820169,3506.77,-8.04,3.08662,4.64182,-3932.45,0
0.826681,3506.8,-8.00745,3.07084,3.7608,-3875.58,0
0.833151,3506.78,-8.03309,2.91761,3.78391,-3863.33,0
0.839629,3506.75,-7.97033,2.81659,5.56984,-3872.43,0
0.846126,3506.78,-7.93492,2.70741,2.95407,-3803.75,0
0.85263,3506.76,-7.78895,2.64184,5.80008,-3804.39,0
0.859193,3506.79,-7.755,2.62463,3.51593,-3734.36,0
0.865694,3506.83,-7.58871,2.58357,3.86227,-3658.91,0
0.872225,3506.78,-7.5624,2.63707,5.56715,-3694.38,0
0.878734,3506.79,-7.64305,2.61358,2.277,-3652,0
0.885218,3506.8,-7.51146,2.73684,2.65396,-3611.95,0
0.891694,3506.76,-7.71899,2.4952,2.14928,-3635.24,0
0.898256,3506.7,-7.66321,2.6384,4.30716,-3674.97,0
0.904755,3506.68,-7.82347,2.45487,3.04969,-3674.5,0
0.911244,3506.65,-7.89464,2.55779,2.08839,-3677.6,0
0.917751,3506.66,-7.83993,2.70577,1.00011,-3633.97,0
0.924277,3506.59,-7.99838,2.65031,1.63178,-3692.04,0
0.930747,3506.46,-8.03009,2.7293,5.41116,-3798.29,0
0.93724,3506.4,-8.02158,2.69806,4.99763,-3836.61,0
0.943747,3506.51,-7.92249,2.65661,1.53675,-3702.05,0
0.950274,3506.49,-7.9445,2.67414,1.49451,-3695.93,0
0.956784,3506.5,-7.8593,2.7234,1.52486,-3657.34,0
0.963272,3506.38,-7.87468,2.77959,5.09344,-3760.15,0
0.969743,3506.4,-7.8665,2.75284,3.70166,-3712.91,0
0.976246,3506.38,-7.74089,2.72542,6.21671,-3712.12,0
0.982765,3506.32,-7.71603,2.79736,5.87443,-3746.41,0
0.989314,3506.32,-7.67781,2.74603,4.72741,-3723.43,0
0.995822,3506.24,-7.75602,2.81001,4.38531,-3772.01,0
1.00229,3506.24,-7.75246,3.05264,1.76671,-3747.15,0
1.00884,3506.16,-7.87345,3.00686,3.0616,-3811.07,0
1.01538,3506.26,-7.53562,3.06414,3.18508,-3681.53,0
1.02186,3506.27,-7.35009,3.17087,4.46912,-3654.73,0
1.02838,3506.36,-7.11378,3.18732,3.04573,-3541.21,0
1.03489,3506.37,-6.98243,3.11382,4.50013,-3507.95,0
1.04138,3506.33,-6.96938,3.16051,5.10706,-3521.93,0
1.04785,3506.28,-7.02656,3.21502,3.90086,-3546.1,0
1.05434,3506.28,-7.07393,3.13534,3.5666,-3531.15,0
1.06081,3506.26,-7.13449,3.17247,2.16012,-3521.74,0
1.06735,3506.19,-7.32178,3.21038,1.94532,-3573.03,0
1.07384,3506.17,-7.2101,3.06565,4.79084,-3562.36,0
1.0804,3506.16,-7.16895,3.18216,4.37061,-3551.01,0
1.08692,3506.15,-7.09398,3.29229,4.24265,-3540.83,0
1.09346,3506.18,-7.08548,3.29374,2.01972,-3493.15,0
1.09997,3506.17,-7.02637,3.31684,2.07007,-3483.93,0
1.10646,3506.19,-6.85074,3.45255,2.2223,-3439.69,0
1.11301,3506.15,-6.80029,3.41658,4.49362,-3460.76,0
1.11952,3506.09,-6.75442,3.36373,5.98539,-3494.54,0
1.12605,3506.14,-6.68399,3.41718,1.93757,-3425.11,0
1.13256,3506.03,-6.67075,3.38858,5.89772,-3507.74,0
1.13909,3506,-6.70726,3.57668,4.45753,-3515.82,0
1.14558,3506.04,-6.72974,3.53601,0.963701,-3459.91,0
1.15212,3506.07,-6.62354,3.59877,0.247937,-3413.46,0
1.15859,3505.98,-6.60807,3.75354,2.86641,-3466.24,0
1.16515,3506,-6.41686,3.84203,3.87024,-3433.78,0
1.17167,3505.98,-6.45119,3.94613,2.41814,-3428.26,0
1.17818,3506.04,-6.39515,3.7766,1.61724,-3357.88,0
1.18466,3505.98,-6.43205,3.63392,4.67124,-3390.1,0
1.19118,3506.03,-6.33678,3.74301,2.02306,-3331.07,0
1.19766,3505.99,-6.2941,3.58822,4.83559,-3344.92,0
1.20418,3505.99,-6.36189,3.71665,1.42308,-3327.87,0
1.21069,3505.98,-6.17843,3.81801,3.82867,-3323.57,0
1.21725,3506.04,-6.12989,3.85465,0.256172,-3251.28,0
1.22377,3506.12,-5.87645,3.65597,2.12825,-3173.55,0
1.23027,3506,-6.18026,3.62454,2.92433,-3249.64,0
1.23677,3506.05,-6.14241,3.56723,1.33036,-3194.37,0
1.24329,3505.96,-6.26376,3.60228,3.16469,-3250.82,0
1.24978,3505.93,-6.34939,3.4962,3.53621,-3254.88,0
1.25631,3505.9,-6.3577,3.51182,3.88502,-3260.26,0
1.26285,3505.95,-6.24555,3.60725,1.64552,-3205.1,0
1.26938,3505.91,-6.10482,3.82935,3.3998,-3220.81,0
1.2759,3505.97,-5.99293,3.93868,0.563351,-3157.99,0
1.28242,3505.92,-5.88726,3.99358,3.25493,-3182.63,0
1.28894,3505.99,-5.77278,3.92475,1.68361,-3110.35,0
1.29545,3505.96,-5.79342,3.91181,2.58172,-3116.91,0
1.30197,3505.99,-5.6856,3.72579,4.04446,-3076.15,0
1.30847,3505.91,-5.66658,3.83753,5.82827,-3123.61,0
1.31504,3505.94,-5.61143,3.92321,2.98474,-3091.16,0
1.3215,3505.84,-5.68661,3.90878,4.72046,-3151.34,0
1.32799,3505.72,-5.76658,3.89195,6.45338,-3226.02,0
1.33444,3505.7,-5.88299,3.87494,3.77468,-3218.89,0
1.34092,3505.7,-5.80762,3.97121,2.64059,-3210.33,0
1.34745,3505.7,-5.78492,4.14096,0.101893,-3188.97,0
1.35396,3505.7,-5.74307,4.06331,1.18601,-3174.48,0
1.36047,3505.63,-5.6827,4.11424,4.03465,-3212.52,0
1.367,3505.65,-5.75778,4.04162,2.01766,-3181.34,0
1.37347,3505.57,-5.56484,4.00894,7.19374,-3222.15,0
1.37997,3505.58,-5.67067,4.12142,1.64103,-3206.17,0
1.38648,3505.45,-5.7118,4.07959,6.00341,-3282.69,0
1.39295,3505.49,-5.48535,4.0373,6.67797,-3236.5,0
1.39945,3505.55,-5.51816,4.03583,1.76605,-3180.76,0
1.406,3505.61,-5.35158,3.90531,2.28991,-3119.67,0
1.41251,3505.52,-5.37197,3.91191,6.06643,-3171.57,0
1.41904,3505.49,-5.41807,3.87745,4.29138,-3176.71,0
1.42554,3505.58,-5.35362,3.68492,2.18569,-3100.83,0
1.43208,3505.52,-5.33707,3.66941,4.19459,-3126.44,0
1.4386,3505.55,-5.21017,3.60355,4.56825,-3093.48,0
1.44507,3505.49,-5.13813,3.62606,6.51975,-3117.6,0
1.45158,3505.52,-5.03285,3.67088,4.86833,-3089.53,0
1.45813,3505.54,-5.16966,3.42034,3.15453,-3057.38,0
1.4646,3505.53,-5.1158,3.42711,2.87909,-3052.26,0
1.47115,3505.46,-5.14002,3.2879,6.553,-3086.35,0
1.47767,3505.46,-4.98385,3.33498,6.61268,-3074.58,0
1.48419,3505.44,-5.01716,3.34958,4.53775,-3070.02,0
1.49069,3505.36,-4.99219,3.30159,6.17214,-3109.95,0
1.49722,3505.45,-4.95578,3.34257,0.784839,-3041.27,0
1.50374,3505.3,-5.03001,3.41481,5.4675,-3122.79,0
1.51025,3505.25,-5.13634,3.38275,5.90919,-3144.36,0
1.51676,3505.29,-5.20754,3.31703,1.01221,-3104.02,0
1.52327,3505.26,-5.20763,3.15138,4.16232,-3112.82,0
1.52977,3505.22,-5.22266,3.15541,4.57867,-3124.95,0
1.53624,3505.22,-5.17155,3.25309,3.52353,-3110.23,0
1.54275,3505.14,-5.1539,3.22546,6.23263,-3152.64,0
1.54925,3505.15,-5.15436,3.23676,1.37774,-3130.22,0
1.55572,3505.06,-5.0558,3.16967,7.04166,-3173.42,0
1.56224,3504.99,-5.04629,3.25112,6.8174,-3205.34,0
1.5687,3505.02,-5.08482,3.40221,0.684334,-3171.82,0
1.57518,3504.92,-5.01706,3.52534,5.45569,-3227.39,0
1.58165,3504.9,-5.12045,3.53337,2.53846,-3222.8,0
1.58818,3504.85,-5.24085,3.3105,5.07953,-3239.58,0
1.5947,3504.79,-5.38848,3.37876,3.4347,-3269.8,0
1.60124,3504.79,-5.38775,3.30655,1.76281,-3255.77,0
1.60781,3504.77,-5.25719,3.38231,3.20495,-3251.8,0
1.61433,3504.82,-5.19071,3.38309,0.466545,-3211.07,0
1.62084,3504.76,-5.13823,3.49522,3.19297,-3235.65,0
1.62736,3504.67,-5.10303,3.45101,7.62836,-3276.96,0
1.63389,3504.69,-5.19689,3.48331,1.22204,-3252.16,0
1.64041,3504.6,-5.16724,3.41019,4.60118,-3289.99,0
1.64689,3504.67,-5.19967,3.28346,0.464441,-3234.4,0
1.65341,3504.61,-5.15093,3.27093,4.57895,-3257.11,0
1.65992,3504.65,-5.1117,3.3698,1.05304,-3220.74,0
1.66646,3504.59,-5.11587,3.44834,1.54013,-3243.47,0
1.67295,3504.53,-5.06781,3.36208,5.6818,-3269.04,0
1.67945,3504.59,-5.05079,3.41733,0.661386,-3220.07,0
1.68593,3504.49,-5.09115,3.56951,3.46799,-3268.54,0
1.69246,3504.42,-5.08575,3.48117,6.91229,-3296.86,0
1.69902,3504.32,-5.12777,3.39793,8.33924,-3341.8,0
1.70556,3504.37,-5.12629,3.53108,1.00747,-3303.85,0
1.71207,3504.24,-5.31421,3.6994,1.25367,-3362.22,0
1.71852,3504.17,-5.18313,3.55903,8.03249,-3392.51,0
1.72499,3504.18,-5.28358,3.53345,2.98878,-3373.3,0
1.73152,3504.17,-5.38995,3.56631,0.502316,-3368.03,0
1.73802,3504.16,-5.1886,3.56697,4.50734,-3358.08,0
1.74452,3504.2,-5.40317,3.27487,1.18896,-3324.93,0
1.751,3504.13,-5.33025,3.47026,2.43,-3349.68,0
1.75748,3504.17,-5.29655,3.37867,2.00547,-3318.14,0
1.76398,3504.13,-5.27962,3.36221,3.81803,-3327.98,0
1.7705,3504.11,-5.30291,3.30655,3.86209,-3325.82,0
1.77699,3504.09,-5.29093,3.27241,4.01068,-3325.2,0
1.7835,3504.07,-5.30985,3.29732,3.55145,-3322.36,0
1.78998,3504.07,-5.33172,3.28346,2.42887,-3313.46,0
1.79646,3504,-5.30379,3.29705,4.68101,-3341.71,0
1.80301,3503.99,-5.26263,3.23465,4.39481,-3333.73,0
1.8095,3503.96,-5.24229,3.15006,6.43236,-3335.82,0
1.816,3503.96,-5.21503,3.11439,3.56782,-3327.16,0
1.82248,3504.01,-5.05993,3.1237,1.40824,-3287.66,0
1.829,3503.96,-4.92544,3.29732,3.43324,-3303.67,0
1.8355,3503.96,-5.0115,3.2474,0.979826,-3291.57,0
1.84202,3503.85,-5.01747,3.17298,5.34515,-3338.43,0
1.84849,3503.85,-4.99331,3.21382,4.70234,-3328.84,0
1.85499,3503.91,-5.0058,3.01607,2.30871,-3282.09,0
1.86153,3503.88,-5.17011,2.80712,2.62269,-3289.05,0
1.86805,3503.78,-5.35,2.93084,1.92201,-3328.36,0
1.87448,3503.67,-5.63564,2.90466,1.1555,-3374.45,0
1.881,3503.67,-5.43407,2.93125,4.18912,-3367.2,0
1.8875,3503.57,-5.4096,2.94266,7.80375,-3405.74,0
1.89398,3503.57,-5.40385,3.02368,2.42786,-3393.26,0
1.90056,3503.51,-5.42567,2.95171,4.92757,-3415.02,0
1.90708,3503.49,-5.36277,3.02628,4.78133,-3414.16,0
1.9136,3503.52,-5.37423,2.93031,2.78939,-3387.98,0
1.92009,3503.43,-5.34371,2.91951,5.51121,-3419.37,0
1.92661,3503.4,-5.3835,3.07644,3.47997,-3425.18,0
1.93313,3503.38,-5.26321,3.22508,4.31608,-3425.34,0
1.93963,3503.35,-5.28391,3.36436,2.37306,-3431.05,0
1.94616,3503.25,-5.17269,3.36507,9.28139,-3468.52,0
1.95268,3503.15,-5.2184,3.32196,8.06134,-3506.81,0
1.95919,3503.2,-5.20477,3.29692,2.42355,-3469.28,0
1.96569,3503.09,-5.32712,3.20491,4.47732,-3513.79,0
1.97219,3503.05,-5.44685,3.28092,1.56854,-3521.72,0
1.9787,3503,-5.50647,3.40398,0.554305,-3536,0
1.9852,3503.07,-5.43728,3.13691,2.30302,-3490.38,0
1.9917,3502.98,-5.38075,3.32698,5.09361,-3524.21,0
1.99821,3502.88,-5.36616,3.31854,7.14021,-3562.77,0
2.00473,3502.91,-5.37204,3.37922,1.44155,-3537.78,0
2.01124,3502.89,-5.48256,3.16292,2.28527,-3536.89,0
2.01773,3502.83,-5.5786,3.17084,1.67085,-3554.07,0
2.02421,3502.84,-5.58437,2.99439,3.06534,-3536.19,0
2.03072,3502.88,-5.57222,2.94786,1.01442,-3504.09,0
2.03727,3502.83,-5.54062,2.89604,5.37445,-3521.06,0
2.04373,3502.88,-5.41819,2.87023,4.47268,-3482.32,0
2.05023,3502.84,-5.44429,2.91078,3.30503,-3490.67,0
2.05671,3502.89,-5.37653,2.85245,2.67386,-3457.43,0
2.06326,3502.75,-5.56661,2.87665,4.92904,-3513.79,0
2.06975,3502.72,-5.59042,2.974,2.37536,-3515.04,0
2.07623,3502.7,-5.58821,2.9791,3.59963,-3516.73,0
2.08267,3502.62,-5.61762,3.05509,5.20547,-3545.88,0
2.08921,3502.57,-5.75028,3.06466,1.41911,-3556.3,0
2.09568,3502.64,-5.72147,2.82797,1.22743,-3513.04,0
2.1022,3502.59,-5.7864,2.64242,4.20668,-3523.62,0
2.10867,3502.43,-5.81259,2.63546,8.11529,-3588.27,0
2.11517,3502.44,-5.86798,2.5943,2.95595,-3573.32,0
2.12164,3502.36,-5.94826,2.5709,4.00938,-3599.79,0
2.12813,3502.36,-5.84368,2.627,4.30829,-3588.82,0
2.13466,3502.37,-5.83978,2.59298,3.30581,-3575.44,0
2.14119,3502.38,-5.75679,2.55431,4.16489,-3556.57,0
2.14769,3502.32,-5.75852,2.56094,4.0258,-3575.47,0
2.15419,3502.28,-5.74797,2.541,5.43701,-3583.63,0
2.16069,3502.22,-5.77847,2.53998,6.41776,-3601.26,0
2.1672,3502.22,-5.83275,2.47052,3.79782,-3591.47,0
2.1737,3502.15,-5.90896,2.48524,4.37163,-3612.84,0
2.18019,3502.22,-5.8611,2.29504,3.027,-3566.88,0
2.18668,3502.12,-6.08469,2.26083,1.70245,-3603.8,0
2.19317,3502.1,-6.02841,2.34108,2.96926,-3601.66,0
2.19968,3502.09,-5.98974,2.30524,5.12926,-3596.56,0
2.20618,3502.16,-5.85661,2.40877,2.35933,-3554.3,0
2.2127,3502.11,-5.94758,2.42886,1.10062,-3566.53,0
2.21921,3502.16,-5.82144,2.4331,1.42378,-3533.33,0
2.22569,3502.18,-5.67033,2.4811,3.95176,-3514.75,0
2.23223,3502.18,-5.51172,2.54135,6.66862,-3504.01,0
2.23871,3502.17,-5.44502,2.50063,4.41067,-3497.1,0
2.24517,3502.21,-5.45893,2.4868,1.06196,-3471.85,0
2.25171,3502.1,-5.42963,2.50188,5.51332,-3507.19,0
2.25819,3502.02,-5.50972,2.68336,3.82311,-3534.96,0
2.26471,3502.02,-5.49438,2.6573,3.06301,-3524.73,0
2.27124,3501.96,-5.50779,2.6394,5.12228,-3541.96,0
2.27776,3501.88,-5.50228,2.60729,7.2146,-3565.95,0
2.28428,3501.92,-5.30465,2.65469,8.38005,-3537.04,0
2.29076,3501.94,-5.25869,2.68214,2.26317,-3517.82,0
2.29729,3501.97,-5.16531,2.63256,3.99801,-3494.97,0
2.30383,3502.1,-4.95764,2.48198,4.31391,-3430.14,0
2.31031,3502.06,-5.09142,2.48153,1.23106,-3437.61,0
2.31679,3501.97,-5.0699,2.4457,6.45409,-3466.62,0
2.32328,3501.99,-5.05394,2.38106,1.56351,-3447.16,0
2.32978,3501.89,-4.97706,2.55567,7.69227,-3482.07,0
2.33633,3501.87,-4.9303,2.47687,5.79406,-3478.01,0
2.34285,3501.78,-4.99471,2.45611,6.83115,-3510.27,0
2.34934,3501.74,-5.01731,2.45457,3.62902,-3517.85,0
2.35584,3501.72,-4.91707,2.56128,4.90025,-3514.96,0
2.36234,3501.73,-4.78378,2.49993,8.20086,-3501.34,0
2.36885,3501.79,-4.79211,2.43698,1.23035,-3464.44,0
2.37537,3501.77,-4.75375,2.45206,2.64609,-3465.16,0
2.38186,3501.81,-4.71692,2.32778,3.18982,-3439.32,0
2.38839,3501.84,-4.61713,2.3349,2.93836,-3414.59,0
2.3949,3501.93,-4.4264,2.28012,4.11716,-3370.72,0
2.40142,3501.87,-4.54749,2.23248,2.01313,-3386.71,0
2.40796,3501.79,-4.5829,2.23655,4.61691,-3409.16,0
2.41444,3501.8,-4.58688,2.17126,4.61944,-3397.08,0
2.42095,3501.69,-4.77754,2.12647,5.18469,-3432.78,0
2.42743,3501.69,-4.81049,1.95603,4.88309,-3423.14,0
2.43397,3501.69,-4.84903,1.73911,5.97781,-3413.96,0
2.44046,3501.65,-4.85907,1.7943,5.6088,-3421.67,0
2.44698,3501.75,-4.72297,1.7854,2.81959,-3371.56,0
2.45345,3501.74,-4.74779,1.81406,1.42078,-3367.76,0
2.45999,3501.78,-4.59393,1.75187,4.38782,-3340.26,0
2.46648,3501.77,-4.56608,1.7424,3.94198,-3337.78,0
2.47298,3501.68,-4.66059,1.54992,8.01657,-3364.54,0
2.4795,3501.64,-4.63518,1.55682,5.93692,-3371.66,0
2.48598,3501.6,-4.58835,1.5708,5.68674,-3378.31,0
2.49253,3501.7,-4.4408,1.54943,2.32488,-3330.03,0
2.49906,3501.59,-4.52942,1.66746,4.65444,-3366.07,0
2.50556,3501.5,-4.58819,1.71015,6.7436,-3390.55,0
2.51204,3501.53,-4.55476,1.66114,3.40877,-3373.12,0
2.51851,3501.48,-4.48151,1.76012,6.87823,-3381.79,0
2.52501,3501.51,-4.43442,1.71552,3.26108,-3362.37,0
2.53148,3501.48,-4.3991,1.78947,4.06877,-3365.43,0
2.53798,3501.42,-4.49811,1.73907,2.43701,-3379.91,0
2.54447,3501.38,-4.43466,1.88068,3.44761,-3388.45,0
2.55096,3501.33,-4.3299,1.83908,7.66576,-3398.69,0
2.55749,3501.33,-4.28267,1.76772,6.36148,-3390.47,0
2.56402,3501.35,-4.3089,1.71963,1.6455,-3371.82,0
2.57048,3501.3,-4.27794,1.66631,5.16055,-3386.22,0
2.57697,3501.26,-4.1561,1.68047,9.9511,-3389.96,0
2.58347,3501.15,-4.13947,1.70201,5.04302,-3427.27,0
2.58999,3501.22,-4.10948,1.32669,6.02192,-3388.66,0
2.5965,3501.25,-4.03895,1.41264,3.42287,-3369.43,0
2.60299,3501.21,-4.06589,1.52552,1.94275,-3376.64,0
2.6095,3501.04,-4.17048,1.56099,8.90296,-3435,0
2.61602,3501.01,-4.21623,1.7191,1.52246,-3437.31,0
2.62251,3501,-4.09779,1.87527,3.95755,-3430.2,0
2.62898,3500.98,-4.07813,1.89754,2.73079,-3429.58,0
2.63551,3501.02,-3.97116,1.87887,3.85353,-3407.53,0
2.64202,3500.97,-3.92725,1.7645,8.26111,-3416.53,0
2.64853,3500.84,-3.90402,1.76683,4.51463,-3459.24,0
2.655,3500.81,-3.93407,1.72863,5.4282,-3463.08,0
2.66152,3500.75,-3.93551,1.72191,6.51261,-3477.06,0
2.668,3500.65,-3.82155,1.65343,7.84894,-3505.36,0
2.67454,3500.67,-3.75603,1.75735,2.86121,-3490.26,0
2.68107,3500.65,-3.75894,1.56793,6.26438,-3488.29,0
2.68759,3500.64,-3.79489,1.49581,4.1511,-3482.53,0
2.69412,3500.58,-3.75617,1.38482,11.2564,-3496.42,0
2.70063,3500.6,-3.71881,1.35915,6.89779,-3480.89,0
2.70711,3500.55,-3.7297,1.3337,7.68955,-3490.38,0
2.71362,3500.49,-3.73261,1.35234,8.90629,-3503.48,0
2.72014,3500.37,-3.68659,1.32951,7.25228,-3539.84,0
2.7266,3500.34,-3.71444,1.31092,7.2754,-3543.03,0
2.73312,3500.38,-3.76272,1.17101,1.06409,-3518.48,0
2.7396,3500.35,-3.70153,1.20109,6.39154,-3522.68,0
2.74604,3500.39,-3.63676,1.26638,2.17967,-3498.11,0
2.75254,3500.43,-3.60887,1.1864,0.622971,-3477.9,0
2.75903,3500.47,-3.37347,1.35489,7.18593,-3454.82,0
2.76551,3500.42,-3.424,1.34701,5.20778,-3463.37,0
2.77202,3500.39,-3.3544,1.24835,12.535,-3468.21,0
2.77853,3500.32,-3.35885,1.24073,6.82115,-3485.06,0
2.78505,3500.29,-3.47346,1.09466,2.77108,-3487.77,0
2.79152,3500.29,-3.40068,1.20049,4.52443,-3477.75,0
2.798,3500.38,-3.25532,1.27052,3.30417,-3439.56,0
2.80454,3500.27,-3.18687,1.24165,6.28628,-3469.48,0
2.81103,3500.23,-3.24587,1.28671,1.60762,-3474.12,0
2.81756,3500.27,-3.1114,1.3618,4.86118,-3453.06,0
2.82407,3500.27,-3.0899,1.35331,2.98519,-3445.42,0
2.83057,3500.2,-3.09514,1.3737,8.60275,-3463.28,0
2.83711,3500.18,-2.92129,1.50404,6.15071,-3462,0
2.84363,3500.19,-2.96038,1.47751,0.871651,-3449.57,0
2.85014,3500.11,-2.97132,1.52368,5.79144,-3469.16,0
2.85664,3500.19,-2.8998,1.41927,3.59649,-3433.64,0
2.86319,3500.11,-2.8786,1.43648,8.35825,-3453.39,0
2.86965,3500,-2.80269,1.52018,9.43222,-3486.38,0
2.87615,3499.96,-2.67491,1.33717,6.52558,-3490.79,0
2.88267,3499.99,-2.61424,1.31377,6.28401,-3472.9,0
2.88919,3499.96,-2.52624,1.30475,3.30182,-3475.37,0
2.89569,3499.85,-2.48832,1.4081,1.78215,-3506.81,0
2.90217,3499.78,-2.42627,1.30451,9.39899,-3520.6,0
2.90865,3499.82,-2.39251,1.19457,8.1726,-3500.01,0
2.91514,3499.82,-2.28443,1.15304,7.16991,-3490.91,0
2.92161,3499.83,-2.31233,1.10994,1.49441,-3481.52,0
2.92818,3499.79,-2.22678,1.01511,7.64935,-3486.17,0
2.9347,3499.73,-2.23952,1.01512,1.1823,-3500.31,0
2.94121,3499.58,-2.27632,0.971015,6.36563,-3543.48,0
2.94769,3499.4,-2.24047,0.885453,4.65229,-3595.82,0
2.95424,3499.27,-2.28526,0.86656,5.95483,-3633.53,0
2.96077,3499.27,-2.29475,0.783604,5.48356,-3622.68,0
2.96733,3499.11,-2.28147,0.814411,5.41643,-3670.83,0
2.97381,3499.05,-2.27028,0.689574,8.96759,-3682.43,0
2.98033,3498.92,-2.34441,0.658232,11.4219,-3717.45,0
2.98683,3498.81,-2.27892,0.571098,5.08902,-3745.93,0
2.99334,3498.8,-2.27204,0.662984,0.749224,-3740.53,0
2.99984,3498.68,-2.23087,0.534751,7.4511,-3774.78,0
3.00635,3498.64,-2.12202,0.588726,5.40757,-3778.9,0
3.01289,3498.72,-1.95604,0.581988,3.62379,-3745.28,0
3.01943,3498.76,-1.86372,0.522621,6.38717,-3721.99,0
3.02597,3498.78,-1.66526,0.426622,10.635,-3708.68,0
3.03251,3498.82,-1.57492,0.524245,5.23839,-3687.35,0
3.03902,3498.84,-1.47304,0.500399,6.20998,-3671.82,0
3.04554,3498.78,-1.42271,0.513132,6.28525,-3684.33,0
3.05199,3498.77,-1.33426,0.33238,7.00837,-3678.57,0
3.05853,3498.72,-1.2281,0.330221,6.81492,-3686.56,0
3.06504,3498.68,-1.08409,0.305028,7.8569,-3694.46,0
3.07153,3498.71,-0.915789,0.271097,2.77441,-3676.79,0
3.07801,3498.6,-0.778501,0.171718,5.37407,-3703.94,0
3.08453,3498.56,-0.526785,0.160359,4.7606,-3710.26,0
3.08777,3498.5,-0.384368,0.104411,8.17526,-3722.9,2
