0.0065344,3510.01,6.58931,-5.01423,0.975036,1003.75,0
0.013052,3509.97,6.62732,-4.99565,1.86275,-2349.86,0
0.0195636,3510.04,6.56455,-4.68845,1.30998,2144.07,0
0.0261126,3510.01,6.58562,-4.77779,1.34255,469.833,0
0.032608,3509.93,6.60834,-4.58633,4.54866,-2079.17,0
0.0391025,3509.84,6.6333,-4.65609,5.24361,-3969.49,0
0.045657,3509.9,6.6021,-4.67973,2.06653,-2279.43,0
0.0521727,3509.82,6.4814,-4.77508,4.59626,-3427.8,0
0.0586906,3509.8,6.51532,-4.96613,2.97642,-3365.15,0
0.065185,3509.66,6.58316,-5.00273,6.03977,-5142.83,0
0.0717029,3509.65,6.63164,-4.99247,4.39294,-4830.45,0
0.0781829,3509.62,6.69034,-4.98586,3.73491,-4918.19,0
0.0846886,3509.65,6.72218,-4.88159,1.95846,-4142.82,0
0.0912625,3509.55,6.66693,-4.84957,4.88099,-4876.05,0
0.097756,3509.54,6.59897,-4.81439,4.95061,-4704.68,0
0.104272,3509.48,6.6117,-4.85813,4.5923,-4995.27,0
0.110803,3509.46,6.50095,-4.79779,5.74947,-4896.1,0
0.117317,3509.51,6.57546,-4.78499,1.18752,-4147.67,0
0.123783,3509.48,6.62563,-4.48532,3.72879,-4235.46,0
0.130335,3509.48,6.76843,-4.48213,1.66877,-4003.03,0
0.13681,3509.54,6.56313,-4.43672,1.04871,-3348.75,0
0.143383,3509.5,6.56488,-4.22269,3.27812,-3454.99,0
0.149895,3509.4,6.61058,-4.3327,5.12141,-3977.22,0
0.156393,3509.43,6.73464,-4.24689,2.41126,-3642.8,0
0.162908,3509.42,6.74017,-4.19316,2.81771,-3559.72,0
0.169383,3509.38,6.84044,-4.16411,3.21443,-3680.05,0
0.175881,3509.41,6.84653,-3.91539,2.90044,-3375.69,0
0.18235,3509.47,6.85856,-3.72091,0.792296,-2890.54,0
0.188797,3509.37,6.8818,-3.68784,4.07869,-3351.94,0
0.195328,3509.36,7.03096,-3.77124,1.03497,-3270.03,0
0.201851,3509.33,7.04133,-3.9329,0.947745,-3336.79,0
0.20837,3509.32,6.91402,-3.81741,2.42014,-3273.76,0
0.214897,3509.25,7.08503,-3.77683,2.89061,-3467.63,0
0.221397,3509.25,6.91154,-3.86471,3.63047,-3367.94,0
0.227895,3509.27,6.71379,-4.0032,3.61392,-3192.39,0
0.234407,3509.3,6.72374,-4.09102,1.36836,-2992.65,0
0.24094,3509.21,7.04404,-4.06482,1.22953,-3273.79,0
0.247435,3509.15,6.86484,-4.33281,3.50182,-3420.03,0
0.253914,3509.25,6.65734,-4.16911,2.37895,-2958.85,0
0.26047,3509.21,6.65892,-4.32204,2.72439,-3047.77,0
0.26696,3509.16,6.57883,-4.22679,4.57856,-3143.09,0
0.273453,3509.1,6.52973,-4.25543,5.27209,-3287.71,0
0.279976,3509.15,6.36247,-4.23615,3.97927,-3024.23,0
0.286498,3509.22,6.43703,-4.20046,0.27197,-2737.52,0
0.292989,3509.04,6.52185,-4.33654,4.91177,-3263.5,0
0.299489,3509.14,6.17944,-4.47661,2.80478,-2873.33,0
0.306005,3509.18,6.08398,-4.46424,1.09384,-2676.67,0
0.312519,3509.12,6.20238,-4.71981,0.399038,-2824.59,0
0.319016,3509.11,6.22795,-4.65205,0.370248,-2776.88,0
0.325527,3509.01,6.20403,-4.60238,4.11129,-3034.08,0
0.332005,3509.12,5.99534,-4.50931,1.6552,-2640.86,0
0.338537,3509.1,5.9756,-4.73216,0.88247,-2653.97,0
0.344988,3509.03,5.95957,-4.53478,4.41873,-2797.44,0
0.351493,3509.04,5.86477,-4.48302,4.07464,-2728.23,0
0.358011,3509.11,5.99126,-4.38351,0.216769,-2474.06,0
0.364513,3509.04,6.03809,-4.35211,2.17147,-2624.39,0
0.371003,3509.05,5.87554,-4.42576,1.53802,-2548.15,0
0.377477,3508.98,5.85458,-4.26024,4.79516,-2689.11,0
0.383998,3508.91,6.1219,-4.30804,4.26454,-2826.01,0
0.3905,3508.91,6.23776,-4.4753,1.38242,-2788.86,0
0.39701,3508.87,6.21086,-4.59516,2.11901,-2844.18,0
0.403468,3508.84,6.28004,-4.59847,1.39398,-2882.01,0
0.409974,3508.91,6.22159,-4.3184,0.785524,-2666.17,0
0.416455,3508.84,6.20044,-4.14605,3.79768,-2776.75,0
0.422936,3508.83,6.19718,-4.04984,3.92159,-2763.29,0
0.429423,3508.79,6.32449,-3.97059,3.85445,-2816.95,0
0.435965,3508.75,6.45671,-4.10274,2.61418,-2856.39,0
0.442456,3508.64,6.57136,-4.02712,4.81562,-3069.86,0
0.448927,3508.59,6.53092,-3.96523,5.25154,-3146.1,0
0.45543,3508.63,6.50603,-3.92577,2.19966,-3005.83,0
0.461895,3508.65,6.44568,-3.80001,2.33709,-2920.22,0
0.468381,3508.65,6.31085,-3.77199,3.5622,-2884.2,0
0.474925,3508.64,6.25239,-3.96908,2.80624,-2868.31,0
0.481424,3508.71,6.10653,-3.89076,1.3155,-2680.72,0
0.487927,3508.63,6.14817,-3.9162,3.02794,-2801.99,0
0.494418,3508.61,6.16035,-3.81253,3.89668,-2812.49,0
0.50091,3508.62,6.20215,-3.80313,1.93656,-2762.3,0
0.507415,3508.58,6.15161,-3.80458,3.71503,-2803.67,0
0.513911,3508.57,6.13722,-3.72265,4.15919,-2774.08,0
0.520385,3508.57,6.28817,-3.76932,1.48429,-2745.6,0
0.526886,3508.58,6.30394,-3.81492,0.336703,-2702.91,0
0.533407,3508.54,6.2421,-3.73257,2.81427,-2738.52,0
0.539914,3508.48,6.21072,-3.82846,4.24713,-2818.06,0
0.546408,3508.45,6.31703,-3.87276,3.02333,-2828.79,0
0.55293,3508.42,6.37776,-3.76424,3.69742,-2852.43,0
0.559439,3508.43,6.33332,-3.7797,2.84064,-2799.69,0
0.565991,3508.44,6.44018,-3.60514,2.37405,-2764.93,0
0.572539,3508.48,6.23712,-3.67362,1.9911,-2663.42,0
0.579009,3508.47,6.13636,-3.80069,1.96264,-2636.79,0
0.585521,3508.45,6.13378,-3.9081,1.7882,-2652.67,0
0.592042,3508.36,6.07546,-3.8297,4.78259,-2776.26,0
0.598531,3508.36,6.19075,-3.66706,3.44083,-2732.47,0
0.605042,3508.29,6.21202,-3.74887,4.96675,-2822.27,0
0.611506,3508.32,6.13202,-3.91939,2.56106,-2750.9,0
0.617979,3508.33,6.00028,-3.92398,3.01023,-2704.45,0
0.624452,3508.35,5.92668,-4.15429,0.810439,-2644.64,0
0.631006,3508.11,6.03957,-4.17241,7.43618,-2990.64,0
0.637493,3508.06,6.09729,-4.1754,6.53639,-3048.3,0
0.643963,3508.02,6.10429,-4.17016,5.21996,-3082.39,0
0.650453,3508.05,6.06296,-4.17889,2.95318,-3000.28,0
0.656963,3508.03,6.30928,-4.17767,0.538454,-3001.93,0
0.663432,3507.96,6.26157,-4.19466,3.38054,-3070.75,0
0.669905,3507.93,6.29,-4.19402,3.21351,-3087.54,0
0.67643,3508.01,6.18388,-4.18549,0.365083,-2936.82,0
0.682915,3507.91,6.23065,-4.03119,4.88958,-3066.23,0
0.6894,3507.88,6.52245,-4.12851,1.27422,-3069.3,0
0.695941,3507.92,6.38507,-4.09018,1.18584,-2993.27,0
0.702445,3507.75,6.33915,-4.01009,7.89447,-3204.04,0
0.708939,3507.79,6.26714,-4.11418,2.83674,-3118.85,0
0.715423,3507.84,6.30589,-4.02893,0.288092,-3016.66,0
0.721932,3507.8,6.18817,-4.06674,2.98525,-3047.8,0
0.728417,3507.82,6.1313,-4.12339,2.14717,-2999.37,0
0.734934,3507.7,6.10598,-4.079,5.66036,-3130.15,0
0.741426,3507.68,6.35962,-4.19514,1.54368,-3123.64,0
0.747933,3507.74,6.06209,-4.06484,2.95663,-3017.67,0
0.754424,3507.76,5.99559,-4.05151,2.43597,-2966.14,0
0.760893,3507.74,6.0791,-3.99968,2.62929,-2975.38,0
0.767373,3507.68,6.06567,-4.11442,3.78275,-3019.59,0
0.773887,3507.66,6.25995,-4.11751,1.86337,-3026.59,0
0.780354,3507.62,6.38475,-4.06996,1.12495,-3046.61,0
0.78685,3507.63,6.18822,-3.88399,3.64186,-3015.75,0
0.793386,3507.6,6.29169,-4.02766,2.08561,-3025.14,0
0.79987,3507.65,6.18657,-3.85186,2.28893,-2941.31,0
0.806377,3507.54,6.1093,-3.81632,6.82098,-3056.5,0
0.812839,3507.54,6.11492,-3.92744,3.89883,-3022,0
0.819342,3507.59,5.92161,-3.88016,3.58554,-2938.5,0
0.825871,3507.59,5.84706,-3.87976,3.52518,-2922.39,0
0.832435,3507.59,5.8889,-3.81713,3.02149,-2896.99,0
0.838931,3507.5,5.82764,-3.8071,5.7007,-2978.63,0
0.845405,3507.47,5.83132,-3.79417,4.59737,-2996.66,0
0.851929,3507.5,5.8909,-3.82309,0.507625,-2931.78,0
0.858439,3507.46,5.76826,-3.9149,2.79545,-2963.82,0
0.864927,3507.45,5.61023,-3.8695,4.50625,-2951.74,0
0.87143,3507.47,5.53203,-3.79643,4.13937,-2901.71,0
0.877944,3507.55,5.29954,-3.72813,3.20095,-2792.01,0
0.88442,3507.64,5.07619,-3.55656,2.1758,-2668,0
0.890927,3507.63,5.24316,-3.40477,1.4862,-2658.97,0
0.897463,3507.59,5.14824,-3.36069,3.6905,-2680.6,0
0.903988,3507.67,5.06394,-3.32394,0.277937,-2574.88,0
0.910504,3507.6,5.03428,-3.50736,2.08656,-2631.11,0
0.917008,3507.55,5.19453,-3.50744,2.29623,-2667.21,0
0.923564,3507.46,5.16952,-3.43615,6.17862,-2746.9,0
0.929996,3507.49,5.1762,-3.51096,0.623527,-2694.38,0
0.936535,3507.37,5.28361,-3.36912,5.31813,-2804.98,0
0.943039,3507.31,5.33723,-3.41791,4.2604,-2847.5,0
0.949581,3507.3,5.38498,-3.25825,4.29099,-2841.45,0
0.956093,3507.29,5.45845,-3.32737,1.81114,-2834.6,0
0.962628,3507.26,5.41373,-3.22978,3.68345,-2842.39,0
0.969119,3507.27,5.26836,-3.32893,3.94178,-2819.68,0
0.97564,3507.25,5.23198,-3.38599,3.4646,-2819.43,0
0.982191,3507.22,5.09005,-3.31482,6.20788,-2834.46,0
0.98868,3507.29,4.88055,-3.40213,2.28492,-2740.22,0
0.995172,3507.22,5.03962,-3.46268,2.85339,-2791.49,0
1.00174,3507.23,4.97446,-3.34312,3.63942,-2767.06,0
1.00824,3507.18,4.94967,-3.43326,4.00837,-2792.36,0
1.01479,3507.08,4.95703,-3.54553,5.58116,-2877.58,0
1.02129,3507.05,5.03817,-3.58747,4.62967,-2887.01,0
1.02781,3507.03,5.00888,-3.57545,3.43033,-2888.03,0
1.03433,3507.11,5.05798,-3.4021,0.127806,-2798.26,0
1.04085,3507.1,5.07158,-3.34428,0.462991,-2790.68,0
1.04738,3507.06,5.07675,-3.16091,3.1244,-2806.5,0
1.05388,3507.05,4.99857,-3.20131,3.72186,-2797.16,0
1.0604,3507.02,5.00092,-3.42873,2.83053,-2809.91,0
1.06694,3506.91,5.05367,-3.54176,5.49887,-2893.58,0
1.07345,3506.93,5.06279,-3.59236,3.09544,-2861.67,0
1.07996,3506.85,5.07704,-3.67967,3.45594,-2915.42,0
1.08643,3506.86,4.88008,-3.78639,3.40317,-2885.8,0
1.09295,3506.85,4.71937,-3.86822,4.87394,-2886.02,0
1.09947,3506.84,4.83269,-3.78548,1.93301,-2874.51,0
1.10597,3506.71,4.8615,-3.86672,5.36525,-2976.12,0
1.1125,3506.7,4.8085,-3.84301,4.9554,-2969.9,0
1.11902,3506.64,4.93121,-3.85643,4.59002,-2999.8,0
1.1255,3506.62,4.96721,-3.82129,4.17422,-3001.04,0
1.13198,3506.59,4.98343,-3.74256,4.46094,-3014.97,0
1.13845,3506.57,4.91332,-3.74023,4.72571,-3009.91,0
1.14496,3506.62,4.83886,-3.6408,3.37025,-2954.63,0
1.15149,3506.66,4.68807,-3.59319,3.18353,-2898.75,0
1.15794,3506.52,4.71227,-3.61164,6.76229,-3001.11,0
1.16444,3506.58,4.67802,-3.66476,1.48192,-2934.59,0
1.17096,3506.46,4.62063,-3.56308,6.87568,-3018.91,0
1.17749,3506.41,4.60475,-3.48786,6.11923,-3051.96,0
1.184,3506.41,4.67506,-3.49178,2.75656,-3031.08,0
1.19053,3506.32,4.67861,-3.51153,5.08838,-3090.91,0
1.19704,3506.42,4.61292,-3.29932,1.45657,-2990.29,0
1.2035,3506.35,4.68024,-3.38214,2.73357,-3031.49,0
1.21003,3506.32,4.71442,-3.43839,2.1862,-3045.33,0
1.21657,3506.29,4.67697,-3.47801,2.69168,-3048.98,0
1.22305,3506.24,4.69256,-3.57949,3.24319,-3070.45,0
1.22954,3506.22,4.57609,-3.4774,5.33487,-3078.1,0
1.23607,3506.2,4.71015,-3.48139,3.25556,-3075.51,0
1.24255,3506.16,4.71976,-3.6442,2.70181,-3089.66,0
1.24907,3506.1,4.66907,-3.70658,5.4699,-3126.24,0
1.25559,3506.13,4.7461,-3.69278,1.1233,-3084.32,0
1.26214,3506.09,4.56242,-3.6551,3.84429,-3099.9,0
1.26865,3505.96,4.62699,-3.63496,7.41858,-3187.85,0
1.27517,3505.94,4.63903,-3.55893,5.79315,-3180.02,0
1.28167,3505.93,4.69551,-3.49539,3.66289,-3172.76,0
1.28814,3505.99,4.64129,-3.31734,2.61879,-3112.45,0
1.29466,3505.98,4.61621,-3.39658,1.83756,-3101.62,0
1.30117,3505.94,4.69563,-3.47681,1.69965,-3118.69,0
1.30769,3505.82,4.7256,-3.57021,5.42966,-3192.74,0
1.31421,3505.77,4.75354,-3.57196,4.8111,-3221.78,0
1.32074,3505.74,4.75062,-3.66478,4.56489,-3229.1,0
1.32722,3505.69,4.80632,-3.64102,4.62841,-3246.05,0
1.33373,3505.64,4.82722,-3.70701,4.8337,-3269,0
1.34024,3505.67,4.78616,-3.6616,2.27234,-3232.39,0
1.34677,3505.58,4.86515,-3.55756,5.62327,-3279.91,0
1.35329,3505.51,4.93925,-3.66674,4.15131,-3315.02,0
1.35975,3505.43,5.04736,-3.74733,4.9814,-3357.94,0
1.36624,3505.38,5.05715,-3.71818,5.33308,-3384.63,0
1.37277,3505.43,4.97218,-3.78857,1.80092,-3326.19,0
1.3793,3505.39,4.91486,-3.61246,6.01935,-3342.11,0
1.38584,3505.4,5.01184,-3.61222,1.85233,-3316.97,0
1.39236,3505.31,4.96861,-3.56541,6.99914,-3371.43,0
1.39886,3505.27,4.92609,-3.5376,6.84382,-3383.51,0
1.40542,3505.3,4.82432,-3.6451,1.75998,-3343.13,0
1.41191,3505.19,4.87019,-3.6886,5.8045,-3408.66,0
1.41842,3505.16,4.94227,-3.89335,2.76513,-3411.61,0
1.42493,3505.16,4.82708,-3.98374,2.73099,-3398.36,0
1.43146,3505.14,4.68862,-4.05906,4.43188,-3395.06,0
1.438,3505.15,4.73734,-4.01878,2.96043,-3372.18,0
1.44452,3505.19,4.75442,-3.84828,1.19696,-3332.91,0
1.45104,3505.05,4.97454,-3.88029,4.28961,-3412.74,0
1.45755,3504.99,5.00865,-3.92018,3.92687,-3437.19,0
1.46404,3504.95,5.03839,-3.87636,4.89446,-3446.12,0
1.47053,3505.01,4.89168,-3.83121,3.69536,-3390.7,0
1.47707,3504.9,5.13159,-3.93093,3.12643,-3452.64,0
1.48356,3504.85,5.28383,-4.04918,1.23907,-3473.95,0
1.49005,3504.79,5.31171,-4.14987,2.05523,-3497.58,0
1.49654,3504.7,5.44541,-4.05859,4.58918,-3543.16,0
1.503,3504.68,5.41804,-4.0268,4.80335,-3539.86,0
1.50948,3504.7,5.40026,-3.97012,2.23622,-3510.34,0
1.516,3504.71,5.29942,-4.13645,0.845059,-3490.49,0
1.52249,3504.63,5.20456,-4.14952,5.37816,-3529.37,0
1.52898,3504.62,5.18812,-4.26043,3.28445,-3519.75,0
1.53547,3504.55,5.17688,-4.26469,5.32715,-3549.67,0
1.54202,3504.53,5.28931,-4.34203,1.28501,-3548.42,0
1.54854,3504.42,5.26664,-4.34761,6.47195,-3604.01,0
1.55503,3504.47,5.24479,-4.38354,1.55698,-3555.73,0
1.56151,3504.35,5.38549,-4.40924,4.62855,-3616.98,0
1.568,3504.33,5.34168,-4.45818,4.72303,-3614.67,0
1.57445,3504.35,5.32367,-4.47187,1.97302,-3589.67,0
1.58093,3504.29,5.47101,-4.38146,3.37324,-3613.74,0
1.58747,3504.32,5.43264,-4.26732,3.01985,-3576.87,0
1.59396,3504.32,5.4377,-4.3348,1.62644,-3564.61,0
1.60047,3504.19,5.38376,-4.50594,5.03856,-3632.62,0
1.60696,3504.12,5.58196,-4.4109,5.16827,-3657.43,0
1.61345,3504.12,5.63005,-4.39292,3.80408,-3642.42,0
1.61997,3504.01,5.61376,-4.2962,7.38641,-3699.96,0
1.62649,3504.01,5.62173,-4.32659,2.88482,-3684.01,0
1.63301,3503.97,5.64146,-4.41638,2.68817,-3690.93,0
1.63953,3504.05,5.45275,-4.39521,1.84069,-3627.88,0
1.64601,3504.03,5.33082,-4.64543,0.918281,-3627.34,0
1.6525,3504.06,5.19087,-4.67155,0.616199,-3593.47,0
1.65903,3504.03,5.27798,-4.65327,0.435556,-3597.7,0
1.66552,3504.07,5.17837,-4.57848,1.019,-3561.89,0
1.67205,3503.97,5.32032,-4.44042,3.74213,-3607,0
1.67852,3503.89,5.38711,-4.36531,6.25931,-3639.2,0
1.68498,3503.95,5.39567,-4.33335,2.05977,-3589.64,0
1.69148,3503.97,5.4731,-4.15824,1.84605,-3565.26,0
1.69803,3503.91,5.6074,-4.09353,1.88675,-3584.14,0
1.70452,3503.83,5.64355,-4.14922,3.56395,-3616.98,0
1.71104,3503.8,5.61012,-4.11813,3.70982,-3621.25,0
1.71755,3503.84,5.61075,-3.97705,3.15601,-3584.5,0
1.72411,3503.76,5.64849,-3.89756,6.57048,-3621.44,0
1.73061,3503.78,5.82576,-3.6473,4.16164,-3594.6,0
1.73715,3503.81,5.83078,-3.50835,3.21422,-3560.86,0
1.74371,3503.85,5.62191,-3.47069,5.17588,-3525.06,0
1.75023,3503.85,5.6167,-3.5917,2.67248,-3514.31,0
1.75671,3503.88,5.51591,-3.59906,1.6244,-3481.35,0
1.76319,3503.84,5.38643,-3.54671,6.14811,-3495.66,0
1.76965,3503.9,5.41138,-3.35104,3.91012,-3447.07,0
1.77618,3503.82,5.47468,-3.36183,5.50757,-3476.83,0
1.78269,3503.84,5.41348,-3.33712,4.45783,-3456.98,0
1.7892,3503.82,5.60114,-3.27662,1.13927,-3454.54,0
1.79571,3503.79,5.60683,-3.12884,4.44368,-3460.9,0
1.80221,3503.76,5.64004,-3.0552,4.95744,-3463.6,0
1.80871,3503.79,5.68062,-3.04454,1.34531,-3436.03,0
1.8152,3503.77,5.68984,-3.07276,1.16516,-3430.95,0
1.82168,3503.81,5.40522,-3.19466,3.77888,-3400.14,0
1.82815,3503.79,5.40036,-3.06657,4.46472,-3394.28,0
1.83467,3503.75,5.36863,-3.14911,4.62709,-3407.82,0
1.84117,3503.71,5.27203,-3.15486,6.40626,-3416.38,0
1.8477,3503.68,5.21412,-3.15659,7.87265,-3422.41,0
1.85417,3503.63,5.15764,-3.15135,6.40683,-3433.07,0
1.86068,3503.57,5.26879,-3.09787,6.1309,-3455.81,0
1.86721,3503.55,5.23695,-3.11662,6.37881,-3455.89,0
1.87378,3503.59,5.1551,-3.2553,2.02752,-3418.72,0
1.88028,3503.53,5.31301,-3.09528,3.67082,-3438.72,0
1.8868,3503.63,5.17297,-3.07779,0.892426,-3378.28,0
1.89332,3503.55,5.18682,-3.15219,3.69698,-3409.25,0
1.89987,3503.43,5.40649,-3.17713,3.868,-3455.89,0
1.90638,3503.43,5.40449,-3.16587,3.32841,-3448.05,0
1.91288,3503.38,5.43548,-3.19936,4.0226,-3459.27,0
1.91942,3503.32,5.37124,-3.38829,5.31671,-3477.97,0
1.92591,3503.37,5.32035,-3.38655,3.15999,-3444.88,0
1.9324,3503.34,5.3702,-3.31672,3.61054,-3447.59,0
1.93892,3503.26,5.37226,-3.37745,5.93339,-3473.82,0
1.94542,3503.23,5.42196,-3.37096,3.6867,-3478.5,0
1.9519,3503.24,5.37094,-3.35803,4.26015,-3463.37,0
1.95841,3503.28,5.1379,-3.55864,3.02365,-3432.62,0
1.96495,3503.31,4.96446,-3.5517,4.66228,-3402.94,0
1.9715,3503.27,5.14005,-3.35481,5.17242,-3415.02,0
1.97803,3503.22,5.06071,-3.37307,5.83066,-3426.79,0
1.98457,3503.21,5.1287,-3.32806,4.6483,-3423.48,0
1.99105,3503.19,5.04459,-3.32381,5.34597,-3420.57,0
1.99758,3503.14,5.11434,-3.31668,4.88099,-3434.14,0
2.00412,3503.12,5.08584,-3.44232,2.9357,-3431.49,0
2.01066,3503.16,4.94313,-3.41736,3.19339,-3399.53,0
2.01715,3503.15,4.89732,-3.41944,4.14986,-3396.79,0
2.02367,3503.1,4.74403,-3.54904,6.77861,-3409.52,0
2.03018,3503.1,4.68861,-3.52266,5.46298,-3397.53,0
2.03668,3503.01,4.68408,-3.47725,8.2256,-3432.36,0
2.04324,3503.04,4.74342,-3.34888,3.01512,-3407,0
2.04975,3502.92,4.79518,-3.32464,8.53543,-3453.39,0
2.05624,3502.97,4.68033,-3.23735,7.91057,-3420.1,0
2.06273,3502.86,4.64115,-3.12988,8.74814,-3459.32,0
2.06923,3502.85,4.54443,-3.14668,6.76243,-3454.3,0
2.07575,3502.84,4.62013,-3.18486,0.833664,-3447.23,0
2.08225,3502.77,4.55582,-3.20412,5.29775,-3471.25,0
2.08875,3502.75,4.5548,-3.24887,4.40036,-3471.11,0
2.09525,3502.68,4.67664,-3.21617,2.63251,-3491.53,0
2.10173,3502.65,4.76369,-3.04998,2.88988,-3496.42,0
2.10822,3502.62,4.65238,-3.29219,3.29051,-3501.87,0
2.11474,3502.62,4.49699,-3.46618,3.00263,-3488.22,0
2.12122,3502.6,4.38173,-3.56695,4.83886,-3490.83,0
2.12772,3502.53,4.3989,-3.57698,5.20846,-3508.93,0
2.13421,3502.56,4.33565,-3.5919,2.1641,-3487.53,0
2.14069,3502.61,4.30965,-3.48526,0.718013,-3451.6,0
2.14716,3502.66,4.206,-3.43811,0.173645,-3420.06,0
2.15363,3502.57,4.27012,-3.4303,3.24635,-3448.85,0
2.16016,3502.51,4.40843,-3.27988,5.46539,-3467.8,0
2.1666,3502.5,4.45164,-3.2248,4.36593,-3463.69,0
2.17313,3502.42,4.42524,-3.34951,2.08557,-3486.51,0
2.17965,3502.45,4.42513,-3.24705,2.02716,-3463.52,0
2.18618,3502.35,4.41278,-3.29723,7.06266,-3499.4,0
2.19269,3502.37,4.49479,-3.24379,3.01328,-3480.52,0
2.19916,3502.38,4.49517,-3.21305,2.29088,-3465.99,0
2.20569,3502.4,4.40782,-3.16505,3.0691,-3446.56,0
2.21225,3502.28,4.48385,-3.2008,5.61862,-3490.05,0
2.2187,3502.28,4.47281,-3.30146,2.0781,-3477.39,0
2.22521,3502.32,4.43256,-3.16525,3.64932,-3452.4,0
2.23171,3502.29,4.37444,-3.3085,3.03656,-3453.09,0
2.2382,3502.24,4.30233,-3.45499,4.19919,-3467.54,0
2.24474,3502.17,4.25487,-3.40112,8.59518,-3487.03,0
2.25122,3502.11,4.19247,-3.37626,8.00316,-3505.31,0
2.25771,3502.11,4.14688,-3.38094,4.85508,-3495.4,0
2.26421,3502.09,4.09628,-3.36287,6.32025,-3494.71,0
2.2707,3502.09,4.15015,-3.29096,4.03683,-3484.22,0
2.27721,3502.02,4.19676,-3.43602,1.65639,-3504.85,0
2.28369,3501.95,4.20752,-3.44617,4.51879,-3525.58,0
2.29017,3501.97,4.22039,-3.35552,3.74375,-3507.99,0
2.29667,3501.9,4.14322,-3.45042,7.33674,-3526.26,0
2.30321,3501.83,4.26316,-3.53745,2.57463,-3547.12,0
2.30971,3501.82,4.32041,-3.38769,4.68174,-3543.63,0
2.3162,3501.7,4.41561,-3.46336,5.70201,-3584.73,0
2.3227,3501.7,4.36526,-3.61244,1.92682,-3572.83,0
2.32923,3501.72,4.22107,-3.61574,4.26577,-3555.39,0
2.33574,3501.78,4.00605,-3.61705,6.15851,-3520.43,0
2.34224,3501.8,4.03046,-3.62177,1.06902,-3502.48,0
2.34875,3501.78,4.06571,-3.58214,1.79484,-3500.91,0
2.35524,3501.65,4.04611,-3.63745,7.27591,-3546.35,0
2.36173,3501.64,4.04244,-3.72359,3.49476,-3539.14,0
2.36826,3501.53,4.22918,-3.76137,3.44837,-3575.26,0
2.37477,3501.53,4.26243,-3.70906,3.31102,-3568.42,0
2.38127,3501.54,4.15415,-3.74983,2.45475,-3553.7,0
2.38775,3501.48,4.08548,-3.82404,5.44266,-3566.66,0
2.39422,3501.47,4.01308,-3.93678,3.1503,-3564.68,0
2.40073,3501.36,4.23102,-3.93571,2.621,-3599.38,0
2.4072,3501.25,4.22509,-3.99081,6.4487,-3636.34,0
2.41373,3501.24,4.29439,-4.01807,0.97989,-3629.2,0
2.42019,3501.14,4.36574,-4.12546,1.92818,-3662.56,0
2.4267,3501.14,4.30892,-4.16506,0.959467,-3649.11,0
2.43325,3501.15,4.15701,-4.13149,4.69184,-3636.95,0
2.43974,3501.2,3.9257,-4.15041,6.56201,-3608.62,0
2.44622,3501.14,3.90154,-4.07346,7.09559,-3622.31,0
2.45274,3501.23,3.93517,-3.90256,3.25682,-3577.47,0
2.45925,3501.2,3.93307,-3.83646,6.03291,-3580.07,0
2.46572,3501.32,3.78968,-3.77726,1.2748,-3519.01,0
2.47221,3501.42,3.68112,-3.62305,2.16219,-3471.42,0
2.47872,3501.42,3.57041,-3.62418,4.54687,-3462.11,0
2.48526,3501.43,3.45821,-3.65702,3.89881,-3446.69,0
2.49175,3501.36,3.57559,-3.64167,4.91541,-3466.25,0
2.49829,3501.37,3.57063,-3.65986,2.21253,-3452.58,0
2.50481,3501.37,3.64236,-3.52238,4.04667,-3443.95,0
2.51133,3501.28,3.81257,-3.51143,4.18131,-3472.35,0
2.51784,3501.33,3.6622,-3.55513,2.96311,-3445.34,0
2.52434,3501.26,3.56291,-3.46247,9.06235,-3460.39,0
2.53081,3501.18,3.5591,-3.48574,7.01073,-3485.78,0
2.53732,3501.13,3.61713,-3.48955,4.18411,-3496.83,0
2.54384,3501.06,3.54902,-3.41546,7.7249,-3515.22,0
2.55037,3501.03,3.64038,-3.40396,3.87679,-3519.01,0
2.55686,3501.07,3.70764,-3.23572,2.47544,-3490.64,0
2.56338,3501.04,3.70555,-3.14992,6.76046,-3493.67,0
2.56994,3501.03,3.67425,-3.13212,6.29812,-3490.6,0
2.57647,3501.02,3.60349,-3.19963,5.40241,-3483.71,0
2.58299,3501.02,3.61991,-3.12186,4.18974,-3475.05,0
2.58948,3500.94,3.62754,-3.28881,2.91179,-3498.49,0
2.59602,3500.94,3.57777,-3.25267,4.63286,-3488.43,0
2.60254,3500.91,3.62836,-3.17975,7.31666,-3494.29,0
2.60905,3500.86,3.65519,-3.1759,6.36934,-3501.29,0
2.61557,3500.89,3.58212,-3.25586,1.77572,-3481.95,0
2.62206,3500.84,3.44644,-3.35783,5.34139,-3494.17,0
2.62857,3500.86,3.38785,-3.34048,4.00169,-3478.19,0
2.63509,3500.84,3.29903,-3.22099,11.427,-3475.2,0
2.64159,3500.86,3.31853,-3.20038,4.18292,-3460.35,0
2.64812,3500.9,3.26644,-3.12095,4.50404,-3435.97,0
2.65466,3500.86,3.28395,-3.0653,5.83067,-3441.93,0
2.66117,3500.96,3.28007,-2.93051,1.21012,-3397.63,0
2.66764,3500.85,3.28132,-2.96555,6.72385,-3431.58,0
2.67416,3500.81,3.37066,-2.93957,2.25277,-3436.59,0
2.68071,3500.76,3.3565,-2.865,7.64845,-3447.82,0
2.68723,3500.77,3.33553,-2.90934,3.57954,-3436.11,0
2.69373,3500.76,3.28435,-2.95719,2.71472,-3431.85,0
2.70031,3500.66,3.46546,-2.97022,1.80864,-3459.23,0
2.70682,3500.61,3.45877,-2.99353,3.71968,-3470.34,0
2.71335,3500.7,3.31305,-2.99547,1.36534,-3428.7,0
2.71981,3500.69,3.21009,-2.80636,10.3658,-3422.73,0
2.72633,3500.65,3.12016,-2.7619,4.72017,-3429.03,0
2.73284,3500.66,3.0817,-2.75319,3.86193,-3416.19,0
2.73937,3500.65,2.93711,-2.77714,8.11884,-3413.91,0
2.74584,3500.58,2.82244,-2.79672,10.2927,-3432.42,0
2.75236,3500.54,2.82388,-2.91335,1.61164,-3436.23,0
2.75886,3500.48,2.80198,-2.90637,7.46574,-3451.93,0
2.76538,3500.49,2.62337,-2.86488,11.5527,-3440.71,0
2.77189,3500.54,2.63888,-2.81351,3.29931,-3413.78,0
2.77844,3500.52,2.56841,-2.81803,5.54626,-3413.51,0
2.78495,3500.5,2.77054,-2.70525,2.16823,-3411.84,0
2.79144,3500.47,2.67253,-2.74902,4.94564,-3414.25,0
2.79795,3500.43,2.61865,-2.71048,1.22477,-3420.68,0
2.80447,3500.37,2.59165,-2.74711,5.50586,-3434.24,0
2.81093,3500.26,2.51248,-2.78453,3.3442,-3464.21,0
2.81745,3500.28,2.50223,-2.59066,10.1267,-3450.04,0
2.82395,3500.21,2.43557,-2.67077,3.30398,-3466.31,0
2.83048,3500.11,2.36868,-2.861,4.6464,-3495.14,0
2.83697,3500,2.3026,-2.86577,2.9707,-3523.82,0
2.84347,3499.98,2.13632,-2.93906,5.58367,-3525.6,0
2.84998,3500.08,2.18254,-2.79097,0.232334,-3479.72,0
2.8565,3500.04,2.21394,-2.79409,2.1782,-3488.44,0
2.86303,3499.99,2.1407,-2.84641,5.40714,-3496.65,0
2.86952,3500.1,2.14376,-2.66214,4.97033,-3450.09,0
2.87601,3500.11,2.13117,-2.60315,6.26607,-3437.78,0
2.8825,3500.17,2.09231,-2.5144,6.07071,-3409.93,0
2.88901,3500.1,2.07972,-2.63033,4.6107,-3425.32,0
2.89552,3500.12,2.10737,-2.55914,2.14547,-3410.91,0
2.90202,3500.08,2.23392,-2.33051,2.00057,-3419.68,0
2.90852,3500.08,2.1056,-2.36018,7.08053,-3411.05,0
2.91501,3499.9,2.11654,-2.50476,2.85607,-3464.53,0
2.92152,3499.83,2.04608,-2.49023,2.9966,-3480.06,0
2.9281,3499.78,2.07613,-2.48534,6.16016,-3490.44,0
2.93461,3499.79,2.01313,-2.48175,6.43317,-3478.38,0
2.94112,3499.84,2.01386,-2.41563,2.98039,-3453.33,0
2.94761,3499.84,2.00349,-2.31774,10.0979,-3447.86,0
2.95413,3499.7,1.88178,-2.3658,4.73851,-3485,0
2.96065,3499.7,1.9124,-2.24981,8.62114,-3477.47,0
2.96718,3499.68,1.94986,-2.23453,6.72168,-3479.61,0
2.97368,3499.69,1.93559,-2.17549,7.47725,-3465.88,0
2.9802,3499.54,1.95011,-2.22508,8.53973,-3510.42,0
2.98671,3499.43,2.07065,-2.29531,4.78239,-3540.14,0
2.99321,3499.39,2.12482,-2.24255,4.77616,-3544.92,0
2.99967,3499.32,2.12656,-2.26092,8.26748,-3559.66,0
3.00618,3499.35,2.09866,-2.07709,9.74108,-3543.22,0
3.01271,3499.28,2.06759,-2.02137,10.0352,-3558.02,0
3.01919,3499.15,2.12685,-1.90814,2.93438,-3594,0
3.02575,3499.08,2.12429,-1.91754,6.50661,-3607.63,0
3.03224,3499.06,2.09501,-1.81783,6.98499,-3609.39,0
3.03875,3499.14,2.15316,-1.67383,0.337061,-3573.4,0
3.04526,3499.18,2.01844,-1.61698,3.30314,-3551.57,0
3.05172,3499.14,1.88767,-1.6884,5.37475,-3559.76,0
3.05825,3498.98,1.97358,-1.66901,4.23029,-3602.65,0
3.06476,3498.98,1.90383,-1.64861,2.52832,-3597.12,0
3.07131,3498.9,1.87841,-1.62514,5.33131,-3613.73,0
3.07781,3498.89,1.77614,-1.48474,10.5133,-3608.27,0
3.08429,3498.93,1.69517,-1.3582,6.69038,-3587.84,0
3.09078,3498.85,1.64251,-1.25667,5.87591,-3608.87,0
3.09728,3498.76,1.64183,-1.23262,7.33121,-3627.45,0
3.10376,3498.73,1.54807,-1.13593,8.45999,-3631.86,0
3.11026,3498.62,1.47408,-1.25687,8.12295,-3659.21,0
3.1168,3498.48,1.41291,-1.19845,3.65272,-3694.71,0
3.12332,3498.46,1.32525,-1.15116,7.88974,-3694.1,0
3.12982,3498.48,1.37334,-1.03464,11.1918,-3679.54,0
3.13629,3498.46,1.30429,-1.11441,2.27369,-3678.99,0
3.14281,3498.4,1.19346,-1.00247,3.71004,-3690.12,0
3.14933,3498.4,1.05257,-0.884506,8.43075,-3683.17,0
3.15583,3498.44,0.867067,-0.86175,5.76191,-3664.5,0
3.16233,3498.51,0.707388,-0.746646,11.5128,-3634.73,0
3.1689,3498.37,0.568231,-0.693778,10.0139,-3668.97,0
3.17539,3498.35,0.529999,-0.560335,3.32163,-3668.74,0
3.18187,3498.39,0.366047,-0.309949,1.49811,-3649.22,0
3.18272,3498.4,0.32639,-0.264767,1.69749,-3645.88,0
