0.0065105,3509.93,2.85919,-0.746232,3.83507,-10268.2,0
0.0130082,3509.93,2.80537,-0.532193,4.04635,-5599.65,0
0.0195069,3509.85,2.80262,-0.557601,4.74777,-7491.18,0
0.0260355,3509.71,2.80009,-0.582348,7.74882,-11156.4,0
0.0325493,3509.66,2.75575,-0.643964,5.43487,-10346.5,0
0.0390479,3509.59,2.7793,-0.700836,5.62199,-10509.1,0
0.0455236,3509.69,2.53088,-0.802052,0.855571,-6712.9,0
0.0520706,3509.66,2.75672,-0.830453,0.810422,-6505.24,0
0.0585746,3509.47,2.76354,-0.847766,6.90715,-8997.61,0
0.0650372,3509.39,2.75573,-0.976862,6.22149,-9380.75,0
0.0715658,3509.41,2.56735,-1.09117,4.10547,-8226.16,0
0.0780837,3509.3,2.58685,-1.03551,6.39606,-8991.77,0
0.084618,3509.28,2.57531,-1.0098,4.59073,-8541.23,0
0.0911542,3509.24,2.64866,-0.950465,3.78864,-8346.7,0
0.0976603,3509.25,2.69701,-0.940953,2.06722,-7647.1,0
0.10414,3509.3,2.65263,-0.717532,0.209984,-6759.05,0
0.110663,3509.19,2.79154,-0.812126,3.88068,-7323.6,0
0.117146,3509.15,2.89435,-0.769455,4.00777,-7217.67,0
0.123657,3509.18,2.77965,-0.892707,1.57126,-6593.4,0
0.130167,3509.17,2.59751,-0.886783,2.68871,-6347.04,0
0.136639,3509.16,2.57169,-0.77485,3.12161,-6117.22,0
0.143176,3509.19,2.53109,-0.588048,0.6195,-5622.88,0
0.149675,3509.1,2.38947,-0.59199,5.41875,-6040.76,0
0.156184,3509.09,2.47773,-0.775436,4.20903,-5844.41,0
0.162642,3509.04,2.31032,-0.73183,6.3098,-5890.19,0
0.169152,3509.01,2.28794,-0.775146,5.73907,-5866.96,0
0.175636,3509.04,2.3103,-0.662201,3.20269,-5459.97,0
0.182141,3509.02,2.33828,-0.65502,3.1128,-5358.72,0
0.188681,3508.97,2.53391,-0.571274,4.08405,-5480.74,0
0.195141,3509.01,2.47289,-0.62519,1.84537,-5093.64,0
0.20166,3509,2.40546,-0.575523,2.23965,-4964.08,0
0.208174,3508.91,2.14784,-0.685752,5.96403,-5219.94,0
0.214678,3509,2.18577,-0.703314,0.915914,-4671.05,0
0.221186,3508.87,2.19309,-0.638858,5.02058,-5099.94,0
0.227646,3508.87,2.11961,-0.577557,3.92303,-4950.73,0
0.234188,3508.78,2.06,-0.560684,7.33254,-5213.62,0
0.240675,3508.84,2.0583,-0.505326,3.00779,-4831.04,0
0.247139,3508.76,2.09727,-0.498002,5.10466,-5015.6,0
0.253665,3508.75,1.94536,-0.488619,5.07064,-4911.4,0
0.260206,3508.76,1.95572,-0.325469,3.99775,-4766.35,0
0.266685,3508.8,1.92281,-0.334282,1.8437,-4517.26,0
0.273175,3508.68,2.00405,-0.416755,5.37239,-4830.08,0
0.279706,3508.68,1.98547,-0.330862,4.70925,-4717.89,0
0.286184,3508.64,1.92438,-0.413524,4.81862,-4765.82,0
0.292712,3508.61,1.91066,-0.392179,4.75996,-4752.7,0
0.299209,3508.55,1.89604,-0.346491,5.84482,-4860.93,0
0.30572,3508.51,1.8909,-0.273472,5.24548,-4879.43,0
0.312215,3508.53,1.84184,-0.250114,2.66327,-4719.65,0
0.318731,3508.53,1.85859,-0.162849,1.67365,-4599.6,0
0.32524,3508.5,1.84368,-0.145224,2.55288,-4600.3,0
0.331743,3508.48,1.75454,-0.12538,3.76116,-4580,0
0.338263,3508.41,1.82887,-0.275722,5.68087,-4691.74,0
0.34481,3508.37,1.81583,-0.243257,5.36112,-4724.52,0
0.351309,3508.32,1.84155,-0.245414,5.8066,-4795.29,0
0.357865,3508.32,1.6768,-0.0525506,5.12612,-4688.98,0
0.36436,3508.33,1.61658,0.0200666,4.13734,-4590.55,0
0.37091,3508.34,1.76583,-0.0546374,1.85428,-4467.74,0
0.377417,3508.32,1.64719,-0.0109874,2.59251,-4454.72,0
0.383915,3508.29,1.53931,0.154713,4.08382,-4449.56,0
0.390426,3508.33,1.41329,0.276731,1.92611,-4279.8,0
0.397,3508.19,1.4119,0.248732,7.17328,-4551.36,0
0.403491,3508.22,1.41362,0.295257,1.65064,-4417.81,0
0.409989,3508.18,1.30695,0.322396,3.10731,-4435.61,0
0.416554,3508.13,1.31165,0.376588,4.55808,-4494.08,0
0.423033,3508.15,1.18603,0.424458,2.72108,-4374.22,0
0.429539,3508.08,1.2905,0.303256,5.28039,-4480.99,0
0.436048,3508.11,1.30239,0.470757,2.18542,-4340.67,0
0.442558,3508.08,1.45545,0.459364,2.76657,-4336.81,0
0.449043,3507.99,1.43889,0.477383,6.30159,-4479.97,0
0.455573,3507.96,1.46779,0.492991,4.997,-4481.22,0
0.4621,3507.9,1.52153,0.460212,5.4343,-4550.16,0
0.468593,3507.94,1.47681,0.388732,1.96159,-4392.49,0
0.475109,3507.94,1.55381,0.38651,0.7725,-4335.93,0
0.481627,3507.81,1.48483,0.4043,6.305,-4552.23,0
0.48813,3507.83,1.46946,0.392353,4.37186,-4449.99,0
0.494633,3507.77,1.5015,0.455603,5.21762,-4499.22,0
0.501134,3507.69,1.48377,0.411528,6.65783,-4608.66,0
0.50766,3507.6,1.48742,0.392765,6.7104,-4726.35,0
0.514157,3507.64,1.5174,0.505629,2.61242,-4599.47,0
0.520635,3507.62,1.58416,0.413414,2.9578,-4574.19,0
0.527134,3507.53,1.6084,0.477797,5.68561,-4678.6,0
0.533633,3507.5,1.62504,0.564481,5.68145,-4682.02,0
0.540154,3507.52,1.59837,0.391436,4.02791,-4600.48,0
0.54667,3507.52,1.81639,0.21413,1.84683,-4533.4,0
0.553167,3507.45,1.71556,0.258309,4.18745,-4603.16,0
0.559644,3507.46,1.81515,0.247896,2.73288,-4542.2,0
0.566132,3507.48,1.63079,0.334555,1.47401,-4456.37,0
0.572627,3507.46,1.66997,0.380426,0.71667,-4436.75,0
0.579192,3507.43,1.58296,0.205914,2.38895,-4428.7,0
0.58574,3507.35,1.51285,0.189259,5.39538,-4516.66,0
0.592232,3507.37,1.29249,0.15702,4.1578,-4433.38,0
0.598713,3507.31,1.42162,0.282026,5.58576,-4500.6,0
0.605238,3507.3,1.27433,0.372853,4.45559,-4453.38,0
0.611734,3507.31,1.28217,0.35249,1.91405,-4393.51,0
0.618273,3507.31,1.24879,-0.0134813,1.89802,-4347.55,0
0.624791,3507.3,1.38809,-0.0344356,1.25626,-4326.41,0
0.631304,3507.24,1.25185,0.0182721,4.55127,-4371.35,0
0.637813,3507.26,1.21884,-0.219107,2.84199,-4296.95,0
0.644311,3507.26,1.32871,-0.257777,1.37786,-4245.29,0
0.650844,3507.25,1.28644,-0.413586,1.55474,-4220.22,0
0.657379,3507.2,1.37283,-0.412215,3.91888,-4264.12,0
0.663907,3507.17,1.44526,-0.491346,3.84833,-4261.61,0
0.67038,3507.07,1.29375,-0.584188,7.58979,-4367,0
0.676858,3507.03,1.33965,-0.606707,6.24807,-4381.67,0
0.683376,3507.1,1.36355,-0.650746,0.509224,-4249.59,0
0.689891,3507.07,1.30067,-0.684525,1.36536,-4241.74,0
0.696465,3506.97,1.38648,-0.631261,5.43971,-4344,0
0.702952,3506.92,1.41109,-0.574696,6.0151,-4377,0
0.709438,3506.92,1.31524,-0.676156,5.50804,-4346.2,0
0.715938,3506.87,1.37688,-0.672083,4.45536,-4377.54,0
0.722466,3506.87,1.47739,-0.643656,2.14402,-4325.92,0
0.728982,3506.88,1.4888,-0.58807,0.941553,-4276.14,0
0.735522,3506.83,1.80993,-0.711981,1.46603,-4310.4,0
0.74207,3506.79,1.55432,-0.692367,4.90706,-4327.39,0
0.748589,3506.81,1.36124,-0.716114,3.99047,-4263.67,0
0.755109,3506.79,1.39307,-0.687166,3.96717,-4250.31,0
0.761623,3506.77,1.46377,-0.841473,3.93562,-4245.88,0
0.768139,3506.75,1.48424,-0.785666,4.3674,-4232.77,0
0.774683,3506.7,1.43914,-0.830471,5.81252,-4254.76,0
0.781162,3506.76,1.37255,-0.672723,2.03234,-4142.96,0
0.787691,3506.75,1.41628,-0.778229,1.78008,-4130.35,0
0.79416,3506.71,1.41818,-0.758279,2.79621,-4148.63,0
0.800693,3506.67,1.26439,-0.911644,3.20954,-4153.86,0
0.807188,3506.66,1.14352,-1.02289,2.76939,-4143.26,0
0.813701,3506.59,1.07381,-1.13681,5.20971,-4191.65,0
0.820219,3506.63,1.04478,-1.05935,1.85392,-4114.39,0
0.826747,3506.52,1.00854,-1.04032,6.19163,-4212.43,0
0.833251,3506.49,0.975642,-1.10753,5.80835,-4218.03,0
0.839822,3506.5,1.08387,-1.10557,3.1186,-4172.63,0
0.846339,3506.47,1.01699,-1.12937,3.71713,-4165.15,0
0.852838,3506.49,0.8343,-1.02982,3.21556,-4119.9,0
0.859312,3506.46,0.860067,-0.975535,3.8942,-4115.28,0
0.86581,3506.44,0.808517,-0.992581,5.10194,-4114.26,0
0.872313,3506.42,0.827573,-0.91892,3.48298,-4108.72,0
0.878842,3506.36,0.761706,-0.943813,4.69415,-4140.11,0
0.885358,3506.27,0.899034,-0.94379,8.24608,-4215.66,0
0.891887,3506.17,0.829333,-0.886989,9.23283,-4294.1,0
0.898385,3506.19,0.777007,-0.94995,5.18358,-4236.25,0
0.904879,3506.2,0.749239,-1.02624,2.40808,-4201.27,0
0.911363,3506.11,0.806957,-0.950534,5.33156,-4264.52,0
0.917858,3506.16,0.56791,-0.73271,3.39185,-4187.5,0
0.924338,3506.08,0.714939,-0.815777,5.99903,-4242.42,0
0.930821,3506.11,0.692707,-0.839906,2.33864,-4174.56,0
0.93734,3506.01,0.672816,-1.10042,7.48946,-4256.01,0
0.943854,3506,0.559367,-1.14827,4.11288,-4241.69,0
0.950362,3506,0.5504,-1.08246,2.40444,-4212.55,0
0.956924,3505.91,0.603108,-0.987163,6.88733,-4268.99,0
0.963434,3505.92,0.604115,-1.01732,4.78963,-4235.55,0
0.969954,3505.92,0.803931,-0.970784,3.36168,-4201.86,0
0.976486,3505.87,0.870052,-0.918546,5.51355,-4224.38,0
0.983035,3505.81,0.899822,-0.942714,5.58905,-4261.31,0
0.989511,3505.84,0.952217,-0.886792,1.84602,-4207.37,0
0.996061,3505.83,0.714905,-0.84997,3.26998,-4190.09,0
1.00257,3505.76,0.808274,-0.776174,4.82957,-4226.32,0
1.00911,3505.79,0.691677,-0.72484,2.91809,-4173.4,0
1.01562,3505.76,0.627066,-0.951127,3.98894,-4178.08,0
1.02208,3505.75,0.69929,-1.19837,1.58816,-4161.16,0
1.02863,3505.67,0.765282,-1.235,5.32771,-4206.96,0
1.03512,3505.6,0.630453,-1.15253,6.62887,-4252.84,0
1.04165,3505.58,0.649564,-1.23169,4.75271,-4239.16,0
1.04815,3505.63,0.705119,-1.19048,1.17126,-4173.48,0
1.05467,3505.55,0.721223,-1.19686,4.34672,-4223.17,0
1.06117,3505.57,0.474561,-1.29476,1.7524,-4172.15,0
1.06764,3505.53,0.386905,-1.35767,3.45106,-4183.72,0
1.07413,3505.47,0.384258,-1.27076,6.34969,-4217.07,0
1.08068,3505.4,0.41972,-1.18841,7.72364,-4257.69,0
1.08718,3505.37,0.403259,-1.17919,5.84512,-4256.71,0
1.09365,3505.37,0.343574,-1.26199,4.04419,-4234.66,0
1.10015,3505.27,0.421123,-1.25705,5.50273,-4297.01,0
1.10665,3505.23,0.550717,-1.22928,7.45354,-4313.88,0
1.1132,3505.22,0.590613,-1.21142,5.18418,-4293.25,0
1.1197,3505.24,0.70934,-1.15042,2.63102,-4250.97,0
1.12624,3505.19,0.850354,-1.03749,5.49379,-4272.92,0
1.1328,3505.21,0.807601,-1.04503,2.7754,-4228.9,0
1.13928,3505.23,0.720271,-1.04494,0.269302,-4183.07,0
1.1458,3505.12,0.747937,-0.948532,8.02142,-4259.69,0
1.15228,3505.06,0.708199,-0.971599,5.69185,-4285.55,0
1.1588,3505.08,0.65389,-0.949275,2.50138,-4246.41,0
1.1653,3505.05,0.795491,-1.18815,1.73068,-4248.2,0
1.17177,3504.95,0.802013,-1.0643,7.02622,-4308.04,0
1.17827,3504.82,0.802613,-0.965744,10.7888,-4397.06,0
1.18479,3504.85,0.880503,-0.875676,3.38717,-4349.98,0
1.19128,3504.82,0.907689,-0.924179,1.43832,-4344.39,0
1.19779,3504.76,0.906524,-0.761864,6.71244,-4375.8,0
1.20426,3504.76,1.05125,-0.882126,2.28369,-4349.73,0
1.21076,3504.72,1.24341,-0.873448,3.00531,-4357.08,0
1.21728,3504.66,1.3045,-0.963399,4.1622,-4384.51,0
1.22383,3504.6,1.34446,-0.977196,7.16551,-4416.22,0
1.23034,3504.58,1.2142,-0.858211,7.04213,-4405.07,0
1.23685,3504.55,1.16314,-0.763735,7.59844,-4406.76,0
1.24338,3504.49,1.14399,-0.805497,9.05895,-4434.65,0
1.24984,3504.4,1.11586,-0.810151,3.50784,-4481.35,0
1.25634,3504.38,1.01416,-0.790446,4.88424,-4472.66,0
1.26283,3504.32,1.0244,-0.750128,6.68608,-4501.04,0
1.26933,3504.31,1.2269,-0.66762,3.87458,-4478.82,0
1.27587,3504.26,1.28176,-0.570706,5.5144,-4496.92,0
1.28239,3504.3,1.25341,-0.454879,0.790185,-4442.29,0
1.28887,3504.26,1.22925,-0.26998,4.27762,-4456.89,0
1.29537,3504.24,1.27188,-0.240737,2.2499,-4444.54,0
1.30187,3504.2,1.33701,-0.278418,4.07809,-4454.38,0
1.30836,3504.23,1.1592,-0.331927,2.23642,-4406.77,0
1.31486,3504.14,1.22335,-0.416629,5.45851,-4453.43,0
1.32139,3504.06,1.18873,-0.431898,8.44748,-4495.11,0
1.32788,3504.04,1.29422,-0.449471,3.08822,-4489.11,0
1.33442,3504,1.44889,-0.538131,3.49401,-4494.94,0
1.34093,3503.9,1.47895,-0.597142,8.2373,-4550.06,0
1.3474,3503.94,1.4032,-0.634594,2.14073,-4497.28,0
1.35395,3503.9,1.35973,-0.664149,5.62557,-4507.14,0
1.36048,3503.85,1.42625,-0.707782,6.70164,-4517.61,0
1.36697,3503.86,1.48831,-0.601573,3.00313,-4489.55,0
1.37345,3503.78,1.51615,-0.533863,7.56105,-4532.24,0
1.37995,3503.76,1.49181,-0.374437,7.4723,-4522.63,0
1.3864,3503.76,1.53708,-0.353526,5.27678,-4504.07,0
1.39292,3503.79,1.46462,-0.271137,1.97245,-4456.09,0
1.39947,3503.79,1.47145,-0.338147,1.65074,-4439.47,0
1.40596,3503.71,1.68503,-0.456661,4.19901,-4472.77,0
1.41247,3503.7,1.56303,-0.456974,5.95088,-4460.32,0
1.419,3503.59,1.53512,-0.427382,0.619321,-4520.44,0
1.42555,3503.54,1.66788,-0.337142,2.44708,-4530.15,0
1.43206,3503.47,1.94131,-0.152352,3.77894,-4558.71,0
1.43853,3503.47,2.05053,0.146358,0.340019,-4537.21,0
1.44501,3503.4,2.14007,0.207294,4.12836,-4565.2,0
1.45153,3503.36,2.20142,0.239373,3.99167,-4571.58,0
1.45805,3503.35,2.26408,0.19918,2.12978,-4560.7,0
1.46455,3503.3,2.41744,0.227013,2.53436,-4577.13,0
1.47104,3503.32,2.24546,0.165463,1.08391,-4540.81,0
1.47749,3503.23,2.1855,0.239897,7.59876,-4583.67,0
1.48401,3503.21,2.21422,0.303562,4.68001,-4575.58,0
1.4905,3503.16,2.26064,0.362037,3.58718,-4591.85,0
1.49702,3503.14,2.25084,0.457732,3.42181,-4580.87,0
1.50356,3503.1,2.37631,0.580561,1.98751,-4586.93,0
1.51003,3503.02,2.44867,0.66241,5.88752,-4619.54,0
1.51656,3503.04,2.40677,0.731342,3.57048,-4589.84,0
1.52307,3503,2.53012,0.66547,3.27488,-4596.22,0
1.52956,3502.91,2.59958,0.7778,6.48157,-4632.59,0
1.53607,3502.96,2.61041,0.697353,1.5205,-4585.52,0
1.54258,3502.81,2.78877,0.75402,6.42055,-4658.22,0
1.54905,3502.71,2.79282,0.727713,10.4461,-4708.6,0
1.55557,3502.73,2.69227,0.653085,6.82528,-4674.37,0
1.56206,3502.71,2.75097,0.591676,3.4163,-4667.87,0
1.56855,3502.68,2.75392,0.512001,5.0705,-4669.22,0
1.57507,3502.63,2.85208,0.409297,5.72107,-4681.22,0
1.58156,3502.59,2.83574,0.481671,6.21925,-4685.01,0
1.58801,3502.52,2.96441,0.554488,3.09937,-4709.2,0
1.59449,3502.54,2.85798,0.578034,1.74765,-4681.59,0
1.60094,3502.44,3.02434,0.551167,4.84159,-4724.19,0
1.60749,3502.46,2.98327,0.671846,0.971434,-4689.87,0
1.61402,3502.31,3.22399,0.550365,4.87562,-4762.31,0
1.62052,3502.31,3.18566,0.501721,4.43063,-4743.33,0
1.62699,3502.33,3.14824,0.533561,3.11717,-4713.53,0
1.63352,3502.29,3.13764,0.519781,4.0873,-4720.65,0
1.64003,3502.24,3.0677,0.609393,7.7333,-4730.43,0
1.64651,3502.2,3.11589,0.568922,5.20234,-4738.86,0
1.65298,3502.08,3.01303,0.573469,4.52563,-4792.19,0
1.65947,3502.09,2.87735,0.566173,5.12112,-4768.16,0
1.66599,3501.94,2.87042,0.493517,3.12314,-4836.67,0
1.67254,3501.87,3.02144,0.249184,3.63833,-4859.53,0
1.67904,3501.96,2.86509,0.175318,0.73408,-4788.88,0
1.68556,3501.89,2.94087,0.0167306,2.18566,-4809.88,0
1.69208,3501.91,2.77088,0.016897,5.94858,-4779.31,0
1.69859,3501.95,2.6401,-0.0676905,6.67215,-4739.62,0
1.70513,3501.92,2.62867,-0.184841,8.50972,-4739.42,0
1.71165,3501.95,2.55274,-0.372277,5.92852,-4703.4,0
1.71817,3501.93,2.52984,-0.189194,7.10324,-4695.98,0
1.72463,3501.81,2.48858,-0.0495641,8.4332,-4747.99,0
1.73118,3501.76,2.36993,-0.162696,2.77703,-4759.1,0
1.73763,3501.75,2.33553,-0.178252,1.86124,-4746.86,0
1.74415,3501.71,2.2436,-0.24068,6.07191,-4751.6,0
1.75068,3501.6,2.23848,-0.169416,5.64509,-4795.62,0
1.75718,3501.57,2.21057,-0.267724,6.65431,-4796.83,0
1.76368,3501.54,2.26905,-0.151084,4.71831,-4794.36,0
1.77023,3501.42,2.17948,-0.146878,11.6463,-4848.84,0
1.77675,3501.35,2.14039,-0.164648,8.36637,-4870.33,0
1.78326,3501.25,2.02017,-0.172366,5.4437,-4906.75,0
1.78977,3501.23,1.89483,-0.170068,2.71479,-4900.22,0
1.79627,3501.25,1.78866,-0.145467,6.18673,-4873.91,0
1.80278,3501.25,1.7488,-0.136115,6.89693,-4856.35,0
1.80927,3501.23,1.66846,-0.114081,0.441465,-4846.06,0
1.81577,3501.11,1.54707,-0.037559,6.99363,-4896.9,0
1.82229,3501.05,1.56321,-0.0191414,11.5361,-4912.46,0
1.82886,3500.99,1.51072,-0.017486,8.64702,-4924.44,0
1.83534,3501.03,1.38281,0.0243682,10.1408,-4884.7,0
1.84186,3500.89,1.30848,0.0820624,7.82223,-4946.9,0
1.84832,3500.89,1.16308,0.117568,7.42587,-4926.24,0
1.85483,3500.87,1.17746,0.0300681,7.95658,-4921.64,0
1.86131,3500.72,1.17388,0.0208509,6.43899,-4986.93,0
1.86781,3500.77,1.07839,-0.046123,3.19902,-4941.91,0
1.87433,3500.73,1.03893,-0.110211,3.72897,-4946.97,0
1.88082,3500.7,0.999645,0.00250753,3.30599,-4944.81,0
1.88736,3500.66,0.993939,0.125911,0.778963,-4949.41,0
1.89389,3500.58,0.983511,0.141099,10.47,-4974.71,0
1.90041,3500.49,1.04852,0.102641,11.5574,-5006.55,0
1.90692,3500.4,0.938622,0.108177,9.49847,-5034.04,0
1.91342,3500.33,0.881357,0.231959,11.7729,-5055.02,0
1.91989,3500.2,0.75871,0.319729,9.73169,-5106.33,0
1.92637,3500.08,0.682119,0.302283,10.2818,-5150.48,0
1.93288,3499.87,0.493482,0.175839,1.92511,-5239.5,0
1.93936,3499.71,0.183445,0.0564854,5.47919,-5303.5,1
1.9398,3499.69,0.154137,0.0511793,4.14152,-5316.43,2
