0.0064859,3509.99,-1.61988,2.63215,1.35197,-2262.6,0
0.0130358,3509.88,-1.55265,2.61066,4.92405,-8962.27,0
0.0195007,3509.89,-1.72917,2.46867,3.77081,-5431.21,0
0.0259936,3509.87,-1.75725,2.49542,3.25754,-4881.62,0
0.0325067,3509.78,-1.79407,2.56099,6.21476,-6689.98,0
0.039011,3509.81,-1.71536,2.7865,1.525,-4846.48,0
0.045525,3509.8,-2.03443,2.75567,0.780358,-4413.05,0
0.0520138,3509.73,-2.10076,2.7455,3.75006,-5198.5,0
0.0585537,3509.67,-2.17199,2.71712,4.17812,-5636.67,0
0.0651051,3509.62,-2.14846,2.85354,5.02793,-5806.26,0
0.0716517,3509.61,-2.11557,2.85201,4.61143,-5398.51,0
0.0781493,3509.57,-2.08765,2.96688,5.01372,-5547.3,0
0.084725,3509.56,-2.15842,2.98953,3.57155,-5231.64,0
0.0912354,3509.58,-2.14075,3.11088,1.04485,-4631.99,0
0.0976953,3509.55,-2.14677,3.22288,1.32264,-4611.24,0
0.104212,3509.52,-2.04553,3.27279,2.56491,-4640.87,0
0.110715,3509.53,-2.0552,2.96505,3.04467,-4222.32,0
0.117215,3509.57,-2.00483,2.91488,1.3739,-3710.22,0
0.123751,3509.52,-1.7719,2.99867,3.97536,-3892.15,0
0.130221,3509.54,-1.73776,2.95851,2.34833,-3499.1,0
0.136716,3509.48,-1.65269,2.89413,4.43432,-3802.98,0
0.14319,3509.45,-1.63259,2.89727,3.93079,-3864.33,0
0.149676,3509.4,-1.67846,2.98843,4.36135,-4037.27,0
0.156193,3509.41,-1.64853,2.97497,2.37289,-3783.32,0
0.162717,3509.37,-1.67325,3.01092,3.23117,-3863.73,0
0.169234,3509.33,-1.64922,2.98923,4.08579,-3972.41,0
0.175712,3509.28,-1.63537,2.98183,4.589,-4097.25,0
0.182218,3509.27,-1.68282,2.96399,4.19171,-4022.09,0
0.188756,3509.2,-1.61297,2.99391,5.52069,-4233.57,0
0.195255,3509.22,-1.86687,2.95949,2.84449,-4000.57,0
0.201713,3509.21,-1.7897,2.99071,2.8046,-3896.61,0
0.208177,3509.14,-1.91183,3.06416,4.58746,-4144.87,0
0.214686,3509.21,-1.80482,3.0221,0.716342,-3680.76,0
0.221233,3509.19,-1.58682,2.97353,2.36476,-3647.58,0
0.227716,3509.16,-1.75575,3.05462,2.62596,-3701.23,0
0.234201,3509.02,-1.75026,3.14981,6.96956,-4181.76,0
0.240679,3509.05,-1.78042,2.9924,2.32914,-3927.41,0
0.247163,3508.98,-1.77232,2.96185,5.15136,-4109.83,0
0.253673,3508.99,-1.94518,3.0615,2.45094,-3964.8,0
0.260191,3508.91,-1.93154,3.03253,5.08708,-4180.99,0
0.266695,3508.85,-1.89729,2.99485,6.7497,-4298.06,0
0.273227,3508.9,-1.92884,2.99493,1.74366,-4029.99,0
0.279719,3508.85,-1.87438,2.99298,4.09365,-4105.16,0
0.286202,3508.89,-1.79498,2.88598,2.2801,-3871.44,0
0.292668,3508.93,-1.73697,2.74848,0.378444,-3659.5,0
0.299198,3508.9,-1.74246,2.66458,1.60343,-3674.9,0
0.305683,3508.82,-1.67364,2.82223,4.0089,-3846.39,0
0.312192,3508.86,-1.68637,2.71002,2.18711,-3660.42,0
0.318728,3508.79,-1.6713,2.52577,6.86804,-3805.45,0
0.325211,3508.79,-1.74846,2.54707,3.3564,-3731.31,0
0.3317,3508.81,-1.52349,2.63875,1.52449,-3573.16,0
0.338142,3508.68,-1.58244,2.7166,6.19607,-3910.27,0
0.344677,3508.66,-1.54068,2.79421,4.88934,-3880.82,0
0.351137,3508.68,-1.4468,2.78236,3.67334,-3767.94,0
0.357685,3508.67,-1.1749,2.62064,5.20016,-3704.79,0
0.364183,3508.71,-1.21213,2.50191,2.34048,-3530.14,0
0.370652,3508.69,-1.15165,2.72938,1.56619,-3530.92,0
0.377172,3508.7,-1.27097,2.29264,3.07302,-3437.72,0
0.383663,3508.68,-1.39832,2.3631,3.0007,-3449.83,0
0.3902,3508.62,-1.39616,2.40091,4.69941,-3532.17,0
0.396703,3508.56,-1.39166,2.2841,5.07883,-3631.78,0
0.403184,3508.58,-1.35693,2.30085,2.76966,-3511.95,0
0.40968,3508.52,-1.35442,2.40392,4.59545,-3612.71,0
0.416228,3508.41,-1.34705,2.48597,7.73691,-3830.41,0
0.422696,3508.39,-1.30895,2.46952,3.71685,-3816.61,0
0.429181,3508.34,-1.42322,2.63729,4.30554,-3871.14,0
0.43567,3508.4,-1.30976,2.55506,1.08182,-3674.81,0
0.442194,3508.34,-1.32823,2.68004,2.98402,-3752.97,0
0.448678,3508.3,-1.41173,2.58385,4.71343,-3787.22,0
0.455182,3508.33,-1.46542,2.57428,2.34142,-3671.72,0
0.461703,3508.27,-1.36905,2.61182,4.58875,-3753.91,0
0.468211,3508.22,-1.35082,2.56046,4.59221,-3791.19,0
0.474724,3508.26,-1.33541,2.40522,2.61996,-3665.91,0
0.481194,3508.19,-1.29484,2.34269,5.69228,-3770.71,0
0.487677,3508.13,-1.25024,2.40393,4.96538,-3837.23,0
0.49419,3508.17,-1.32406,2.39567,0.0656668,-3694.17,0
0.500706,3508.12,-1.32273,2.35301,3.4318,-3756.98,0
0.507196,3508,-1.27833,2.37335,7.69577,-3945.86,0
0.513742,3508,-1.30561,2.5462,3.23615,-3896.55,0
0.520241,3507.94,-1.49212,2.57695,4.98725,-3967.64,0
0.526785,3507.94,-1.45724,2.74586,2.56126,-3903.37,0
0.533325,3507.9,-1.42877,2.69893,4.81172,-3936.33,0
0.539831,3507.94,-1.45151,2.70142,0.282469,-3815.64,0
0.546328,3507.81,-1.38975,2.82372,6.28457,-4007.31,0
0.552855,3507.83,-1.30797,2.70752,4.95999,-3928.06,0
0.559374,3507.86,-1.40038,2.70684,0.835623,-3818,0
0.565886,3507.78,-1.43888,2.5973,6.07018,-3926.74,0
0.572387,3507.78,-1.46742,2.88704,1.28796,-3870.6,0
0.578853,3507.73,-1.57312,2.63712,5.20811,-3915.95,0
0.585381,3507.7,-1.45894,2.65531,4.4871,-3922.16,0
0.591854,3507.76,-1.38173,2.59198,1.10255,-3783.06,0
0.598346,3507.75,-1.42663,2.60619,0.575231,-3768,0
0.60488,3507.68,-1.54033,2.56686,4.03188,-3829.63,0
0.611377,3507.67,-1.4421,2.72353,3.71964,-3814.49,0
0.617877,3507.63,-1.35662,2.81261,5.02981,-3836.01,0
0.624377,3507.69,-1.3466,2.64526,1.28127,-3691.75,0
0.630903,3507.65,-1.1152,2.65964,4.72946,-3730.43,0
0.637414,3507.62,-1.06972,2.57965,4.88831,-3728.79,0
0.64392,3507.57,-1.18134,2.5519,6.60802,-3773.06,0
0.650439,3507.62,-1.20655,2.59227,0.674564,-3655.9,0
0.656935,3507.51,-1.21566,2.62788,6.04025,-3786.9,0
0.663463,3507.46,-1.26309,2.5333,5.7749,-3823.4,0
0.669966,3507.5,-1.27223,2.45464,2.95815,-3736.38,0
0.676445,3507.44,-1.3946,2.4529,5.07426,-3786.53,0
0.682977,3507.46,-1.36583,2.34915,3.46314,-3725.44,0
0.689498,3507.35,-1.34027,2.48211,7.28863,-3849.48,0
0.696006,3507.29,-1.33296,2.45888,5.68694,-3889.3,0
0.702529,3507.31,-1.27749,2.30517,5.28772,-3835.56,0
0.709017,3507.29,-1.28441,2.2849,3.97205,-3820.86,0
0.715533,3507.28,-1.22525,2.34158,3.73028,-3806.49,0
0.721974,3507.26,-1.16821,2.2375,4.1288,-3799.27,0
0.728543,3507.3,-0.950061,2.10879,1.65378,-3703.18,0
0.735025,3507.17,-0.856016,2.25784,5.54574,-3854.28,0
0.741501,3507.19,-0.931792,2.17836,3.77807,-3792.46,0
0.747999,3507.21,-1.02314,2.19424,1.4141,-3735.74,0
0.754499,3507.14,-1.01087,2.22806,4.6436,-3795.99,0
0.760995,3507.07,-0.943542,2.37367,6.57498,-3851.24,0
0.767464,3507.13,-0.775885,2.1071,4.47115,-3742.09,0
0.773935,3507.15,-0.722121,2.12679,1.96784,-3684.17,0
0.780429,3507.09,-0.632765,2.37737,3.35789,-3729.98,0
0.786941,3507.09,-0.584439,2.29531,2.9245,-3692.8,0
0.793464,3507.01,-0.610966,2.27685,5.9381,-3767.56,0
0.799963,3507.02,-0.610345,2.35685,2.37033,-3720.99,0
0.806484,3506.96,-0.581627,2.40511,5.5279,-3772.6,0
0.812991,3506.99,-0.662677,2.45978,1.91219,-3706.17,0
0.819568,3506.95,-0.941385,2.52833,2.33114,-3721.52,0
0.82606,3506.96,-1.05477,2.49568,0.748294,-3674.33,0
0.832574,3506.91,-0.988606,2.51219,4.47683,-3714.66,0
0.839057,3506.84,-1.03083,2.55397,7.04301,-3772.04,0
0.845535,3506.78,-0.953306,2.62771,6.09866,-3807.92,0
0.852013,3506.86,-1.00853,2.50755,0.720874,-3686.63,0
0.858541,3506.77,-0.971589,2.50855,5.8785,-3766.87,0
0.86505,3506.8,-0.848402,2.47893,3.40685,-3704.94,0
0.871535,3506.8,-0.914415,2.40153,3.15905,-3673.88,0
0.878058,3506.74,-1.06407,2.38217,5.68617,-3708.47,0
0.88457,3506.64,-1.02532,2.25595,8.98901,-3793.09,0
0.891063,3506.71,-1.02653,2.14735,0.896233,-3692.18,0
0.89755,3506.63,-1.1228,2.11128,5.6816,-3753.21,0
0.904053,3506.55,-1.0705,2.13563,8.5407,-3814.76,0
0.910613,3506.51,-1.03094,2.08491,6.17766,-3827.57,0
0.917149,3506.51,-1.1429,2.09524,3.29634,-3803.4,0
0.923659,3506.48,-0.953917,2.07619,4.89197,-3809.63,0
0.930161,3506.45,-0.774419,2.10048,5.82427,-3812.27,0
0.936681,3506.41,-0.822286,2.12345,6.27396,-3832.77,0
0.94322,3506.4,-0.982459,2.35372,2.21918,-3820.08,0
0.949723,3506.36,-0.941038,2.35274,3.62135,-3830.68,0
0.956203,3506.32,-0.94608,2.37983,4.59654,-3851.78,0
0.962673,3506.3,-0.93925,2.27269,5.41752,-3840.17,0
0.969161,3506.3,-1.06477,2.40824,2.4113,-3815.56,0
0.975666,3506.22,-1.26665,2.26089,6.93602,-3869.17,0
0.98218,3506.18,-1.29318,2.3032,5.97424,-3885.41,0
0.988676,3506.06,-1.26483,2.27959,8.35128,-3980.88,0
0.995182,3506.1,-1.17076,2.30234,2.87339,-3913.87,0
1.00169,3506.11,-1.21893,2.33223,1.18582,-3879.71,0
1.00818,3506.09,-1.23584,2.38207,1.35641,-3876.17,0
1.01467,3506.01,-1.19952,2.43723,5.29551,-3931.18,0
1.02118,3505.99,-1.28002,2.38357,5.84874,-3930.32,0
1.02774,3505.98,-1.27917,2.45395,1.83773,-3911.36,0
1.03425,3505.96,-1.08767,2.57866,2.21045,-3908.79,0
1.04075,3505.94,-1.03882,2.67931,2.118,-3903.71,0
1.04725,3505.94,-1.03577,2.59499,2.66355,-3878.77,0
1.05375,3505.91,-1.0559,2.42729,5.01625,-3877.47,0
1.06028,3505.87,-1.01769,2.39521,7.21354,-3897.97,0
1.06675,3505.89,-1.09553,2.4306,3.15114,-3851.36,0
1.07328,3505.9,-0.9565,2.45457,1.04053,-3820.57,0
1.07979,3505.83,-0.994964,2.30146,6.66892,-3862.02,0
1.08632,3505.79,-0.993326,2.29083,6.46865,-3877.03,0
1.09279,3505.8,-0.948218,2.2001,4.99834,-3847.95,0
1.09933,3505.75,-0.851599,2.4141,5.56329,-3864.93,0
1.10586,3505.78,-0.825505,2.3574,3.48368,-3819.71,0
1.11236,3505.65,-0.810335,2.40513,9.94444,-3912.81,0
1.11886,3505.68,-0.811084,2.45046,4.00584,-3862.95,0
1.12539,3505.63,-0.739528,2.46321,4.43802,-3880.16,0
1.13189,3505.61,-0.750088,2.47514,4.49694,-3877.89,0
1.13843,3505.62,-0.881431,2.45613,2.24786,-3843.36,0
1.14499,3505.55,-1.00149,2.34129,7.17753,-3889.96,0
1.15149,3505.59,-0.943429,2.28134,2.1841,-3826.39,0
1.15798,3505.52,-0.945649,2.29395,6.53157,-3870.87,0
1.16448,3505.46,-0.907356,2.24324,7.11908,-3895.94,0
1.17097,3505.45,-0.909903,2.25689,3.46332,-3886.87,0
1.17749,3505.43,-0.741509,2.2516,4.5257,-3880.14,0
1.18397,3505.38,-0.876678,2.19471,7.10281,-3903.2,0
1.19043,3505.37,-1.08562,2.16053,6.11209,-3892.06,0
1.19692,3505.28,-1.01946,2.15377,8.59327,-3941.91,0
1.20341,3505.27,-1.00536,2.13202,6.43115,-3930.01,0
1.20989,3505.27,-1.05208,2.05107,5.82585,-3909.16,0
1.2164,3505.28,-1.0346,1.97328,2.63656,-3879.97,0
1.22288,3505.26,-0.843573,1.97502,3.64555,-3877.38,0
1.22934,3505.26,-0.861627,2.04178,1.83694,-3855.5,0
1.23587,3505.26,-0.918253,1.82115,3.64699,-3837.55,0
1.24237,3505.27,-0.866365,1.80559,1.36772,-3805.1,0
1.24885,3505.19,-0.840747,1.81305,4.7361,-3854.58,0
1.25538,3505.2,-0.835279,1.80967,1.64283,-3820.92,0
1.26185,3505.19,-0.630783,1.8637,3.08845,-3815.1,0
1.26836,3505.19,-0.67798,1.79476,2.66786,-3795.55,0
1.27486,3505.18,-0.628718,1.77673,3.05018,-3782.68,0
1.28135,3505.17,-0.717112,1.55619,4.59365,-3765.95,0
1.28787,3505.19,-0.719819,1.39138,4.40586,-3736.41,0
1.29436,3505.17,-0.813341,1.38005,3.51304,-3730.3,0
1.30086,3505.12,-0.740468,1.56286,4.70498,-3751.04,0
1.30739,3505.08,-1.03801,1.68355,3.86078,-3762.51,0
1.31389,3505.1,-1.13697,1.55824,1.57498,-3732.21,0
1.32039,3505.06,-0.988892,1.71579,3.71891,-3741.67,0
1.32688,3505,-0.982559,1.80759,5.47096,-3764.76,0
1.33341,3504.99,-1.05707,1.76013,4.897,-3760.58,0
1.3399,3504.98,-1.01952,1.75313,3.28979,-3743.3,0
1.3464,3504.9,-1.07571,1.8382,6.53536,-3788.06,0
1.35289,3504.9,-1.08731,1.80637,3.43499,-3770.87,0
1.35936,3504.88,-1.02434,2.03862,0.968387,-3764.01,0
1.36585,3504.83,-0.997975,2.08618,4.54994,-3783.16,0
1.37234,3504.84,-1.10702,2.12102,1.51962,-3761.05,0
1.37883,3504.8,-1.13972,2.17542,0.42156,-3770.89,0
1.38538,3504.72,-1.10251,2.20606,4.16993,-3808.98,0
1.39189,3504.66,-1.18118,2.29389,6.55725,-3836.64,0
1.39837,3504.72,-1.24668,2.09832,2.40987,-3772.42,0
1.40489,3504.7,-1.12896,2.14618,1.12983,-3770.65,0
1.41137,3504.67,-1.05961,2.20194,2.84706,-3774.39,0
1.4179,3504.65,-1.13235,2.2525,3.08606,-3773.95,0
1.42439,3504.64,-1.19178,2.36399,0.702599,-3763.1,0
1.43092,3504.59,-1.2205,2.52982,1.4588,-3783.51,0
1.43745,3504.53,-1.34176,2.5409,4.23847,-3805.41,0
1.44396,3504.53,-1.36735,2.55069,2.09149,-3788.64,0
1.45046,3504.45,-1.34509,2.44718,7.47026,-3824.95,0
1.457,3504.4,-1.46401,2.6137,3.54725,-3845.17,0
1.46353,3504.33,-1.38857,2.66902,6.83434,-3873.34,0
1.47004,3504.34,-1.39086,2.58545,5.26964,-3850.38,0
1.47654,3504.34,-1.38748,2.60768,3.34698,-3830.07,0
1.48305,3504.36,-1.36906,2.57994,2.28878,-3804.16,0
1.48959,3504.25,-1.37006,2.54984,7.43572,-3857.26,0
1.49606,3504.28,-1.44036,2.53472,2.87201,-3821.33,0
1.5026,3504.24,-1.56302,2.56729,2.94442,-3834.57,0
1.50911,3504.11,-1.51954,2.50885,8.49544,-3900.28,0
1.5156,3504.21,-1.43619,2.41975,0.270772,-3823.24,0
1.52211,3504.19,-1.50642,2.26597,2.85965,-3818.3,0
1.52861,3504.15,-1.56647,2.34358,1.40553,-3825.39,0
1.53514,3504.01,-1.81689,2.32475,10.2482,-3903.28,0
1.54165,3503.89,-1.95096,2.34412,5.34745,-3960.48,0
1.54818,3503.84,-2.06213,2.40701,4.55864,-3979.89,0
1.55469,3503.83,-2.05345,2.29784,4.58162,-3967.32,0
1.56121,3503.8,-2.18128,2.20956,6.21985,-3972.06,0
1.56767,3503.76,-2.15256,2.34088,4.9133,-3979.45,0
1.57416,3503.74,-2.1355,2.30533,5.6902,-3975.09,0
1.58065,3503.73,-2.09847,2.4372,2.8768,-3964.68,0
1.58718,3503.66,-2.14451,2.3165,8.12393,-3994.35,0
1.59371,3503.73,-2.14325,2.1671,2.43413,-3936.36,0
1.60023,3503.67,-2.20683,2.21097,5.20292,-3956.39,0
1.60676,3503.66,-2.27218,2.15966,4.78542,-3944.49,0
1.61327,3503.61,-2.32375,2.28502,4.2077,-3959.48,0
1.61977,3503.63,-2.26416,2.13831,5.97552,-3933.94,0
1.62633,3503.68,-2.09336,2.19275,1.88914,-3885.91,0
1.63285,3503.69,-2.10688,2.05313,1.2391,-3866.65,0
1.63939,3503.6,-2.0765,2.14499,7.32802,-3902.39,0
1.64587,3503.53,-2.05642,2.10587,9.48596,-3929.86,0
1.65238,3503.56,-2.083,2.01301,2.90628,-3899.61,0
1.6589,3503.52,-2.01238,1.9597,7.6539,-3909.11,0
1.66542,3503.39,-1.96018,2.01666,6.18044,-3967.9,0
1.67192,3503.33,-1.96501,2.05192,8.73634,-3989.14,0
1.67844,3503.32,-1.97069,2.12005,5.28004,-3979.88,0
1.68494,3503.29,-2.05273,2.15365,4.65306,-3984.14,0
1.69142,3503.29,-2.11595,2.05757,2.09667,-3966.9,0
1.69791,3503.24,-2.22348,2.01483,4.52396,-3981.3,0
1.70438,3503.22,-2.20662,2.0874,2.88584,-3980.54,0
1.7109,3503.15,-2.21073,2.14717,6.82315,-4002.39,0
1.71741,3503.18,-2.09074,2.14488,3.55609,-3970.44,0
1.72394,3503.16,-2.00979,2.12657,7.02421,-3968.35,0
1.73046,3503.14,-1.95168,2.10635,8.876,-3963.64,0
1.73697,3503.02,-1.90368,2.2032,5.60116,-4017.97,0
1.74345,3502.96,-2.04589,2.36282,1.73113,-4037.02,0
1.74999,3502.98,-1.89611,2.2678,5.23773,-4009.82,0
1.75648,3502.94,-1.90508,2.20858,7.32663,-4018.79,0
1.76296,3502.86,-1.84835,2.17154,11.3104,-4049.61,0
1.76947,3502.87,-1.82351,2.15858,6.0626,-4028.93,0
1.77599,3502.89,-1.69372,2.15852,2.97765,-4001.14,0
1.7825,3502.71,-1.78748,2.27707,4.05525,-4091.73,0
1.78899,3502.71,-1.6606,2.18494,8.18583,-4072.85,0
1.79551,3502.71,-1.60013,2.24075,5.86731,-4061.74,0
1.80204,3502.71,-1.5487,2.24269,3.8024,-4047.91,0
1.80855,3502.66,-1.52538,2.12799,11.2315,-4055.88,0
1.81504,3502.67,-1.50881,2.14325,4.05427,-4037.95,0
1.82154,3502.58,-1.58362,2.2478,8.1897,-4074.58,0
1.82806,3502.55,-1.57913,2.37647,1.22417,-4076.27,0
1.83457,3502.41,-1.59917,2.44499,10.4499,-4134.5,0
1.84112,3502.4,-1.58679,2.58931,4.10958,-4129.74,0
1.84764,3502.36,-1.65082,2.55734,5.98054,-4133.72,0
1.85416,3502.36,-1.72234,2.61284,1.41783,-4122.22,0
1.86066,3502.3,-1.6863,2.54716,9.11401,-4138.21,0
1.8672,3502.24,-1.59851,2.53562,5.97042,-4158.48,0
1.87366,3502.25,-1.65923,2.42691,5.24688,-4138.69,0
1.88017,3502.19,-1.72131,2.43477,7.35053,-4155.89,0
1.88666,3502.15,-1.80658,2.30539,10.6161,-4161.78,0
1.89312,3501.99,-1.85183,2.34879,9.88171,-4230.55,0
1.89962,3501.9,-1.92558,2.60539,5.27307,-4263.61,0
1.90611,3501.9,-1.99252,2.50324,5.09413,-4251.52,0
1.91263,3501.78,-2.04818,2.62159,9.41896,-4298.13,0
1.91914,3501.79,-1.96771,2.67592,5.7119,-4279.9,0
1.92569,3501.8,-1.87536,2.6069,6.09676,-4256.59,0
1.93222,3501.76,-1.81565,2.49639,4.09016,-4262.7,0
1.93869,3501.75,-1.78598,2.44408,7.3856,-4255.67,0
1.94519,3501.73,-1.67639,2.48424,7.62959,-4249.62,0
1.95167,3501.63,-1.68476,2.43515,6.95701,-4291.04,0
1.95815,3501.62,-1.67547,2.4405,4.75652,-4279.76,0
1.96466,3501.58,-1.73475,2.43511,6.16241,-4286.78,0
1.97116,3501.58,-1.61538,2.56232,1.75403,-4270.02,0
1.97764,3501.5,-1.53621,2.72918,5.0116,-4299.36,0
1.98421,3501.47,-1.5189,2.83048,2.2296,-4300.52,0
1.9907,3501.42,-1.56263,2.75794,6.90256,-4307.87,0
1.99722,3501.4,-1.70605,2.72719,5.1646,-4308.13,0
2.00375,3501.47,-1.59799,2.58023,5.63673,-4255.13,0
2.01025,3501.42,-1.65335,2.48199,1.07633,-4267.43,0
2.01681,3501.47,-1.60001,2.31383,5.21487,-4230.42,0
2.02331,3501.49,-1.56739,2.25391,4.58508,-4207.95,0
2.02986,3501.44,-1.57622,2.32098,4.28155,-4217.8,0
2.03636,3501.4,-1.52552,2.34734,7.30783,-4220.95,0
2.04286,3501.38,-1.5991,2.13032,5.00473,-4217.47,0
2.04936,3501.4,-1.64529,2.03322,4.80135,-4196.55,0
2.05585,3501.35,-1.61291,1.88029,7.68361,-4205.54,0
2.06237,3501.35,-1.48213,1.80739,3.17438,-4191.91,0
2.06885,3501.34,-1.42643,1.78776,7.44453,-4183.88,0
2.07536,3501.26,-1.46874,1.87051,9.12475,-4212.62,0
2.08188,3501.29,-1.41183,1.90825,0.745101,-4182.17,0
2.0884,3501.25,-1.32834,2.02636,1.77125,-4191.07,0
2.09496,3501.3,-1.20868,1.90464,4.81289,-4152.27,0
2.10145,3501.25,-1.17943,1.93761,7.93586,-4165.19,0
2.1079,3501.24,-1.21054,1.82877,0.184807,-4154.66,0
2.11436,3501.17,-1.1691,1.72197,3.82497,-4173.84,0
2.12087,3501.14,-1.21639,1.55983,4.09902,-4178.88,0
2.12738,3501.12,-1.28433,1.51767,3.33125,-4172.52,0
2.13385,3501.14,-1.25197,1.33776,1.19571,-4153.11,0
2.14039,3500.97,-1.24571,1.3785,7.43052,-4217.69,0
2.14689,3500.83,-1.3503,1.4584,6.7084,-4270.68,0
2.15337,3500.76,-1.36794,1.33274,3.11092,-4290.15,0
2.15988,3500.62,-1.34116,1.2747,3.53291,-4343.19,0
2.16637,3500.62,-1.30726,1.29955,3.4037,-4330.98,0
2.17287,3500.51,-1.33463,1.18088,8.65042,-4366.57,0
2.17936,3500.33,-1.31528,1.15595,6.00245,-4438.69,0
2.18591,3500.24,-1.32957,1.1239,11.744,-4463.08,0
2.19239,3500.11,-1.36715,1.15057,4.73591,-4509.93,0
2.19886,3500.07,-1.28932,1.09187,9.99715,-4517.95,0
2.20541,3500,-1.33309,0.909724,5.57027,-4534.76,0
2.21194,3499.96,-1.17367,1.00622,7.14017,-4540.22,0
2.21845,3499.85,-1.16541,1.11036,5.14893,-4574.34,0
2.22501,3499.77,-1.16218,1.07194,5.11775,-4595.99,0
2.2315,3499.73,-1.11447,1.03535,6.36499,-4604.04,0
2.23798,3499.77,-0.964385,0.890278,9.35841,-4572.03,0
2.24449,3499.58,-1.00599,0.821481,6.65839,-4641.6,0
2.25097,3499.48,-0.954307,0.701804,10.4377,-4674.54,0
2.2575,3499.51,-0.836271,0.545356,2.87631,-4647.47,0
2.264,3499.47,-0.702556,0.337722,6.35952,-4650.79,0
2.27052,3499.31,-0.468877,0.278217,12.2208,-4706.91,1
2.27681,3499.27,-0.211979,0.12194,2.32489,-4710.54,7
