0.00652811,3509.97,5.46511,1.86409,1.47344,-4891.47,0
0.0130358,3510,5.2647,1.78094,1.81129,-94.4318,0
0.0195271,3509.89,5.15041,1.78764,6.10665,-5640.15,0
0.0260501,3509.95,5.32749,1.58225,1.03471,-2110.59,0
0.0325656,3509.91,5.25223,1.5887,2.87167,-2764.89,0
0.0390805,3509.86,5.39501,1.48702,3.73431,-3557.08,0
0.0455979,3509.84,5.33242,1.40997,4.7333,-3414.79,0
0.0521153,3509.85,5.32781,1.59913,2.9457,-2845.64,0
0.0586394,3509.94,5.10023,1.48144,0.652768,-1011.37,0
0.0651151,3509.75,5.15598,1.6057,7.45353,-3781.93,0
0.0716248,3509.89,4.99856,1.66066,0.761876,-1603.55,0
0.0781524,3509.83,4.84008,1.50626,4.8302,-2131.37,0
0.0846824,3509.94,4.70925,1.26563,0.68068,-753.302,0
0.0912487,3509.9,4.69832,1.09041,2.73518,-1139.06,0
0.0977452,3509.89,4.58113,1.01861,2.65628,-1090.29,0
0.104228,3509.83,4.7206,1.10435,3.95326,-1597.97,0
0.110785,3509.91,4.46934,1.28471,1.25566,-792.466,0
0.117307,3509.85,4.62213,1.34051,2.12976,-1285.74,0
0.123846,3509.75,4.57854,1.41916,6.26482,-1992.69,0
0.130353,3509.75,4.52566,1.50342,4.63682,-1892.38,0
0.136864,3509.78,4.60944,1.57486,1.80722,-1630.8,0
0.143321,3509.68,4.93601,1.79294,2.45856,-2206.93,0
0.149849,3509.72,4.59036,1.82288,3.16607,-1841.05,0
0.156354,3509.76,4.3947,1.75003,2.37594,-1523.69,0
0.162818,3509.68,4.3406,1.68196,5.81415,-1954.03,0
0.169295,3509.72,4.40084,1.65607,1.03661,-1652.08,0
0.175815,3509.62,4.38459,1.60449,5.54019,-2147.17,0
0.182289,3509.6,4.37531,1.46829,5.53275,-2189.9,0
0.188777,3509.58,4.52599,1.42131,4.09084,-2247.96,0
0.195239,3509.64,4.2982,1.42541,2.04479,-1824.02,0
0.201745,3509.65,4.2641,1.46651,1.39041,-1729.53,0
0.208242,3509.52,4.48818,1.38496,5.07877,-2302.8,0
0.214738,3509.51,4.63729,1.40102,3.19929,-2273.92,0
0.22127,3509.54,4.56609,1.44121,1.96895,-2092.8,0
0.227768,3509.57,4.47459,1.3836,0.770156,-1881.52,0
0.234238,3509.51,4.43514,1.5887,3.03882,-2074.33,0
0.240764,3509.42,4.46177,1.67283,5.07036,-2395.26,0
0.247297,3509.43,4.31661,1.70631,4.98537,-2306.71,0
0.253808,3509.49,4.22241,1.68342,2.1894,-2027.26,0
0.26034,3509.37,4.29051,1.78786,5.76226,-2434.48,0
0.266877,3509.35,4.26643,1.70232,4.80092,-2423.12,0
0.27344,3509.34,4.29162,1.71632,4.24041,-2422.01,0
0.279938,3509.29,4.24324,1.672,5.26418,-2543.43,0
0.286421,3509.29,4.19823,1.71773,4.1678,-2461.47,0
0.292933,3509.16,4.21669,1.68871,8.01631,-2877.83,0
0.299446,3509.26,4.01638,1.77214,2.25947,-2481.05,0
0.305931,3509.18,3.79337,1.70649,6.03903,-2666.93,0
0.312428,3509.26,3.79246,1.79407,0.585236,-2364.27,0
0.318939,3509.2,3.95826,1.75896,2.08758,-2512.84,0
0.32542,3509.18,4.03455,1.71359,1.27724,-2531.73,0
0.331939,3509.14,4.11019,1.67865,2.45513,-2602.17,0
0.338435,3509.08,4.08546,1.45261,5.54084,-2706.62,0
0.344956,3509.08,4.09293,1.48364,2.99506,-2653.07,0
0.351445,3509.02,3.99786,1.50413,6.01102,-2799.33,0
0.357973,3508.94,3.93653,1.5882,6.27611,-2961.63,0
0.364427,3508.87,3.90647,1.68618,6.18425,-3102.64,0
0.370936,3508.92,3.88359,1.60526,2.9025,-2912.96,0
0.377473,3508.89,3.84641,1.79386,3.40442,-2941.79,0
0.383941,3508.88,3.76008,1.80704,4.11112,-2928.25,0
0.390423,3508.87,3.85037,1.90797,1.99231,-2904.05,0
0.396914,3508.86,3.84001,1.99672,1.17438,-2863.92,0
0.403396,3508.81,3.93698,1.93581,3.29428,-2961.17,0
0.409896,3508.78,4.03704,1.94586,1.70114,-2977.02,0
0.4164,3508.79,3.80209,2.21972,1.41697,-2905.13,0
0.422878,3508.73,3.93232,2.14134,3.60302,-3007.84,0
0.429368,3508.72,3.90038,2.29715,3.24882,-2992.37,0
0.435825,3508.66,4.01038,2.34834,4.29477,-3074.01,0
0.442321,3508.64,4.16337,2.3389,3.51996,-3082.83,0
0.448812,3508.54,4.11304,2.40286,6.95476,-3244.86,0
0.455289,3508.46,4.07381,2.47498,6.0125,-3376.43,0
0.461766,3508.51,4.06877,2.40334,2.3626,-3227.33,0
0.468267,3508.46,4.21379,2.25574,4.06353,-3296.93,0
0.474784,3508.41,4.06141,2.5097,5.68323,-3354.75,0
0.481263,3508.38,4.12234,2.5592,4.38376,-3372.23,0
0.48779,3508.38,4.14914,2.57951,3.30236,-3325.77,0
0.494279,3508.41,4.17461,2.5866,0.675237,-3215.92,0
0.500812,3508.31,4.13642,2.63789,5.0638,-3375.38,0
0.507297,3508.32,3.96027,2.71004,4.93013,-3307.08,0
0.513849,3508.29,4.26095,2.56696,3.86705,-3330.06,0
0.520323,3508.3,4.20668,2.53132,2.93059,-3259.41,0
0.526805,3508.21,4.30536,2.73083,5.52312,-3398.85,0
0.533271,3508.14,4.34747,2.76783,5.72283,-3483.91,0
0.539735,3508.18,4.29341,2.61352,3.68246,-3365.54,0
0.546305,3508.15,4.1724,2.63671,4.24779,-3384.41,0
0.552781,3508.17,4.07935,2.69285,3.27931,-3309.51,0
0.559281,3508.15,4.04618,2.79756,3.1435,-3302.19,0
0.565777,3508.09,3.96855,2.82951,6.08417,-3370.24,0
0.572269,3508.03,3.95256,2.76348,6.01905,-3449.35,0
0.578735,3508.06,3.96305,2.79949,1.24103,-3359.1,0
0.585247,3507.98,4.13065,2.76892,3.68977,-3457,0
0.591793,3507.94,4.10922,2.73155,4.71913,-3477.11,0
0.598276,3507.96,4.18136,2.63764,1.92002,-3407.67,0
0.604755,3508.03,4.00022,2.47195,0.444393,-3256.37,0
0.611267,3507.97,3.9475,2.31987,4.60169,-3315.43,0
0.617764,3508.04,3.88359,2.22295,1.17626,-3171.61,0
0.624292,3507.95,3.70309,2.39308,5.08323,-3284.53,0
0.630758,3507.96,3.65069,2.20715,5.14582,-3235.19,0
0.637264,3507.94,3.60848,2.13354,5.62362,-3234.3,0
0.643779,3507.9,3.6738,2.21586,4.71364,-3267.18,0
0.650355,3507.91,3.71959,2.00485,3.72904,-3218.98,0
0.656894,3507.88,3.6927,1.90594,4.44723,-3234.88,0
0.66338,3507.87,3.67288,1.81214,4.67053,-3218.15,0
0.669923,3507.81,3.69107,1.92816,5.74143,-3269.15,0
0.676374,3507.86,3.77881,1.93495,1.14434,-3171.14,0
0.682898,3507.79,3.88991,1.86063,3.67174,-3233.33,0
0.689438,3507.81,3.86037,1.75685,2.72002,-3175.93,0
0.695945,3507.81,3.77879,1.80817,2.93968,-3151.63,0
0.702445,3507.78,3.77107,1.65578,4.80336,-3156.91,0
0.708962,3507.77,3.82501,1.70115,3.48579,-3143.57,0
0.715477,3507.82,3.78922,1.71556,0.0512887,-3047.39,0
0.722028,3507.72,3.83242,1.78865,4.58795,-3158.95,0
0.7285,3507.76,3.61366,1.96333,2.59501,-3076.02,0
0.735023,3507.76,3.56749,1.81957,3.34991,-3046.02,0
0.741555,3507.73,3.5449,1.91424,3.2562,-3064.52,0
0.748059,3507.69,3.64306,1.70563,4.65847,-3085.69,0
0.754566,3507.61,3.65354,1.6321,6.81633,-3168.05,0
0.761103,3507.48,3.73946,1.65361,8.27044,-3311.43,0
0.767604,3507.52,4.02615,1.6022,0.888323,-3234.96,0
0.774141,3507.52,3.92132,1.45677,1.33879,-3209.92,0
0.780632,3507.5,3.92704,1.54344,1.56529,-3205.87,0
0.787098,3507.46,3.89843,1.60873,2.42921,-3226.83,0
0.793604,3507.32,3.98099,1.50778,7.15438,-3382.88,0
0.800073,3507.29,3.99901,1.53405,4.16898,-3381.93,0
0.806576,3507.23,3.9677,1.51793,6.39612,-3430.18,0
0.813089,3507.18,3.95307,1.53996,5.07286,-3470.56,0
0.819552,3507.09,3.94876,1.56435,7.88861,-3550.01,0
0.826073,3507.11,3.84377,1.6366,3.51828,-3492.66,0
0.832604,3507.1,3.75108,1.77377,3.74816,-3486.17,0
0.839097,3507.12,3.72671,1.85936,1.41574,-3432.11,0
0.84557,3507.08,3.69668,1.72131,2.94231,-3451.13,0
0.852087,3507.08,3.46592,1.71641,5.42077,-3428.16,0
0.858619,3507.13,3.3546,1.67967,3.11245,-3345.83,0
0.865108,3507.1,3.54269,1.57704,2.23321,-3351,0
0.871601,3507.08,3.42812,1.68883,3.67552,-3350.81,0
0.878155,3507.01,3.52142,1.53183,5.78747,-3405.62,0
0.884649,3506.98,3.66944,1.68415,4.09037,-3412.25,0
0.891152,3507.03,3.55683,1.71326,1.50983,-3330.34,0
0.897649,3507.03,3.33914,1.76077,3.87915,-3312.72,0
0.904143,3507.03,3.25284,1.59258,4.90961,-3282.67,0
0.910622,3507.03,3.36026,1.6031,2.51669,-3260.11,0
0.917135,3507.02,3.39651,1.56786,1.90777,-3246.4,0
0.923595,3506.97,3.53402,1.72058,2.48935,-3286.03,0
0.930077,3506.92,3.64302,1.74226,3.53091,-3315.57,0
0.936574,3506.95,3.76707,1.52854,0.452047,-3258.41,0
0.943077,3506.86,3.71788,1.53466,4.86633,-3325.5,0
0.949598,3506.89,3.63097,1.55081,2.52859,-3273.47,0
0.956089,3506.82,3.94635,1.47526,3.07916,-3329.72,0
0.962606,3506.72,3.93912,1.44972,5.5825,-3410.97,0
0.969085,3506.69,3.97981,1.46154,4.22077,-3413.25,0
0.975583,3506.64,3.74766,1.42799,8.52086,-3441.31,0
0.982079,3506.61,3.70273,1.44601,6.1107,-3454.52,0
0.988604,3506.56,3.60478,1.36211,6.13165,-3475.97,0
0.995072,3506.58,3.62664,1.39441,0.655885,-3439.62,0
1.00156,3506.56,3.54591,1.40222,2.01442,-3433.84,0
1.00803,3506.52,3.5441,1.35378,3.84638,-3454.87,0
1.01452,3506.49,3.54465,1.29043,5.05968,-3459.26,0
1.02107,3506.46,3.46652,1.24867,6.38559,-3463.19,0
1.02758,3506.49,3.45298,1.2241,2.59977,-3412.26,0
1.03408,3506.43,3.39541,1.25808,5.80963,-3452.54,0
1.04061,3506.4,3.36619,1.32804,5.1491,-3460.58,0
1.04714,3506.33,3.33185,1.28049,6.40794,-3506.04,0
1.05362,3506.3,3.29006,1.30065,4.94679,-3509.54,0
1.06011,3506.33,3.27401,1.2026,2.27873,-3457.27,0
1.06661,3506.26,3.3817,1.11781,5.96207,-3508.2,0
1.07312,3506.22,3.38963,1.08853,5.97779,-3521.43,0
1.07967,3506.23,3.30396,1.14401,4.96101,-3494.08,0
1.08613,3506.22,3.37855,1.12643,2.7983,-3476.75,0
1.09262,3506.25,3.393,1.13022,0.269671,-3432,0
1.09913,3506.14,3.49853,1.19382,5.46242,-3514.8,0
1.10565,3506.1,3.45426,1.3029,5.14298,-3524.29,0
1.11216,3506.13,3.43522,1.41515,1.89633,-3476.72,0
1.11867,3506.13,3.35611,1.33328,2.69826,-3458.59,0
1.12516,3506.05,3.44303,1.24196,5.17139,-3509.32,0
1.13165,3506.01,3.50466,1.28277,3.8254,-3523.53,0
1.13813,3506.04,3.4457,1.48481,0.564359,-3476.83,0
1.1446,3505.88,3.42964,1.5984,7.21486,-3596.57,0
1.15112,3505.85,3.43234,1.51801,4.95192,-3602.38,0
1.15763,3505.79,3.46745,1.47797,6.19156,-3637.57,0
1.16414,3505.74,3.56749,1.50074,5.77659,-3662.61,0
1.17063,3505.76,3.39297,1.51484,5.52749,-3619.44,0
1.17716,3505.81,3.43039,1.47472,0.648716,-3557.32,0
1.18367,3505.76,3.32267,1.48798,5.35003,-3579.88,0
1.19014,3505.83,3.24473,1.38281,1.53132,-3503.98,0
1.19663,3505.78,3.24609,1.53048,3.31376,-3526.85,0
1.20315,3505.76,3.2759,1.56519,1.71348,-3523.95,0
1.20966,3505.74,3.16382,1.65976,2.83527,-3522.25,0
1.21614,3505.71,3.08955,1.68326,4.33525,-3530.18,0
1.22264,3505.66,3.10097,1.59558,5.53882,-3550.02,0
1.22918,3505.67,3.00454,1.52211,4.8428,-3524.24,0
1.23573,3505.63,2.91959,1.46334,6.99376,-3535.46,0
1.24224,3505.61,3.0254,1.4388,3.6984,-3537.57,0
1.24878,3505.57,2.86604,1.43478,7.08631,-3544.6,0
1.25532,3505.61,2.94965,1.35302,2.20937,-3499.88,0
1.26184,3505.5,2.95485,1.43153,7.15835,-3567.92,0
1.26833,3505.48,2.93371,1.48337,4.85235,-3562.39,0
1.27484,3505.45,2.97672,1.46284,5.41812,-3569.1,0
1.28132,3505.39,3.00659,1.4296,5.608,-3599.7,0
1.28788,3505.45,3.05044,1.25703,0.248455,-3535.27,0
1.29438,3505.37,2.9631,1.25857,4.44798,-3575.26,0
1.30088,3505.37,2.95769,1.21693,3.91415,-3556.41,0
1.30738,3505.43,2.84078,1.12165,1.22408,-3494.35,0
1.31391,3505.33,3.03667,1.08229,5.87166,-3555.11,0
1.3204,3505.25,2.9686,1.00942,9.1495,-3601.11,0
1.32691,3505.22,2.97273,1.0335,5.82362,-3601.07,0
1.33341,3505.21,2.94988,1.05757,6.12362,-3595.91,0
1.33993,3505.18,2.94832,1.06553,6.21834,-3598.9,0
1.34642,3505.19,3.06103,1.01283,2.2984,-3569.59,0
1.35292,3505.21,2.86618,1.11727,3.30785,-3542.46,0
1.35939,3505.2,2.90605,1.01427,2.60381,-3533.79,0
1.36587,3505.2,2.78156,1.07675,3.13815,-3513.97,0
1.37235,3505.12,2.85498,1.17244,6.30279,-3556.47,0
1.37887,3505.13,2.82593,1.30917,3.15776,-3530.52,0
1.38536,3505.09,2.8272,1.3264,5.46178,-3544.29,0
1.39186,3505.11,2.96504,1.14928,1.67049,-3512.17,0
1.39839,3505.04,2.89147,1.03722,7.1074,-3548.14,0
1.40494,3505.06,2.93931,1.08904,2.50811,-3516.75,0
1.41143,3505.07,2.78427,1.31603,1.80569,-3495.56,0
1.41794,3505.02,2.88225,1.21671,3.38254,-3508.87,0
1.42448,3505.01,2.88049,1.33106,2.28278,-3504.84,0
1.431,3504.9,2.79724,1.26939,9.6794,-3563.38,0
1.43751,3504.89,2.92507,1.22551,5.19411,-3555.02,0
1.44401,3504.86,2.86964,1.32339,5.50858,-3562.63,0
1.4505,3504.84,2.86658,1.27638,5.66567,-3556.63,0
1.45699,3504.82,2.9562,1.23972,2.05391,-3553.68,0
1.46351,3504.79,2.9778,1.22375,3.47838,-3561.21,0
1.47003,3504.8,2.93756,1.11616,3.10245,-3535.02,0
1.4765,3504.76,2.98835,1.11022,5.08726,-3547.97,0
1.48306,3504.87,2.69142,1.00617,1.60809,-3459.57,0
1.48954,3504.89,2.66944,0.912382,0.499782,-3431.66,0
1.49606,3504.77,2.65546,0.925514,7.22901,-3496.06,0
1.50257,3504.81,2.65953,0.979016,0.798393,-3453.31,0
1.50906,3504.66,2.55232,0.929306,8.8737,-3535.35,0
1.51555,3504.65,2.53525,1.01598,6.36105,-3528.53,0
1.52204,3504.64,2.54774,0.956684,5.61273,-3524.07,0
1.52852,3504.66,2.51226,0.999648,2.21745,-3495.35,0
1.53502,3504.62,2.46444,0.752286,6.739,-3502.35,0
1.54152,3504.59,2.45558,0.82936,6.45125,-3508.88,0
1.548,3504.47,2.43539,0.770366,9.78025,-3572.24,0
1.55452,3504.55,2.32749,0.784961,1.55521,-3506.46,0
1.56103,3504.52,2.32132,0.689994,4.75883,-3512.39,0
1.56755,3504.49,2.27556,0.683713,4.71395,-3513.74,0
1.57405,3504.5,2.19005,0.590728,4.52123,-3496.47,0
1.58059,3504.42,2.34438,0.630045,7.91876,-3533.12,0
1.58709,3504.46,2.21129,0.715774,4.7803,-3493.1,0
1.59362,3504.42,2.30651,0.45614,6.52391,-3503.11,0
1.60011,3504.39,2.31017,0.463806,6.43983,-3508.88,0
1.6066,3504.41,2.31462,0.42088,3.01659,-3482.05,0
1.6131,3504.38,2.40212,0.267725,0.775909,-3482.47,0
1.61959,3504.38,2.43423,0.0196294,0.111744,-3472.67,0
1.62609,3504.37,2.22303,0.0407934,4.69727,-3465.18,0
1.63258,3504.37,2.18183,0.0282747,4.336,-3450.21,0
1.63909,3504.28,2.19969,0.0242312,8.41124,-3487.15,0
1.64558,3504.27,2.13491,0.0792991,3.59027,-3482.67,0
1.65207,3504.29,2.0081,0.219021,3.45261,-3458.81,0
1.65861,3504.28,2.03131,0.207696,1.90739,-3449.32,0
1.66513,3504.24,1.95337,0.186118,5.86998,-3457.99,0
1.67165,3504.28,1.96097,0.328648,0.506783,-3424.64,0
1.67816,3504.24,1.93373,0.14571,4.5586,-3432.94,0
1.68465,3504.18,1.97162,0.248117,8.11511,-3455.79,0
1.69119,3504.15,2.04905,0.268342,5.50357,-3457.8,0
1.69769,3504.13,2.15766,0.320801,3.8479,-3454.73,0
1.70423,3504.14,2.12041,0.453547,2.54848,-3438.11,0
1.7107,3504.12,2.10628,0.432317,4.08261,-3435.12,0
1.7172,3504.05,2.16823,0.386825,8.56305,-3464.09,0
1.72375,3504.01,2.17751,0.277305,6.6172,-3472.73,0
1.73027,3503.9,2.25626,0.256855,10.9516,-3523.78,0
1.73682,3503.92,2.32013,0.374092,2.37136,-3500.59,0
1.74335,3503.88,2.23344,0.453122,7.31776,-3513.2,0
1.74986,3503.84,2.19618,0.411963,6.63306,-3517.73,0
1.7563,3503.78,2.18958,0.41968,7.40489,-3539.41,0
1.76281,3503.74,2.24287,0.43758,5.72566,-3551.54,0
1.76931,3503.71,2.4304,0.259773,3.58265,-3555.86,0
1.77585,3503.66,2.59056,0.178528,3.31925,-3570.26,0
1.78236,3503.51,2.6343,0.0769244,3.00409,-3639.67,0
1.78891,3503.54,2.57968,0.0644446,0.273254,-3612.99,0
1.79543,3503.53,2.48349,0.195479,3.61371,-3606.23,0
1.80198,3503.47,2.60758,0.0883515,4.64038,-3622.16,0
1.80845,3503.41,2.48549,0.0392661,7.63832,-3641.54,0
1.81492,3503.37,2.49815,-0.00796397,8.34516,-3653.23,0
1.82147,3503.36,2.52793,-0.11315,4.89527,-3644.57,0
1.82798,3503.37,2.50521,-0.049864,2.43815,-3625.15,0
1.83448,3503.25,2.5761,-0.0688065,10.7109,-3679.4,0
1.84099,3503.23,2.49481,-0.122848,7.65264,-3678.21,0
1.84749,3503.21,2.49511,-0.144868,5.37935,-3676.3,0
1.85396,3503.19,2.59415,-0.0931274,2.8027,-3672.1,0
1.86048,3503.18,2.51584,-0.200963,6.34553,-3668.05,0
1.86695,3503.19,2.45036,-0.0868251,5.0815,-3646.87,0
1.87342,3503.18,2.47362,-0.165208,5.09098,-3642.11,0
1.87995,3503.15,2.52213,-0.123927,0.320802,-3641.21,0
1.88644,3503.11,2.4297,-0.0432993,6.84518,-3653.1,0
1.89294,3502.98,2.48852,0.0224077,4.60621,-3711.12,0
1.89945,3502.9,2.72534,-0.0557735,2.9067,-3735.36,0
1.90597,3502.86,2.69103,-0.152845,6.75361,-3745.98,0
1.91248,3502.83,2.72548,-0.251002,5.21874,-3747.36,0
1.91897,3502.79,2.72907,-0.30813,6.29773,-3757.76,0
1.92549,3502.71,2.7103,-0.417205,1.52415,-3783.76,0
1.93201,3502.74,2.60013,-0.277752,1.66147,-3755.23,0
1.93852,3502.66,2.75562,-0.130273,4.44555,-3785.64,0
1.94507,3502.65,2.6972,-0.0398322,4.99888,-3778.13,0
1.95156,3502.63,2.71819,-0.00656979,4.75663,-3774.58,0
1.95802,3502.59,2.73764,0.00729197,5.42021,-3785.66,0
1.96456,3502.65,2.62837,0.0794279,1.1706,-3743.77,0
1.97105,3502.6,2.61991,0.0481332,5.51458,-3752.8,0
1.97751,3502.56,2.6539,0.0404004,4.90615,-3763.27,0
1.98401,3502.49,2.76217,-0.0801691,6.44119,-3784.02,0
1.99052,3502.55,2.69537,-0.213347,0.389498,-3740.8,0
1.99701,3502.57,2.53381,-0.340831,4.75573,-3723.04,0
2.00356,3502.53,2.67918,-0.175168,1.34168,-3726.01,0
2.0101,3502.48,2.66609,-0.117052,6.40607,-3742.48,0
2.01659,3502.44,2.66253,-0.140922,8.64172,-3748.91,0
2.02312,3502.35,2.70245,-0.215594,3.17301,-3782.71,0
2.02966,3502.35,2.61496,-0.18758,5.44118,-3766.86,0
2.03617,3502.35,2.61254,-0.252914,0.990767,-3755.31,0
2.04266,3502.3,2.65363,-0.297569,4.2182,-3769.24,0
2.04915,3502.23,2.75881,-0.329951,6.88984,-3794.07,0
2.05565,3502.2,2.83278,-0.272415,4.9276,-3794.54,0
2.06218,3502.12,2.76652,-0.23446,2.61734,-3822.73,0
2.06869,3502.15,2.62539,-0.175976,5.19784,-3796.87,0
2.0752,3502.1,2.6463,-0.181156,7.3462,-3805.11,0
2.0817,3501.9,2.6016,-0.317848,8.9344,-3889.82,0
2.08824,3501.9,2.65279,-0.243839,4.6176,-3879.34,0
2.09475,3501.89,2.6106,-0.212024,4.63867,-3870.59,0
2.10124,3501.89,2.47932,-0.258428,5.9994,-3858.68,0
2.10773,3501.86,2.4827,-0.182508,5.19843,-3861.68,0
2.11424,3501.79,2.3929,-0.260662,6.82036,-3884.29,0
2.12077,3501.81,2.37411,-0.235078,4.13883,-3863.6,0
2.12729,3501.76,2.30806,-0.126694,0.92987,-3873.55,0
2.13381,3501.74,2.22454,-0.138328,6.84924,-3873.27,0
2.1403,3501.67,2.20001,-0.245406,4.46149,-3891.24,0
2.14681,3501.63,2.17801,-0.232551,9.14817,-3897.79,0
2.15333,3501.59,2.13123,-0.155804,4.38066,-3903.41,0
2.15988,3501.62,2.05745,-0.0549089,4.41451,-3881.44,0
2.16642,3501.53,2.01456,-0.0829311,4.71281,-3909.3,0
2.17296,3501.46,1.93354,-0.113909,6.6397,-3931.16,0
2.17949,3501.41,1.82736,-0.0720252,4.95227,-3939.39,0
2.18597,3501.41,1.83896,-0.0533091,2.36835,-3929.65,0
2.19247,3501.4,1.7958,-0.0768982,4.28042,-3921.47,0
2.19897,3501.35,1.75386,-0.0518224,1.64652,-3933.67,0
2.2055,3501.24,1.82502,0.0444922,3.89229,-3973.74,0
2.21196,3501.27,1.6716,0.127836,7.28937,-3945.27,0
2.21848,3501.3,1.63529,0.0696021,1.7081,-3923.23,0
2.22502,3501.26,1.6135,0.235881,6.04484,-3926.28,0
2.23156,3501.18,1.6081,0.228503,9.446,-3952.15,0
2.23809,3501.15,1.49559,0.195557,1.86784,-3955.09,0
2.24456,3501.05,1.50141,0.122435,7.07378,-3987.51,0
2.25109,3500.99,1.50555,0.198845,3.51534,-4001.12,0
2.25761,3500.93,1.42831,0.0561256,2.54023,-4016.95,0
2.26409,3500.9,1.3561,-0.0273236,4.61385,-4018.85,0
2.27055,3500.72,1.32925,-0.0104579,5.17983,-4086.47,0
2.27707,3500.71,1.25558,-0.00587708,5.99709,-4081.64,0
2.28355,3500.72,1.16104,-0.0121017,2.18553,-4062.83,0
2.29003,3500.59,1.17179,-0.0328993,1.7263,-4109.07,0
2.29658,3500.49,1.18597,0.0488955,2.08319,-4138.87,0
2.30307,3500.35,1.11932,0.0948201,3.81282,-4191.74,0
2.30952,3500.25,1.05439,0.134603,1.61626,-4220.41,0
2.31606,3500.21,1.00579,-0.0271083,7.54267,-4225.88,0
2.32261,3500.1,0.919369,0.0481807,4.16858,-4261.01,0
2.32911,3499.9,0.890792,-0.0602194,3.79108,-4338.35,0
2.33564,3499.8,0.76096,-0.0282444,2.28068,-4365.18,0
2.3421,3499.74,0.577687,-0.0368723,1.71905,-4381,0
2.3486,3499.58,0.274183,-0.0725468,9.88259,-4435.36,2
2.34976,3499.56,0.183536,-0.0437173,15.0769,-4445.09,5
