0.00654228,3509.93,-4.05813,-2.0581,3.49672,-10082.5,0
0.0130594,3509.96,-3.94346,-2.03121,1.9603,-2724.14,0
0.0195527,3509.84,-4.06887,-1.90811,7.42336,-8014.83,0
0.0260933,3509.92,-4.04346,-1.93536,1.59365,-3241.58,0
0.0326255,3509.86,-3.96583,-1.99827,4.46202,-4307.52,0
0.0391106,3509.89,-3.84893,-1.942,2.96708,-2832.8,0
0.0456229,3509.84,-3.78561,-1.96706,5.36101,-3549.59,0
0.0521506,3509.87,-3.7717,-1.88653,1.92493,-2485.41,0
0.0586292,3509.88,-3.79317,-1.87652,0.668532,-2082.18,0
0.0651568,3509.83,-3.8622,-2.07762,1.11717,-2582.74,0
0.0716637,3509.68,-3.9372,-2.10486,6.91023,-4453.18,0
0.0781702,3509.69,-3.93448,-2.12684,3.55572,-3903.12,0
0.0846685,3509.69,-3.91053,-1.92703,4.53112,-3684.23,0
0.0912019,3509.65,-4.10249,-1.86147,4.0358,-3801.05,0
0.0977032,3509.6,-4.0888,-1.97587,4.2741,-4108.76,0
0.104212,3509.48,-4.09517,-2.00423,8.21653,-4959.79,0
0.110703,3509.53,-4.04795,-1.86434,3.57603,-4228.04,0
0.117198,3509.44,-4.09049,-1.80376,6.32378,-4776.53,0
0.123719,3509.4,-4.05165,-1.80272,5.95235,-4812.21,0
0.130237,3509.33,-4.08044,-1.74491,6.7066,-5144.17,0
0.136732,3509.29,-4.05109,-1.82612,6.15583,-5168.67,0
0.143234,3509.34,-3.91577,-1.86107,2.45366,-4610.84,0
0.149764,3509.28,-3.81661,-1.87908,6.24819,-4782.95,0
0.156253,3509.32,-3.82832,-1.78619,2.13975,-4353.03,0
0.162763,3509.27,-3.82566,-1.71348,4.95101,-4506.28,0
0.169277,3509.23,-3.83562,-1.79633,3.96427,-4522.59,0
0.175765,3509.14,-3.78961,-1.77742,7.53146,-4878.59,0
0.182254,3509.14,-3.76077,-1.95929,4.62309,-4726.6,0
0.188795,3509.11,-3.72356,-1.80179,6.32921,-4712.24,0
0.195318,3509.06,-3.67349,-1.77756,4.81571,-4828.48,0
0.201858,3509.1,-3.70027,-1.44422,3.12359,-4482.92,0
0.208339,3509.08,-3.67566,-1.24965,3.93105,-4403.24,0
0.214844,3509.07,-3.60745,-1.20497,5.20242,-4341.27,0
0.221399,3509.07,-3.81051,-1.02223,2.52699,-4214.12,0
0.227919,3509.02,-3.9361,-1.07875,3.11498,-4319.33,0
0.234405,3509.05,-3.69246,-0.788096,3.44715,-4036.95,0
0.240919,3509.04,-3.49562,-0.621164,4.74426,-3979.99,0
0.247411,3509.06,-3.61821,-0.491578,1.82501,-3815.62,0
0.253964,3509.04,-3.70834,-0.557475,1.21196,-3779.53,0
0.260496,3509,-3.84929,-0.299583,1.82938,-3851.35,0
0.267006,3509,-3.56833,-0.153504,4.06268,-3731.49,0
0.273494,3508.99,-3.63282,-0.0289992,3.17811,-3709.65,0
0.280005,3508.94,-3.66985,0.0155139,3.79362,-3784.05,0
0.286517,3508.85,-3.63622,0.0314185,7.51461,-4011.53,0
0.293025,3508.84,-3.56173,0.0500348,4.97975,-3944.89,0
0.299541,3508.87,-3.62469,-0.0408134,1.87046,-3773.6,0
0.306023,3508.78,-3.63479,0.112016,6.7862,-3982.05,0
0.312519,3508.75,-3.5793,0.160266,5.99027,-3991.74,0
0.319083,3508.74,-3.57824,0.0881278,4.05508,-3954.75,0
0.325589,3508.73,-3.46815,0.105207,4.62688,-3892.17,0
0.332125,3508.72,-3.6131,-0.165866,2.49733,-3866.09,0
0.33864,3508.71,-3.64659,-0.10462,2.04918,-3809.03,0
0.345174,3508.63,-3.75769,0.0165514,5.44801,-3979.2,0
0.351688,3508.6,-3.74313,-0.0245261,5.96541,-3984.39,0
0.358194,3508.58,-3.65984,0.0458555,4.62136,-3951.82,0
0.364724,3508.52,-3.51738,0.0295654,7.78435,-4046.97,0
0.371236,3508.56,-3.44428,0.125182,4.2472,-3870.3,0
0.37773,3508.58,-3.32719,0.1768,3.18099,-3766.56,0
0.384263,3508.58,-3.45033,0.333659,0.783144,-3701.23,0
0.390829,3508.48,-3.40506,0.383723,6.27488,-3879.33,0
0.397345,3508.53,-3.22718,0.290093,4.40052,-3710.48,0
0.403845,3508.49,-3.27976,0.275087,4.54518,-3731.24,0
0.410344,3508.47,-3.38118,0.251256,4.18754,-3727.85,0
0.416861,3508.47,-3.42204,0.391173,2.75374,-3675.6,0
0.42341,3508.37,-3.52177,0.468489,6.40683,-3853.24,0
0.429962,3508.44,-3.44906,0.401863,1.58376,-3629.56,0
0.436486,3508.38,-3.49346,0.274155,4.34005,-3716.43,0
0.442989,3508.39,-3.47624,0.219994,2.7599,-3624.68,0
0.449452,3508.37,-3.50854,-0.303012,3.62177,-3626.44,0
0.455962,3508.34,-3.44652,-0.288894,5.14308,-3641.43,0
0.4625,3508.39,-3.36777,-0.352682,1.06119,-3474.26,0
0.46898,3508.33,-3.40035,-0.40797,4.60415,-3565.61,0
0.475516,3508.37,-3.28731,-0.215963,1.4522,-3427.34,0
0.482094,3508.29,-3.29917,-0.0803611,5.76101,-3556.03,0
0.488653,3508.23,-3.37445,-0.0739096,6.2855,-3614.41,0
0.495163,3508.27,-3.30182,-0.173926,2.2456,-3486.76,0
0.501687,3508.21,-3.25095,-0.158916,5.72806,-3563.86,0
0.508197,3508.26,-3.2635,-0.0935455,0.756169,-3429.34,0
0.514726,3508.25,-3.03919,-0.136323,3.54597,-3407.33,0
0.521222,3508.25,-3.16208,0.118614,1.24862,-3354.97,0
0.527699,3508.22,-3.20509,0.192998,1.14138,-3376.73,0
0.534191,3508.21,-3.17307,0.412702,1.10967,-3343.17,0
0.540706,3508.16,-3.25439,0.543601,2.90601,-3398.85,0
0.547209,3508.06,-3.25533,0.613912,6.23508,-3540.52,0
0.553699,3508.03,-3.19451,0.576375,5.35974,-3550.26,0
0.560226,3508.08,-3.15081,0.605227,1.07847,-3425.5,0
0.566754,3508.01,-3.14713,0.592807,5.21415,-3505.89,0
0.57326,3508.05,-3.07556,0.557633,2.50856,-3396.11,0
0.579772,3508,-3.20327,0.714186,3.96623,-3450.53,0
0.586294,3507.96,-3.51973,0.714441,2.35502,-3474.29,0
0.592812,3507.93,-3.63104,0.755241,3.05133,-3496.22,0
0.599294,3507.9,-3.52597,0.781743,4.8475,-3503.08,0
0.605787,3507.88,-3.60695,1.03112,2.55848,-3496.78,0
0.612288,3507.81,-3.6124,1.00512,6.24916,-3570.05,0
0.618843,3507.88,-3.5117,0.666928,3.35805,-3431.57,0
0.62535,3507.84,-3.58509,0.704196,3.56731,-3447.42,0
0.631866,3507.85,-3.52151,0.824993,2.89592,-3408.14,0
0.638369,3507.82,-3.52619,0.711631,3.55392,-3416.83,0
0.644847,3507.86,-3.40833,0.741877,1.40032,-3318.47,0
0.65136,3507.82,-3.2091,0.801326,5.45893,-3350.69,0
0.65785,3507.77,-3.37384,0.816673,5.03315,-3390.02,0
0.664339,3507.83,-3.32578,0.799539,0.54648,-3267.96,0
0.670832,3507.71,-3.25931,0.81609,8.50424,-3416.25,0
0.677364,3507.73,-3.17404,0.881776,4.48091,-3357.67,0
0.68384,3507.76,-3.11382,1.02658,0.340832,-3271.74,0
0.690355,3507.74,-3.08643,1.06741,1.45953,-3270.64,0
0.696896,3507.7,-2.93973,0.928555,5.325,-3305.18,0
0.703409,3507.66,-2.87613,0.967593,4.9176,-3331.45,0
0.709929,3507.63,-2.93393,0.840131,4.5115,-3344.5,0
0.716467,3507.62,-2.8957,0.922003,4.74238,-3323.48,0
0.722983,3507.6,-2.70751,1.1399,6.17711,-3320.57,0
0.729468,3507.6,-2.67029,1.21699,3.93781,-3289.79,0
0.735945,3507.55,-2.60363,1.20727,6.60191,-3334.05,0
0.742466,3507.49,-2.57859,1.20698,6.28014,-3376.26,0
0.749031,3507.5,-2.63553,1.46195,2.63976,-3343.95,0
0.755579,3507.45,-2.67152,1.43719,4.81729,-3377.03,0
0.762046,3507.42,-2.71163,1.4366,3.92983,-3387.52,0
0.768571,3507.34,-2.55644,1.39745,8.27971,-3459.45,0
0.775073,3507.35,-2.45697,1.45117,4.68397,-3425.03,0
0.781555,3507.36,-2.48543,1.27053,2.48708,-3372.65,0
0.788115,3507.32,-2.40869,1.1112,3.45854,-3400.39,0
0.794594,3507.32,-2.34245,1.17667,2.83174,-3378.18,0
0.801077,3507.29,-2.37938,1.11409,2.96631,-3377.45,0
0.807639,3507.26,-2.54911,1.26773,2.79875,-3396.26,0
0.814124,3507.27,-2.59444,1.04091,2.10868,-3357.66,0
0.820652,3507.27,-2.46244,1.09419,1.56972,-3331.81,0
0.827171,3507.2,-2.21064,0.987817,7.59231,-3382.6,0
0.833663,3507.22,-2.24381,1.06794,3.51976,-3335.7,0
0.840178,3507.19,-2.2656,0.945174,5.9209,-3349.14,0
0.84666,3507.17,-2.1651,0.927964,4.70201,-3339.82,0
0.85312,3507.11,-2.15527,0.848279,4.58011,-3386.92,0
0.859601,3507.12,-2.18281,0.844037,3.10926,-3353.45,0
0.866092,3507.03,-2.17252,0.869449,7.31622,-3433.97,0
0.872571,3507.05,-2.22336,0.849689,1.55725,-3383.72,0
0.879069,3506.95,-2.20427,0.786481,7.33396,-3473.32,0
0.885605,3506.91,-2.13151,0.783188,4.63852,-3490.45,0
0.892101,3506.95,-2.05749,0.810192,0.762945,-3418.57,0
0.898586,3506.89,-2.06698,1.08,4.04746,-3465.58,0
0.905081,3506.87,-2.07833,1.24774,2.61689,-3460.03,0
0.911596,3506.85,-2.08497,1.21049,2.95195,-3455.63,0
0.918159,3506.86,-1.99715,0.975541,3.35392,-3415.69,0
0.924609,3506.78,-2.2537,1.10715,5.64812,-3479.78,0
0.931136,3506.79,-2.15288,1.27269,4.16267,-3445.17,0
0.937617,3506.75,-2.06491,1.29647,6.71299,-3462.27,0
0.94412,3506.81,-1.9454,1.2975,2.13132,-3382.46,0
0.950624,3506.77,-1.80493,1.35992,4.06021,-3392.98,0
0.957142,3506.72,-1.83692,1.4756,5.70653,-3424.99,0
0.963675,3506.72,-1.83232,1.4086,3.63598,-3406.59,0
0.970155,3506.72,-1.81558,1.35031,1.22429,-3379.96,0
0.97664,3506.7,-1.71456,1.43004,2.71115,-3378.2,0
0.983122,3506.69,-1.64349,1.34869,3.89806,-3367.75,0
0.989605,3506.65,-1.59958,1.5021,5.57525,-3388.65,0
0.996118,3506.6,-1.55565,1.47593,6.95675,-3416.55,0
1.0026,3506.57,-1.61191,1.45248,7.32296,-3424.85,0
1.00912,3506.58,-1.40079,1.45495,6.38622,-3387.17,0
1.01562,3506.55,-1.28767,1.40482,8.1341,-3398.56,0
1.0221,3506.55,-1.23694,1.3987,5.35746,-3372.93,0
1.02862,3506.5,-1.3245,1.24189,8.68239,-3403.72,0
1.03508,3506.51,-1.36981,1.35506,3.48051,-3371.79,0
1.04157,3506.52,-1.12153,1.3183,4.20081,-3343.58,0
1.04811,3506.52,-1.2074,1.23127,2.90088,-3321.43,0
1.05458,3506.45,-1.18613,1.34112,7.26599,-3367.19,0
1.0611,3506.44,-1.13797,1.35413,5.81282,-3353.8,0
1.06759,3506.39,-1.19846,1.36071,6.98043,-3382.37,0
1.07407,3506.33,-1.2132,1.42282,6.25911,-3416.06,0
1.08056,3506.3,-1.31726,1.40339,5.25637,-3428.27,0
1.08708,3506.33,-1.23302,1.51872,0.38454,-3378.06,0
1.09362,3506.32,-1.24738,1.32724,1.85245,-3367.12,0
1.10016,3506.32,-1.16929,1.20208,2.15309,-3345.43,0
1.10667,3506.28,-1.20065,1.31063,3.84478,-3358.07,0
1.11319,3506.25,-1.09419,1.46081,5.18265,-3365.22,0
1.11967,3506.24,-1.06199,1.5057,5.22394,-3359.72,0
1.12621,3506.24,-1.03554,1.48359,3.64555,-3337.53,0
1.13272,3506.12,-1.04424,1.37788,8.9184,-3426.4,0
1.13924,3506.13,-0.992775,1.35654,4.36609,-3401.32,0
1.14572,3506.11,-0.979377,1.20097,5.88945,-3398.06,0
1.15221,3506.08,-0.949476,1.17208,4.87121,-3405.67,0
1.15874,3506.05,-0.909636,1.17138,5.30601,-3405.17,0
1.16527,3506.06,-0.771134,1.23219,0.540632,-3379.54,0
1.1718,3506.02,-0.686165,1.21993,2.28911,-3398.91,0
1.17828,3505.99,-0.885067,1.05807,3.69184,-3405.37,0
1.1848,3505.94,-0.861251,1.13133,6.47273,-3424.55,0
1.19128,3505.93,-0.726641,1.17171,5.74411,-3413.41,0
1.19784,3505.88,-0.724004,1.12121,4.92142,-3439.96,0
1.20433,3505.82,-0.654979,1.18619,7.74016,-3474.37,0
1.21084,3505.82,-0.776593,1.27192,1.87588,-3450.65,0
1.21738,3505.83,-0.67458,1.19659,1.106,-3423.58,0
1.22389,3505.8,-0.429787,1.18973,3.23373,-3430.41,0
1.23039,3505.76,-0.483456,1.18644,2.84273,-3449.85,0
1.23692,3505.74,-0.589233,1.26819,1.40946,-3441.47,0
1.24343,3505.68,-0.67204,1.2417,5.85824,-3477.4,0
1.24993,3505.66,-0.721923,1.25499,1.77252,-3469.51,0
1.25643,3505.63,-0.648448,1.32848,4.0287,-3478.74,0
1.26293,3505.61,-0.747234,1.20063,5.75704,-3473.7,0
1.26938,3505.62,-0.834513,1.15496,4.69084,-3454.29,0
1.27588,3505.62,-0.98511,1.21054,1.41751,-3434.8,0
1.2824,3505.5,-1.05001,1.22231,6.31866,-3505.98,0
1.28892,3505.49,-1.0366,1.19364,4.07453,-3498.13,0
1.29544,3505.48,-1.12765,1.18713,3.70201,-3487,0
1.30196,3505.43,-1.02401,1.06894,7.16674,-3506.71,0
1.30847,3505.44,-1.18592,0.956979,4.90426,-3486.78,0
1.31494,3505.43,-1.34484,0.832856,1.67512,-3471.88,0
1.32142,3505.43,-1.21844,0.77283,2.29572,-3461.88,0
1.32789,3505.42,-1.34926,0.58975,1.83918,-3449.69,0
1.33444,3505.37,-1.43324,0.520791,5.24049,-3470.25,0
1.34098,3505.34,-1.52943,0.523542,4.45895,-3478.42,0
1.34749,3505.33,-1.699,0.304914,2.14152,-3465.7,0
1.354,3505.3,-1.8416,0.321289,2.79128,-3472.19,0
1.36046,3505.21,-1.98355,0.38738,7.70033,-3524.16,0
1.36693,3505.23,-1.85274,0.348426,4.52994,-3488.52,0
1.3734,3505.22,-2.03865,0.230395,1.39322,-3478.23,0
1.37988,3505.17,-1.93329,0.411866,6.66947,-3498.65,0
1.3864,3505.21,-1.90521,0.27415,2.13084,-3457.94,0
1.39289,3505.14,-2.27828,0.22562,1.91107,-3487.2,0
1.39939,3505.15,-2.18739,0.191428,1.82657,-3465.65,0
1.40587,3505.13,-2.24801,0.242757,0.74284,-3465.72,0
1.41239,3505.02,-2.29801,0.34268,6.90198,-3526.91,0
1.41889,3504.98,-2.47591,0.141533,6.70656,-3538.33,0
1.42541,3504.95,-2.46917,0.0441592,6.4684,-3542.02,0
1.43188,3505,-2.35777,0.211422,2.95683,-3495.27,0
1.43838,3504.94,-2.50133,0.224681,4.44879,-3516.32,0
1.44494,3504.94,-2.46629,0.179884,4.91308,-3503.41,0
1.45144,3504.93,-2.56702,0.0936567,3.12958,-3495.52,0
1.45799,3504.84,-2.69754,0.0356817,7.676,-3540.04,0
1.46454,3504.84,-2.46204,0.205043,9.42351,-3526.7,0
1.47106,3504.78,-2.46241,0.245166,8.58454,-3550.56,0
1.47751,3504.75,-2.44348,0.188088,6.86264,-3554.33,0
1.48405,3504.72,-2.29043,0.239327,9.48456,-3557.6,0
1.49056,3504.77,-2.28187,0.285153,0.343733,-3507.14,0
1.49709,3504.68,-2.25144,0.346838,6.29446,-3555.59,0
1.50358,3504.69,-2.27468,0.361285,3.39422,-3534.53,0
1.51008,3504.68,-2.12999,0.317186,5.19412,-3523.87,0
1.51663,3504.61,-2.06892,0.357459,7.73174,-3556.03,0
1.52313,3504.6,-2.16387,0.424483,2.1334,-3543.75,0
1.52964,3504.55,-2.14511,0.348928,7.7954,-3563.63,0
1.53615,3504.51,-2.15014,0.381427,6.45164,-3576.2,0
1.54266,3504.51,-2.15701,0.403311,4.13339,-3559.4,0
1.54918,3504.45,-2.18285,0.299442,7.92559,-3584.6,0
1.5557,3504.39,-2.11375,0.208907,8.1636,-3605.27,0
1.56227,3504.34,-1.99218,0.251216,10.4534,-3622,0
1.56878,3504.32,-2.0377,0.275506,3.66591,-3618.59,0
1.57531,3504.35,-1.95899,0.272035,0.603738,-3583.79,0
1.58179,3504.3,-2.02152,0.284524,4.45469,-3601.15,0
1.58827,3504.23,-2.00135,0.30761,8.18223,-3633.98,0
1.59477,3504.2,-1.86225,0.414259,10.0566,-3639.19,0
1.60128,3504.2,-1.87708,0.412752,2.87399,-3621.25,0
1.60779,3504.15,-2.00619,0.403227,5.34104,-3640.05,0
1.61428,3504.17,-1.89139,0.278394,2.43732,-3613.64,0
1.62086,3504.16,-1.77969,0.332313,4.62379,-3603.71,0
1.62736,3504.04,-1.76492,0.316903,4.69211,-3661.72,0
1.63388,3504.01,-1.7802,0.199218,6.92812,-3668.22,0
1.64041,3503.96,-1.86921,0.17689,5.99717,-3682.33,0
1.64692,3503.99,-1.79249,0.132162,0.422223,-3646.54,0
1.65343,3503.98,-1.8168,0.147605,0.527892,-3642.2,0
1.65995,3503.91,-1.71406,-0.0226678,9.57335,-3667.57,0
1.66644,3503.92,-1.75776,-0.148508,2.82384,-3645.81,0
1.67293,3503.9,-1.80649,-0.0515009,3.50907,-3645.56,0
1.67945,3503.89,-1.78892,0.0167682,3.79021,-3635.54,0
1.68594,3503.86,-1.90413,0.168362,3.90327,-3641.95,0
1.69244,3503.81,-1.79816,0.107402,10.1273,-3660.36,0
1.69896,3503.76,-1.79626,0.0260695,1.51564,-3670.7,0
1.70545,3503.7,-1.78609,-0.00686769,8.56811,-3695.84,0
1.71194,3503.64,-1.87821,0.0211734,6.44424,-3713.42,0
1.71843,3503.55,-1.73061,-0.00737659,5.36773,-3752.07,0
1.7249,3503.55,-1.74899,-0.04054,3.5202,-3741.81,0
1.73141,3503.48,-1.73496,-0.109063,9.48881,-3767.16,0
1.73791,3503.46,-1.83441,-0.147785,3.77989,-3760.62,0
1.7444,3503.48,-1.74492,-0.0420147,2.0538,-3735.09,0
1.75087,3503.49,-1.62838,-0.122475,1.60493,-3719.37,0
1.75739,3503.45,-1.67349,-0.0345632,3.28538,-3724.59,0
1.76391,3503.45,-1.64086,0.0285713,3.97418,-3715.73,0
1.77045,3503.35,-1.4373,0.03849,5.42609,-3754.31,0
1.77698,3503.33,-1.65534,-0.0989227,1.80185,-3755.15,0
1.78349,3503.26,-1.65913,-0.129528,7.83095,-3780.74,0
1.79001,3503.27,-1.61077,0.0402617,3.7067,-3760.79,0
1.7965,3503.27,-1.60927,-0.00123342,1.82346,-3746.86,0
1.803,3503.27,-1.53441,-0.0297263,3.56806,-3734.81,0
1.8095,3503.28,-1.51308,0.127989,1.13502,-3716.08,0
1.81604,3503.21,-1.56001,0.0355611,7.46382,-3740.62,0
1.82253,3503.2,-1.70657,0.00420737,2.55164,-3731.28,0
1.82901,3503.18,-1.68815,-0.0128202,4.71329,-3730.11,0
1.83549,3503.12,-1.58373,-0.0447662,3.16423,-3747.21,0
1.84201,3503.09,-1.6256,0.0200799,3.54935,-3750.85,0
1.84851,3503.1,-1.45187,-0.0600004,5.30843,-3731.41,0
1.85501,3503.05,-1.55714,-0.0299201,8.68106,-3748.32,0
1.86152,3503.02,-1.44597,0.00403002,8.77608,-3748.32,0
1.86801,3502.98,-1.35862,-0.00891867,10.953,-3757.35,0
1.87451,3502.87,-1.30905,0.000135105,3.09188,-3802.05,0
1.88102,3502.77,-1.33694,-0.0480439,6.26583,-3843.09,0
1.88748,3502.78,-1.17949,-0.00958699,4.33148,-3824.35,0
1.894,3502.76,-1.22848,-0.0722765,1.33115,-3821.54,0
1.90048,3502.74,-1.20238,-0.201792,3.46904,-3817.63,0
1.907,3502.73,-1.33892,-0.2668,0.666798,-3813.61,0
1.91355,3502.65,-1.41258,-0.156662,8.57555,-3839.41,0
1.92001,3502.53,-1.45632,-0.387592,10.1393,-3888.63,0
1.92653,3502.51,-1.49127,-0.416166,6.17935,-3888.52,0
1.93305,3502.43,-1.49653,-0.50128,1.29006,-3913.64,0
1.93955,3502.4,-1.54502,-0.548361,3.7693,-3918.43,0
1.94602,3502.26,-1.4685,-0.463189,7.03224,-3976.38,0
1.95251,3502.21,-1.49713,-0.480239,10.7842,-3988.65,0
1.959,3502.12,-1.46549,-0.502361,3.46986,-4023.86,0
1.96548,3502.1,-1.41195,-0.543771,6.60983,-4018.91,0
1.97199,3502.1,-1.40731,-0.582103,2.77687,-4007.9,0
1.97848,3502.12,-1.19828,-0.543144,9.08034,-3984.86,0
1.98493,3502.12,-1.13609,-0.434555,9.223,-3969.63,0
1.99147,3502.07,-1.09297,-0.401612,8.14278,-3981.91,0
1.99796,3501.99,-1.10679,-0.31995,0.375969,-4008.19,0
2.0045,3501.95,-1.06899,-0.36136,7.87449,-4018.13,0
2.01105,3501.9,-1.05843,-0.346736,5.57327,-4029.62,0
2.01759,3501.83,-1.15529,-0.290962,1.26867,-4048.3,0
2.02403,3501.79,-1.07778,-0.474184,8.01619,-4055.23,0
2.03054,3501.74,-1.21201,-0.406426,10.0593,-4065.84,0
2.03704,3501.69,-1.23105,-0.378687,3.45084,-4077.43,0
2.04354,3501.54,-1.12016,-0.51226,6.30533,-4138.23,0
2.05009,3501.44,-1.14911,-0.487002,4.10339,-4173.56,0
2.05665,3501.37,-1.09871,-0.455225,1.72792,-4198.36,0
2.06313,3501.25,-1.124,-0.444257,2.18067,-4238.88,0
2.06965,3501.16,-1.02603,-0.418356,4.60142,-4273.01,0
2.07617,3501.15,-1.02458,-0.285122,6.75906,-4260.81,0
2.08267,3501.13,-0.885674,-0.217503,5.3605,-4258.44,0
2.08915,3501,-0.892086,-0.0891779,1.10809,-4308.61,0
2.09564,3500.89,-0.745756,-0.140133,1.98389,-4349.4,0
2.10218,3500.75,-0.753513,-0.161012,9.01011,-4399.31,0
2.1087,3500.71,-0.660251,-0.168667,7.74829,-4406.18,0
2.11526,3500.67,-0.541914,-0.184445,9.55028,-4408.59,0
2.12177,3500.53,-0.505898,-0.116164,2.43749,-4463.63,0
2.12828,3500.33,-0.435569,-0.0500399,8.41906,-4542.01,0
2.13448,3500.01,-0.0984444,-0.00884375,14.5886,-4678.19,21
