0.00648197,3509.97,-0.848781,-6.42831,1.45624,-3969.27,0
0.0129756,3509.93,-0.873398,-6.41794,2.43917,-5108.12,0
0.0194904,3509.98,-0.587493,-6.28567,1.53924,-959.589,0
0.0260133,3509.86,-0.672034,-6.40927,5.495,-5233.78,0
0.0325558,3509.88,-0.701023,-6.28601,4.70116,-3812.34,0
0.0390558,3509.94,-0.759932,-6.13399,1.91191,-1564.75,0
0.0455696,3509.95,-0.792814,-6.03258,2.25654,-1191.3,0
0.0520221,3509.96,-0.78703,-5.95345,1.7044,-710.278,0
0.0585022,3509.89,-0.758989,-5.93364,4.4428,-1871.44,0
0.0649848,3509.86,-0.831143,-5.85953,5.80601,-2089.46,0
0.0714332,3509.88,-0.788994,-5.88086,2.75765,-1700.67,0
0.0779173,3509.84,-0.855124,-5.83736,4.67874,-2074.22,0
0.0844,3509.79,-0.748218,-5.96882,5.43906,-2545.26,0
0.0909264,3509.82,-0.942942,-5.88517,3.6042,-1994.62,0
0.0974333,3509.8,-1.11963,-5.77073,4.58345,-2054.32,0
0.103881,3509.8,-1.08847,-5.94261,1.92263,-1926.71,0
0.110404,3509.75,-1.16831,-6.03627,3.14623,-2303.07,0
0.116925,3509.72,-1.24835,-5.97238,4.1448,-2374.87,0
0.123456,3509.73,-1.2828,-5.85099,4.43679,-2191.33,0
0.129991,3509.63,-1.19563,-5.94824,5.70627,-2847.96,0
0.136532,3509.69,-1.1669,-5.87016,2.45647,-2296.14,0
0.143025,3509.65,-1.40695,-5.88474,3.17253,-2476.45,0
0.149529,3509.55,-1.3478,-5.96145,5.43443,-3006.96,0
0.156039,3509.52,-1.31857,-6.15519,4.22882,-3090.56,0
0.162538,3509.53,-1.47405,-6.20108,1.86634,-2898.53,0
0.16908,3509.53,-1.5864,-6.0934,2.19275,-2758.27,0
0.175574,3509.42,-1.51857,-6.18965,5.68563,-3276.5,0
0.182111,3509.39,-1.42115,-6.25168,3.64608,-3358.09,0
0.18863,3509.36,-1.32326,-6.38233,3.10545,-3382.98,0
0.195135,3509.35,-1.25413,-6.37204,2.42145,-3316.82,0
0.201637,3509.22,-1.20856,-6.42967,7.1545,-3880.15,0
0.208089,3509.25,-1.13788,-6.37684,3.3042,-3623.35,0
0.214629,3509.23,-1.21594,-6.51927,1.12833,-3589.26,0
0.221068,3509.23,-1.29025,-6.47208,0.962245,-3466.5,0
0.227621,3509.11,-1.27729,-6.43743,6.15125,-3910.94,0
0.234084,3509.13,-1.25011,-6.52284,0.81067,-3719.31,0
0.240613,3509.1,-1.29336,-6.48176,2.38088,-3746.38,0
0.247142,3509.04,-1.18587,-6.55487,3.82502,-3871.71,0
0.253638,3509.05,-1.05686,-6.68145,1.08356,-3741.27,0
0.260126,3509.04,-1.08568,-6.54767,3.111,-3699.32,0
0.266644,3509.03,-1.02035,-6.45272,3.59065,-3620.57,0
0.273183,3509.05,-0.916859,-6.47234,1.82477,-3466.22,0
0.279726,3509.02,-0.970086,-6.38701,4.09793,-3513.23,0
0.286253,3508.98,-0.81844,-6.54048,3.39947,-3556.62,0
0.292767,3508.97,-0.745405,-6.45386,4.78099,-3508.34,0
0.2993,3508.88,-0.720706,-6.49573,6.91055,-3746.3,0
0.305802,3508.87,-0.773018,-6.44547,4.63608,-3687.31,0
0.312345,3508.83,-0.716985,-6.48308,4.54219,-3756.21,0
0.318837,3508.82,-0.758534,-6.34971,5.42677,-3697.63,0
0.325314,3508.82,-0.85238,-6.45768,2.5683,-3631.14,0
0.33181,3508.69,-0.922856,-6.63289,6.16227,-3945.64,0
0.338346,3508.69,-1.03208,-6.71452,3.43682,-3864.5,0
0.344816,3508.61,-1.04036,-6.877,4.93832,-4037.47,0
0.351327,3508.52,-0.990599,-6.80696,5.68815,-4203.97,0
0.357806,3508.56,-1.13015,-6.83018,1.35132,-4024.73,0
0.364264,3508.51,-1.01374,-6.69213,5.57229,-4079.37,0
0.370749,3508.47,-0.972212,-6.72002,4.64594,-4130.17,0
0.377244,3508.48,-1.05874,-6.59814,4.45944,-4023.26,0
0.383735,3508.51,-0.988493,-6.3997,5.18792,-3873.53,0
0.390264,3508.53,-0.912032,-6.29096,4.21579,-3763.62,0
0.396767,3508.54,-0.881567,-6.40182,1.01199,-3689.32,0
0.403259,3508.52,-0.88735,-6.30181,2.92636,-3669.04,0
0.409783,3508.46,-0.746297,-6.37545,4.40736,-3760.81,0
0.416268,3508.44,-0.82835,-6.52151,2.39245,-3749.75,0
0.422813,3508.48,-0.760562,-6.47664,0.36875,-3604.27,0
0.429301,3508.42,-0.787014,-6.37523,4.76868,-3679.48,0
0.435806,3508.37,-0.79004,-6.38665,3.84016,-3739.09,0
0.442294,3508.41,-0.745767,-6.37727,0.347866,-3601.19,0
0.44879,3508.32,-0.791821,-6.39561,4.5019,-3735.14,0
0.4553,3508.31,-1.10865,-6.44061,2.72097,-3703.88,0
0.461833,3508.24,-1.07955,-6.50452,4.30859,-3801.08,0
0.468359,3508.21,-1.11424,-6.48472,4.84159,-3828.84,0
0.474846,3508.24,-1.05412,-6.47367,1.75993,-3697.08,0
0.481336,3508.1,-1.01655,-6.4523,7.07042,-3940.48,0
0.487859,3508.19,-1.06284,-6.37474,1.59167,-3705.78,0
0.494322,3508.06,-0.907592,-6.57263,5.93523,-3918.54,0
0.50084,3508.11,-0.889051,-6.57383,1.11371,-3777.69,0
0.507351,3508.02,-1.03548,-6.65659,2.42313,-3900.67,0
0.513841,3508.02,-0.939322,-6.57455,3.11853,-3845.94,0
0.520296,3508.02,-0.752401,-6.70217,0.895409,-3808.12,0
0.52682,3507.93,-0.750118,-6.80673,4.1315,-3925.8,0
0.533333,3507.89,-0.740876,-6.77983,5.52178,-3962.89,0
0.539846,3507.91,-0.666805,-6.5918,5.99901,-3869.46,0
0.546397,3507.87,-0.61398,-6.59585,6.34391,-3896.41,0
0.552898,3507.9,-0.652313,-6.63678,0.893086,-3806.58,0
0.559387,3507.84,-0.661403,-6.70579,2.66155,-3862.99,0
0.565898,3507.83,-0.70773,-6.5228,5.46997,-3842.24,0
0.57237,3507.77,-0.605003,-6.5751,6.18253,-3893.41,0
0.578879,3507.78,-0.672446,-6.68633,2.21615,-3828.72,0
0.585413,3507.78,-0.584323,-6.64866,2.26685,-3787.25,0
0.59193,3507.68,-0.755989,-6.72778,5.89833,-3926.31,0
0.598488,3507.76,-0.801727,-6.56725,2.59898,-3747.04,0
0.60504,3507.74,-0.785633,-6.63818,1.4908,-3737.41,0
0.611566,3507.76,-0.931037,-6.43213,2.31918,-3658.12,0
0.618111,3507.7,-1.03137,-6.38953,5.48766,-3713.07,0
0.624598,3507.66,-1.02859,-6.35202,5.06346,-3743.65,0
0.631069,3507.7,-0.914864,-6.15023,5.35108,-3648.43,0
0.63759,3507.73,-0.954451,-6.16749,2.0342,-3561.91,0
0.644118,3507.65,-0.990596,-6.09543,6.26682,-3643.38,0
0.650603,3507.65,-1.03704,-6.22546,1.5482,-3609.82,0
0.657108,3507.58,-1.01354,-6.2189,5.05406,-3688.32,0
0.663606,3507.46,-1.07109,-6.26258,6.81463,-3829.8,0
0.67009,3507.4,-1.11256,-6.26113,6.55154,-3873.29,0
0.676607,3507.31,-1.12399,-6.39768,6.94765,-3976.51,0
0.683103,3507.32,-1.14862,-6.26876,6.21058,-3927.92,0
0.689592,3507.34,-1.01351,-6.234,4.76826,-3856.68,0
0.696116,3507.25,-0.988913,-6.16245,7.81845,-3949.47,0
0.702647,3507.26,-0.963551,-6.13453,3.4003,-3897.21,0
0.709159,3507.26,-0.766865,-6.05696,4.30437,-3857.05,0
0.715666,3507.3,-0.761965,-5.87452,3.97407,-3769.31,0
0.722138,3507.38,-0.754654,-5.65354,2.28047,-3632.27,0
0.728672,3507.37,-0.58945,-5.46623,4.83898,-3602.84,0
0.735191,3507.41,-0.624702,-5.4839,1.17721,-3529.61,0
0.741681,3507.31,-0.598037,-5.40927,5.75249,-3631.19,0
0.748199,3507.22,-0.60594,-5.37119,7.52094,-3711.53,0
0.754725,3507.21,-0.576781,-5.35622,5.95911,-3699.85,0
0.761155,3507.22,-0.816259,-5.40414,2.53023,-3650.2,0
0.767631,3507.15,-0.777185,-5.42779,6.04782,-3709.99,0
0.774119,3507.18,-0.96006,-5.35846,3.45567,-3639.01,0
0.780618,3507.2,-0.948822,-5.36329,0.96643,-3581.16,0
0.787151,3507.17,-0.853056,-5.35972,3.21461,-3594.01,0
0.793672,3507.17,-0.936508,-5.30966,2.18163,-3571.3,0
0.800219,3507.14,-1.03876,-5.35283,2.37126,-3578.48,0
0.806717,3507.05,-0.918401,-5.30326,7.95536,-3662,0
0.813241,3507.11,-0.979175,-5.30485,1.60106,-3552.07,0
0.819728,3507.06,-1.06983,-5.36256,2.94147,-3580.94,0
0.826258,3507.05,-1.10871,-5.30743,3.88173,-3573.21,0
0.832763,3507.02,-0.995794,-5.25954,4.18515,-3573.99,0
0.839275,3507,-0.862794,-5.29007,3.33793,-3569.79,0
0.845783,3506.87,-0.797991,-5.50797,5.26901,-3697.03,0
0.852323,3506.91,-0.871698,-5.4186,3.4061,-3626.68,0
0.858849,3506.87,-0.944555,-5.3867,5.38313,-3638.9,0
0.865331,3506.97,-1.01931,-5.21974,0.606802,-3504.31,0
0.871812,3506.92,-0.89488,-5.20835,4.33108,-3537.96,0
0.878274,3506.94,-0.838805,-5.15868,2.65577,-3488.82,0
0.884789,3506.92,-0.812913,-5.1853,1.58185,-3476.53,0
0.891267,3506.85,-0.798647,-5.26442,4.8138,-3533.51,0
0.89773,3506.88,-0.722875,-5.17694,2.0578,-3476.46,0
0.904235,3506.86,-0.830757,-5.11897,3.97825,-3475.88,0
0.910703,3506.85,-0.745073,-5.04496,4.51681,-3457.55,0
0.917173,3506.79,-0.688937,-5.04985,4.6405,-3495.28,0
0.923698,3506.8,-0.820809,-5.1986,0.141943,-3467.56,0
0.930209,3506.79,-0.76773,-5.09502,2.14771,-3450.47,0
0.936726,3506.77,-0.769134,-5.04655,3.23102,-3444.68,0
0.94321,3506.73,-0.755872,-5.04803,5.4145,-3469.16,0
0.949682,3506.65,-0.858819,-5.22565,5.9906,-3528.29,0
0.95622,3506.62,-0.87304,-5.16565,7.23514,-3532.63,0
0.962732,3506.54,-0.863527,-5.20306,6.86336,-3591.84,0
0.969225,3506.54,-0.852651,-5.24053,2.14053,-3574.05,0
0.975758,3506.55,-0.806827,-5.06225,4.14933,-3537.89,0
0.982259,3506.48,-0.723653,-5.09262,6.4743,-3580.95,0
0.988759,3506.46,-0.737765,-5.12712,4.71177,-3575.25,0
0.995247,3506.43,-0.655823,-5.16,5.49245,-3587.41,0
1.00174,3506.36,-0.688594,-5.24887,4.75237,-3635.81,0
1.00825,3506.35,-0.754943,-5.165,5.66502,-3618.21,0
1.01477,3506.39,-0.569506,-5.09814,3.56487,-3553.1,0
1.02125,3506.32,-0.62724,-5.22122,5.50094,-3604.5,0
1.02781,3506.27,-0.614324,-5.17163,6.72857,-3626.28,0
1.03434,3506.29,-0.514984,-5.13741,4.45758,-3585.11,0
1.04082,3506.24,-0.605739,-5.06789,6.46502,-3609.75,0
1.04737,3506.22,-0.618599,-5.03608,3.66721,-3607.01,0
1.0539,3506.25,-0.647984,-4.82215,4.86631,-3556.04,0
1.06043,3506.17,-0.650304,-4.89354,8.16006,-3611.16,0
1.06693,3506.19,-0.661974,-4.92912,3.4347,-3569.21,0
1.07344,3506.14,-0.651089,-4.89477,7.18405,-3593.67,0
1.07993,3506.11,-0.718001,-4.95394,5.06641,-3604.63,0
1.08645,3506.07,-0.615055,-5.02643,4.06904,-3616.81,0
1.09288,3506.05,-0.552442,-5.00552,2.18604,-3612.58,0
1.09939,3506.01,-0.689373,-5.02927,3.57002,-3630.52,0
1.10587,3505.99,-0.759602,-4.99654,4.43198,-3622.43,0
1.1124,3505.93,-0.763266,-5.04922,4.09431,-3658.02,0
1.11887,3505.89,-0.73019,-4.93035,7.5197,-3675.33,0
1.12536,3505.9,-0.733776,-5.00747,1.49276,-3642.08,0
1.13185,3505.82,-0.644959,-4.95534,6.9162,-3696.34,0
1.13836,3505.83,-0.632156,-4.92973,2.22802,-3667,0
1.14486,3505.82,-0.574918,-4.79046,3.73125,-3647.49,0
1.15137,3505.87,-0.568495,-4.54133,4.57023,-3583.81,0
1.15785,3505.84,-0.528972,-4.42823,5.94037,-3591.1,0
1.16436,3505.82,-0.576013,-4.52566,3.46469,-3588.17,0
1.17084,3505.8,-0.525862,-4.54232,3.87868,-3585.94,0
1.17731,3505.76,-0.52892,-4.48753,7.43542,-3600.6,0
1.18381,3505.76,-0.609555,-4.40571,4.81345,-3578.46,0
1.1903,3505.79,-0.601083,-4.43474,1.33344,-3540.15,0
1.1968,3505.76,-0.506914,-4.36382,4.08687,-3540.68,0
1.20328,3505.69,-0.474136,-4.39331,6.78519,-3582.24,0
1.20981,3505.67,-0.436988,-4.58643,3.28813,-3582.56,0
1.21634,3505.64,-0.434111,-4.5757,3.01028,-3583.8,0
1.22279,3505.64,-0.4063,-4.48832,1.42957,-3566.58,0
1.22932,3505.58,-0.26557,-4.62276,2.53484,-3593.88,0
1.23585,3505.52,-0.3239,-4.67233,4.78117,-3622.32,0
1.24237,3505.41,-0.299284,-4.66197,8.55253,-3693.26,0
1.24889,3505.44,-0.1775,-4.59839,5.03075,-3647.92,0
1.25536,3505.39,-0.142891,-4.67744,5.51622,-3673.06,0
1.26187,3505.36,-0.202117,-4.64743,6.8468,-3677.16,0
1.26838,3505.3,-0.172736,-4.66878,5.84555,-3708.27,0
1.27487,3505.3,-0.264089,-4.66483,4.00967,-3684.08,0
1.28135,3505.28,-0.319464,-4.71659,3.50893,-3680.32,0
1.28788,3505.26,-0.321585,-4.80248,2.77981,-3683.6,0
1.29439,3505.21,-0.352292,-4.77094,6.29475,-3702.12,0
1.3009,3505.22,-0.374918,-4.81315,1.83432,-3674.85,0
1.30742,3505.13,-0.323398,-4.9084,5.52948,-3721.18,0
1.31393,3505.16,-0.343853,-4.86368,0.803289,-3680.79,0
1.32041,3505.13,-0.492387,-4.9058,1.10759,-3689.32,0
1.32694,3505.04,-0.61539,-4.98315,2.1288,-3738.04,0
1.33349,3505.09,-0.62328,-4.78506,2.82041,-3682.57,0
1.34001,3504.99,-0.597392,-4.76546,8.84612,-3738.74,0
1.34652,3504.99,-0.637574,-4.75359,4.33586,-3723.88,0
1.35304,3504.98,-0.701978,-4.77404,2.2185,-3712.42,0
1.35956,3504.94,-0.84532,-4.77413,2.69826,-3719.95,0
1.36606,3504.98,-0.987514,-4.61305,2.71848,-3673.88,0
1.37256,3504.88,-0.968568,-4.89753,2.51893,-3727.09,0
1.37903,3504.82,-0.910055,-4.84035,7.33329,-3752.92,0
1.38552,3504.9,-0.839614,-4.72708,1.75816,-3678.31,0
1.39205,3504.84,-0.86407,-4.86978,2.12678,-3707.7,0
1.39858,3504.77,-0.777565,-4.86982,7.36581,-3739.38,0
1.4051,3504.73,-0.685253,-4.836,6.56835,-3753.79,0
1.41157,3504.71,-0.750879,-4.85572,3.93562,-3745.4,0
1.41808,3504.74,-0.787978,-4.83695,1.06403,-3710.67,0
1.42458,3504.67,-0.750104,-4.87638,3.60382,-3742.67,0
1.43107,3504.66,-0.589017,-4.80284,5.75929,-3729.15,0
1.43761,3504.62,-0.631951,-4.91392,5.01951,-3742.08,0
1.44418,3504.52,-0.661764,-4.97237,7.98019,-3797.61,0
1.45071,3504.55,-0.59187,-4.98825,0.366188,-3756.36,0
1.45718,3504.51,-0.827503,-4.88883,4.62649,-3764.65,0
1.46369,3504.43,-0.784029,-4.96975,7.73414,-3807.46,0
1.47021,3504.45,-0.693868,-5.05171,1.28537,-3775.44,0
1.47672,3504.46,-0.554902,-4.9673,0.847788,-3748.45,0
1.48324,3504.36,-0.736085,-5.07955,5.368,-3803.84,0
1.48978,3504.29,-0.741997,-5.0429,7.60824,-3833.74,0
1.49626,3504.34,-0.782001,-5.06544,0.382708,-3783.37,0
1.50275,3504.3,-0.84583,-4.8543,8.6929,-3793.21,0
1.50924,3504.32,-0.860732,-4.78872,3.75511,-3766.5,0
1.51571,3504.31,-0.991628,-4.75658,2.76472,-3751.55,0
1.52219,3504.23,-0.963926,-4.72194,5.42313,-3793.67,0
1.52871,3504.22,-0.943398,-4.78103,2.80586,-3782.72,0
1.53525,3504.22,-1.0178,-4.71433,3.16822,-3765.07,0
1.54173,3504.18,-1.02804,-4.7613,3.7021,-3774.52,0
1.54819,3504.16,-1.25398,-4.78477,2.38704,-3771.55,0
1.5547,3504.17,-1.24441,-4.74102,2.32714,-3747.59,0
1.56122,3504.07,-1.37696,-4.74358,7.47955,-3795.86,0
1.56769,3504,-1.46724,-4.69581,8.37716,-3824.13,0
1.57415,3503.92,-1.3712,-4.78853,8.51924,-3865.36,0
1.5807,3503.93,-1.36228,-4.67816,5.6929,-3837.11,0
1.58722,3503.94,-1.34321,-4.58491,3.83567,-3815.84,0
1.59371,3503.88,-1.33154,-4.69309,4.38987,-3838.54,0
1.60022,3503.84,-1.27525,-4.64597,6.41093,-3848.82,0
1.6067,3503.82,-1.23381,-4.66365,6.66235,-3845.02,0
1.61322,3503.82,-1.2743,-4.68576,4.46044,-3832.99,0
1.61972,3503.84,-1.15911,-4.56931,5.87344,-3801.89,0
1.62626,3503.78,-1.06287,-4.57471,6.99054,-3821.98,0
1.63275,3503.88,-1.0407,-4.38655,2.35929,-3747.4,0
1.63928,3503.89,-1.10879,-4.35159,0.73952,-3725.92,0
1.64575,3503.89,-1.15871,-4.27939,1.96645,-3710.68,0
1.65226,3503.84,-1.29772,-4.25946,3.43636,-3729.51,0
1.65876,3503.78,-1.25138,-4.22914,5.47691,-3752.2,0
1.6653,3503.84,-1.33567,-4.113,1.00665,-3700,0
1.67179,3503.83,-1.31092,-4.05974,1.15998,-3688.48,0
1.6783,3503.79,-1.27868,-4.11515,3.84539,-3702.02,0
1.68479,3503.79,-1.29945,-4.08014,3.5977,-3685.35,0
1.69125,3503.71,-1.31227,-4.18404,5.31024,-3720.01,0
1.6977,3503.69,-1.33065,-4.27685,2.03865,-3714.88,0
1.70421,3503.68,-1.26473,-4.17292,4.46691,-3708.03,0
1.71073,3503.59,-1.26878,-4.26188,4.20603,-3746.62,0
1.71722,3503.66,-1.28073,-4.12059,1.79395,-3692.92,0
1.72372,3503.55,-1.31981,-4.05841,9.71531,-3740.32,0
1.73022,3503.58,-1.33381,-4.02464,3.02709,-3709.09,0
1.73672,3503.53,-1.37848,-3.88894,10.3941,-3724.99,0
1.74322,3503.48,-1.40553,-3.88323,7.94273,-3742.77,0
1.74971,3503.45,-1.42428,-3.83925,7.78516,-3741.55,0
1.75623,3503.43,-1.36865,-3.90241,6.66152,-3740.4,0
1.76275,3503.38,-1.38343,-4.02767,3.19348,-3752.86,0
1.76928,3503.36,-1.46972,-4.02017,3.21505,-3754.3,0
1.77584,3503.34,-1.45534,-4.0454,3.62157,-3752.98,0
1.78238,3503.32,-1.49204,-4.02306,4.01831,-3747.03,0
1.78889,3503.38,-1.81681,-3.76897,1.30385,-3698.8,0
1.79542,3503.29,-1.7605,-3.73344,8.3635,-3735.91,0
1.80196,3503.38,-1.47449,-3.65259,5.06985,-3673.28,0
1.80849,3503.28,-1.4862,-3.63783,9.04856,-3718.12,0
1.81503,3503.2,-1.45613,-3.57006,5.9301,-3743.99,0
1.82154,3503.18,-1.33807,-3.63056,1.6433,-3744.11,0
1.82805,3503.25,-1.25913,-3.26818,8.11743,-3693.66,0
1.83455,3503.15,-1.19585,-3.2486,1.70927,-3731.54,0
1.84107,3503.07,-1.19264,-3.25307,8.85882,-3764.25,0
1.84758,3503.09,-1.06176,-3.25222,6.61453,-3740.95,0
1.85408,3503.02,-1.23668,-3.2853,8.80792,-3764.81,0
1.86059,3503.04,-1.20281,-3.24215,2.63292,-3742.48,0
1.86713,3502.87,-1.14499,-3.2787,6.99052,-3820.17,0
1.87366,3502.82,-1.09222,-3.22633,8.41265,-3834.53,0
1.88016,3502.81,-1.0458,-3.24421,2.35014,-3825.99,0
1.88666,3502.74,-1.12354,-3.22752,4.96629,-3849.92,0
1.89315,3502.81,-0.969112,-3.095,2.84276,-3796.54,0
1.89969,3502.72,-0.853002,-3.19552,8.57358,-3834.79,0
1.90619,3502.72,-0.911665,-3.17845,3.66157,-3816.57,0
1.91272,3502.7,-0.840852,-3.16808,6.23908,-3814.16,0
1.9192,3502.62,-0.813395,-3.14785,4.97232,-3846.94,0
1.92573,3502.63,-0.909348,-3.10422,2.23265,-3824.59,0
1.93226,3502.65,-0.733671,-2.93804,9.51726,-3805.37,0
1.9388,3502.65,-0.751726,-2.96185,3.6378,-3792.68,0
1.94527,3502.6,-0.743141,-2.98981,5.47261,-3803.6,0
1.95182,3502.57,-0.834488,-2.92244,6.73793,-3806.06,0
1.95831,3502.53,-0.816581,-3.02067,5.25345,-3816.37,0
1.96486,3502.47,-0.821535,-2.84115,3.90642,-3831.31,0
1.97137,3502.5,-0.875825,-2.68172,5.85473,-3804.08,0
1.97794,3502.42,-0.963792,-2.7535,7.69955,-3829.85,0
1.98444,3502.36,-1.01549,-2.91248,5.39698,-3852.46,0
1.99098,3502.34,-1.04839,-2.91438,3.02746,-3846.14,0
1.99752,3502.31,-1.15607,-2.93809,1.95795,-3847.49,0
2.00403,3502.3,-1.1395,-2.84427,6.86309,-3842,0
2.01053,3502.28,-1.21513,-2.8915,2.88401,-3837.71,0
2.01708,3502.25,-1.18035,-2.86788,4.85397,-3840.3,0
2.02351,3502.21,-1.18903,-3.01222,0.850804,-3850.53,0
2.02999,3502.05,-1.22206,-3.12224,2.06642,-3915.78,0
2.03649,3502.01,-1.06844,-3.18193,6.58562,-3924.99,0
2.04298,3501.96,-1.16131,-3.09414,3.60976,-3936.09,0
2.04946,3501.94,-1.20884,-2.99426,9.68685,-3933.52,0
2.05595,3502.02,-1.21305,-2.84341,4.9837,-3882.09,0
2.06248,3501.99,-1.20077,-2.87657,5.85794,-3885.89,0
2.06901,3501.96,-1.22677,-2.87704,4.03804,-3884.38,0
2.07553,3501.97,-1.02952,-2.87914,5.81165,-3869.36,0
2.08202,3501.87,-1.12341,-2.92064,2.17101,-3903.17,0
2.08854,3501.84,-1.14756,-2.94207,4.05443,-3908.07,0
2.09508,3501.77,-1.20353,-2.88151,1.55377,-3926.12,0
2.10159,3501.83,-1.12414,-2.71804,2.92763,-3885.88,0
2.10809,3501.75,-1.08233,-2.82271,6.15082,-3913.88,0
2.11463,3501.72,-1.19814,-2.75956,7.57531,-3914.92,0
2.12114,3501.6,-1.09299,-2.88372,5.89134,-3958.33,0
2.12762,3501.56,-1.03206,-2.7647,7.11778,-3965.37,0
2.13414,3501.49,-1.03415,-2.87916,6.33611,-3985.85,0
2.14066,3501.41,-0.960549,-2.88302,5.41315,-4012.57,0
2.14716,3501.41,-0.947181,-2.86987,3.39638,-3999.92,0
2.15368,3501.44,-1.02632,-2.75645,3.64594,-3975.51,0
2.16018,3501.28,-1.09445,-2.76889,11.4928,-4034.81,0
2.16669,3501.17,-1.03604,-2.92066,5.12405,-4074.35,0
2.1732,3501.19,-1.11725,-2.79546,7.84927,-4054.42,0
2.17971,3501.22,-1.16198,-2.69676,6.93083,-4026.25,0
2.18622,3501.11,-1.24919,-2.69439,6.16324,-4068.51,0
2.19273,3501.03,-1.29022,-2.70694,0.733846,-4089.24,0
2.19928,3500.98,-1.24979,-2.74842,6.10038,-4100.63,0
2.20582,3500.91,-1.34493,-2.81909,4.13749,-4121.54,0
2.21234,3500.8,-1.38817,-2.78865,6.75803,-4157.75,0
2.21882,3500.8,-1.20246,-2.78549,2.77842,-4148.1,0
2.2253,3500.69,-1.07873,-2.81027,8.2427,-4182.41,0
2.23181,3500.53,-0.944086,-2.77933,3.0476,-4241.7,0
2.23829,3500.37,-0.891784,-2.80092,6.60711,-4301.3,0
2.2448,3500.31,-0.935588,-2.7746,5.01763,-4315.1,0
2.25132,3500.26,-0.878912,-2.86386,4.10137,-4328.53,0
2.25783,3500.27,-0.866849,-2.73917,3.20733,-4309.63,0
2.26435,3500.18,-0.923359,-2.81978,2.50624,-4336.68,0
2.27089,3500.19,-0.94827,-2.7618,2.37579,-4317.82,0
2.27742,3500.16,-0.929612,-2.67707,5.8825,-4320.39,0
2.28396,3500.13,-0.786101,-2.69032,1.06713,-4320.02,0
2.29047,3500.03,-0.717485,-2.55078,8.10781,-4350.88,0
2.29697,3499.95,-0.600389,-2.63667,1.14091,-4374.42,0
2.30343,3499.87,-0.614887,-2.57528,1.51553,-4397.05,0
2.30988,3499.88,-0.636126,-2.548,1.78822,-4379.98,0
2.31639,3499.89,-0.62414,-2.50919,3.67718,-4364.5,0
2.32292,3499.8,-0.739481,-2.53505,9.15979,-4390.22,0
2.32949,3499.79,-0.715886,-2.42221,6.76455,-4381.77,0
2.33601,3499.59,-0.736711,-2.44787,4.25051,-4455.33,0
2.34248,3499.65,-0.598518,-2.28707,6.89024,-4420.38,0
2.34899,3499.43,-0.535007,-2.35481,2.99715,-4500.59,0
2.3555,3499.34,-0.521539,-2.36934,5.75219,-4526.91,0
2.36202,3499.3,-0.416408,-2.18486,11.5788,-4529.18,0
2.36856,3499.33,-0.419833,-2.02365,8.65203,-4506.1,0
2.37507,3499.21,-0.544459,-1.93235,4.40993,-4543.19,0
2.38156,3499.18,-0.515689,-1.85591,10.2187,-4543.56,0
2.38804,3499.19,-0.509411,-1.70604,5.13944,-4527.02,0
2.39454,3499.07,-0.469025,-1.56484,4.46684,-4563.75,0
2.40106,3499,-0.437455,-1.42952,11.1421,-4581.9,0
2.40763,3498.93,-0.417044,-1.32769,3.86026,-4597.86,0
2.4141,3498.94,-0.367071,-1.15981,8.52736,-4582.57,0
2.42066,3498.91,-0.380529,-1.01152,3.43752,-4581.22,0
2.42723,3498.79,-0.312051,-0.910868,3.27672,-4617.66,0
2.43373,3498.68,-0.289706,-0.702464,4.38167,-4652.05,0
2.44028,3498.62,-0.168884,-0.460301,0.772786,-4664.36,3
2.44194,3498.57,-0.142291,-0.35815,1.17688,-4680.22,4
