0.00650697,3509.97,-0.127771,4.50173,0.104823,-4335.17,0
0.0130511,3509.93,-0.0940858,4.48762,0.441898,-5221.63,0
0.0195905,3509.67,-0.166433,4.38817,2.6766,-16835.6,0
0.0260978,3509.82,-0.227921,4.17772,1.23692,-7041.15,0
0.0325754,3509.9,-0.216831,4.20527,0.301968,-2988.77,0
0.0391046,3509.7,-0.17892,4.33429,1.7633,-7729.8,0
0.0456034,3509.78,-0.154778,4.29538,0.984305,-4792.81,0
0.0521278,3509.67,-0.0953327,4.46201,1.56653,-6386.03,0
0.0585979,3509.66,-0.173953,4.28679,1.53681,-5859.46,0
0.0651163,3509.61,-0.0285934,4.12199,1.98323,-5950.69,0
0.0716139,3509.72,-0.0305974,4.21365,0.626769,-3933.53,0
0.0780955,3509.71,-0.148047,4.29544,0.554805,-3776.7,0
0.0846223,3509.44,0.11744,4.40839,2.36418,-6587.2,0
0.0911299,3509.57,0.262676,4.46637,0.829387,-4688.78,0
0.0976158,3509.51,0.312286,4.37835,1.40439,-4993.92,0
0.104092,3509.39,0.257662,4.21899,2.43268,-5874.72,0
0.110606,3509.5,-0.0957901,4.13594,1.2652,-4485.9,0
0.117113,3509.31,-0.0154996,4.24715,2.71807,-5896.94,0
0.12361,3509.27,0.00261437,4.23657,2.53508,-5921.45,0
0.130131,3509.16,-0.0162456,4.35481,2.72314,-6486.49,0
0.136591,3509.22,-0.156025,4.46066,1.52623,-5695.95,0
0.143141,3509.26,-0.196026,4.34149,1.16299,-5198.13,0
0.149634,3509.1,-0.332325,4.19277,2.64574,-6022.03,0
0.156141,3509.08,-0.33645,4.28481,2.35631,-5916.9,0
0.162657,3508.99,-0.413484,4.24212,2.56181,-6185.17,0
0.169177,3509.1,-0.182321,4.1765,1.32888,-5296.94,0
0.175649,3508.98,-0.241867,3.9188,2.72355,-5803.85,0
0.182225,3509.17,-0.22826,3.72068,0.915181,-4574.98,0
0.188723,3509.18,0.109093,3.77046,0.658059,-4345.74,0
0.195217,3509.03,-0.0707618,3.7317,1.94279,-4977.94,0
0.201724,3508.81,-0.0428517,3.82753,3.2203,-5904.62,0
0.208221,3508.78,-0.183876,4.01843,2.61435,-5863.33,0
0.214674,3508.96,-0.198576,3.65858,1.02535,-4858.23,0
0.221188,3508.79,0.0263208,3.58622,2.41622,-5457.24,0
0.227685,3508.85,-0.11391,3.68218,1.29635,-5053.36,0
0.234204,3508.72,-0.134033,3.73837,2.27267,-5465.08,0
0.240736,3508.8,0.0700752,3.6814,1.40628,-4984.24,0
0.247268,3508.74,-0.0137345,3.47406,2.18769,-5114.11,0
0.253758,3508.86,0.265855,3.71131,0.116164,-4506.53,0
0.260227,3508.66,0.128611,3.79583,1.76183,-5138.88,0
0.266706,3508.77,0.0590717,3.4284,0.91676,-4597.78,0
0.273245,3508.63,0.0760398,3.22476,2.42889,-5025.98,0
0.279766,3508.74,0.153704,3.07249,1.27485,-4517.33,0
0.286278,3508.62,0.235218,2.94804,2.32162,-4826.59,0
0.292744,3508.67,0.290552,2.899,1.6247,-4539.71,0
0.299275,3508.8,0.157067,2.60515,0.537992,-4020.47,0
0.305796,3508.71,0.262934,2.30475,1.57828,-4224.08,0
0.312294,3508.55,0.21742,2.1138,2.96204,-4656.17,0
0.318756,3508.59,0.191652,2.02084,2.00593,-4423.48,0
0.325296,3508.72,-0.0329979,2.08749,0.301798,-3936.08,0
0.331817,3508.54,0.173696,2.1854,1.76072,-4401.95,0
0.33835,3508.54,-0.101381,2.03731,1.60731,-4302.9,0
0.344898,3508.41,0.0449814,1.90257,2.63041,-4613,0
0.351426,3508.27,-0.0915855,1.97097,3.45524,-4918.71,0
0.357914,3508.26,-0.145657,1.89642,2.81881,-4871.25,0
0.364446,3508.34,-0.379994,2.02165,1.27611,-4543.07,0
0.370962,3508.28,-0.335025,2.5821,1.12605,-4644.77,0
0.37749,3508.22,-0.295573,2.42964,1.68375,-4705.01,0
0.383992,3508.07,0.025097,2.50907,2.88748,-5037.94,0
0.390486,3507.98,0.274361,2.42927,3.1763,-5182.26,0
0.39701,3507.95,0.325208,2.59248,2.61122,-5167.25,0
0.403508,3508.06,0.351397,2.81463,0.715713,-4802.2,0
0.410027,3508.05,0.244892,2.65656,0.773789,-4746.52,0
0.41654,3507.95,0.31192,2.52661,1.71524,-4917.72,0
0.423036,3507.74,0.32797,2.50536,3.57424,-5346.39,0
0.42954,3507.67,0.278656,2.61275,3.36059,-5417.92,0
0.436073,3507.88,0.393389,2.56481,0.708866,-4859.15,0
0.442557,3507.88,-0.0039803,2.5792,0.618393,-4789.01,0
0.449098,3507.88,0.0573419,2.63143,0.342573,-4720.7,0
0.455592,3507.75,-0.0644868,2.66823,1.60246,-4940.68,0
0.462074,3507.78,0.159253,2.35329,1.19508,-4798.94,0
0.468554,3507.68,-0.0156316,2.29118,2.08198,-4946.86,0
0.475015,3507.62,0.00989276,2.35344,2.35764,-5015.57,0
0.481517,3507.54,0.134333,2.3904,2.61601,-5108.48,0
0.487993,3507.56,0.0783939,2.46323,1.80621,-5008.14,0
0.494502,3507.45,0.110361,2.39333,2.64831,-5154.82,0
0.500956,3507.35,0.0263288,2.42889,3.22972,-5294.08,0
0.507462,3507.47,0.142194,2.58801,1.0541,-4988.43,0
0.513992,3507.31,0.173257,2.63916,2.647,-5241.35,0
0.520515,3507.33,0.00244159,2.73948,1.76951,-5133.36,0
0.527029,3507.22,0.0176124,2.88801,2.34011,-5273.22,0
0.533566,3507.21,-0.0667515,2.83172,2.06436,-5235.66,0
0.540056,3507.09,0.0473686,2.72224,3.18037,-5393.31,0
0.546566,3507.24,0.231023,2.53694,1.23995,-5056.27,0
0.553109,3507.3,0.201134,2.4655,0.489658,-4885.17,0
0.559652,3507.15,0.0500398,2.32868,2.15346,-5089.57,0
0.566134,3507.14,0.0954518,2.03788,2.50577,-5047.93,0
0.572651,3507.2,0.233384,1.9448,1.57173,-4890.01,0
0.579161,3507.29,0.331061,1.97404,0.138727,-4674.04,0
0.585692,3507.17,0.184271,2.08698,1.3178,-4833.77,0
0.592201,3506.95,0.239959,2.11763,3.29456,-5157.48,0
0.598711,3506.91,0.232869,2.0622,3.0968,-5162.57,0
0.605224,3506.94,0.313484,2.04751,2.22357,-5062.21,0
0.61173,3506.9,0.528535,2.23007,1.9687,-5063.33,0
0.618237,3506.92,0.50253,1.72202,2.17335,-4987.79,0
0.624707,3506.95,0.667289,1.7743,1.08672,-4874.79,0
0.631215,3506.83,0.62161,2.18922,1.84434,-5027.6,0
0.63775,3506.95,0.494885,2.14018,0.418782,-4788.96,0
0.644267,3506.65,0.37998,2.15582,3.42547,-5195.55,0
0.650772,3506.63,0.328517,2.13091,2.9425,-5174.78,0
0.657268,3506.69,0.493106,2.17147,1.73438,-5040.07,0
0.663727,3506.59,0.516269,2.13787,2.55296,-5139.49,0
0.670214,3506.47,0.515312,2.38177,3.39892,-5268.35,0
0.676688,3506.42,0.536304,2.40459,3.27012,-5297.54,0
0.683216,3506.53,0.262075,2.10218,1.77769,-5073.9,0
0.689717,3506.37,0.33903,2.18039,3.1588,-5268.27,0
0.696279,3506.33,0.290418,2.16449,2.95661,-5268.84,0
0.702793,3506.47,0.458962,2.35604,0.590978,-5020.26,0
0.709321,3506.3,0.670483,2.30802,2.50108,-5214.73,0
0.715814,3506.3,0.742081,2.20861,2.33707,-5166.58,0
0.722311,3506.14,0.783953,2.31653,3.5248,-5339.34,0
0.728823,3506.12,0.91345,2.41782,2.79504,-5325.27,0
0.735374,3506.04,0.880362,2.42375,3.27639,-5387.92,0
0.74188,3505.98,0.855343,2.30487,3.45167,-5411.99,0
0.748374,3506.12,0.742707,2.27478,1.27862,-5184.04,0
0.754847,3506.1,0.632157,2.05186,1.8804,-5170.65,0
0.761318,3506.04,0.414259,2.22689,2.10416,-5197.27,0
0.767831,3506.11,0.20557,2.15116,1.33113,-5070.78,0
0.774346,3506.2,0.251411,1.79754,0.51761,-4904.38,0
0.780886,3506.2,0.214823,1.83303,0.349974,-4861.61,0
0.78737,3506.03,0.46246,1.85331,2.25456,-5043.25,0
0.793887,3506.11,0.5986,1.62486,1.32288,-4901.3,0
0.800409,3506.09,0.463485,1.65141,1.45064,-4883.27,0
0.806907,3506.17,0.34472,1.62383,0.358287,-4750.78,0
0.813432,3505.94,0.193141,1.55099,3.13459,-4992.73,0
0.819966,3505.91,0.238582,1.58718,2.69737,-4982.58,0
0.826466,3505.94,0.334927,1.70516,1.55357,-4909.07,0
0.832951,3505.94,0.784088,1.95892,0.691323,-4877.85,0
0.839436,3505.9,0.636072,1.98221,1.16977,-4889.57,0
0.845919,3505.66,0.497449,1.97381,3.79428,-5129.63,0
0.852405,3505.75,0.374668,2.1503,1.63528,-4983.54,0
0.858921,3505.64,0.708075,1.98231,2.90641,-5080.89,0
0.865423,3505.63,0.823609,1.93783,2.45998,-5054.38,0
0.871907,3505.73,0.8907,1.85318,0.617404,-4892.26,0
0.878394,3505.75,0.658176,1.78227,0.40079,-4843.44,0
0.884879,3505.66,0.646741,1.7438,1.36098,-4903.69,0
0.891394,3505.74,0.777726,1.63751,0.236031,-4782.24,0
0.897897,3505.57,0.748589,1.65779,2.38187,-4938.75,0
0.904387,3505.61,0.863795,1.45523,1.75693,-4852.68,0
0.910889,3505.64,1.0526,1.65161,0.644984,-4782.98,0
0.917409,3505.59,1.02438,1.63087,1.18145,-4802.41,0
0.923989,3505.47,1.09708,1.5514,2.61623,-4907.66,0
0.930469,3505.49,1.06622,1.6678,1.65893,-4846.35,0
0.936959,3505.35,1.07151,1.62685,3.34666,-4965.54,0
0.943523,3505.34,1.25556,1.74567,2.29446,-4938.38,0
0.950023,3505.4,0.986732,1.89907,1.23082,-4841.8,0
0.956578,3505.41,0.930663,1.68324,1.28825,-4800.65,0
0.963107,3505.32,0.883861,1.469,2.74813,-4856.75,0
0.969631,3505.29,0.845355,1.48609,2.64837,-4855.52,0
0.976106,3505.33,0.930715,1.40687,1.60268,-4785.9,0
0.98259,3505.36,0.977809,1.44969,0.705763,-4721.71,0
0.989072,3505.31,0.908549,1.28606,1.55085,-4738.76,0
0.995627,3505.23,0.749004,1.14463,2.91093,-4786.71,0
1.00211,3505.18,0.742506,1.19693,3.04787,-4814.76,0
1.00855,3505.19,0.714382,1.09332,2.4914,-4770.97,0
1.01507,3505.12,0.526854,1.1209,2.99342,-4809.51,0
1.02154,3505.28,0.587629,0.936031,0.453554,-4621.77,0
1.02807,3505.23,0.656724,0.836893,1.109,-4643.47,0
1.03459,3505.01,0.787913,0.64109,4.05032,-4825.39,0
1.0411,3505.02,0.706542,0.6878,3.12637,-4779.85,0
1.04761,3505.1,0.639316,0.745792,1.43818,-4679.41,0
1.05407,3505.03,0.448765,0.573421,2.58632,-4712.24,0
1.06059,3504.98,0.724545,0.376014,2.93939,-4732.66,0
1.06711,3505.03,0.912556,0.625677,1.41344,-4655.13,0
1.07358,3504.94,0.752262,0.799675,2.74802,-4713.44,0
1.08009,3504.87,0.741148,0.873361,3.29251,-4747.16,0
1.08664,3504.94,1.00278,0.937959,1.33851,-4653.36,0
1.09313,3504.76,1.02179,0.907505,3.66927,-4797.99,0
1.09964,3504.83,1.08107,0.931365,1.50457,-4702.63,0
1.10615,3504.7,1.22227,0.911389,2.96382,-4790.61,0
1.11267,3504.81,1.34216,0.880058,0.832129,-4667.24,0
1.11915,3504.72,1.23531,0.645702,2.38646,-4715.94,0
1.12564,3504.62,1.14715,0.956957,3.35488,-4777.91,0
1.13215,3504.67,1.1953,1.09367,1.54724,-4711.67,0
1.13871,3504.59,1.48633,1.24602,1.65478,-4749.14,0
1.1452,3504.63,1.53337,1.06951,0.994161,-4686.8,0
1.15172,3504.54,1.57962,1.19042,1.8804,-4737.96,0
1.1582,3504.5,1.78064,1.09163,1.9327,-4744.63,0
1.16471,3504.48,1.59863,1.17242,2.42234,-4740.79,0
1.17123,3504.41,1.5586,1.14991,3.24604,-4776.14,0
1.1777,3504.45,1.77881,0.920716,1.69335,-4708.53,0
1.18418,3504.41,1.76226,0.787569,2.47741,-4722.48,0
1.19066,3504.42,1.75233,0.658717,1.96665,-4682.38,0
1.19717,3504.44,1.95971,0.6848,0.720677,-4641.48,0
1.20366,3504.37,1.81526,0.730761,2.13268,-4675.99,0
1.21014,3504.36,1.84194,0.575462,1.977,-4661.38,0
1.21664,3504.29,1.8565,0.428012,2.9102,-4697.38,0
1.22314,3504.36,1.85271,0.11558,1.45127,-4612.49,0
1.22966,3504.24,1.75927,0.111354,3.53083,-4686.54,0
1.23612,3504.24,1.64904,-0.0280685,3.11941,-4662.39,0
1.24262,3504.24,1.56633,-0.0826553,2.51939,-4635.27,0
1.24916,3504.22,1.69271,-0.377122,1.99112,-4623.37,0
1.25566,3504.21,1.66543,-0.244409,2.14148,-4611.13,0
1.26218,3504.21,1.50886,-0.593319,1.77352,-4583.38,0
1.26867,3504.15,1.42872,-0.549986,2.54837,-4612.36,0
1.2752,3504.12,1.48613,-0.654116,2.23461,-4614.8,0
1.2817,3504.09,1.3543,-0.75244,2.52564,-4608.44,0
1.28822,3504.19,1.47093,-0.7518,0.266719,-4510.41,0
1.29475,3504.01,1.31098,-0.793009,3.49402,-4626.74,0
1.30125,3503.92,1.30783,-0.787886,4.13503,-4674.26,0
1.3078,3503.79,1.39355,-0.768029,4.73058,-4748.59,0
1.31431,3503.67,1.4289,-0.785663,5.10773,-4816.94,0
1.32082,3503.6,1.45252,-0.745573,4.51064,-4842.55,0
1.32737,3503.57,1.40544,-0.693665,3.85662,-4840.96,0
1.33387,3503.64,1.25992,-0.751484,2.2638,-4770.84,0
1.34037,3503.62,1.30397,-0.830406,1.9861,-4756.49,0
1.34692,3503.63,1.33916,-1.00954,1.23641,-4731.26,0
1.3534,3503.63,1.14864,-1.16036,1.08608,-4703.21,0
1.35991,3503.54,1.15023,-1.0292,3.03301,-4750.26,0
1.3664,3503.5,1.10351,-0.920638,3.59011,-4754.92,0
1.37291,3503.5,0.955463,-1.03569,3.10155,-4734.19,0
1.37943,3503.57,0.994715,-0.920381,1.4676,-4660.07,0
1.38591,3503.58,1.10148,-0.979156,0.350757,-4629.95,0
1.39242,3503.45,1.26277,-1.18875,1.86054,-4700.55,0
1.39892,3503.44,1.33178,-1.4492,0.797721,-4691.67,0
1.40542,3503.41,1.23205,-1.37432,1.80602,-4691.09,0
1.41192,3503.38,1.1778,-1.80037,0.606503,-4686.54,0
1.41843,3503.29,1.14691,-1.73825,2.64798,-4730.38,0
1.42494,3503.22,1.1093,-1.47398,4.55819,-4756.37,0
1.43147,3503.3,1.0815,-1.4918,2.46014,-4682.65,0
1.438,3503.16,1.13716,-1.82295,3.28638,-4753.51,0
1.44452,3503.22,1.10651,-1.58555,2.62087,-4692.05,0
1.45105,3503.24,0.927502,-1.70498,1.79288,-4662.13,0
1.45758,3503.13,0.843405,-1.51947,3.93569,-4710.65,0
1.46406,3503.21,0.651055,-1.44434,2.41919,-4639.16,0
1.47052,3503.11,0.611402,-1.35774,4.00468,-4682.92,0
1.47704,3503.14,0.481435,-1.42211,2.54865,-4643.12,0
1.48351,3503.08,0.294413,-1.30239,4.05705,-4663.65,0
1.48999,3502.99,0.245217,-1.32849,4.37373,-4705.24,0
1.49649,3503.01,0.0342532,-1.54757,2.3767,-4671.68,0
1.50302,3503,0.0553224,-1.28034,3.47954,-4656.73,0
1.50955,3503.03,0.167718,-1.30674,2.13216,-4616.53,0
1.51609,3503,0.152281,-1.06265,3.18006,-4615.75,0
1.52259,3503.07,-0.00443889,-0.994089,1.10261,-4551.83,0
1.5291,3503,-0.0435967,-1.05863,2.27702,-4580.35,0
1.53559,3502.95,0.063398,-0.895709,3.55283,-4591.79,0
1.5421,3502.81,0.131217,-0.966861,5.3495,-4663.71,0
1.5486,3502.86,0.11447,-0.822646,3.02898,-4609.21,0
1.55512,3502.78,0.0931402,-0.721438,4.27729,-4642.57,0
1.5616,3502.81,0.133385,-0.675809,2.41184,-4603.53,0
1.56809,3502.79,-0.117649,-0.615353,2.8755,-4599.78,0
1.57456,3502.79,-0.227994,-0.563086,2.31578,-4576.84,0
1.58109,3502.65,-0.182611,-0.737887,4.93015,-4646.75,0
1.58758,3502.63,-0.254219,-0.729245,4.19952,-4643.12,0
1.59408,3502.6,-0.261176,-0.812427,3.35296,-4643.22,0
1.60058,3502.53,-0.241843,-0.932107,3.8485,-4666.08,0
1.60709,3502.49,-0.284534,-1.00704,3.88047,-4670.71,0
1.61358,3502.48,-0.399416,-0.944964,3.95534,-4661.29,0
1.62012,3502.58,-0.497993,-0.892604,0.177769,-4582.94,0
1.62664,3502.52,-0.563222,-0.755576,1.74163,-4598.58,0
1.63313,3502.57,-0.541273,-0.673581,0.349536,-4546.61,0
1.63965,3502.58,-0.483795,-0.262248,0.871289,-4527.24,0
1.64621,3502.52,-0.33186,-0.37805,2.36597,-4545.85,0
1.65277,3502.47,-0.224642,-0.636266,2.7972,-4553.48,0
1.65929,3502.43,-0.0969994,-0.76937,3.32663,-4560.55,0
1.66577,3502.39,0.113664,-0.733051,4.16544,-4567.75,0
1.67223,3502.44,0.227318,-0.742542,1.98521,-4522.75,0
1.67873,3502.42,0.270194,-0.735736,1.79744,-4515.81,0
1.68525,3502.42,0.647274,-0.49712,1.25775,-4497.43,0
1.69178,3502.34,0.91398,-0.466701,2.1694,-4528.44,0
1.6983,3502.37,0.961105,-0.0581621,1.41211,-4495.1,0
1.70484,3502.26,0.999067,0.0595908,3.78471,-4540.32,0
1.71133,3502.2,1.16238,-0.0274889,3.5252,-4555.45,0
1.71784,3502.23,1.14947,0.0205606,2.55863,-4523.74,0
1.72435,3502.23,1.17054,0.0723974,1.8859,-4504.51,0
1.7309,3502.14,1.1866,0.276192,3.83474,-4538.92,0
1.73744,3502.12,1.17168,0.336233,3.37586,-4538.21,0
1.74395,3502,1.25494,0.163532,5.78362,-4589.02,0
1.75043,3502.05,1.18845,0.124633,3.33829,-4543.94,0
1.75693,3502.13,1.05961,-0.0596519,1.22607,-4480.21,0
1.76344,3502.14,0.86891,0.0807758,1.58571,-4458.16,0
1.76989,3502.14,0.932018,-0.0826213,0.476928,-4440.26,0
1.77637,3502.05,1.05423,-0.0162993,2.27102,-4476.65,0
1.78289,3501.96,0.995491,-0.000387731,4.87964,-4511.28,0
1.7894,3502,1.07246,-0.0385461,2.23121,-4471.13,0
1.79591,3502.05,1.00222,-0.0717897,0.611702,-4425.9,0
1.80242,3502.01,0.919246,0.0866473,2.20435,-4433.39,0
1.80896,3501.96,0.966214,0.0731865,2.92381,-4443.73,0
1.81546,3501.9,0.922629,0.247329,4.48021,-4463.91,0
1.82198,3501.9,0.917243,0.306862,3.23656,-4446.72,0
1.82851,3501.87,1.17688,0.293492,1.66927,-4444.67,0
1.83505,3501.8,1.37836,0.320541,1.93123,-4469.04,0
1.84151,3501.78,1.48902,0.350558,0.886801,-4463.36,0
1.848,3501.78,1.43477,0.613229,0.416233,-4448.86,0
1.85451,3501.77,1.34098,0.594557,1.30548,-4436.26,0
1.86105,3501.75,1.31071,0.628591,2.05029,-4434.83,0
1.86765,3501.66,1.35367,0.639893,3.69684,-4466.41,0
1.87413,3501.71,1.38384,0.410792,2.1947,-4424.33,0
1.88067,3501.76,1.26589,0.675701,0.362273,-4383.62,0
1.88717,3501.56,1.24019,0.658736,6.1346,-4474.55,0
1.89366,3501.52,1.26575,0.668763,4.48538,-4476.11,0
1.90011,3501.59,1.1756,0.733435,1.93214,-4423.43,0
1.90663,3501.53,1.03289,0.913914,3.97544,-4443.44,0
1.91317,3501.49,1.08801,1.04794,2.7178,-4447.56,0
1.91969,3501.41,1.23626,1.11591,2.92123,-4472.72,0
1.92615,3501.47,1.21508,0.872702,2.45752,-4429.37,0
1.93265,3501.41,1.119,0.913573,4.52013,-4444.21,0
1.93916,3501.44,1.19505,1.03942,1.07604,-4416.09,0
1.94568,3501.3,1.24669,1.26691,2.33638,-4470.28,0
1.95213,3501.28,1.19466,1.2273,3.55469,-4465.03,0
1.95858,3501.34,1.12542,1.18809,1.9957,-4419.49,0
1.96514,3501.29,1.07836,1.18797,3.99209,-4431.26,0
1.97168,3501.19,1.00116,1.15286,6.3747,-4468.42,0
1.97821,3501.14,1.05762,1.14075,5.40692,-4479.32,0
1.98473,3501.18,1.32755,1.00121,1.40665,-4445.85,0
1.99124,3501.05,1.39872,1.09845,3.59616,-4496.67,0
1.99777,3501.1,1.33023,1.0472,2.97096,-4457,0
2.00428,3501.21,1.3886,0.766093,0.219108,-4385.49,0
2.01082,3501.23,1.43879,0.446046,0.691583,-4363.31,0
2.01733,3501.05,1.49032,0.512857,5.24873,-4434.68,0
2.02382,3501.01,1.81376,0.29693,1.10401,-4441.2,0
2.03036,3500.93,1.69707,0.53429,4.21902,-4465.56,0
2.03684,3500.91,1.62817,0.520018,4.67427,-4462.18,0
2.04333,3500.91,1.60955,0.537583,3.64677,-4448.96,0
2.04982,3500.95,1.61886,0.583052,1.14254,-4417,0
2.05629,3501.01,1.51993,0.392621,1.37495,-4373.3,0
2.06278,3500.91,1.50393,0.486822,3.78755,-4405.03,0
2.06929,3500.94,1.46541,0.417222,3.51902,-4377.56,0
2.07578,3500.95,1.34249,0.257526,5.29948,-4359.82,0
2.08227,3500.94,1.26519,0.249853,6.03396,-4351.47,0
2.08883,3500.89,1.25607,0.307016,5.33575,-4359.14,0
2.09535,3500.94,1.17797,0.297967,4.55042,-4325.72,0
2.10186,3500.92,1.19041,0.294821,2.18228,-4318.19,0
2.10834,3501.05,1.00099,0.187515,0.0570499,-4246.67,0
2.11484,3500.93,1.10345,0.272316,3.21719,-4290.67,0
2.12131,3500.85,1.12886,0.624393,3.06291,-4314.91,0
2.12782,3500.84,1.26617,0.606755,0.295266,-4305.94,0
2.13428,3500.81,1.19159,0.409802,4.69492,-4307.39,0
2.14079,3500.85,1.02583,0.597983,3.59839,-4275.77,0
2.1473,3500.89,1.02787,0.501491,1.62574,-4241.6,0
2.15381,3500.82,1.06983,0.624054,2.15357,-4264.51,0
2.16037,3500.77,1.10313,0.689336,2.40608,-4273.54,0
2.16687,3500.76,1.09308,0.740746,2.06886,-4265.91,0
2.17339,3500.74,1.09572,0.564805,3.039,-4259.03,0
2.17992,3500.73,0.961893,0.735611,3.43974,-4250.58,0
2.18643,3500.63,0.913019,0.761376,6.88261,-4286.25,0
2.19296,3500.58,0.91803,0.768233,4.94647,-4295.27,0
2.19945,3500.66,0.980887,0.642107,0.795575,-4247.41,0
2.20596,3500.57,0.992211,0.707114,3.66994,-4275.66,0
2.21244,3500.6,0.944613,0.630632,2.85796,-4247.73,0
2.21899,3500.5,0.814665,0.636695,8.07957,-4281.21,0
2.22551,3500.53,0.834273,0.613251,1.44662,-4256.77,0
2.23199,3500.39,0.794591,0.735418,5.9784,-4305.57,0
2.2385,3500.37,0.865544,0.70129,4.48635,-4303.62,0
2.24501,3500.41,0.839467,0.621683,3.04465,-4271.07,0
2.25145,3500.35,0.805156,0.622184,5.65823,-4284.36,0
2.25798,3500.3,0.768382,0.595706,6.91768,-4294.08,0
2.2645,3500.23,0.740599,0.572387,7.98496,-4315.82,0
2.27098,3500.23,0.628789,0.656585,4.51244,-4300.56,0
2.27746,3500.23,0.615622,0.594942,6.39624,-4288.24,0
2.28397,3500.26,0.622224,0.583058,0.488236,-4263.08,0
2.29043,3500.22,0.564343,0.598307,4.48797,-4270.14,0
2.29695,3500.22,0.453437,0.58219,5.34156,-4257.16,0
2.30343,3500.29,0.449606,0.408192,3.80745,-4217.33,0
2.30997,3500.26,0.356754,0.502187,0.904367,-4214.83,0
2.31648,3500.14,0.329688,0.53257,7.70512,-4258.01,0
2.323,3500.06,0.291496,0.459352,6.80772,-4278.73,0
2.32953,3500.03,0.284434,0.362975,4.28451,-4278.47,0
2.33608,3499.97,0.259821,0.288388,9.82035,-4291.41,0
2.34262,3499.96,0.1803,0.195766,3.38019,-4286.63,0
2.34917,3499.95,0.0355971,0.110101,9.19973,-4278.54,0
2.34934,3499.95,0.0490058,0.0978405,8.83995,-4276.43,0
