0.00652558,3509.71,-1.59158,-1.59979,2.48499,-44183,0
0.0129575,3509.88,-1.48224,-1.34914,0.987612,-9527.36,0
0.0194513,3509.96,-1.67261,-1.0626,0.170894,-2145.41,0
0.0259751,3509.89,-1.81793,-1.10682,0.632539,-4313.09,0
0.0324475,3509.86,-2.17638,-1.20698,0.534329,-4380.05,0
0.0389528,3509.82,-2.25773,-1.20797,0.749176,-4520.04,0
0.0454204,3509.84,-2.06725,-1.39606,0.504377,-3546.58,0
0.0519287,3509.65,-2.12909,-1.17062,1.89358,-6709.29,0
0.058423,3509.76,-2.06484,-1.42799,0.590956,-4185.17,0
0.0648956,3509.69,-1.8606,-1.27402,1.271,-4719.03,0
0.0714012,3509.8,-1.60019,-1.20966,0.318908,-2828.6,0
0.0778955,3509.8,-1.77776,-1.01582,0.206695,-2519.28,0
0.0844063,3509.7,-2.09475,-0.93017,0.917304,-3529.22,0
0.0908764,3509.49,-2.0322,-0.963598,2.6802,-5610.31,0
0.0974114,3509.37,-2.11535,-1.11068,3.12189,-6421.61,0
0.103944,3509.5,-2.44258,-1.0825,1.06694,-4812.45,0
0.110461,3509.38,-2.63591,-0.97828,1.8621,-5588.88,0
0.116991,3509.46,-2.51877,-1.04947,0.869699,-4619.65,0
0.12353,3509.28,-2.42496,-1.16558,2.38549,-5831,0
0.130074,3509.21,-2.52892,-1.14721,2.37447,-6055.83,0
0.1366,3509.39,-2.4191,-1.08425,0.456453,-4491.43,0
0.143133,3509.29,-2.5679,-1.40909,1.01253,-4968.59,0
0.149618,3509.39,-2.4918,-1.39743,0.110283,-4100.49,0
0.156117,3509.27,-2.3765,-1.575,1.17836,-4673.54,0
0.162622,3509.33,-2.24402,-1.5527,0.599048,-4122.23,0
0.169124,3509.35,-1.85253,-1.41455,0.667192,-3866.17,0
0.175634,3509.09,-1.85046,-1.35968,2.99169,-5195.51,0
0.182137,3509.34,-1.69124,-1.32633,0.184279,-3633.26,0
0.18866,3509.27,-1.54064,-1.26184,0.847721,-3864.34,0
0.195199,3509.27,-1.72662,-1.19529,0.637551,-3733.71,0
0.201658,3509.19,-1.6645,-1.04062,1.25652,-3998.69,0
0.208138,3509.24,-1.78541,-0.740981,0.750769,-3656.14,0
0.214673,3508.99,-1.70931,-0.707737,3.01148,-4693.28,0
0.221142,3508.9,-1.70058,-0.748735,3.17475,-4955,0
0.227649,3509.01,-1.60691,-0.630761,1.7105,-4337.57,0
0.234128,3508.77,-1.72323,-0.847083,3.36169,-5238.98,0
0.240605,3508.71,-1.69632,-0.893717,3.22056,-5364.37,0
0.24709,3508.81,-1.67896,-0.936111,1.65065,-4816.79,0
0.25363,3508.78,-1.66144,-0.91392,1.85672,-4813.49,0
0.260101,3508.67,-1.70749,-1.06556,2.53749,-5125.14,0
0.266578,3508.55,-1.60487,-0.748777,3.28708,-5442.74,0
0.273095,3508.66,-1.57604,-0.703204,1.72159,-4915.65,0
0.279625,3508.51,-1.53693,-0.920663,2.82864,-5339.35,0
0.28609,3508.55,-1.47858,-0.821427,1.94957,-5084.97,0
0.292609,3508.64,-1.61798,-0.686399,0.711864,-4660,0
0.299117,3508.35,-1.59494,-0.535474,3.32871,-5532.26,0
0.30565,3508.31,-1.70907,-0.621076,2.96219,-5513.5,0
0.312195,3508.54,-1.63137,-0.794415,0.279164,-4661.18,0
0.318724,3508.37,-1.59762,-0.934393,2.00891,-5122.76,0
0.325242,3508.5,-1.51254,-0.704266,0.616192,-4618.42,0
0.331748,3508.47,-1.48032,-0.765566,0.736493,-4607.19,0
0.338294,3508.39,-1.46887,-1.02541,1.32774,-4758.23,0
0.344782,3508.28,-1.5056,-1.09757,2.03744,-4985.85,0
0.351278,3508.27,-1.60365,-0.979214,1.93232,-4930.53,0
0.357824,3508.24,-1.50903,-1.02768,2.05033,-4922.68,0
0.364306,3508.2,-1.59687,-0.848091,2.16876,-4929.83,0
0.370814,3508.05,-1.57725,-0.830644,3.27102,-5249.86,0
0.377302,3508.08,-1.69103,-0.805017,2.25453,-5088.66,0
0.383841,3508.07,-1.86584,-0.660291,1.8961,-5019.68,0
0.390391,3507.82,-1.85814,-0.780285,4.01511,-5596.78,0
0.396914,3507.83,-1.74152,-0.710707,3.16909,-5473.85,0
0.40342,3507.9,-1.64245,-0.706266,1.89304,-5209.63,0
0.409931,3507.95,-1.50182,-0.663815,1.20776,-4989.16,0
0.416472,3507.93,-1.68671,-0.665253,1.17542,-4976.36,0
0.422932,3507.76,-1.79993,-0.590073,2.70315,-5294.16,0
0.429469,3507.75,-1.85359,-0.676696,2.3585,-5250.45,0
0.43595,3507.92,-1.62599,-0.616645,0.522995,-4768.49,0
0.442446,3507.91,-1.56879,-0.657266,0.547428,-4717.49,0
0.448942,3507.82,-1.68719,-0.79478,1.33937,-4852.42,0
0.455425,3507.9,-1.82967,-0.815293,0.11214,-4600.32,0
0.461973,3507.77,-1.84438,-0.860635,1.28794,-4837.82,0
0.468518,3507.75,-1.91906,-0.814072,1.0871,-4794.75,0
0.475032,3507.55,-1.96983,-0.595414,3.11705,-5161.89,0
0.481534,3507.59,-1.95049,-0.580451,2.28363,-5007.18,0
0.488031,3507.63,-1.90591,-0.565491,1.57616,-4851.11,0
0.494582,3507.71,-1.96636,-0.487595,0.458864,-4634.51,0
0.501044,3507.58,-1.9879,-0.678138,1.47044,-4822.24,0
0.507548,3507.58,-1.69296,-0.624308,1.43042,-4759.12,0
0.514047,3507.56,-1.49545,-0.570565,1.61255,-4746.08,0
0.520552,3507.51,-1.48184,-0.690465,1.80126,-4781.32,0
0.527063,3507.37,-1.51705,-0.859871,2.81005,-4995.53,0
0.5336,3507.41,-1.97565,-0.858464,1.32118,-4854.56,0
0.540112,3507.27,-2.01142,-0.780717,2.61833,-5062.93,0
0.546632,3507.35,-2.07848,-0.731271,1.39623,-4849.39,0
0.553104,3507.17,-1.98269,-0.66234,3.16238,-5121.8,0
0.559638,3507.11,-2.11235,-0.836554,2.82744,-5165.29,0
0.566114,3507.23,-2.24051,-0.989724,0.790675,-4896.8,0
0.572622,3507.17,-2.50245,-1.2194,0.705855,-4935.05,0
0.579147,3507.13,-2.0996,-1.04769,1.71024,-4956.07,0
0.585685,3507.06,-2.18059,-1.00725,1.86418,-5020.74,0
0.592187,3507.03,-2.23018,-1.03384,1.62346,-5017.49,0
0.598689,3507.08,-2.15504,-1.263,0.597909,-4869.04,0
0.605186,3507.06,-2.15298,-1.21483,0.726833,-4850.56,0
0.611667,3507,-2.34931,-1.06252,1.01193,-4907.61,0
0.618225,3506.89,-2.41112,-1.128,1.98657,-5026.77,0
0.624725,3506.91,-2.43196,-1.18216,1.55294,-4949.01,0
0.631216,3506.92,-2.36172,-1.22608,0.926112,-4877.4,0
0.637725,3506.86,-2.15478,-0.967722,2.05832,-4931.2,0
0.644234,3506.82,-2.22911,-1.132,1.87947,-4935.85,0
0.650831,3506.7,-2.399,-1.15364,2.46051,-5064.12,0
0.657348,3506.62,-2.7533,-1.01654,2.71787,-5146.91,0
0.663836,3506.55,-2.62966,-0.909249,3.33038,-5196.96,0
0.670351,3506.66,-2.42374,-0.726692,2.0388,-4978.79,0
0.676874,3506.79,-2.33044,-0.67088,0.407998,-4738.76,0
0.68336,3506.62,-2.40356,-0.88211,2.05801,-4948.86,0
0.689859,3506.64,-2.23202,-0.849026,1.99768,-4876.86,0
0.696379,3506.44,-2.23359,-0.916292,3.64302,-5105.64,0
0.702919,3506.61,-2.34418,-0.994384,0.926768,-4816.58,0
0.709421,3506.58,-2.16453,-0.994678,1.53268,-4816.84,0
0.715943,3506.62,-1.91289,-1.1111,0.990391,-4721.09,0
0.722474,3506.53,-1.99788,-1.15192,1.77224,-4805.97,0
0.728951,3506.46,-2.05448,-0.833122,2.48735,-4858.53,0
0.735496,3506.36,-2.05153,-0.845374,3.08052,-4949.52,0
0.742004,3506.34,-2.18519,-0.95651,2.6001,-4930,0
0.748512,3506.33,-2.56029,-0.992297,1.78117,-4907.38,0
0.755041,3506.2,-2.60957,-0.978768,2.71676,-5027.78,0
0.761533,3506.13,-2.6989,-0.936021,3.10192,-5084.03,0
0.768014,3506.11,-2.70193,-1.00128,2.64533,-5069.18,0
0.774515,3506.2,-2.85551,-0.884682,0.821986,-4900.41,0
0.781029,3506.08,-2.87317,-0.965472,2.15635,-5019.78,0
0.787514,3505.99,-2.94162,-0.910056,2.60879,-5095.22,0
0.79403,3505.99,-3.19368,-1.04736,1.52653,-5049.34,0
0.800552,3505.81,-3.36408,-1.17819,2.88219,-5239.03,0
0.807085,3505.68,-3.38791,-1.10074,3.73851,-5356.91,0
0.813577,3505.67,-3.36036,-1.08221,3.06476,-5326.38,0
0.820123,3505.61,-3.4337,-0.919304,3.11955,-5350.6,0
0.826626,3505.57,-3.34055,-1.0164,3.13008,-5358.76,0
0.833163,3505.55,-3.33406,-0.955559,2.69673,-5345.82,0
0.839716,3505.52,-3.14421,-1.09074,2.99103,-5333.05,0
0.846266,3505.66,-3.21846,-1.16031,0.496477,-5124.85,0
0.852757,3505.65,-3.33673,-1.06839,0.346561,-5106.76,0
0.859287,3505.59,-2.98783,-1.0243,1.75173,-5126.42,0
0.865795,3505.47,-2.8905,-0.943147,3.0866,-5235.88,0
0.872322,3505.57,-2.9311,-1.18385,0.996547,-5078.01,0
0.878829,3505.57,-2.98911,-1.22239,0.619019,-5040.81,0
0.885303,3505.5,-2.92071,-1.50309,1.19453,-5080.98,0
0.89184,3505.26,-2.88562,-1.65121,3.92552,-5318.99,0
0.898325,3505.48,-2.93802,-1.67795,0.194084,-5035.74,0
0.904853,3505.28,-3.17972,-1.38419,2.30119,-5219.44,0
0.911383,3505.3,-3.25785,-1.33958,1.68407,-5162.39,0
0.917889,3505.18,-3.45717,-1.36374,2.48983,-5255.18,0
0.92442,3505.13,-3.56345,-1.45608,2.25023,-5266.48,0
0.930935,3505.02,-3.57909,-1.49467,3.19392,-5353.8,0
0.937425,3504.92,-3.58028,-1.39682,3.81547,-5415.41,0
0.943896,3504.98,-3.40811,-1.33222,2.99333,-5323.31,0
0.950431,3504.9,-3.34189,-1.27304,3.50627,-5366.42,0
0.956899,3504.87,-3.36375,-1.20343,3.08754,-5358.32,0
0.963448,3504.93,-3.1735,-0.983159,2.65356,-5259.1,0
0.969942,3504.86,-3.26579,-0.978048,2.80447,-5296.06,0
0.976428,3504.81,-3.25272,-0.827525,3.29673,-5318.7,0
0.982949,3504.74,-3.21638,-0.822668,3.39655,-5348.94,0
0.989458,3504.84,-3.45863,-0.751286,0.62774,-5215.51,0
0.995973,3504.81,-3.47973,-0.731622,0.82467,-5212.91,0
1.00246,3504.62,-3.55153,-0.947913,2.55501,-5364.33,0
1.00892,3504.65,-3.49254,-0.906172,2.10292,-5301.6,0
1.01547,3504.67,-3.44787,-0.890195,1.56777,-5244.43,0
1.02196,3504.7,-3.34148,-0.946112,1.27277,-5190.46,0
1.02845,3504.67,-3.24779,-0.786685,2.03374,-5177.74,0
1.03495,3504.71,-3.08198,-0.662818,1.68818,-5114.52,0
1.04147,3504.72,-2.96052,-0.421605,1.78894,-5065.17,0
1.04796,3504.72,-3.01077,-0.22279,1.52245,-5034.08,0
1.05449,3504.55,-3.41591,-0.208047,2.44658,-5171.13,0
1.06102,3504.57,-3.55652,-0.178106,1.33932,-5119.03,0
1.06746,3504.42,-3.50298,-0.283401,3.24739,-5229.98,0
1.07398,3504.41,-3.69154,-0.457404,1.77769,-5201.22,0
1.08047,3504.38,-3.64079,-0.321903,2.20601,-5198.73,0
1.08699,3504.34,-3.57753,-0.378091,2.67541,-5207.13,0
1.09347,3504.38,-3.36166,-0.507351,2.50484,-5142.56,0
1.09998,3504.49,-3.0666,-0.663454,1.55774,-5011.3,0
1.10649,3504.33,-3.03454,-0.722773,3.52999,-5126.79,0
1.113,3504.4,-3.14466,-0.731769,1.50345,-5031.77,0
1.11948,3504.48,-3.10011,-0.851198,0.159935,-4927.86,0
1.126,3504.37,-3.05819,-0.683634,2.0826,-5003.88,0
1.13252,3504.33,-3.14101,-0.548218,2.05858,-5009.73,0
1.13902,3504.45,-3.00143,-0.453427,0.581257,-4872.49,0
1.14555,3504.43,-2.90419,-0.356673,1.1947,-4864.31,0
1.15203,3504.4,-3.05517,-0.236882,0.758121,-4858.3,0
1.15853,3504.23,-3.04935,-0.319464,2.99241,-4976.4,0
1.16504,3504.19,-3.1824,-0.331053,2.71994,-4989.52,0
1.17152,3504.12,-3.12804,-0.0109174,3.50055,-5016.95,0
1.17801,3504.26,-2.92473,-0.0614424,1.80945,-4876.29,0
1.18458,3504.15,-2.84128,0.0265657,3.41671,-4939.17,0
1.1911,3504.06,-2.86656,0.0834354,3.99578,-4983.81,0
1.19757,3504.2,-2.68556,0.0981297,1.98846,-4839.27,0
1.20406,3504.22,-2.35813,0.419642,2.72201,-4802.43,0
1.21052,3504.28,-2.38923,0.431308,1.12076,-4728.49,0
1.21702,3504.14,-2.33348,0.546862,3.07015,-4813.19,0
1.22354,3504.11,-2.24264,0.608157,3.21243,-4816.84,0
1.23001,3504.05,-2.23197,0.776709,3.42322,-4839.88,0
1.23649,3504.04,-2.48613,0.612116,2.30593,-4821.3,0
1.24298,3503.99,-2.88632,0.940526,0.844562,-4836.83,0
1.24949,3503.92,-2.96405,0.942632,1.34047,-4863.8,0
1.25597,3503.84,-3.20677,0.996235,1.38444,-4904.06,0
1.26244,3503.75,-3.0965,1.24317,2.75545,-4952.09,0
1.26895,3503.66,-3.2217,1.14115,3.07439,-4994.82,0
1.27541,3503.59,-3.32185,1.12398,3.14662,-5028.75,0
1.28195,3503.67,-3.47324,1.10151,0.522382,-4934.99,0
1.28846,3503.61,-3.51116,1.31756,0.748824,-4958.39,0
1.29501,3503.5,-3.46978,1.21022,2.72971,-5022.43,0
1.30149,3503.53,-3.27865,1.02815,3.26164,-4971.18,0
1.308,3503.53,-3.16991,1.19356,3.11704,-4949.95,0
1.31452,3503.43,-3.24812,1.15076,3.98283,-5001.57,0
1.32098,3503.42,-3.10259,1.22561,3.74862,-4984.37,0
1.32751,3503.44,-2.87386,1.26535,3.72425,-4937.88,0
1.33403,3503.46,-2.85764,1.26641,2.7369,-4902.58,0
1.34054,3503.42,-2.75495,1.20297,3.4398,-4906.77,0
1.34706,3503.46,-2.92352,1.1454,1.3251,-4857.94,0
1.35356,3503.36,-2.76202,1.44159,2.8117,-4908.56,0
1.36007,3503.26,-2.80085,1.41537,3.56705,-4956.13,0
1.36657,3503.35,-2.65614,1.4232,2.44189,-4869.77,0
1.37307,3503.33,-2.74707,1.32863,1.8169,-4859.49,0
1.37959,3503.3,-2.67966,1.41703,1.87238,-4855.68,0
1.38607,3503.26,-2.61993,1.39713,2.62108,-4859.53,0
1.39252,3503.18,-2.7642,1.55701,2.57351,-4896.57,0
1.39904,3503.28,-2.5676,1.60996,1.30407,-4805.28,0
1.40555,3503.2,-2.43588,1.45352,3.53074,-4841.16,0
1.41205,3503.25,-2.38221,1.33825,2.27167,-4779.42,0
1.41856,3503.23,-2.44688,1.45871,1.57504,-4769.55,0
1.42509,3503.25,-2.28264,1.57095,1.38284,-4738.38,0
1.43159,3503.24,-2.03085,1.47482,2.79979,-4724.41,0
1.43809,3503.15,-1.9338,1.47038,4.09305,-4759.85,0
1.44462,3503.11,-1.82518,1.50213,4.32023,-4768.24,0
1.45113,3503.23,-1.89161,1.43499,1.13809,-4668.65,0
1.45763,3503.19,-1.825,1.59545,1.36198,-4670.5,0
1.46414,3503.05,-1.83187,1.62466,3.4903,-4749.38,0
1.47066,3503.01,-1.93725,1.46591,3.80009,-4755.08,0
1.47714,3503.15,-1.94453,1.26708,1.14253,-4637.01,0
1.48365,3503.12,-2.0051,1.00806,1.94179,-4634.31,0
1.49015,3503.09,-1.88065,0.948477,2.94672,-4636.88,0
1.49668,3503.13,-1.84485,0.833549,2.08529,-4588.58,0
1.50321,3503.1,-1.89734,0.767456,2.47013,-4591.39,0
1.50974,3503.15,-1.85626,0.735871,1.1873,-4540.5,0
1.51621,3503.15,-1.7439,0.537991,1.75435,-4518.1,0
1.52269,3503.07,-1.89964,0.425677,2.47605,-4552.64,0
1.52922,3503.11,-1.68426,0.504306,2.22352,-4507.96,0
1.53574,3503.09,-1.64483,0.240868,2.58605,-4499.36,0
1.54223,3503.02,-1.92266,0.337184,2.10893,-4524.47,0
1.54876,3503.08,-1.60417,0.389895,2.06194,-4468.86,0
1.5552,3503.01,-1.62177,0.285706,3.21553,-4495.44,0
1.56171,3502.95,-1.69709,0.59531,3.34433,-4514.69,0
1.56822,3503.03,-1.71492,0.601912,0.886262,-4445.94,0
1.57474,3502.91,-1.74665,0.528028,2.9837,-4500.76,0
1.58124,3502.99,-1.67374,0.467689,1.14775,-4432.36,0
1.58776,3502.98,-1.61656,0.409106,1.54745,-4419.73,0
1.59426,3502.95,-1.77109,0.27355,1.09809,-4423.79,0
1.60077,3502.81,-1.82986,0.178713,3.25962,-4489.67,0
1.6073,3502.76,-1.85837,0.109112,3.34459,-4504.52,0
1.61383,3502.68,-1.94824,-0.00860768,3.87699,-4538.8,0
1.62033,3502.65,-1.78251,0.0344635,4.54325,-4537.73,0
1.62681,3502.77,-1.58714,0.103313,1.68076,-4442.41,0
1.63334,3502.71,-1.31708,0.00725412,4.17679,-4463.48,0
1.6398,3502.73,-1.27276,-0.0596336,2.66019,-4434.91,0
1.64628,3502.65,-1.18898,-0.0788408,4.2266,-4467.55,0
1.65281,3502.56,-1.2694,-0.105171,5.05702,-4503.27,0
1.6593,3502.59,-1.1543,-0.0905003,3.61079,-4466.67,0
1.66582,3502.5,-1.1244,-0.045844,5.18922,-4501.27,0
1.6723,3502.46,-1.06443,0.0385381,4.91453,-4508.37,0
1.67879,3502.42,-0.913548,0.132576,4.31868,-4516.5,0
1.6853,3502.34,-1.06146,0.396835,4.47736,-4542.52,0
1.69184,3502.35,-1.15392,0.445856,2.92008,-4519.42,0
1.69836,3502.32,-1.16134,0.323258,3.81565,-4524.23,0
1.70484,3502.36,-1.12104,0.228347,2.24851,-4481.8,0
1.71135,3502.31,-1.04469,0.431799,3.3492,-4495.08,0
1.71788,3502.42,-0.860297,0.322255,0.815707,-4411.94,0
1.7244,3502.36,-1.00577,0.351659,1.38908,-4430.02,0
1.73091,3502.28,-1.11676,0.563391,2.14453,-4461.35,0
1.73747,3502.19,-1.35271,0.397743,3.22483,-4495.76,0
1.74396,3502.28,-1.26876,0.298629,1.06111,-4428.61,0
1.75047,3502.3,-1.11944,0.146888,1.00437,-4397.13,0
1.75698,3502.29,-0.934274,0.0292152,2.25997,-4390.25,0
1.76349,3502.28,-0.905033,0.0312586,2.18904,-4377.72,0
1.76998,3502.26,-0.9136,-0.0543822,2.44324,-4373.57,0
1.77651,3502.17,-0.975358,-0.195518,3.91399,-4407.22,0
1.78305,3502.27,-0.811222,-0.155044,1.35114,-4337.32,0
1.78955,3502.15,-0.953822,-0.0804403,3.3083,-4387.8,0
1.79608,3502.16,-0.70768,-0.176565,3.55406,-4363.37,0
1.80257,3502.13,-1.02092,0.0230166,2.66086,-4367.07,0
1.80904,3502.15,-1.17367,-0.0537626,0.547998,-4337.76,0
1.81558,3502.07,-1.16302,-0.1104,2.87159,-4366.42,0
1.82208,3502.13,-1.16889,-0.0837303,0.801078,-4321.53,0
1.82857,3501.98,-1.25133,-0.351062,3.82539,-4386.44,0
1.83505,3501.96,-1.38157,-0.188651,2.79219,-4380.25,0
1.84152,3501.96,-1.18579,-0.230122,3.72706,-4364.34,0
1.84801,3501.94,-1.10109,-0.182925,4.70211,-4361.29,0
1.85452,3501.9,-1.01264,-0.215778,5.24019,-4366.44,0
1.86101,3502,-0.87869,-0.229755,1.69649,-4296.7,0
1.86752,3501.97,-0.818098,-0.144456,2.94845,-4300.58,0
1.87403,3501.96,-0.758009,-0.076263,2.63969,-4287.64,0
1.88054,3501.97,-0.672045,-0.215129,2.41449,-4270.2,0
1.88708,3501.92,-0.778557,-0.227147,3.23173,-4282.3,0
1.89362,3501.96,-0.583807,-0.401464,1.92505,-4245.38,0
1.90012,3501.97,-0.664754,-0.260934,1.06956,-4223.87,0
1.90662,3501.84,-0.720081,-0.275317,4.77926,-4279.94,0
1.91311,3501.77,-0.716698,-0.329613,5.52953,-4300.2,0
1.91957,3501.82,-0.7079,-0.426369,2.39933,-4263.48,0
1.92604,3501.82,-0.739254,-0.505852,1.30109,-4247.27,0
1.93256,3501.83,-0.720467,-0.473197,0.842892,-4226.2,0
1.93909,3501.77,-0.526146,-0.5204,3.32823,-4242.51,0
1.94559,3501.73,-0.62176,-0.498588,3.72017,-4249.88,0
1.95213,3501.77,-0.547694,-0.273595,3.09574,-4216.77,0
1.95866,3501.82,-0.543364,-0.412042,0.250991,-4176.33,0
1.96519,3501.68,-0.590383,-0.606536,3.95583,-4234.75,0
1.97172,3501.6,-0.452668,-0.592884,6.27108,-4261.95,0
1.97822,3501.56,-0.380317,-0.531524,5.15834,-4264.21,0
1.98473,3501.52,-0.369627,-0.494526,4.8485,-4270.67,0
1.99121,3501.46,-0.33752,-0.50781,5.10549,-4289.45,0
1.9977,3501.43,-0.284397,-0.413993,5.05202,-4292.18,0
2.0042,3501.31,-0.207713,-0.452181,7.64053,-4335.74,0
2.0107,3501.28,-0.307036,-0.365209,5.29302,-4338.79,0
2.01726,3501.21,-0.322038,-0.39634,5.47388,-4359.71,0
2.02375,3501.21,-0.262637,-0.458216,3.41152,-4343.31,0
2.03025,3501.19,-0.258735,-0.377727,3.68619,-4340,0
2.03674,3501.22,-0.235765,-0.402509,1.43304,-4311.62,0
2.04324,3501.22,-0.341061,-0.252791,1.0474,-4295.77,0
2.04975,3501.13,-0.390441,-0.170243,5.29507,-4325.99,0
2.05627,3501.17,-0.492739,-0.21467,1.27677,-4293.9,0
2.06277,3501.14,-0.480857,-0.0166154,2.69066,-4296.59,0
2.06926,3501.13,-0.522886,0.274114,1.43284,-4288.82,0
2.07576,3501,-0.553668,0.267924,6.81834,-4336.35,0
2.08225,3500.98,-0.562059,0.390626,5.15642,-4330.57,0
2.08877,3500.95,-0.554518,0.322549,4.05977,-4331.6,0
2.09529,3500.92,-0.506706,0.410902,4.79114,-4335.28,0
2.1018,3500.94,-0.392775,0.39956,3.07982,-4310.73,0
2.10835,3500.88,-0.507911,0.317971,5.06926,-4325.25,0
2.11483,3500.85,-0.460781,0.22732,5.44966,-4325.22,0
2.12134,3500.85,-0.344941,0.24881,5.06671,-4312.81,0
2.12782,3500.85,-0.328512,0.0835012,2.37869,-4301.87,0
2.13431,3500.77,-0.276389,0.0539844,6.71921,-4324.37,0
2.14082,3500.83,-0.136829,-0.0254843,1.66198,-4282.3,0
2.14727,3500.74,-0.0346501,-0.422853,3.51857,-4311.06,0
2.15378,3500.67,-0.19116,-0.461677,5.94176,-4330.73,0
2.16026,3500.68,-0.257837,-0.38436,3.99191,-4312.09,0
2.16678,3500.73,-0.22617,-0.272125,1.81444,-4277.26,0
2.1733,3500.72,-0.155192,-0.159349,4.54301,-4270.82,0
2.17981,3500.6,-0.177798,-0.0979376,10.7415,-4313.84,0
2.18633,3500.56,-0.169576,-0.0110619,2.33549,-4318.51,0
2.19286,3500.39,-0.216092,-0.0612513,8.73923,-4381.47,0
2.19938,3500.35,-0.149386,-0.0710952,4.44005,-4385.71,0
2.20588,3500.28,-0.0801615,-0.0277018,0.241276,-4404.88,0
2.2124,3500.13,-0.0543843,0.0939225,1.58273,-4459.89,0
2.21361,3500.07,-0.0425338,0.0525185,6.18618,-4484.29,1
