0.00648767,3509.84,2.97787,8.51281,2.22428,-24890.2,0
0.0130044,3509.78,2.89676,8.47414,2.67579,-16626.3,0
0.0195244,3509.8,2.77425,8.66956,1.52324,-10404.5,0
0.026065,3509.67,3.11194,8.94123,1.52586,-12823.8,0
0.0325575,3509.54,3.09152,8.98118,2.91031,-14269,0
0.0391014,3509.75,3.20035,8.719,0.434827,-6489.6,0
0.0456167,3509.6,3.06621,8.56373,3.36278,-8856.62,0
0.0521614,3509.63,3.3313,8.51017,2.00495,-7131.35,0
0.0586599,3509.49,3.21718,8.65463,3.30138,-8708.52,0
0.0651644,3509.53,3.1608,8.56548,2.78725,-7287.73,0
0.0716389,3509.69,3.03593,8.5381,0.368767,-4358.24,0
0.0781996,3509.54,2.94966,8.49956,2.53352,-5896.24,0
0.084709,3509.52,2.76185,8.5229,2.61947,-5626.6,0
0.0912555,3509.44,2.65201,8.57354,3.15002,-6122.33,0
0.0977798,3509.54,2.51238,8.72195,0.741236,-4722.34,0
0.104275,3509.34,2.63332,8.73961,2.97885,-6305.64,0
0.110776,3509.35,2.8136,8.61641,2.77437,-5863.24,0
0.117267,3509.31,2.92776,8.56477,2.85963,-5910.47,0
0.123784,3509.48,2.83629,8.56341,0.0835856,-4177.86,0
0.130263,3509.34,2.76129,8.51722,2.31841,-5092.35,0
0.13675,3509.41,2.65764,8.38436,1.58454,-4283.84,0
0.143246,3509.45,2.56058,8.39138,0.7164,-3845.13,0
0.14976,3509.31,2.53448,8.42198,2.37789,-4595.55,0
0.156275,3509.26,2.46068,8.44546,2.69212,-4727.92,0
0.16276,3509.11,2.30589,8.27243,4.96861,-5443.12,0
0.169262,3509.17,2.18963,8.59266,1.84286,-4874.41,0
0.175758,3509.17,2.12458,8.4516,2.40869,-4746.48,0
0.182227,3509.05,2.04917,8.74376,2.53231,-5223.62,0
0.188716,3508.9,1.99693,8.73599,4.03258,-5847.95,0
0.195235,3508.92,1.99315,8.84386,2.27647,-5530.04,0
0.201757,3508.82,2.07058,9.05535,2.2664,-5833.52,0
0.208234,3508.77,2.02311,9.23229,1.96619,-5906.29,0
0.214749,3508.7,2.18129,9.13865,2.86277,-6054.77,0
0.221254,3508.75,2.1698,9.22465,1.44514,-5668.53,0
0.227715,3508.74,2.16333,9.30511,0.920099,-5549.19,0
0.234203,3508.48,2.22536,9.2717,4.13588,-6490.72,0
0.240701,3508.56,2.10483,9.21852,2.56411,-5994.3,0
0.247189,3508.53,2.28094,9.03385,2.89279,-5954.18,0
0.253687,3508.47,2.19368,8.97538,3.53113,-6044.95,0
0.260193,3508.34,2.15724,9.07219,4.10372,-6395.68,0
0.266693,3508.32,2.06907,9.07286,3.42034,-6281.54,0
0.273187,3508.48,1.97447,9.02389,0.71737,-5570.49,0
0.279697,3508.48,1.82155,8.93396,1.1305,-5445.45,0
0.286173,3508.4,1.92868,8.95922,1.89986,-5576.22,0
0.292621,3508.43,1.96334,9.0122,0.79473,-5359.18,0
0.299148,3508.37,2.14783,8.95461,1.69706,-5459.93,0
0.305667,3508.31,2.2148,8.93984,2.21821,-5536.51,0
0.312176,3508.29,2.40171,8.94573,1.85867,-5481.73,0
0.318699,3508.32,2.77831,8.79332,1.35173,-5273.12,0
0.325229,3508.31,2.89055,8.72747,1.22086,-5203.75,0
0.331745,3508.41,2.97204,8.4913,0.479017,-4778.17,0
0.338249,3508.33,2.86431,8.60437,1.24706,-4937.66,0
0.344741,3508.22,2.86136,8.38954,3.49045,-5150.63,0
0.35127,3508.26,2.88103,8.30419,2.59084,-4944.63,0
0.357753,3508.35,2.7461,8.4001,0.610982,-4607.91,0
0.364305,3508.4,2.59417,8.2642,0.500359,-4397.14,0
0.370781,3508.31,2.61785,8.34002,1.26563,-4565.73,0
0.377304,3508.26,2.65373,8.42911,1.3289,-4603.09,0
0.383794,3508.24,2.72876,8.42873,1.24837,-4588.74,0
0.390318,3508.09,2.59046,8.62941,2.58908,-4885.93,0
0.396785,3508.03,2.56694,8.65926,2.69998,-4959.86,0
0.403272,3508,2.46675,8.64428,2.70396,-4954.42,0
0.409745,3508.08,2.42087,8.5111,1.81447,-4689.32,0
0.4163,3508.01,2.52088,8.40131,3.13994,-4788.13,0
0.422807,3507.93,2.70251,8.39155,3.43814,-4886.43,0
0.429316,3507.9,2.65031,8.33178,3.52134,-4902.23,0
0.435807,3507.95,2.49559,8.33938,2.36762,-4711.84,0
0.442307,3507.93,2.54191,8.34339,2.24437,-4689.51,0
0.448814,3507.85,2.64041,8.16789,3.95455,-4800.4,0
0.45535,3508.01,2.61847,8.02043,1.31878,-4363.35,0
0.461878,3507.85,2.6221,8.10646,2.82204,-4658.62,0
0.468418,3507.79,2.81339,8.1239,2.72762,-4716.84,0
0.474913,3507.78,2.84944,8.09732,2.44445,-4676.48,0
0.481419,3507.78,2.72525,8.01426,2.71097,-4607.13,0
0.48793,3507.76,2.83555,7.98357,2.83094,-4595.51,0
0.494434,3507.88,3.08206,7.89658,0.471242,-4284.38,0
0.500966,3507.79,3.19718,7.78674,1.84328,-4405.37,0
0.507462,3507.79,3.04843,8.01092,0.765405,-4349.67,0
0.513984,3507.73,2.84406,8.03304,1.85189,-4408.6,0
0.520518,3507.75,3.16615,7.71792,2.50224,-4321.93,0
0.526987,3507.87,3.23912,7.64424,0.571694,-4049.18,0
0.533489,3507.82,3.08491,7.41962,2.74302,-4094.27,0
0.540015,3507.7,3.03451,7.35769,4.60837,-4262.03,0
0.546567,3507.64,3.10959,7.56135,3.20754,-4312.43,0
0.553081,3507.69,3.21941,7.47126,2.15972,-4167.63,0
0.55958,3507.66,3.11657,7.32215,3.25412,-4181.81,0
0.566067,3507.63,3.18565,7.2817,2.85066,-4181.11,0
0.572586,3507.68,3.03876,7.33783,1.72996,-4057.88,0
0.579088,3507.51,3.17346,7.37905,3.27139,-4293.22,0
0.585628,3507.41,3.16289,7.28067,4.67695,-4424.55,0
0.592131,3507.4,3.24076,7.33102,3.23578,-4385.97,0
0.598615,3507.41,3.26034,7.27029,2.55322,-4324.66,0
0.605132,3507.5,3.14283,7.19134,1.51326,-4132.74,0
0.611684,3507.44,3.17716,7.07329,2.52666,-4188.83,0
0.618166,3507.59,3.41825,6.62008,1.35307,-3899.75,0
0.624652,3507.49,3.37436,6.70753,2.33803,-4018.1,0
0.631144,3507.58,3.27872,6.67205,0.885982,-3833.61,0
0.637663,3507.57,3.09819,6.75837,0.865811,-3815.63,0
0.644151,3507.47,3.32643,6.52867,2.9462,-3923.97,0
0.650663,3507.59,3.20768,6.341,1.67089,-3710.81,0
0.657166,3507.48,3.35662,6.12431,3.71356,-3833.24,0
0.66365,3507.54,3.55901,6.06479,1.67308,-3707.33,0
0.670136,3507.39,3.53864,6.26804,2.99216,-3899.21,0
0.676615,3507.51,3.60254,6.21399,0.308843,-3685.82,0
0.683141,3507.37,3.75764,6.09043,2.45078,-3847.44,0
0.689659,3507.24,3.8483,6.52733,1.98123,-4000.88,0
0.696182,3507.21,4.06361,6.52627,1.44856,-4006.54,0
0.702703,3507.13,3.79614,6.74362,2.22454,-4078.07,0
0.709192,3507.2,3.75276,6.56639,1.74744,-3944,0
0.71565,3507.17,3.84422,6.62227,1.26127,-3948.26,0
0.722134,3507.13,4.12896,6.53397,1.46462,-3975.01,0
0.728623,3507.04,3.97699,6.89741,1.30519,-4056.37,0
0.735111,3506.83,3.86835,7.06383,3.93212,-4307.36,0
0.74162,3506.82,3.92323,6.98587,3.61122,-4284.82,0
0.748099,3506.87,4.00825,6.79524,2.81205,-4186.5,0
0.754625,3506.82,4.05651,6.93031,2.44622,-4217.4,0
0.761138,3506.82,3.99302,7.03179,1.79797,-4174.38,0
0.767667,3506.8,4.23068,6.88767,2.01166,-4165.74,0
0.774204,3506.64,4.13171,7.10254,3.44054,-4334.34,0
0.780736,3506.68,4.10424,7.23927,1.73237,-4254.25,0
0.787334,3506.66,4.00073,7.16446,2.45774,-4238.54,0
0.793818,3506.8,4.35801,6.82331,0.56378,-4034.68,0
0.800295,3506.68,4.38905,6.94723,1.63444,-4144.6,0
0.806768,3506.75,4.21127,6.96112,0.85996,-4029.95,0
0.81326,3506.58,4.22964,7.15738,2.32238,-4205.81,0
0.819744,3506.66,4.51276,6.92569,1.04356,-4078.61,0
0.826282,3506.52,4.67814,6.82797,2.8528,-4210.74,0
0.832804,3506.64,4.78533,6.52301,1.56326,-4029.17,0
0.839281,3506.53,4.92132,6.36326,3.37773,-4130.22,0
0.8458,3506.52,4.81131,6.36076,3.04828,-4113.55,0
0.85228,3506.43,4.84219,6.29719,4.20384,-4193.37,0
0.858774,3506.45,4.89554,6.29258,2.81213,-4134.47,0
0.865296,3506.44,4.82358,6.33666,2.54703,-4113.85,0
0.871832,3506.33,4.8201,6.26589,4.08609,-4205.06,0
0.878317,3506.49,4.5109,6.25304,2.12268,-4000.47,0
0.884829,3506.3,4.40936,6.26885,4.87482,-4179.78,0
0.891307,3506.37,4.47028,6.31444,2.21775,-4076.24,0
0.897794,3506.36,4.46399,6.34097,1.78553,-4051.59,0
0.904317,3506.44,4.37824,6.39062,0.0249598,-3940.27,0
0.910851,3506.3,4.37194,6.26185,3.19678,-4063.87,0
0.917396,3506.31,4.22024,6.23395,3.07474,-4025.42,0
0.923903,3506.42,4.31805,5.89353,2.04453,-3869.6,0
0.930408,3506.27,4.39701,5.86192,4.21412,-4007.25,0
0.936946,3506.48,4.23142,5.6971,1.2027,-3759.96,0
0.943466,3506.3,4.33229,5.54561,4.24963,-3919.98,0
0.949989,3506.33,4.34242,5.48106,2.89948,-3867.55,0
0.956512,3506.33,4.47366,5.37207,2.36894,-3839.89,0
0.963028,3506.2,4.84675,5.4024,2.70228,-3946.6,0
0.969523,3506.17,4.74997,5.61224,2.06809,-3951.71,0
0.976016,3506.11,4.62925,5.79816,2.54754,-3989.3,0
0.982538,3506.07,4.35122,5.7681,4.0983,-4000.13,0
0.989041,3506.19,4.30065,5.7645,1.26696,-3851.74,0
0.995526,3506.14,4.3384,5.89038,0.930959,-3874.35,0
1.002,3506.05,4.28375,5.88968,2.71676,-3944.35,0
1.00849,3506.09,4.45271,5.79334,1.37341,-3873.4,0
1.01496,3506.1,4.20789,5.72037,2.5942,-3843.34,0
1.02153,3506.09,4.02785,5.80388,2.54165,-3827.95,0
1.02806,3506.03,3.97304,5.82663,3.25821,-3865.46,0
1.0346,3506.09,3.88629,5.88163,1.41243,-3774.6,0
1.04111,3505.98,3.98451,5.63767,4.16395,-3861.21,0
1.04765,3505.97,4.00439,5.61907,3.3669,-3848.51,0
1.0541,3505.94,3.70287,5.94078,2.95019,-3854.1,0
1.06064,3505.99,3.64396,6.00224,1.08262,-3781.42,0
1.06711,3505.88,3.85703,5.9217,2.65703,-3863.15,0
1.07363,3505.89,3.71305,5.76784,3.56975,-3826.66,0
1.08012,3505.95,3.85028,5.82647,0.96779,-3745.48,0
1.08664,3505.95,3.82338,5.63623,2.29856,-3728.61,0
1.09314,3505.87,3.72341,5.64984,3.72059,-3776.85,0
1.09968,3505.79,3.71761,5.61036,4.38166,-3832.39,0
1.10616,3505.82,3.71351,5.5639,2.86936,-3780.35,0
1.11267,3505.92,3.47382,5.60134,1.10956,-3666.4,0
1.11919,3505.87,3.54893,5.3316,3.20873,-3693.13,0
1.12571,3505.78,3.71548,5.42851,2.81442,-3750.06,0
1.13223,3505.76,3.65616,5.57367,2.0669,-3746.57,0
1.13869,3505.75,3.50533,5.61992,2.26967,-3736.17,0
1.14518,3505.7,3.4319,5.48001,3.76478,-3751.45,0
1.15169,3505.6,3.37966,5.44176,4.6953,-3821.13,0
1.15821,3505.54,3.26791,5.52531,4.66906,-3850.55,0
1.16473,3505.49,3.31444,5.5589,3.86162,-3871.64,0
1.17121,3505.43,3.33366,5.60413,3.59378,-3898.75,0
1.17772,3505.51,3.23762,5.57477,1.79306,-3810.18,0
1.18424,3505.47,3.27925,5.51167,2.46173,-3823.98,0
1.1907,3505.46,3.22655,5.57322,2.19719,-3815.29,0
1.19722,3505.32,3.33266,5.71143,3.18055,-3909.52,0
1.20373,3505.27,3.24556,5.68886,3.94191,-3931.4,0
1.21019,3505.28,3.34088,5.8163,1.75178,-3902.14,0
1.21668,3505.26,3.33479,5.67743,2.83503,-3897.99,0
1.22316,3505.29,3.201,5.63521,2.35777,-3848.53,0
1.22971,3505.4,3.23846,5.47492,0.662832,-3738.88,0
1.23621,3505.31,3.28419,5.57617,1.52895,-3791.43,0
1.24273,3505.28,3.06185,5.51689,3.1668,-3797.03,0
1.24926,3505.2,3.113,5.64158,3.32882,-3840.89,0
1.25577,3505.15,2.85738,6.0074,2.25733,-3858.21,0
1.26228,3505.17,2.83112,5.9165,2.07018,-3827.03,0
1.26882,3505.14,2.76909,5.8841,2.32303,-3828.89,0
1.27532,3505.09,2.68662,5.80744,3.36345,-3849.85,0
1.28185,3505.05,2.79669,5.87182,2.85027,-3864.53,0
1.28836,3505.03,2.96825,5.87564,2.0106,-3858.65,0
1.29483,3504.89,3.04512,5.97169,3.47154,-3945.47,0
1.30138,3505.02,2.72089,5.67547,3.69335,-3827.15,0
1.30785,3504.97,2.70397,5.65334,4.10696,-3847.77,0
1.31435,3504.8,2.75627,5.72636,5.55899,-3959.41,0
1.32089,3504.78,2.74699,5.66631,4.31627,-3953,0
1.32746,3504.8,2.64441,5.66486,3.26111,-3920.93,0
1.33397,3504.87,2.62705,5.58196,1.84944,-3843.73,0
1.34049,3504.85,2.57126,5.4106,3.6185,-3841.39,0
1.347,3504.84,2.58639,5.41675,2.17515,-3833.49,0
1.35351,3504.89,2.37248,5.39279,1.70021,-3777.21,0
1.35999,3504.73,2.35104,5.56491,3.64479,-3878.51,0
1.36649,3504.72,2.20577,5.57082,3.57079,-3860.3,0
1.37304,3504.79,2.22488,5.52057,1.56492,-3795.52,0
1.37955,3504.84,1.79583,5.53229,1.24808,-3741.26,0
1.38608,3504.9,1.8325,5.362,0.618275,-3679.47,0
1.39254,3504.78,1.66378,5.3997,2.91011,-3745.24,0
1.39907,3504.69,1.7231,5.3631,4.1622,-3797.17,0
1.40557,3504.75,1.6848,5.18765,3.54424,-3735.46,0
1.41213,3504.87,1.55859,5.09912,1.3115,-3634.8,0
1.41861,3504.8,1.71865,4.92935,3.79253,-3667.49,0
1.42508,3504.8,1.6504,4.85845,3.64776,-3646.82,0
1.43159,3504.81,1.80428,4.78465,3.13348,-3626.06,0
1.43811,3504.85,1.53296,4.82624,2.09478,-3583.31,0
1.4446,3504.71,1.48971,4.86481,4.35821,-3661.9,0
1.45114,3504.78,1.51745,4.99995,0.202198,-3598.73,0
1.4576,3504.75,1.45643,4.87362,1.7301,-3601.12,0
1.46408,3504.73,1.58532,4.78423,2.20914,-3596.92,0
1.47059,3504.77,1.75219,4.51022,2.75108,-3558.35,0
1.4771,3504.71,1.62989,4.66211,2.96741,-3579.98,0
1.48358,3504.7,1.65346,4.69152,2.55579,-3573.24,0
1.49013,3504.6,1.6612,4.83071,3.06879,-3626.18,0
1.49666,3504.52,1.60009,4.79374,4.58536,-3659.79,0
1.5032,3504.55,1.66432,4.87707,1.62711,-3625.86,0
1.50971,3504.41,1.73684,4.81149,4.62811,-3701.51,0
1.51619,3504.5,1.85497,4.92154,0.13583,-3626.19,0
1.52267,3504.34,1.806,4.84219,4.60659,-3715.67,0
1.5292,3504.35,1.80216,4.807,4.18227,-3695.86,0
1.53565,3504.26,1.87368,4.91371,3.93943,-3737.4,0
1.54215,3504.19,1.76648,4.97751,3.83418,-3765.57,0
1.54864,3504.18,1.8475,5.07648,2.29648,-3757.73,0
1.55515,3504.11,1.80858,5.24189,2.06018,-3785.19,0
1.56168,3504,1.92775,5.1905,4.32457,-3845.19,0
1.56819,3503.97,1.72807,5.29582,3.9562,-3846.47,0
1.57473,3503.98,1.76421,5.26291,2.63915,-3820.22,0
1.58121,3504,1.73754,5.26306,1.85001,-3792.64,0
1.58771,3504.07,1.84433,5.1127,0.883488,-3736.95,0
1.59425,3503.93,1.88143,5.23108,2.75534,-3805.75,0
1.60075,3503.96,1.78042,5.26964,1.40973,-3775,0
1.60727,3503.89,1.74989,5.4216,1.15374,-3800.95,0
1.61374,3503.8,1.54301,5.46134,3.17861,-3840.32,0
1.62028,3503.87,1.48367,5.45824,0.975503,-3781.01,0
1.62679,3503.73,1.50611,5.34665,4.69599,-3853.36,0
1.63331,3503.69,1.60118,5.2615,4.2311,-3860.7,0
1.63987,3503.88,1.19291,5.00803,2.43929,-3729.44,0
1.64641,3503.87,1.34785,5.00997,2.06212,-3723.4,0
1.65285,3503.85,1.33012,4.89138,3.34379,-3719.68,0
1.6594,3503.86,1.30372,4.87073,3.01262,-3699.06,0
1.66593,3503.9,1.21333,4.84131,2.15426,-3661.62,0
1.67242,3504.01,0.883348,4.6293,1.79305,-3583.07,0
1.67891,3503.94,0.89141,4.52931,3.67654,-3611.58,0
1.68538,3503.9,1.04053,4.55264,3.12003,-3620.29,0
1.69188,3503.86,0.870152,4.65457,2.80147,-3629.15,0
1.69838,3503.79,1.07529,4.63201,3.89986,-3656.49,0
1.70492,3503.81,0.919074,4.59579,3.29133,-3629.64,0
1.7114,3503.75,0.94758,4.55827,4.08357,-3653.51,0
1.71795,3503.73,0.854344,4.64026,2.71433,-3648.19,0
1.72445,3503.67,0.96876,4.80091,1.94013,-3670.3,0
1.73097,3503.65,0.886503,4.80972,2.41947,-3671,0
1.7375,3503.68,0.847898,4.8437,0.555239,-3634.54,0
1.74399,3503.53,0.887321,4.91226,3.82385,-3711.54,0
1.75049,3503.5,0.914856,4.91306,3.2443,-3716.06,0
1.75699,3503.55,0.937186,4.85872,1.64368,-3671.08,0
1.76352,3503.5,0.908886,4.80036,3.60727,-3686.94,0
1.77006,3503.47,0.797204,4.82645,3.49797,-3691.65,0
1.77657,3503.49,0.750734,4.80623,2.35041,-3665.77,0
1.78314,3503.49,0.565232,4.82823,2.12749,-3652.5,0
1.78965,3503.42,0.509969,4.88572,3.15447,-3677.13,0
1.79618,3503.38,0.64698,4.9929,2.17661,-3683.36,0
1.80264,3503.26,0.547819,4.96431,5.23015,-3737.46,0
1.80916,3503.15,0.425977,4.95371,5.92575,-3784.85,0
1.81571,3503.1,0.390031,5.20922,2.22139,-3800.7,0
1.82224,3503.12,0.514256,5.09191,2.59545,-3774.25,0
1.82878,3503.06,0.402717,5.14037,3.41002,-3797.5,0
1.8353,3503.13,0.380487,5.17974,0.256361,-3745.73,0
1.84177,3503.06,0.0756102,5.09024,3.27419,-3770.04,0
1.84825,3503.03,0.290423,5.02211,4.40803,-3772.66,0
1.85476,3502.98,0.306303,4.99867,4.35288,-3784.45,0
1.86126,3503.13,0.248733,4.72016,2.97294,-3690.84,0
1.86776,3503.08,0.248702,4.779,3.07012,-3704.79,0
1.8743,3503.16,0.382613,4.76162,0.154761,-3647.19,0
1.88077,3503.13,0.253159,4.61205,3.05547,-3652.04,0
1.88723,3503.19,0.476134,4.55494,1.32962,-3606.32,0
1.89372,3503.1,0.459224,4.55348,3.7899,-3645.06,0
1.90022,3503.18,0.389443,4.53583,0.886927,-3589.92,0
1.90674,3503.08,0.564064,4.55014,3.05954,-3628.86,0
1.91324,3503,0.518282,4.59107,4.02657,-3658.98,0
1.91976,3502.96,0.485029,4.56915,4.32162,-3669.38,0
1.92627,3502.98,0.437275,4.47495,3.58684,-3644.35,0
1.93277,3502.89,0.547553,4.61803,3.21479,-3678.26,0
1.93931,3502.87,0.492821,4.51709,3.5389,-3675.51,0
1.94578,3502.89,0.379115,4.61886,0.815217,-3651.82,0
1.95229,3502.91,0.261631,4.43461,2.75669,-3630.99,0
1.95878,3502.93,0.512627,4.28757,3.6657,-3611.68,0
1.96527,3502.87,0.441908,4.20622,5.27199,-3629.23,0
1.97181,3502.86,0.481649,4.21323,3.87556,-3621.41,0
1.97833,3502.87,0.442325,4.05782,4.55146,-3601.99,0
1.98483,3502.86,0.525868,4.03935,4.06025,-3597.13,0
1.99132,3502.87,0.530289,4.09547,1.81414,-3581.15,0
1.99782,3502.85,0.499755,3.9103,4.35693,-3577.07,0
2.00428,3502.9,0.532214,3.91808,1.59981,-3543.54,0
2.01081,3502.88,0.506889,3.88894,2.25825,-3541.47,0
2.01726,3503.04,0.42716,3.60126,0.524367,-3452.65,0
2.02382,3502.92,0.566864,3.62662,3.22307,-3497.16,0
2.03032,3502.88,0.597536,3.60681,4.40339,-3507.11,0
2.03685,3502.87,0.558693,3.61352,3.72896,-3500.68,0
2.04338,3502.85,0.652223,3.58263,3.60203,-3498.66,0
2.04986,3502.94,0.379539,3.54229,1.21103,-3445.74,0
2.05637,3502.82,0.391956,3.40537,5.52331,-3491.01,0
2.06284,3502.99,0.383154,3.08865,2.93915,-3396.74,0
2.06936,3502.84,0.57391,3.20973,5.27681,-3459.14,0
2.07589,3502.71,0.493226,3.17123,6.93056,-3509.77,0
2.08239,3502.69,0.586119,3.13805,4.48614,-3512.63,0
2.0889,3502.74,0.503782,3.14276,1.5824,-3477.82,0
2.0954,3502.58,0.572346,3.24795,4.81848,-3540.81,0
2.10194,3502.62,0.654761,3.17265,2.85758,-3509.75,0
2.10845,3502.54,0.674872,3.45084,1.33284,-3538.31,0
2.11495,3502.48,0.490662,3.54674,1.96196,-3555.97,0
2.12146,3502.46,0.678416,3.55184,1.63239,-3552.74,0
2.12795,3502.36,0.986891,3.72233,1.34225,-3592.07,0
2.13443,3502.25,1.00554,3.74877,4.38982,-3632.94,0
2.14093,3502.17,0.946522,3.74284,4.91577,-3658.75,0
2.14744,3502.06,1.03555,3.77203,6.39284,-3699.66,0
2.15398,3502.05,1.04639,3.83096,3.36157,-3690.12,0
2.1605,3502.03,1.15409,3.75415,3.55724,-3688.79,0
2.16706,3502.01,1.2689,3.7116,3.88495,-3687.64,0
2.17359,3502.03,1.33738,3.73528,1.05714,-3668.09,0
2.18009,3501.92,1.29281,3.82963,3.14646,-3708.04,0
2.18659,3502,1.23491,3.74603,1.10028,-3656.97,0
2.19305,3501.94,1.28383,3.58571,5.20255,-3673.91,0
2.19954,3501.91,1.23964,3.54079,5.88275,-3679.91,0
2.20601,3502.02,1.15364,3.49903,0.525125,-3617.04,0
2.21253,3501.97,1.09969,3.52157,2.05467,-3631.57,0
2.21904,3502,1.23625,3.42663,1.2373,-3604.33,0
2.22553,3501.96,1.18754,3.39201,3.38048,-3611.85,0
2.23205,3501.91,1.22386,3.28065,5.2214,-3625.08,0
2.23858,3501.92,1.11584,3.43723,1.2259,-3610.83,0
2.24507,3501.77,1.20181,3.57538,3.40274,-3665.51,0
2.25159,3501.77,1.19722,3.46244,4.13779,-3653.68,0
2.25812,3501.67,1.21577,3.55749,5.31444,-3687.1,0
2.26462,3501.82,1.17268,3.45641,1.02307,-3610.44,0
2.27116,3501.8,1.05844,3.45872,2.10923,-3610.03,0
2.27767,3501.77,1.03706,3.5212,2.02245,-3614.64,0
2.28418,3501.81,0.765224,3.49756,1.5595,-3585.33,0
2.2907,3501.77,0.778298,3.41296,3.36962,-3591.27,0
2.29719,3501.82,0.787951,3.24327,4.12786,-3560.96,0
2.30374,3501.76,0.767037,3.26165,4.59739,-3576.5,0
2.31025,3501.69,0.695425,3.18607,5.95163,-3597.28,0
2.31677,3501.75,0.884219,3.15505,1.706,-3560.52,0
2.32323,3501.63,1.01277,3.07153,6.05075,-3603.23,0
2.32976,3501.74,0.810261,3.12731,0.446703,-3545.55,0
2.33627,3501.64,0.808873,3.21132,2.50005,-3578.94,0
2.34279,3501.56,1.06136,3.18559,4.12985,-3602.5,0
2.34932,3501.49,1.16967,3.22662,4.5318,-3620.23,0
2.35581,3501.51,1.05103,3.20295,4.41674,-3604.94,0
2.36233,3501.44,0.952341,3.27539,5.35393,-3623.66,0
2.36881,3501.43,0.938342,3.26639,4.55757,-3619.38,0
2.3753,3501.37,0.96514,3.3155,4.11041,-3634.89,0
2.38177,3501.38,0.893305,3.19345,4.82227,-3618.32,0
2.38828,3501.41,0.842269,3.25675,0.814644,-3596.48,0
2.39477,3501.3,0.832374,3.24871,5.11945,-3634.95,0
2.40127,3501.23,0.747542,3.27229,5.08545,-3652.25,0
2.40779,3501.26,0.690065,3.34697,0.934773,-3628.73,0
2.41428,3501.12,0.890575,3.47086,2.69976,-3678.78,0
2.42081,3501.18,0.773124,3.3516,3.4564,-3645.19,0
2.42738,3501.14,0.80642,3.17764,6.33384,-3650.44,0
2.43387,3501.11,0.844444,3.30418,1.70398,-3651.74,0
2.44037,3501.13,0.789976,3.21294,3.18662,-3634.32,0
2.44688,3501.05,0.766882,3.34977,1.94976,-3656.4,0
2.45336,3500.94,0.690321,3.24806,7.03615,-3694.84,0
2.45983,3500.88,0.701265,3.21856,6.12855,-3708.28,0
2.4663,3500.85,0.645158,3.20476,4.68412,-3711.46,0
2.47279,3500.72,0.557628,3.29088,6.63643,-3752.62,0
2.47932,3500.64,0.631086,3.29597,6.99601,-3774.96,0
2.48582,3500.66,0.594851,3.30325,3.72934,-3755.86,0
2.49236,3500.7,0.623867,3.28603,1.22439,-3730.95,0
2.49888,3500.66,0.766225,3.17739,5.19642,-3737.83,0
2.50535,3500.65,0.830956,3.14179,3.22802,-3730.58,0
2.51184,3500.67,0.790955,3.10331,3.08589,-3712.64,0
2.51831,3500.58,0.702271,3.2142,4.21957,-3741.84,0
2.52484,3500.52,0.826552,3.25066,3.37726,-3754.47,0
2.53134,3500.48,0.811517,3.22386,4.51153,-3760.65,0
2.53787,3500.42,0.979812,3.21953,4.68866,-3774.78,0
2.54437,3500.37,1.01196,3.15486,6.35394,-3783.13,0
2.55091,3500.43,1.14878,3.1071,2.64521,-3751.94,0
2.55741,3500.49,1.36656,2.96787,0.238116,-3716.79,0
2.56391,3500.51,1.30895,2.82292,4.53704,-3700.95,0
2.57041,3500.49,1.33637,2.89503,1.71932,-3698.47,0
2.57687,3500.54,1.58931,2.63926,2.55476,-3672,0
2.58335,3500.4,1.55984,2.60633,7.28702,-3715.16,0
2.58988,3500.39,1.53253,2.63804,5.09032,-3709.51,0
2.59637,3500.41,1.3265,2.79185,2.09886,-3693.48,0
2.60289,3500.43,1.3273,2.69463,3.59313,-3677.04,0
2.60937,3500.39,1.24373,2.67987,4.77266,-3682.76,0
2.6159,3500.42,1.31625,2.60267,3.6312,-3662.16,0
2.62243,3500.45,1.15458,2.53788,5.78005,-3643.32,0
2.62897,3500.47,1.12933,2.48427,4.38761,-3626.4,0
2.63551,3500.47,1.25134,2.39531,4.78187,-3617.73,0
2.64202,3500.45,1.14793,2.47411,4.23745,-3615.69,0
2.64853,3500.42,1.04621,2.3787,7.78809,-3615.63,0
2.65504,3500.6,0.8741,2.30447,1.14712,-3539.02,0
2.66155,3500.59,0.57386,2.3388,4.02462,-3536.57,0
2.66803,3500.51,0.574489,2.29554,7.544,-3555.27,0
2.67456,3500.46,0.530482,2.34783,5.09448,-3565.09,0
2.68109,3500.35,0.589422,2.51443,2.67872,-3599.85,0
2.68761,3500.34,0.445891,2.42365,5.96229,-3593.54,0
2.69411,3500.28,0.406028,2.54116,2.92426,-3607.19,0
2.70063,3500.18,0.436189,2.48313,7.77119,-3637.07,0
2.70709,3500.16,0.409717,2.43658,5.82305,-3636.33,0
2.71356,3500.09,0.415627,2.43946,7.24823,-3651.64,0
2.72012,3500.07,0.452957,2.40829,6.40014,-3651.5,0
2.72662,3500.05,0.426459,2.45744,2.61363,-3648.12,0
2.73318,3499.95,0.476765,2.46,7.04426,-3675.65,0
2.73975,3499.97,0.430377,2.5081,2.08,-3662.24,0
2.7463,3499.97,0.371664,2.38376,7.4149,-3651.87,0
2.75279,3499.95,0.295791,2.32904,7.38411,-3652.21,0
2.7593,3499.94,0.390089,2.30264,5.27866,-3644.94,0
2.76579,3500,0.430036,2.20243,5.5508,-3615.84,0
2.77231,3499.99,0.456866,2.15155,4.57581,-3611.64,0
2.77888,3499.87,0.304997,2.30829,3.98498,-3646.26,0
2.78542,3499.83,0.232333,2.32154,4.06621,-3650.69,0
2.79196,3499.73,0.234036,2.41212,3.2515,-3679.76,0
2.79845,3499.74,0.428352,2.322,5.4605,-3665.97,0
2.80497,3499.7,0.54899,2.34885,2.68084,-3670.74,0
2.8115,3499.55,0.476854,2.35366,9.50251,-3718.27,0
2.81796,3499.49,0.476071,2.30282,8.56366,-3728.54,0
2.82451,3499.49,0.472559,2.26125,8.51414,-3720.29,0
2.83104,3499.51,0.493643,2.27905,1.70594,-3706.02,0
2.83754,3499.49,0.453513,2.24579,4.54811,-3704.04,0
2.84407,3499.49,0.463995,2.24496,3.83278,-3696.29,0
2.85061,3499.41,0.456536,2.35581,0.924622,-3714.53,0
2.85713,3499.31,0.598558,2.32512,6.18555,-3740.95,0
2.86357,3499.44,0.558422,2.28645,0.194744,-3687.78,0
2.87004,3499.49,0.453323,2.17365,5.28909,-3660.34,0
2.87653,3499.5,0.30648,2.20486,1.04388,-3649.43,0
2.88307,3499.5,0.511322,2.13955,2.36393,-3640.9,0
2.88951,3499.45,0.547174,2.13739,4.33397,-3650.56,0
2.89601,3499.4,0.554652,2.0896,6.13491,-3660.01,0
2.90246,3499.47,0.545838,2.01771,2.30603,-3626.4,0
2.909,3499.37,0.534799,2.04966,6.5521,-3654.09,0
2.91545,3499.44,0.450102,2.02406,2.26746,-3620.95,0
2.92192,3499.51,0.308032,1.93573,4.14405,-3589.57,0
2.92842,3499.46,0.353638,1.86789,10.1786,-3600.83,0
2.93494,3499.44,0.308541,1.84472,6.78457,-3599.49,0
2.9415,3499.45,0.242233,1.78074,7.56929,-3587.74,0
2.94802,3499.52,0.200005,1.67848,7.90683,-3555.85,0
2.95453,3499.57,0.236148,1.60725,5.13121,-3529.94,0
2.96105,3499.53,0.238753,1.64181,1.03604,-3534.32,0
2.96751,3499.46,0.212322,1.69168,1.50125,-3552.2,0
2.97402,3499.37,0.441632,1.68199,2.07498,-3575.26,0
2.98053,3499.3,0.540594,1.68681,3.65464,-3590.27,0
2.98706,3499.44,0.816562,1.45869,1.04942,-3535.78,0
2.99356,3499.26,0.873194,1.51343,5.09635,-3587.33,0
3.00006,3499.19,0.954445,1.35799,5.82204,-3604.03,0
3.00658,3499.13,1.04158,1.27685,8.33878,-3615.5,0
3.01307,3499.09,1.0651,1.33488,3.05206,-3621.4,0
3.01962,3499.11,0.930185,1.32883,6.18319,-3606.41,0
3.02611,3499.13,0.799015,1.32207,7.77296,-3592.23,0
3.03259,3499.1,0.720751,1.30618,7.46463,-3593.45,0
3.03911,3499.08,0.789314,1.29275,1.58882,-3591.52,0
3.04558,3498.88,0.792783,1.28194,2.90058,-3650.17,0
3.0521,3498.81,0.78704,1.30384,3.7381,-3665.02,0
3.05858,3498.92,0.69004,1.26727,3.97873,-3621.53,0
3.06513,3499,0.780511,1.15962,2.49746,-3588.52,0
3.07163,3498.86,0.792012,1.11573,4.85233,-3628.27,0
3.07814,3498.7,0.752914,1.00713,6.20783,-3669.96,0
3.08463,3498.77,0.640004,0.942994,6.09205,-3640.44,0
3.09114,3498.82,0.475225,0.845137,8.56073,-3615.88,0
3.09767,3498.81,0.449014,0.765314,1.7319,-3611.68,0
3.10418,3498.83,0.38164,0.673287,3.60603,-3597.85,0
3.11064,3498.83,0.306631,0.490356,4.49878,-3590.85,0
3.11718,3498.72,0.245593,0.45598,4.51071,-3619.56,0
3.1237,3498.64,0.172692,0.368719,6.87808,-3636.02,0
3.12519,3498.64,0.188644,0.319456,7.91587,-3634.98,0
