0.00648761,3509.77,7.15607,1.48265,2.81497,-35959.3,0
0.0129603,3509.75,7.3713,1.35474,1.89354,-19250.2,0
0.0194585,3509.79,7.35877,1.22892,1.14666,-10985.3,0
0.0259555,3509.91,7.10206,1.00661,0.134509,-3329.9,0
0.032477,3509.72,7.15994,0.891628,2.71391,-8644.43,0
0.038986,3509.64,7.23939,1.11201,3.26232,-9329.1,0
0.045469,3509.7,7.24096,1.16642,1.90448,-6542.25,0
0.0520149,3509.63,7.3382,1.31464,2.38548,-7075.65,0
0.0585274,3509.64,7.14014,1.36022,2.48581,-6100.36,0
0.0649958,3509.56,7.05901,1.30973,3.54707,-6730.72,0
0.0715406,3509.5,7.14714,1.27791,3.69033,-7043.94,0
0.0780235,3509.55,7.16408,1.04858,2.12212,-5790.51,0
0.0845297,3509.44,7.01675,1.02759,3.87464,-6639.59,0
0.0910317,3509.36,7.11005,0.879027,3.9277,-6980.31,0
0.0975049,3509.37,7.23687,0.910445,2.60798,-6426.79,0
0.104014,3509.39,7.32176,1.13337,1.59734,-5882.76,0
0.110485,3509.31,7.26518,1.15275,2.74292,-6288.01,0
0.116969,3509.32,7.29295,1.15124,1.67054,-5796.36,0
0.123505,3509.33,7.35946,1.07075,0.853768,-5414.56,0
0.130027,3509.22,7.41018,1.05672,2.03691,-5981.61,0
0.136503,3509.1,7.34636,1.12787,3.56548,-6587.62,0
0.143003,3509.16,7.40318,1.33204,1.83944,-5893.67,0
0.149502,3509.2,7.15482,1.64493,1.61118,-5369.33,0
0.156073,3509.16,7.22125,1.66347,1.36882,-5381.03,0
0.162563,3509.12,7.24763,1.64936,1.82183,-5418.2,0
0.169052,3509.22,7.08326,1.47493,0.566719,-4601.17,0
0.175563,3509.05,7.00535,1.40393,3.11703,-5391.31,0
0.182086,3509.05,6.97584,1.31368,2.85433,-5205.13,0
0.188573,3508.91,7.059,1.23358,4.18171,-5783.64,0
0.195049,3509,7.129,1.23565,1.3635,-5109.05,0
0.201595,3508.94,7.25419,1.21713,1.52377,-5243.2,0
0.208119,3508.92,7.05067,1.20832,2.78143,-5212.19,0
0.214653,3508.84,6.93507,1.186,3.93136,-5395.72,0
0.221163,3508.96,7.06722,1.12242,0.562751,-4715.37,0
0.227632,3508.75,7.19457,1.04637,3.25271,-5500.23,0
0.234156,3508.72,7.52467,1.10366,1.69155,-5451.5,0
0.240688,3508.63,7.50049,0.987045,3.03557,-5697.63,0
0.247264,3508.71,7.3522,0.735552,2.27722,-5217.65,0
0.253798,3508.76,7.32435,0.721197,1.19941,-4894.57,0
0.260288,3508.84,7.19144,0.677173,0.114899,-4468.08,0
0.26683,3508.76,6.98774,0.730745,2.29279,-4662.24,0
0.273397,3508.74,7.36701,0.532448,0.56171,-4621.5,0
0.279895,3508.62,7.0604,0.673751,3.72922,-4921.17,0
0.286361,3508.6,7.12729,0.618816,3.09516,-4895.99,0
0.292877,3508.65,7.29261,0.689507,0.913719,-4609.04,0
0.29936,3508.57,7.33899,0.646535,1.91471,-4781.47,0
0.305861,3508.46,7.34028,0.707493,3.108,-5021.77,0
0.312373,3508.49,7.4119,0.799252,1.57233,-4845.9,0
0.318882,3508.46,7.68963,0.822794,0.240382,-4839.67,0
0.325331,3508.2,7.6337,0.759535,4.23145,-5519.61,0
0.331824,3508.19,7.69468,0.828176,3.38377,-5464.14,0
0.338332,3508.38,7.53548,0.87245,0.357406,-4790.57,0
0.344832,3508.17,7.60328,0.939843,3.08349,-5317.74,0
0.351342,3508.24,7.52944,0.853765,1.99558,-5021.77,0
0.357862,3508.1,7.53698,0.759968,3.78557,-5308.85,0
0.36436,3508.2,7.52951,1.06888,1.29423,-4929.28,0
0.370863,3508.19,7.56819,1.1346,1.00743,-4870.73,0
0.377372,3508.13,7.46686,1.05427,2.5705,-4965.2,0
0.383887,3508.09,7.38523,1.1246,3.02079,-4981.41,0
0.390427,3508.02,7.43598,1.4619,3.29525,-5080.52,0
0.396862,3507.89,7.54861,1.55351,3.86099,-5318.8,0
0.40339,3508.06,7.30708,1.35003,1.82095,-4808.82,0
0.409884,3508.09,7.27757,1.05344,1.56654,-4669.26,0
0.416395,3508.06,7.32389,1.25458,1.392,-4669.92,0
0.422873,3507.96,7.45029,1.32933,2.06313,-4812.87,0
0.429389,3507.81,7.84185,1.28971,2.42139,-5104.49,0
0.435877,3507.74,7.88127,1.50939,2.6301,-5183.09,0
0.442381,3507.67,7.99667,1.52479,2.50436,-5263.17,0
0.448917,3507.64,8.0136,1.68565,2.62498,-5257.79,0
0.455421,3507.55,7.99828,1.58846,3.57801,-5380.8,0
0.461885,3507.63,8.02932,1.65785,1.4693,-5128.22,0
0.468452,3507.47,8.06325,1.67229,3.24904,-5408.64,0
0.474955,3507.54,7.98668,1.67371,1.87467,-5180.92,0
0.481477,3507.44,7.95533,1.84961,2.8426,-5307.47,0
0.487999,3507.5,7.8839,1.80371,1.88575,-5120.94,0
0.494487,3507.47,8.07101,1.85168,0.877739,-5121.11,0
0.501024,3507.31,8.00539,2.01965,3.38062,-5371.19,0
0.507489,3507.43,7.915,2.29957,1.11951,-5070.28,0
0.513995,3507.32,7.8778,2.21861,2.8922,-5208.84,0
0.520506,3507.32,7.89987,2.22735,2.25929,-5140.71,0
0.52702,3507.24,8.0152,2.46062,2.13844,-5241.08,0
0.533543,3507.26,7.97033,2.40883,1.73685,-5128.15,0
0.54005,3507.23,7.99099,2.58831,1.6513,-5135.1,0
0.546608,3507.22,7.83895,2.71431,2.07006,-5089.89,0
0.553113,3507.35,7.59544,2.51361,1.30666,-4782.92,0
0.559567,3507.3,7.70552,2.38495,1.64742,-4827.12,0
0.566051,3507.37,7.6993,2.09874,0.714563,-4644.4,0
0.572507,3507.22,7.6956,1.95868,3.32676,-4854.9,0
0.579004,3507.38,7.59529,1.79478,0.883181,-4516.47,0
0.585548,3507.27,7.63141,1.58346,2.82971,-4668.13,0
0.592021,3507.48,7.3485,1.65814,0.325987,-4262.46,0
0.598547,3507.39,7.36162,1.5534,1.39806,-4364.5,0
0.605074,3507.39,7.21863,1.55612,1.68667,-4316.7,0
0.611576,3507.27,7.40999,1.43233,2.53246,-4468.78,0
0.618106,3507.35,7.33417,1.23397,1.31393,-4287.41,0
0.62458,3507.31,7.3772,1.34974,1.06333,-4306.88,0
0.631069,3507.18,7.24822,1.18107,3.77295,-4467.56,0
0.637583,3507.23,7.1726,1.15797,2.61994,-4349.62,0
0.644067,3507.06,7.13297,1.15779,4.52981,-4558.28,0
0.650544,3507.03,7.05226,1.1823,4.36787,-4559.19,0
0.657046,3507,6.98872,1.19807,4.08031,-4559.03,0
0.663529,3506.83,6.98381,1.18095,5.86426,-4775.13,0
0.670047,3506.8,7.06046,1.23315,3.66659,-4770.64,0
0.67654,3506.72,7.09509,1.29192,3.97606,-4850.07,0
0.683054,3506.74,7.15381,1.31481,2.1101,-4775.44,0
0.689546,3506.73,7.31217,1.17008,0.715055,-4737.29,0
0.696059,3506.71,7.22911,1.24706,1.35345,-4722.76,0
0.702562,3506.68,6.92968,1.46488,3.36618,-4731.25,0
0.709077,3506.63,7.23308,1.45659,1.65437,-4753.26,0
0.715563,3506.62,7.26451,1.41158,1.49734,-4725.73,0
0.722063,3506.52,7.42405,1.28113,2.29736,-4822.43,0
0.728588,3506.64,7.17504,1.33693,1.41053,-4612.09,0
0.735053,3506.51,7.23904,1.64422,2.73115,-4751.43,0
0.74158,3506.44,7.16045,1.60037,4.09625,-4805.51,0
0.748068,3506.53,7.24399,1.55877,0.838031,-4634.15,0
0.754565,3506.47,7.1263,1.39809,2.75562,-4671.68,0
0.761053,3506.49,7.11215,1.55442,2.0441,-4610.76,0
0.767584,3506.45,7.0859,1.35707,2.90635,-4628.26,0
0.774149,3506.55,7.04558,1.49029,0.481814,-4452.45,0
0.780634,3506.46,6.86351,1.54505,3.1972,-4535.37,0
0.787193,3506.52,6.73905,1.52175,2.40494,-4418.49,0
0.79369,3506.5,6.74078,1.46936,2.47352,-4404.94,0
0.800197,3506.46,6.79787,1.26661,2.63932,-4429.69,0
0.806704,3506.43,6.65907,1.14683,3.46623,-4422.11,0
0.813223,3506.34,6.71092,1.03362,4.13634,-4497.42,0
0.819769,3506.27,6.6875,1.02377,4.15676,-4548.66,0
0.826287,3506.33,6.66598,1.10622,2.36808,-4443.57,0
0.8328,3506.31,6.87697,0.714408,1.22983,-4427.16,0
0.839289,3506.26,6.97485,0.829567,1.16171,-4459.02,0
0.845773,3506.22,6.92551,0.896596,1.73296,-4469.75,0
0.852269,3506.21,6.8453,0.883787,2.31499,-4446.34,0
0.858758,3506.18,6.91991,0.951974,2.04843,-4448.23,0
0.865309,3506.12,6.95827,0.892992,2.60992,-4486.81,0
0.871813,3506.05,6.99252,0.972174,2.95069,-4529.49,0
0.87836,3506.04,7.13988,0.97014,1.74179,-4511.38,0
0.884876,3506.07,6.95498,1.0261,2.18361,-4445.8,0
0.891359,3506.04,7.06471,1.09083,1.57073,-4442.17,0
0.897861,3505.98,7.28409,1.23227,0.804638,-4481.63,0
0.904342,3506.11,6.90289,1.38334,0.556481,-4303.76,0
0.91089,3506,7.207,1.48025,0.139742,-4396.11,0
0.917363,3505.94,7.32131,1.39063,0.317025,-4427.89,0
0.923864,3505.77,7.50445,1.36291,2.12685,-4581.18,0
0.930356,3505.74,7.32681,1.67504,3.0827,-4583.62,0
0.936862,3505.77,7.41907,1.72176,1.29026,-4510.88,0
0.943339,3505.82,7.43665,1.65979,0.0158284,-4430.8,0
0.949814,3505.73,7.38089,1.6859,1.8878,-4493.86,0
0.956297,3505.65,7.29902,1.44471,4.13759,-4545.11,0
0.962766,3505.6,7.38388,1.49566,3.68139,-4569.6,0
0.969313,3505.68,7.38372,1.35957,1.61625,-4457.97,0
0.975807,3505.64,7.34346,1.24811,2.30107,-4465.22,0
0.982267,3505.62,7.14169,1.37864,3.76637,-4461.22,0
0.988793,3505.59,7.25751,1.31308,2.7239,-4464.12,0
0.995319,3505.53,7.24527,1.37144,3.40022,-4491.33,0
1.00182,3505.53,7.21181,1.44412,3.14086,-4464.29,0
1.00835,3505.42,7.29631,1.384,4.13642,-4545.49,0
1.01484,3505.44,7.19261,1.38627,3.52318,-4488.63,0
1.02139,3505.34,7.15114,1.32242,4.61724,-4560.98,0
1.02782,3505.33,7.11417,1.26702,3.98521,-4546.01,0
1.03429,3505.27,7.09567,1.34046,4.31535,-4576.28,0
1.04079,3505.23,7.22337,1.6178,2.92251,-4583.32,0
1.04728,3505.35,7.09332,1.57202,1.43948,-4443.59,0
1.05375,3505.24,6.98007,1.66961,4.25183,-4521.15,0
1.06026,3505.33,6.96183,1.40211,2.02216,-4402.93,0
1.06679,3505.33,6.85572,1.21131,2.78264,-4380.38,0
1.07332,3505.29,6.80836,1.13701,3.42442,-4391.36,0
1.07982,3505.38,6.81404,1.18351,0.615646,-4279.13,0
1.08634,3505.35,6.87225,1.11535,0.406399,-4276.65,0
1.09287,3505.25,6.76245,1.30905,2.93985,-4341.81,0
1.09935,3505.28,6.73338,1.3053,2.08838,-4296.53,0
1.10587,3505.3,6.65781,1.38314,1.99449,-4252.84,0
1.11237,3505.27,6.77207,1.40544,1.10513,-4249.36,0
1.11888,3505.19,6.88355,1.66232,1.07186,-4295.8,0
1.12536,3505.16,6.75662,1.71578,2.51284,-4302.86,0
1.13188,3505.17,6.6683,1.68794,2.53646,-4263.76,0
1.13835,3505.21,6.69149,1.81997,0.995263,-4210.07,0
1.14484,3505.21,6.68986,1.75174,0.859877,-4182.22,0
1.15137,3505.19,6.58399,1.98125,1.38429,-4174.2,0
1.15784,3505.19,6.28358,1.98155,3.40693,-4152.68,0
1.16436,3505.25,6.14144,2.20359,2.32962,-4078.06,0
1.17084,3505.39,5.80011,2.37843,1.11207,-3934.38,0
1.17734,3505.25,5.96561,2.45642,2.39662,-4030.69,0
1.18385,3505.12,6.07766,2.64502,3.37309,-4123.3,0
1.19033,3505.15,6.01265,2.64913,2.08631,-4071.29,0
1.19686,3505.06,5.79918,2.87152,4.20668,-4123.68,0
1.20336,3505.12,5.85592,2.6284,2.81555,-4051.71,0
1.20988,3505.04,6.10335,2.38026,3.00376,-4096.84,0
1.21637,3505.09,6.24145,2.2187,0.967028,-4037.3,0
1.2229,3505.01,6.15655,2.44988,2.41391,-4081.77,0
1.22939,3504.89,6.11294,2.42428,4.37704,-4160.3,0
1.23589,3504.99,6.10918,2.42812,1.23208,-4054.18,0
1.2424,3504.84,6.2092,2.3044,3.25985,-4151.96,0
1.24888,3504.79,6.24524,2.21939,3.53972,-4167.86,0
1.25543,3504.83,6.14677,2.42193,2.51257,-4117.83,0
1.26196,3504.82,6.06538,2.63748,2.26088,-4107.74,0
1.26846,3504.81,5.943,2.53006,3.27843,-4092.82,0
1.27499,3504.73,5.93789,2.72641,3.94595,-4135.26,0
1.28155,3504.75,6.00946,2.67929,2.03062,-4099.87,0
1.28805,3504.73,6.19785,2.63032,0.823988,-4094.41,0
1.29452,3504.55,6.11723,2.79846,4.20028,-4207.81,0
1.30103,3504.71,6.075,2.83706,0.43095,-4067.03,0
1.30751,3504.61,5.98036,2.68585,3.21172,-4119.76,0
1.31404,3504.81,5.67511,2.87021,0.202304,-3949.85,0
1.32051,3504.79,5.634,2.94872,0.401019,-3945.59,0
1.32706,3504.61,5.75634,2.96341,2.92078,-4064.6,0
1.3336,3504.57,5.96164,2.79422,2.18397,-4068.05,0
1.34012,3504.67,5.86663,2.78948,0.436423,-3977.47,0
1.34662,3504.53,6.00154,2.87351,1.757,-4059.22,0
1.35313,3504.5,5.99498,2.79439,2.15016,-4063.71,0
1.35964,3504.49,5.79592,2.60293,4.40427,-4051.11,0
1.36617,3504.53,5.76104,2.48606,3.48247,-4000.86,0
1.37266,3504.52,5.83566,2.54014,1.89359,-3989.49,0
1.37919,3504.42,5.85085,2.69387,3.20761,-4045.5,0
1.38569,3504.37,6.04611,2.56042,2.52961,-4059.96,0
1.39217,3504.25,5.96183,2.95479,4.06534,-4129.65,0
1.39869,3504.23,5.974,3.14355,2.73019,-4124.47,0
1.4052,3504.28,5.97018,3.1123,1.51612,-4071.76,0
1.41169,3504.19,5.98203,2.96531,3.8091,-4112.6,0
1.41822,3504.28,6.02661,2.83292,1.15587,-4032.51,0
1.42473,3504.19,6.22898,2.78084,1.27732,-4078.8,0
1.43124,3504.2,6.25099,2.58443,1.31902,-4049.99,0
1.43774,3504.15,6.23283,2.51137,2.60194,-4071.16,0
1.44427,3504.18,6.01305,2.74194,2.77455,-4032.17,0
1.45074,3504.12,6.13804,2.90465,1.74748,-4052.84,0
1.45719,3504.26,6.01132,2.65886,0.451699,-3937.92,0
1.46368,3504.34,5.89198,2.35223,0.73237,-3864.85,0
1.47019,3504.15,6.12261,2.62353,1.71744,-3978.08,0
1.47669,3504.28,5.93604,2.37603,1.13976,-3872.51,0
1.48319,3504.09,6.05567,2.55303,3.31436,-3984.51,0
1.4897,3504.05,6.04847,2.41665,3.74975,-3993.81,0
1.49616,3504.02,6.03017,2.62048,3.23237,-3997.79,0
1.50265,3503.99,6.0037,2.65003,3.04405,-4002.35,0
1.50919,3504.12,5.8198,2.72833,0.574703,-3893.59,0
1.51571,3504.04,5.62563,2.70726,3.70623,-3928.91,0
1.52222,3504.01,5.71505,2.62147,3.35585,-3937.45,0
1.52869,3503.98,5.74918,2.56257,2.75489,-3934.92,0
1.53521,3503.92,5.80153,2.45487,3.84712,-3963.13,0
1.54173,3503.87,5.70436,2.31551,4.91621,-3977.44,0
1.54822,3503.89,5.68343,2.38512,3.44472,-3944.59,0
1.55474,3503.83,5.56617,2.43143,4.80223,-3970.61,0
1.56123,3503.93,5.49675,2.57287,1.11187,-3887.53,0
1.56776,3503.88,5.55507,2.46935,1.9044,-3904.69,0
1.5743,3503.83,5.44839,2.5737,3.24913,-3917.64,0
1.58083,3503.9,5.42256,2.44095,1.62495,-3855.69,0
1.58731,3503.81,5.66708,2.48509,0.998156,-3901.67,0
1.59382,3503.65,5.97016,2.58318,0.827356,-3982.47,0
1.60033,3503.66,5.82822,2.54198,1.7394,-3962.22,0
1.60683,3503.56,5.89702,2.70382,2.3364,-4008.57,0
1.61334,3503.64,5.77473,2.79688,0.690147,-3939.07,0
1.61987,3503.6,5.79419,2.66974,2.05636,-3952.66,0
1.62635,3503.67,5.70747,2.73453,0.667004,-3894.37,0
1.63288,3503.52,5.70748,2.85445,3.13975,-3966.3,0
1.63941,3503.54,5.7247,2.78284,2.17568,-3938.58,0
1.64596,3503.53,5.6273,2.75408,3.2174,-3932.3,0
1.65248,3503.63,5.59806,2.5796,1.28344,-3853.75,0
1.65898,3503.59,5.74097,2.50446,1.09548,-3866.56,0
1.66549,3503.51,5.87083,2.48057,1.52056,-3898.31,0
1.67201,3503.47,5.80938,2.53893,2.28332,-3905.34,0
1.67855,3503.55,5.72608,2.41091,1.44684,-3842.05,0
1.68502,3503.43,5.68829,2.35294,4.62691,-3900.21,0
1.69154,3503.52,5.72548,2.39205,1.03856,-3832.77,0
1.69803,3503.38,5.97118,2.33903,1.61591,-3899.35,0
1.70454,3503.29,6.0125,2.44615,1.87547,-3938.84,0
1.71104,3503.23,5.90888,2.56755,3.29718,-3954.78,0
1.71758,3503.37,5.63139,2.8272,1.22994,-3860,0
1.72406,3503.29,5.72719,2.94071,0.908842,-3890.92,0
1.7306,3503.23,5.66429,3.17955,1.13934,-3909.17,0
1.73706,3503.18,5.87764,3.09094,0.33179,-3928.2,0
1.74356,3503.13,5.75525,3.20875,2.06545,-3941.9,0
1.75005,3503.13,5.8092,3.06962,1.88848,-3927.24,0
1.75657,3503.12,5.84264,3.18711,0.700618,-3915.93,0
1.76305,3502.95,5.77607,3.43396,3.85908,-4000.94,0
1.76955,3502.87,5.90685,3.552,2.50827,-4029.29,0
1.77607,3502.72,5.90003,3.59312,4.97522,-4099.85,0
1.78254,3502.8,5.9475,3.46724,2.39032,-4041.95,0
1.78903,3502.7,6.04167,3.49355,2.9855,-4079.04,0
1.79555,3502.78,6.01853,3.6133,0.15643,-4022.55,0
1.80205,3502.65,5.92236,3.71127,3.04496,-4076.57,0
1.80855,3502.57,5.99454,3.66385,3.8191,-4108.35,0
1.81509,3502.48,6.0799,3.78713,3.23712,-4144.71,0
1.82162,3502.51,6.24751,3.54897,1.76378,-4111.76,0
1.82812,3502.51,6.16325,3.60605,2.1551,-4098.46,0
1.83463,3502.43,6.37985,3.7292,0.165552,-4127.09,0
1.84114,3502.49,6.06105,3.96148,0.470892,-4077.4,0
1.84766,3502.32,6.21403,3.85535,3.34084,-4155.53,0
1.85415,3502.27,6.15268,3.92616,3.79807,-4167.09,0
1.86065,3502.36,6.09617,3.9148,2.21713,-4107.85,0
1.86715,3502.27,6.07529,4.21161,1.65798,-4141.34,0
1.87364,3502.17,5.94859,4.27433,4.47299,-4178.24,0
1.88021,3502.22,5.98908,4.16372,3.23518,-4139.51,0
1.88675,3502.27,6.0544,4.16679,0.930448,-4098.03,0
1.89326,3502.28,5.74963,4.27511,2.97824,-4077.94,0
1.89979,3502.24,5.75504,4.20146,3.60333,-4086.18,0
1.90629,3502.19,5.91445,4.38808,0.625328,-4094.57,0
1.91278,3502.18,5.76156,4.24479,3.78549,-4087.47,0
1.91926,3502.14,5.75143,4.22445,4.04418,-4094.68,0
1.92576,3502.08,5.77134,4.33783,3.49701,-4110.54,0
1.93225,3502.13,5.76081,4.20669,2.29445,-4074.33,0
1.93876,3502.12,5.48459,4.39064,3.53554,-4066.62,0
1.94528,3502.19,5.57709,4.36628,0.263828,-4014.41,0
1.95181,3502.16,5.61251,4.20487,1.85017,-4017.73,0
1.95831,3502.17,5.73071,4.09493,0.701918,-3999.44,0
1.96479,3502.13,5.58409,4.39733,0.188473,-4003.39,0
1.97125,3502.22,5.35283,4.08721,3.3628,-3948.57,0
1.97773,3502.25,5.29997,4.10873,2.37781,-3919.85,0
1.98422,3502.21,5.50253,3.83023,2.63385,-3926.6,0
1.99075,3502.18,5.44049,3.9144,3.14091,-3928.33,0
1.99725,3502.14,5.32871,4.02015,3.84317,-3933.18,0
2.00375,3502.17,5.3158,3.94026,3.07822,-3907.58,0
2.01023,3502.24,5.251,3.90243,2.04772,-3861.21,0
2.01674,3502.17,5.35898,3.96533,1.77379,-3882.76,0
2.02327,3502.14,5.26419,4.10099,2.24069,-3886.34,0
2.02977,3502.28,4.86982,4.04522,3.16736,-3804.69,0
2.03627,3502.25,4.9132,4.11405,2.41007,-3808.37,0
2.04279,3502.17,4.95344,4.21653,2.7201,-3833.06,0
2.04927,3502.12,4.87449,4.07753,5.39323,-3844.99,0
2.05585,3502.06,4.90537,3.98695,4.78063,-3862.87,0
2.06236,3502.02,4.88499,4.10245,3.46231,-3867.03,0
2.06886,3501.99,4.92744,4.33169,1.10923,-3871.3,0
2.07537,3502.04,4.81252,4.33742,0.809916,-3835.62,0
2.08185,3501.96,4.88447,4.22041,2.9313,-3862.53,0
2.08836,3502.12,4.69503,4.2098,0.372802,-3771.27,0
2.09485,3502.05,4.78965,4.13907,1.53342,-3795.12,0
2.10137,3502.02,4.79021,4.08672,2.35358,-3799.07,0
2.10783,3502.06,4.59442,4.0217,3.59235,-3767.14,0
2.11429,3502.11,4.53805,4.06708,1.79029,-3729.67,0
2.12079,3502.06,4.34578,4.15363,4.05187,-3742.47,0
2.12731,3502.02,4.46689,3.99644,4.80484,-3751.33,0
2.13379,3501.94,4.42307,4.03144,4.43806,-3775.88,0
2.14028,3502,4.5283,3.9868,1.04011,-3739.81,0
2.14676,3501.8,4.54707,4.06797,4.11993,-3820.92,0
2.15327,3501.87,4.45698,4.19763,1.42833,-3777.72,0
2.15978,3501.87,4.4995,3.95823,3.05219,-3765.99,0
2.16627,3501.76,4.53687,4.08685,3.63952,-3803.34,0
2.17277,3501.77,4.24834,4.40475,2.79884,-3788.5,0
2.1793,3501.8,4.39519,4.26087,1.55211,-3764.2,0
2.18577,3501.85,4.24223,4.12086,3.34879,-3730.65,0
2.1923,3501.77,4.46286,4.16178,1.8853,-3752.82,0
2.19883,3501.59,4.40998,4.25739,5.33227,-3823.58,0
2.20532,3501.58,4.32911,4.21426,5.13238,-3819.99,0
2.21181,3501.62,4.39902,4.29511,0.585056,-3789.61,0
2.21835,3501.58,4.37475,4.22759,2.57669,-3797.46,0
2.22489,3501.62,4.35789,4.14382,2.0475,-3765.69,0
2.23138,3501.61,4.34394,4.06206,2.5857,-3758.83,0
2.23787,3501.54,4.35574,4.11134,3.48418,-3779.49,0
2.24442,3501.53,4.3306,4.00294,4.27181,-3775.38,0
2.25089,3501.54,4.19777,3.9028,5.46374,-3760.69,0
2.2574,3501.44,4.19153,3.98745,5.24827,-3789.99,0
2.26392,3501.35,4.15939,4.01538,5.42811,-3819.36,0
2.27043,3501.32,4.17031,4.05642,3.51536,-3823,0
2.27693,3501.37,4.26526,4.01703,0.711925,-3789.69,0
2.28342,3501.31,4.26664,3.90401,3.26452,-3804.47,0
2.28995,3501.17,4.34564,4.02311,4.18653,-3853.91,0
2.29645,3501.2,4.29918,3.93409,3.3504,-3832.58,0
2.30295,3501.3,4.15586,3.87011,2.16742,-3776.54,0
2.30947,3501.41,4.09557,3.77593,0.413644,-3717.43,0
2.31596,3501.37,3.96492,3.63828,4.38184,-3724.2,0
2.32242,3501.36,3.94547,3.67031,3.77299,-3721.84,0
2.32891,3501.27,4.05859,3.6273,4.63829,-3749.43,0
2.33544,3501.2,4.09698,3.65279,4.56793,-3768.5,0
2.34195,3501.21,4.16868,3.64582,1.72164,-3751.84,0
2.34848,3501.21,3.99911,3.59854,3.29715,-3742.15,0
2.35502,3501.09,3.95485,3.52473,6.58673,-3781.47,0
2.36153,3501.05,3.9507,3.45656,6.05244,-3788.45,0
2.36804,3501.11,4.07634,3.45952,0.691834,-3755.89,0
2.37456,3501.01,3.95325,3.5945,3.3978,-3785.22,0
2.3811,3501.12,3.82907,3.47385,2.98838,-3729.43,0
2.38758,3501.19,3.7416,3.3642,2.88508,-3691.03,0
2.39407,3501.14,3.75064,3.27261,4.83761,-3702.23,0
2.40059,3501.31,3.7586,3.08332,0.466811,-3620.42,0
2.4071,3501.28,3.75178,2.95624,3.03251,-3624.13,0
2.41362,3501.19,3.75492,2.94616,4.57014,-3649.49,0
2.42016,3501.23,3.59754,2.97986,4.66894,-3623.4,0
2.42671,3501.14,3.60448,3.01175,4.57693,-3650.63,0
2.43324,3501.07,3.74459,3.02683,3.04456,-3669.84,0
2.43975,3501.04,3.80647,2.94716,3.84384,-3673.4,0
2.44625,3501.09,3.67849,2.87249,4.24911,-3643.64,0
2.45276,3501.23,3.63596,2.749,1.20826,-3576.2,0
2.45927,3501.25,3.46776,2.84442,1.58507,-3559.46,0
2.4658,3501.27,3.30681,3.04337,0.139737,-3540.76,0
2.47229,3501.16,3.32277,3.03987,3.43429,-3576.01,0
2.47877,3501.24,3.22073,2.91244,3.64089,-3532.36,0
2.48525,3501.29,3.03528,3.06092,1.8677,-3504.59,0
2.49175,3501.36,2.8921,2.89479,3.37034,-3467.34,0
2.49826,3501.36,2.82776,2.82315,3.90617,-3459.83,0
2.50478,3501.38,2.88381,2.62025,4.95464,-3442.33,0
2.51132,3501.4,2.94264,2.59697,2.09856,-3424.12,0
2.51781,3501.25,3.02031,2.67358,4.85993,-3475.85,0
2.52428,3501.28,2.96591,2.69649,3.06077,-3452.92,0
2.53085,3501.24,3.07718,2.6687,2.70287,-3460.99,0
2.53735,3501.28,3.08453,2.58862,1.75386,-3436.04,0
2.54387,3501.28,3.09533,2.492,2.54501,-3427.59,0
2.55036,3501.34,2.90419,2.38482,4.6203,-3396.49,0
2.55692,3501.37,2.97503,2.3314,2.13393,-3374.62,0
2.56336,3501.38,2.93074,2.29096,2.54539,-3361.83,0
2.56982,3501.23,3.09588,2.2184,5.77251,-3412.43,0
2.57637,3501.22,3.1418,2.28583,2.83018,-3406.71,0
2.58288,3501.26,2.96605,2.33504,2.77451,-3382.05,0
2.5894,3501.16,3.10458,2.52488,0.740251,-3412.74,0
2.59592,3501.08,3.12481,2.4516,4.26587,-3434.61,0
2.60246,3500.99,3.16056,2.39497,4.86157,-3463.62,0
2.60899,3500.96,3.11905,2.41884,3.58439,-3465.23,0
2.61552,3500.89,3.28569,2.37587,3.19536,-3482.58,0
2.62203,3500.96,3.23341,2.29401,2.12359,-3449.6,0
2.62856,3500.86,3.40142,2.2245,2.62602,-3478.36,0
2.63507,3500.96,3.34076,2.1081,0.870932,-3429.67,0
2.64159,3500.8,3.60533,2.11421,1.01769,-3484.33,0
2.64812,3500.78,3.40144,2.20502,4.7917,-3482.6,0
2.65459,3500.76,3.34276,2.16458,6.11074,-3479.2,0
2.66109,3500.81,3.38698,2.06692,2.39714,-3451.69,0
2.66761,3500.83,3.3463,1.98749,3.21613,-3436.5,0
2.67413,3500.77,3.33816,2.00011,4.82531,-3452.6,0
2.68062,3500.75,3.30577,2.08138,2.73878,-3450.25,0
2.6871,3500.71,3.28656,2.24773,1.82781,-3456.06,0
2.69363,3500.67,3.29354,2.12935,4.50568,-3462.59,0
2.70012,3500.69,3.37236,2.00891,3.3061,-3448.88,0
2.7066,3500.69,3.39149,1.99932,2.15148,-3440.74,0
2.71313,3500.66,3.44313,1.97368,1.18306,-3443.97,0
2.71963,3500.59,3.5675,1.91644,0.684112,-3460.72,0
2.7261,3500.59,3.52239,1.96345,0.761875,-3452.8,0
2.73263,3500.41,3.62728,2.06943,3.1969,-3509.98,0
2.73913,3500.57,3.5445,1.94696,0.143376,-3443.32,0
2.74567,3500.46,3.62114,1.94962,2.15163,-3474.78,0
2.75222,3500.49,3.48264,2.0246,2.86118,-3456.01,0
2.75867,3500.48,3.47307,2.02352,2.89214,-3451.11,0
2.76516,3500.42,3.46983,2.10378,3.27289,-3463.32,0
2.77166,3500.35,3.4867,2.07329,5.49241,-3483.38,0
2.77813,3500.35,3.46799,2.05203,3.09747,-3473.88,0
2.78464,3500.43,3.52636,1.77616,1.57256,-3436.86,0
2.79114,3500.4,3.37984,1.88753,4.31056,-3439.71,0
2.79772,3500.33,3.48661,2.02418,1.53688,-3455.38,0
2.80423,3500.29,3.32405,2.28558,2.63662,-3460.89,0
2.81076,3500.35,3.19418,2.12715,5.64028,-3432.08,0
2.81724,3500.28,3.17816,2.16374,5.88226,-3448.8,0
2.82375,3500.29,3.17105,2.17253,3.47836,-3437.46,0
2.83023,3500.24,3.18459,2.23596,3.49912,-3448.3,0
2.8367,3500.23,3.23564,2.26732,1.24137,-3443.91,0
2.84322,3500.24,3.15658,2.14028,4.34744,-3433.54,0
2.84973,3500.26,3.1208,2.04661,5.0351,-3418.7,0
2.85626,3500.18,3.1161,2.18263,2.16483,-3437.85,0
2.86277,3500.11,3.01304,2.11287,6.71502,-3455.16,0
2.86926,3500.1,3.03,2.20236,2.77195,-3448.89,0
2.87575,3500.07,2.9553,2.31729,3.43221,-3452.53,0
2.88223,3500.1,2.89059,2.22685,4.9466,-3433.75,0
2.88872,3500.21,2.79495,2.22458,1.88138,-3389.11,0
2.89519,3500.15,2.79236,2.25521,3.47656,-3403.19,0
2.90168,3500.09,2.78357,2.20914,5.42827,-3414.73,0
2.90813,3500.12,2.83157,2.12936,3.07182,-3397.17,0
2.91465,3500.07,2.96277,2.02978,2.83027,-3406.42,0
2.92117,3500.1,2.81136,2.11872,3.58025,-3390.3,0
2.92768,3500.03,2.95148,2.07264,3.14913,-3406.71,0
2.93416,3500,2.89526,2.05608,5.0159,-3406.61,0
2.94067,3499.97,2.86604,1.99283,5.65009,-3409.17,0
2.94719,3500.05,2.79308,1.89621,4.2882,-3376.27,0
2.95365,3499.98,2.81865,1.9299,4.35481,-3391.63,0
2.96016,3499.97,2.89606,1.83287,3.20475,-3388.01,0
2.96667,3499.85,2.92042,1.97291,4.2003,-3420.62,0
2.97321,3499.63,3.11276,2.22971,1.48576,-3488.86,0
2.97971,3499.76,3.03396,1.99847,2.35577,-3435.79,0
2.98621,3499.75,2.96885,2.11655,1.77536,-3432.61,0
2.99274,3499.82,2.77802,2.24711,0.527696,-3402.44,0
2.99922,3499.9,2.61191,2.2527,0.847833,-3369.19,0
3.00571,3499.9,2.50821,2.05743,6.96663,-3360.02,0
3.01221,3499.96,2.39869,2.02623,4.88451,-3333.67,0
3.01872,3499.98,2.46534,2.04939,0.438384,-3319.93,0
3.02522,3500.14,2.27919,1.89401,1.78051,-3259.16,0
3.03173,3500.01,2.35864,1.89469,3.91888,-3294.84,0
3.03823,3499.87,2.4304,1.99956,4.88209,-3333.06,0
3.04475,3499.88,2.35199,1.91087,6.55464,-3324.99,0
3.05122,3499.89,2.35476,1.97677,1.76406,-3312.13,0
3.05773,3499.78,2.36939,1.97546,6.25375,-3343.71,0
3.06421,3499.92,2.31359,1.91717,0.978856,-3288.53,0
3.07073,3499.81,2.41548,1.83995,4.77794,-3318.2,0
3.07723,3499.83,2.25299,1.88329,6.5481,-3305.95,0
3.08371,3499.9,2.13616,1.90859,4.9443,-3276.06,0
3.09024,3499.9,2.18647,1.88006,0.696256,-3268.78,0
3.09674,3499.85,1.96693,2.11112,2.93335,-3278.74,0
3.10323,3499.94,1.96599,1.98357,1.48546,-3241.57,0
3.10975,3499.78,1.94194,1.89598,9.0099,-3285.12,0
3.11625,3499.71,2.04506,1.92031,5.87749,-3300.99,0
3.12276,3499.82,2.03532,1.78445,2.90437,-3258.75,0
3.12925,3499.9,1.94032,1.66207,5.22581,-3226.56,0
3.13575,3499.87,1.86173,1.62874,7.08173,-3231.92,0
3.14225,3499.88,1.81363,1.59589,6.22858,-3219.48,0
3.14875,3499.9,1.78367,1.61852,3.51503,-3207.46,0
3.15522,3499.85,1.7887,1.53296,6.87874,-3217.25,0
3.16174,3499.92,1.7521,1.55295,0.434758,-3187.68,0
3.16824,3499.82,1.73574,1.53675,5.82463,-3212.06,0
3.17475,3499.88,1.61775,1.56439,2.8769,-3186.96,0
3.18125,3499.92,1.56517,1.5356,3.19311,-3169.03,0
3.18775,3499.93,1.47969,1.55272,3.95718,-3159.17,0
3.19426,3499.82,1.38317,1.5596,8.79332,-3187.02,0
3.20072,3499.89,1.32498,1.61828,2.40158,-3158.95,0
3.20725,3499.78,1.46214,1.51556,6.8973,-3186.97,0
3.21378,3499.71,1.41834,1.60135,5.15107,-3201.62,0
3.22028,3499.56,1.65314,1.53092,6.05464,-3241.36,0
3.22683,3499.5,1.67612,1.54631,7.19522,-3254.27,0
3.23336,3499.45,1.73743,1.5658,4.40788,-3263.73,0
3.23987,3499.5,1.69231,1.53493,3.86559,-3242.16,0
3.24639,3499.45,1.70988,1.61007,1.23163,-3250.5,0
3.25294,3499.3,1.57264,1.8576,3.81881,-3288.16,0
3.25945,3499.33,1.54846,1.82209,3.82572,-3274.76,0
3.26596,3499.26,1.63129,1.82953,3.30457,-3289.24,0
3.27247,3499.27,1.70426,1.65882,5.36357,-3278.29,0
3.27905,3499.44,1.58132,1.58223,2.72163,-3220.99,0
3.28557,3499.37,1.81374,1.41751,1.85943,-3233.92,0
3.29212,3499.29,1.90905,1.33075,4.53604,-3252.25,0
3.29861,3499.38,1.83366,1.29059,3.59086,-3218.67,0
3.30512,3499.22,1.99403,1.26583,4.39136,-3260.26,0
3.31161,3499.02,2.21364,1.24624,3.33128,-3314.42,0
3.3181,3499.03,2.13436,1.21366,5.29695,-3305.09,0
3.32459,3498.85,2.16679,1.51929,1.94414,-3353.48,0
3.3311,3498.7,2.19636,1.69214,1.03875,-3392.52,0
3.33762,3498.51,2.27578,1.64044,6.3015,-3441.44,0
3.34413,3498.51,2.2879,1.66716,3.83643,-3435.67,0
3.35065,3498.41,2.23908,1.58941,8.39589,-3459.65,0
3.35712,3498.33,2.24973,1.52696,8.92329,-3475.93,0
3.36361,3498.28,2.30233,1.50594,4.51119,-3485.48,0
3.37012,3498.39,2.31752,1.29796,4.03202,-3443.88,0
3.37662,3498.32,2.36117,1.3542,2.36821,-3459.81,0
3.38313,3498.2,2.41225,1.25549,7.61005,-3488.09,0
3.38966,3498.13,2.4382,1.25372,5.39178,-3502.15,0
3.39616,3498.18,2.3766,1.23478,3.78988,-3479.62,0
3.40265,3498.01,2.41484,1.16055,10.4922,-3523.42,0
3.40917,3498.02,2.35385,1.22039,4.99993,-3514.86,0
3.41574,3497.95,2.39003,1.13971,6.74911,-3526.56,0
3.42225,3497.87,2.4556,1.10204,6.03565,-3544.19,0
3.42873,3498,2.45195,0.948793,2.51148,-3499.08,0
3.43522,3497.87,2.58737,0.864694,0.751339,-3530.39,0
3.44175,3497.9,2.51109,0.886932,3.45903,-3516.14,0
3.44828,3497.9,2.41659,0.929681,7.9579,-3510.35,0
3.45485,3497.8,2.43655,1.01044,6.14515,-3531.46,0
3.46134,3497.86,2.40719,1.0263,3.82556,-3507.98,0
3.46786,3497.9,2.34263,1.01145,6.00864,-3488.75,0
3.47437,3498.06,2.2876,0.889583,4.60386,-3437.34,0
3.48088,3497.97,2.38577,0.779491,3.24822,-3456.31,0
3.4874,3497.94,2.35346,0.814876,3.42375,-3458.12,0
3.49387,3498.08,2.25836,0.760926,3.65734,-3411.9,0
3.50039,3497.98,2.24536,0.807396,7.09359,-3433.24,0
3.50687,3497.77,2.3735,0.913026,3.31398,-3487.15,0
3.51343,3497.76,2.37216,0.853817,4.93348,-3483.72,0
3.51994,3497.56,2.42032,1.04829,4.90695,-3534.95,0
3.52642,3497.51,2.48345,0.984453,3.70074,-3541.12,0
3.53292,3497.58,2.35129,0.963493,7.93691,-3515.85,0
3.5394,3497.48,2.31268,0.944649,7.87704,-3536.67,0
3.54587,3497.46,2.28603,0.938749,8.44839,-3537.58,0
3.55237,3497.67,2.26312,0.612143,6.60627,-3471.41,0
3.55889,3497.63,2.27326,0.631766,2.73453,-3475.38,0
3.56537,3497.56,2.34647,0.432469,3.48653,-3490.25,0
3.57187,3497.83,2.17822,0.37944,5.21117,-3408.43,0
3.57836,3497.82,2.15774,0.447783,5.2387,-3403.85,0
3.58487,3497.77,2.15708,0.426293,6.01224,-3412.21,0
3.59139,3497.75,2.21537,0.400123,0.376113,-3410.94,0
3.59789,3497.52,2.30584,0.467907,1.71976,-3467.35,0
3.60439,3497.53,2.28089,0.520316,1.65587,-3460.88,0
3.61088,3497.44,2.23307,0.521601,7.10031,-3479.13,0
3.6174,3497.38,2.20895,0.553522,6.02025,-3488.18,0
3.62389,3497.38,2.12892,0.599871,6.8468,-3481.12,0
3.63042,3497.37,2.17502,0.564827,2.43758,-3479.53,0
3.63692,3497.42,2.123,0.596346,3.13845,-3458.27,0
3.64338,3497.45,2.10348,0.434562,6.35929,-3445.48,0
3.64987,3497.49,2.0142,0.686578,3.95656,-3426.2,0
3.65636,3497.41,2.06146,0.505445,8.0327,-3443.46,0
3.6629,3497.42,1.97361,0.395296,2.61704,-3434.92,0
3.66945,3497.38,1.92457,0.404579,7.8687,-3438.78,0
3.67591,3497.35,1.94785,0.32381,5.36016,-3441.58,0
3.68243,3497.4,1.95006,0.302988,0.777803,-3422.59,0
3.68888,3497.31,1.97133,0.239805,3.97924,-3441.4,0
3.6954,3497.23,1.95361,0.276921,6.17021,-3454.37,0
3.70191,3497.16,1.86057,0.345978,4.56423,-3468.42,0
3.70841,3497.07,1.93956,0.2355,0.135093,-3487.51,0
3.71494,3496.98,1.90761,0.144308,9.05172,-3506.02,0
3.72145,3496.91,1.89869,0.109484,7.86358,-3516.23,0
3.72801,3496.9,1.89212,0.166909,3.83755,-3514.09,0
3.73453,3496.82,1.89743,0.105886,4.40445,-3529.78,0
3.74112,3496.74,1.91277,0.0216407,4.17868,-3543.5,0
3.74764,3496.77,1.86538,0.0243582,6.93705,-3530.68,0
3.75417,3496.84,1.81363,-0.026273,7.11871,-3506.52,0
3.76068,3496.82,1.8213,-2.93501e-06,4.14216,-3505.31,0
3.76717,3496.94,1.76898,-0.0566147,3.89567,-3467.6,0
3.77373,3497.04,1.69773,-0.0462039,1.41586,-3432.96,0
3.78021,3496.91,1.69139,-0.0518961,7.69727,-3463.86,0
3.78671,3496.9,1.69813,0.00407925,3.43361,-3460.58,0
3.79322,3496.88,1.66759,0.0299579,6.91815,-3460.09,0
3.79973,3496.71,1.71183,0.154681,6.0889,-3497.75,0
3.80628,3496.67,1.65005,0.0553046,2.64659,-3503.33,0
3.81277,3496.61,1.46658,0.00796659,8.39368,-3510.95,0
3.81923,3496.57,1.3863,0.199602,8.40669,-3517,0
3.82575,3496.6,1.33049,0.18215,1.82683,-3502.52,0
3.83233,3496.64,1.29014,0.239424,4.30595,-3485.96,0
3.83881,3496.51,1.28857,0.316872,5.54522,-3513.58,0
3.84537,3496.51,1.17762,0.4296,6.17525,-3507.78,0
3.85184,3496.28,1.10544,0.336222,3.29111,-3562.38,0
3.85836,3496.46,0.943885,0.321455,5.57561,-3510.24,0
3.86485,3496.44,0.793738,0.252931,4.13677,-3509.73,0
3.86763,3496.38,0.78727,0.237248,8.77224,-3520.7,0
