0.00650461,3509.96,-3.31059,-9.05398,1.89966,-5468.08,0
0.0129891,3509.87,-3.4754,-8.95261,3.64194,-9893.28,0
0.0195078,3509.96,-3.36029,-9.01667,0.838376,-1932.44,0
0.0260474,3509.8,-3.49947,-8.97856,3.48388,-7499.91,0
0.0325254,3509.72,-3.34584,-9.00306,4.8597,-8624.28,0
0.0390103,3509.77,-3.40416,-9.0108,1.97836,-5947.8,0
0.0454832,3509.72,-3.49902,-9.2375,0.876038,-6123.53,0
0.0519803,3509.56,-3.30703,-9.47605,3.13112,-8520.15,0
0.0585071,3509.69,-3.13737,-9.15563,2.4629,-5270.99,0
0.0649689,3509.66,-3.1015,-9.24973,2.25109,-5288.01,0
0.0714871,3509.48,-3.47828,-9.41256,3.49436,-7259.01,0
0.0779674,3509.59,-3.51175,-9.41665,0.535635,-5227.47,0
0.0844406,3509.53,-3.48945,-9.20771,3.11223,-5587.24,0
0.0909518,3509.5,-3.62613,-9.29646,2.00392,-5474.1,0
0.0974971,3509.51,-3.29472,-9.56248,0.662494,-5053.45,0
0.103997,3509.44,-3.26169,-9.64443,1.38517,-5360.74,0
0.110495,3509.53,-3.30545,-9.29897,1.67479,-4267.44,0
0.117016,3509.54,-3.44592,-9.12634,1.50877,-3892.67,0
0.123542,3509.53,-3.68637,-9.1525,0.528018,-3767.18,0
0.130055,3509.45,-3.83797,-9.009,2.58911,-4259,0
0.13655,3509.46,-3.94325,-8.93944,1.88586,-3945.38,0
0.143068,3509.43,-4.03231,-9.11956,1.03231,-4004.92,0
0.149574,3509.33,-4.1082,-9.20489,2.1104,-4471.44,0
0.156087,3509.29,-4.11289,-9.23817,2.27097,-4543.74,0
0.162569,3509.3,-3.86061,-9.32351,1.74329,-4313.21,0
0.169029,3509.24,-3.6845,-9.23819,3.66099,-4509.07,0
0.175562,3509.3,-3.5734,-9.24747,1.92614,-3984.86,0
0.182011,3509.18,-3.57983,-9.2626,3.57553,-4481.28,0
0.188539,3509.2,-3.78433,-9.34882,1.61071,-4229.93,0
0.19505,3509,-3.66486,-9.37966,5.55735,-5131.77,0
0.201578,3508.99,-3.53773,-9.35411,3.90668,-5015.86,0
0.208069,3509.05,-3.68775,-9.33359,1.39943,-4552.21,0
0.214566,3508.82,-3.72063,-9.31141,5.37234,-5490.92,0
0.221055,3508.86,-3.76969,-9.36173,2.85762,-5171.27,0
0.22756,3508.76,-3.86652,-9.36163,3.81433,-5457.78,0
0.234085,3508.82,-3.83098,-9.32366,1.98205,-5053.96,0
0.240585,3508.87,-3.83346,-9.1746,1.53028,-4694.86,0
0.247083,3508.79,-3.8255,-9.05955,3.80488,-4915.52,0
0.253597,3508.73,-3.8436,-9.06314,3.88459,-5012.15,0
0.26007,3508.65,-3.92217,-9.11243,4.02815,-5189.69,0
0.266632,3508.67,-3.87209,-9.08965,2.887,-4971.38,0
0.273126,3508.65,-3.83579,-9.18273,2.4198,-4942.64,0
0.279622,3508.52,-3.93654,-9.4377,2.57238,-5279.7,0
0.286107,3508.65,-3.66288,-9.40041,0.331866,-4716.17,0
0.29261,3508.62,-3.48976,-9.12622,3.24587,-4714.47,0
0.299094,3508.66,-3.89222,-9.08254,0.991295,-4469.93,0
0.305593,3508.57,-3.91858,-9.21905,1.83936,-4689.71,0
0.3121,3508.55,-3.71103,-9.1815,2.57435,-4634.09,0
0.318616,3508.63,-3.78655,-8.92999,2.10514,-4291.01,0
0.32511,3508.59,-3.88151,-8.93939,2.20648,-4327.42,0
0.331638,3508.59,-3.94154,-9.12639,0.385189,-4243.58,0
0.33815,3508.52,-3.99568,-8.92664,2.92748,-4389.03,0
0.344672,3508.48,-4.30063,-8.99863,1.59762,-4398.82,0
0.351186,3508.3,-4.62584,-9.04769,3.88305,-4841.37,0
0.357686,3508.22,-4.54044,-8.95638,4.52222,-4975.49,0
0.364177,3508.24,-4.69327,-9.10495,1.56939,-4830.53,0
0.370658,3508.21,-4.50536,-9.24129,1.39912,-4829.58,0
0.377141,3508.02,-4.64574,-9.53567,2.63896,-5254.46,0
0.383683,3508.1,-4.76599,-9.43905,0.694723,-4939.3,0
0.390184,3508.09,-4.66742,-9.43609,1.26875,-4907.71,0
0.396674,3508.13,-4.65139,-9.21692,1.68725,-4719.35,0
0.403121,3508.02,-4.74812,-9.24614,2.92586,-4912.83,0
0.409647,3508.07,-4.55324,-9.19764,2.38692,-4700.88,0
0.416107,3508.05,-4.60754,-9.05931,3.13491,-4675.13,0
0.422621,3508.15,-4.34392,-9.12361,0.849511,-4371.83,0
0.429131,3507.97,-4.48625,-9.2114,3.65457,-4739.09,0
0.435649,3507.88,-4.45358,-9.1618,4.73361,-4857.88,0
0.442155,3507.91,-4.55687,-9.109,3.03368,-4727.86,0
0.448667,3507.91,-4.59928,-9.19297,1.81189,-4655.74,0
0.45515,3507.84,-4.71496,-9.20639,2.37771,-4742.98,0
0.461685,3507.7,-4.63979,-9.17328,4.99664,-4987.03,0
0.468207,3507.66,-4.41467,-9.26613,4.86161,-4990.8,0
0.474729,3507.84,-4.50437,-9.15084,0.762841,-4549.78,0
0.481247,3507.84,-4.32385,-9.07797,1.62371,-4481.94,0
0.487748,3507.85,-4.26992,-9.07518,0.998652,-4402.32,0
0.494272,3507.89,-4.39543,-8.73577,1.92901,-4268.94,0
0.500723,3507.83,-4.51787,-8.62348,3.05487,-4334.33,0
0.507227,3507.83,-4.45904,-8.53271,3.59195,-4278.57,0
0.513739,3507.75,-4.46061,-8.57907,3.91411,-4385.93,0
0.520246,3507.64,-4.40275,-8.69436,4.57644,-4540.34,0
0.526788,3507.54,-4.33463,-8.75136,4.87899,-4660.92,0
0.533275,3507.49,-4.48189,-8.76763,4.37818,-4700.06,0
0.539789,3507.41,-4.49969,-8.82343,4.48233,-4790.78,0
0.546293,3507.59,-4.4158,-8.65807,1.29973,-4406.61,0
0.552782,3507.62,-4.5805,-8.57691,0.357504,-4302.55,0
0.55928,3507.62,-4.63265,-8.37335,1.59359,-4259.25,0
0.565769,3507.73,-4.75888,-8.02443,0.908837,-4016.97,0
0.572285,3507.62,-4.76733,-7.84072,4.17201,-4155.1,0
0.5788,3507.69,-4.68679,-7.82799,2.19981,-3987.89,0
0.585338,3507.7,-4.57328,-7.57808,3.83821,-3923.01,0
0.591841,3507.79,-4.61703,-7.61971,0.51375,-3733.69,0
0.598323,3507.7,-4.32022,-7.51339,4.07576,-3836.1,0
0.604898,3507.8,-4.21673,-7.47188,1.90631,-3633.95,0
0.611368,3507.91,-4.1301,-7.28343,0.637155,-3417.84,0
0.617927,3507.9,-3.94468,-7.40873,0.604349,-3401.58,0
0.624426,3507.8,-4.00006,-7.45848,2.15863,-3529.89,0
0.630942,3507.88,-3.7898,-7.35125,1.32702,-3359.33,0
0.637479,3507.91,-3.6749,-7.38408,0.362922,-3279.11,0
0.643941,3507.85,-3.86821,-7.40509,0.724606,-3337.56,0
0.650469,3507.72,-3.84005,-7.35117,3.95881,-3497.9,0
0.656985,3507.66,-3.7886,-7.28002,5.20352,-3567,0
0.663505,3507.65,-3.80754,-7.37155,2.76661,-3535.8,0
0.670009,3507.57,-4.00125,-7.57825,1.91123,-3622.83,0
0.67656,3507.53,-3.94276,-7.47586,3.72355,-3657.45,0
0.683061,3507.48,-4.0553,-7.42277,3.37851,-3695.61,0
0.689546,3507.49,-4.01929,-7.4454,2.36646,-3635.12,0
0.696075,3507.45,-4.06114,-7.4783,2.78082,-3667.64,0
0.702602,3507.33,-4.1072,-7.6079,3.82501,-3806,0
0.709097,3507.31,-4.20351,-7.65614,2.67341,-3793.28,0
0.715575,3507.35,-4.18714,-7.65095,1.56496,-3704.15,0
0.722073,3507.22,-4.16856,-7.64504,4.02412,-3847.98,0
0.728574,3507.18,-4.17094,-7.59885,4.11036,-3873.77,0
0.735061,3507.15,-4.02352,-7.53537,4.67622,-3880.95,0
0.741576,3507.09,-4.04438,-7.49877,4.62888,-3917.75,0
0.748064,3507.06,-4.02287,-7.50552,4.08784,-3924.41,0
0.75461,3506.99,-3.98276,-7.47028,3.89772,-3986.57,0
0.761134,3507,-4.00085,-7.45921,2.90174,-3939.53,0
0.767647,3507.02,-3.9575,-7.41462,2.20237,-3877.31,0
0.774127,3506.93,-4.1076,-7.38702,3.64251,-3968.71,0
0.780677,3507.1,-3.8692,-7.22592,1.12194,-3714.22,0
0.787122,3507.13,-3.86831,-7.04915,1.36318,-3648.48,0
0.793629,3507.03,-3.81101,-6.99622,4.04361,-3737.8,0
0.800148,3507.15,-3.90137,-6.89651,0.675822,-3560.18,0
0.806698,3507.02,-3.94677,-6.95065,3.13036,-3693.61,0
0.813202,3506.96,-4.04826,-7.06369,2.92837,-3739.52,0
0.819653,3506.84,-4.03697,-7.19218,4.60762,-3858.56,0
0.826153,3506.86,-3.84577,-7.50804,1.46289,-3797.74,0
0.832629,3506.82,-3.67677,-7.29561,4.65827,-3823.91,0
0.839137,3506.84,-3.66146,-7.30712,3.13075,-3765.84,0
0.845666,3506.82,-3.64163,-7.21937,3.49081,-3762.82,0
0.852169,3506.83,-3.63535,-7.18234,2.56126,-3716.47,0
0.858713,3506.8,-3.60067,-6.99463,4.28789,-3723.88,0
0.865234,3506.75,-3.62249,-7.02981,4.53903,-3756.07,0
0.871732,3506.66,-3.61934,-7.04346,4.75225,-3836.53,0
0.878199,3506.61,-3.57934,-7.05657,4.2192,-3863.22,0
0.884735,3506.64,-3.59332,-7.13191,1.95325,-3796.9,0
0.891285,3506.59,-3.8082,-7.33659,0.190015,-3830.31,0
0.897788,3506.52,-3.83334,-7.3425,1.48452,-3876.72,0
0.904295,3506.4,-3.80301,-7.31375,4.35293,-3982.89,0
0.9108,3506.4,-3.86711,-7.2997,3.19696,-3952.12,0
0.917277,3506.33,-3.71964,-7.33724,4.77753,-4000.54,0
0.92375,3506.36,-3.64204,-7.37124,3.20574,-3937.69,0
0.930249,3506.4,-3.47239,-7.39116,2.12754,-3865.03,0
0.936766,3506.33,-3.33917,-7.42517,3.77144,-3913.82,0
0.94326,3506.37,-3.61361,-7.21962,3.15665,-3852.94,0
0.949757,3506.36,-3.73603,-7.34619,0.85546,-3834.23,0
0.95633,3506.25,-3.90155,-7.45411,1.52534,-3921.16,0
0.962805,3506.2,-3.84458,-7.23781,4.27452,-3942.72,0
0.969312,3506.22,-3.69946,-7.38032,2.40922,-3904.15,0
0.975843,3506.17,-3.82497,-7.291,3.43204,-3926.31,0
0.982354,3506.27,-3.90647,-7.02011,2.45382,-3798.94,0
0.988887,3506.22,-3.9767,-7.00696,3.24042,-3823.92,0
0.995391,3506.16,-4.23996,-7.04347,2.74488,-3859.97,0
1.00193,3506.07,-4.42329,-7.23539,1.95218,-3922.21,0
1.00845,3505.95,-4.71678,-7.32099,2.42359,-4017.58,0
1.01498,3506.01,-4.80827,-7.25352,0.476817,-3930.73,0
1.02149,3505.93,-4.68215,-7.13188,3.5754,-3983.94,0
1.02801,3505.9,-4.67984,-7.09304,4.02575,-3992.48,0
1.03454,3505.91,-4.61396,-7.04586,3.19735,-3951.21,0
1.04105,3505.85,-4.59082,-7.09139,3.19311,-3987.28,0
1.04759,3505.73,-4.49075,-7.16738,5.03644,-4078.74,0
1.05406,3505.65,-4.48278,-7.16007,5.05815,-4124.41,0
1.06058,3505.64,-4.45112,-7.16226,4.35304,-4112.64,0
1.0671,3505.58,-4.44373,-7.23613,3.63847,-4138.58,0
1.0736,3505.65,-4.39584,-7.19293,1.98878,-4051.34,0
1.08014,3505.57,-4.42422,-7.0732,4.31075,-4099.88,0
1.08668,3505.5,-4.48306,-7.1222,3.76363,-4138.05,0
1.09317,3505.53,-4.43353,-7.16376,2.14462,-4092.86,0
1.09966,3505.5,-4.42118,-7.19019,1.99725,-4088.72,0
1.10615,3505.58,-4.64033,-6.67458,3.24337,-3993.13,0
1.11267,3505.66,-4.54711,-6.63864,1.40845,-3896.61,0
1.11913,3505.5,-4.51038,-6.71311,4.73286,-4019.78,0
1.12562,3505.59,-4.27479,-6.97453,0.346325,-3916,0
1.13214,3505.54,-4.39307,-6.88333,1.55418,-3937.78,0
1.13866,3505.6,-4.2882,-6.7817,0.584341,-3861.66,0
1.14518,3505.68,-4.41338,-6.47278,0.0950531,-3770.11,0
1.15173,3505.46,-4.39417,-6.61983,4.55647,-3937.68,0
1.15825,3505.44,-4.40996,-6.68166,3.24847,-3937.06,0
1.16477,3505.4,-4.43399,-6.73104,2.78542,-3948.86,0
1.17128,3505.45,-4.40858,-6.63428,2.03963,-3884.45,0
1.17781,3505.37,-4.24645,-6.74203,3.85448,-3931.3,0
1.18431,3505.33,-4.29817,-6.77552,3.22763,-3944.09,0
1.19087,3505.43,-4.41243,-6.63855,0.423494,-3835.71,0
1.19737,3505.31,-4.56056,-6.81145,0.768491,-3915.94,0
1.20387,3505.21,-4.54115,-6.77093,3.98439,-3978.95,0
1.21041,3505.22,-4.58394,-6.72857,2.99369,-3948.57,0
1.21693,3505.25,-4.49309,-6.63914,2.92101,-3902.79,0
1.22344,3505.31,-4.39944,-6.61303,1.52042,-3833.08,0
1.22998,3505.12,-4.43474,-6.78035,4.08855,-3963.58,0
1.23648,3505.07,-4.42596,-6.76001,4.00621,-3983.2,0
1.24303,3505.07,-4.46647,-6.78896,2.71767,-3964.9,0
1.24958,3505.09,-4.53119,-6.60807,3.04265,-3929.79,0
1.25613,3505.1,-4.52057,-6.74041,0.968549,-3898.06,0
1.26263,3505.01,-4.49126,-6.86757,2.29463,-3951.93,0
1.26917,3504.85,-4.68789,-6.80988,4.96764,-4060.65,0
1.27567,3504.92,-4.75627,-6.74566,2.41082,-3984.19,0
1.28216,3504.89,-4.91785,-6.68711,2.16287,-3982.87,0
1.28863,3504.96,-4.96162,-6.38986,2.44478,-3907.26,0
1.29513,3505.02,-4.89485,-6.17526,3.00225,-3843.38,0
1.30161,3504.95,-4.83616,-6.08273,5.92329,-3881.72,0
1.30811,3504.89,-4.80355,-6.07957,5.518,-3903.43,0
1.3146,3504.86,-4.73442,-6.2543,3.72021,-3913.7,0
1.32111,3504.82,-4.85806,-6.3406,2.43453,-3923.87,0
1.3276,3504.77,-4.76109,-6.3324,4.25222,-3939.16,0
1.3341,3504.68,-4.8061,-6.34323,5.49022,-3990.49,0
1.34063,3504.78,-4.79869,-6.32105,1.21797,-3892.05,0
1.34716,3504.71,-4.80789,-6.15544,4.17976,-3929.89,0
1.35368,3504.7,-4.81222,-6.33494,1.56685,-3912.06,0
1.36021,3504.63,-4.69802,-6.48501,2.7713,-3949.49,0
1.36674,3504.65,-4.6506,-6.47743,2.14876,-3915.56,0
1.37317,3504.58,-4.48557,-6.62019,3.40818,-3946.8,0
1.3797,3504.68,-4.40758,-6.61741,0.373504,-3852.47,0
1.38622,3504.62,-4.16552,-6.73516,2.32703,-3880.97,0
1.39274,3504.46,-4.42178,-6.90054,2.76662,-3974.3,0
1.39927,3504.46,-4.2467,-6.77533,4.82376,-3956.04,0
1.40574,3504.53,-4.3406,-6.76653,1.29175,-3892.28,0
1.41229,3504.66,-4.23164,-6.48416,0.852855,-3778.91,0
1.41879,3504.45,-4.29151,-6.563,5.25868,-3913.87,0
1.4253,3504.48,-4.29762,-6.52554,3.192,-3869.53,0
1.43181,3504.62,-4.16621,-6.38095,1.31472,-3759.75,0
1.43835,3504.61,-4.05995,-6.38581,1.87071,-3747.74,0
1.44488,3504.56,-3.95569,-6.36403,3.81132,-3763.75,0
1.45142,3504.57,-3.88525,-6.26313,4.16483,-3739.5,0
1.45792,3504.6,-3.79714,-6.28885,2.75433,-3702.37,0
1.46441,3504.51,-3.76813,-6.6,1.70557,-3751.69,0
1.47091,3504.35,-3.70276,-6.79252,4.06093,-3838.79,0
1.4774,3504.25,-3.73308,-6.88671,4.88457,-3894.44,0
1.48389,3504.18,-3.6631,-6.91925,5.6427,-3923.44,0
1.49038,3504.25,-3.67257,-6.89964,2.59432,-3861.17,0
1.49685,3504.2,-3.61934,-7.02791,2.00204,-3873.95,0
1.5033,3504.15,-3.24768,-7.1956,3.48858,-3894.48,0
1.50978,3504.01,-3.28004,-7.14416,6.19156,-3967.46,0
1.5163,3504.03,-3.21704,-7.26406,2.27945,-3937.64,0
1.52278,3504.08,-3.25475,-7.17105,1.55623,-3889.98,0
1.52929,3503.94,-3.46365,-7.43521,0.233762,-3959.76,0
1.53577,3503.8,-3.55572,-7.57405,1.55793,-4035.17,0
1.5423,3503.81,-3.4355,-7.56977,1.99644,-4015.08,0
1.54882,3503.79,-3.35231,-7.4626,4.3347,-4011.41,0
1.55533,3503.77,-3.34321,-7.48265,3.33101,-4004.61,0
1.56184,3503.72,-3.38052,-7.43897,4.3296,-4019.91,0
1.56834,3503.89,-3.4269,-7.29004,0.350268,-3897.23,0
1.57483,3503.79,-3.3943,-7.15112,3.96547,-3940.37,0
1.58133,3503.71,-3.4912,-7.2655,3.7567,-3976.95,0
1.58785,3503.63,-3.57752,-7.4119,3.0465,-4012.13,0
1.59437,3503.54,-3.49114,-7.28504,6.51152,-4053.24,0
1.60085,3503.41,-3.55719,-7.35839,5.94084,-4116.15,0
1.60734,3503.5,-3.52746,-7.33583,2.05313,-4046.74,0
1.61387,3503.55,-3.53512,-7.1094,3.37224,-3998.42,0
1.62035,3503.51,-3.44617,-7.00519,5.16669,-4004.99,0
1.62684,3503.48,-3.53048,-7.15415,1.54845,-4006.96,0
1.63331,3503.27,-3.82148,-7.32507,3.19072,-4122.8,0
1.63981,3503.35,-3.53449,-7.45895,0.425808,-4057.18,0
1.64635,3503.28,-3.65216,-7.33922,2.99777,-4079.38,0
1.65284,3503.29,-3.49512,-7.39818,2.53869,-4060.77,0
1.65938,3503.36,-3.48133,-7.19969,3.14427,-4004.35,0
1.66593,3503.33,-3.64817,-7.24825,1.47567,-4002.4,0
1.67239,3503.33,-3.70268,-7.27833,0.408764,-3990.39,0
1.67894,3503.37,-3.5344,-7.21753,0.992913,-3949.54,0
1.6855,3503.45,-3.49851,-7.02901,1.23071,-3887.12,0
1.69203,3503.36,-3.45783,-6.94945,4.04688,-3925.3,0
1.69852,3503.29,-3.65654,-7.00162,3.36958,-3951.44,0
1.70505,3503.3,-3.60249,-6.90024,3.50664,-3927.9,0
1.71153,3503.35,-3.34004,-6.95893,2.75915,-3886.62,0
1.71806,3503.33,-3.44936,-6.94177,2.45553,-3884.27,0
1.72457,3503.52,-3.6309,-6.52953,0.511855,-3759.19,0
1.73107,3503.46,-3.70937,-6.44977,2.79097,-3779.52,0
1.7376,3503.4,-3.76979,-6.4887,3.00709,-3800.93,0
1.74413,3503.48,-3.63227,-6.50734,0.665429,-3736.64,0
1.75068,3503.5,-3.35624,-6.42565,3.10102,-3710.47,0
1.75718,3503.42,-3.36599,-6.45102,4.8826,-3745.3,0
1.76366,3503.55,-3.36144,-6.386,0.564378,-3656.32,0
1.77011,3503.38,-3.431,-6.55047,2.71077,-3740.28,0
1.77662,3503.34,-3.24463,-6.62548,3.54726,-3747.5,0
1.78312,3503.35,-3.16578,-6.61657,3.20247,-3728.14,0
1.78967,3503.41,-3.28344,-6.53986,1.36461,-3684.23,0
1.79619,3503.45,-3.11182,-6.55492,0.531214,-3645.08,0
1.8027,3503.47,-2.93263,-6.3845,3.58586,-3622.17,0
1.80918,3503.37,-3.04684,-6.25484,5.48896,-3663.55,0
1.81565,3503.38,-3.05344,-6.22653,4.55789,-3647.57,0
1.82215,3503.28,-3.02011,-6.248,5.58484,-3687.76,0
1.82865,3503.27,-3.03929,-6.41556,1.57265,-3680.88,0
1.83521,3503.3,-3.04134,-6.16023,3.96732,-3648.14,0
1.8417,3503.3,-2.8577,-6.32624,2.10958,-3637.9,0
1.84822,3503.33,-2.79993,-6.07054,4.99259,-3606.94,0
1.85473,3503.34,-2.85028,-5.97908,4.46565,-3590.32,0
1.86125,3503.28,-2.92138,-6.01324,4.16446,-3610.1,0
1.86772,3503.29,-2.92008,-5.92107,4.5968,-3592.81,0
1.87424,3503.34,-3.11965,-5.77152,2.73708,-3551.23,0
1.88071,3503.27,-3.35281,-5.77598,2.91558,-3577.98,0
1.88723,3503.21,-3.36491,-5.70735,4.81489,-3596.2,0
1.89368,3503.16,-3.21125,-5.78384,4.15513,-3609.98,0
1.90021,3503.21,-3.04203,-5.83396,1.83626,-3575.65,0
1.90671,3503.09,-3.15164,-5.95384,2.6062,-3624.47,0
1.91322,3503.12,-3.21414,-5.83672,2.60146,-3597.81,0
1.91972,3503.14,-2.90114,-5.917,2.66361,-3573.85,0
1.92622,3503.1,-3.01117,-5.75344,5.3539,-3581.78,0
1.93272,3503.15,-2.93279,-5.72329,3.23499,-3542.73,0
1.93919,3503.1,-2.85033,-5.7408,4.5666,-3560.06,0
1.94569,3503.06,-2.73445,-5.83423,3.62461,-3568.94,0
1.95218,3503.12,-2.83037,-5.77598,0.973652,-3526.12,0
1.95869,3503.05,-2.85205,-5.75221,3.1876,-3550.12,0
1.96521,3503.02,-2.89858,-5.77556,2.74579,-3551.25,0
1.97177,3502.94,-3.04013,-5.92817,1.42754,-3582.54,0
1.97826,3502.92,-3.08893,-5.79981,3.27647,-3579.49,0
1.98475,3502.94,-3.00398,-5.73053,4.00816,-3556.54,0
1.99132,3502.99,-2.87767,-5.72555,2.87463,-3522.77,0
1.99787,3503,-2.74047,-5.81555,1.60575,-3505.78,0
2.00435,3502.87,-2.86155,-5.77214,4.80025,-3556.9,0
2.01085,3502.92,-2.85287,-5.76528,2.47445,-3520.71,0
2.01736,3502.94,-2.78445,-5.66141,3.65932,-3498.93,0
2.02386,3502.84,-2.74023,-5.8324,4.23531,-3536.11,0
2.03036,3502.94,-2.80674,-5.77408,0.65346,-3478.48,0
2.03683,3502.89,-2.55981,-5.88357,2.04132,-3490.94,0
2.04333,3502.9,-2.56891,-5.80981,2.52484,-3475.83,0
2.04987,3502.81,-2.67097,-5.94348,2.19528,-3506.56,0
2.05637,3502.64,-2.76789,-6.11528,4.22057,-3579.06,0
2.06289,3502.67,-2.90053,-6.03817,2.70987,-3553.68,0
2.06938,3502.59,-2.88158,-6.01548,5.06168,-3581.55,0
2.0759,3502.69,-2.84355,-5.91549,2.85577,-3523.65,0
2.08245,3502.59,-2.7891,-5.87598,5.54987,-3558.55,0
2.08898,3502.54,-2.74412,-5.86312,5.15282,-3569.18,0
2.09551,3502.52,-2.81193,-5.90554,2.92075,-3568.22,0
2.10202,3502.52,-2.74888,-5.74696,5.76053,-3557.87,0
2.10852,3502.58,-2.93449,-5.67643,2.30978,-3520.72,0
2.11507,3502.61,-2.88618,-5.57121,3.15757,-3495.9,0
2.12161,3502.62,-3.08121,-5.54395,0.480153,-3480.63,0
2.12814,3502.49,-3.05262,-5.58722,4.21566,-3530.13,0
2.13465,3502.48,-2.90007,-5.78788,1.77449,-3522.4,0
2.14114,3502.39,-2.85229,-5.74822,5.02767,-3555,0
2.14764,3502.33,-2.86363,-5.73224,4.30564,-3572.62,0
2.15409,3502.38,-2.59807,-5.82411,2.5661,-3539.68,0
2.16064,3502.39,-2.61824,-5.71739,3.52393,-3523.34,0
2.16716,3502.32,-2.58689,-5.69329,5.81347,-3544.35,0
2.17366,3502.29,-2.6061,-5.63558,4.95083,-3547.32,0
2.18023,3502.26,-2.6536,-5.68634,3.32533,-3550.19,0
2.18672,3502.28,-2.64637,-5.67812,1.73635,-3531.81,0
2.19322,3502.3,-2.59188,-5.67319,0.86478,-3508.77,0
2.19977,3502.17,-2.44555,-5.84188,3.54722,-3561.14,0
2.20623,3502.13,-2.49144,-5.82393,4.29386,-3566,0
2.21272,3502.11,-2.67604,-5.77791,3.47105,-3563.58,0
2.21925,3502.08,-2.52485,-5.79284,4.68119,-3568.48,0
2.22577,3502.07,-2.43432,-5.92452,2.22597,-3562.39,0
2.23231,3502.1,-2.40995,-5.92929,0.886314,-3540.62,0
2.23885,3502.06,-2.31879,-5.93415,2.63121,-3548,0
2.24538,3502.14,-2.32102,-5.66273,4.49403,-3498.94,0
2.25186,3502.29,-2.27586,-5.54256,0.872429,-3422.48,0
2.25838,3502.24,-2.23245,-5.62467,1.32347,-3435.64,0
2.26493,3502.13,-2.1711,-5.72263,3.60575,-3473.25,0
2.27144,3502.11,-2.02224,-5.7571,4.00694,-3471.71,0
2.27795,3502.06,-2.04259,-5.86211,3.211,-3485.79,0
2.28438,3501.97,-2.06813,-5.97075,3.4377,-3514.58,0
2.29091,3502.07,-2.07109,-5.83674,1.39741,-3459.35,0
2.29743,3501.91,-2.00095,-6.07283,2.8606,-3519.16,0
2.30397,3501.92,-1.93124,-6.13704,1.43442,-3508.79,0
2.31047,3501.76,-1.88621,-6.1745,6.01632,-3567.3,0
2.31702,3501.81,-1.92589,-6.17869,2.07097,-3534.51,0
2.32354,3501.82,-1.96987,-6.06085,3.01997,-3521.39,0
2.33009,3501.72,-1.92294,-6.12113,5.21596,-3552.29,0
2.33659,3501.68,-1.94109,-6.17004,3.89394,-3560.01,0
2.34306,3501.59,-1.7658,-6.41554,2.24516,-3587.73,0
2.34956,3501.48,-1.88965,-6.55459,1.96002,-3625.44,0
2.35603,3501.45,-1.97146,-6.52425,2.16041,-3630.92,0
2.36258,3501.44,-1.79385,-6.58417,1.0055,-3621.47,0
2.36908,3501.43,-1.48844,-6.55641,3.80344,-3616.73,0
2.37559,3501.51,-1.52154,-6.36643,4.45707,-3575.12,0
2.38208,3501.51,-1.56155,-6.32392,3.69829,-3564.5,0
2.3886,3501.62,-1.60061,-6.10303,4.05241,-3510.41,0
2.39511,3501.55,-1.54316,-6.18165,3.58394,-3528.44,0
2.40159,3501.55,-1.45919,-6.11411,4.06524,-3516.46,0
2.4081,3501.49,-1.47958,-6.11082,5.47309,-3533.67,0
2.41458,3501.49,-1.54276,-6.05718,5.36236,-3524.46,0
2.42107,3501.48,-1.68679,-6.06316,3.41086,-3517.87,0
2.42761,3501.49,-1.58872,-5.95276,5.51726,-3506.95,0
2.43408,3501.57,-1.52852,-5.96242,0.391328,-3462.9,0
2.44056,3501.4,-1.67534,-5.98209,5.30585,-3523.91,0
2.44711,3501.38,-1.65798,-6.1577,0.424611,-3521.95,0
2.45359,3501.45,-1.91123,-5.86683,2.58816,-3482.84,0
2.46005,3501.44,-1.90696,-5.9319,0.312224,-3479.29,0
2.46651,3501.4,-1.95871,-5.7642,5.33997,-3486.86,0
2.47302,3501.4,-1.97775,-5.63325,5.59792,-3475.74,0
2.47951,3501.35,-1.93871,-5.6742,4.43909,-3488.22,0
2.48599,3501.33,-1.99344,-5.58881,4.4771,-3489.25,0
2.49251,3501.35,-1.90712,-5.59646,2.52016,-3468.43,0
2.499,3501.23,-1.85,-5.63819,5.32776,-3508.42,0
2.5055,3501.32,-1.65408,-5.56749,4.00306,-3464.05,0
2.51198,3501.36,-1.54584,-5.60433,0.312949,-3440.39,0
2.51847,3501.39,-1.78841,-5.44157,0.408153,-3420.24,0
2.52497,3501.28,-1.80597,-5.42225,3.62317,-3451.54,0
2.5315,3501.35,-1.74749,-5.34213,2.72328,-3418.74,0
2.53798,3501.38,-1.66465,-5.16898,5.0326,-3397.4,0
2.54449,3501.36,-1.8323,-5.13133,3.8864,-3396.93,0
2.55095,3501.31,-1.80197,-5.0363,6.30695,-3406.46,0
2.55744,3501.32,-1.77542,-5.05525,2.62596,-3393.29,0
2.56392,3501.36,-1.73811,-4.97178,2.56057,-3368.05,0
2.57048,3501.31,-1.6704,-5.03654,2.9706,-3381.67,0
2.577,3501.28,-1.69738,-5.02977,3.23632,-3383.38,0
2.58351,3501.22,-1.72472,-5.07344,3.92992,-3400.26,0
2.59002,3501.16,-1.7742,-5.13778,3.08318,-3412.17,0
2.59655,3501.09,-1.73068,-5.20117,4.37284,-3431.46,0
2.60306,3501.02,-1.79895,-5.16891,4.92653,-3450.82,0
2.60951,3500.95,-1.80049,-5.1149,4.81359,-3468.2,0
2.61602,3501.02,-1.65115,-5.11769,2.41751,-3432.95,0
2.62248,3500.91,-1.6829,-5.24194,2.71102,-3465.45,0
2.629,3500.89,-1.81469,-5.17892,3.96828,-3465.88,0
2.6355,3500.87,-1.86843,-5.22554,1.99932,-3464.52,0
2.64199,3500.85,-1.85415,-5.21346,1.43301,-3461.71,0
2.64847,3500.74,-1.76448,-5.1839,6.55014,-3497.82,0
2.65497,3500.79,-1.80386,-5.2322,1.38234,-3470.67,0
2.6615,3500.73,-1.77403,-5.16161,5.70601,-3482.54,0
2.66804,3500.66,-1.8189,-5.21536,4.7373,-3500.1,0
2.67456,3500.66,-1.80973,-5.08813,7.26719,-3493.4,0
2.68108,3500.68,-1.93431,-5.08628,2.57924,-3477.15,0
2.68761,3500.66,-2.09823,-4.92343,5.74872,-3475.62,0
2.69412,3500.56,-2.25311,-5.04799,3.4285,-3504.02,0
2.70063,3500.54,-2.18391,-4.86015,7.83254,-3501.99,0
2.70715,3500.55,-2.20596,-4.87417,2.92608,-3491.79,0
2.71364,3500.54,-2.17405,-4.82641,4.5182,-3487.16,0
2.72015,3500.62,-2.16307,-4.72711,1.82758,-3446.98,0
2.72669,3500.65,-2.17189,-4.66916,2.07847,-3429.89,0
2.73325,3500.67,-1.98908,-4.72439,1.13215,-3412.11,0
2.73976,3500.51,-1.98786,-4.78573,6.17203,-3462.2,0
2.74621,3500.43,-2.0168,-4.76464,7.10061,-3483.82,0
2.75272,3500.57,-2.01045,-4.63418,1.40068,-3426.74,0
2.75922,3500.45,-2.05616,-4.70618,3.65521,-3461.81,0
2.76571,3500.48,-2.06823,-4.61844,3.76883,-3442.35,0
2.77222,3500.56,-2.26637,-4.41913,2.37231,-3404.61,0
2.77875,3500.57,-2.22886,-4.36926,3.48817,-3394.02,0
2.78529,3500.5,-2.34972,-4.34586,2.82902,-3410.84,0
2.79183,3500.57,-2.24611,-4.27815,2.2243,-3378.45,0
2.79828,3500.56,-2.3017,-4.21944,3.18754,-3373.43,0
2.80477,3500.58,-2.19473,-4.14109,5.99588,-3359.62,0
2.81131,3500.56,-2.13435,-4.17781,4.28652,-3356.53,0
2.81783,3500.49,-2.16836,-4.1455,5.79388,-3374.2,0
2.82433,3500.41,-2.24954,-4.13588,4.75665,-3395.06,0
2.83083,3500.38,-2.21634,-4.18228,4.19466,-3398.88,0
2.83736,3500.46,-2.22363,-4.04147,3.54342,-3363.42,0
2.84384,3500.41,-2.56639,-3.88996,3.04799,-3373.18,0
2.8504,3500.42,-2.63657,-3.80592,2.47182,-3360.8,0
2.85686,3500.54,-2.49413,-3.65601,3.32244,-3309.65,0
2.86339,3500.54,-2.52281,-3.58161,5.06783,-3304.88,0
2.86986,3500.46,-2.61906,-3.65183,3.81247,-3324.43,0
2.87635,3500.43,-2.68082,-3.73032,0.965498,-3327.02,0
2.88285,3500.4,-2.71479,-3.56149,5.09633,-3328.86,0
2.88935,3500.38,-2.64741,-3.61719,4.97195,-3328.96,0
2.89588,3500.28,-2.62862,-3.62563,7.68981,-3356.33,0
2.90237,3500.29,-2.57775,-3.6076,6.18603,-3346.4,0
2.9089,3500.23,-2.54837,-3.56997,6.50355,-3359.08,0
2.91541,3500.19,-2.61763,-3.63013,3.68246,-3363.74,0
2.92197,3500.18,-2.48551,-3.76301,2.72759,-3362.2,0
2.92852,3500.05,-2.55853,-3.69002,6.96119,-3396.08,0
2.93503,3500.07,-2.46611,-3.68618,6.18358,-3382.64,0
2.94155,3500.03,-2.32858,-3.81264,5.74241,-3389.74,0
2.94811,3499.99,-2.40097,-3.75368,4.75535,-3394.59,0
2.95461,3500.03,-2.37332,-3.74218,1.9121,-3374.73,0
2.96116,3499.98,-2.32174,-3.66401,5.41471,-3383.96,0
2.96767,3499.92,-2.34171,-3.73076,4.43701,-3396.81,0
2.97419,3499.82,-2.39997,-3.887,1.24362,-3423.18,0
2.98069,3499.78,-2.40506,-3.77258,5.9447,-3427.69,0
2.9872,3499.74,-2.41367,-3.83425,4.38383,-3433.3,0
2.99365,3499.64,-2.34725,-3.85001,7.60628,-3461.76,0
3.00014,3499.59,-2.31924,-3.85455,7.0275,-3471.34,0
3.00664,3499.58,-2.41309,-3.83985,2.44256,-3466.2,0
3.01314,3499.56,-2.29873,-3.93947,1.56309,-3465.26,0
3.01967,3499.6,-2.1223,-3.90071,3.59064,-3444.98,0
3.02617,3499.49,-2.11087,-3.98323,4.73302,-3472.26,0
3.0327,3499.43,-2.0815,-4.05905,4.91941,-3485.32,0
3.0392,3499.34,-2.12179,-4.05396,5.99992,-3506.18,0
3.04567,3499.51,-1.8276,-4.00533,3.29383,-3444.68,0
3.05219,3499.52,-1.77023,-3.94561,5.89702,-3432.16,0
3.05871,3499.46,-1.84476,-3.87981,8.00028,-3446.51,0
3.06523,3499.4,-1.82168,-4.02449,3.19435,-3456.92,0
3.07172,3499.34,-1.79123,-4.06906,3.36453,-3469.67,0
3.07823,3499.35,-1.67219,-4.0707,4.65005,-3459.26,0
3.08476,3499.2,-1.67682,-4.27091,2.88,-3502.29,0
3.09128,3499.04,-1.63841,-4.36152,6.48693,-3545.05,0
3.09779,3499.01,-1.60813,-4.26216,8.79555,-3548.86,0
3.10431,3498.97,-1.58741,-4.27164,5.03466,-3551.7,0
3.11078,3498.95,-1.55571,-4.3241,1.46474,-3551.7,0
3.11727,3498.94,-1.3442,-4.34278,4.29245,-3547.29,0
3.12376,3498.84,-1.31783,-4.48255,1.91767,-3573.87,0
3.13024,3498.87,-1.49961,-4.35713,2.61621,-3554.11,0
3.13677,3498.9,-1.43043,-4.34,2.46951,-3540.17,0
3.14327,3498.91,-1.25731,-4.30234,5.77363,-3527.45,0
3.14976,3498.82,-1.29888,-4.24335,8.58159,-3550.66,0
3.15631,3498.73,-1.31668,-4.35965,4.31481,-3570.75,0
3.1628,3498.69,-1.36482,-4.38245,3.53187,-3575.31,0
3.16931,3498.58,-1.33175,-4.41308,6.60912,-3604.25,0
3.17584,3498.51,-1.28913,-4.3659,7.1444,-3618.61,0
3.18229,3498.44,-1.36922,-4.38067,5.48364,-3631.61,0
3.18881,3498.36,-1.49752,-4.39944,4.08662,-3650.09,0
3.19531,3498.37,-1.50934,-4.31514,6.44567,-3639.75,0
3.20181,3498.35,-1.54593,-4.35321,1.96736,-3639.14,0
3.20838,3498.35,-1.48813,-4.30861,4.7916,-3629.73,0
3.21487,3498.38,-1.45706,-4.20693,5.26666,-3613.35,0
3.22141,3498.39,-1.36731,-4.15369,5.0987,-3605.13,0
3.22794,3498.38,-1.33136,-4.16159,4.42897,-3599.15,0
3.23443,3498.39,-1.46687,-4.15036,0.787692,-3588.83,0
3.2409,3498.37,-1.39576,-4.06794,7.592,-3587.61,0
3.24742,3498.41,-1.30664,-4.09718,3.48896,-3570.36,0
3.25393,3498.36,-1.15718,-4.20527,0.715492,-3577.93,0
3.26043,3498.25,-1.12054,-4.20946,4.70372,-3603.73,0
3.26694,3498.2,-1.1311,-4.2374,3.57958,-3610.65,0
3.27345,3498.27,-1.13808,-4.11072,5.5408,-3582.25,0
3.27993,3498.26,-1.08357,-4.03242,7.72234,-3578.69,0
3.28646,3498.27,-1.14877,-4.01384,3.54106,-3569.19,0
3.293,3498.34,-1.23381,-3.92039,2.72624,-3540.29,0
3.29948,3498.41,-1.10935,-3.84695,5.29163,-3512.75,0
3.30597,3498.45,-1.28095,-3.77734,2.71838,-3494.49,0
3.31251,3498.36,-1.27306,-3.71755,7.08971,-3515.35,0
3.31902,3498.29,-1.34552,-3.77834,3.16129,-3528.39,0
3.32552,3498.17,-1.33321,-3.87466,3.20148,-3557.11,0
3.33205,3498.19,-1.4103,-3.79587,4.12436,-3544.05,0
3.33854,3498.12,-1.47354,-3.78205,4.95269,-3558.62,0
3.34503,3498.22,-1.15397,-3.83025,2.17335,-3521.38,0
3.35157,3498.39,-1.14793,-3.65187,2.68783,-3463.7,0
3.3581,3498.32,-1.04809,-3.64543,8.16573,-3477.55,0
3.3646,3498.43,-1.1081,-3.54125,4.2595,-3439.2,0
3.37112,3498.34,-1.15224,-3.54339,5.30314,-3457.92,0
3.37768,3498.26,-1.13511,-3.51167,7.44062,-3476.79,0
3.38418,3498.31,-1.07303,-3.44881,6.71357,-3455.46,0
3.3907,3498.32,-0.935402,-3.38518,7.81738,-3443.33,0
3.39723,3498.25,-0.88332,-3.4559,3.61145,-3457.71,0
3.40371,3498.19,-0.975511,-3.41509,7.77409,-3469.75,0
3.4102,3498.08,-1.00974,-3.52341,2.74303,-3494.99,0
3.41675,3498.16,-0.896385,-3.45895,4.36146,-3465.85,0
3.42323,3498.12,-0.921662,-3.38479,6.7373,-3470.79,0
3.42974,3498.08,-1.17726,-3.34337,4.06221,-3474.48,0
3.43626,3498.06,-1.0882,-3.37134,5.06868,-3475.49,0
3.44275,3497.93,-1.09984,-3.47238,3.22409,-3506.51,0
3.44927,3497.87,-1.2268,-3.46326,3.23087,-3516.32,0
3.45581,3497.91,-1.24638,-3.41579,1.85209,-3497.41,0
3.46228,3497.83,-1.37897,-3.41924,1.60166,-3514.24,0
3.46879,3497.92,-1.34177,-3.26932,7.67919,-3482.62,0
3.47529,3497.83,-1.49727,-3.2628,6.45991,-3502.94,0
3.48181,3497.83,-1.48059,-3.31459,2.41713,-3496.48,0
3.48828,3497.71,-1.39656,-3.39705,5.17759,-3523.25,0
3.4948,3497.84,-1.20605,-3.29534,8.41704,-3480.85,0
3.5013,3497.64,-1.3818,-3.42711,2.71263,-3530.36,0
3.50781,3497.69,-1.19548,-3.44637,1.65825,-3508.42,0
3.51428,3497.62,-1.05258,-3.50946,3.38005,-3522.72,0
3.52079,3497.57,-0.659052,-3.61529,5.31208,-3531.54,0
3.52729,3497.53,-0.794221,-3.60135,5.03704,-3536.55,0
3.53383,3497.5,-0.736296,-3.64811,1.82536,-3536.37,0
3.54035,3497.3,-0.618056,-3.7654,5.05626,-3587.01,0
3.54691,3497.23,-0.641416,-3.72053,9.68793,-3599.43,0
3.55345,3497.27,-0.470729,-3.62978,1.69043,-3583.1,0
3.55995,3497.43,-0.362835,-3.53596,0.738451,-3532.35,0
3.56647,3497.39,-0.57018,-3.46142,6.00275,-3534.66,0
3.57296,3497.33,-0.563825,-3.47216,5.8466,-3546.56,0
3.57946,3497.35,-0.654474,-3.43778,3.12753,-3532.88,0
3.58596,3497.39,-0.746757,-3.28699,9.29474,-3515.36,0
3.59247,3497.31,-0.728868,-3.24907,4.15652,-3533.21,0
3.59895,3497.25,-0.473763,-3.27389,7.2911,-3543.4,0
3.60548,3497.17,-0.224317,-3.30292,7.82708,-3557.51,0
3.61196,3497.22,-0.26965,-3.26748,4.33169,-3537.65,0
3.61845,3497.26,-0.190563,-3.2279,4.53134,-3520.21,0
3.62494,3497.28,-0.176933,-3.1169,7.38817,-3509.06,0
3.63143,3497.12,-0.171572,-3.01031,1.70064,-3547.88,0
3.63791,3497.07,-0.195519,-2.9752,3.95826,-3554.52,0
3.6444,3497.08,-0.0796008,-2.92142,6.57068,-3544.4,0
3.6509,3497.05,-0.100808,-2.93651,4.78614,-3547.46,0
3.6574,3497.01,0.0884437,-2.88889,9.18054,-3552.19,0
3.66392,3497.02,0.194952,-2.90078,2.04172,-3543.12,0
3.67042,3496.86,0.149403,-2.92027,8.51367,-3580.45,0
3.67691,3496.83,0.143682,-2.92996,5.911,-3581.43,0
3.68341,3496.72,0.323652,-3.00854,1.25912,-3605.38,0
3.68986,3496.65,0.472196,-2.86705,4.5294,-3618.25,0
3.69633,3496.58,0.438454,-2.84805,7.04502,-3629.93,0
3.70282,3496.48,0.395228,-2.87511,7.78987,-3650.79,0
3.70934,3496.53,0.362035,-2.86418,3.22975,-3632.33,0
3.71588,3496.47,0.382522,-2.86604,4.70585,-3640.32,0
3.72243,3496.51,0.439566,-2.83021,4.23472,-3624.56,0
3.72892,3496.61,0.417308,-2.77259,3.91864,-3591.85,0
3.73539,3496.6,0.563251,-2.73986,4.05798,-3588.53,0
3.7419,3496.51,0.440644,-2.69038,5.74445,-3605.06,0
3.74843,3496.53,0.402189,-2.67392,4.44857,-3594.46,0
3.75494,3496.54,0.420099,-2.63766,5.81904,-3585.09,0
3.76144,3496.63,0.442574,-2.56017,7.65081,-3554.77,0
3.76793,3496.74,0.398295,-2.48423,8.80531,-3519.07,0
3.77442,3496.75,0.329049,-2.40675,3.99804,-3510.94,0
3.78093,3496.75,0.271209,-2.37653,7.3877,-3504.49,0
3.78746,3496.81,0.263221,-2.32362,6.42354,-3482.35,0
3.79396,3496.71,0.0858795,-2.39969,2.09638,-3502.65,0
3.80048,3496.65,0.122784,-2.36726,8.95736,-3513.26,0
3.807,3496.81,0.0927922,-2.28778,4.56594,-3465.74,0
3.81351,3496.83,0.12873,-2.26661,3.93199,-3452.47,0
3.82005,3496.81,0.17324,-2.24694,5.04025,-3454.01,0
3.82657,3496.73,0.274549,-2.24521,5.07117,-3468.21,0
3.83306,3496.72,0.150756,-2.12253,2.54563,-3465.16,0
3.83954,3496.69,0.143356,-2.02918,6.63447,-3465.91,0
3.84601,3496.67,0.263427,-1.94743,5.32993,-3465.19,0
3.85251,3496.61,0.189786,-1.93761,9.55491,-3476.72,0
3.85904,3496.48,0.0394214,-1.93728,5.42849,-3504.58,0
3.86557,3496.53,-0.0608434,-1.77868,6.85578,-3484.06,0
3.87205,3496.4,-0.0376472,-1.74622,8.29364,-3512.29,0
3.87858,3496.5,-0.0277551,-1.62048,1.83109,-3480.92,0
3.88512,3496.4,-0.065572,-1.62506,5.33649,-3499.75,0
3.89165,3496.38,-0.228311,-1.51497,4.58867,-3498.79,0
3.89815,3496.38,-0.107916,-1.43134,4.36692,-3495.21,0
3.90466,3496.37,-0.112682,-1.33042,7.54342,-3491.63,0
3.91118,3496.25,-0.101429,-1.20858,6.51953,-3514.58,0
3.91765,3496.3,-0.00712327,-1.13015,4.79524,-3495.84,0
3.92413,3496.24,-0.0446267,-1.09941,7.97151,-3506.78,0
3.93064,3496.27,-0.116273,-1.09102,3.79234,-3493.78,0
3.93719,3496.21,-0.0479309,-0.952627,2.94029,-3502.79,0
3.94182,3496.25,0.0294974,-0.849755,10.2053,-3489.33,0
