0.00650923,3509.96,0.304894,1.28712,0.525092,-5593.25,0
0.0130314,3509.92,-0.0376461,1.24244,1.63411,-6095.11,0
0.0195847,3509.91,0.156196,1.31168,1.514,-4554.34,0
0.0260776,3509.87,0.316006,1.27956,2.50892,-5101.01,0
0.032593,3509.79,0.228304,1.20127,4.26056,-6394.92,0
0.0390559,3509.86,0.251026,1.24788,1.68136,-3709.21,0
0.0455768,3509.79,0.0886612,1.29735,2.89313,-4699.23,0
0.0520398,3509.76,0.124926,1.10897,3.50088,-4679.04,0
0.0585319,3509.69,0.138074,1.08731,4.37907,-5244.8,0
0.0650224,3509.74,0.171387,1.12148,2.20104,-4062.4,0
0.0715056,3509.79,-0.0267644,0.959105,0.500195,-2954.82,0
0.0779961,3509.74,-0.176165,0.900178,1.67563,-3385.73,0
0.0845387,3509.71,-0.0385097,0.810491,2.24714,-3423.17,0
0.091048,3509.66,-0.161017,0.950513,3.00562,-3725.2,0
0.0975693,3509.7,-0.0888287,0.837699,1.37004,-3077.95,0
0.104057,3509.67,0.0413719,0.814245,1.92234,-3212.54,0
0.110532,3509.63,0.072538,0.795947,2.29849,-3361.36,0
0.117076,3509.65,0.163057,0.881631,1.08077,-3031.04,0
0.123621,3509.66,0.182621,0.847427,0.115067,-2721.42,0
0.130118,3509.66,0.0632055,0.305328,0.262762,-2589.15,0
0.136626,3509.65,0.159426,0.304149,0.181079,-2528.66,0
0.143125,3509.55,-0.00591013,0.256022,2.71913,-3124.15,0
0.14962,3509.58,-0.0826486,0.219716,1.22014,-2792.7,0
0.156175,3509.55,-0.197142,0.186139,1.85091,-2870.32,0
0.16266,3509.46,-0.246925,-0.023168,3.84792,-3306.06,0
0.169201,3509.5,-0.286085,0.103303,1.67079,-2946.8,0
0.1757,3509.41,-0.412571,-0.0445465,3.5728,-3375.36,0
0.182216,3509.31,-0.373219,0.0231585,4.91311,-3784.93,0
0.188679,3509.29,-0.390247,0.0378992,3.44709,-3746.03,0
0.195164,3509.32,-0.480686,-0.0612753,2.15813,-3489.78,0
0.20164,3509.33,-0.445361,0.00307717,1.30198,-3338.66,0
0.208193,3509.26,-0.631189,0.0685277,2.75672,-3565.27,0
0.214628,3509.3,-0.959622,0.0178889,0.707101,-3241.97,0
0.221105,3509.24,-1.17956,0.166916,2.15857,-3455.78,0
0.227604,3509.12,-1.16077,0.120114,4.22998,-3862.51,0
0.234098,3509.25,-1.15864,0.0982824,0.133044,-3222.85,0
0.240575,3509.2,-0.88964,0.154983,1.67503,-3342.55,0
0.247098,3509.21,-0.747565,0.278395,1.00187,-3195.16,0
0.253614,3509.21,-0.554287,0.317761,0.752117,-3117.36,0
0.260128,3509.12,-0.866968,0.418915,2.48519,-3367.6,0
0.266637,3509.11,-0.508661,0.429119,2.57773,-3333.48,0
0.27314,3509.06,-0.475002,0.306033,3.45515,-3432.9,0
0.279664,3509.02,-0.508585,0.392583,3.97231,-3504.48,0
0.286191,3509.03,-0.455317,0.518819,3.09075,-3405.83,0
0.292699,3509.02,-0.463696,0.429001,2.66467,-3333.05,0
0.299184,3509,-0.490845,0.528251,3.04111,-3347.62,0
0.305668,3509.01,-0.572321,0.849117,1.91266,-3228.85,0
0.312165,3508.93,-0.622884,0.701144,3.46012,-3418.42,0
0.318687,3508.94,-0.731254,1.06734,1.99893,-3320.84,0
0.325168,3508.97,-0.723218,0.976423,0.751421,-3161.46,0
0.331686,3508.77,-0.808323,0.840765,5.86729,-3700.31,0
0.338233,3508.9,-0.793967,0.871331,0.279786,-3255.08,0
0.344765,3508.79,-0.689003,0.67576,3.39923,-3509.02,0
0.351268,3508.85,-0.878075,0.632021,1.11157,-3278.74,0
0.357785,3508.84,-0.857141,0.523152,1.32697,-3253.43,0
0.364327,3508.76,-0.756877,0.70988,3.09117,-3400.06,0
0.370815,3508.73,-0.829013,0.727453,3.38721,-3428.38,0
0.377334,3508.64,-0.930514,0.724385,5.06405,-3615.78,0
0.38384,3508.66,-1.01795,0.761167,3.00563,-3489.89,0
0.390335,3508.67,-1.12375,0.61403,2.28896,-3401.79,0
0.396836,3508.68,-1.14852,0.485236,1.80846,-3335.14,0
0.403367,3508.65,-1.03273,0.572988,2.38193,-3336.52,0
0.409875,3508.63,-1.10348,0.433459,2.75445,-3340.23,0
0.416399,3508.6,-0.921986,0.448558,3.5558,-3364.29,0
0.42291,3508.69,-0.912969,0.450441,0.233027,-3103.68,0
0.429415,3508.63,-0.880196,0.443505,1.91189,-3198.5,0
0.435911,3508.52,-0.784863,0.373021,4.50891,-3389.13,0
0.442418,3508.48,-0.945386,0.241394,4.78179,-3439,0
0.448929,3508.5,-1.06089,0.187317,2.62484,-3336.82,0
0.45542,3508.5,-1.09258,0.119838,1.9253,-3283.48,0
0.461923,3508.54,-0.892252,0.15455,0.683733,-3151.49,0
0.468398,3508.42,-0.872995,0.303496,3.91905,-3370.06,0
0.47488,3508.48,-1.00549,0.275304,1.28372,-3197.33,0
0.481393,3508.41,-0.963605,0.250609,3.1195,-3296.41,0
0.487888,3508.32,-1.0476,0.266189,4.98442,-3441.64,0
0.494366,3508.33,-1.10086,0.231961,2.70622,-3372.78,0
0.500873,3508.25,-1.33229,0.243406,4.46143,-3496.94,0
0.507404,3508.31,-1.12329,0.112904,2.39522,-3335.16,0
0.513909,3508.33,-1.11376,0.262975,0.954105,-3253.56,0
0.520411,3508.28,-0.841198,0.34042,2.58153,-3306.64,0
0.52692,3508.28,-0.859743,0.305342,2.13348,-3264.19,0
0.533428,3508.22,-0.651016,0.372622,3.48699,-3330.67,0
0.53995,3508.16,-0.625584,0.372011,4.38883,-3401.96,0
0.546436,3508.25,-0.573447,0.510923,0.814092,-3200.07,0
0.552965,3508.22,-0.525502,0.459371,1.42478,-3214.96,0
0.559515,3508.18,-0.532817,0.370496,2.66187,-3260.92,0
0.566057,3508.11,-0.472847,0.591996,4.03846,-3338.57,0
0.572557,3508.05,-0.53537,0.628169,4.49869,-3397.68,0
0.579089,3508.01,-0.633039,0.682547,4.1878,-3428.63,0
0.585554,3508.08,-0.502742,0.73992,1.40331,-3272.28,0
0.592098,3508.08,-0.428797,0.759141,1.19423,-3246.45,0
0.598618,3508.03,-0.740692,0.657162,2.26978,-3293.38,0
0.605129,3508,-0.610654,0.593568,2.99114,-3300.95,0
0.611623,3507.95,-0.672191,0.761424,3.78627,-3352.32,0
0.61811,3507.92,-0.60512,0.77445,3.83244,-3367.83,0
0.624608,3507.9,-0.7443,0.734093,3.84397,-3365.43,0
0.631069,3507.85,-0.83708,0.7151,4.53018,-3408.49,0
0.637576,3507.92,-0.845317,0.715725,0.889931,-3263.21,0
0.644112,3507.8,-0.954471,0.67104,3.97083,-3411.76,0
0.6506,3507.83,-1.13612,0.610779,2.45178,-3339.65,0
0.657067,3507.7,-1.02684,0.601156,5.77708,-3500.81,0
0.66361,3507.67,-1.02476,0.515489,4.44263,-3515.27,0
0.670121,3507.73,-0.86766,0.705383,1.68713,-3385.38,0
0.676563,3507.76,-0.660046,0.644563,0.695985,-3306.59,0
0.683088,3507.67,-0.614168,0.813536,3.37922,-3409.88,0
0.689647,3507.74,-0.433612,0.635423,0.876712,-3274.56,0
0.69614,3507.61,-0.395265,0.534786,5.06615,-3439.62,0
0.702696,3507.51,-0.277656,0.523962,6.15111,-3546.05,0
0.709208,3507.47,-0.283048,0.501106,4.71851,-3572.34,0
0.715695,3507.47,-0.404255,0.541325,2.90236,-3532.28,0
0.722217,3507.42,-0.426583,0.339212,4.07286,-3573.64,0
0.728715,3507.43,-0.230494,0.398735,2.85983,-3530.82,0
0.735211,3507.41,0.170474,0.276589,3.19964,-3525.54,0
0.741741,3507.42,0.2593,0.128108,2.04902,-3479.13,0
0.748212,3507.43,0.192227,0.273611,1.16288,-3436.44,0
0.754753,3507.31,0.250469,0.355284,4.42045,-3560.22,0
0.761272,3507.3,0.366678,0.441148,3.54907,-3540.31,0
0.767731,3507.31,0.4141,0.522209,2.79331,-3507.02,0
0.774239,3507.23,0.501495,0.449635,4.1277,-3582.85,0
0.780776,3507.14,0.478296,0.380249,5.13655,-3662.51,0
0.787325,3507.12,0.351921,0.442673,4.57055,-3652.74,0
0.793823,3507.12,0.454371,0.473315,3.40189,-3623.16,0
0.800338,3507.14,0.433879,0.290442,2.23662,-3568,0
0.806873,3507.15,0.465436,0.314194,0.961609,-3531.62,0
0.813356,3507,0.397916,0.406707,4.96396,-3684.32,0
0.819844,3506.87,0.41207,0.493586,6.72896,-3815.02,0
0.826379,3506.92,0.353816,0.460727,3.24074,-3730.75,0
0.832882,3506.87,0.233499,0.520819,4.06321,-3759.57,0
0.839397,3506.94,0.195906,0.589087,0.800723,-3646.31,0
0.845894,3506.86,0.214476,0.558834,3.42257,-3710.19,0
0.852468,3506.9,0.332882,0.497064,1.43143,-3633.22,0
0.858945,3506.89,0.344476,0.523268,1.19836,-3618.8,0
0.865453,3506.87,0.3589,0.476015,1.32628,-3613.61,0
0.871963,3506.89,0.439775,0.348194,0.360396,-3566,0
0.878422,3506.77,0.411277,0.29731,4.27742,-3672.12,0
0.884927,3506.75,0.556468,0.465472,3.91577,-3676.14,0
0.891446,3506.79,0.367629,0.290119,2.22391,-3605.58,0
0.897941,3506.8,0.226864,0.342946,1.3152,-3564.46,0
0.904459,3506.8,-0.167348,0.42121,0.677771,-3534.96,0
0.910943,3506.68,-0.303051,0.445244,4.39948,-3639.52,0
0.917422,3506.69,-0.272285,0.464469,3.52193,-3612.65,0
0.923966,3506.63,-0.418024,0.413267,4.5626,-3645.02,0
0.930536,3506.6,-0.417125,0.290656,4.56473,-3653.28,0
0.937029,3506.61,-0.384305,0.287017,3.24867,-3613.74,0
0.943496,3506.61,-0.537763,0.303197,2.72324,-3597.33,0
0.949994,3506.64,-0.46089,0.528306,1.01589,-3540.4,0
0.95649,3506.6,-0.475759,0.396709,2.13382,-3557.94,0
0.963077,3506.46,-0.45202,0.496473,5.74531,-3673.95,0
0.969569,3506.48,-0.523686,0.433934,3.32624,-3631.69,0
0.976066,3506.47,-0.631612,0.470294,2.7898,-3614.36,0
0.982577,3506.49,-0.507803,0.604434,1.76322,-3573.04,0
0.989107,3506.43,-0.539918,0.700502,3.42688,-3604.27,0
0.995609,3506.43,-0.489556,0.484539,3.32364,-3585.55,0
1.00215,3506.45,-0.547896,0.413371,2.10931,-3541.96,0
1.00868,3506.46,-0.585111,0.320426,1.33895,-3514.1,0
1.01516,3506.45,-0.416744,0.254415,1.54679,-3498.43,0
1.02168,3506.3,-0.635933,0.11996,6.05066,-3617.28,0
1.02816,3506.23,-0.587694,0.0342905,6.60186,-3669.92,0
1.03465,3506.27,-0.582924,0.0769827,2.81947,-3601.82,0
1.04116,3506.22,-0.556777,0.156771,4.19335,-3633.56,0
1.04766,3506.26,-0.547415,0.171861,1.82335,-3572.58,0
1.05414,3506.16,-0.445377,0.0940721,5.11902,-3644.88,0
1.06067,3506.16,-0.469275,0.0952353,3.5167,-3624.42,0
1.06715,3506.14,-0.341834,0.16638,3.2954,-3614.76,0
1.07366,3506.16,-0.370998,0.0280979,2.07196,-3575.72,0
1.08018,3506.1,-0.397157,0.0541727,4.21874,-3613.74,0
1.08668,3506.12,-0.384852,-0.238528,2.75064,-3570.6,0
1.09321,3506.12,-0.410365,-0.460779,2.07129,-3547.24,0
1.09969,3506.14,-0.445733,-0.482909,0.602825,-3508.63,0
1.10621,3506.07,-0.49872,-0.638595,3.08286,-3557.02,0
1.11276,3506.01,-0.572368,-0.648093,4.18773,-3589.17,0
1.11922,3505.99,-0.446354,-0.687776,4.15517,-3585.53,0
1.12577,3506.05,-0.31775,-0.873194,0.742323,-3508.92,0
1.13225,3505.97,-0.513862,-1.0431,2.99343,-3563.56,0
1.13879,3505.96,-0.429897,-1.05991,2.55864,-3550.56,0
1.14534,3505.88,-0.580608,-1.0759,3.33054,-3598.31,0
1.15184,3505.84,-0.455888,-1.10314,3.96316,-3614.05,0
1.15835,3505.88,-0.46939,-1.04247,1.61985,-3554.4,0
1.16484,3505.9,-0.258887,-1.01157,1.09695,-3523.27,0
1.17138,3505.81,-0.356972,-0.982407,4.34971,-3579.41,0
1.17788,3505.87,-0.339002,-0.932678,0.893774,-3505.29,0
1.18443,3505.77,-0.369903,-0.898351,4.52671,-3574.13,0
1.19096,3505.82,-0.278002,-0.806257,1.98122,-3508.9,0
1.19752,3505.8,-0.295405,-0.799741,2.64403,-3509.44,0
1.20405,3505.73,-0.424494,-0.770342,4.22649,-3547.76,0
1.21058,3505.71,-0.427894,-0.659778,3.90261,-3545.73,0
1.21711,3505.72,-0.619599,-0.667147,2.57787,-3516.33,0
1.22363,3505.73,-0.775181,-0.606083,1.25679,-3486.86,0
1.23015,3505.64,-0.8035,-0.909523,4.08238,-3543.94,0
1.23666,3505.62,-0.807362,-0.860312,4.08827,-3545.48,0
1.2432,3505.63,-0.912831,-0.767048,2.80493,-3516.59,0
1.2497,3505.63,-0.955294,-0.702822,2.06027,-3492.87,0
1.25623,3505.57,-1.07026,-0.64781,4.14113,-3525.43,0
1.26277,3505.62,-1.1061,-0.68788,0.555932,-3466.8,0
1.26927,3505.61,-1.01139,-0.689748,1.00945,-3458.77,0
1.27574,3505.58,-0.969728,-0.648347,2.28258,-3464.57,0
1.28224,3505.58,-1.04981,-0.673949,0.679924,-3447.97,0
1.28873,3505.51,-1.12484,-0.684632,2.92617,-3484.54,0
1.29526,3505.41,-1.12906,-0.776227,5.96278,-3543.31,0
1.30175,3505.3,-1.08874,-0.724028,7.86736,-3610.95,0
1.30824,3505.25,-1.08433,-0.655946,6.42713,-3628.68,0
1.31475,3505.29,-0.922636,-0.729967,3.57685,-3584.39,0
1.32127,3505.21,-0.909111,-0.722064,5.72209,-3623.5,0
1.32778,3505.28,-0.946711,-0.559433,1.44916,-3555.5,0
1.33431,3505.17,-0.882318,-0.575803,4.81002,-3618.19,0
1.34078,3505.2,-0.669938,-0.648821,3.75639,-3583.47,0
1.34733,3505.14,-0.819634,-0.730167,4.38028,-3606.49,0
1.35381,3505.17,-0.931573,-0.770676,1.99686,-3570.15,0
1.36032,3505.1,-1.06453,-0.977813,3.46896,-3600.88,0
1.36686,3505.14,-0.978903,-0.996331,1.59694,-3555.97,0
1.37339,3505.1,-1.01051,-0.924015,2.7457,-3564.74,0
1.37985,3505.11,-0.925281,-0.945715,1.65369,-3541.5,0
1.38639,3505.05,-0.843278,-0.97923,4.34445,-3572.25,0
1.39291,3504.99,-0.862871,-0.924415,5.17452,-3593.43,0
1.39943,3505.03,-1.00955,-0.8506,2.12648,-3548.39,0
1.40595,3504.99,-0.99863,-0.802989,3.66901,-3565.24,0
1.41247,3504.9,-0.916237,-0.810498,5.52114,-3608.31,0
1.41899,3504.92,-0.93128,-0.685794,3.54528,-3578.14,0
1.42551,3504.88,-1.03893,-0.822237,4.12253,-3588.6,0
1.43201,3504.76,-1.03871,-0.756118,7.29697,-3656.79,0
1.43857,3504.83,-0.93328,-0.838733,2.28851,-3594.63,0
1.4451,3504.83,-0.957915,-0.890248,1.12689,-3575.75,0
1.45162,3504.73,-0.979531,-0.903212,5.47193,-3630.97,0
1.45811,3504.73,-1.10362,-0.855502,3.92724,-3612.8,0
1.46459,3504.71,-1.14404,-0.945539,3.99426,-3614.72,0
1.47108,3504.72,-1.07892,-1.07884,2.20667,-3586.27,0
1.47758,3504.7,-1.04053,-1.20684,2.60675,-3590.12,0
1.48408,3504.64,-0.89314,-1.07713,5.9131,-3611.36,0
1.4906,3504.55,-0.841316,-1.10186,6.84195,-3655.97,0
1.49715,3504.54,-0.896808,-1.05104,5.03174,-3649.11,0
1.50365,3504.58,-0.940634,-1.00486,1.64711,-3607.58,0
1.51018,3504.53,-1.09446,-1.15557,1.74692,-3622.49,0
1.51666,3504.51,-1.26047,-1.02634,2.06963,-3622.14,0
1.52317,3504.5,-1.37414,-1.04123,1.10887,-3609.12,0
1.52964,3504.44,-1.42828,-0.827882,4.34122,-3634.17,0
1.53612,3504.47,-1.45255,-0.835564,2.2044,-3602.11,0
1.54261,3504.39,-1.53962,-0.877722,4.58084,-3635.48,0
1.54909,3504.28,-1.46645,-0.805111,7.77791,-3689.79,0
1.5556,3504.23,-1.53858,-0.83221,6.00318,-3710.33,0
1.56209,3504.18,-1.4339,-0.868192,6.50753,-3725.96,0
1.56863,3504.14,-1.45017,-0.845515,5.1624,-3737.03,0
1.57508,3504.09,-1.43761,-0.829131,6.05593,-3752.73,0
1.58163,3504.13,-1.45587,-0.832602,2.65954,-3713.34,0
1.58815,3504.12,-1.34402,-0.626677,4.08293,-3700.52,0
1.59466,3504.17,-1.27082,-0.613319,0.799803,-3657.25,0
1.60114,3504.08,-1.27658,-0.62305,4.35601,-3697.05,0
1.60767,3504.1,-1.397,-0.716642,1.22443,-3668.83,0
1.61423,3504.03,-1.48893,-0.633555,4.02481,-3697.72,0
1.62073,3504.01,-1.49171,-0.874129,3.44927,-3693.92,0
1.62727,3503.97,-1.60017,-0.833659,3.88146,-3703.92,0
1.63375,3503.93,-1.56498,-0.781198,5.63297,-3716.94,0
1.6403,3503.91,-1.57786,-0.763877,4.8644,-3713.85,0
1.64685,3503.93,-1.66377,-0.675032,1.58746,-3688.28,0
1.65334,3503.87,-1.76376,-0.678099,2.05322,-3708.87,0
1.65984,3503.86,-1.75539,-0.58562,2.29676,-3697.34,0
1.66634,3503.81,-1.81358,-0.384114,4.49589,-3716.62,0
1.67283,3503.77,-1.78114,-0.38303,4.76448,-3723.2,0
1.67937,3503.83,-1.70578,-0.248634,1.98538,-3675.48,0
1.68585,3503.77,-1.88943,-0.223396,3.12088,-3698,0
1.69235,3503.76,-1.99323,-0.249075,1.60242,-3689.95,0
1.69885,3503.72,-1.95081,-0.287322,3.28825,-3695.63,0
1.70534,3503.73,-2.0421,-0.269983,1.0581,-3675.33,0
1.71184,3503.67,-2.02817,-0.118399,3.62682,-3697.75,0
1.71835,3503.62,-2.00826,-0.13359,4.13135,-3713.62,0
1.72487,3503.61,-1.88579,-0.090195,4.6702,-3703.73,0
1.73138,3503.6,-1.88539,-0.0291176,3.93755,-3697.42,0
1.73787,3503.55,-1.93477,-0.181608,4.84009,-3713.17,0
1.74437,3503.52,-1.8531,-0.149689,5.48136,-3715.56,0
1.7509,3503.51,-1.91547,-0.11882,3.96076,-3705.72,0
1.7574,3503.56,-1.73257,-0.13096,1.37918,-3662.65,0
1.76389,3503.43,-1.65071,-0.0748995,7.06609,-3722.31,0
1.77038,3503.39,-1.68358,-0.143588,4.43785,-3736.05,0
1.77693,3503.39,-1.65291,-0.147883,3.7398,-3720.97,0
1.78344,3503.36,-1.57592,-0.206009,4.33051,-3720.44,0
1.78994,3503.34,-1.55579,-0.313101,5.31901,-3720.46,0
1.79648,3503.4,-1.56633,-0.3162,0.992802,-3675.69,0
1.803,3503.35,-1.62986,-0.525169,2.14611,-3689.53,0
1.80949,3503.3,-1.7178,-0.450324,3.8328,-3705.07,0
1.81595,3503.23,-1.82928,-0.38398,5.46489,-3729.66,0
1.82244,3503.23,-1.87946,-0.485067,3.08338,-3712.9,0
1.82897,3503.24,-1.67127,-0.441289,4.86258,-3696.76,0
1.83546,3503.24,-1.75957,-0.435546,3.22991,-3684.37,0
1.84191,3503.26,-1.61146,-0.529236,2.47955,-3657.96,0
1.84842,3503.23,-1.6865,-0.656792,2.2676,-3661.34,0
1.85491,3503.19,-1.85144,-0.549772,2.8353,-3671.25,0
1.86142,3503.13,-1.87948,-0.492746,5.11654,-3692.26,0
1.86794,3503.16,-1.91534,-0.613329,0.861859,-3661.9,0
1.87444,3503.01,-2.14018,-0.906671,3.92233,-3727.73,0
1.88096,3503.05,-2.19304,-0.6537,1.85508,-3695.47,0
1.88748,3502.98,-2.42444,-0.689898,1.25662,-3720.91,0
1.89399,3502.93,-2.38688,-0.654142,4.08988,-3732.14,0
1.90053,3502.94,-2.31614,-0.600168,2.82154,-3712.42,0
1.90704,3502.87,-2.61705,-0.469472,1.36843,-3738.42,0
1.91353,3502.88,-2.50211,-0.489674,1.54018,-3718.81,0
1.92001,3502.92,-2.36329,-0.574518,0.969064,-3687.82,0
1.92654,3502.86,-2.41217,-0.385343,4.00268,-3706.09,0
1.93298,3502.86,-2.42664,-0.395166,1.75222,-3693.87,0
1.93945,3502.84,-2.40512,-0.326073,1.995,-3690.28,0
1.94597,3502.79,-2.38881,-0.308327,3.66964,-3703.18,0
1.95246,3502.83,-2.27769,-0.503345,1.99324,-3673.06,0
1.95894,3502.78,-2.10556,-0.71004,6.52283,-3684.23,0
1.96545,3502.79,-2.21884,-0.822646,2.4277,-3668.85,0
1.97195,3502.72,-2.12513,-0.898732,6.60987,-3692.36,0
1.97848,3502.66,-2.13512,-0.915549,6.81272,-3708.96,0
1.98498,3502.69,-2.13855,-0.881869,2.81395,-3681.02,0
1.99148,3502.7,-1.98093,-1.14903,2.14563,-3663.9,0
1.99798,3502.7,-1.8341,-1.02157,5.54483,-3651.57,0
2.00451,3502.68,-1.80854,-1.13726,5.20391,-3651.79,0
2.01105,3502.73,-1.64056,-1.21947,1.60384,-3612.7,0
2.01753,3502.7,-1.55383,-1.22724,4.73083,-3617.7,0
2.02404,3502.7,-1.57485,-1.22319,2.01849,-3605.95,0
2.03055,3502.57,-1.54523,-1.13456,8.99612,-3661.49,0
2.03706,3502.58,-1.47158,-1.13024,4.63174,-3642.13,0
2.04352,3502.59,-1.52252,-1.09412,3.04486,-3627.3,0
2.05001,3502.56,-1.51585,-1.15309,3.47316,-3627.09,0
2.05649,3502.48,-1.54325,-1.07713,5.51735,-3656.37,0
2.06298,3502.51,-1.65041,-1.05649,0.186148,-3628.67,0
2.0695,3502.4,-1.84076,-1.15711,2.91958,-3673.09,0
2.07598,3502.4,-1.79673,-1.07024,3.03153,-3658.99,0
2.08249,3502.29,-1.77276,-0.985796,8.436,-3700.87,0
2.08902,3502.25,-1.73188,-0.931623,7.12056,-3709.92,0
2.09556,3502.27,-1.66035,-0.927034,5.77595,-3690.93,0
2.10209,3502.27,-1.68721,-0.920589,4.27385,-3677.78,0
2.10863,3502.22,-1.70841,-0.934152,2.17417,-3687.51,0
2.11513,3502.08,-1.7381,-1.06315,7.7542,-3746.48,0
2.12164,3501.98,-1.85922,-1.10988,8.6657,-3778.26,0
2.12814,3502,-1.79234,-1.06641,4.74658,-3760.11,0
2.13464,3501.95,-1.73044,-1.03733,7.15481,-3772.25,0
2.14114,3501.92,-1.7031,-1.04474,6.76101,-3775.53,0
2.14763,3501.92,-1.6427,-1.02345,5.1081,-3764.42,0
2.15411,3501.89,-1.59785,-1.14729,5.52389,-3765.87,0
2.16061,3501.88,-1.57515,-1.18203,3.70809,-3758.17,0
2.16709,3501.79,-1.62422,-1.13147,7.84217,-3788.08,0
2.17358,3501.73,-1.55433,-1.16189,7.31111,-3803.18,0
2.18008,3501.73,-1.65437,-1.1857,1.11553,-3794.88,0
2.18659,3501.64,-1.73578,-1.14397,5.64489,-3822.41,0
2.19312,3501.63,-1.7246,-0.954813,7.3333,-3816.31,0
2.1996,3501.69,-1.69933,-0.832116,3.01154,-3779.93,0
2.20608,3501.72,-1.44963,-1.04829,3.31139,-3754.38,0
2.21256,3501.66,-1.59134,-1.03688,3.75341,-3767.46,0
2.21906,3501.72,-1.39922,-0.833479,6.31329,-3729.49,0
2.22559,3501.68,-1.39291,-0.844597,7.83512,-3738.2,0
2.23207,3501.71,-1.15807,-0.990718,4.78006,-3713.25,0
2.23855,3501.68,-1.15706,-0.988404,2.95589,-3718.32,0
2.24501,3501.61,-1.11988,-1.08406,5.55155,-3737.92,0
2.25151,3501.58,-1.04539,-1.09434,6.86698,-3738.06,0
2.25804,3501.63,-0.958395,-1.12584,1.25356,-3708.26,0
2.2645,3501.49,-0.875266,-1.19409,10.8344,-3757.95,0
2.27105,3501.41,-1.11332,-1.11084,1.71984,-3781.23,0
2.27755,3501.43,-0.9684,-1.14402,1.61608,-3762.49,0
2.28407,3501.32,-1.03636,-1.23912,6.83537,-3800.26,0
2.29057,3501.34,-0.941714,-1.23669,5.253,-3779.24,0
2.29703,3501.36,-0.933565,-1.22536,1.11444,-3761.77,0
2.30354,3501.33,-0.747402,-1.19458,8.62562,-3762.44,0
2.31005,3501.3,-0.85103,-1.18054,7.08931,-3765.02,0
2.31657,3501.33,-0.835461,-1.20036,2.42441,-3743.42,0
2.3231,3501.3,-0.757214,-1.34094,0.565406,-3745.91,0
2.32961,3501.17,-0.805735,-1.34041,9.12489,-3788.22,0
2.33609,3501.17,-0.78992,-1.38913,0.308916,-3777.81,0
2.34259,3501.14,-0.980618,-1.16598,6.50935,-3781.2,0
2.34915,3501.08,-1.0878,-1.28827,2.87207,-3798.21,0
2.35562,3500.95,-1.12404,-1.48807,5.59615,-3844,0
2.36208,3500.91,-1.31866,-1.38386,4.5932,-3847.6,0
2.36863,3500.97,-1.23941,-1.33203,2.09414,-3812.97,0
2.37513,3500.9,-1.24388,-1.2946,8.12276,-3832.22,0
2.38166,3500.9,-1.18156,-1.37252,3.92042,-3822.8,0
2.38814,3500.92,-1.10471,-1.26147,6.06869,-3803.31,0
2.39463,3500.86,-1.10718,-1.28217,9.32536,-3818.41,0
2.40114,3500.79,-1.09426,-1.43599,4.55249,-3836.31,0
2.40765,3500.77,-0.981811,-1.40247,10.0074,-3834.58,0
2.41412,3500.73,-1.0199,-1.31812,1.66225,-3838.52,0
2.42058,3500.8,-1.03665,-1.1418,1.49643,-3801.78,0
2.42712,3500.77,-1.03668,-1.03447,8.22957,-3804.88,0
2.43361,3500.78,-0.971708,-1.09294,4.94477,-3788.96,0
2.44013,3500.9,-0.816553,-0.938093,2.96967,-3729.58,0
2.44666,3500.86,-0.688162,-1.143,0.350643,-3735.3,0
2.45317,3500.89,-0.669244,-1.03723,2.23134,-3712.85,0
2.4597,3500.8,-0.718343,-1.01519,11.5645,-3740.28,0
2.46621,3500.71,-0.785497,-1.00879,7.62542,-3766.21,0
2.47266,3500.68,-0.845545,-0.984736,6.09823,-3769.24,0
2.47922,3500.68,-0.893845,-0.845532,7.31364,-3757.31,0
2.48572,3500.7,-0.90853,-0.819074,3.95188,-3742.47,0
2.49225,3500.63,-0.9399,-0.854389,6.61654,-3759.64,0
2.49877,3500.62,-0.952865,-0.880958,4.79849,-3755.53,0
2.50524,3500.54,-0.896958,-0.895508,2.46543,-3775.44,0
2.51172,3500.44,-0.93776,-0.905458,11.2329,-3805.7,0
2.51824,3500.45,-0.982047,-0.894745,2.33793,-3791.5,0
2.5247,3500.4,-0.948089,-0.845729,1.45023,-3804.16,0
2.53116,3500.33,-0.996858,-0.84424,3.78184,-3818.73,0
2.53767,3500.22,-0.993421,-0.873995,3.9327,-3855.79,0
2.54419,3500.19,-0.879809,-0.922421,8.87442,-3854.32,0
2.5507,3500.07,-0.86691,-0.844867,9.36665,-3892.45,0
2.55718,3500.1,-0.894129,-0.807801,3.0497,-3869.69,0
2.56372,3500,-0.78584,-0.891687,7.58397,-3900.47,0
2.57018,3499.93,-0.811534,-0.968274,5.5327,-3919.81,0
2.57665,3499.92,-0.804861,-0.95355,7.29235,-3913.43,0
2.58322,3499.89,-0.693588,-0.957671,5.82267,-3913.97,0
2.58973,3499.85,-0.705035,-0.955705,8.15955,-3919.09,0
2.59627,3499.82,-0.770837,-0.951259,2.80589,-3920.99,0
2.60279,3499.93,-0.741062,-0.782358,7.63169,-3867.03,0
2.60929,3499.96,-0.810089,-0.686208,2.90718,-3847.05,0
2.61572,3499.86,-0.728287,-0.612384,5.01652,-3875.94,0
2.62221,3499.75,-0.740305,-0.536891,8.75315,-3908.42,0
2.62871,3499.68,-0.672664,-0.522349,2.27844,-3925.5,0
2.6352,3499.66,-0.587626,-0.566807,3.71869,-3925.03,0
2.64172,3499.5,-0.494939,-0.546502,4.11841,-3975.18,0
2.64827,3499.41,-0.483318,-0.452106,5.01385,-3999.88,0
2.65475,3499.31,-0.357726,-0.375116,2.80761,-4025.04,0
2.66126,3499.37,-0.170648,-0.192958,7.56483,-3992.59,0
2.66281,3499.35,-0.153387,-0.170403,7.36055,-3998.51,1
