0.00651993,3509.92,2.4918,-1.62119,1.3613,-12165.7,0
0.0130812,3509.88,2.78822,-1.7368,1.08923,-9476.94,0
0.0195713,3509.77,2.69146,-1.8702,3.39549,-11862.3,0
0.0260926,3509.79,2.79016,-1.84252,1.95081,-8133.65,0
0.0325706,3509.78,2.77358,-1.67591,2.14866,-6681.93,0
0.0391285,3509.73,2.69636,-1.47784,3.39799,-6845.92,0
0.0456481,3509.75,2.96705,-1.36502,1.93533,-5427.62,0
0.0521637,3509.73,2.78577,-1.0778,3.24831,-5227.35,0
0.0586161,3509.72,2.98929,-1.08631,2.40741,-4857.68,0
0.0651139,3509.62,3.01822,-1.24414,4.21798,-5910.91,0
0.0715548,3509.67,3.16124,-1.48344,1.22642,-4570.4,0
0.0780475,3509.6,3.3732,-1.39482,2.47782,-5178.24,0
0.0845925,3509.63,3.01982,-1.16925,2.70447,-4358.39,0
0.0911145,3509.58,3.21613,-1.36022,2.76994,-4571.5,0
0.0976274,3509.48,3.36428,-1.27545,4.28464,-5309.88,0
0.104126,3509.46,3.40895,-1.25316,3.51383,-5223.06,0
0.110638,3509.53,3.33303,-0.92956,1.69129,-4255.2,0
0.117165,3509.49,3.27164,-0.950999,2.59528,-4376.45,0
0.123683,3509.36,3.44572,-1.0244,4.74496,-5150.08,0
0.130162,3509.48,3.44384,-1.11918,0.672247,-3968.29,0
0.136656,3509.45,3.56714,-1.13684,0.630949,-3993.54,0
0.143149,3509.47,3.2643,-1.05975,1.19961,-3733.87,0
0.149671,3509.34,3.51826,-1.26366,2.99794,-4386.1,0
0.156207,3509.33,3.4345,-1.22614,2.90866,-4305.2,0
0.162741,3509.25,3.37269,-1.30884,4.08825,-4589.56,0
0.169241,3509.31,3.46235,-1.32234,1.27868,-4082.7,0
0.175742,3509.3,3.19856,-1.29792,2.18409,-3963.16,0
0.182267,3509.3,2.99234,-1.30813,2.61619,-3829.46,0
0.18877,3509.33,2.69211,-1.24578,2.44104,-3545.32,0
0.195278,3509.21,2.79686,-1.35962,4.69002,-4035.1,0
0.20176,3509.19,2.80069,-1.35504,4.22964,-3997.39,0
0.208266,3509.2,2.57091,-1.38366,3.91095,-3833.18,0
0.214756,3509.13,2.43756,-1.31646,5.09672,-4045.04,0
0.22126,3509.17,2.5722,-1.37847,2.24055,-3744,0
0.227737,3509.23,2.62769,-1.20078,0.497939,-3401.83,0
0.234294,3509.15,2.70114,-1.40473,1.5212,-3608.36,0
0.240824,3509.16,2.60062,-1.27821,1.43398,-3493.27,0
0.247289,3509,2.69717,-1.2587,5.09607,-4041.67,0
0.253803,3508.95,2.64441,-1.21267,4.3679,-4141.27,0
0.260265,3508.89,2.64911,-1.16176,4.31459,-4258,0
0.266762,3508.87,2.61333,-1.13406,3.67244,-4221.21,0
0.273241,3508.92,2.66207,-1.21944,1.51204,-3958.22,0
0.279711,3508.91,2.58662,-0.8872,1.9046,-3880.47,0
0.286242,3508.82,2.41622,-0.918129,4.78444,-4118.97,0
0.292766,3508.8,2.50998,-0.891721,4.21209,-4098.25,0
0.299305,3508.86,2.47047,-0.717208,1.94063,-3795.13,0
0.305772,3508.85,2.20871,-0.449372,3.11311,-3754.02,0
0.312284,3508.74,2.17646,-0.400674,5.4838,-4028.46,0
0.31883,3508.74,2.21481,-0.385746,3.95088,-3955.89,0
0.32533,3508.7,2.14196,-0.403448,4.03841,-3999.18,0
0.331857,3508.7,2.11621,-0.572963,3.55893,-3928.81,0
0.338361,3508.75,2.19373,-0.282444,1.5173,-3689.44,0
0.344866,3508.72,2.2719,-0.341519,1.98966,-3716.35,0
0.351408,3508.67,2.37946,-0.228807,2.97066,-3798.74,0
0.35789,3508.67,2.31719,-0.206278,2.32375,-3707.07,0
0.364396,3508.62,2.36925,0.0273274,2.53129,-3778.22,0
0.370868,3508.57,2.35308,-0.00340097,3.50701,-3852.51,0
0.377374,3508.57,2.1979,0.104176,3.35751,-3792.55,0
0.383891,3508.52,2.21993,0.0438164,3.66347,-3852.84,0
0.390436,3508.41,2.29151,-0.0362539,4.99161,-4066.45,0
0.396976,3508.34,2.16977,-0.00030059,5.42904,-4170.86,0
0.403521,3508.41,2.24928,-0.0106797,1.23611,-3942.17,0
0.410027,3508.38,2.44783,0.0397813,1.14037,-3943.24,0
0.416569,3508.34,2.33573,0.233311,2.45619,-3987.69,0
0.423073,3508.33,2.27893,-0.0126416,2.48084,-3941.26,0
0.429589,3508.31,2.35551,0.0837192,2.18198,-3933.75,0
0.436092,3508.24,2.37612,0.0685714,3.78352,-4039.43,0
0.442609,3508.3,2.42415,0.191346,0.863263,-3840.69,0
0.449155,3508.27,2.37583,-0.17511,1.82119,-3858.43,0
0.455669,3508.24,2.31211,-0.152173,2.47764,-3866.25,0
0.462206,3508.26,2.20506,-0.297882,1.65574,-3756.55,0
0.468715,3508.21,2.10151,-0.554987,3.16446,-3819.47,0
0.475249,3508.2,1.88565,-0.676933,3.67371,-3792.62,0
0.481735,3508.21,2.01148,-0.827837,2.27341,-3721.86,0
0.488229,3508.22,2.12752,-0.836898,1.02378,-3651.93,0
0.494716,3508.16,2.10937,-1.0784,2.34522,-3723.98,0
0.501213,3508.04,2.04275,-1.05921,4.73722,-3901.38,0
0.507704,3508.12,2.0224,-0.923242,1.4129,-3694.56,0
0.51417,3508,2.08091,-0.913859,4.22086,-3896.83,0
0.520663,3507.98,1.97904,-1.00638,3.39159,-3873.59,0
0.527138,3507.91,2.09713,-1.02115,4.28887,-3959.03,0
0.533631,3507.83,2.09462,-1.0185,5.10854,-4070.19,0
0.540121,3507.78,2.12409,-1.02123,5.16424,-4108.29,0
0.546669,3507.73,2.16926,-1.12415,4.88988,-4156.33,0
0.553184,3507.69,2.15597,-1.10777,4.59665,-4169.25,0
0.559648,3507.8,2.05423,-1.03887,0.948458,-3933.05,0
0.566135,3507.75,1.88392,-0.935425,2.80154,-3978.8,0
0.572648,3507.68,1.84595,-1.2942,3.83931,-4044.67,0
0.579145,3507.69,1.67261,-1.37131,3.61235,-3993.8,0
0.585676,3507.71,1.5591,-1.76038,1.78967,-3918.27,0
0.592203,3507.68,1.41022,-1.51247,3.15484,-3918.35,0
0.59874,3507.64,1.26726,-1.60892,3.90673,-3940.75,0
0.605233,3507.61,1.28228,-1.47072,4.3958,-3954.06,0
0.611718,3507.62,1.29491,-1.524,1.84814,-3883.49,0
0.618182,3507.57,1.14277,-1.58814,3.27188,-3933.68,0
0.624711,3507.54,0.960669,-1.83481,3.31532,-3932.53,0
0.631195,3507.55,1.00676,-1.9006,1.98305,-3883.44,0
0.637721,3507.54,1.23545,-1.91121,1.25926,-3860.19,0
0.644196,3507.47,1.37607,-1.83852,2.78795,-3920.63,0
0.650724,3507.45,1.47823,-1.86697,2.85853,-3916.37,0
0.657282,3507.49,1.31512,-1.89982,1.36499,-3820.16,0
0.663799,3507.5,1.27262,-2.00701,0.466195,-3766.9,0
0.670283,3507.41,1.04442,-2.12035,3.08169,-3867.09,0
0.676787,3507.35,1.13321,-2.18397,3.32687,-3910.4,0
0.683297,3507.4,1.05674,-2.27283,1.03424,-3799.92,0
0.689765,3507.34,1.07922,-2.17809,3.18292,-3858.82,0
0.696272,3507.21,1.17363,-2.2426,5.33616,-4010.85,0
0.70278,3507.27,1.13668,-2.05875,3.10495,-3888.04,0
0.709235,3507.16,1.08263,-2.02641,5.64532,-3998.96,0
0.715755,3507.21,1.05475,-1.96226,2.83422,-3904.08,0
0.722316,3507.23,1.07656,-1.98955,1.73138,-3841.09,0
0.728867,3507.18,1.23637,-1.97959,1.95676,-3875.39,0
0.735362,3507.16,1.39167,-2.11265,1.30092,-3865.05,0
0.741833,3507.07,1.34993,-2.07856,3.27758,-3952.09,0
0.748342,3507.12,1.59784,-2.05831,0.321863,-3846.93,0
0.754861,3506.97,1.4954,-2.04062,5.29449,-4009.86,0
0.761381,3506.93,1.5651,-2.13452,4.33822,-4027.4,0
0.767911,3506.89,1.58766,-2.08237,4.5467,-4053.53,0
0.774471,3506.83,1.61732,-2.05191,5.49238,-4098.62,0
0.780971,3506.79,1.607,-1.95293,5.49566,-4108.19,0
0.787526,3506.89,1.57602,-1.84714,0.937202,-3945.72,0
0.794059,3506.87,1.56044,-1.5972,2.23977,-3940.64,0
0.80058,3506.79,1.79879,-1.60762,3.75245,-4009.44,0
0.80712,3506.89,1.66534,-1.56622,0.242538,-3858.61,0
0.813663,3506.76,1.55423,-1.62012,4.43261,-3979.11,0
0.820196,3506.75,1.66152,-1.87186,2.38702,-3960.18,0
0.826697,3506.68,1.64344,-1.79737,4.02086,-4021.62,0
0.833221,3506.66,1.72508,-1.77004,3.30077,-4006.93,0
0.839719,3506.58,1.54484,-1.79671,5.38311,-4069.68,0
0.846265,3506.53,1.50901,-1.75353,5.09323,-4105.2,0
0.852757,3506.47,1.52566,-1.7893,5.45387,-4143.68,0
0.859275,3506.52,1.27208,-1.82009,3.38846,-4051.68,0
0.865812,3506.51,1.38173,-1.64663,3.33447,-4026.73,0
0.872317,3506.54,1.41261,-1.70255,1.68301,-3970.94,0
0.878827,3506.45,1.47514,-1.86383,3.56547,-4041.32,0
0.885335,3506.47,1.58259,-1.92421,1.24439,-3983.4,0
0.891849,3506.38,1.66917,-1.97867,3.72332,-4059.33,0
0.898352,3506.36,1.7601,-2.12688,2.144,-4049.45,0
0.904887,3506.24,1.96347,-2.36979,3.9582,-4153.63,0
0.911406,3506.34,1.9085,-2.24696,0.664458,-4013.01,0
0.917864,3506.21,1.86432,-2.37939,3.96548,-4125.15,0
0.924346,3506.2,1.92974,-2.25267,3.55423,-4108,0
0.930885,3506.27,2.16641,-2.07913,0.541858,-4009.62,0
0.937387,3506.16,2.24519,-2.15539,3.55833,-4098.59,0
0.943852,3506.12,2.10783,-2.13471,5.01374,-4111.93,0
0.950317,3506.07,2.0244,-2.11417,4.94973,-4132.26,0
0.95685,3506.07,2.17726,-2.09497,3.17306,-4108.94,0
0.963335,3505.99,2.13903,-2.25715,4.93344,-4162.94,0
0.969846,3506.04,2.05535,-2.2869,2.51706,-4087.94,0
0.97636,3505.99,2.08427,-2.25837,3.95274,-4110.5,0
0.982837,3505.96,2.03124,-2.16092,4.2946,-4115.38,0
0.989363,3505.91,1.98712,-2.11939,5.4269,-4135.1,0
0.995893,3505.94,1.85439,-2.16052,3.02539,-4079.39,0
1.00246,3505.96,1.91065,-2.17874,1.43129,-4034.77,0
1.009,3505.88,2.13864,-2.1811,2.84835,-4084.27,0
1.01549,3505.92,2.29153,-2.08558,0.224018,-4019.6,0
1.02202,3505.83,2.3187,-1.94155,3.70023,-4075.57,0
1.02851,3505.77,2.50202,-1.84395,5.19522,-4114.32,0
1.03504,3505.8,2.3549,-1.95006,3.48103,-4056.11,0
1.04151,3505.78,2.32999,-2.04868,3.43979,-4053.25,0
1.04802,3505.73,2.24263,-1.94732,5.51401,-4074.84,0
1.05457,3505.73,2.23563,-2.05043,3.11561,-4044.8,0
1.06105,3505.64,2.44458,-2.00451,5.02768,-4110.66,0
1.06756,3505.57,2.3577,-1.98101,5.80207,-4150.41,0
1.07409,3505.64,2.38213,-1.80209,2.91504,-4057.53,0
1.08063,3505.62,2.39051,-1.85821,3.06419,-4053.32,0
1.08717,3505.6,2.5257,-1.88386,2.16382,-4042.87,0
1.09363,3505.7,2.30401,-1.65595,0.357214,-3930.27,0
1.10017,3505.64,2.27245,-1.59149,2.81489,-3964.71,0
1.10676,3505.6,2.25742,-1.52971,4.08717,-3975.4,0
1.11329,3505.65,2.46535,-1.35497,0.920822,-3909.82,0
1.11981,3505.61,2.56735,-1.28209,1.52442,-3919.21,0
1.12631,3505.62,2.39917,-1.00136,2.76017,-3887.97,0
1.13281,3505.62,2.40322,-1.02341,2.066,-3862.6,0
1.13928,3505.61,2.33238,-0.730683,3.25869,-3856.66,0
1.14579,3505.63,2.24715,-0.527897,2.76655,-3815.06,0
1.1523,3505.63,2.12213,-0.556472,3.09466,-3795.07,0
1.15882,3505.65,2.23914,-0.639015,0.817831,-3753.45,0
1.16532,3505.61,2.22124,-0.583301,2.06013,-3767.54,0
1.17184,3505.64,1.95102,-0.570537,2.13109,-3720.31,0
1.17838,3505.59,2.07739,-0.653689,2.19686,-3742.66,0
1.18488,3505.56,2.21931,-1.04747,0.760432,-3744.37,0
1.19139,3505.5,2.0718,-1.02868,4.23363,-3779.2,0
1.19787,3505.36,1.99431,-1.01202,7.73783,-3877.36,0
1.20439,3505.38,2.00486,-0.936189,4.36523,-3835.2,0
1.21084,3505.37,2.0242,-0.835416,3.58093,-3822.85,0
1.21736,3505.41,1.99409,-0.761371,1.50805,-3767.64,0
1.22386,3505.45,1.67286,-0.738733,1.5765,-3719.32,0
1.23032,3505.42,1.94697,-0.652472,0.62701,-3719.59,0
1.23686,3505.32,2.0881,-0.802268,3.44701,-3782.74,0
1.24339,3505.4,1.92636,-0.793926,0.0708146,-3701.43,0
1.24992,3505.37,2.05595,-0.549098,0.653855,-3704.24,0
1.25642,3505.36,1.67935,-0.879253,2.30796,-3693.76,0
1.26292,3505.32,1.70695,-0.664444,3.70033,-3706.6,0
1.26941,3505.28,1.75707,-0.675791,4.61978,-3719.82,0
1.27594,3505.25,1.79611,-0.587653,4.24841,-3721.7,0
1.28247,3505.26,1.83031,-0.378727,3.24238,-3694.46,0
1.28896,3505.19,2.1547,-0.428322,3.91955,-3733.42,0
1.2955,3505.1,2.27083,-0.539559,5.79217,-3781.15,0
1.30203,3505.14,2.19424,-0.373805,2.90791,-3731.75,0
1.30856,3505.12,2.00241,-0.352797,4.55994,-3727.83,0
1.31507,3505.03,2.01739,-0.344698,6.17346,-3780.99,0
1.32155,3505.04,2.00041,-0.492404,2.65142,-3753.38,0
1.32806,3505.04,1.99604,-0.250781,2.31601,-3731.17,0
1.33455,3504.94,1.9884,-0.178896,5.56159,-3793.29,0
1.34108,3504.97,1.96529,-0.209384,3.33898,-3753.46,0
1.3476,3504.97,2.03962,-0.311504,1.8536,-3734.88,0
1.35413,3504.85,2.2736,-0.211917,4.91103,-3803.43,0
1.36064,3504.89,2.08014,-0.355338,3.06311,-3752.31,0
1.36719,3504.91,2.11864,-0.213244,1.75687,-3723.43,0
1.37372,3504.8,2.0243,-0.317716,5.91027,-3783.84,0
1.38024,3504.79,2.04939,-0.330572,3.95524,-3776.82,0
1.38672,3504.74,2.03441,-0.307924,4.61606,-3794.09,0
1.39318,3504.73,2.11394,-0.419918,3.21871,-3785.33,0
1.3997,3504.73,2.04815,-0.571516,2.77842,-3762.91,0
1.4062,3504.69,1.87869,-0.61537,4.90467,-3772.96,0
1.41271,3504.59,1.7454,-0.613885,7.17813,-3826.48,0
1.41919,3504.64,1.75944,-0.575094,2.82122,-3778.03,0
1.42571,3504.63,1.82614,-0.706614,1.96985,-3766.45,0
1.43219,3504.56,1.55874,-0.773447,5.3533,-3799.54,0
1.43868,3504.62,1.50088,-0.853459,0.833214,-3739.87,0
1.4452,3504.61,1.46843,-0.68143,1.99573,-3732.7,0
1.45173,3504.62,1.41935,-0.769245,0.990857,-3707.05,0
1.45824,3504.57,1.4729,-0.896183,2.35702,-3726.97,0
1.46476,3504.56,1.50827,-0.955362,1.56081,-3711.22,0
1.4713,3504.49,1.36598,-0.943892,5.43405,-3746.17,0
1.47784,3504.44,1.32116,-0.878446,6.28577,-3763.29,0
1.48433,3504.41,1.48727,-0.964489,4.42728,-3764.93,0
1.49082,3504.44,1.57847,-0.902275,1.01891,-3727.97,0
1.49735,3504.4,1.49534,-0.60137,4.07123,-3736.98,0
1.50386,3504.35,1.5658,-0.560316,5.2832,-3759.75,0
1.51032,3504.35,1.58847,-0.466754,3.3519,-3739.99,0
1.51683,3504.3,1.58206,-0.574959,5.00568,-3758.9,0
1.5233,3504.29,1.74489,-0.567553,3.51412,-3747.79,0
1.52978,3504.25,1.75558,-0.449266,4.81812,-3760.17,0
1.5363,3504.2,1.67635,-0.548492,5.48171,-3776.36,0
1.54279,3504.07,1.64437,-0.459667,8.85922,-3844.96,0
1.5493,3503.98,1.61146,-0.476908,5.79276,-3884.02,0
1.55582,3503.92,1.56065,-0.464226,6.06846,-3904.75,0
1.56232,3503.89,1.53818,-0.537046,5.97964,-3912.76,0
1.56881,3503.9,1.59365,-0.564266,2.55503,-3886.63,0
1.57529,3503.88,1.71469,-0.542348,1.96293,-3883.29,0
1.5818,3503.87,1.50671,-0.560699,3.79885,-3873.16,0
1.58832,3503.89,1.55296,-0.573823,1.30874,-3844.56,0
1.5948,3503.84,1.60997,-0.49238,3.92257,-3865.13,0
1.60128,3503.8,1.59376,-0.470828,5.20772,-3869.08,0
1.60779,3503.78,1.57507,-0.497534,4.94369,-3866.9,0
1.61432,3503.73,1.61559,-0.483592,4.65826,-3885.05,0
1.62083,3503.66,1.59733,-0.583523,6.83916,-3912.31,0
1.62732,3503.63,1.52036,-0.563465,5.79989,-3911.36,0
1.63385,3503.62,1.56424,-0.663521,3.08588,-3903.25,0
1.64033,3503.56,1.59258,-0.67106,5.65293,-3925.45,0
1.64683,3503.53,1.57279,-0.743753,5.33348,-3929.27,0
1.65334,3503.52,1.63915,-0.757454,3.74015,-3918.65,0
1.65989,3503.46,1.54846,-0.79777,5.27164,-3941.71,0
1.6664,3503.41,1.58612,-0.830545,4.73756,-3953.76,0
1.6729,3503.42,1.52527,-0.818641,3.87799,-3934.86,0
1.67938,3503.46,1.53007,-0.68311,0.721769,-3894.62,0
1.68588,3503.4,1.32355,-0.553158,5.03234,-3913.26,0
1.69236,3503.42,1.3628,-0.633709,1.4141,-3888.61,0
1.69883,3503.37,1.4723,-0.714004,2.30073,-3904.19,0
1.70535,3503.33,1.21097,-0.824992,5.45063,-3909.9,0
1.71187,3503.36,1.34786,-0.786265,1.71541,-3880.08,0
1.71837,3503.29,1.35023,-0.819617,4.95388,-3905.08,0
1.72487,3503.29,1.23998,-0.799261,3.62931,-3888.05,0
1.73141,3503.25,1.22755,-0.907923,4.58797,-3896.67,0
1.73791,3503.3,1.14246,-0.891846,1.82018,-3855.49,0
1.74443,3503.28,1.23081,-0.787538,2.24978,-3850.55,0
1.75094,3503.29,1.22333,-0.821772,0.754806,-3834.78,0
1.75742,3503.26,1.35768,-0.776726,1.07781,-3837.68,0
1.76395,3503.21,1.29356,-0.598888,4.76069,-3846.54,0
1.77039,3503.21,1.41037,-0.755796,1.91551,-3833.44,0
1.77693,3503.14,1.50885,-0.77835,3.26455,-3858.68,0
1.7834,3503.09,1.51872,-0.747704,5.44232,-3875.78,0
1.78992,3503.04,1.56824,-0.78883,4.77268,-3888.61,0
1.79642,3502.98,1.48848,-0.715293,3.97405,-3906.38,0
1.80295,3502.97,1.55301,-0.600004,3.82842,-3898.57,0
1.8094,3502.98,1.47033,-0.435391,3.6459,-3877.17,0
1.81592,3502.92,1.40279,-0.438701,6.83442,-3899.11,0
1.82249,3502.88,1.34278,-0.350606,7.62673,-3907.29,0
1.82902,3502.92,1.31825,-0.548055,1.80186,-3868.33,0
1.83551,3502.9,1.37996,-0.659561,0.23294,-3867.7,0
1.8421,3502.85,1.31034,-0.617133,3.67632,-3879.26,0
1.84859,3502.89,1.20497,-0.624098,0.505902,-3848.24,0
1.85508,3502.8,1.291,-0.67037,4.02997,-3880.9,0
1.86157,3502.78,1.44262,-0.561773,1.95709,-3876.37,0
1.8681,3502.6,1.48544,-0.568913,8.92914,-3962.34,0
1.87462,3502.52,1.53307,-0.62803,7.23367,-3990.2,0
1.88111,3502.52,1.48739,-0.689573,4.10168,-3978.78,0
1.88764,3502.47,1.61736,-0.779324,3.63271,-3989.5,0
1.89411,3502.45,1.49003,-0.73699,6.26636,-3988.01,0
1.90065,3502.44,1.45804,-0.787745,4.6397,-3979.69,0
1.90715,3502.47,1.32726,-0.873277,2.7108,-3948.12,0
1.91363,3502.35,1.57646,-0.878998,5.39227,-3995.34,0
1.9201,3502.4,1.54562,-0.807144,1.44933,-3958.61,0
1.92662,3502.44,1.44343,-0.674541,0.997534,-3924.37,0
1.93311,3502.37,1.47412,-0.673509,4.79746,-3945.04,0
1.93964,3502.3,1.54013,-0.595864,7.04766,-3970.87,0
1.94616,3502.27,1.5431,-0.608649,5.65021,-3972,0
1.9527,3502.24,1.59999,-0.539231,6.03974,-3973.98,0
1.95921,3502.25,1.58031,-0.339536,6.03688,-3957.73,0
1.96572,3502.21,1.67581,-0.447132,4.13942,-3965.24,0
1.97221,3502.21,1.64265,-0.659463,1.99308,-3949.6,0
1.97876,3502.18,1.6214,-0.7335,0.818087,-3951.94,0
1.98527,3502.08,1.6634,-0.811407,5.76992,-3987.48,0
1.99177,3502.12,1.59104,-0.728895,4.23172,-3958.2,0
1.99825,3502.18,1.36465,-0.629154,4.58733,-3914.4,0
2.00475,3502.18,1.43737,-0.559479,2.51202,-3900.65,0
2.01122,3502.15,1.37617,-0.606399,4.35503,-3903.29,0
2.01772,3502.1,1.41889,-0.687725,3.67034,-3916.44,0
2.02422,3502.08,1.3588,-0.648515,5.41427,-3913.32,0
2.03073,3502.08,1.36691,-0.612407,3.11715,-3902.02,0
2.03721,3502.03,1.34276,-0.683691,5.53378,-3914.1,0
2.04372,3501.99,1.27263,-0.693551,6.0662,-3918.98,0
2.05022,3502,1.29052,-0.731135,2.79937,-3901.59,0
2.05668,3501.97,1.3385,-0.805544,1.72472,-3902.29,0
2.06317,3501.86,1.43602,-0.739301,8.41042,-3946.6,0
2.06966,3501.8,1.41316,-0.839493,8.74659,-3961.54,0
2.07615,3501.77,1.42843,-0.866068,6.61543,-3964.26,0
2.08267,3501.81,1.37116,-0.88895,3.02977,-3932.71,0
2.08921,3501.86,1.21476,-0.899203,1.31064,-3895.08,0
2.09573,3501.8,1.25269,-0.870662,5.23298,-3915.08,0
2.10228,3501.73,1.4462,-1.01363,2.73766,-3933.54,0
2.1088,3501.72,1.50091,-0.906992,3.59879,-3927.51,0
2.1153,3501.7,1.42418,-1.12021,2.71509,-3924.48,0
2.1218,3501.61,1.39006,-1.04863,9.07389,-3952.65,0
2.12828,3501.64,1.34454,-1.16867,2.07224,-3926.13,0
2.13474,3501.55,1.59388,-1.07454,3.62148,-3959.44,0
2.14128,3501.59,1.54789,-0.781164,4.7144,-3928.98,0
2.14783,3501.51,1.59507,-0.860306,5.71118,-3953.7,0
2.1543,3501.48,1.57496,-0.878948,5.08767,-3956.37,0
2.16079,3501.54,1.47453,-0.883917,1.49357,-3915.95,0
2.16727,3501.52,1.34312,-0.933201,4.16195,-3913.49,0
2.1738,3501.48,1.38667,-0.984083,4.11269,-3919.59,0
2.1803,3501.5,1.35557,-0.948167,1.55519,-3898.53,0
2.18679,3501.52,1.25338,-0.978013,0.338255,-3875.95,0
2.19333,3501.39,1.28182,-0.990322,8.53699,-3924.3,0
2.19984,3501.41,1.22103,-0.91487,7.57908,-3905.22,0
2.20629,3501.42,1.22421,-0.954044,4.58911,-3890.95,0
2.21283,3501.33,1.23207,-0.936426,7.85671,-3916.47,0
2.21932,3501.27,1.26098,-1.00561,6.42097,-3935.19,0
2.22581,3501.25,1.31029,-0.957902,3.58307,-3931.72,0
2.2323,3501.25,1.27599,-0.95318,0.88142,-3918.51,0
2.23882,3501.15,1.33014,-0.928697,7.07134,-3954.89,0
2.24535,3501.11,1.44102,-0.962931,3.7359,-3959.42,0
2.25187,3501.06,1.61044,-0.966,0.349916,-3969.42,0
2.25841,3501,1.60802,-0.946473,4.32151,-3983.98,0
2.26495,3500.97,1.55038,-0.949069,2.89082,-3986.73,0
2.27146,3500.95,1.50865,-0.888455,8.10872,-3985.31,0
2.27795,3500.97,1.59748,-0.838314,0.897552,-3964.83,0
2.28442,3500.99,1.44145,-0.882496,4.67985,-3946.19,0
2.29091,3500.95,1.52032,-0.825571,4.7298,-3949.13,0
2.29742,3500.88,1.59616,-0.839578,7.14999,-3971.31,0
2.30395,3500.88,1.65263,-0.785604,2.78622,-3956.49,0
2.31053,3500.87,1.53654,-0.765511,7.51064,-3953.31,0
2.31703,3500.78,1.36884,-0.756767,9.27857,-3979.11,0
2.32354,3500.82,1.30639,-0.765094,2.83057,-3948.8,0
2.33004,3500.69,1.21738,-0.81449,8.59755,-3996.03,0
2.33652,3500.67,1.17238,-0.899953,7.96351,-3993.82,0
2.34304,3500.62,1.17322,-0.911798,9.23907,-4003.62,0
2.34958,3500.58,1.18444,-0.877264,9.48845,-4008.7,0
2.35608,3500.49,1.13932,-0.814171,9.71296,-4035.58,0
2.36261,3500.5,1.04851,-0.746367,5.2863,-4019.97,0
2.36913,3500.53,1.04558,-0.676007,2.5749,-3995.24,0
2.37568,3500.47,0.980415,-0.703743,3.41939,-4011.87,0
2.38217,3500.46,1.02391,-0.637199,3.72096,-4005.47,0
2.38867,3500.37,0.978407,-0.52679,8.88967,-4031.6,0
2.39511,3500.39,0.907074,-0.504446,9.72396,-4011.85,0
2.4016,3500.29,0.829883,-0.480263,2.62393,-4043.79,0
2.40813,3500.26,0.837951,-0.397601,9.8721,-4043.41,0
2.41465,3500.34,0.660817,-0.34423,7.13561,-4002.44,0
2.42113,3500.34,0.663352,-0.295808,6.27971,-3990.45,0
2.4277,3500.23,0.65457,-0.16368,6.75834,-4025.97,0
2.43416,3500.13,0.610602,-0.137327,7.23646,-4055.92,0
2.44064,3499.98,0.546872,-0.00992813,6.47618,-4105.21,0
2.44717,3499.97,0.397301,-0.109528,9.26126,-4098.09,0
2.45371,3499.84,0.205038,-0.136376,4.58331,-4139.02,0
2.45575,3499.73,0.102067,-0.114078,0.492403,-4180.27,1
