2.38339,3581.95,-13.1679,25.62,3.94322,-28549.9,0
4.72929,3611.15,23.0491,19.0246,1.93306,-8214.61,0
7.10209,3557.96,-2.87604,134.66,3.61629,-12959.4,0
9.47431,3537.58,-38.772,162.469,4.06755,-11865.4,0
11.8552,3556.09,1.05273,177.774,2.14476,-7921.79,0
14.2701,3490.9,10.4428,155.256,5.97651,-11149,0
16.6586,3547,-21.7416,129.857,2.76452,-6182.8,0
19.0667,3530.05,-2.75424,151.635,3.59689,-6290.93,0
21.4637,3493.49,10.6638,209.712,3.31803,-7291.72,0
23.8265,3541.64,-5.32023,91.6563,4.73988,-4547.93,0
26.1665,3560.87,2.79237,58.618,3.86869,-3406.44,0
28.5927,3550.57,-98.6652,141.876,0.930574,-3477.57,0
31.009,3480.74,-42.4737,161.261,5.10294,-5458.37,0
31.1664,3450.49,-61.9729,161.62,6.78568,-6401.33,0
