2.42442,3588.94,-98.6757,72.3282,2.09656,-25184.2,0
4.80195,3581.23,-120.265,119.458,1.32095,-14322.1,0
7.19783,3522.09,-130.136,103.412,5.05384,-17770.8,0
9.57267,3580.02,-170.335,82.449,1.13248,-7310.38,0
11.943,3546.1,-130.452,78.5543,3.62622,-8700.03,0
14.3431,3560.15,-39.0624,128.246,2.85557,-6264.65,0
16.7339,3541.33,-9.46942,213.87,2.36007,-6494.29,0
19.1009,3537.43,42.8066,232.497,0.970964,-5893.58,0
21.4525,3498.69,41.0854,225.34,4.04285,-7053.07,0
23.7474,3449.32,-7.61207,208.908,8.65157,-8450.79,0
