2.37535,3527.35,177.908,-28.6676,4.96445,-51635.2,0
4.74028,3501.13,226.46,-44.0293,3.16073,-31404.5,0
7.13757,3542.8,190.525,-64.8805,1.70216,-15018.5,0
9.53913,3555.5,120.306,-100.14,1.958,-9906.26,0
11.8893,3555.12,20.3504,-28.9745,4.72521,-7980.43,0
14.2534,3579.68,19.7517,-124.494,0.941479,-4933.72,0
16.6634,3575.4,47.0666,-155.493,0.70556,-4476.77,0
19.0687,3510.35,-34.5743,-182.831,4.24078,-7323.54,0
21.5131,3607.32,-32.3474,-137.268,0.634719,-1983.79,0
23.8992,3598.07,-19.7032,-123.636,1.23456,-2172.91,0
26.3157,3604.83,24.6789,-147.034,0.430409,-1716.48,0
28.7342,3540.11,-7.24969,-148.939,4.18391,-3824.36,0
31.1282,3581.63,-65.2663,-16.4992,3.20615,-2196.45,0
33.5046,3592.97,-121.389,28.6995,1.51717,-1702.15,0
35.9101,3607.25,-57.7648,40.2669,1.64556,-1190.56,0
38.3101,3622.04,-17.3074,-103.304,0.487728,-729.91,0
40.7011,3619.6,11.5841,-111.085,0.604511,-747.023,0
43.0978,3601.96,-53.5835,-37.7806,2.05715,-1114.69,0
45.4719,3520.36,5.68599,14.5787,10.2787,-2850.93,0
46.0432,3493.98,0.0145957,1.06911,0.792574,-3388.51,1
