2.36949,3633.36,47.8204,12.74,0.814381,-7021.75,0
4.76443,3621.92,15.232,74.0579,1.17456,-5892.8,0
7.13289,3611.53,10.1529,27.4346,2.01039,-5393.01,0
9.5542,3549.57,-86.7346,10.311,4.80602,-10511.2,0
11.9634,3516.32,-97.4176,-6.09641,6.48238,-11174.3,0
14.3285,3549.28,-50.6761,96.0292,3.36704,-7029.51,0
16.7175,3574.64,-19.7265,117.002,0.844914,-4507.8,0
19.0853,3533.44,1.76736,158.7,2.3469,-6107.07,0
21.4838,3596.37,-45.1503,70.604,0.253711,-2496.38,0
23.8806,3563.2,-65.8371,27.5428,2.60249,-3634.58,0
26.2368,3557.06,21.1804,97.4104,2.27097,-3542.3,0
28.6031,3482.86,84.912,23.0346,7.30057,-5843.26,0
29.767,3448.69,82.2923,-4.69355,9.52632,-6762.8,0
