1.2751,3646.94,34.6801,-100.974,0.0106446,-2399.97,0
2.55575,3643.52,33.2976,-102.668,0.0356275,-2537.4,0
3.82974,3641.6,41.9365,-105.638,0.0402853,-2192.17,0
5.09998,3627.35,56.3453,-115.82,0.122521,-4440.92,0
6.37385,3591.77,-5.85285,-131.091,0.44007,-9135.98,0
7.64648,3628.96,-12.7182,-55.5467,0.260683,-2752.07,0
8.92489,3645.9,-19.9893,-64.6075,0.0947179,-459.644,0
10.2074,3614.91,-32.8427,-17.036,0.425996,-3438.11,0
11.475,3637.83,-57.2713,-32.7334,0.164953,-1060.73,0
12.7432,3632.42,-46.6709,-12.0185,0.236436,-1379.6,0
14.0169,3627.89,-37.4457,-4.95878,0.291104,-1577.43,0
15.2954,3627.12,-62.8006,18.9217,0.259916,-1495.86,0
16.5724,3645.73,-13.7606,19.2541,0.134667,-257.842,0
17.8483,3648.99,-23.9031,20.5093,0.100015,-56.3193,0
19.1187,3628.01,30.8929,-3.79797,0.294647,-1150.34,0
20.3996,3611.38,28.8904,-24.594,0.455328,-1893.39,0
21.6831,3655.14,29.6195,-37.9714,0.0304552,237.007,0
22.959,3600.75,11.5675,-51.3583,0.544437,-2145.14,0
24.2369,3578.09,27.2629,-94.283,0.642018,-2967.09,0
25.5065,3582.26,-18.1737,-98.8792,0.585789,-2655.96,0
26.778,3575.14,-29.5076,-111.025,0.605735,-2795.65,0
28.046,3575.76,-11.4432,-125.086,0.558876,-2647.03,0
29.3157,3560.18,23.134,-130.664,0.673482,-3064.02,0
30.59,3547.11,-11.8347,-138.554,0.774838,-3363.41,0
31.8691,3593.68,25.2285,-129.164,0.313407,-1767.33,0
33.1478,3578.8,12.1171,-165.39,0.311604,-2147.81,0
34.4228,3589.43,74.2607,-192.399,0.0649254,-1759.57,0
35.69,3581.5,94.7746,-153.511,0.241581,-1919.37,0
36.9571,3561.71,53.8346,-137.733,0.570176,-2388.94,0
38.2373,3535.22,35.5753,-121.565,0.984754,-3001.91,0
39.5176,3540.18,5.73274,-105.862,1.03574,-2779.08,0
40.7934,3528.3,-7.78648,-102.753,1.17316,-2983.34,0
42.0793,3527.41,-1.43106,-89.1993,1.23599,-2913.29,0
43.3613,3534.4,-1.00719,-98.9112,1.04128,-2666.02,0
44.6292,3521.12,-47.0407,-77.6216,1.22981,-2887.87,0
45.9051,3499.92,-59.1994,-63.8251,1.48658,-3269.45,0
47.1859,3511.19,-64.4603,-67.4564,1.2299,-2941.69,0
48.4641,3520.04,-56.5963,-25.0894,1.33881,-2681.6,0
49.7432,3538.2,-77.0493,-19.29,0.884286,-2247.5,0
51.0204,3517.96,-52.0338,39.6716,1.27306,-2587.95,0
52.2958,3505.4,-3.92643,76.3804,1.28438,-2765.13,0
53.5699,3513.21,-8.89697,90.0865,0.98976,-2553.46,0
54.8516,3519.19,10.1207,101.609,0.791919,-2384.73,0
56.1261,3526.98,-3.15476,105.858,0.658953,-2191.82,0
57.4028,3514.27,8.07446,109.546,0.774813,-2364.51,0
58.678,3524.12,-24.6295,99.8697,0.706623,-2145.29,0
59.9543,3557.98,-23.7642,130.275,0.109793,-1534.83,0
61.2261,3513.7,1.39574,140.825,0.591559,-2226.19,0
62.5022,3517.45,1.05194,155.849,0.444301,-2120.71,0
63.7835,3533.14,7.4017,132.164,0.439653,-1832.2,0
65.0594,3495.78,-0.47892,182.992,0.556681,-2370.39,0
66.3292,3483.88,13.363,185.449,0.693128,-2504.55,0
67.5953,3471.46,-6.82433,243.102,0.1708,-2641.32,0
67.728,3449.96,1.33343,248.85,0.369982,-2953.54,0
