1.27367,3646.21,6.50282,23.2163,0.0313675,-2974.42,0
2.53889,3607.75,1.51823,-31.8009,0.406505,-16640.9,0
3.8073,3620.04,-38.6856,6.9118,0.265929,-7868.25,0
5.08989,3618.81,-28.4054,-73.9431,0.209038,-6127.29,0
6.3623,3618.89,-65.9844,-93.7615,0.125906,-4890.4,0
7.63994,3596.07,-109.432,-123.447,0.158082,-7059.52,0
8.91492,3568.59,-54.6561,-116.42,0.56867,-9131.63,0
10.1938,3537.14,-81.2508,-160.208,0.661452,-11071.5,0
11.4754,3578,-95.9557,-141.92,0.236347,-6274.69,0
12.7667,3571.94,-132.019,-153.908,0.131339,-6114.57,0
14.0387,3591.65,-127.899,-118.253,0.0523245,-4156.34,0
15.3167,3565.89,-133.383,-119.86,0.298005,-5491.69,0
16.5965,3563.81,-144.389,-97.4435,0.356519,-5193.3,0
17.8738,3564.55,-130.679,-79.4633,0.438917,-4780.84,0
19.1543,3579.19,-178.743,-62.2975,0.128944,-3696.82,0
20.4294,3590.78,-173.475,-17.1779,0.0787135,-2898.77,0
21.6979,3588.29,-153.111,-57.7986,0.167783,-2844.27,0
22.9737,3582.32,-73.4668,-99.3665,0.3563,-2946,0
24.2469,3588.63,-67.8661,-69.996,0.404197,-2530.84,0
25.5204,3576.62,-37.6498,-54.3361,0.635958,-2875.33,0
26.796,3577.26,-47.3583,-3.94891,0.673944,-2714.66,0
28.0654,3529.83,-66.7562,-6.12121,1.23569,-4281.87,0
29.3392,3516.92,-82.5882,0.790595,1.26628,-4535.91,0
30.6182,3521.96,-101.348,-4.30165,1.01871,-4181.92,0
31.8976,3531.34,-112.45,3.2543,0.801575,-3720.03,0
33.1719,3598.57,-96.2452,15.8003,0.0959096,-1550.46,0
34.4417,3529.77,-104.741,15.0042,0.834003,-3490.71,0
35.7096,3547.11,-108.703,11.101,0.6019,-2881.27,0
36.9866,3524.09,-145.967,-26.2493,0.62138,-3404.17,0
38.2552,3510.37,-169.034,-31.8915,0.586921,-3649.92,0
39.5319,3490.98,-250.257,-37.863,0.0859556,-4022.67,0
40.8006,3514.77,-158.221,-66.35,0.521761,-3314.42,0
42.0675,3493.9,-143.777,-74.7176,0.837686,-3710.6,0
43.3417,3512.53,-146.379,-62.0958,0.608199,-3171.73,0
44.6198,3524.29,-141.32,-45.3877,0.5549,-2817.35,0
45.9039,3529.9,-133.872,-50.2889,0.532886,-2616.28,0
47.1759,3509.89,-161.895,-115.449,0.309251,-2969.9,0
48.4511,3532.92,-136.674,-127.847,0.140095,-2416.4,0
49.7386,3486.39,-131.814,-141.517,0.673392,-3289.32,0
51.0116,3499,-92.6134,-146.961,0.697331,-2960.06,0
52.28,3523.42,-87.2416,-139.19,0.460173,-2421.25,0
53.5574,3555.97,-72.3404,-151.671,0.0766958,-1755.6,0
54.8399,3518.51,-99.991,-128.312,0.529007,-2397.74,0
56.1184,3555.02,-91.1966,-135.352,0.107676,-1692.58,0
57.3978,3542.33,-94.9917,-132.613,0.256022,-1875.86,0
58.6705,3539.89,-67.8081,-93.4008,0.541451,-1876.81,0
59.9414,3532.44,-98.4493,-147.656,0.281653,-1961.31,0
61.2178,3553.47,-58.4815,-147.132,0.166432,-1576.76,0
62.4943,3531.9,-56.8962,-160.679,0.346797,-1889.72,0
63.7672,3515.4,-61.3935,-149.596,0.585346,-2110.83,0
65.0478,3512.23,-14.0829,-143.031,0.78249,-2117.98,0
66.324,3524.21,5.11214,-173.373,0.454564,-1896.6,0
67.6041,3571.59,-57.0683,-106.732,0.173025,-1159.83,0
68.8646,3523.23,-99.9154,-176.856,0.250905,-1840.85,0
70.1401,3506.06,-152.244,-133.194,0.487554,-2052.16,0
71.4121,3531.5,-146.138,-109.463,0.301197,-1659.36,0
72.696,3507.02,-176.998,-85.7465,0.521981,-1966.77,0
73.9728,3502.94,-166.802,-68.2895,0.702078,-1988.05,0
75.2499,3540.67,-164.688,-90.6957,0.180136,-1452.94,0
76.5358,3511.2,-212.265,-103.403,0.103547,-1813.53,0
77.8174,3540.99,-158.38,-82.1651,0.208236,-1400.78,0
79.0987,3512.35,-206.777,-17.422,0.383803,-1740.2,0
80.3681,3482.98,-184.923,-13.763,0.988664,-2078.2,0
81.6444,3480.8,-197.461,-1.40275,0.856601,-2072.35,0
82.9152,3458.5,-193.957,14.7987,1.18341,-2309.63,0
84.2038,3465.91,-233.546,24.811,0.538408,-2186.19,0
84.3138,3449.97,-237.152,31.9662,0.683044,-2372.42,0
