1.27768,3580.09,-16.192,69.8385,0.68307,-54713.3,0
2.55489,3562.74,7.54029,85.387,0.816948,-34152.3,0
3.8285,3540.7,52.578,42.398,1.16919,-28548,0
5.09942,3560.62,76.4689,55.8689,0.731877,-17527,0
6.37582,3608.05,55.5055,106.332,0.157345,-6580.17,0
7.64182,3587.89,49.3803,7.56062,0.549881,-8127.12,0
8.92704,3607.01,-1.82123,61.3126,0.307328,-4815.33,0
10.1968,3587.48,11.0744,48.639,0.550321,-6131.36,0
11.4766,3578.77,28.1667,50.9752,0.628208,-6206.42,0
12.7545,3560.29,17.0935,73.8387,0.781945,-7033.52,0
14.0235,3563.02,13.3571,95.1418,0.64978,-6202.32,0
15.3025,3536.81,12.0278,93.7569,0.956431,-7397.09,0
16.58,3527.17,51.8183,62.1233,1.1562,-7408.54,0
17.8614,3542.52,76.6622,78.9897,0.75583,-6017.48,0
19.1341,3520.75,50.2454,121.069,0.888429,-6754.79,0
20.4211,3500.81,61.0616,127.996,1.0016,-7305.46,0
21.6879,3460.99,60.1992,101.577,1.74599,-8714.98,0
21.9584,3449.93,54.4281,112.019,1.77814,-9111.41,0
