1.27145,3645.18,13.8732,27.8265,0.0469474,-3790.19,0
2.54712,3619.93,-39.5454,-10.003,0.277308,-11804.2,0
3.81624,3587.44,42.8209,42.742,0.590406,-16391.8,0
5.09815,3625.32,61.9772,30.966,0.17721,-4840.46,0
6.37379,3601.7,16.4124,-15.7747,0.490503,-7577.76,0
7.64756,3634.73,8.40827,-6.71032,0.147651,-1996.1,0
8.92668,3606.74,56.0114,-31.8393,0.365372,-4846.65,0
10.2054,3609.82,11.812,-22.1495,0.392006,-3937.46,0
11.4877,3622.31,-25.9165,19.1992,0.252842,-2410.04,0
12.7657,3631.47,-38.6429,-62.4854,0.106217,-1451.76,0
14.0426,3584.05,0.359188,-64.8709,0.604277,-4696.2,0
15.3091,3596.85,38.9132,-65.3707,0.422894,-3471.7,0
16.5886,3606.06,64.2293,-72.0149,0.28824,-2648.63,0
17.8635,3606.94,11.204,-130.248,0.171633,-2410.31,0
19.1421,3565.67,55.3976,-159.404,0.434253,-4405.66,0
20.4104,3546,46.1793,-159.977,0.661915,-5095.54,0
21.6792,3559.19,51.5056,-186.092,0.358733,-4188.92,0
22.9488,3543.33,52.0025,-195.044,0.483394,-4648,0
24.2253,3578.8,54.1507,-152.124,0.27558,-2938.95,0
25.5006,3568.6,62.8041,-138.183,0.400067,-3191.96,0
26.7793,3537.09,79.4378,-118.689,0.788628,-4216.49,0
28.0447,3558.58,80.1281,-202.802,0.19317,-3259.66,0
29.3193,3526.44,97.5614,-202.01,0.534342,-4214.33,0
30.5955,3508.16,92.8168,-181.965,0.878271,-4635.82,0
31.8709,3497.62,101.744,-171.293,1.02935,-4781.14,0
33.154,3540.07,96.2792,-184.257,0.365403,-3315.64,0
34.4253,3525.14,128.318,-133.008,0.693186,-3626.95,0
35.6983,3510.96,107.295,-158.271,0.825483,-3894.78,0
36.9689,3507.16,114.229,-173.666,0.708858,-3863.86,0
38.25,3527.7,142.103,-197.139,0.132489,-3197.41,0
39.5226,3488.46,155.037,-159.47,0.823936,-4087.26,0
40.8074,3517.73,156.678,-118.075,0.700904,-3241.28,0
42.0727,3506.42,152.07,-103.654,0.927175,-3412.57,0
43.3437,3525.12,176.575,-78.92,0.5901,-2881.05,0
44.6156,3524.95,170.03,-73.2055,0.639359,-2802.77,0
45.8948,3519.52,213.289,-62.608,0.525422,-2843.13,0
47.1768,3525.01,190.13,-62.1428,0.592624,-2649.37,0
48.4462,3502.23,204.321,-28.2151,0.843024,-3050.2,0
49.7167,3508.22,188.006,-37.4191,0.869932,-2851.8,0
50.99,3483.76,191.992,-24.4881,1.15346,-3260.3,0
52.2651,3461.24,182.961,-13.8071,1.54056,-3611.52,0
53.5325,3468.76,161.775,3.48563,1.64443,-3385.59,0
54.8055,3454.58,171.834,7.53638,1.58749,-3565.62,0
54.8259,3449.97,172.329,7.27971,1.63815,-3648.37,0
