1.28199,3648.68,31.2233,0.98001,0.0168069,-1025.98,0
2.56032,3643.19,42.5258,1.04011,0.0561025,-2660.72,0
3.83724,3624.05,48.9376,-1.14262,0.226783,-6763.96,0
5.11382,3635.52,18.1567,-65.9445,0.091322,-2831.34,0
6.39232,3600.54,-27.6435,-63.8665,0.424206,-7737.58,0
7.66879,3602.2,-18.844,-16.314,0.483343,-6232.88,0
8.94133,3597.29,3.42854,-79.1505,0.42697,-5895.48,0
10.212,3583.76,-16.3804,-37.9145,0.67827,-6486.68,0
11.4877,3595.63,-6.39562,-22.5134,0.558072,-4733.06,0
12.7591,3570.03,-44.363,-38.0041,0.792252,-6267.55,0
14.0297,3614.72,-64.2033,-4.91688,0.264007,-2514.89,0
15.3036,3604.13,-25.7279,27.0714,0.421408,-2997.02,0
16.5838,3639.35,5.81083,49.2134,0.051404,-642.164,0
17.8655,3602.67,-2.19672,67.1016,0.376747,-2649.41,0
19.1401,3633.6,-42.8404,11.4505,0.108328,-857.086,0
20.4047,3604.42,-53.0643,7.27163,0.385039,-2233.69,0
21.6835,3557.68,-135.786,-37.8421,0.575342,-4257.85,0
22.9585,3581.24,-54.0835,-17.9073,0.602318,-2995.01,0
24.2436,3569.88,-45.0046,23.7127,0.762597,-3304.64,0
25.5165,3563.9,-24.574,37.0694,0.853202,-3374.12,0
26.7918,3541.01,0.542923,52.0998,1.16162,-4067.99,0
28.0685,3483.52,17.6532,30.8442,2.66225,-5931.07,0
29.3435,3492.43,27.8289,25.9555,1.98612,-5369.8,0
30.6224,3459.04,35.9481,20.1531,2.41954,-6235.98,0
31.899,3462.83,19.3612,30.9282,2.30463,-5867.65,0
32.5745,3449.94,20.2981,48.3766,1.94124,-6141.54,0
