1.2738,3648.2,10.7214,21.9606,0.0143441,-1410.4,0
2.54627,3591.44,-8.64037,32.4425,0.594928,-22997.3,0
3.82521,3593.32,43.0665,-7.41646,0.546723,-14817.7,0
5.09995,3601.85,57.5793,13.9486,0.412917,-9441.28,0
6.36894,3608.24,-2.95518,-10.871,0.405985,-6557.35,0
7.64022,3570.85,68.6733,18.1046,0.729001,-10360.2,0
8.92181,3583.29,67.7394,-4.09233,0.58452,-7476.89,0
10.1966,3594.7,102.155,-64.3022,0.292477,-5423.76,0
11.4702,3594.62,105.3,-49.5257,0.287153,-4828.39,0
12.75,3611.69,109.364,-46.1998,0.119566,-3004.53,0
14.0312,3556.35,86.9832,-138.152,0.54114,-6674.59,0
15.3054,3549.98,177.97,-130.062,0.357971,-6534.93,0
16.5863,3534.52,136.716,-125.761,0.804381,-6962.42,0
17.8505,3546.47,126.468,-144.917,0.631254,-5799.78,0
19.1267,3565.53,111.528,-134.369,0.511643,-4416.32,0
20.3987,3546.71,145.474,-181.474,0.469742,-5063.76,0
21.6716,3559.82,174.819,-169.22,0.257506,-4161.3,0
22.9382,3539.48,173.766,-189.248,0.40104,-4818.34,0
24.215,3565.33,172.498,-212.706,0.0150104,-3496.43,0
25.4884,3552.02,158.672,-219.271,0.168197,-3844.13,0
26.7724,3529.88,213.991,-186.95,0.326354,-4486.8,0
28.0479,3546.09,201.081,-167.608,0.329152,-3704.81,0
29.3182,3508.05,211.554,-184.204,0.708345,-4841.56,0
30.5847,3533.84,173.182,-244.311,0.271822,-3798.01,0
31.871,3493.46,162.505,-275.559,0.676072,-4911.6,0
33.1467,3523.54,136.573,-284.821,0.325954,-3815.1,0
34.4208,3545.77,162.073,-262.929,0.105079,-3028.18,0
35.6899,3512.56,123.839,-250.15,0.697804,-3850.86,0
36.9673,3534.52,96.451,-258.652,0.469161,-3123.86,0
38.2402,3541.48,126.968,-252.885,0.33281,-2837.75,0
39.5219,3527.31,163.858,-248.83,0.416146,-3104.3,0
40.8029,3496.45,147.615,-240.631,0.986487,-3763.26,0
42.0713,3500.4,162.543,-303.055,0.380106,-3555.87,0
43.3484,3464.12,126.527,-339.169,0.646402,-4287.98,0
44.6202,3475.09,144.64,-324.119,0.592384,-3919.93,0
45.8947,3456.34,157.588,-338.59,0.587993,-4219.62,0
45.9708,3449.99,161.877,-346.409,0.542885,-4350.78,0
