1.27662,3645.49,-9.41811,-12.7595,0.0407771,-3529.72,0
2.55119,3590.56,-17.9674,8.06649,0.622459,-23298.2,0
3.81932,3581.68,-35.7841,-17.4408,0.696324,-17888,0
5.09354,3569.93,-37.9112,-4.73342,0.84568,-15720.4,0
6.37144,3571.2,-46.1157,-5.51646,0.789348,-12368.2,0
7.6496,3575.44,-51.8069,-15.5046,0.690753,-9746.3,0
8.9225,3583.39,-110.18,-31.4391,0.380844,-7465.19,0
10.2038,3549.39,-71.9146,-51.8838,0.869209,-9860.14,0
11.4873,3555.88,-57.7092,-7.09252,0.924616,-8193.58,0
12.7634,3522.71,-38.9799,-23.7913,1.52891,-9973.26,0
14.0309,3508.36,-51.9618,7.3158,1.67052,-10094.5,0
15.303,3532.04,-38.8303,20.2307,1.1974,-7707.94,0
16.5769,3530.34,-57.5671,1.74065,1.06672,-7218.55,0
17.8554,3512.49,-20.5583,-21.8386,1.72237,-7701.35,0
19.1347,3519.42,-59.8239,-31.1732,1.05265,-6824.34,0
20.414,3518.85,-65.081,-26.3791,1.01595,-6424.45,0
21.6899,3554.8,-96.7778,-41.6564,0.29282,-4389.08,0
22.9774,3557.63,-73.9587,-74.3008,0.262501,-4020.2,0
24.2559,3540.73,-1.28411,-104.35,0.458548,-4504.83,0
25.535,3499.46,14.5203,-72.0935,1.27228,-5895.39,0
26.819,3496.28,2.40913,-49.2217,1.61697,-5731.85,0
28.0894,3520.74,-3.86866,-72.2659,0.81054,-4601.56,0
29.3575,3515.89,-5.71089,-64.7301,0.948298,-4568.01,0
30.629,3515.15,-13.7092,-59.5094,0.976563,-4402.76,0
31.8988,3493.39,-16.8585,-61.7612,1.3158,-4909.53,0
33.1701,3477.34,16.7819,-76.7943,1.29204,-5205.16,0
34.443,3460.25,1.33228,-53.223,2.03572,-5509.02,0
35.7233,3484.73,-25.4132,-43.6234,1.50595,-4626.42,0
37.0058,3501.79,11.219,-28.8305,1.43043,-4005.13,0
38.2837,3508.63,32.7907,-16.1776,1.04106,-3692.82,0
38.9473,3491.06,1.2444,-1.28252,4.67247,-4080.96,0
