1.27693,3628.13,-26.9137,51.8609,0.218101,-17127.8,0
2.54817,3597.97,-12.7842,5.79581,0.592088,-20417.4,0
3.82556,3639.56,11.0782,3.20801,0.148891,-2729.05,0
5.09668,3595.03,12.084,84.8702,0.47814,-10786.1,0
6.3719,3605.16,84.325,115.059,0.219663,-7037.7,0
7.63768,3600.41,37.2593,83.3391,0.42283,-6492.44,0
8.91125,3554.87,73.4535,115.582,0.748402,-10675.6,0
10.1867,3593.82,89.798,96.1038,0.373358,-5515.38,0
11.4644,3599.66,53.8551,72.0352,0.42477,-4390.87,0
12.7422,3598.39,7.38497,85.8107,0.447222,-4050.13,0
14.0109,3600.95,16.2357,73.7632,0.445996,-3500.91,0
15.287,3585.82,-3.18036,65.1401,0.632618,-4198.46,0
16.5599,3577,-18.0535,53.3893,0.756408,-4408.28,0
17.8317,3594.03,-25.4593,32.2638,0.583187,-3138.77,0
19.1061,3581.3,-46.9657,9.63625,0.712261,-3595.56,0
20.3783,3552.18,-46.3845,-23.8822,1.08803,-4800.1,0
21.6445,3576.23,-54.6926,19.925,0.708212,-3408.38,0
22.9283,3559.79,-38.5583,35.4124,0.934855,-3934.54,0
24.2123,3578.79,-58.1327,35.0869,0.610944,-2941.25,0
25.497,3559.61,-30.139,73.2688,0.79041,-3545.22,0
26.7741,3595.94,-2.70438,66.5162,0.406727,-2019.16,0
28.0508,3607.06,-2.66853,25.3079,0.357087,-1530.89,0
29.3196,3589.54,41.3392,40.6999,0.49881,-2061.94,0
30.6013,3595.03,5.43066,43.3206,0.46339,-1796.23,0
31.881,3539.58,20.9993,51.8804,1.17585,-3463.38,0
33.1489,3534.09,0.0646816,65.7236,1.1532,-3496.61,0
34.4295,3542.92,-12.3134,28.9683,1.18442,-3110.08,0
35.7084,3538.88,-49.2054,9.7443,1.11744,-3111.96,0
36.9855,3521.33,-28.0413,-13.9635,1.61214,-3478.95,0
38.2632,3506.79,-7.49889,-7.64722,2.45323,-3742.68,0
39.5263,3498.42,-4.15653,-45.9326,1.67481,-3834.87,0
40.8079,3486.65,-6.23072,-42.9171,1.86241,-4002.96,0
42.0796,3460.85,-33.8295,-34.671,2.17254,-4495.08,0
42.4122,3449.97,-38.9223,-38.3683,2.1626,-4716.34,0
