1.27876,3647.14,-23.3523,-36.846,0.0260655,-2233.78,0
2.55389,3596.84,-35.9383,-36.098,0.513567,-20815.9,0
3.83124,3567.61,-12.7281,-69.1522,0.795795,-21505.1,0
5.10642,3574.14,-13.3732,-24.757,0.83473,-14856.4,0
6.39127,3603.05,-60.9487,12.5922,0.3925,-7346.47,0
7.66572,3583.8,-77.4335,35.5556,0.529429,-8636.33,0
8.93759,3550.45,-71.4057,42.4276,0.925159,-11138.1,0
10.2171,3537.61,-52.2572,62.9277,1.07472,-10999.9,0
11.4951,3520.31,-30.2433,45.178,1.52144,-11282.2,0
12.7757,3520.21,-18.5073,8.95819,1.85611,-10159.2,0
14.0466,3508.17,-44.7155,35.4313,1.55045,-10097.4,0
15.3291,3512.11,-61.2348,1.81926,1.37376,-8995.6,0
16.6078,3521.48,-33.1818,-4.81024,1.44693,-7738.82,0
17.8836,3498.64,-24.7875,-15.2298,2.09152,-8463.87,0
19.1545,3508.33,-12.0256,-21.0007,1.70459,-7396.33,0
20.4335,3488.84,5.41883,-7.00024,3.54776,-7887.04,0
21.7112,3504.25,14.9757,-22.5144,1.43996,-6713.32,0
22.9902,3527.34,42.3814,-25.9965,0.478707,-5335.13,0
24.2735,3542.4,54.5854,-18.9836,0.149109,-4432.94,0
25.5458,3540.12,38.0145,-26.0176,0.263312,-4301.47,0
26.8217,3508.63,15.2155,21.5882,1.25489,-5270.63,0
28.0959,3514.58,47.6537,41.6013,0.529159,-4819.94,0
29.372,3522.49,22.0757,-7.92691,0.799556,-4341.34,0
30.6474,3514.3,55.9349,-21.8894,0.548489,-4427.61,0
31.9275,3503.23,42.6909,-29.327,0.86963,-4597.13,0
33.21,3485.4,46.078,-39.5966,1.0481,-4956.42,0
34.0839,3449.98,59.796,-58.0359,1.19825,-5868.45,0
