1.29195,3610.56,-13.7139,43.2799,0.354848,-30524.7,0
2.57119,3587.07,-30.7009,112.033,0.407338,-24474.9,0
3.85031,3606.74,31.2375,91.8596,0.266682,-11234.5,0
5.12635,3576.2,1.23988,113.899,0.529161,-14397.1,0
6.40474,3604.1,17.9464,58.2592,0.403682,-7166.28,0
7.66632,3633.2,23.4993,52.4831,0.12396,-2190.83,0
8.93719,3602.57,19.3723,21.2079,0.474794,-5307.31,0
10.2134,3610.88,49.5937,-37.9505,0.328005,-3830.42,0
11.5034,3596.28,45.8673,-15.3194,0.51106,-4669.84,0
12.772,3599.28,58.1993,-13.9392,0.449851,-3970.85,0
14.0545,3582.27,13.3892,-19.4577,0.718635,-4819.02,0
15.328,3635.02,20.8492,-8.04632,0.119846,-977.473,0
16.5981,3634.9,22.6029,0.44573,0.11979,-909.917,0
17.8711,3616.26,-45.02,-38.5914,0.258227,-1887.88,0
19.1467,3621.53,-102.088,-7.78922,0.115773,-1487.18,0
20.4248,3608.4,-93.5485,43.2637,0.226487,-2036.91,0
21.7071,3612.48,-151.624,23.3848,0.0330625,-1728.58,0
22.986,3602.46,-147.073,6.85755,0.142579,-2068.3,0
24.2604,3527.11,-152.83,47.277,0.822318,-5065.51,0
25.5318,3548.29,-154.567,54.5325,0.522912,-3983.82,0
26.8163,3564.21,-208.194,10.786,0.131975,-3199.36,0
28.0952,3543.01,-188.048,32.496,0.457064,-3808.03,0
29.3722,3517.92,-161.349,28.3896,0.93576,-4496.88,0
30.6482,3502.29,-176.406,25.7775,0.942778,-4819.39,0
31.9243,3474.46,-150.721,78.3217,1.35865,-5498.69,0
32.5026,3449.95,-146.585,79.7593,1.6891,-6154.89,0
