1.27715,3636.32,-43.8829,-38.8757,0.112601,-10707.7,0
2.56328,3570.81,-63.0823,21.4462,0.783132,-30895.6,0
3.8355,3592.02,-132.785,5.02217,0.333583,-15116.4,0
5.11636,3570.62,-131.61,17.6036,0.541531,-15515.3,0
6.39694,3559.6,-156.453,29.3227,0.552178,-14131.6,0
7.67109,3558.54,-156.301,-0.519762,0.568132,-11922.8,0
8.95331,3520.63,-142.707,15.6589,1.07693,-14449.5,0
10.2362,3519.36,-156.377,28.2323,0.927654,-12762.9,0
11.5019,3519.2,-156.148,32.2408,0.923667,-11372,0
12.779,3539.72,-181.657,60.0591,0.487741,-8629.92,0
14.0599,3499.95,-202.069,82.9661,0.815637,-10672.2,0
15.3409,3517.06,-193.116,96.1864,0.606204,-8665.65,0
16.6057,3536.96,-191.79,86.9606,0.39112,-6807.28,0
17.8824,3549.77,-202.684,78.6589,0.209287,-5604.86,0
19.1557,3515.21,-167.471,121.257,0.695172,-7036.69,0
20.4404,3550.87,-171.465,120.427,0.247313,-4849.86,0
21.7178,3526.02,-177.538,58.6785,0.643075,-5708.56,0
22.9967,3551.02,-155.268,9.49558,0.518862,-4304.21,0
24.2766,3578.7,-179.478,-39.6547,0.0823227,-2936.87,0
25.5468,3550.31,-130.722,-51.6923,0.567324,-3902.12,0
26.8091,3559.94,-141.497,22.3542,0.410105,-3359.41,0
28.0871,3555.89,-125.15,82.9292,0.418467,-3350.74,0
29.3657,3562,-146.779,70.3727,0.274219,-2996.61,0
30.6456,3528.19,-194.852,91.3429,0.35437,-3974.89,0
31.921,3529.91,-191.011,142.881,0.153201,-3762.24,0
33.1955,3561.91,-169.769,93.2504,0.0752431,-2653.61,0
34.4768,3559.38,-164.03,80.2647,0.160782,-2628.41,0
35.7535,3552.21,-125.21,81.7767,0.396557,-2734.99,0
37.018,3556.58,-87.4209,55.9666,0.587515,-2523.76,0
38.2944,3594.02,-48.7211,50.8437,0.30045,-1461.74,0
39.5759,3570.93,-137.178,69.6748,0.206667,-1997.82,0
40.8473,3582.85,-133.577,80.9951,0.0812318,-1643.86,0
42.1223,3547.1,-134.257,127.77,0.333512,-2442.94,0
43.3983,3534.68,-110.25,73.3372,0.723256,-2657.17,0
44.675,3504.22,-86.989,72.6245,1.25539,-3263.16,0
45.9566,3526.18,-70.0714,94.6591,0.895641,-2694.31,0
47.2336,3538.16,-114.572,91.4925,0.553124,-2367.77,0
48.513,3526.8,-112.864,119.483,0.546136,-2539.54,0
49.7856,3516.08,-73.3656,98.8548,0.990073,-2689.86,0
51.0638,3524.19,-60.8049,112.586,0.824999,-2463.8,0
52.3435,3519.91,-48.4343,108.897,0.906757,-2485.23,0
53.6153,3495.55,-13.0551,87.7971,1.45953,-2880.76,0
54.8869,3464.85,-7.75586,102.758,1.60951,-3373.25,0
55.9276,3449.99,19.5809,93.1262,1.83661,-3576.21,0
