1.27975,3630.32,-26.3749,28.8855,0.180399,-15380.5,0
2.5612,3611.49,-77.211,33.4494,0.283174,-15037.1,0
3.83166,3616.41,-52.9488,30.1089,0.282635,-8765.47,0
5.10697,3597.26,-45.3964,-11.6747,0.511074,-10326.1,0
6.38315,3567.32,5.29443,-31.192,0.927125,-12952.6,0
7.65657,3580.22,32.8762,-12.5634,0.722928,-9113.18,0
8.92752,3606.14,32.5073,-5.74568,0.403706,-4912.56,0
10.2008,3612.02,-40.0664,-55.4187,0.279797,-3723.71,0
11.4829,3589.36,4.5869,-35.1111,0.593483,-5280.98,0
12.7603,3554.12,19.7819,-55.2064,0.98561,-7513.8,0
14.0278,3573.03,26.9804,-59.7582,0.684427,-5487.3,0
15.3014,3593.61,10.5743,-20.0543,0.518206,-3685.36,0
16.5838,3624.35,12.4287,-17.1733,0.17502,-1546.62,0
17.8639,3575.65,31.2949,-48.8199,0.663115,-4161.92,0
19.1491,3561.55,-2.30412,-57.1813,0.843654,-4619.2,0
20.4197,3541.6,6.62118,-94.9072,0.886528,-5308.62,0
21.6938,3520.39,-19.8062,-89.1433,1.15371,-5974.39,0
22.964,3536.3,0.775019,-114.767,0.77027,-4951.32,0
24.2421,3578.48,-41.5114,-103.238,0.309544,-2950.25,0
25.5214,3568.9,-23.0475,-140.823,0.276893,-3177.55,0
26.7986,3590.67,-36.785,-132.805,0.0998497,-2213.95,0
28.0708,3554.89,-38.843,-99.005,0.617697,-3388.21,0
29.3497,3569.59,-28.4498,-119.97,0.359991,-2739.84,0
30.6303,3582.65,-23.8145,-108.966,0.250589,-2198.96,0
31.907,3527.43,-55.2191,-102.918,0.802789,-3841.38,0
33.1832,3535.63,-59.7545,-138.197,0.441206,-3446.56,0
34.4497,3520.12,-71.1485,-115.89,0.717403,-3770.04,0
35.7185,3581.77,-60.4316,-79.0627,0.153645,-1910.3,0
36.9983,3554.85,-17.0156,-77.8295,0.544671,-2571.74,0
38.2795,3570.72,-51.69,-84.4676,0.271434,-2070.98,0
39.5597,3565.82,-78.2103,-86.4173,0.253356,-2128.01,0
40.8225,3577.81,-47.0166,-116.06,0.078136,-1768.36,0
42.0949,3576.39,-22.8519,-117.784,0.110114,-1748.77,0
43.3744,3549.45,-6.29841,-158.505,0.207045,-2318.12,0
44.651,3543.1,19.5098,-164.932,0.228632,-2394.05,0
45.9295,3504.57,-10.4424,-141.262,0.752044,-3166.33,0
47.2073,3496.03,-87.5086,-174.848,0.501731,-3261.5,0
48.4868,3463.16,-89.7914,-211.602,0.602154,-3853.52,0
48.7714,3449.97,-101.393,-214.634,0.662233,-4101.45,0
