1.28673,3632,4.59415,-19.4103,0.165945,-13990.7,0
2.55752,3638.14,12.1183,-33.8889,0.0960265,-4638.28,0
3.82916,3633.29,52.9696,-5.85159,0.121405,-4364.4,0
5.10349,3633.97,33.6524,-25.0689,0.127279,-3141.24,0
6.38387,3632.54,64.9126,-23.3108,0.10356,-2735.03,0
7.65616,3606.37,58.8905,-26.5352,0.362297,-5698.77,0
8.93125,3594.93,11.9281,-38.1931,0.532632,-6165.95,0
10.2163,3575.86,-1.02609,-52.4294,0.734259,-7256.72,0
11.4949,3586.36,16.2867,-7.70708,0.661309,-5536.74,0
12.7777,3596.62,99.4023,-30.862,0.335295,-4177.39,0
14.0556,3616.92,70.4025,-29.9423,0.213596,-2353.49,0
15.3358,3622.14,30.8958,-19.8473,0.226792,-1816.42,0
16.5977,3637.99,9.46552,-7.58781,0.087941,-723.661,0
17.8716,3623.24,11.5126,-27.2158,0.221242,-1497.49,0
19.1389,3578.79,61.5069,-52.1228,0.58983,-3720.93,0
20.4104,3556.53,58.233,-15.8002,0.942658,-4579.67,0
21.6829,3580.7,31.6786,-55.0798,0.597314,-3196.02,0
22.961,3629.38,-19.6216,-62.3416,0.0845877,-897.877,0
24.2365,3599.82,53.2568,-77.7864,0.297863,-2070.5,0
25.5136,3592.58,46.1383,-85.3309,0.367559,-2250.46,0
26.782,3562.8,28.0673,-103.081,0.684727,-3255.99,0
28.0578,3540.8,27.8916,-74.0403,1.08526,-3891.87,0
29.3341,3538.47,44.2105,-92.0561,0.942332,-3802.13,0
30.6095,3510.1,89.3728,-80.1942,1.15225,-4570.52,0
31.8898,3510.57,77.7543,-84.4105,1.14578,-4372.33,0
33.1605,3487.15,86.8048,-80.3025,1.35538,-4911.1,0
34.436,3540.94,127.338,-111.178,0.27045,-3166.97,0
35.7146,3526.81,108.319,-138.747,0.376329,-3449.27,0
36.9893,3513.24,149.437,-183.474,0.0769355,-3697.38,0
38.2725,3467.24,183.212,-173.046,0.484333,-4775.35,0
39.2471,3449.99,166.544,-213.78,0.45023,-5096.23,0
