1.27138,3646.07,-74.2008,38.0529,0.0264895,-3089.29,0
2.55078,3577.74,-64.1707,64.1509,0.649206,-28328.1,0
3.82951,3527.98,-93.8634,72.2432,1.0551,-31863.2,0
5.11272,3506.25,-78.6655,61.5844,1.42061,-28117,0
6.38511,3508.55,-49.0218,49.5037,1.62594,-22152.4,0
7.65978,3504.66,-47.9451,69.1238,1.46195,-18974.1,0
8.9294,3510.27,-68.8977,57.6926,1.26506,-15648.3,0
10.2116,3498.68,-74.5698,76.8026,1.20287,-14818.6,0
11.4815,3508.66,-67.2894,99.9953,0.901771,-12310.2,0
12.7544,3490.52,-100.679,79.8052,1.04128,-12503.7,0
14.0279,3507.8,-119.689,109.953,0.504069,-10136.8,0
15.2948,3473.27,-132.168,140.56,0.662423,-11555.2,0
16.5626,3462.81,-100.75,155.58,0.861549,-11302,0
16.8981,3449.99,-130.439,161.331,0.711947,-11836.4,0
