1.27199,3647.32,30.735,-33.23,0.0202282,-2105.44,0
2.54465,3628.22,15.5642,-55.9007,0.177089,-8559.11,0
3.81032,3601.83,-38.7618,-2.51422,0.47694,-12641,0
5.0853,3600.53,-21.4263,-55.3448,0.449512,-9728.92,0
6.35644,3596.77,-66.821,-23.4842,0.46011,-8374.67,0
7.63126,3635.57,-10.874,83.8654,0.0620091,-1890.47,0
8.9207,3586.52,-46.8543,151.678,0.292814,-7116.1,0
10.1938,3614.1,-55.2367,65.7326,0.237402,-3521.93,0
11.4712,3607.2,-111.767,86.7355,0.110295,-3730.92,0
12.7503,3579.55,-106.412,76.6099,0.403947,-5525.5,0
14.0352,3583.25,-87.8807,159.917,0.197571,-4755.92,0
15.3224,3568.61,-13.1481,124.973,0.571311,-5311.71,0
16.6086,3601.02,5.11367,135.803,0.228554,-2949.27,0
17.885,3623.38,11.9261,113.895,0.0804652,-1488.37,0
19.1719,3562.04,12.3802,141.962,0.574342,-4588.06,0
20.4455,3557.93,3.14862,157.576,0.54206,-4503.13,0
21.7203,3567.69,1.13902,123.939,0.593867,-3789.41,0
22.9971,3525.63,-37.0258,103.364,1.10608,-5408.16,0
24.2653,3509.67,-73.5529,109.202,1.12221,-5782.98,0
25.5416,3500.54,-56.2649,78.3138,1.50796,-5851.61,0
26.8213,3497.5,-39.9007,76.8003,1.58827,-5685.78,0
28.0945,3468.18,-40.9643,68.42,2.01753,-6471.8,0
29.3687,3482.82,-59.6138,68.1779,1.52324,-5692.49,0
30.6441,3503.97,-40.5995,82.3771,1.17125,-4765.42,0
31.9246,3490.37,-32.6174,75.4743,1.42087,-5000.29,0
33.1974,3537.3,-43.5607,55.856,0.780217,-3394.94,0
34.4614,3515.02,-41.7667,75.7131,0.961734,-3916.97,0
35.7458,3514.95,-60.9345,98.1274,0.694899,-3778.06,0
37.0238,3524.24,-56.72,66.8299,0.784145,-3396.7,0
38.297,3535.02,-39.2581,62.8537,0.721243,-3002.42,0
39.5716,3527.28,-54.4756,31.5927,0.913709,-3101.25,0
40.8501,3505.12,-76.7649,49.8645,0.966522,-3546.6,0
42.1232,3473.98,-71.6145,44.8826,1.44761,-4178.62,0
43.4017,3456.18,-74.0034,30.4965,1.68774,-4465.76,0
44.6795,3478.29,-68.7631,40.9173,1.27795,-3843.24,0
45.6721,3449.91,-56.4945,45.5437,1.80121,-4381.06,0
