0.00656462,0.219347,0.0234483,-0.0921892,0.36566,33413.6,0
0.0131097,0.259309,-0.207664,-0.0730348,0.408041,19779.9,0
0.0196162,0.397491,-0.245655,0.104164,0.607,20263.4,0
0.0261486,0.490937,-0.402816,-0.0792798,0.68838,18774.9,0
0.0326306,0.535232,-0.518492,-0.0299588,0.651906,16402.8,0
0.0391392,0.628269,-0.710755,0.113099,0.75227,16052.2,0
0.0456729,0.6507,-0.70933,0.095174,0.706112,14247,0
0.0521882,0.492914,-0.971328,0.0686904,0.393643,9444.92,0
0.0586893,0.514952,-0.766511,0.28149,0.401799,8774.2,0
0.0652197,0.451413,-0.679003,0.29097,0.257555,6921.42,0
0.0717207,0.34878,-0.622798,0.359313,0.0685993,4863.03,0
0.0782279,0.617212,-0.674341,0.410246,0.512768,7889.92,0
0.0847589,0.855964,-0.407347,0.443097,0.874275,10098.8,0
0.0912514,0.547256,-0.304176,0.537621,0.265113,5997.23,0
0.0977943,0.525715,-0.359468,0.408709,0.209103,5375.72,0
0.10427,0.693172,-0.186508,0.483027,0.479809,6647.85,0
0.110831,0.940932,-0.125375,0.687928,0.825276,8489.78,0
0.117324,1.08272,-0.272193,0.89379,0.961057,9228.44,0
0.123794,0.715974,-0.0101597,1.06809,0.254693,5783.6,0
0.130295,0.768169,-0.276213,0.754649,0.330569,5895.63,0
0.136798,0.676013,-0.219128,0.955198,0.15804,4941.67,0
0.1433,0.790984,-0.171102,0.833022,0.344168,5519.77,0
0.149788,0.947361,-0.218266,0.908059,0.576075,6324.68,0
0.156314,0.951899,-0.0402156,1.00883,0.529112,6089.67,0
0.162792,1.33013,-0.110462,0.913556,1.10088,8170.74,0
0.169274,1.66698,-0.200173,1.09825,1.48772,9847.82,0
0.175762,1.71449,-0.138941,1.01746,1.33261,9754.6,0
0.182256,2.02457,0.0432825,1.21039,1.63876,11108.4,0
0.188747,1.95548,0.061998,1.15172,1.25989,10360.3,0
0.195244,1.86037,0.0535656,1.21479,0.953499,9528.45,0
0.201793,1.47601,0.181402,1.27669,0.213915,7314.47,0
0.208325,1.49324,0.407691,1.22461,0.237295,7167.84,0
0.2148,1.53163,0.36061,1.06578,0.289319,7130.48,0
0.221272,1.47639,0.580193,0.920443,0.177981,6672.26,0
0.227766,1.83147,0.386787,1.08973,0.758945,8041,0
0.234285,1.90615,0.137702,1.00873,0.800762,8136.02,0
0.240835,1.91789,0.0514031,0.968466,0.730296,7963.48,0
0.247335,2.2638,0.0351538,1.0967,1.23511,9152.76,0
0.253779,2.06283,0.201774,1.33689,0.748424,8128.42,0
0.260303,1.99148,0.0363056,1.48488,0.570237,7650.65,0
0.266823,2.22202,0.212926,1.43532,0.896196,8327.7,0
0.273322,2.42073,0.444664,1.82751,1.1203,8856.69,0
0.279796,2.54532,0.0476244,1.74113,1.17383,9097.05,0
0.286295,2.6194,0.243083,1.81311,1.17117,9149.3,0
0.292846,2.66661,0.103208,1.6686,1.09567,9105.84,0
0.299351,2.2246,0.222983,1.53247,0.253015,7431.43,0
0.305841,2.33523,0.30349,1.88332,0.415747,7635.44,0
0.312339,2.56288,0.685564,1.94357,0.751875,8205.44,0
0.318873,2.34389,0.713851,1.82152,0.332919,7350.54,0
0.325396,2.22636,0.604698,1.73148,0.115822,6841.99,0
0.331873,2.27198,0.540691,2.10955,0.189249,6845.92,0
0.338432,2.387,0.469061,2.16652,0.365059,7053.13,0
0.34492,2.34343,0.503103,1.78116,0.280382,6794.12,0
0.351422,2.23921,0.599953,1.82405,0.0952177,6371.86,0
0.357945,2.42884,0.447257,1.87305,0.410306,6785.52,0
0.364463,2.30459,0.186313,1.78379,0.163866,6323.25,0
0.370954,2.37552,0.224276,1.79818,0.259857,6403.83,0
0.377518,2.56011,-0.0944351,1.90033,0.539477,6781.41,0
0.384055,2.69399,0.123519,1.75493,0.713548,7014.61,0
0.390552,2.61304,0.0664901,1.58151,0.515008,6690.65,0
0.397051,2.77748,-0.162763,1.30227,0.740104,6995.26,0
0.403541,3.02562,-0.201262,1.36973,1.06931,7497.67,0
0.410036,2.97183,-0.052689,1.30101,0.861157,7247.74,0
0.416554,3.39904,-0.00363724,1.24745,1.45881,8159.89,0
0.423071,3.51999,-0.309594,0.95193,1.47807,8320.09,0
0.429608,3.57844,-0.429027,0.664968,1.37357,8329.53,0
0.436102,3.3247,-0.151869,0.734597,0.787582,7623.66,0
0.442613,2.99385,-0.245285,0.729712,0.174639,6764.04,0
0.449114,2.96368,-0.26276,0.638549,0.117178,6598.93,0
0.455614,2.94024,-0.0833614,0.494259,0.0708648,6453.35,0
0.462084,3.14732,-0.188629,0.282918,0.411388,6811.15,0
0.468544,3.0626,-0.139526,0.00721256,0.232485,6536.41,0
0.475064,3.03577,-0.243199,-0.02782,0.181132,6390.24,0
0.481583,3.12211,-0.525252,0.0166027,0.310019,6483.03,0
0.488094,3.07117,-0.56905,0.34415,0.204512,6292.18,0
0.4946,3.05775,-0.77921,0.382877,0.16763,6182.26,0
0.501069,3.04528,-0.471742,0.588052,0.126455,6077.57,0
0.507558,3.0829,-0.366601,0.271694,0.175741,6073.98,0
0.51405,3.13523,-0.527448,0.435434,0.258892,6099.07,0
0.520558,2.99684,-0.405767,0.68739,0.00711777,5756.98,0
0.527039,3.1962,-0.504073,0.836582,0.345734,6064.44,0
0.533559,3.34841,-0.564931,0.780102,0.57193,6275.62,0
0.54002,3.44841,-0.45571,0.850879,0.668317,6385.71,0
0.54651,3.53935,-0.452175,1.08773,0.745959,6476.28,0
0.552995,4.00817,-0.351244,1.05049,1.41195,7248.12,0
0.559509,3.85085,-0.208085,0.688945,0.962835,6882.54,0
0.566042,3.71663,-0.176623,0.495401,0.648303,6565.99,0
0.572537,3.69639,-0.136412,0.5476,0.565769,6456.17,0
0.579032,3.81902,-0.234646,0.339502,0.700452,6595.53,0
0.585525,3.71672,0.00947668,0.441329,0.472716,6347.66,0
0.592043,4.1827,-0.0570492,0.0925116,1.1562,7064.85,0
0.598524,4.21806,-0.0118843,-0.28384,1.05089,7047.44,0
0.605038,4.17109,-0.0518078,-0.546174,0.838671,6893.93,0
0.61156,4.09403,0.0302621,-0.786102,0.633345,6694.4,0
0.618068,3.96702,0.205428,-0.615687,0.350938,6418.41,0
0.624578,4.00781,0.252495,-0.363033,0.39598,6416.83,0
0.631066,4.00746,0.138609,-0.135313,0.37005,6350.31,0
0.637555,4.0889,0.066753,-0.116229,0.460603,6413.4,0
0.644053,4.48417,-0.090574,-0.157649,1.07357,6962.43,0
0.650538,4.13186,0.0427096,-0.201848,0.392965,6351.45,0
0.657048,3.98789,0.152655,-0.349435,0.13,6069.4,0
0.663539,4.07367,0.194892,-0.546694,0.269958,6139.31,0
0.670049,4.22628,-0.063598,-0.541954,0.509113,6307.43,0
0.676531,4.24103,-0.00479863,-0.32519,0.483063,6268.78,0
0.683006,4.45842,0.0733618,-0.139079,0.805845,6527.64,0
0.689536,4.16683,-0.219179,-0.141517,0.253689,6042.94,0
0.696066,4.14032,-0.184499,0.0298676,0.193373,5948.17,0
0.702607,4.22394,-0.205666,0.0713839,0.32964,6011.82,0
0.709133,4.17681,-0.232721,0.0813613,0.227859,5890.03,0
0.715622,4.20445,-0.40886,0.170318,0.268069,5875.23,0
0.722116,4.23071,-0.512202,-0.132553,0.294674,5858.76,0
0.728696,4.4807,-0.780443,-0.0885861,0.697017,6148.93,0
0.735166,4.4444,-0.88063,0.00283774,0.576456,6045.44,0
0.741715,4.34187,-0.925703,0.50194,0.356389,5853.83,0
0.748226,4.36884,-0.906491,0.243355,0.377158,5838.92,0
0.754711,4.53632,-0.673126,0.247445,0.630209,6010.67,0
0.761206,4.70351,-1.00558,0.135929,0.845402,6179.03,0
0.767689,4.81732,-0.931985,0.0933313,0.918166,6275.1,0
0.77421,5.00643,-0.856225,0.231402,1.1017,6466.51,0
0.780756,4.84139,-0.839846,0.337211,0.709516,6200.91,0
0.787275,4.79107,-0.939672,0.247774,0.559178,6085.64,0
0.793726,4.71866,-0.618142,0.402816,0.388967,5944.94,0
0.800258,4.59673,-0.528154,0.420261,0.155897,5744.05,0
0.806773,4.61982,-0.668811,0.443952,0.189514,5726.3,0
0.813288,4.85651,-0.720549,0.468889,0.565791,5971.45,0
0.819771,5.20603,-0.74808,0.499707,1.08126,6350.6,0
0.826343,5.41266,-0.708655,0.574204,1.30914,6550.13,0
0.832873,5.01547,-0.530024,0.660502,0.516084,6021.89,0
0.839411,5.4266,-0.482989,0.534804,1.12,6464.77,0
0.845934,5.57003,-0.442167,0.690056,1.22824,6584.48,0
0.852467,5.64558,-0.664225,0.465344,1.17668,6622.64,0
0.858938,5.70261,-0.927639,0.503783,1.10422,6639.14,0
0.865467,5.91779,-0.978004,0.501247,1.31734,6837.68,0
0.871985,6.12543,-0.769997,0.336604,1.4713,7024.7,0
0.878456,6.06332,-0.784558,-0.0240442,1.14086,6902.25,0
0.884952,5.9018,-1.091,-0.353688,0.76255,6669.07,0
0.891438,5.79736,-1.33405,-0.565635,0.519878,6503.38,0
0.897951,5.6992,-1.1932,-0.596024,0.328552,6346.9,0
0.904385,5.97818,-1.23736,-0.520971,0.756225,6610.21,0
0.910898,5.98306,-1.22128,-0.456654,0.672324,6568.31,0
0.91741,6.18042,-1.21846,-0.369688,0.93274,6736.82,0
0.923903,6.08158,-1.21574,-0.732644,0.663879,6582.49,0
0.930443,5.94947,-1.22369,-0.586617,0.380621,6394.24,0
0.93695,5.86989,-1.26943,-0.593954,0.214411,6264.88,0
0.943442,6.19658,-1.30296,-0.850946,0.734404,6568.06,0
0.949941,5.98053,-1.26357,-0.862641,0.312268,6295.68,0
0.956524,5.81481,-1.42799,-0.906858,0.0110206,6079.1,0
0.963043,6.01001,-1.45189,-0.962382,0.339259,6240.65,0
0.969604,5.96431,-1.24875,-1.04543,0.247725,6151.29,0
0.976086,5.94987,-1.3618,-0.895348,0.199014,6095.64,0
0.982555,6.29947,-1.7807,-0.762275,0.764941,6411.31,0
0.989082,6.54501,-1.86941,-0.895183,1.11441,6617.26,0
0.99557,6.65487,-1.77409,-0.989808,1.1667,6684.49,0
1.00208,6.84502,-1.69312,-0.925961,1.31461,6830.84,0
1.00852,6.73388,-1.74441,-1.14799,0.955751,6677.01,0
1.01505,6.86901,-1.60595,-0.961638,1.09404,6767.15,0
1.02152,7.01713,-1.94655,-0.450565,1.17924,6869.29,0
1.02805,6.82299,-2.20758,-0.556339,0.727313,6636.85,0
1.03453,6.95992,-2.46958,-0.685453,0.868641,6727.63,0
1.04105,6.89397,-2.53166,-0.29658,0.664727,6622.14,0
1.04756,6.96788,-2.53411,-0.0560549,0.730327,6651.56,0
1.05407,6.84316,-2.88274,-0.192566,0.443181,6492.13,0
1.06062,6.74553,-2.61421,-0.0889763,0.242034,6359.97,0
1.06715,6.76374,-2.57616,-0.404162,0.249088,6338.16,0
1.07362,6.73213,-2.85549,-0.0472027,0.177011,6270.49,0
1.08014,6.75228,-2.55936,0.096913,0.18792,6251.33,0
1.08668,7.02759,-2.57101,-0.0599097,0.650651,6467.04,0
1.09318,7.10622,-2.58543,0.110836,0.715078,6500.52,0
1.09967,7.37023,-2.38591,0.0526951,1.08772,6702.21,0
1.10622,7.34831,-2.63598,0.174141,0.924429,6642.7,0
1.11274,7.79174,-2.65118,-0.0211579,1.5169,7002.33,0
1.11923,7.66788,-2.66607,-0.00439495,1.11705,6851.05,0
1.12575,7.78441,-3.16309,0.0105577,1.17325,6914.85,0
1.13229,7.80539,-3.13673,-0.471668,1.03554,6893.44,0
1.1388,7.86103,-3.08343,-0.205982,0.983336,6902.93,0
1.14533,7.70769,-2.95332,-0.0643973,0.61716,6729.64,0
1.15185,7.58642,-2.96287,-0.182912,0.350943,6586.29,0
1.15835,7.84764,-3.10604,-0.285432,0.772766,6774.86,0
1.16485,7.87529,-3.52492,-0.142324,0.759745,6760.79,0
1.17136,7.57806,-3.37238,-0.123675,0.200493,6469.47,0
1.17786,7.57129,-3.45661,-0.0251339,0.172047,6428.01,0
1.18434,7.56022,-3.29577,0.0477274,0.14834,6383.51,0
1.1908,7.51453,-3.25115,0.101416,0.0662141,6310.49,0
1.19731,7.91853,-3.39614,-0.225723,0.735147,6613.57,0
1.20381,7.6493,-3.4111,-0.1554,0.223469,6354.21,0
1.2103,7.87403,-3.3722,-0.193988,0.596093,6505.87,0
1.21679,7.83951,-3.1793,0.0267889,0.490019,6442.78,0
1.2233,7.79641,-3.18726,-0.28156,0.357794,6373.28,0
1.22977,7.94137,-3.27087,-0.296946,0.585543,6457.59,0
1.23627,8.37015,-3.50407,-0.287163,1.22246,6770.47,0
1.24276,8.38458,-3.47486,-0.162076,1.07655,6746.72,0
1.24928,8.59485,-3.49174,-0.168677,1.23949,6879.86,0
1.25577,8.76448,-3.13414,0.234862,1.35725,6979.37,0
1.26231,8.84146,-3.26448,0.0203558,1.2945,7004.19,0
1.26879,9.15596,-3.15524,-0.00397717,1.63867,7216.3,0
1.2753,9.01105,-2.76219,-0.00644068,1.17038,7065.81,0
1.28182,9.00861,-2.80782,-0.178459,0.991637,7027.98,0
1.28835,8.75078,-2.81928,0.209789,0.453237,6792.23,0
1.29485,8.83576,-2.94038,0.125516,0.547419,6823.76,0
1.30131,9.15649,-2.97565,0.286449,1.02529,7036.34,0
1.30784,8.97057,-2.52182,0.123745,0.620012,6859.05,0
1.31433,8.77267,-2.68014,0.208956,0.246435,6674.65,0
1.32087,8.87796,-2.62296,0.275595,0.411739,6721.29,0
1.32739,8.85954,-2.77887,0.138847,0.354875,6674.42,0
1.33393,9.10857,-3.00528,0.147592,0.730026,6828.39,0
1.34044,9.26758,-3.24155,-0.0974699,0.89774,6913.84,0
1.34696,9.49039,-3.63047,-0.224722,1.16015,7045.76,0
1.35345,9.43175,-3.43842,-0.0491683,0.903561,6968.69,0
1.35995,9.52809,-3.06639,-0.126301,0.949787,7006.23,0
1.36647,9.40163,-3.04325,-0.0941543,0.622504,6880.21,0
1.37299,9.23867,-2.72232,-0.0636553,0.288017,6728.84,0
1.37956,9.40838,-3.01492,0.00374596,0.556446,6819.86,0
1.38602,9.25983,-2.95335,0.00334133,0.258676,6680.87,0
1.39255,9.21918,-2.94862,-0.0750434,0.177697,6620.34,0
1.3991,9.23027,-2.59865,0.219974,0.171206,6597.29,0
1.4056,9.27623,-2.24725,0.200585,0.237567,6599.49,0
1.4121,9.42347,-2.31334,0.317842,0.47502,6673.35,0
1.41863,9.34946,-2.38295,-0.0258387,0.312704,6590.49,0
1.42516,9.75934,-2.35655,-0.0482913,0.960927,6847.89,0
1.43166,9.96437,-2.43074,-0.108768,1.17225,6960.02,0
1.43817,10.1135,-2.53301,-0.130414,1.22519,7032.17,0
1.4447,10.1891,-2.47198,-0.16092,1.19236,7052.76,0
1.45122,10.1314,-2.41592,-0.242303,0.916863,6981.25,0
1.45772,10.3494,-2.10288,-0.315888,1.1602,7099.76,0
1.46417,10.3783,-2.22138,-0.301463,1.0574,7088.14,0
1.47071,10.2502,-1.89508,-0.323142,0.720289,6969.57,0
1.47725,10.3779,-1.97121,-0.252963,0.882285,7025.14,0
1.48379,10.4925,-2.20383,-0.207253,0.961408,7071.43,0
1.49029,10.6109,-2.07865,-0.407269,1.06764,7120.04,0
1.4968,10.2604,-2.03701,-0.532438,0.400443,6854.88,0
1.5033,10.1365,-2.39671,-0.514952,0.165187,6742.83,0
1.50978,10.3185,-2.41823,-0.490982,0.461737,6834.44,0
1.51629,10.5147,-2.20964,-0.409528,0.753634,6934.53,0
1.5228,10.6877,-2.35382,0.0958864,0.939074,7018.47,0
1.52929,10.7046,-2.35276,0.123638,0.848473,6999.71,0
1.53576,10.7155,-2.24019,-0.140767,0.767441,6977.3,0
1.54226,10.5475,-1.86971,-0.273518,0.39088,6838.96,0
1.5488,10.5253,-2.07993,-0.319638,0.331,6795.78,0
1.55531,10.8241,-2.41952,-0.21605,0.797508,6959.41,0
1.56178,10.841,-2.62572,-0.0458346,0.737944,6941.45,0
1.56825,11.1859,-2.4684,0.0270944,1.20229,7132.73,0
1.57477,11.0935,-2.36682,0.0703017,0.908265,7044.52,0
1.58128,10.9495,-2.45859,-0.122763,0.567134,6924.45,0
1.58778,10.8454,-2.42325,0.0120511,0.336618,6830.57,0
1.59432,10.8332,-2.4042,0.115239,0.295386,6794.89,0
1.6008,11.0888,-2.52074,0.510876,0.698882,6927.06,0
1.60732,11.2057,-2.31526,0.689659,0.837211,6971.67,0
1.61382,10.935,-2.47262,0.754596,0.307823,6775.88,0
1.62034,10.7902,-2.53426,0.88583,0.0386448,6659.22,0
1.62684,10.854,-2.5785,0.792846,0.143968,6671.83,0
1.63336,10.815,-2.73919,0.676088,0.0707001,6621.33,0
1.63984,10.8583,-2.51119,0.571204,0.141668,6621.55,0
1.64631,10.963,-2.44422,0.559223,0.309675,6659.14,0
1.65278,10.9561,-2.51076,0.596974,0.275819,6628.9,0
1.65929,11.0282,-2.48976,0.679694,0.386603,6646.34,0
1.66578,11.0675,-2.70289,0.811852,0.419107,6644.03,0
1.67227,11.0372,-2.60401,0.794863,0.338964,6600.14,0
1.67874,11.157,-2.12023,0.820065,0.516897,6646.09,0
1.68526,11.2546,-2.22594,0.836022,0.608105,6678.29,0
1.6917,11.2313,-2.22787,0.545708,0.532874,6639.06,0
1.69819,11.261,-2.1171,0.505679,0.53863,6631.17,0
1.70468,11.4725,-2.06185,0.46423,0.848038,6729.97,0
1.71117,11.5728,-1.81922,0.602801,0.912632,6763.1,0
1.71764,11.6481,-2.01123,0.869422,0.928442,6781.43,0
1.72417,11.4968,-2.17478,0.921128,0.566292,6668.04,0
1.73065,11.6731,-2.22108,0.687229,0.785483,6744.88,0
1.73718,11.5885,-2.05935,0.805006,0.572094,6670.86,0
1.74371,11.5755,-2.01958,0.98863,0.477446,6638.44,0
1.7502,11.5275,-1.92288,0.970862,0.35679,6586.36,0
1.75672,11.8235,-2.00431,1.32021,0.792907,6730.45,0
1.76319,11.7239,-2.01745,1.49035,0.552902,6649.3,0
1.76966,11.9505,-1.87462,1.59001,0.87769,6753,0
1.77618,11.7972,-2.12988,1.56527,0.518413,6641.86,0
1.78267,11.6309,-1.79773,1.85853,0.192072,6524.4,0
1.78917,11.5946,-1.88658,1.81555,0.119441,6480.41,0
1.79572,11.658,-1.88454,1.92883,0.21881,6492.13,0
1.80224,11.8726,-2.01171,1.91728,0.572848,6587.67,0
1.80877,12.0661,-2.12857,1.89661,0.797213,6670.9,0
1.81531,12.1706,-2.26404,2.22254,0.871095,6704.42,0
1.82183,11.9668,-2.31969,2.03726,0.471274,6568.54,0
1.82837,11.9978,-2.42494,2.04018,0.492699,6561.99,0
1.83488,12.1347,-2.46206,2.119,0.684249,6613.38,0
1.8414,12.2398,-2.44743,2.36694,0.762676,6646.98,0
1.8479,12.1155,-2.61043,2.13965,0.479223,6556.38,0
1.85437,12.274,-2.70936,2.15221,0.688388,6618.96,0
1.86088,12.2624,-2.8065,1.97744,0.593222,6589.57,0
1.86741,12.3124,-2.78347,1.97366,0.630117,6593.34,0
1.87391,12.2144,-2.60021,1.80963,0.421291,6518.16,0
1.88042,12.3212,-2.5364,1.58736,0.554696,6552.38,0
1.88696,12.4633,-2.7654,1.68162,0.748738,6604.96,0
1.89346,12.384,-2.7531,1.40764,0.523709,6540.44,0
1.89999,12.3014,-2.51305,1.39771,0.338937,6474.45,0
1.90647,12.799,-2.52745,1.06931,1.12677,6713.43,0
1.91296,12.8904,-2.74799,0.927352,1.13953,6738.46,0
1.9195,13.0136,-2.73614,1.0576,1.18736,6779.71,0
1.92603,13.0154,-2.72081,1.4866,1.05541,6757.65,0
1.93251,13.1021,-2.68833,1.65429,1.04752,6779.83,0
1.93906,13.093,-2.5876,1.49571,0.934643,6752.26,0
1.94555,13.1901,-2.74541,1.37976,0.992178,6779.63,0
1.95208,13.137,-2.60583,1.44427,0.796881,6729.76,0
1.95857,13.1022,-2.65507,1.63538,0.647067,6689.68,0
1.96511,13.0703,-2.48893,1.88303,0.525508,6651.21,0
1.97159,13.0947,-2.22662,1.9595,0.498727,6641.71,0
1.97808,13.0609,-2.37893,2.12764,0.40281,6602.82,0
1.9846,13.0432,-2.3424,2.08695,0.347944,6572.21,0
1.9911,12.8898,-2.29778,1.9763,0.0708981,6473.69,0
1.99764,13.0421,-2.33375,2.00198,0.329048,6528.79,0
2.00413,12.992,-2.41801,2.17765,0.220088,6482.65,0
2.01059,12.8892,-2.38565,2.09644,0.0354032,6410.67,0
2.01711,12.9855,-2.33398,2.22511,0.192688,6437.71,0
2.02368,13.0461,-2.1237,2.20226,0.289404,6446.75,0
2.03019,13.22,-2.11477,2.14727,0.560567,6511.69,0
2.03672,13.0618,-2.37428,2.17012,0.24218,6413.15,0
2.0432,13.0401,-2.34829,2.01318,0.193092,6382.2,0
2.04976,13.0467,-2.12419,1.92502,0.193713,6364.98,0
2.05624,13.1464,-1.9415,2.06496,0.351431,6393.43,0
2.06275,13.1879,-2.13296,2.37509,0.397243,6393.37,0
2.06924,13.0795,-1.93952,2.10427,0.192569,6320.92,0
2.07578,13.4867,-2.33123,1.93151,0.84715,6497.17,0
2.08229,13.7527,-2.63671,1.94088,1.2095,6604.57,0
2.08882,13.9977,-2.61703,1.86017,1.45382,6701.25,0
2.09536,13.854,-2.66353,1.77567,1.03139,6611.73,0
2.10187,14.2289,-2.72272,1.71571,1.51307,6769.63,0
2.10836,14.4156,-2.68662,1.72645,1.56058,6837.37,0
2.11485,14.4586,-2.80453,1.86874,1.41672,6836.7,0
2.12137,14.54,-2.83462,1.8428,1.36332,6854.08,0
2.12789,14.4667,-2.86473,2.03479,1.06588,6798.61,0
2.13442,14.2535,-3.41563,1.90212,0.60415,6677.9,0
2.1409,14.4785,-3.25813,1.8861,0.927643,6762.8,0
2.14741,14.2295,-3.06665,1.76443,0.404397,6626.36,0
2.15389,14.4591,-2.96286,1.84476,0.750903,6713.02,0
2.16034,14.3742,-2.93672,1.86159,0.528956,6653.68,0
2.16686,14.3847,-3.06273,1.93208,0.477672,6638.49,0
2.17335,14.6335,-3.06123,1.46345,0.839811,6733.14,0
2.17989,14.8765,-3.17576,1.34258,1.1223,6824.41,0
2.18639,14.9039,-3.43738,1.38001,0.992461,6816.67,0
2.1929,14.7985,-3.35706,1.43673,0.688177,6748.36,0
2.19942,14.7971,-3.51543,1.61315,0.607157,6727.74,0
2.20596,14.7797,-3.40013,1.79881,0.507227,6699.92,0
2.21245,14.9781,-3.27928,1.86685,0.775958,6769.94,0
2.21896,14.9639,-3.1465,1.76038,0.671262,6743.66,0
2.22549,15.0658,-3.4324,1.71718,0.790272,6769.65,0
2.23199,15.2453,-3.43881,1.27265,0.990067,6830.33,0
2.23854,14.912,-3.43169,1.53498,0.343592,6661.5,0
2.24502,14.8676,-3.39347,1.53151,0.259696,6622.47,0
2.25153,14.8218,-3.57401,1.69158,0.167037,6583.01,0
2.25805,14.8354,-3.64288,1.43025,0.182097,6569.98,0
2.26457,14.9768,-3.76187,1.50532,0.406943,6613.53,0
2.27109,14.8853,-3.67524,1.42543,0.223598,6554.25,0
2.27761,15.0087,-3.35309,1.79614,0.391983,6589.67,0
2.28414,15.1871,-3.071,1.7669,0.618326,6648.94,0
2.29064,15.161,-3.27784,1.87105,0.517652,6618.66,0
2.29715,14.9541,-3.38301,1.94079,0.13999,6509.85,0
2.30369,14.9997,-3.46969,1.93211,0.211759,6511.15,0
2.31018,15.1046,-3.61933,1.97808,0.371081,6538.28,0
2.31664,15.0176,-3.79508,2.04733,0.198112,6482.5,0
2.32311,15.265,-4.09966,2.02594,0.588595,6570.94,0
2.3296,15.3139,-4.2563,1.72375,0.603578,6573.65,0
2.33609,15.5434,-4.13278,1.50734,0.923748,6653.6,0
2.34256,15.4404,-4.08716,1.44269,0.627945,6591.23,0
2.34904,15.3477,-4.22398,1.54918,0.424447,6533.61,0
2.35555,15.485,-4.34268,1.38538,0.606552,6573.84,0
2.36204,15.5961,-4.35882,1.22735,0.741569,6602.79,0
2.36853,15.5658,-4.22029,1.28229,0.618537,6571.92,0
2.37502,15.6236,-4.2077,1.18133,0.645951,6578.31,0
2.38153,15.5188,-4.30079,1.40739,0.406826,6516.3,0
2.38808,15.5518,-4.18026,1.7214,0.41825,6512.26,0
2.3946,15.7558,-3.98909,1.79333,0.719353,6579.75,0
2.40112,15.6383,-4.05612,1.8071,0.462834,6512.91,0
2.40764,15.7245,-4.24112,1.96329,0.555859,6531.09,0
2.41416,15.7159,-3.92596,1.90497,0.462743,6509.88,0
2.42067,15.9008,-3.88693,2.09934,0.745566,6568.77,0
2.42718,16.0355,-3.96661,2.33145,0.888669,6606.63,0
2.43372,16.3188,-3.83845,2.53178,1.23045,6705.31,0
2.44022,16.397,-3.93543,2.477,1.21215,6719.49,0
2.44673,16.1803,-4.07922,2.65099,0.701878,6613.05,0
2.45323,16.1874,-4.31463,2.77464,0.650223,6598.43,0
2.45977,16.1983,-4.14743,2.60987,0.593097,6585.31,0
2.46625,16.2829,-4.06885,2.45739,0.656703,6602.29,0
2.47272,16.212,-4.34705,2.49687,0.449876,6556.37,0
2.47916,16.4493,-4.40482,2.55629,0.828763,6635.01,0
2.48565,16.5837,-4.11295,2.57996,0.95352,6671.76,0
2.49219,16.5614,-4.32022,3.06259,0.795152,6645.3,0
2.49872,16.5803,-4.11743,2.74736,0.713307,6635.51,0
2.50521,16.5284,-4.1146,2.66013,0.544451,6597.59,0
2.51178,16.2867,-4.03253,2.79147,0.10369,6484.15,0
2.51823,16.307,-3.96639,2.91366,0.131947,6475.57,0
2.52472,16.4496,-3.75002,2.83139,0.346034,6515.42,0
2.53126,16.4969,-3.7439,2.72065,0.383885,6517.26,0
2.53778,16.4459,-3.93945,2.86325,0.276216,6480.43,0
2.54428,16.8159,-3.94826,2.6884,0.878275,6609.3,0
2.55076,16.7163,-4.06458,2.57572,0.623418,6553.47,0
2.55728,16.5054,-4.24064,2.72422,0.223311,6454.29,0
2.56378,16.6649,-3.91463,2.81306,0.481591,6500.13,0
2.57028,16.6061,-3.90809,2.90762,0.352315,6460.82,0
2.57683,16.5646,-4.02512,2.81254,0.263497,6428.29,0
2.58331,16.7263,-4.09462,2.53914,0.524492,6474.73,0
2.58985,16.8218,-4.04841,2.62821,0.645927,6495.27,0
2.59637,17.1006,-4.37385,2.73763,1.03906,6586.34,0
2.60288,17.0176,-4.48151,2.58793,0.762477,6537.98,0
2.60938,17.1819,-4.25157,2.56961,0.959181,6584.67,0
2.61591,17.3963,-4.10817,2.48468,1.19703,6650.21,0
2.62243,17.2637,-4.3364,2.60155,0.821488,6583.07,0
2.62895,17.5069,-4.46805,2.96215,1.13774,6659.26,0
2.63547,17.7738,-4.57096,2.98384,1.45223,6744.08,0
2.64198,17.4983,-4.40672,2.74336,0.794126,6623.18,0
2.64847,17.375,-4.29187,2.56023,0.513311,6560.39,0
2.655,17.299,-4.27383,2.54778,0.340923,6515.61,0
2.66149,17.4421,-4.29831,2.8745,0.551516,6553.5,0
2.66801,17.6143,-4.43622,2.92546,0.764807,6602.03,0
2.67454,17.6614,-4.21641,2.83372,0.771772,6603.54,0
2.68102,17.4595,-4.25687,3.03281,0.349469,6512.28,0
2.68755,17.4468,-4.1341,3.14005,0.281414,6491.71,0
2.69406,17.6412,-4.33757,3.13602,0.572628,6548.18,0
2.70056,17.7755,-4.41026,3.25314,0.717792,6582.16,0
2.70706,17.9579,-4.3372,3.30079,0.944144,6633.72,0
2.7136,17.874,-4.51529,3.30835,0.689187,6586.84,0
2.72007,18.1225,-4.77162,3.0255,1.02656,6662.5,0
2.72661,17.9963,-4.70441,2.99171,0.689782,6600.25,0
2.73314,18.1663,-4.68222,3.16899,0.890347,6646.65,0
2.73963,17.98,-4.73747,3.24829,0.500521,6562.94,0
2.74611,18.2423,-4.78435,3.12071,0.870539,6642.95,0
2.75263,18.1489,-4.93038,3.11137,0.611474,6593.28,0
2.75914,18.0991,-4.83295,3.16779,0.473222,6559.67,0
2.76566,18.1569,-4.73488,3.38493,0.525912,6565.15,0
2.77216,17.9309,-4.46742,3.54473,0.115182,6468.22,0
2.77868,18.2782,-4.34933,3.83284,0.675477,6578.02,0
2.78521,18.0467,-4.11223,3.81245,0.237162,6479.47,0
2.79169,18.0503,-3.8955,3.64418,0.224984,6465.73,0
2.79824,18.0514,-3.98895,3.69568,0.212027,6451.01,0
2.8047,18.0941,-4.10655,3.65894,0.274905,6451.35,0
2.81124,18.1638,-4.00588,3.71344,0.377952,6461.13,0
2.81777,18.3554,-4.19992,3.35742,0.660688,6514.18,0
2.82426,18.5088,-4.11922,3.49043,0.829822,6553.51,0
2.83076,18.5714,-4.16111,3.01112,0.860982,6560.59,0
2.8373,18.5586,-3.90865,3.13306,0.742563,6540.95,0
2.84384,18.5911,-4.04353,2.99171,0.73564,6537.31,0
2.85034,18.4161,-3.92587,3.09929,0.368323,6461.02,0
2.8568,18.5164,-3.93962,3.00338,0.503254,6481.53,0
2.86329,18.5754,-3.70955,3.18387,0.560178,6487.41,0
2.86984,18.5428,-3.55037,3.28134,0.4421,6461.27,0
2.87636,18.4312,-3.45857,3.40962,0.226122,6407.82,0
2.88286,18.9363,-3.43818,3.8402,1.05002,6568.58,0
2.88937,18.9595,-3.44852,3.91534,0.967545,6561.82,0
2.89588,18.7381,-3.59354,4.02442,0.495799,6470.6,0
2.90242,18.8035,-3.79226,4.03483,0.544285,6478.55,0
2.90892,18.63,-3.74169,4.04914,0.218591,6404.45,0
2.91542,18.6812,-3.61973,4.00066,0.282618,6407.72,0
2.92194,18.8196,-3.78894,3.98525,0.475,6440.8,0
2.92842,19.0731,-3.6829,4.02431,0.866737,6513.1,0
2.93492,19.1644,-3.77786,4.03671,0.886702,6529.78,0
2.94144,18.8242,-3.91923,3.95592,0.23816,6399.65,0
2.94798,19.0313,-3.80686,3.98629,0.559101,6455.73,0
2.95446,19.0484,-3.78256,3.8214,0.536593,6447.33,0
2.96095,19.131,-3.47741,3.68104,0.62451,6461.11,0
2.96744,19.1437,-3.54603,3.58802,0.582096,6451.24,0
2.97392,19.2169,-3.6028,3.54485,0.667453,6461.8,0
2.98044,19.3597,-3.66144,3.6708,0.837247,6495.59,0
2.98691,19.6553,-3.63712,3.76695,1.20611,6580.48,0
2.99344,19.7558,-3.42727,3.83111,1.19626,6599.68,0
2.99999,20.0419,-3.04757,3.73247,1.53449,6680.67,0
3.00649,20.1709,-2.95337,3.50071,1.49791,6709.13,0
3.01298,19.9656,-3.00408,3.63615,0.976237,6626.53,0
3.01947,19.7689,-2.9871,3.48844,0.554659,6547.16,0
3.02601,19.6679,-3.13602,3.48402,0.349952,6499.6,0
3.03249,19.6203,-3.0919,3.69481,0.245482,6470.01,0
3.03904,19.5317,-3.28021,3.5742,0.0861781,6426.93,0
3.04552,19.6917,-3.2207,3.69414,0.3575,6465.79,0
3.05202,19.859,-2.96638,3.58717,0.601157,6506.85,0
3.0585,19.6074,-3.05563,3.5455,0.12972,6410.79,0
3.06501,19.6336,-2.98005,3.5,0.170027,6405.74,0
3.0715,19.8695,-3.15261,3.48438,0.554603,6468.98,0
3.078,19.7293,-3.36878,3.73379,0.27444,6409.78,0
3.08453,19.9866,-3.31956,3.67912,0.695845,6479.62,0
3.09108,20.0498,-3.54414,3.69714,0.729293,6486.35,0
3.09758,20.0674,-3.79127,3.52894,0.696628,6478.41,0
3.10414,19.835,-3.72032,3.63847,0.242719,6389.86,0
3.11065,19.8992,-3.96243,3.89704,0.338238,6397.11,0
3.11716,19.8329,-4.20461,3.79416,0.200123,6362.5,0
3.12365,20.0763,-4.11005,3.68416,0.584114,6427.19,0
3.13014,20.0609,-4.25078,3.62915,0.50612,6408.94,0
3.13665,19.8918,-4.26432,3.37827,0.186316,6341.75,0
3.14314,19.9384,-4.06439,3.54299,0.253046,6343.45,0
3.14967,19.8853,-3.9747,3.53406,0.152386,6313.44,0
3.15619,19.8608,-3.80281,3.49225,0.10238,6292.66,0
3.16273,19.892,-3.65704,3.44931,0.150305,6289.52,0
3.16921,19.9644,-3.57799,3.64153,0.268536,6299.51,0
3.17569,20.0142,-3.5053,3.84198,0.331545,6302.32,0
3.1822,20.3,-3.34557,3.90519,0.789069,6379.23,0
3.1887,20.2293,-3.47021,3.76094,0.575709,6344.06,0
3.19522,20.0927,-3.28983,3.63041,0.288273,6288.37,0
3.20172,20.0175,-3.2119,3.82458,0.143996,6252.12,0
3.20821,20.2029,-3.13066,3.68455,0.443236,6297.26,0
3.2147,20.1645,-3.20463,3.74518,0.349743,6272.59,0
3.22127,20.1543,-3.24343,3.51174,0.305553,6256.63,0
3.22779,20.0642,-3.16146,3.62608,0.11829,6216.1,0
3.23431,20.1487,-3.19959,3.5115,0.255519,6229.67,0
3.24085,20.3811,-3.30218,3.48478,0.605126,6288.82,0
3.24739,20.1532,-3.20947,3.51013,0.168939,6205.96,0
3.25392,20.3217,-3.24608,3.75449,0.451992,6245.31,0
3.2604,20.66,-3.56654,3.49887,0.974522,6336.65,0
3.26692,20.7808,-3.45349,3.21975,1.0539,6360.99,0
3.27341,20.9251,-3.65869,3.10314,1.14357,6392.44,0
3.27997,20.8925,-3.86069,2.70734,0.968487,6369.73,0
3.28645,20.6907,-3.92362,2.84527,0.527596,6295.74,0
3.29299,20.7466,-4.02638,2.87269,0.58229,6300.22,0
3.29947,20.7845,-4.06062,2.47338,0.599131,6299.35,0
3.30596,20.8401,-3.65833,2.50093,0.64474,6303.79,0
3.31244,20.8913,-3.73162,2.46101,0.677074,6306.92,0
3.319,20.8325,-3.49381,2.25532,0.511859,6276.75,0
3.32551,20.9902,-3.66226,2.14801,0.710069,6311.88,0
3.33193,20.9679,-3.63366,1.79462,0.5969,6293.01,0
3.33847,21.2924,-3.72189,1.90156,1.03324,6377.91,0
3.34494,21.6982,-4.0666,1.94595,1.54808,6486.89,0
3.35145,21.708,-4.0437,1.87066,1.34067,6477.18,0
3.35796,21.7049,-3.87587,1.89449,1.14965,6463.7,0
3.36448,21.879,-3.66608,1.94875,1.275,6502.95,0
3.37096,21.7389,-3.63418,1.66493,0.866057,6448.87,0
3.37743,21.4323,-3.92015,1.64893,0.277523,6345.74,0
3.38388,21.5866,-4.09439,1.70871,0.523493,6379.26,0
3.39038,21.8834,-3.90546,1.47596,0.96579,6454.55,0
3.39688,22.0294,-3.79782,1.19158,1.09499,6485.18,0
3.40339,21.7954,-4.01686,1.03528,0.586272,6404.03,0
3.40993,21.8362,-4.21466,1.02547,0.592164,6403.71,0
3.41643,21.8485,-4.25417,0.66135,0.553494,6395.12,0
3.4229,21.8083,-4.12083,0.549843,0.455102,6371.29,0
3.42943,22.0521,-4.34867,0.680327,0.835074,6430.26,0
3.4359,21.7956,-4.50662,0.124336,0.324458,6343.48,0
3.44237,21.7695,-4.65085,0.328199,0.262442,6324,0
3.44889,21.9805,-4.51046,0.447106,0.574162,6373.21,0
3.45536,21.8398,-4.49263,0.501438,0.286264,6320.57,0
3.46187,21.8594,-4.2978,0.37788,0.293805,6314.33,0
3.46835,21.874,-4.35005,0.00127991,0.287956,6306.74,0
3.47487,22.0661,-3.92673,0.0388321,0.592829,6350.2,0
3.48137,22.2104,-3.8142,0.0862095,0.78164,6379.79,0
3.48788,22.3875,-3.96376,0.164133,1.00323,6418.67,0
3.49438,22.5811,-3.5379,0.0277398,1.19817,6462.12,0
3.50087,22.3807,-3.6955,-0.129561,0.734517,6392.89,0
3.50737,22.6098,-3.70673,-0.0903924,1.01651,6446.36,0
3.51385,22.8374,-3.55456,-0.15798,1.26435,6499.24,0
3.52034,22.629,-3.62844,-0.0218848,0.784537,6428.06,0
3.52685,22.6457,-3.52378,0.369953,0.73946,6420.93,0
3.53341,22.7187,-3.81635,0.162811,0.779346,6429.68,0
3.53995,22.3985,-3.91485,0.26889,0.178562,6327.36,0
3.54644,22.5285,-3.90549,0.138624,0.378718,6352.43,0
3.55297,22.6938,-3.83974,0.0838521,0.606206,6387.29,0
3.55945,22.7038,-3.69476,0.0199504,0.563996,6378.45,0
3.5659,22.7727,-3.61153,-0.0408066,0.631829,6386.22,0
3.57241,22.6297,-3.42023,-0.0151388,0.355327,6334.56,0
3.57897,22.5358,-3.44008,-0.291278,0.173122,6296.74,0
3.5855,22.6457,-3.57977,-0.288267,0.348995,6315.91,0
3.592,22.6656,-3.56439,-0.562144,0.363302,6310.01,0
3.59857,22.7649,-3.15656,-0.266654,0.49528,6326.09,0
3.60509,22.8797,-3.07798,-0.283852,0.648546,6346.49,0
3.61163,23.0519,-3.13596,-0.0707074,0.848941,6382.67,0
3.61817,23.0537,-2.88999,-0.146346,0.767888,6371.65,0
3.62465,23.0276,-2.84659,-0.485436,0.667305,6353.05,0
3.63114,23.1603,-2.87609,-0.349862,0.794049,6378.25,0
3.63767,23.4878,-2.75104,-0.470562,1.20705,6456.83,0
3.64418,23.5031,-2.82091,-0.712925,1.06427,6449.51,0
3.65067,23.1445,-2.7719,-0.929825,0.351317,6339.8,0
3.65719,23.0474,-2.67766,-0.861919,0.167031,6301.94,0
3.66366,23.3034,-2.62912,-1.05851,0.595873,6360.69,0
3.67017,23.5651,-2.66765,-0.988469,0.954343,6420.72,0
3.6767,23.5987,-3.13564,-0.842802,0.89518,6418.46,0
3.68324,23.4251,-3.00694,-0.888484,0.524161,6359.92,0
3.68975,23.4833,-3.19856,-0.645941,0.562631,6364.46,0
3.69623,23.5771,-3.31913,-0.72324,0.64871,6378.68,0
3.70269,23.6952,-3.42379,-1.21103,0.789729,6399.45,0
3.70925,24.382,-3.33384,-1.20866,1.78544,6573.29,0
3.71573,24.2897,-3.35153,-1.0652,1.3746,6536.98,0
3.72223,24.3355,-3.38168,-1.34006,1.27384,6537.9,0
3.72876,24.5712,-3.09279,-1.44736,1.46551,6589.64,0
3.7353,24.5154,-2.93378,-1.36301,1.17486,6563.18,0
3.74182,24.421,-2.64212,-1.64667,0.859433,6526.49,0
3.74834,24.5074,-2.63344,-1.4956,0.923467,6538.18,0
3.75482,24.3327,-2.83075,-1.3491,0.518546,6480.4,0
3.76131,24.2179,-2.70421,-1.18085,0.299069,6438.68,0
3.76784,24.5515,-2.62895,-1.04966,0.831317,6516.06,0
3.77435,24.6561,-2.63112,-1.11254,0.904773,6532.55,0
3.78088,24.5523,-2.64546,-1.09872,0.643765,6493.82,0
3.78739,24.8493,-2.70534,-1.33256,1.04603,6561.05,0
3.79388,24.8492,-2.52141,-1.45399,0.929404,6549.83,0
3.80034,24.7216,-2.89943,-1.19663,0.606897,6505.1,0
3.80684,24.9217,-2.98066,-1.24625,0.866718,6546.57,0
3.81337,24.762,-2.79767,-1.19597,0.50935,6493.47,0
3.81988,24.6748,-2.52873,-0.964366,0.321694,6459.58,0
3.82642,24.6968,-2.8073,-1.06731,0.330724,6454.28,0
3.83294,25.0149,-2.74997,-0.988866,0.82,6526.29,0
3.83949,25.1624,-3.10315,-1.06527,0.994625,6553.57,0
3.84599,25.43,-3.28968,-1.05599,1.31085,6612.08,0
3.85248,24.9771,-3.39027,-1.08611,0.429484,6483.38,0
3.859,24.7639,-3.51789,-1.13503,0.0401327,6417.19,0
3.86552,24.8696,-3.33115,-1.15711,0.220121,6433.71,0
3.87205,24.9643,-3.461,-1.07726,0.376469,6447.3,0
3.87859,24.962,-3.62481,-1.1136,0.341105,6435.84,0
3.88507,24.8765,-3.52056,-1.11961,0.177004,6403.11,0
3.89157,24.9637,-3.64545,-1.17866,0.308473,6414.82,0
3.89806,25.0765,-3.55763,-1.21081,0.478094,6433.07,0
3.90459,25.2627,-3.52945,-1.37058,0.74968,6470,0
3.91111,25.2008,-3.50798,-1.56881,0.584758,6443.39,0
3.9176,25.1609,-3.54007,-1.99259,0.473103,6422.54,0
3.92414,24.9496,-3.6628,-1.96758,0.092554,6357.96,0
3.93065,24.9458,-4.02905,-1.92222,0.078312,6346.48,0
3.93715,25.0677,-4.14717,-2.11624,0.281116,6366.97,0
3.94369,25.3273,-3.96329,-2.13129,0.675506,6422.23,0
3.95018,25.368,-4.09586,-2.0784,0.664806,6421.99,0
3.95669,25.2261,-4.05668,-1.75025,0.3728,6375.58,0
3.9632,25.4705,-3.76549,-1.79889,0.735358,6426.76,0
3.96973,25.5298,-3.9464,-1.57519,0.778224,6431.11,0
3.9762,25.525,-3.67105,-1.63589,0.683976,6419.45,0
3.98271,25.4985,-3.86718,-1.80895,0.578717,6402.28,0
3.98921,25.2565,-3.99538,-1.77429,0.136724,6331.21,0
3.99566,25.2065,-4.11799,-1.78931,0.0455368,6308.46,0
4.00217,25.3376,-4.18485,-1.88114,0.264316,6330.97,0
4.00868,25.5073,-4.189,-2.05272,0.51575,6363.02,0
4.01516,25.5641,-4.04569,-2.20034,0.575527,6366.89,0
4.02166,25.5718,-3.92503,-2.39656,0.545824,6358.51,0
4.02822,25.4815,-4.12538,-2.22707,0.329063,6325.77,0
4.03474,25.494,-4.23842,-1.91856,0.330521,6318.61,0
4.04125,25.449,-4.38861,-1.86309,0.233966,6297.3,0
4.04776,25.5176,-4.49947,-1.76044,0.344273,6304.14,0
4.05429,25.5999,-4.40605,-1.64027,0.451629,6314.28,0
4.06077,25.7537,-4.36949,-1.52288,0.660105,6342.07,0
4.06727,26.0095,-4.14484,-1.73268,0.999757,6394.83,0
4.07378,26.0685,-4.28873,-1.62315,0.934946,6399.1,0
4.08026,25.902,-4.12955,-1.83096,0.569243,6348.13,0
4.08677,25.8286,-3.96733,-1.52043,0.389826,6320.07,0
4.09327,25.9047,-3.82275,-1.18025,0.502407,6328.62,0
4.09981,25.8426,-4.0134,-1.57952,0.358886,6303.36,0
4.1063,25.9204,-4.08505,-1.46505,0.453229,6312.34,0
4.11283,26.0923,-4.02806,-1.44185,0.70483,6344.13,0
4.11932,26.3122,-3.81015,-1.65513,0.981557,6387.52,0
4.12585,26.6671,-3.91178,-1.64789,1.44998,6463.43,0
4.13236,26.7253,-3.92627,-1.80099,1.3532,6467.31,0
4.13887,26.549,-3.95273,-1.88208,0.901159,6414.56,0
4.14537,26.4939,-3.93297,-1.89757,0.708346,6391.19,0
4.15187,26.7043,-3.79165,-1.7219,0.967801,6431.87,0
4.1584,27.097,-3.58468,-1.46581,1.46302,6516.21,0
4.16493,27.0026,-3.72244,-1.55226,1.09716,6483.33,0
4.1714,26.7019,-3.76295,-1.44612,0.480974,6401.19,0
4.17798,26.6457,-4.05917,-1.58033,0.350783,6377.63,0
4.18449,26.6908,-4.10381,-1.59014,0.411648,6378.51,0
4.19101,26.806,-4.11703,-1.44216,0.555491,6396.06,0
4.19753,26.8055,-3.82087,-1.30029,0.510718,6386.01,0
4.20403,26.6713,-3.87966,-1.38721,0.245094,6344.23,0
4.21054,26.6666,-3.7749,-1.16965,0.217887,6333.29,0
4.21703,27.0731,-4.01157,-1.00933,0.862878,6419.93,0
4.22355,27.0352,-4.39109,-1.0383,0.699449,6401.06,0
4.23009,27.2341,-4.66706,-1.06817,0.956721,6438.19,0
4.23661,27.5644,-4.43859,-0.765561,1.35482,6506.24,0
4.24314,27.5773,-4.43986,-0.510381,1.18226,6499.26,0
4.2497,27.5462,-4.52588,-0.433061,0.995458,6481.92,0
4.25619,27.8066,-4.5429,-0.481578,1.30545,6533.2,0
4.2627,28.0558,-4.70908,-0.848485,1.51852,6581.69,0
4.26924,27.9121,-4.76831,-0.882022,1.07586,6537.96,0
4.27574,27.7496,-4.84584,-0.632711,0.684763,6490,0
4.28225,27.8001,-4.88209,-0.658599,0.679832,6491.92,0
4.28874,27.7308,-4.79622,-0.734257,0.485595,6465.94,0
4.29527,27.5901,-4.80748,-0.788835,0.208532,6423.37,0
4.30173,27.6901,-4.61587,-1.12397,0.334132,6436.97,0
4.30823,28.0463,-4.44451,-0.926577,0.891306,6509.93,0
4.31473,28.2146,-4.59736,-0.917199,1.05202,6539.13,0
4.32123,28.257,-4.46228,-1.20311,0.99761,6539.1,0
4.32774,28.4637,-4.36834,-1.16757,1.20451,6577.03,0
4.33427,28.7596,-4.34986,-1.09233,1.51685,6635.4,0
4.34076,28.6338,-4.25222,-1.03181,1.1262,6596.49,0
4.34728,28.452,-4.26301,-1.08957,0.665554,6544.79,0
4.35382,28.4586,-3.99668,-1.16191,0.620551,6536.47,0
4.3603,28.4419,-4.0606,-1.29109,0.542124,6522.92,0
4.36681,28.6597,-3.8951,-1.35813,0.826901,6563.07,0
4.37329,28.7766,-4.04589,-1.43526,0.958073,6580.09,0
4.37978,28.5117,-4.2023,-1.1459,0.438787,6509.83,0
4.38625,28.5718,-4.13944,-1.15621,0.494142,6513.94,0
4.39278,28.7215,-4.18161,-0.975466,0.71737,6538.34,0
4.39929,28.9189,-4.19937,-0.885908,0.948765,6573.54,0
4.40579,29.225,-4.30592,-0.620035,1.33234,6633.32,0
4.4123,29.1423,-4.64124,-0.582843,1.00023,6604.79,0
4.41879,29.4558,-4.62826,-0.523193,1.42081,6666.05,0
4.42531,29.2221,-4.79945,-0.398868,0.839882,6603.41,0
4.43184,29.5139,-4.87195,-0.3284,1.19576,6659.51,0
4.43833,29.2495,-4.9145,-0.224431,0.625466,6590.2,0
4.44483,29.1052,-4.90768,-0.31667,0.326858,6548.11,0
4.45133,29.0934,-5.00502,-0.242538,0.278616,6535.88,0
4.45783,29.1289,-4.92087,-0.454395,0.320811,6534.31,0
4.46439,29.1751,-4.86764,-0.0985045,0.374937,6535.07,0
4.4709,29.1402,-5.02471,-0.248198,0.295416,6517.74,0
4.47736,29.0791,-4.93866,-0.177533,0.173158,6494.71,0
4.48391,29.0973,-4.89398,-0.262655,0.192565,6489.28,0
4.49038,29.1869,-5.01575,-0.0559324,0.322858,6499.87,0
4.49689,29.1798,-4.82667,-0.175871,0.277679,6488.89,0
4.50334,29.1463,-4.72185,-0.249027,0.196381,6472.16,0
4.50985,29.3739,-4.6324,-0.357991,0.573255,6513.28,0
4.51637,29.1118,-4.56202,-0.303046,0.0938257,6445.85,0
4.52288,29.3585,-4.34997,-0.467119,0.503784,6491.11,0
4.52936,29.1983,-4.39871,-0.37838,0.201171,6446.44,0
4.53585,29.5258,-4.38424,-0.242279,0.715582,6509.44,0
4.54242,29.3898,-4.40708,-0.310845,0.431228,6470.08,0
4.54894,29.6335,-4.21796,-0.628039,0.781499,6514.36,0
4.55546,29.382,-4.30082,-0.926316,0.284278,6449.83,0
4.56192,29.4865,-4.59558,-0.847468,0.429202,6463.62,0
4.56843,29.3456,-4.81908,-0.856642,0.161657,6423.55,0
4.57498,29.2865,-4.50015,-0.986498,0.0502487,6401.44,0
4.58154,29.3028,-4.84023,-1.26933,0.0707675,6395.84,0
4.58804,29.3401,-4.89436,-1.33665,0.129258,6394.92,0
4.59453,29.363,-4.78905,-1.3371,0.162991,6390.85,0
4.60103,29.5369,-4.94985,-1.36102,0.440435,6419.62,0
4.60752,29.6,-5.09163,-1.74458,0.510353,6424.27,0
4.61402,29.3512,-4.9918,-1.71958,0.0493067,6361.3,0
4.62055,29.4605,-4.97174,-1.68756,0.226762,6375.97,0
4.62705,29.4597,-4.71814,-1.78613,0.212039,6366.85,0
4.63352,29.7843,-4.68858,-1.73741,0.754573,6428.02,0
4.64001,30.0351,-4.68677,-1.80251,1.08189,6473.08,0
4.64653,30.1165,-4.70416,-1.81947,1.09165,6481.5,0
4.65301,30.2625,-4.59842,-1.55295,1.18798,6503.86,0
4.65953,30.4524,-4.70251,-1.23045,1.33602,6535.5,0
4.66605,30.225,-4.79509,-1.02032,0.758311,6477.64,0
4.67259,30.2751,-4.85891,-1.09972,0.752937,6479.3,0
4.67911,30.415,-4.92864,-1.12401,0.889725,6500.16,0
4.68559,30.5766,-5.11454,-1.35307,1.04042,6525.66,0
4.6921,30.8201,-5.33366,-1.67753,1.31209,6568.51,0
4.69857,30.6765,-5.02986,-1.85731,0.925704,6528.9,0
4.7051,30.6845,-5.19339,-2.12455,0.837832,6521.53,0
4.71161,30.4956,-5.09402,-2.23313,0.443144,6472.42,0
4.71811,30.6546,-5.21872,-2.49375,0.671961,6497.22,0
4.72463,30.9414,-5.01405,-2.23645,1.08011,6548.95,0
4.73115,30.8987,-4.89658,-2.34859,0.891967,6530.89,0
4.73765,30.7799,-4.83516,-2.38841,0.609903,6496.86,0
4.74416,30.9314,-4.59538,-2.59413,0.805234,6519.89,0
4.75063,31.185,-4.72886,-2.47385,1.12279,6564.39,0
4.75716,30.7013,-4.69052,-2.29018,0.187704,6453.7,0
4.76367,30.8263,-4.80339,-2.34957,0.386316,6471.12,0
4.77017,31.35,-4.75385,-2.11504,1.20698,6572.09,0
4.77662,31.6958,-5.19662,-2.05867,1.60697,6635.61,0
4.78311,31.7547,-5.33136,-2.05641,1.46294,6638.92,0
4.78964,31.6751,-5.3919,-2.01797,1.13382,6613.26,0
4.79613,31.8808,-5.27317,-1.94814,1.33927,6647.19,0
4.80262,31.6804,-4.85518,-2.21109,0.804664,6596.48,0
4.80912,31.7211,-5.19814,-2.06826,0.774781,6596.04,0
4.81563,31.5527,-5.18855,-1.58212,0.414144,6552.15,0
4.82216,31.5867,-4.85409,-1.46045,0.435309,6550.33,0
4.82871,31.5585,-4.83876,-1.60282,0.350907,6535.59,0
4.83522,31.4045,-4.72498,-1.65186,0.0684893,6494.94,0
4.8417,31.4528,-4.95445,-1.66381,0.14971,6496.24,0
4.84821,31.6175,-4.73434,-1.86137,0.408024,6521.47,0
4.85474,31.5975,-4.79907,-1.95856,0.352716,6508.59,0
4.86126,31.5502,-4.97499,-2.07417,0.25725,6490.13,0
4.86782,31.7384,-5.02028,-2.06425,0.535213,6520.05,0
4.87431,31.793,-5.19861,-2.20485,0.58978,6522.56,0
4.88079,31.7734,-5.09995,-1.90634,0.480804,6509.89,0
4.88729,31.7442,-5.03466,-1.94507,0.38607,6495.27,0
4.89378,31.6091,-5.20756,-2.03955,0.130392,6459.04,0
4.90027,31.6903,-5.23401,-1.58301,0.264268,6467.05,0
4.90675,32.1196,-5.34258,-1.16661,0.961393,6546.01,0
4.91325,32.1328,-5.64337,-1.18483,0.843217,6540.02,0
4.91979,32.0755,-5.27023,-1.47957,0.66421,6519.68,0
4.9263,32.1325,-5.34829,-1.24869,0.677326,6522.64,0
4.93287,32.2703,-5.35841,-1.24949,0.83099,6541.9,0
4.93941,32.2061,-5.25996,-1.28016,0.64529,6520.24,0
4.94596,32.1268,-5.28738,-1.22159,0.459342,6495.56,0
4.95249,32.1421,-5.43949,-1.30624,0.453016,6490.09,0
4.95896,32.1444,-5.41018,-1.58725,0.411689,6482.08,0
4.96551,32.4029,-5.29785,-1.23385,0.787953,6525.6,0
4.97203,32.3872,-5.31712,-1.18059,0.708549,6513.88,0
4.97851,32.5424,-5.54439,-1.52477,0.895273,6536.57,0
4.98501,32.4579,-5.49591,-1.35999,0.650572,6511.1,0
4.99155,32.1973,-5.34706,-1.40002,0.173394,6450.37,0
4.99805,32.3678,-5.31361,-1.54178,0.451445,6476.08,0
5.00455,32.2931,-5.45891,-1.65104,0.287308,6452.75,0
5.01108,32.3455,-5.56201,-1.81987,0.337824,6454.79,0
5.01763,32.3753,-5.45184,-1.96079,0.361928,6452.32,0
5.02413,32.3494,-5.57952,-1.82641,0.293344,6438.79,0
5.03063,32.4043,-5.51694,-2.04532,0.357571,6441.4,0
5.03718,32.613,-5.47502,-1.73315,0.658377,6474.46,0
5.04374,32.931,-5.50481,-1.57003,1.13091,6529.09,0
5.05026,32.6909,-5.3674,-1.33546,0.615299,6473.11,0
5.05677,32.6587,-5.39263,-1.13632,0.493166,6458.42,0
5.06328,32.8767,-5.08842,-1.11667,0.800222,6493.16,0
5.0698,32.9122,-4.98987,-0.869106,0.778858,6491.82,0
5.07633,32.9345,-4.8474,-1.10833,0.745369,6487.87,0
5.08281,33.3546,-4.82349,-1.33328,1.3634,6562.22,0
5.08936,33.4154,-5.00667,-1.18347,1.26018,6565.73,0
5.09588,33.7539,-4.87263,-1.14434,1.6428,6623.76,0
5.10237,33.9456,-4.94549,-1.17515,1.67847,6652.9,0
5.1089,33.9905,-4.91301,-1.15687,1.48444,6653.19,0
5.11545,33.802,-4.88807,-0.921323,0.968075,6607.82,0
5.12192,33.5958,-5.05081,-0.987626,0.523896,6559.22,0
5.12844,33.8549,-4.95498,-1.057,0.867915,6601.41,0
5.13493,34.1897,-4.82331,-1.17579,1.27331,6658.27,0
5.14145,33.8959,-4.79226,-1.04116,0.623839,6592.67,0
5.14791,33.805,-4.66488,-1.0028,0.411892,6566.75,0
5.15444,33.6474,-4.88904,-0.780935,0.120074,6527.85,0
5.16094,33.8177,-5.07652,-0.759073,0.391851,6552.63,0
5.16742,33.8932,-5.32145,-0.852449,0.474873,6559.03,0
5.17388,33.8365,-5.21948,-0.880627,0.351468,6539.88,0
5.18041,33.8683,-5.22385,-0.759269,0.372598,6537.76,0
5.18691,34.1036,-5.32719,-0.947594,0.740321,6574.93,0
5.19341,33.9972,-5.44208,-0.999177,0.487885,6546.22,0
5.19993,34.0489,-5.59134,-0.914916,0.516517,6547.94,0
5.20644,34.1546,-5.92015,-0.788275,0.644773,6560.07,0
5.21291,34.5276,-5.62498,-0.712174,1.17231,6623.48,0
5.21942,34.4449,-5.5617,-0.750331,0.930224,6599.38,0
5.22595,34.4244,-5.14811,-0.75258,0.800339,6587.19,0
5.23246,34.2649,-5.31807,-0.572758,0.455935,6548.52,0
5.23891,34.1817,-5.31054,-0.516086,0.271481,6524.59,0
5.2454,34.3505,-5.25474,-0.63251,0.533135,6548.68,0
5.25189,34.5061,-5.40914,-0.742363,0.756424,6570.23,0
5.2584,34.4692,-5.21427,-0.696741,0.601778,6555.08,0
5.26492,34.4495,-5.09036,-0.687424,0.507559,6543.21,0
5.2714,34.1689,-5.13044,-0.873083,0.00193806,6481.93,0
5.27793,34.2201,-5.15189,-0.940271,0.0847151,6483.62,0
5.28446,34.3225,-5.31897,-0.711346,0.249082,6494.98,0
5.29094,34.4317,-5.05201,-0.374141,0.41452,6507.68,0
5.29744,34.5693,-4.76995,-0.554303,0.615059,6525.67,0
5.30394,34.5484,-4.81077,-0.717259,0.529707,6513.73,0
5.31047,34.7743,-5.01366,-0.811146,0.843113,6548.27,0
5.31695,34.6054,-5.03737,-0.62417,0.479555,6508.52,0
5.32346,34.6845,-5.04669,-0.762538,0.557707,6515.4,0
5.32997,34.7767,-5.46349,-0.972715,0.621239,6524.73,0
5.33648,34.712,-5.54511,-0.81979,0.447781,6504.67,0
5.34302,34.6076,-5.74131,-0.771572,0.248442,6477.16,0
5.34954,34.8525,-5.65126,-0.572079,0.625338,6515.03,0
5.35605,35.0722,-5.73966,-0.462871,0.910587,6548.15,0
5.36254,35.0402,-5.94812,-0.233289,0.741127,6534.25,0
5.369,35.0032,-5.8898,-0.0971075,0.620884,6519.49,0
5.3755,34.9314,-5.81068,-0.138911,0.439076,6498.26,0
5.382,35.1115,-5.70273,-0.0356329,0.681097,6523.88,0
5.38848,35.1631,-5.71941,0.141993,0.714529,6525.61,0
5.395,35.0319,-5.53389,-0.0353153,0.418785,6493.4,0
5.40154,34.944,-5.67739,0.0288789,0.23089,6469.27,0
5.40807,35.1606,-5.51941,-0.180778,0.528929,6501.51,0
5.41455,35.0642,-5.20676,0.0211551,0.297195,6475.93,0
5.42109,34.9979,-5.38445,-0.111402,0.161686,6455.88,0
5.42763,35.1327,-5.49473,0.181113,0.371676,6472.94,0
5.43409,35.398,-5.43464,0.373453,0.750431,6514.05,0
5.44062,35.414,-5.17211,0.439162,0.703829,6509.2,0
5.44711,35.7198,-5.18212,0.332107,1.12458,6557.58,0
5.45367,36.0226,-5.4952,0.359335,1.46522,6605.19,0
5.46018,35.9932,-5.33683,0.160009,1.22498,6591.93,0
5.46667,36.1008,-5.39061,0.187861,1.23485,6603.8,0
5.47318,36.3404,-5.52533,0.322787,1.45264,6639.73,0
5.47966,36.3672,-5.49792,0.466706,1.27633,6636.77,0
5.48616,36.6175,-5.26153,0.430493,1.5244,6674.53,0
5.49263,36.3523,-5.22322,0.308119,0.904757,6618.39,0
5.49913,36.1595,-5.13543,0.241581,0.505486,6575.5,0
5.5056,36.3851,-5.2586,0.409086,0.827549,6608.75,0
5.51209,36.379,-5.02746,0.222961,0.727162,6599.85,0
5.51859,36.4508,-5.15059,0.0130486,0.764409,6605.09,0
5.52512,36.1524,-5.21133,0.0236042,0.211283,6543.28,0
5.53161,36.2515,-5.31492,-0.0161119,0.371408,6553.52,0
5.53811,36.3838,-5.4604,0.148067,0.541577,6569.7,0
5.54464,36.5429,-5.45499,0.103262,0.757179,6590.68,0
5.55119,36.4771,-5.61161,0.208502,0.560378,6571.03,0
5.55771,36.3163,-5.12821,0.0298174,0.248888,6534.4,0
5.56422,36.3206,-5.19083,0.0798577,0.24545,6527.53,0
5.5707,36.5724,-5.18471,0.0540408,0.649178,6565.15,0
5.5772,36.7797,-4.96528,0.00443266,0.927619,6594.66,0
5.58371,36.6085,-4.96794,-0.329118,0.533515,6556.31,0
5.59022,36.5816,-5.07388,-0.278761,0.435235,6543.87,0
5.59674,36.3974,-5.31029,-0.16319,0.0857474,6503.33,0
5.60324,36.4956,-4.99246,-0.244449,0.248662,6513.3,0
5.60976,36.3839,-5.13506,-0.386315,0.041541,6485.82,0
5.61626,36.7192,-5.05219,-0.691888,0.599373,6538.01,0
5.62272,36.8523,-5.07375,-0.614741,0.725775,6554.18,0
5.62931,37.2693,-5.20935,-0.411243,1.3214,6620.59,0
5.63586,37.3739,-5.42593,-0.648422,1.28474,6631.44,0
5.64238,37.3006,-5.27248,-0.549868,0.998651,6610.79,0
5.64888,37.0506,-5.06543,-0.541815,0.463582,6558.93,0
5.65537,36.9615,-4.78701,-0.426811,0.283421,6535.65,0
5.66187,36.8734,-4.8696,-0.257511,0.115608,6512.58,0
5.66838,36.9222,-4.73531,-0.441857,0.195762,6513.71,0
5.67489,37.2288,-4.67414,-0.619347,0.689301,6560.26,0
5.68137,37.0441,-4.65827,-0.559142,0.331055,6520.27,0
5.6879,37.1889,-4.8912,-0.307015,0.519875,6538.25,0
5.69447,37.3195,-5.13144,-0.580905,0.693416,6553.63,0
5.70095,37.1127,-5.02376,-0.820483,0.27297,6509.91,0
5.70744,37.035,-5.10889,-0.760748,0.120666,6488.9,0
5.714,37.3318,-4.92373,-0.584353,0.613244,6533.39,0
5.7205,37.3581,-5.0146,-0.581009,0.579945,6530.57,0
5.72698,37.2857,-4.95672,-0.673672,0.423943,6510.53,0
5.73347,37.3811,-4.83192,-0.821305,0.555163,6519.8,0
5.74002,37.3248,-4.4336,-0.790086,0.38469,6502.55,0
5.74654,37.3895,-4.52275,-1.22551,0.466157,6506.43,0
5.75301,37.1736,-4.47103,-1.19045,0.0825218,6461.58,0
5.75948,37.314,-4.27266,-1.2851,0.317531,6478.71,0
5.766,37.3471,-4.22514,-1.25722,0.346606,6477.12,0
5.77247,37.5102,-4.38839,-1.2956,0.594456,6498.11,0
5.77905,37.4783,-4.64021,-1.317,0.482007,6485.2,0
5.78555,37.3373,-4.50144,-1.22158,0.21094,6453.54,0
5.79204,37.5714,-4.61572,-1.30251,0.58426,6486.73,0
5.79853,37.3382,-4.6664,-1.45459,0.155401,6439.26,0
5.80503,37.3872,-4.66898,-1.44473,0.226984,6440.49,0
5.81155,37.3056,-4.7714,-1.37712,0.0799513,6419.22,0
5.81807,37.3454,-4.54123,-1.31241,0.144094,6418.88,0
5.82454,37.3222,-4.51007,-1.5415,0.0924768,6407.75,0
5.83105,37.3793,-4.46349,-1.51248,0.183753,6410.39,0
5.83753,37.4546,-4.28801,-1.29744,0.298443,6416.17,0
5.84407,37.5617,-4.2911,-1.28735,0.457442,6427.31,0
5.85061,37.7065,-4.32629,-1.40386,0.654127,6444.89,0
5.85712,37.5149,-4.24948,-1.2855,0.267393,6405.01,0
5.86364,37.589,-4.21538,-1.26989,0.378449,6410.52,0
5.87018,37.9104,-4.18861,-1.23031,0.873739,6458.12,0
5.87666,37.7974,-3.83128,-1.10423,0.597716,6431.78,0
5.88313,37.6248,-3.82652,-0.95148,0.250144,6395.38,0
5.88965,37.9361,-3.83105,-0.958847,0.756672,6441.15,0
5.89619,38.4182,-3.92931,-0.955324,1.46099,6515.78,0
5.9027,38.6312,-4.0077,-0.931673,1.59917,6544.68,0
5.90919,38.6645,-3.82226,-1.21559,1.41308,6543.11,0
5.91568,38.6609,-3.90969,-1.51412,1.21188,6535.31,0
5.92222,38.3535,-3.93061,-1.36177,0.54376,6476.2,0
5.92874,38.3216,-4.42494,-1.37266,0.435884,6463.71,0
5.93526,38.3788,-4.3432,-1.17164,0.488711,6466.23,0
5.94174,38.2428,-4.31353,-1.3394,0.230442,6436.29,0
5.94825,38.1804,-4.40427,-1.29782,0.112062,6418.76,0
5.95477,38.149,-4.48571,-1.42018,0.0535004,6406.45,0
5.96128,38.2872,-4.46202,-1.60471,0.282102,6422.65,0
5.9678,38.1963,-4.66509,-1.6087,0.111129,6400.4,0
5.97431,38.2215,-4.57752,-1.69102,0.145618,6397.65,0
5.98082,38.3564,-4.64901,-1.68757,0.368481,6413.24,0
5.98733,38.2559,-4.61771,-1.62594,0.181022,6389.48,0
5.99378,38.4019,-4.57881,-1.39598,0.402408,6406.97,0
6.00028,38.4383,-4.66953,-1.47398,0.424861,6406.08,0
6.00679,38.4236,-4.65308,-1.66356,0.376683,6396.69,0
6.0133,38.8788,-4.30415,-1.46517,1.08178,6465.48,0
6.01975,38.8254,-4.30972,-1.7765,0.852228,6449.67,0
6.02624,38.8062,-4.38582,-1.3051,0.744037,6439.53,0
6.03278,38.8168,-4.49657,-1.08794,0.678329,6434.3,0
6.03927,38.8644,-3.96796,-1.38725,0.701815,6435.28,0
6.04578,38.832,-3.82212,-1.50862,0.598372,6422.99,0
6.05232,38.7973,-3.37903,-1.7178,0.491061,6410.33,0
6.05883,38.8697,-3.23489,-1.67473,0.561346,6415.37,0
6.06534,38.79,-3.01987,-1.62803,0.371477,6395.36,0
6.07181,38.7854,-2.90477,-1.72367,0.341053,6387.78,0
6.07832,38.6773,-3.05996,-1.96205,0.130001,6363.16,0
6.08486,38.7139,-3.45178,-1.97425,0.18233,6362.33,0
6.09133,38.8172,-3.55129,-2.11041,0.348508,6372.54,0
6.09786,38.7869,-3.54622,-1.99847,0.266145,6360.74,0
6.10437,38.9193,-3.84308,-2.0056,0.470027,6375.66,0
6.11087,39.1411,-3.88352,-1.97508,0.786307,6405.17,0
6.11738,39.1547,-3.85484,-1.94279,0.739807,6400.57,0
6.12392,39.7099,-4.1827,-1.85929,1.54178,6484.39,0
6.13046,39.6834,-4.38539,-1.73106,1.27005,6473.15,0
6.13694,39.4595,-4.17007,-1.41413,0.744981,6429.83,0
6.14343,39.8833,-3.84464,-1.29838,1.35315,6492.03,0
6.14993,39.9399,-3.88431,-1.43437,1.24929,6494.37,0
6.15646,40.1371,-3.90188,-1.64197,1.38538,6519.5,0
6.16301,40.2986,-3.91835,-2.01857,1.45003,6538.79,0
6.16945,40.4308,-4.27067,-2.08001,1.4446,6553.38,0
6.17597,40.6641,-4.24684,-1.69249,1.61681,6584.24,0
6.18246,40.6581,-4.27541,-1.8339,1.3486,6576.37,0
6.18897,40.6109,-4.23062,-2.20943,1.12085,6561.82,0
6.1955,40.9194,-4.38881,-2.22631,1.47173,6604.7,0
6.20197,40.5501,-4.4258,-2.45656,0.649821,6538.26,0
6.20843,40.768,-4.45326,-2.39019,0.947161,6566.55,0
6.2149,41.0609,-4.54495,-2.12353,1.28687,6606.85,0
6.2214,40.7921,-4.70612,-1.62994,0.659971,6556.75,0
6.22793,40.7421,-4.31727,-1.51146,0.499567,6541.83,0
6.23445,40.5655,-4.06416,-1.79655,0.153698,6506.66,0
6.24091,40.5578,-4.12086,-1.61937,0.136246,6498.69,0
6.24742,40.5831,-3.97333,-1.52616,0.175589,6495.98,0
6.25389,40.7528,-4.0578,-1.34936,0.448734,6516.4,0
6.26038,40.7608,-4.38306,-1.81022,0.409236,6510.92,0
6.26685,40.7598,-4.55815,-1.80979,0.373774,6504.04,0
6.27337,40.6684,-4.54447,-1.86302,0.186758,6482.7,0
6.27987,40.8596,-4.32965,-1.86128,0.491985,6506.44,0
6.28635,40.9143,-4.27914,-1.84667,0.532805,6508.43,0
6.29284,40.7413,-4.08243,-2.03607,0.206896,6474.23,0
6.29929,40.6559,-4.09985,-2.17227,0.0534791,6454.03,0
6.30583,40.727,-4.27737,-1.92172,0.172532,6458.63,0
6.31237,41.0459,-4.23602,-1.95753,0.67678,6502.45,0
6.31889,41.1618,-4.13005,-1.94877,0.824183,6514.08,0
6.32539,41.3502,-3.96825,-1.84544,1.05885,6537.18,0
6.33188,41.5911,-4.15476,-1.66683,1.34077,6568.53,0
6.3384,41.5378,-4.04015,-1.6855,1.08372,6553.36,0
6.34486,41.4142,-4.22735,-1.70141,0.740767,6527.2,0
6.35137,41.2388,-4.57897,-1.74127,0.393121,6492.89,0
6.35788,41.2142,-4.80623,-1.55182,0.305528,6482.38,0
6.36441,41.504,-4.79153,-1.47561,0.758307,6521.27,0
6.37089,41.5052,-5.11434,-1.26795,0.694853,6514.82,0
6.3774,41.8604,-5.35722,-1.23026,1.18548,6563.87,0
6.38389,41.74,-5.40991,-1.34329,0.866397,6538.34,0
6.39042,41.8145,-5.12377,-1.29098,0.873491,6543.31,0
6.39692,41.8443,-5.30185,-1.3447,0.860856,6541.32,0
6.40343,42.0166,-5.1914,-1.5658,1.01735,6561.57,0
6.40996,42.0394,-5.30213,-1.72585,0.948674,6558.45,0
6.41646,41.7792,-5.34225,-2.13166,0.405033,6511.25,0
6.423,41.875,-5.15859,-2.20089,0.533248,6519.53,0
6.42949,41.8966,-5.19147,-1.93522,0.528715,6516.32,0
6.43598,41.9447,-5.08394,-1.68952,0.572935,6517.21,0
6.44248,42.0619,-4.88615,-1.66013,0.714029,6528.83,0
6.44894,42.0351,-4.79152,-1.79105,0.611194,6518.14,0
6.45543,42.0988,-4.64714,-1.95682,0.657834,6521.46,0
6.46191,42.005,-4.994,-2.00657,0.44177,6500.4,0
6.46841,41.9032,-4.79366,-1.74596,0.224759,6478.13,0
6.4749,42.3134,-5.14538,-1.73176,0.888338,6534.99,0
6.48141,42.3371,-5.3172,-1.94949,0.828669,6532.08,0
6.48794,42.4847,-5.20957,-1.97751,0.953932,6548.26,0
6.49444,42.7018,-5.09515,-2.08689,1.20152,6575.14,0
6.50094,42.5613,-5.21035,-1.71417,0.85083,6546.95,0
6.50747,42.5148,-5.18531,-1.67864,0.699308,6533.23,0
6.51401,42.6306,-5.35196,-1.16478,0.805998,6544.44,0
6.52055,43.0539,-5.15001,-1.10852,1.38551,6602.79,0
6.52704,42.9156,-5.28612,-1.03991,0.964307,6575.05,0
6.53355,42.7489,-5.27442,-0.888403,0.587413,6542.98,0
6.54007,43.1051,-4.86723,-0.77261,1.10283,6590.92,0
6.54658,43.0867,-5.07193,-0.830267,0.950759,6581.56,0
6.55311,43.575,-4.78767,-0.97427,1.63655,6649.52,0
6.55962,43.6599,-4.62484,-1.31177,1.52248,6655.85,0
6.56615,43.7679,-4.69932,-1.23237,1.47786,6665.7,0
6.57265,43.802,-4.29062,-0.993001,1.30378,6664.28,0
6.57916,43.9297,-4.49102,-1.3488,1.35603,6677.09,0
6.58566,44.1728,-4.42967,-1.59982,1.56271,6707.42,0
6.59218,44.1175,-4.74225,-1.81744,1.23668,6692.4,0
6.59869,43.9575,-4.93595,-1.56601,0.835468,6661.54,0
6.60525,44.1037,-4.78023,-1.24583,0.975219,6677.07,0
6.61177,43.8858,-4.4931,-1.33767,0.502945,6637.52,0
6.6183,43.9084,-4.47677,-1.31292,0.50167,6634.39,0
6.62481,43.9489,-4.50647,-1.524,0.514145,6633.98,0
6.63127,44.0981,-4.85321,-1.60942,0.698245,6650.03,0
6.63773,44.6204,-5.09564,-1.37508,1.45849,6722.24,0
6.64425,44.7361,-4.69674,-1.302,1.41845,6733.06,0
6.6508,44.8702,-4.14713,-1.58145,1.42279,6746.59,0
6.65734,44.7717,-4.38568,-1.69969,1.05006,6725.17,0
6.66381,44.8237,-4.24967,-1.83612,1.00607,6726.44,0
6.6703,44.7568,-4.20949,-1.92919,0.740361,6709.86,0
6.67682,44.6237,-4.08646,-1.73653,0.447785,6683.38,0
6.68335,44.7932,-4.06012,-1.77136,0.678721,6702.21,0
6.68983,44.6306,-4.03444,-1.8904,0.339719,6671.41,0
6.69633,44.718,-4.10694,-1.79199,0.449202,6677.99,0
6.70283,44.5475,-4.10359,-1.53298,0.123425,6646.08,0
6.70935,44.8252,-4.15879,-1.53982,0.58029,6681,0
6.71582,44.6542,-4.11802,-1.67883,0.228241,6649.1,0
6.7223,44.6358,-4.11972,-1.77682,0.193179,6639.95,0
6.72879,44.7095,-4.18493,-1.6699,0.304531,6644.5,0
6.73525,44.7833,-4.25244,-1.87725,0.39439,6649.09,0
6.74176,44.8166,-4.18097,-2.06307,0.401584,6647.61,0
6.74829,44.8092,-4.17805,-1.9868,0.358704,6640.09,0
6.75482,44.815,-4.39993,-1.84387,0.352229,6634.52,0
6.76128,44.9424,-4.06094,-1.70412,0.545972,6647.01,0
6.76782,44.8479,-4.1847,-1.547,0.341007,6626.64,0
6.77433,44.7653,-4.19158,-1.52148,0.179445,6608.08,0
6.78082,44.874,-4.0683,-1.59526,0.359536,6617.79,0
6.78731,44.713,-4.29653,-1.73068,0.0668157,6587.74,0
6.79383,44.8655,-4.17777,-1.62595,0.315854,6603.85,0
6.80031,44.9789,-3.98562,-1.57925,0.4844,6614.24,0
6.80683,45.1049,-4.32591,-1.75224,0.65979,6626.43,0
6.81335,45.2874,-4.20067,-1.85102,0.880003,6646.86,0
6.81987,45.0674,-4.30449,-1.62197,0.439424,6608.25,0
6.82639,45.1136,-4.39265,-1.72887,0.487585,6608.7,0
6.83288,45.1309,-4.32063,-1.52794,0.46905,6604.97,0
6.83937,44.931,-4.33273,-1.68877,0.0958309,6569.47,0
6.84588,44.9708,-4.25021,-1.49971,0.150305,6569.02,0
6.85239,45.0655,-4.36027,-1.42501,0.306607,6576.61,0
6.85889,45.0706,-4.38038,-1.50466,0.296629,6571.12,0
6.86542,45.0167,-4.42202,-1.52426,0.177897,6557.02,0
6.87192,45.3888,-4.40619,-1.55839,0.783398,6604.96,0
6.87839,45.6185,-4.49312,-1.89685,1.02858,6632.14,0
6.88491,45.6236,-4.2487,-1.60804,0.936803,6626.61,0
6.89142,45.6991,-4.16201,-1.3757,0.961995,6631.3,0
6.8979,45.503,-4.26654,-1.60411,0.535724,6596.65,0
6.90437,45.7522,-3.71973,-1.29101,0.893868,6626.56,0
6.91086,45.6659,-3.95881,-1.1282,0.666902,6607.84,0
6.91734,45.621,-3.75298,-1.25388,0.552508,6595.16,0
6.92388,45.9047,-3.78638,-1.31216,0.964313,6629.92,0
6.93037,45.7704,-3.56247,-1.68815,0.631493,6604.32,0
6.93685,45.5662,-3.72633,-1.5308,0.231182,6568.71,0
6.94335,45.4651,-3.82709,-1.65432,0.0507312,6548.02,0
6.94982,45.5821,-3.89577,-1.75949,0.249556,6558.75,0
6.95635,45.6944,-3.79556,-2.00894,0.427306,6568.73,0
6.96287,45.8225,-3.68116,-1.627,0.596012,6580.98,0
6.96934,46.029,-3.46913,-1.68123,0.88698,6604.5,0
6.97584,46.1386,-3.27852,-1.60423,0.953315,6614.06,0
6.98232,46.3097,-3.41513,-1.66944,1.12056,6632.43,0
6.98885,46.1669,-3.08282,-1.60453,0.773584,6605.78,0
6.99537,46.2108,-3.22699,-1.47332,0.749453,6605.92,0
7.00184,45.9573,-3.05644,-1.61529,0.284853,6563.6,0
7.00832,46.1119,-3.14854,-1.48883,0.52121,6579.6,0
7.01478,46.4394,-2.90801,-1.39613,1.00728,6620.22,0
7.02126,46.5628,-2.82422,-1.42483,1.06615,6631.69,0
7.02774,46.6551,-2.89168,-1.52298,1.07979,6638.71,0
7.03425,46.8583,-3.24755,-1.48081,1.25183,6661.44,0
7.04079,46.6706,-3.37597,-1.26887,0.821091,6628.6,0
7.04732,47.0347,-3.19664,-1.53132,1.3342,6674.13,0
7.0538,47.1435,-3.41414,-1.74491,1.3169,6683.42,0
7.06027,47.0089,-3.20401,-2.1818,0.950177,6658.24,0
7.06678,47.3706,-3.43758,-2.4828,1.42114,6703.28,0
7.07329,47.7282,-3.71935,-2.23093,1.74037,6747.66,0
7.0798,47.895,-3.64007,-2.07264,1.7318,6765.02,0
7.08631,47.9907,-3.73466,-1.93137,1.61495,6772.31,0
7.0928,47.7227,-3.56421,-1.81164,0.964692,6728.33,0
7.09934,47.8344,-3.91439,-1.70162,1.02708,6737.87,0
7.10588,47.8171,-3.68037,-1.83927,0.858999,6729.23,0
7.11237,48.2604,-3.2109,-1.88885,1.48023,6785.42,0
7.11889,48.4498,-2.89777,-2.05459,1.57394,6805.82,0
7.12541,48.6798,-2.66099,-2.31074,1.67133,6831.85,0
7.13193,48.3905,-2.75813,-2.52651,0.960086,6785.05,0
7.13844,48.2671,-2.64824,-2.4736,0.647651,6761.58,0
7.14495,48.264,-2.59193,-2.58778,0.573817,6754.98,0
7.15146,48.1999,-2.53284,-2.59735,0.418225,6739.86,0
7.15796,48.1925,-2.75728,-2.63699,0.3763,6732.71,0
7.16447,48.154,-2.73887,-2.47986,0.286768,6721.23,0
7.171,48.7083,-3.22444,-2.4855,1.17938,6792.4,0
7.17747,49.0301,-3.0319,-2.29754,1.52232,6831.11,0
7.18399,48.7762,-3.05728,-2.65127,0.907687,6789.57,0
7.19053,49.0398,-3.07574,-2.47995,1.23296,6820.05,0
7.19702,49.3769,-2.82711,-2.5473,1.58283,6860.74,0
7.2035,49.6062,-3.02394,-2.49267,1.71804,6886.4,0
7.21,49.5081,-3.15118,-2.48816,1.29143,6866.59,0
7.21654,49.2771,-3.24799,-2.26813,0.728264,6828.35,0
7.22303,49.432,-3.19413,-1.90143,0.920043,6843.66,0
7.22953,49.3605,-3.21123,-1.87965,0.723405,6827.63,0
7.23601,49.8032,-3.01542,-1.98848,1.36072,6882.69,0
7.24253,49.9708,-2.71129,-2.06313,1.42967,6899.64,0
7.24902,49.8207,-2.62614,-2.08999,1.00553,6872.75,0
7.25554,50.1506,-2.77424,-1.92189,1.39425,6912.04,0
7.26204,50.0531,-2.61674,-1.89732,1.06501,6892.42,0
7.26853,49.8571,-2.55602,-1.75714,0.619529,6859.31,0
7.27505,49.8094,-2.74043,-1.82327,0.478893,6846.6,0
7.28155,49.8633,-2.34858,-1.80955,0.50587,6847.89,0
7.28809,50.0599,-2.60069,-1.84921,0.780996,6868.73,0
7.29462,50.2448,-1.98121,-1.96455,0.975546,6887.93,0
7.30108,50.2595,-2.19057,-2.33958,0.871991,6883.84,0
7.3075,50.2739,-2.3811,-2.30556,0.793488,6879.77,0
7.314,50.1721,-2.25549,-2.32645,0.543185,6859.74,0
7.32048,50.3378,-2.52803,-2.30226,0.773108,6876.3,0
7.32697,50.2995,-2.49452,-2.23283,0.641412,6864.98,0
7.33344,50.2937,-2.05412,-2.13623,0.553455,6858.14,0
7.33989,50.5162,-2.37163,-2.1856,0.842285,6882.42,0
7.34637,50.3731,-2.39912,-2.07094,0.490011,6856.87,0
7.35289,50.4508,-2.30533,-2.1472,0.583565,6861.37,0
7.35937,50.6059,-2.18281,-2.40296,0.763153,6876.39,0
7.36587,50.3312,-2.16704,-2.2018,0.239916,6833.04,0
7.37238,50.3501,-2.35768,-1.99406,0.26331,6829.57,0
7.37893,50.648,-2.11525,-1.93268,0.720794,6863.87,0
7.38542,50.6468,-2.21219,-1.96123,0.637521,6857.67,0
7.39194,50.6745,-1.95358,-1.80422,0.62488,6855.37,0
7.39845,50.7137,-1.84181,-1.90273,0.619253,6854.64,0
7.40493,50.5622,-1.61816,-2.06428,0.314546,6828.17,0
7.41141,50.6132,-1.49015,-1.98001,0.388084,6829.09,0
7.41789,50.7401,-1.40555,-2.11657,0.56386,6840.23,0
7.42434,50.9346,-1.68032,-2.23976,0.826065,6860.48,0
7.43086,50.7783,-1.92005,-2.13333,0.487285,6833.43,0
7.43735,50.8168,-1.70853,-2.37693,0.498423,6832.66,0
7.44389,50.8203,-2.01223,-2.24552,0.456753,6827.11,0
7.45044,50.8479,-2.0847,-2.18873,0.458692,6824.82,0
7.45698,50.966,-2.29144,-1.96843,0.613452,6834.67,0
7.46352,51.3791,-2.32312,-1.87515,1.21718,6884.02,0
7.47005,51.7016,-2.18855,-1.84055,1.57523,6921.18,0
7.47654,51.617,-2.25457,-1.80182,1.21412,6903.85,0
7.48309,51.4546,-2.15817,-1.74089,0.798457,6876.12,0
7.48963,51.5757,-2.52876,-1.95721,0.879485,6886.28,0
7.49613,51.5718,-2.57187,-1.91077,0.780966,6879.79,0
7.50266,51.4613,-2.45632,-2.17516,0.524997,6859.07,0
7.50916,51.4565,-2.25259,-2.31214,0.466633,6852.5,0
7.5157,51.5337,-2.22511,-2.04357,0.52174,6856.81,0
7.52219,51.3244,-1.98645,-1.79867,0.131031,6823.07,0
7.52868,51.5836,-1.89656,-1.68968,0.562984,6851.62,0
7.53514,52.0539,-2.10128,-1.93515,1.26302,6908.16,0
7.54164,51.967,-2.32182,-1.99171,0.919938,6890.67,0
7.54813,51.6642,-2.43538,-2.08795,0.329024,6844.63,0
7.55467,51.6204,-2.37744,-2.19222,0.236426,6832.92,0
7.56117,51.6842,-2.43772,-2.30089,0.324445,6835.47,0
7.56773,51.5783,-2.58111,-2.23009,0.124752,6815.55,0
7.57422,51.5945,-2.44094,-2.25662,0.138946,6811.86,0
7.58076,51.8138,-2.39717,-2.08957,0.484974,6834.91,0
7.58731,51.8951,-2.53442,-2.16774,0.576925,6839.73,0
7.59381,51.8259,-2.2544,-2.10556,0.406558,6824.75,0
7.60032,52.0756,-2.07446,-2.11363,0.794751,6851.75,0
7.60683,52.0049,-2.02228,-1.88746,0.595482,6836.61,0
7.61333,51.9534,-1.94782,-2.01211,0.45147,6824,0
7.61978,51.9266,-2.159,-1.99824,0.378575,6814.72,0
7.6263,51.8705,-2.14437,-1.71526,0.260101,6801.52,0
7.6328,51.8631,-2.04694,-1.68795,0.232736,6794.77,0
7.63931,51.9207,-1.88055,-1.89502,0.315057,6796.52,0
7.64582,52.0531,-1.85647,-2.05568,0.521053,6808.05,0
7.65234,52.1044,-1.63933,-2.09442,0.53521,6808.96,0
7.6589,52.1912,-1.58037,-2.26475,0.627925,6814.45,0
7.66548,52.0932,-1.79832,-2.61907,0.396723,6795.81,0
7.67199,52.2833,-1.62924,-2.6893,0.678149,6814.83,0
7.67854,52.571,-1.83635,-2.55849,1.09299,6846.49,0
7.68501,52.3822,-1.88676,-2.61529,0.640951,6816.14,0
7.69153,52.6016,-1.7327,-2.78871,0.950391,6838.9,0
7.69798,52.8682,-1.63125,-2.56004,1.25047,6867.8,0
7.70447,53.2968,-1.56873,-2.48159,1.76995,6917.64,0
7.711,53.1178,-1.53208,-2.31749,1.2128,6888.58,0
7.71755,52.9601,-1.13437,-2.55801,0.815189,6862.29,0
7.72408,52.9798,-1.44758,-2.53505,0.769061,6859.04,0
7.73058,53.3328,-1.37766,-2.38415,1.25668,6898.94,0
7.73713,53.2411,-1.2604,-2.56073,0.970765,6881.24,0
7.74361,53.7472,-1.09011,-2.73009,1.65366,6940.84,0
7.75012,53.5783,-1.12784,-2.7278,1.15076,6913.22,0
7.75667,53.6186,-1.04507,-2.72056,1.09308,6912.58,0
7.7632,53.4639,-1.07275,-2.69077,0.734269,6886.83,0
7.76972,53.618,-1.00081,-2.77918,0.918413,6900.89,0
7.7762,53.9039,-1.142,-2.65933,1.2794,6931.91,0
7.78272,54.1139,-0.972934,-2.56276,1.41373,6953.08,0
7.78924,54.5533,-1.16555,-2.77275,1.89672,7003.67,0
7.79572,54.8967,-1.15946,-2.95219,2.13629,7041.9,0
7.80224,55.0378,-1.39075,-2.8005,2.02313,7054.1,0
7.80874,55.347,-1.02531,-2.87866,2.19963,7087.82,0
7.81525,55.2848,-0.983414,-2.57791,1.77569,7073.97,0
7.82177,55.2612,-0.673068,-2.53786,1.47532,7065.06,0
7.82831,55.1114,-0.661466,-2.48887,1.00955,7040,0
7.83481,55.0579,-0.886172,-2.50674,0.787455,7027.35,0
7.84134,55.1201,-0.881461,-2.09863,0.812147,7029.41,0
7.84785,54.9508,-1.03992,-2.11699,0.427455,7002.02,0
7.85434,54.7752,-0.816131,-2.229,0.102095,6973.88,0
7.86085,54.8818,-0.735173,-2.39702,0.27523,6981.66,0
7.86732,54.8069,-0.703523,-2.4496,0.12122,6966.4,0
7.87383,54.9186,-1.11045,-2.68897,0.295953,6974.83,0
7.88035,55.0031,-1.02006,-2.67922,0.411011,6979.77,0
7.88685,54.9799,-0.762838,-2.7956,0.329682,6971.09,0
7.8934,54.9495,-0.506799,-2.8338,0.247959,6961.45,0
7.89991,55.0378,-0.237923,-2.81375,0.387171,6966.89,0
7.90636,55.1741,-0.21943,-2.69357,0.583355,6978.45,0
7.91283,55.3076,-0.162925,-2.4294,0.747395,6989.61,0
7.91933,55.4525,-0.0553253,-2.53403,0.90889,7002.17,0
7.92588,55.5577,0.0601834,-2.43704,0.975577,7009.66,0
7.93239,55.7702,0.0291978,-2.39156,1.16395,7030.69,0
7.9389,55.784,0.12846,-2.38059,1.04732,7026.67,0
7.94535,55.8053,0.0538252,-2.2184,0.946644,7023.64,0
7.95186,55.71,0.0890441,-2.4189,0.673656,7005.92,0
7.95831,55.7561,0.324856,-2.63828,0.662655,7006.02,0
7.96479,55.7598,0.0441736,-2.59718,0.613602,7000.8,0
7.97132,55.9738,0.680762,-2.45248,0.901851,7021.9,0
7.97786,56.0001,0.618541,-2.70165,0.830345,7019.44,0
7.98439,55.94,0.303831,-2.89013,0.639725,7006.16,0
7.99087,56.1993,0.186395,-2.6475,0.974995,7032.94,0
7.99738,56.0065,0.0647868,-2.6724,0.551999,7003.1,0
8.00388,56.0953,0.0478221,-2.96983,0.665751,7008.51,0
8.01037,56.4311,-0.139237,-2.82847,1.17395,7044.75,0
8.01686,56.746,-0.32913,-3.13976,1.49582,7078.34,0
8.02337,56.5805,-0.542577,-3.23713,1.00018,7051.96,0
8.02991,56.595,-0.208674,-3.37464,0.900863,7048.03,0
8.03641,56.7849,-0.018747,-3.45072,1.09452,7065.96,0
8.0429,56.8238,0.142838,-3.32884,1.02198,7065.08,0
8.04941,56.8341,-0.0666174,-3.34967,0.891828,7060.66,0
8.05594,56.8412,-0.0823497,-3.36105,0.811949,7055.81,0
8.06243,56.7112,0.310951,-3.49964,0.497111,7034.01,0
8.06897,57.1024,0.12711,-3.18205,1.10703,7076.79,0
8.07549,57.1483,0.0106393,-3.45667,1.03348,7076.76,0
8.08201,57.1571,0.232256,-3.81046,0.897098,7072.13,0
8.08852,57.0251,0.0141972,-4.07893,0.585152,7050.13,0
8.095,56.9325,0.112223,-4.37182,0.393668,7033.05,0
8.10149,57.1692,0.207904,-3.98556,0.769489,7056.62,0
8.10805,57.2276,0.0509559,-3.90761,0.765029,7058.13,0
8.11458,57.3785,0.00837319,-3.94831,0.952324,7071.03,0
8.12112,57.5278,0.327496,-4.07753,1.06568,7083.73,0
8.12768,57.6762,0.573461,-4.49971,1.14869,7096.27,0
8.1342,57.7642,0.707393,-4.28109,1.14311,7101.39,0
8.1407,57.8194,0.919701,-4.37797,1.08031,7102.51,0
8.14719,58.066,0.88275,-4.08961,1.33172,7127.12,0
8.1537,58.0704,0.591539,-3.7863,1.18062,7121.97,0
8.1602,58.0899,0.643693,-3.91804,1.05372,7118.69,0
8.16674,58.0897,0.52788,-3.9927,0.9223,7112.96,0
8.17326,58.3292,0.731962,-3.75191,1.15005,7136.6,0
8.17977,58.3264,0.552134,-3.73457,1.00502,7130.57,0
8.18623,58.3219,0.857914,-3.72051,0.886607,7124.4,0
8.19273,58.5483,0.889109,-3.83438,1.16157,7146.37,0
8.19919,58.6246,0.795171,-3.84201,1.11955,7150.06,0
8.20572,58.3884,0.710921,-3.78088,0.610136,7115.57,0
8.21223,58.6027,0.838522,-3.84593,0.91574,7136.03,0
8.21874,58.3516,0.589585,-3.74395,0.399267,7099.82,0
8.22523,58.2328,0.312083,-3.78304,0.176612,7079.78,0
8.23175,58.3595,0.331794,-3.92662,0.38667,7089.56,0
8.23826,58.3687,0.547775,-4.04283,0.382499,7085.08,0
8.24476,58.6939,0.581292,-4.16053,0.889809,7118.94,0
8.2513,58.8128,0.695809,-4.34937,0.970743,7127.7,0
8.25779,58.8253,1.14984,-4.2009,0.866061,7123.61,0
8.26429,59.0758,1.34559,-3.99719,1.18693,7148.32,0
8.27081,59.4341,1.33958,-4.22388,1.60135,7186,0
8.27731,59.3983,1.46011,-3.93941,1.26922,7176.04,0
8.28378,59.4227,1.12692,-3.90407,1.15176,7173.38,0
8.29031,59.3452,0.751624,-3.73428,0.888648,7158.38,0
8.29684,59.2285,1.12439,-3.3946,0.596788,7138.69,0
8.3033,59.4891,0.985944,-3.29013,0.969271,7164.52,0
8.30981,59.6714,0.621229,-3.14981,1.15936,7180.83,0
8.3163,59.7204,0.792423,-3.24142,1.08997,7181.12,0
8.32283,59.8172,0.892747,-3.22534,1.14027,7187.12,0
8.32933,59.7728,0.732511,-3.20819,0.892853,7176.18,0
8.33582,59.7148,0.810805,-3.41534,0.68516,7163.63,0
8.34233,59.5061,0.781784,-3.21788,0.275288,7133.04,0
8.34881,59.4851,0.779755,-3.32946,0.223847,7124.97,0
8.35531,59.8582,0.746381,-3.25425,0.80944,7164.09,0
8.36183,59.9672,0.559254,-3.82771,0.890682,7171.54,0
8.36831,60.1242,0.62876,-3.79395,1.04749,7184.75,0
8.37484,60.1174,0.609276,-3.69295,0.892124,7178.33,0
8.38136,60.1003,0.771542,-3.79909,0.787491,7170.71,0
8.38789,60.4342,0.792287,-3.64392,1.22882,7204.93,0
8.3944,60.44,0.639899,-3.60756,1.07022,7200.04,0
8.40092,60.4671,0.194766,-3.60428,0.967059,7197.67,0
8.40737,60.6074,0.300526,-3.72375,1.09488,7208.84,0
8.41387,60.698,0.205373,-3.80756,1.11694,7214.05,0
8.42039,60.5288,0.163734,-3.76625,0.696381,7188.36,0
8.42695,60.5052,-0.00869333,-3.70998,0.571659,7179.97,0
8.43346,60.4412,0.287347,-4.0444,0.398157,7166.83,0
8.44001,60.6112,0.142634,-4.04121,0.642138,7181.42,0
8.4465,60.8008,0.201501,-4.10462,0.87885,7198.34,0
8.45301,60.8126,0.243103,-4.31774,0.820427,7194.19,0
8.45949,60.7507,0.409633,-4.33927,0.649349,7181.37,0
8.46597,60.644,0.572606,-4.58623,0.430281,7163.27,0
8.47246,60.614,0.447178,-4.64694,0.327249,7154.24,0
8.47896,60.8841,0.602005,-4.42008,0.769701,7180.62,0
8.48546,60.7988,0.587622,-4.22511,0.552951,7165.05,0
8.49196,60.8966,0.508239,-3.85704,0.662437,7171.09,0
8.49846,60.6844,1.07424,-4.20936,0.248955,7140.64,0
8.50502,60.8635,1.307,-4.10918,0.537915,7156.18,0
8.51157,61.3632,1.06745,-4.09636,1.27693,7209.38,0
8.5181,61.3437,0.928681,-3.83426,1.10622,7201.57,0
8.52457,61.3362,1.08231,-3.56427,0.959661,7195.23,0
8.53107,61.5207,1.08825,-3.90918,1.15379,7211.38,0
8.53753,61.4389,0.869016,-3.88058,0.894885,7196.33,0
8.54408,61.1664,0.795359,-3.73172,0.354298,7158.92,0
8.55054,61.2442,1.08257,-3.91856,0.462911,7162.61,0
8.55706,61.8124,0.894882,-3.83292,1.30723,7223.56,0
8.56357,61.9458,0.848786,-4.02395,1.34276,7233.64,0
8.57009,61.7821,0.826386,-3.87337,0.895411,7209.04,0
8.57664,61.9554,0.815388,-3.85687,1.07765,7223.74,0
8.58317,61.8594,0.946271,-3.84457,0.815843,7207.06,0
8.58968,61.741,0.961461,-3.98595,0.550463,7187.81,0
8.59619,61.6077,0.827832,-3.7491,0.289035,7166.86,0
8.60267,61.6281,0.789409,-3.72137,0.293572,7163.83,0
8.60922,61.607,0.782414,-3.89677,0.243725,7155.93,0
8.61573,61.5491,0.723083,-4.0181,0.134471,7143.81,0
8.62222,61.5138,0.840545,-4.00018,0.0694713,7134.33,0
8.62871,61.6406,0.88609,-4.05927,0.28171,7143.67,0
8.63524,61.6228,0.705036,-3.88523,0.231233,7136.2,0
8.64175,61.7807,0.423232,-3.84545,0.471026,7149.09,0
8.64824,61.8184,0.136609,-3.95646,0.484532,7148.09,0
8.65469,61.9321,0.26576,-3.67659,0.600177,7155.89,0
8.66123,61.8469,0.257641,-3.79832,0.428763,7140.67,0
8.66775,61.8622,0.547654,-4.0605,0.432354,7137.05,0
8.6743,61.9056,0.499074,-4.1104,0.46703,7136.68,0
8.68083,61.9455,0.436631,-4.06768,0.505954,7135.89,0
8.68735,61.832,0.541806,-4.16649,0.27591,7117.47,0
8.69381,61.7985,0.430173,-4.13222,0.19659,7108.33,0
8.70033,61.7947,0.449721,-4.20097,0.185697,7102.58,0
8.70687,61.8092,0.275996,-4.0087,0.205969,7098.9,0
8.71335,62.0543,0.0536313,-3.81589,0.579274,7121.75,0
8.71985,62.5184,0.116426,-3.94712,1.22342,7169.66,0
8.72637,62.6287,0.120563,-3.83689,1.21804,7176.95,0
8.73292,62.2887,0.222888,-3.9371,0.540203,7132.63,0
8.73946,62.6537,0.138759,-3.66116,1.08419,7169.06,0
8.746,62.6584,0.114039,-3.51908,0.973877,7164.24,0
8.75257,62.4171,0.171096,-3.14897,0.487353,7131.29,0
8.75908,62.4531,0.168679,-3.05729,0.503278,7130.1,0
8.7656,62.3706,0.288643,-2.9687,0.317783,7115.38,0
8.77206,62.5474,0.181102,-2.92084,0.583921,7130.3,0
8.77855,62.5187,0.124429,-2.92525,0.498413,7121.75,0
8.78505,62.4897,0.160642,-2.75699,0.404125,7113.19,0
8.79153,62.6411,0.0563034,-2.84593,0.605202,7125.16,0
8.79804,62.784,-0.0955585,-3.14991,0.793358,7136.14,0
8.80457,63.1561,-0.0207519,-3.03887,1.27832,7173.11,0
8.81109,63.4962,0.0403196,-2.91217,1.66045,7206.4,0
8.81761,63.4005,0.191974,-3.13923,1.23625,7190.22,0
8.8241,63.8722,0.322919,-2.78182,1.7986,7238.38,0
8.83058,64.0075,0.230656,-3.14194,1.75197,7248.39,0
8.8371,64.1765,0.618858,-2.97467,1.7359,7262.17,0
8.84361,64.3499,0.466835,-3.27569,1.70798,7276.43,0
8.85012,64.1938,0.428207,-3.13449,1.20465,7253.44,0
8.85666,64.2762,0.626904,-2.95742,1.18858,7257.39,0
8.86316,64.3532,0.0834655,-2.86115,1.17923,7260.75,0
8.86965,64.19,0.0264093,-2.86419,0.771708,7237.03,0
8.87616,64.2988,0.102644,-2.57898,0.874778,7243.99,0
8.88271,64.2894,0.120232,-2.48089,0.730199,7237.59,0
8.88921,64.2173,-0.104787,-2.53064,0.53643,7224.19,0
8.89567,64.3286,0.211765,-2.10212,0.681919,7231.45,0
8.90221,64.553,0.125543,-2.04496,0.971682,7251.35,0
8.90869,64.8565,0.185887,-1.97074,1.34951,7280.14,0
8.91521,64.4504,-0.0159339,-1.87651,0.503853,7229.26,0
8.92172,64.878,-0.220235,-1.66953,1.17095,7271.91,0
8.92817,64.9382,0.0944,-1.94238,1.11946,7273.4,0
8.9347,65.0092,0.335708,-1.90018,1.07965,7276.04,0
8.94117,64.8686,0.682173,-1.97876,0.720841,7255.05,0
8.9477,64.8579,0.897877,-2.06719,0.646179,7248.55,0
8.95426,64.7076,1.02401,-2.35824,0.319024,7226.47,0
8.96075,64.7427,1.04654,-2.28225,0.347568,7225.15,0
8.96723,64.6621,0.864506,-2.30215,0.189738,7210.93,0
8.97373,64.6381,0.956057,-2.24491,0.139706,7203.04,0
8.9802,64.6957,0.868322,-2.03224,0.22748,7204.27,0
8.98669,64.6103,0.830274,-1.912,0.0708691,7189.55,0
8.99316,64.7355,0.724157,-1.95723,0.283906,7198.31,0
8.99967,64.7668,0.597723,-2.22752,0.315045,7196.58,0
9.00616,64.7926,0.711721,-2.14318,0.331345,7194.25,0
9.01264,64.9847,0.852461,-2.07368,0.640468,7210.4,0
9.01912,65.0871,0.83397,-2.01424,0.776846,7216.57,0
9.02565,65.1072,1.20151,-2.20266,0.736146,7213.57,0
9.03215,64.9897,1.15979,-2.15599,0.474161,7195.37,0
9.03867,65.2108,1.07091,-2.25993,0.814888,7214.64,0
9.04519,65.1851,0.954392,-2.40079,0.659801,7206.6,0
9.05171,65.33,1.22522,-2.60123,0.840599,7217.42,0
9.05825,65.4913,1.13852,-2.41217,1.0114,7230.02,0
9.06476,65.672,1.14044,-2.38028,1.20485,7244.76,0
9.07129,66.1268,0.893032,-2.22574,1.78573,7289.68,0
9.07782,66.264,0.901037,-2.52008,1.74708,7299.55,0
9.08434,66.1904,0.734767,-2.78607,1.36225,7286.21,0
9.09086,66.3524,0.473021,-2.95629,1.40086,7298.81,0
9.09733,66.4457,0.445574,-3.12132,1.34753,7303.86,0
9.10384,66.5565,0.668572,-3.21944,1.33195,7310.81,0
9.11036,66.2781,0.69401,-3.38258,0.719405,7275.03,0
9.11691,66.2535,0.481813,-3.64872,0.61086,7267.1,0
9.12341,66.3029,0.143986,-3.54657,0.658888,7267.34,0
9.12991,66.2643,0.232706,-3.45005,0.51245,7257.94,0
9.1364,66.1687,0.359735,-3.52016,0.316662,7242.32,0
9.1429,66.254,0.255101,-3.53767,0.421369,7246.5,0
9.14942,66.1922,0.525911,-3.45161,0.29016,7234.57,0
9.15591,66.1743,0.515446,-3.3418,0.238282,7227.49,0
9.16241,66.2971,0.272261,-3.3038,0.432916,7235.77,0
9.16893,66.2689,0.314382,-2.92311,0.352773,7227.55,0
9.17544,66.3125,0.288042,-2.8501,0.396403,7227.17,0
9.18194,66.272,0.0504326,-2.99933,0.29661,7217.65,0
9.18839,66.3349,-0.0341394,-3.14918,0.389531,7219.42,0
9.19491,66.3102,0.0351956,-3.118,0.322248,7211.62,0
9.20144,66.3741,0.0143497,-2.74144,0.394401,7213.44,0
9.20797,66.6683,0.258023,-2.53264,0.837598,7240.28,0
9.21448,66.975,0.466648,-2.75297,1.23623,7268.45,0
9.221,66.9829,0.495456,-2.7359,1.07564,7264.17,0
9.22753,67.2286,0.878131,-2.58424,1.33704,7285.66,0
9.23405,66.9742,1.02831,-2.68466,0.706545,7252.97,0
9.24057,67.1649,0.769278,-2.22648,0.938067,7268.49,0
9.24707,67.4347,0.767891,-1.84869,1.26326,7292.55,0
9.25358,67.4098,0.823514,-2.10982,1.07805,7284.72,0
9.26005,67.5894,0.666916,-2.16196,1.19039,7299.03,0
9.26653,67.3147,0.438646,-2.27183,0.589397,7264.28,0
9.27306,67.7731,0.710923,-2.26262,1.25188,7308.59,0
9.27955,68.013,0.623378,-2.03158,1.46324,7329.35,0
9.28606,67.9463,0.715829,-2.28492,1.14747,7317.02,0
9.29259,68.2635,0.822313,-2.23517,1.50852,7346.01,0
9.29913,68.0517,0.903866,-2.19881,0.972825,7318.07,0
9.30561,68.1259,0.769627,-2.20769,1.00365,7320.95,0
9.31212,68.0985,0.896006,-2.24738,0.849089,7312.89,0
9.31862,68.3156,0.639468,-2.52038,1.11135,7331.09,0
9.32516,68.1694,0.418636,-2.75775,0.734388,7310.26,0
9.3317,68.154,0.44665,-2.97935,0.646205,7303.5,0
9.33817,67.9982,0.453226,-2.91429,0.332148,7281.75,0
9.34471,67.9047,0.295777,-2.81533,0.149604,7266.65,0
9.3512,68.096,0.558831,-3.05884,0.466256,7282.06,0
9.35767,68.3489,0.411549,-3.08059,0.827222,7304.05,0
9.36418,68.2797,0.281753,-3.38909,0.633057,7291.58,0
9.37066,68.2544,0.16879,-3.57541,0.512086,7283.84,0
9.37722,68.5864,0.0871933,-3.39296,1.01946,7314.14,0
9.3837,68.4279,-0.102035,-3.45555,0.614954,7292.21,0
9.39025,68.7777,-0.225081,-3.16912,1.09409,7324.38,0
9.39675,69.2033,-0.0352635,-3.22019,1.64752,7364.6,0
9.40325,69.2861,0.0858792,-3.14032,1.53156,7368.31,0
9.40975,69.1379,0.181207,-3.3888,1.08152,7347.48,0
9.41626,68.8272,-0.0976995,-3.29214,0.46969,7309.39,0
9.42275,69.0034,-0.31303,-3.30829,0.704014,7323.06,0
9.42928,68.9328,-0.256034,-3.36972,0.499908,7310.51,0
9.43577,69.2274,-0.0259456,-3.31236,0.936072,7336.7,0
9.44226,69.2462,0.278491,-3.0623,0.848582,7333.65,0
9.44872,69.0282,0.130108,-3.24073,0.396767,7305.56,0
9.45521,69.0059,-0.062385,-3.13619,0.336678,7298.19,0
9.46169,69.0293,-0.253229,-3.03674,0.340303,7295.66,0
9.46823,68.9714,-0.344482,-2.78655,0.227783,7284.51,0
9.47473,69.0716,-0.277185,-2.80305,0.381711,7290.09,0
9.48125,69.2302,-0.238821,-2.84783,0.624427,7301.8,0
9.48774,69.6346,-0.133861,-2.68143,1.18747,7339.43,0
9.49426,69.3176,-0.207855,-2.69397,0.544204,7301,0
9.50079,69.1208,-0.0322886,-2.57976,0.168158,7275.27,0
9.50727,69.0626,0.00362488,-2.48379,0.0611838,7264.19,0
9.5138,69.2699,-0.250231,-2.73071,0.411544,7280.99,0
9.52032,69.4965,-0.368261,-2.69306,0.766391,7299.8,0
9.52681,69.4482,-0.0837037,-2.91377,0.60974,7289.76,0
9.53336,69.1987,-0.184346,-3.02644,0.142548,7258.58,0
9.53987,69.3489,-0.09946,-2.89428,0.377805,7269.37,0
9.54639,69.4663,-0.649362,-2.7385,0.524255,7276.71,0
9.55292,69.5389,-0.744271,-2.7642,0.596701,7279.34,0
9.55945,69.3661,-0.746065,-2.52749,0.25684,7256.29,0
9.56592,69.5001,-0.793458,-2.33636,0.449323,7265.39,0
9.57246,69.7561,-0.850843,-1.92717,0.832278,7287.17,0
9.57891,69.5363,-0.715515,-2.02669,0.382187,7259.32,0
9.58549,69.4836,-0.756889,-2.21075,0.278549,7248.83,0
9.59199,69.5298,-0.954285,-2.37205,0.341317,7248.73,0
9.59848,69.6547,-0.903975,-2.0273,0.516118,7256.85,0
9.60499,69.6084,-0.76011,-1.87383,0.416415,7247.1,0
9.61148,69.6137,-0.83011,-1.75187,0.393075,7242.76,0
9.61799,69.5559,-1.09094,-1.71192,0.257245,7231.85,0
9.62446,69.4687,-1.06792,-1.86531,0.0920875,7217.93,0
9.63094,69.5599,-1.15148,-1.63757,0.242982,7222.54,0
9.63743,69.8278,-1.18986,-1.3718,0.682516,7245.48,0
9.64395,70.1067,-1.26897,-1.44306,1.07053,7269.5,0
9.65047,70.3385,-1.22367,-1.72089,1.30444,7288.61,0
9.657,69.9628,-1.39415,-1.82968,0.537408,7244.77,0
9.6635,69.8863,-1.46729,-1.83138,0.358681,7231.99,0
9.67004,70.1264,-1.46846,-1.79271,0.735052,7251.93,0
9.67655,69.8184,-1.69347,-1.72098,0.142345,7215.22,0
9.68308,69.8122,-1.46181,-1.84946,0.119912,7209.71,0
9.68959,69.8956,-1.6693,-2.30367,0.242355,7213.47,0
9.69609,69.9138,-1.76689,-2.36824,0.251224,7210.51,0
9.7026,69.8865,-1.60225,-2.53517,0.187016,7202.86,0
9.70913,69.9827,-1.404,-2.55072,0.327592,7207.93,0
9.71563,69.8732,-1.62732,-2.43122,0.110287,7191.83,0
9.72214,69.999,-1.59166,-2.56969,0.313952,7199.96,0
9.72862,70.208,-1.47784,-2.44124,0.6342,7216.65,0
9.73516,70.0283,-1.39547,-2.42059,0.290821,7193.34,0
9.74165,70.2199,-0.865593,-2.04154,0.578901,7208.22,0
9.74816,70.2789,-1.2025,-2.06838,0.623868,7209.45,0
9.75466,70.5115,-1.1213,-1.96554,0.922702,7228.5,0
9.76116,70.1428,-0.894988,-1.84784,0.236846,7185.9,0
9.76765,70.1386,-1.17685,-1.72198,0.214177,7180.7,0
9.77412,70.1586,-1.06938,-1.67346,0.215611,7178,0
9.78063,70.3543,-0.889715,-1.69872,0.542416,7193.23,0
9.78716,70.3991,-0.804055,-2.01742,0.556914,7193.01,0
9.79367,70.2673,-1.02953,-2.19145,0.285064,7174.77,0
9.80019,70.4139,-0.978721,-2.27114,0.517202,7184.95,0
9.8067,70.2293,-0.961047,-2.0192,0.17065,7161.36,0
9.81328,70.2549,-0.935535,-2.10884,0.206474,7159.16,0
9.81985,70.3641,-0.922887,-1.96166,0.378749,7165.49,0
9.82636,70.1881,-0.773968,-1.85147,0.0620296,7142.84,0
9.83287,70.2674,-0.818664,-1.80891,0.193521,7146.18,0
9.83938,70.2918,-1.05271,-1.75471,0.227964,7143.93,0
9.8459,70.3442,-1.10137,-1.78096,0.294068,7144.51,0
9.85239,70.5441,-1.2744,-1.99758,0.613451,7160.09,0
9.85892,70.6123,-1.36765,-2.40317,0.685447,7162.27,0
9.86537,70.7421,-1.08488,-2.15221,0.818074,7170.75,0
9.87182,70.778,-0.940786,-2.38735,0.819334,7169.7,0
9.87833,70.9964,-1.08135,-2.55749,1.08938,7187.08,0
9.88478,71.2183,-0.944136,-2.80417,1.31255,7204.84,0
9.89128,71.5394,-0.666686,-2.76899,1.61694,7232.57,0
9.89782,71.5976,-0.664326,-2.66542,1.49776,7233.68,0
9.9043,71.6124,-0.502076,-2.44519,1.2678,7230.44,0
9.91079,71.6743,-0.271149,-2.3675,1.22995,7231.94,0
9.91729,71.6626,-0.513685,-2.68502,1.06678,7226.03,0
9.92378,71.7113,-0.179162,-2.86039,1.0235,7226.21,0
9.93029,71.6683,-0.409723,-2.88822,0.834588,7217.15,0
9.93683,71.3774,-0.471017,-2.82787,0.280081,7183.11,0
9.94332,71.5715,-0.377871,-2.82976,0.587389,7197.95,0
9.94981,71.6846,-0.0956551,-2.94128,0.733311,7204.62,0
9.95628,71.6922,-0.404797,-3.32514,0.685881,7200.7,0
9.9628,71.635,-0.299224,-3.06466,0.521341,7190.25,0
9.96931,71.7139,-0.218895,-3.02981,0.601883,7193.46,0
9.97582,71.6183,-0.22417,-3.31496,0.390333,7179.19,0
9.98234,71.5698,-0.133911,-3.59884,0.252353,7169.64,0
9.98887,71.4732,0.174017,-3.87797,0.0744446,7155.28,0
9.99536,71.7629,0.335868,-3.68386,0.549568,7179.62,0
10,71.9304,0.433776,-3.78666,0.781184,7193.04,0
