1.26897,3644.63,-93.5133,22.1265,1.95321,-4231.77,0
2.54193,3619.91,-120.262,-2.59511,10.7046,-11837.6,0
3.81879,3605.91,-124.316,20.5304,5.16228,-11545.6,0
5.10187,3607.47,-120.706,18.8699,2.85383,-8335.44,0
6.37799,3605.45,-131.639,34.955,0.243359,-6984.56,0
7.64467,3594.97,-116.843,17.8791,7.47076,-7197.83,0
8.92717,3582.05,-122.929,33.4624,9.15088,-7611.5,0
10.205,3582.18,-113.148,33.735,7.49247,-6646.12,0
11.4776,3574.1,-117.737,49.3314,8.94164,-6613.12,0
12.7479,3574.55,-104.754,68.0116,6.79519,-5918.53,0
14.0213,3565.45,-79.0919,79.9816,3.42729,-6029.76,0
15.2888,3541.56,-56.1776,59.4445,5.951,-7092.48,0
16.5647,3530.83,-43.5146,46.1855,8.92492,-7194.4,0
17.8471,3510.7,-46.368,46.2759,2.93503,-7805.23,0
19.1164,3483.87,-45.2311,20.7586,5.30714,-8690.41,0
20.3904,3486.94,-15.4125,7.43468,9.07423,-7996.75,0
20.7068,3487.36,-1.83476,-1.69899,7.16191,-7854.49,2
