1.26035,3641.76,-57.7818,58.7829,1.65491,-6536.88,0
2.53064,3634.39,-46.8527,52.7506,5.82102,-6169.9,0
3.80189,3619.68,-31.7822,57.4321,9.6482,-7976.29,0
5.07247,3610.92,-24.5158,64.9295,7.60383,-7704.13,0
6.34712,3585.61,-48.2218,76.2019,5.81761,-10145,0
7.62705,3581.81,-59.6748,75.999,3.61763,-8941.14,0
8.9008,3578.12,-55.5867,83.5768,2.75136,-8076.15,0
10.1714,3565.12,-54.5433,91.8189,7.31921,-8344.96,0
11.4494,3559.69,-57.3412,98.3991,6.26963,-7887.99,0
12.7199,3543.48,-42.7203,77.7423,1.38557,-8374.21,0
14.0035,3530.14,-40.0471,84.3957,8.89842,-8559.1,0
15.2819,3519.1,-26.93,63.224,6.31807,-8565.53,0
16.5544,3505.28,-10.6507,90.4074,3.09133,-8741.94,0
17.8415,3486.01,-10.829,89.9393,5.01462,-9191.65,0
19.1214,3460.66,-3.60146,100.926,4.76091,-9902.1,0
19.419,3449.88,-21.6395,109.826,3.89004,-10305.4,0
