1.27152,3634.71,45.8113,1.84018,6.02491,-12021.4,0
2.53968,3626.72,55.4612,-13.4573,6.61273,-9164.78,0
3.82,3623.27,60.3531,-8.1558,4.78091,-6997.17,0
5.10021,3607.57,67.5078,-36.0454,10.0394,-8318.33,0
6.37031,3600.71,103.668,-47.0775,5.276,-7737.33,0
7.65048,3588.27,126.269,-49.6028,6.7154,-8069.14,0
8.92721,3579.81,140.768,-28.0982,5.78203,-7862.65,0
10.204,3580.14,126.244,-1.1863,6.84444,-6846.3,0
11.4832,3574.77,119.079,-11.077,7.40933,-6551.71,0
12.7686,3570.42,117.845,2.05388,8.23547,-6232.49,0
14.0496,3558.13,137.345,6.9385,6.9814,-6538.86,0
15.325,3542.43,119.647,2.9136,10.7289,-7019.51,0
16.5912,3525.47,104.784,-4.12944,1.02065,-7505.85,0
17.8708,3520.72,90.933,-46.192,4.90201,-7234.31,0
19.1532,3516.68,95.0983,-39.4441,5.99022,-6960.95,0
20.4404,3490.12,83.9247,-24.4774,0.941024,-7821.81,0
21.7165,3475.96,55.4197,-12.8111,10.3269,-8014.04,0
22.9877,3455.45,37.142,0.167919,2.73096,-8463.02,0
23.0568,3449.89,38.0356,0.580659,8.19681,-8678.98,0
