1.28206,3637.6,44.4813,70.2159,2.65051,-9673.86,0
2.57374,3626.21,54.8351,66.7084,7.34208,-9241.66,0
3.84889,3626.75,56.4288,87.5338,3.3741,-6039.53,0
5.12726,3603.44,64.6737,67.7871,1.55655,-9080.57,0
6.39783,3598.12,51.258,61.6055,5.08488,-8109.46,0
7.66651,3578.75,53.9932,74.8883,1.41258,-9294.22,0
8.93639,3570.01,41.5256,55.8447,11.5797,-8950.81,0
10.2123,3556.01,47.1765,56.0023,7.77862,-9204.11,0
11.4817,3550.67,43.1474,64.0718,9.85056,-8650.8,0
12.761,3531.48,33.0925,57.1198,5.01242,-9287.63,0
14.0327,3518.1,22.7326,42.9757,4.13224,-9399.17,0
15.3173,3509.99,25.548,40.4206,2.89828,-9140.87,0
16.5884,3469.43,40.6278,15.2953,7.76539,-10885.1,0
17.6793,3458.08,7.78959,2.9567,4.83793,-10855.6,1
