1.27196,3640.61,-1.40206,2.25605,4.72242,-7384.24,0
2.5409,3641.16,4.06437,16.684,3.05573,-3478.57,0
3.82025,3634.88,19.986,28.4014,3.97242,-3958.35,0
5.10191,3624.79,21.9537,36.404,6.32639,-4940.71,0
6.37718,3625.29,3.8058,9.14568,4.98895,-3874.29,0
7.65214,3625.6,-1.67608,23.2757,2.61831,-3189.09,0
8.92105,3623.12,-16.7877,21.6748,1.49842,-3013.48,0
10.1925,3617.77,-42.2327,31.5025,2.3197,-3162.55,0
11.468,3600.14,-43.0384,48.7477,10.049,-4347.62,0
12.7335,3600.85,-60.8137,32.1462,5.89051,-3859.79,0
14.0089,3597.44,-68.9411,19.3957,4.89708,-3752.23,0
15.2923,3594.21,-87.5597,22.8467,1.92345,-3648.46,0
16.5703,3594.2,-60.1422,5.11501,6.19223,-3367.43,0
17.8442,3582.57,-51.2748,0.754725,0.906308,-3778.57,0
19.1139,3562.28,-56.4015,-2.17498,2.66195,-4589.25,0
20.3901,3550.17,-51.7129,-6.72803,2.2228,-4895.84,0
21.6651,3528.83,-36.2071,-25.3224,4.34751,-5592.86,0
22.9416,3503.55,-27.1234,-19.8912,3.94152,-6383.64,0
23.4642,3486.3,-2.70892,0.197398,7.10715,-6976.61,3
