1.27715,3638.92,-57.8147,-31.0021,4.63486,-8678.61,0
2.56095,3640.56,-57.0731,-20.615,2.68388,-3685.02,0
3.84549,3625.65,-52.1582,-10.4622,7.55537,-6331.36,0
5.13157,3611.96,-42.0674,-15.8486,11.3024,-7413.84,0
6.41064,3598.41,-44.2623,-27.0459,6.09447,-8047.17,0
7.67701,3574.58,-38.0162,-37.0326,8.46074,-9824.07,0
8.95012,3574.69,-35.6881,-52.3994,4.12592,-8413.89,0
10.2221,3579.14,-26.0957,-28.3683,4.25652,-6931.79,0
11.5013,3559.93,-54.3188,-66.2073,8.2675,-7830.91,0
12.7761,3556,-60.2397,-47.9415,9.74706,-7357.12,0
14.0443,3548.96,-58.6904,-38.2787,2.93076,-7194.24,0
15.3106,3528.07,-50.608,-30.4322,3.08428,-7963.85,0
16.5918,3528.28,-46.1274,-19.359,5.92681,-7336.19,0
17.8666,3507.28,-47.8252,-8.58632,9.81927,-7988.04,0
19.1475,3501.94,-9.64287,-1.40852,10.8116,-7732.78,0
19.3077,3494.18,1.10036,0.339319,1.12591,-8070.4,3
