1.27576,3640.9,-14.5404,21.0219,5.22739,-7133.41,0
2.5525,3636.74,-9.21379,35.6077,5.91626,-5195.27,0
3.82549,3636.67,-32.9503,34.4136,3.31285,-3483.25,0
5.10259,3631.28,-27.9006,26.926,5.90557,-3668.41,0
6.3812,3627.15,-29.8323,35.3919,5.86958,-3580.62,0
7.65385,3623.83,-28.6751,24.2317,7.01667,-3418.56,0
8.94238,3591.65,-16.9874,16.9922,3.5857,-6524.97,0
10.2217,3575.58,-1.20677,10.1378,5.36518,-7280.25,0
11.5067,3551.34,-3.2885,-1.47587,8.11184,-8574.28,0
12.7775,3529.02,13.7814,-4.61906,4.85051,-9467.95,0
13.7956,3497.27,0.394497,-0.229974,6.24273,-11071,2
