1.2779,3614.7,-12.4785,-84.5106,5.20783,-27621.2,0
2.56498,3608.08,1.68805,-84.2141,6.95868,-16342.1,0
3.83143,3597.68,-3.21094,-65.1919,11.5758,-13654.4,0
5.09594,3583.41,3.88923,-80.1591,5.96831,-13067.7,0
6.36427,3583.35,19.9328,-73.2403,4.9596,-10473.1,0
7.64856,3584.67,37.5859,-49.5194,4.68052,-8540.98,0
8.92317,3580.98,35.0841,-52.56,6.49487,-7734.38,0
10.2052,3573.78,46.0401,-50.7866,8.21045,-7468.42,0
11.4805,3556.91,17.1909,-51.7627,12.4842,-8108.57,0
12.75,3518.78,-7.70228,-68.5114,5.84964,-10292.1,0
14.0327,3485.85,-3.06635,-46.5737,4.56672,-11697.5,0
15.1425,3450,-10.2877,-36.649,13.1719,-13208.1,0
