1.28106,3632.9,49.8193,27.0233,7.87632,-13344.9,0
2.56801,3614.75,45.9467,32.271,3.55228,-13725.4,0
3.8415,3615.77,31.15,17.5058,1.3964,-8911.05,0
5.11216,3612.48,29.3356,-2.19523,2.54532,-7338.95,0
6.3871,3602.15,18.9029,-17.3125,7.88944,-7491.64,0
7.67324,3599.63,23.4072,-24.2597,6.39052,-6564.99,0
8.94401,3595.3,44.0101,-29.3858,5.5957,-6115.68,0
10.218,3565.45,45.4023,-26.7655,3.51212,-8274.41,0
11.4923,3544.57,40.2004,1.26174,3.16694,-9173.51,0
12.7651,3526.93,49.2153,-10.9474,6.14996,-9640.72,0
14.0376,3515.67,50.4218,8.62507,6.32165,-9569.01,0
15.3232,3501.06,35.3586,20.3371,0.292731,-9719.81,0
16.509,3471.59,4.19116,-3.70932,5.31768,-10806.9,3
