1.26975,3639.36,60.0568,-0.586126,6.13618,-8380.28,0
2.54403,3636.69,51.2273,10.9486,4.86884,-5231.67,0
3.82193,3619.08,49.192,21.5607,11.2431,-8089.91,0
5.09508,3603.49,68.9985,37.2643,5.72135,-9129.21,0
6.37409,3602.53,64.6369,24.4173,7.00575,-7446.97,0
7.64109,3591.01,100.277,12.2638,6.15092,-7719.74,0
8.9175,3576.23,109.812,16.7678,8.50856,-8272.71,0
10.1992,3568.7,123.674,30.4992,6.93833,-7970.81,0
11.4759,3549.05,120.604,48.7269,5.25858,-8796.38,0
12.7529,3527.99,130.912,23.4854,6.21839,-9567.03,0
14.0346,3504.9,111.023,-0.267206,9.88724,-10339,0
15.3225,3501.92,115.911,-5.5885,5.02408,-9664,0
16.5982,3507.8,101.226,-21.0753,5.14964,-8567.09,0
17.869,3488.45,76.6894,-14.3768,2.24444,-9040.78,0
19.1434,3454.52,73.2314,-13.1802,3.56557,-10211.2,0
19.3517,3450.02,77.296,-12.4643,2.68882,-10334.2,0
