1.28091,3639.54,16.3567,63.5639,2.99649,-8168.44,0
2.55315,3634.08,-2.31869,44.4153,6.55396,-6234.13,0
3.81908,3626.48,-25.1021,57.2288,5.57004,-6159.06,0
5.10514,3628.1,-31.6823,54.3277,2.36032,-4289.71,0
6.38684,3626.37,-34.5758,64.1593,1.77439,-3699.26,0
7.65852,3618.53,-40.287,42.2095,6.74232,-4109.56,0
8.92574,3623.3,-54.1407,30.6093,1.06174,-2990.89,0
10.1983,3620.05,-48.3096,18.0781,3.46388,-2936.74,0
11.4683,3616.08,-53.5872,30.8735,2.2771,-2958.13,0
12.748,3607.25,-48.3945,21.7554,7.23262,-3353.41,0
14.0283,3605.13,-41.0524,21.9613,7.13721,-3198.26,0
15.3056,3604.46,-27.6405,46.35,4.80569,-2975.11,0
16.5861,3599.41,-52.9342,45.5897,4.56791,-3050.11,0
17.8627,3597.02,-34.3447,34.2109,7.69831,-2966.22,0
19.1374,3573.49,-30.4362,51.6302,8.43968,-3997.9,0
20.4128,3580.87,-30.1451,29.967,4.71773,-3386.42,0
21.6815,3553.51,-27.1784,28.9092,6.44239,-4450.44,0
22.9602,3527.51,-33.7154,29.9995,8.3437,-5335.1,0
24.2336,3494.95,-18.8455,10.6613,0.756757,-6398.2,0
24.5098,3486.65,-2.5029,0.285022,8.18917,-6664.81,1
