1.28281,3634.67,27.8034,34.2537,7.48742,-11951.6,0
2.56677,3629.47,21.5668,34.5862,6.49884,-7999.61,0
3.84988,3627.31,12.2519,33.056,6.39248,-5893.78,0
5.11727,3632.09,9.63384,48.5625,1.64153,-3499.9,0
6.39353,3630.12,25.8192,17.6527,3.20577,-3108.98,0
7.66955,3622.71,25.3604,31.9948,5.55477,-3557.58,0
8.94956,3617.07,22.5566,21.4353,6.73162,-3680.05,0
10.2197,3622.46,34.0695,7.5412,1.14411,-2694.8,0
11.4992,3604.79,50.6128,-7.39949,8.90661,-3931.8,0
12.7807,3608.35,32.2571,-8.08438,6.18216,-3259.07,0
14.0529,3603.19,22.7587,-27.9241,7.87118,-3330.67,0
15.334,3568.65,31.9945,-26.6988,7.21131,-5305.04,0
16.6125,3561.34,4.74084,-16.3354,5.64403,-5336.99,0
17.8849,3547.44,-8.23854,-4.68981,7.12091,-5734.68,0
19.1629,3528.75,-1.04915,26.9809,5.01295,-6327.21,0
20.4394,3493.63,6.51699,9.89954,10.6215,-7650.28,0
20.5192,3491.39,1.53544,-0.749757,5.94831,-7729.61,3
