0.00649161,0.137739,-0.0232878,-0.0231007,0.0677298,21218.1,0
0.012997,0.152447,-0.2026,-0.126329,0.0719854,11729.4,0
0.0194815,0.26886,-0.389111,-0.131998,0.126151,13800.8,0
0.025992,0.40979,-0.436358,-0.307664,0.187413,15766,0
0.0325019,0.276032,-0.54499,-0.366782,0.113903,8492.82,0
0.0389811,0.161141,-0.390642,-0.503875,0.05106,4133.82,0
0.0454847,0.226595,-0.323105,-0.655919,0.0808182,4981.78,0
0.0520142,0.138707,-0.279295,-0.605837,0.034307,2666.72,0
0.0585084,0.242965,-0.311636,-0.75868,0.0829748,4152.66,0
0.0650184,0.334571,-0.275782,-0.878794,0.122897,5145.78,0
0.0715616,0.167709,-0.311194,-1.06271,0.0365078,2343.57,0
0.0781064,0.34158,-0.380102,-0.969975,0.120655,4373.27,0
0.0846245,0.47432,-0.357429,-0.776456,0.179843,5605,0
0.0911242,0.533379,-0.231512,-0.896633,0.199936,5853.32,0
0.097636,0.714095,0.0938416,-0.706415,0.273069,7313.85,0
0.104148,0.917299,0.218775,-0.648803,0.353512,8807.67,0
0.110692,0.726504,0.230333,-0.610435,0.238617,6563.27,0
0.117178,0.509566,0.48472,-0.42458,0.117549,4348.67,0
0.123701,0.406118,0.452988,-0.384678,0.0639429,3283.05,0
0.130219,0.292024,0.42663,-0.385341,0.00630106,2242.57,0
0.136691,0.458781,0.490705,-0.449429,0.088806,3356.33,0
0.143158,0.519883,0.335064,-0.501206,0.11555,3631.53,0
0.149677,0.543612,0.216532,-0.557171,0.122229,3631.91,0
0.156203,0.466525,0.212444,-0.610705,0.0798694,2986.66,0
0.162718,0.534709,0.157431,-0.738891,0.109032,3286.11,0
0.169187,0.576574,0.134942,-0.678291,0.124985,3407.91,0
0.175703,0.440104,-0.0167517,-0.834463,0.0527749,2504.82,0
0.1822,0.471139,-0.107257,-0.812322,0.0660156,2585.84,0
0.188755,0.460852,-0.0447612,-0.795637,0.0584942,2441.53,0
0.195211,0.484991,0.0695296,-0.866214,0.069428,2484.44,0
0.201709,0.476984,0.134172,-0.836134,0.0622372,2364.72,0
0.208171,0.518248,-0.0394701,-0.644831,0.0798655,2489.53,0
0.214696,0.466207,0.061769,-0.596833,0.051746,2171.47,0
0.221194,0.513041,0.103082,-0.486339,0.0725379,2319.41,0
0.22774,0.522824,0.0347412,-0.458396,0.0752141,2295.71,0
0.234265,0.431999,-0.0339311,-0.45496,0.0283986,1844.06,0
0.240822,0.456042,0.115256,-0.390468,0.039333,1893.69,0
0.247336,0.466053,0.0962999,-0.189247,0.0431515,1884.29,0
0.253806,0.544726,-0.0136648,-0.189879,0.0815559,2146.23,0
0.260345,0.567525,-0.124268,-0.228324,0.09044,2179.89,0
0.266886,0.531819,-0.130779,-0.210044,0.0699716,1992.68,0
0.273398,0.620744,0.195815,-0.236667,0.109025,2270.48,0
0.279896,0.526294,0.246234,-0.0915659,0.0583463,1880.32,0
0.286416,0.654,0.249728,0.0228912,0.119147,2283.39,0
0.292944,0.739904,0.225503,0.0880695,0.155022,2525.75,0
0.299466,0.957543,0.187599,-0.175262,0.248953,3197.5,0
0.30596,0.964426,0.135895,-0.0815576,0.23839,3152.13,0
0.312425,0.770053,0.27454,-0.0281255,0.131921,2464.76,0
0.31893,0.769915,0.306139,0.0858259,0.126727,2414.05,0
0.325453,0.657189,0.376625,0.207872,0.0668015,2019.31,0
0.331992,0.666654,0.273266,0.230693,0.0686642,2008.04,0
0.338507,0.743823,0.216379,0.330284,0.104689,2197.36,0
0.345031,0.733652,0.310245,0.20944,0.0956426,2126.34,0
0.35154,0.613297,0.483127,0.121827,0.0332723,1744.6,0
0.358046,0.626552,0.406173,0.0106185,0.0387595,1749.92,0
0.364568,0.566983,0.263644,-0.0539405,0.00877588,1555.22,0
0.371118,0.616225,0.245236,0.0739283,0.0324077,1660.45,0
0.37762,0.731744,0.279397,-0.00149169,0.0893857,1937.78,0
0.38414,0.645464,0.222717,-0.128893,0.0440578,1680.28,0
0.390605,0.744596,0.313807,-0.119441,0.0919891,1906.26,0
0.397098,0.742477,0.370796,-0.0427229,0.0865561,1869.76,0
0.403576,0.669831,0.344397,0.0912311,0.0480848,1659.74,0
0.410087,0.668952,0.227621,0.0360344,0.0468079,1631.24,0
0.416568,0.831952,0.448548,0.150283,0.124232,1997.16,0
0.423027,0.99068,0.737719,-0.0853716,0.195493,2341.88,0
0.42955,0.92917,0.605706,0.15997,0.156744,2163.13,0
0.436036,1.11658,0.546044,0.161831,0.240015,2560.74,0
0.442507,1.07077,0.405692,-0.142241,0.200018,2419.79,0
0.448983,0.908323,0.624769,0.0620712,0.109099,2023.07,0
0.455474,0.933013,0.635738,-0.10083,0.114217,2048.45,0
0.461971,0.809495,0.674525,-0.281067,0.0501714,1752.26,0
0.468456,0.85898,0.674894,-0.167518,0.0724386,1833.64,0
0.474944,1.04041,0.790872,0.0492667,0.157815,2190.59,0
0.481401,1.07659,0.69314,0.0590096,0.167992,2236.38,0
0.487901,1.07772,0.707399,0.165396,0.15771,2208.89,0
0.494377,1.06129,0.525177,0.0708532,0.142274,2146.73,0
0.500896,1.09438,0.639977,0.079507,0.151234,2184.85,0
0.507372,0.994839,0.597028,0.150114,0.0949648,1960.77,0
0.513874,0.88406,0.711114,0.0856444,0.0379115,1720.38,0
0.52037,0.97147,0.6134,-0.0742189,0.080239,1866.88,0
0.526872,0.902501,0.719346,0.105805,0.0440593,1712.94,0
0.533378,0.866313,0.721889,-0.0826883,0.025437,1624.2,0
0.539897,0.928314,0.777546,-0.0719315,0.0552179,1719.43,0
0.546415,0.865004,0.694175,-0.19268,0.0218458,1583.05,0
0.552931,0.876229,0.554411,-0.266913,0.026652,1584.7,0
0.559433,0.983803,0.467702,-0.166821,0.0780367,1758.57,0
0.565908,0.962526,0.650416,-0.0731308,0.0645505,1700.85,0
0.572383,0.882939,0.674974,-0.00619471,0.0241485,1542.57,0
0.578895,0.8771,0.740067,0.0994187,0.0207172,1515.13,0
0.58542,0.845156,0.777588,0.0421817,0.00461347,1443.68,0
0.591937,0.99874,0.675752,0.0893491,0.078986,1687.24,0
0.598408,0.90882,0.652405,0.262552,0.0321031,1518.73,0
0.604905,1.01827,0.678703,0.343145,0.0844605,1683.35,0
0.611371,0.934067,0.687511,0.340986,0.0406606,1527.82,0
0.617866,0.877954,0.608436,0.447748,0.0124579,1420.95,0
0.62435,1.17621,0.54773,0.484552,0.158577,1883.89,0
0.630847,1.17027,0.657639,0.461941,0.146374,1855.08,0
0.637372,1.04664,0.755932,0.599974,0.0801192,1642.12,0
0.643863,1.19501,0.817962,0.810038,0.148153,1855.99,0
0.650358,1.34327,1.06341,0.966758,0.210855,2065.43,0
0.656802,1.3087,0.741412,0.901392,0.184856,1992.53,0
0.663338,1.29572,0.671017,0.959035,0.167062,1953.33,0
0.669876,1.34835,0.64886,0.982723,0.184644,2012.83,0
0.676348,1.40154,0.975238,1.00965,0.200436,2072.22,0
0.682868,1.48723,0.971726,0.656042,0.229303,2177.91,0
0.689409,1.3949,1.27394,0.71816,0.170735,2023.32,0
0.695914,1.46407,1.03545,0.682372,0.194968,2103.81,0
0.702466,1.67548,1.00344,0.78916,0.285503,2385.14,0
0.708933,1.8555,0.762441,0.787039,0.354084,2617.31,0
0.715436,1.65211,0.496076,0.668996,0.232174,2309.24,0
0.72196,1.68159,0.703576,0.511997,0.228716,2329.2,0
0.728489,1.56388,0.60307,0.2897,0.158784,2146.74,0
0.734994,1.69958,0.434284,0.295117,0.215831,2312.37,0
0.74149,1.7255,0.281529,0.213175,0.217177,2327.06,0
0.74795,1.67429,0.364462,0.00425489,0.180811,2238.5,0
0.754428,1.86096,0.392279,-0.259951,0.257581,2466.72,0
0.76095,1.8272,0.500809,-0.165212,0.227693,2401.21,0
0.767436,1.96009,0.384543,-0.230143,0.275892,2554.08,0
0.77395,2.13705,0.381841,-0.0980577,0.34187,2761.23,0
0.780481,2.26568,0.256924,-0.0729401,0.378809,2902.93,0
0.786995,2.26926,0.151222,-0.223488,0.351423,2883.45,0
0.793486,2.49393,0.0948798,-0.445203,0.430935,3143,0
0.799948,2.30141,0.059886,-0.720632,0.306657,2876.95,0
0.806478,2.22594,0.0615051,-1.11002,0.250535,2760.07,0
0.812945,2.36543,0.014529,-1.02031,0.303009,2909.7,0
0.819458,2.37454,0.0421694,-1.01805,0.284185,2897.69,0
0.825932,2.55366,0.121006,-0.985205,0.351255,3091.86,0
0.832405,2.61058,0.0200323,-1.16091,0.352781,3136.18,0
0.838928,2.74598,0.193425,-1.31057,0.390775,3273.2,0
0.845434,2.76163,0.144877,-1.56453,0.363514,3266.53,0
0.851907,2.78796,0.00169672,-1.77581,0.347745,3272.6,0
0.858403,2.81184,0.0142686,-1.45472,0.331501,3275.67,0
0.864892,2.87871,0.142956,-1.5577,0.336783,3328.4,0
0.871385,2.93285,0.0504272,-1.37535,0.338762,3365.74,0
0.877895,2.7021,-0.0730449,-1.38641,0.202477,3077.93,0
0.884375,2.6937,-0.0865087,-1.32274,0.186202,3045.88,0
0.890853,2.8754,0.0623912,-1.49091,0.261979,3227.7,0
0.897344,2.70527,0.0688554,-1.63811,0.163464,3014.75,0
0.903857,2.83623,0.127056,-1.34041,0.217221,3137.92,0
0.910367,2.68667,-0.0565659,-1.10184,0.130869,2951.19,0
0.916894,2.71126,-0.161128,-1.00567,0.137008,2957.01,0
0.923374,2.5803,-0.192115,-0.842458,0.067978,2794.43,0
0.929886,2.50081,-0.0805015,-0.878121,0.0273802,2689.37,0
0.936363,2.47939,-0.0973178,-0.855753,0.015593,2647.89,0
0.942896,2.68205,-0.249998,-0.898202,0.115067,2844.48,0
0.949383,2.59517,-0.240598,-0.871433,0.066059,2733.53,0
0.955846,2.47488,-0.287945,-0.821131,0.00549098,2589.21,0
0.962381,2.53162,-0.198773,-0.805602,0.0335185,2630.58,0
0.968848,2.53127,-0.120804,-0.853638,0.0330089,2612.66,0
0.975358,2.54706,-0.196597,-0.773146,0.0402663,2611.41,0
0.981881,2.59124,-0.0693138,-0.59536,0.0606849,2639.06,0
0.988385,2.66847,-0.160442,-0.600985,0.0961588,2699.82,0
0.994921,2.57986,-0.321749,-0.60465,0.0492018,2593.03,0
1.00142,2.53777,-0.287095,-0.598893,0.0268437,2534.17,0
1.00793,2.60446,-0.283103,-0.62298,0.0575035,2583.97,0
1.01446,2.63891,-0.0729296,-0.546593,0.0737447,2601.3,0
1.02097,2.5784,-0.0880034,-0.714738,0.041333,2525.44,0
1.02748,2.51283,-0.0660468,-0.718044,0.0083384,2445.62,0
1.03397,2.51419,-0.11713,-0.661418,0.00850557,2431.58,0
1.04044,2.62043,-0.020121,-0.641431,0.0613796,2518.57,0
1.04698,2.61199,0.113067,-0.664881,0.0552636,2494.79,0
1.05346,2.74021,0.412524,-0.516731,0.116845,2601.17,0
1.05999,2.94808,0.235061,-0.482394,0.212591,2781.22,0
1.06651,2.99091,0.0982567,-0.395378,0.217801,2804.39,0
1.07302,2.99565,0.0415579,-0.45812,0.207167,2791.8,0
1.07952,2.9731,0.0883357,-0.0839534,0.183353,2754.09,0
1.08602,2.95979,0.335902,-0.241056,0.166972,2725.37,0
1.09253,3.01801,0.332189,-0.143034,0.18887,2762.42,0
1.09904,3.34359,-0.00258094,-0.276704,0.333937,3042.28,0
1.10554,3.25209,0.0980568,-0.178354,0.267576,2941.63,0
1.11206,3.46105,-0.10354,-0.153824,0.349245,3112.28,0
1.1185,3.35854,-0.155931,-0.373125,0.272815,3002.72,0
1.12504,3.20581,0.0402191,-0.215585,0.180051,2849.5,0
1.13157,3.25487,0.00913189,-0.0838594,0.195312,2876.43,0
1.13808,3.3444,-0.0988592,-0.209908,0.225333,2938.62,0
1.14462,3.33088,-0.0689857,0.0438251,0.206277,2910.04,0
1.15113,3.39083,-0.0324538,0.363615,0.221769,2945.66,0
1.15765,3.40775,0.174151,0.108682,0.213193,2943.69,0
1.16416,3.60966,0.0981504,0.103689,0.296655,3100.64,0
1.17073,3.58205,0.30716,0.55143,0.261971,3059.66,0
1.17727,3.38145,0.324858,0.498335,0.148912,2872.28,0
1.18379,3.51848,0.285383,0.49491,0.206601,2972.22,0
1.19031,3.67877,0.386358,0.592986,0.271953,3090.6,0
1.19683,3.615,0.528461,0.578833,0.228329,3020.48,0
1.20334,3.40002,0.501583,0.507251,0.111648,2825.48,0
1.20988,3.46252,0.597059,0.515843,0.136758,2861.87,0
1.21639,3.54133,0.738044,0.537583,0.170902,2911.34,0
1.22287,3.63832,0.664805,1.0213,0.208552,2975.22,0
1.22937,3.87564,0.678817,1.10629,0.310549,3152.53,0
1.23591,3.85208,0.618051,0.662848,0.276956,3116.8,0
1.24244,3.79939,0.607673,0.640102,0.234463,3058.02,0
1.24899,3.66424,0.713967,0.490077,0.15691,2933.76,0
1.2555,3.64904,0.55265,0.807404,0.143757,2906.45,0
1.26198,3.39225,0.612358,0.960156,0.0125639,2688.04,0
1.26848,3.47608,0.636727,0.865083,0.053354,2740.36,0
1.27498,3.43325,0.4991,0.805616,0.0308525,2692.78,0
1.28151,3.60195,0.763959,0.817524,0.112598,2810.7,0
1.28807,3.47102,0.635589,0.802618,0.0445055,2694.75,0
1.29457,3.40175,0.562142,0.789701,0.00910857,2627.71,0
1.30109,3.43511,0.606493,0.624285,0.024828,2640.17,0
1.3076,3.55822,0.728607,0.47704,0.0849091,2721.19,0
1.31415,3.64059,0.720912,0.300437,0.121996,2770.29,0
1.32068,3.58507,0.689915,0.227952,0.0885552,2714.57,0
1.3272,3.75223,0.519997,0.155092,0.165471,2827.18,0
1.3337,3.95072,0.67923,0.0843064,0.251149,2962.23,0
1.34017,3.89114,0.569352,0.33017,0.204481,2903.47,0
1.34671,3.6837,0.571968,0.449176,0.0938438,2735.33,0
1.35323,3.68655,0.593721,0.504909,0.0924742,2724.26,0
1.35972,3.86918,0.434301,0.569035,0.177743,2845.58,0
1.36622,3.89367,0.255905,0.579241,0.181482,2849.97,0
1.3727,3.71013,0.263268,0.688352,0.0824616,2702.79,0
1.37924,3.7573,0.326247,0.753189,0.100911,2724.18,0
1.38572,3.71002,0.391464,0.802349,0.0743284,2677.32,0
1.39223,3.59224,0.324826,0.712212,0.0143607,2580.21,0
1.39876,3.64137,0.194372,0.684475,0.0383487,2603.28,0
1.40526,3.68477,0.312859,0.769903,0.0584188,2622.13,0
1.41176,4.03648,0.352766,0.613902,0.22563,2859.18,0
1.41826,4.21997,0.319287,0.472242,0.300302,2975.44,0
1.42476,4.24388,0.548434,0.555563,0.289425,2978.66,0
1.43128,4.15937,0.383786,0.832025,0.229173,2906.05,0
1.43779,3.90133,0.401352,0.859978,0.0898367,2713.43,0
1.44431,3.8204,0.34132,0.777659,0.0481525,2645.14,0
1.45081,4.08752,0.433767,0.860103,0.176681,2817.4,0
1.45733,4.01326,0.417437,0.644798,0.131641,2753.85,0
1.46385,4.08884,0.65435,0.907489,0.16097,2793.22,0
1.47037,4.44422,0.690896,0.927364,0.322385,3022.53,0
1.4769,4.51744,0.609617,0.791105,0.336601,3058.72,0
1.48341,4.36353,0.697963,1.04537,0.240609,2941.56,0
1.48991,4.56736,0.741427,0.883898,0.321196,3065.53,0
1.49641,4.61259,0.5112,0.996768,0.321661,3082.43,0
1.50295,4.70444,0.328924,1.11926,0.339641,3130.14,0
1.50947,4.87396,0.517718,0.941225,0.394027,3228.93,0
1.51597,5.05659,0.270926,1.01853,0.453712,3335.55,0
1.52242,5.33531,0.102832,1.10114,0.545242,3504.48,0
1.52891,5.29898,-0.0701349,0.970928,0.479765,3465.87,0
1.53542,5.25924,0.0648125,0.951771,0.414547,3425.28,0
1.54193,5.43994,0.11307,0.968622,0.468719,3528,0
1.54847,5.33045,0.238413,0.774355,0.372696,3442.4,0
1.55504,5.1434,0.266475,1.1233,0.254217,3307.57,0
1.56158,5.24378,0.240239,0.952868,0.286343,3358,0
1.56808,5.25469,0.098929,0.768364,0.271086,3351.04,0
1.5746,5.07181,0.0145815,0.618762,0.167096,3221,0
1.58107,5.1209,0.117474,0.677587,0.18067,3238.89,0
1.58761,5.35037,-0.0231735,0.574157,0.283641,3370.08,0
1.59412,5.29189,-0.335783,0.49476,0.239568,3319.62,0
1.60061,5.15914,-0.456085,0.510822,0.161157,3223.23,0
1.60715,5.09422,-0.628335,0.372267,0.122861,3169.73,0
1.61361,5.16706,-0.530787,0.406464,0.152673,3202.17,0
1.62008,5.54464,-0.574242,0.389117,0.32459,3422.44,0
1.62656,5.4841,-0.372996,0.449264,0.269576,3371.6,0
1.63303,5.37047,-0.309241,0.32776,0.199675,3288.66,0
1.63957,5.48522,-0.215712,0.382406,0.243994,3345.52,0
1.64608,5.53837,-0.176693,0.210358,0.258013,3364.57,0
1.65252,5.65098,-0.202525,-0.00257571,0.294826,3419.62,0
1.65902,5.59182,-0.0346777,-0.117195,0.24573,3370.56,0
1.66552,5.61517,-0.216799,-0.132519,0.240205,3371.42,0
1.67206,5.71411,0.0297873,-0.116287,0.274189,3417.42,0
1.67858,5.80606,-0.0214463,-0.172776,0.301192,3458.91,0
1.68513,5.78541,0.104039,-0.176322,0.269465,3433.21,0
1.69168,5.66811,0.296383,-0.151462,0.196411,3350.57,0
1.6982,5.83403,0.297613,-0.208435,0.265015,3435.41,0
1.70468,6.20717,0.19137,-0.255367,0.424828,3641.25,0
1.71114,6.14651,-0.0715731,-0.0346578,0.35841,3592.06,0
1.71764,6.49847,-0.11515,0.288807,0.49593,3783.36,0
1.72412,6.97486,0.17233,0.699254,0.671988,4045.45,0
1.73062,7.01492,0.32198,0.42344,0.624592,4053.42,0
1.7371,7.06844,0.292491,0.404004,0.583986,4069.1,0
1.74359,6.85091,0.463406,0.447462,0.425907,3929.19,0
1.7501,6.76044,0.373654,0.413449,0.349846,3862.88,0
1.75661,7.16768,0.382369,0.427551,0.517447,4080.4,0
1.76311,7.26579,0.548677,0.910046,0.516629,4121.01,0
1.76963,7.37123,0.55435,1.25032,0.525699,4165.42,0
1.77614,7.58764,0.89089,1.50572,0.584056,4271.99,0
1.78264,7.11692,0.96786,1.15615,0.310575,3992.34,0
1.78916,7.22683,0.935607,1.01782,0.344222,4039.22,0
1.7957,7.04154,1.17782,1.23665,0.23233,3921.33,0
1.80221,7.12874,1.38335,1.45183,0.259048,3955.55,0
1.80871,7.27598,1.42444,1.39285,0.314261,4022.74,0
1.81524,7.11617,1.35854,1.7175,0.214508,3920.23,0
1.82177,6.99265,1.20175,1.65387,0.144334,3838.39,0
1.82827,7.17651,1.16171,1.51164,0.223956,3925.3,0
1.83475,7.17569,1.11733,1.61242,0.20741,3910.99,0
1.84119,7.38153,1.00872,1.48075,0.294432,4009.1,0
1.84769,7.49473,0.98835,1.32048,0.328621,4056.26,0
1.85423,7.45378,1.11405,1.46822,0.287798,4019.89,0
1.86072,7.18966,1.50202,1.62612,0.143762,3863.9,0
1.86724,7.48999,1.55903,1.541,0.283624,4011.25,0
1.87375,7.59792,1.72706,1.60287,0.315168,4054.93,0
1.88028,7.74454,1.58311,1.70508,0.363243,4118.82,0
1.88674,7.83241,1.70464,1.89423,0.378885,4151.28,0
1.89323,7.59917,1.71807,2.20525,0.238747,4013.87,0
1.89978,7.516,1.87945,2.28542,0.187035,3956.25,0
1.90626,7.33754,2.02484,2.13993,0.0911399,3849.18,0
1.91271,7.42374,1.86184,2.25007,0.129408,3881.27,0
1.91924,7.30621,1.75133,2.14164,0.0658604,3806.82,0
1.92575,7.25836,1.92362,2.17018,0.0404871,3769.11,0
1.93224,7.31854,1.94829,2.27213,0.0687247,3787.59,0
1.93878,7.41128,1.77965,2.33317,0.111394,3822.66,0
1.94524,7.32052,1.70398,2.49624,0.0608853,3763.3,0
1.95172,7.25584,1.81593,2.49765,0.0268047,3717.67,0
1.9582,7.21892,1.90478,2.49657,0.00727048,3686.52,0
1.96469,7.30768,1.92565,2.42292,0.0502758,3719.5,0
1.9712,7.53661,1.87985,2.44648,0.161025,3823.36,0
1.97768,7.28987,1.80697,2.36117,0.0330997,3686.06,0
1.98417,7.38925,1.91819,2.29872,0.0809262,3724.09,0
1.99067,7.43494,1.88269,2.31491,0.100822,3734.89,0
1.99722,7.50419,2.02736,2.16643,0.130651,3757.31,0
2.00372,7.55813,2.09738,2.24487,0.150156,3772.05,0
2.01017,7.65516,2.18161,2.07116,0.186836,3808.21,0
2.01668,7.51645,2.22662,2.12291,0.111542,3727.14,0
2.02317,7.56528,2.08981,2.14615,0.131356,3739.32,0
2.02968,7.64996,1.93358,2.10891,0.166479,3769.05,0
2.03621,7.67247,1.97767,2.26325,0.167734,3768.02,0
2.04273,7.77095,1.92323,2.53326,0.205196,3804.19,0
2.04929,7.79929,2.00161,2.732,0.206419,3805.85,0
2.05579,7.7939,1.86682,2.63036,0.191401,3791.19,0
2.06231,7.9145,1.77814,2.6265,0.239095,3837.69,0
2.06884,7.85588,1.78399,2.2593,0.191957,3797.24,0
2.07536,7.82059,1.54986,2.1155,0.162003,3768.31,0
2.08181,7.83762,1.57154,2.24728,0.161797,3764.8,0
2.08832,7.9644,1.27712,2.38132,0.215133,3813.78,0
2.09486,7.80171,1.30063,2.41655,0.126698,3724.21,0
2.10138,7.61661,1.38962,2.48357,0.0317085,3624.58,0
2.10785,7.62453,1.28269,2.52391,0.0334793,3617.2,0
2.11437,7.8043,1.23275,2.49646,0.120169,3691.07,0
2.12084,7.91499,1.25782,2.54143,0.168748,3732.01,0
2.12737,7.77987,1.29467,2.57104,0.0952192,3657.04,0
2.13387,7.92981,1.28034,2.60473,0.165039,3716.17,0
2.14036,8.01303,1.37807,2.72735,0.197036,3743.79,0
2.14685,8.01634,1.81659,2.64725,0.188457,3734,0
2.15337,7.93722,1.74129,2.61079,0.142727,3685.95,0
2.15992,8.04125,1.62213,2.60829,0.187039,3722.94,0
2.16644,8.0108,1.82794,2.5349,0.16246,3697.68,0
2.173,8.27366,1.84826,2.39035,0.279854,3807.48,0
2.17953,8.48938,1.81071,2.40015,0.362917,3895.05,0
2.18606,8.55675,1.95701,2.20272,0.367356,3914.24,0
2.19258,8.52407,2.03772,2.36197,0.329201,3887.69,0
2.19908,8.72924,2.13821,2.23976,0.401319,3969.49,0
2.20559,8.89976,1.6846,2.19978,0.447604,4035.09,0
2.21209,8.81615,1.67853,1.92416,0.365889,3985.44,0
2.21858,8.88386,1.54909,1.99895,0.370567,4004.29,0
2.22509,8.87407,1.83757,1.87269,0.333774,3988.17,0
2.23156,9.25395,2.1168,2.08117,0.492462,4146.85,0
2.23809,9.09528,2.00766,2.05775,0.377086,4063.86,0
2.24459,8.91926,2.05146,1.9894,0.260382,3973.68,0
2.25111,8.86265,1.88863,2.08382,0.214253,3937.01,0
2.25762,8.89096,1.75477,2.17229,0.213896,3938.2,0
2.26413,8.77847,1.78413,2.13959,0.146209,3877.19,0
2.27063,8.73267,1.78885,1.92418,0.117645,3845.92,0
2.27713,8.70444,1.93094,1.93934,0.0995301,3822.56,0
2.28365,9.00257,2.00658,1.55974,0.240337,3942.18,0
2.29015,9.21091,1.95752,1.60814,0.320609,4021.97,0
2.29663,9.19018,2.06017,1.59098,0.292199,4001.59,0
2.3031,9.43443,1.91944,1.7027,0.385278,4096.41,0
2.30965,9.33357,2.1485,1.57361,0.305822,4041.13,0
2.31615,9.01599,2.17487,1.45112,0.132027,3892.66,0
2.32264,8.98512,2.30422,1.4897,0.111751,3868.5,0
2.32916,9.14853,2.3143,1.65229,0.18338,3927.82,0
2.33563,9.24946,2.27927,1.66546,0.219021,3960.15,0
2.34213,9.16002,2.22373,1.92365,0.164802,3910.98,0
2.34864,9.34245,2.34422,1.94382,0.242944,3977.82,0
2.35513,9.56784,2.75189,1.9754,0.336539,4062.56,0
2.36162,9.72568,2.75254,2.28273,0.388537,4118.23,0
2.36814,9.62865,2.82937,2.37568,0.317311,4065.92,0
2.37466,9.68834,2.77164,2.31612,0.321172,4079.88,0
2.38117,9.67955,2.78988,2.09913,0.296437,4065.04,0
2.38765,9.37676,2.80866,2.07432,0.133059,3927.19,0
2.39423,9.40581,2.69283,2.0605,0.141191,3928.53,0
2.40072,9.57845,2.90116,2.10882,0.217823,3989.82,0
2.40719,9.71728,3.06135,1.9738,0.270584,4036.78,0
2.41373,9.91736,2.84357,2.16695,0.349921,4108.73,0
2.42027,9.92099,2.95575,2.01927,0.325364,4099.13,0
2.42673,10.1792,3.02993,1.91586,0.425356,4194.6,0
2.43329,9.95712,3.09784,1.7732,0.282171,4092.04,0
2.43983,10.1291,3.19752,1.88909,0.341333,4151.56,0
2.44632,10.1014,3.20022,1.68426,0.302306,4129.22,0
2.45282,10.0503,2.99855,1.81398,0.256565,4097.46,0
2.45938,9.92679,3.02131,1.55535,0.181981,4036.3,0
2.46586,10.413,3.05524,1.37777,0.398968,4222.88,0
2.47245,10.1988,2.92308,1.59588,0.272362,4124.98,0
2.47891,10.2691,2.85998,1.33185,0.284527,4142.59,0
2.48536,9.9863,2.82476,1.49318,0.131985,4018.05,0
2.49184,9.93551,3.00603,1.66611,0.101518,3987.22,0
2.49833,10.1141,2.95889,1.65087,0.186132,4048.36,0
2.5048,10.0535,2.76906,1.61706,0.145356,4013.69,0
2.5113,10.1972,2.67266,1.71037,0.208531,4060.54,0
2.51782,10.0442,2.67264,1.92386,0.122113,3989.26,0
2.52434,10.1658,2.72425,1.80077,0.17657,4027.14,0
2.53081,10.019,2.52525,1.72384,0.0966586,3958.79,0
2.53731,9.97901,2.54834,1.68746,0.0735718,3932.9,0
2.54381,10.1356,2.29308,1.91004,0.144777,3984.42,0
2.55034,10.4129,2.34234,1.88206,0.271079,4082.93,0
2.55691,10.3489,2.40723,1.84244,0.224147,4047.44,0
2.56341,10.7411,2.36269,1.84433,0.398836,4190.14,0
2.5699,10.7083,2.5961,1.9755,0.356,4166.82,0
2.57636,10.8979,2.64283,1.96924,0.42288,4229.97,0
2.58281,11.3636,2.82328,2.2279,0.610744,4399.7,0
2.58931,11.2776,2.8138,2.41873,0.516375,4355.45,0
2.59579,10.892,2.58128,2.22899,0.292301,4196.03,0
2.60229,10.7127,2.65107,2.22888,0.187446,4116.63,0
2.60879,10.8673,2.81272,2.50093,0.250327,4165.66,0
2.61531,10.808,2.64296,2.52853,0.206734,4132.61,0
2.62182,10.9883,2.74313,2.30283,0.282189,4191.11,0
2.62832,11.3598,2.84288,2.27594,0.439822,4322.08,0
2.63486,11.4617,2.81107,2.149,0.454407,4350.01,0
2.64136,11.6035,2.73352,2.43665,0.482574,4393.02,0
2.64789,11.6292,2.7712,2.52414,0.454031,4391.87,0
2.65439,11.3983,2.8505,2.44489,0.312442,4294.13,0
2.66093,11.1622,3.04626,2.44239,0.182633,4194.86,0
2.6674,11.1277,3.00886,2.58437,0.157956,4171.75,0
2.67393,11.369,3.00599,2.61293,0.264506,4251.78,0
2.68048,11.3171,3.10983,2.26083,0.220769,4222.06,0
2.68704,11.4519,3.11262,2.31782,0.271947,4261.91,0
2.69355,11.6158,3.29249,2.5368,0.332123,4312.44,0
2.70005,11.7034,3.40758,2.60242,0.346356,4334.52,0
2.70659,11.8823,3.31671,2.45793,0.403012,4390.12,0
2.71308,11.7323,3.3106,2.47184,0.295311,4324.36,0
2.71961,11.8392,3.21907,2.37084,0.326478,4353.28,0
2.72611,12.2984,3.40887,2.25624,0.512288,4511.34,0
2.73258,12.3222,3.27846,2.04978,0.478085,4509.36,0
2.73906,12.1807,3.01777,2.06896,0.372285,4447.03,0
2.7456,12.3903,3.30073,2.11627,0.446664,4512.77,0
2.75209,12.6826,3.45448,2.415,0.546128,4608.34,0
2.75859,12.4525,3.30417,2.64469,0.389912,4514.08,0
2.7651,12.3055,3.53928,2.72416,0.28958,4450.29,0
2.7716,12.3163,3.60243,2.81189,0.275846,4443.76,0
2.7781,12.3805,3.60586,2.88332,0.286985,4456.46,0
2.7846,12.4309,3.24527,3.00218,0.292236,4464.18,0
2.7911,12.4117,3.11937,2.89696,0.266581,4446.91,0
2.79765,12.3705,3.33638,3.13746,0.232697,4421.75,0
2.80417,12.3955,3.38122,3.45475,0.230051,4420.38,0
2.81068,12.4668,3.17231,3.35382,0.249565,4435.49,0
2.81717,12.604,2.7684,3.08047,0.301774,4473.97,0
2.82363,12.5146,2.86664,2.69324,0.238733,4432.1,0
2.83014,12.3253,2.71008,2.61189,0.133278,4355,0
2.83662,12.1039,2.87136,2.53219,0.019298,4267,0
2.84314,12.3342,2.79578,2.62928,0.13073,4338.22,0
2.84964,12.3892,2.67575,2.67716,0.150504,4347.62,0
2.85616,12.569,2.63648,2.52155,0.230152,4400.68,0
2.8626,12.4564,2.88689,2.60521,0.16338,4351.43,0
2.86909,12.3176,2.83307,2.63915,0.0890772,4293.21,0
2.87563,12.4172,2.77101,2.70575,0.133181,4318.1,0
2.88214,12.5609,2.79018,2.75931,0.197706,4358.18,0
2.8886,12.6151,2.88726,2.85142,0.212489,4367.21,0
2.89514,12.7132,2.84854,2.91142,0.246416,4391.23,0
2.90165,12.9348,2.57215,2.67783,0.336783,4457.72,0
2.90819,13.3467,2.48402,2.64826,0.504948,4589.33,0
2.91468,13.0802,2.60841,2.61778,0.336019,4487.68,0
2.92117,13.3839,2.88163,2.28567,0.456656,4581.7,0
2.92766,13.4706,2.58385,2.37141,0.460972,4601.17,0
2.93416,13.4155,2.78469,2.38464,0.395871,4572.17,0
2.94065,13.5459,2.89817,2.17421,0.427692,4606.42,0
2.94719,13.4536,2.81361,1.96064,0.351159,4564.91,0
2.95367,13.5142,2.62716,2.12264,0.353583,4575.39,0
2.96018,13.6799,2.65324,2.43576,0.406039,4621.31,0
2.96668,13.6486,2.6508,2.55082,0.353901,4600.65,0
2.97315,13.8643,2.71135,2.48955,0.429635,4663.17,0
2.97968,14.2174,3.02936,2.60122,0.559967,4771.45,0
2.98616,14.0109,3.06145,2.57671,0.418029,4691.96,0
2.99264,14.097,2.98365,2.06362,0.430672,4710.55,0
2.99914,13.8694,3.19415,2.1296,0.291893,4624.47,0
3.00566,14.0305,2.97429,2.26947,0.347057,4668.04,0
3.01214,14.0801,2.94814,2.45405,0.348315,4674.46,0
3.01871,14.1267,2.85931,2.74886,0.34787,4679.7,0
3.0253,14.1409,2.85793,2.85725,0.324915,4674.19,0
3.03179,14.1194,2.80131,3.17329,0.292517,4657.12,0
3.0383,14.0196,2.61969,3.093,0.225306,4614.31,0
3.04485,13.8206,2.66971,3.2838,0.115729,4539.02,0
3.05133,13.8382,2.47774,3.3278,0.119531,4535.14,0
3.05781,13.9531,2.42472,3.47032,0.169774,4563.09,0
3.06431,14.0706,2.5255,3.44597,0.220084,4591.77,0
3.07081,14.1512,2.55554,3.3472,0.24523,4608.3,0
3.07735,14.0755,2.68171,3.50094,0.190799,4573.89,0
3.08387,14.053,2.54507,3.62532,0.170143,4556.92,0
3.09035,13.9511,2.44251,3.52203,0.113236,4514.43,0
3.09688,13.9493,2.49009,3.66411,0.105884,4504.32,0
3.10337,13.9531,2.46095,3.92958,0.103884,4496.11,0
3.10985,13.8502,2.60745,4.05041,0.0493616,4453.65,0
3.11635,14.0387,2.54938,4.11268,0.139833,4504.85,0
3.12285,14.2031,2.70259,4.0152,0.211713,4548.13,0
3.12936,14.0974,2.55515,4.08619,0.14985,4504.89,0
3.13586,13.8739,2.45147,3.95293,0.034319,4424.26,0
3.14238,13.8657,2.44368,3.99903,0.029382,4412.48,0
3.14891,13.9998,2.24111,4.10177,0.0942804,4445.92,0
3.15543,13.9846,2.61322,4.21903,0.0837984,4431.92,0
3.16195,14.0286,2.63945,4.12243,0.102112,4436.68,0
3.16844,13.9787,2.56988,4.0761,0.0739712,4411.86,0
3.17495,13.9215,2.59898,4.0606,0.0435855,4384.78,0
3.18148,14.131,2.54974,3.99033,0.1462,4441.63,0
3.188,14.1079,2.65198,3.85129,0.127982,4425.3,0
3.19454,14.1914,2.76839,3.98046,0.163847,4442.4,0
3.20104,14.2894,2.68863,4.04567,0.203226,4463.98,0
3.20752,14.3917,2.7341,4.29605,0.242088,4486.85,0
3.21401,14.3011,2.77266,4.34602,0.18604,4449.62,0
3.22057,14.2218,2.58057,4.3192,0.138555,4415.92,0
3.22708,14.2029,2.66684,4.25023,0.123564,4401.18,0
3.23357,14.315,2.69449,4.3394,0.170469,4426.98,0
3.24009,14.4459,2.6166,4.41604,0.221958,4458.48,0
3.24653,14.5611,2.56511,4.37532,0.26529,4485.11,0
3.25303,14.8627,2.58974,4.49571,0.395475,4568.87,0
3.25951,14.7562,2.67022,4.46203,0.317372,4527.1,0
3.26602,14.7835,2.78128,4.61875,0.303305,4526.46,0
3.2725,14.7829,2.81788,4.31585,0.281898,4517.31,0
3.27899,14.7809,2.90005,4.09395,0.259625,4507.75,0
3.28547,14.6486,2.80934,4.27321,0.178442,4458.61,0
3.29203,14.9464,2.95,4.27081,0.312674,4540.18,0
3.29848,14.7684,2.86263,4.3411,0.208464,4477.32,0
3.30499,14.8248,2.79417,4.39747,0.223861,4485.58,0
3.3115,14.8477,3.04635,3.96407,0.219165,4483.68,0
3.31801,14.8666,2.98425,4.0504,0.216972,4480.59,0
3.32456,14.9158,3.05234,4.17727,0.227947,4486.56,0
3.33109,14.7889,3.31532,4.18987,0.150094,4439.64,0
3.33758,14.9623,3.43903,4.13092,0.225562,4482.98,0
3.34411,15.0879,3.10481,4.13339,0.270424,4511.79,0
3.35062,15.3267,3.17635,3.89135,0.365713,4574.27,0
3.35707,15.5701,3.21811,3.83812,0.455628,4638.01,0
3.36354,15.7065,3.21439,3.8398,0.478582,4669.64,0
3.37001,15.9481,3.08075,3.93088,0.554042,4732.36,0
3.37651,15.9958,3.02649,4.09883,0.526868,4737.37,0
3.38301,15.9989,2.56973,4.37395,0.476221,4729.2,0
3.38949,16.1021,2.49633,4.17043,0.483229,4750.59,0
3.39602,16.3303,2.38006,4.27752,0.547149,4808.66,0
3.40253,16.3128,2.35278,4.39545,0.48613,4794.32,0
3.40903,16.2575,2.05144,4.12185,0.417249,4768.94,0
3.41556,16.0979,2.05989,4.07637,0.312808,4713.1,0
3.42208,16.3041,2.08212,4.18907,0.384958,4764.4,0
3.42856,16.3122,2.10586,4.30872,0.358175,4757.74,0
3.43508,16.1755,1.99532,4.34799,0.263376,4708.91,0
3.4416,16.1086,2.1722,4.34854,0.216094,4680.55,0
3.44811,16.1626,2.19498,4.27972,0.229721,4687.39,0
3.45461,16.0411,2.45922,4.31962,0.15845,4643.38,0
3.46114,16.0674,2.48263,4.26068,0.162116,4642.23,0
3.46765,15.9703,2.47065,4.19554,0.104514,4605.51,0
3.47416,16.1251,2.40779,4.028,0.176049,4641.44,0
3.48064,16.3435,2.40548,3.71722,0.271645,4695.53,0
3.48712,16.6132,2.44741,3.72096,0.38542,4764.15,0
3.49361,16.497,2.22038,3.57497,0.305887,4722.06,0
3.50013,16.2738,2.30046,3.46165,0.176108,4649.49,0
3.50666,16.1215,2.14275,3.59436,0.0942731,4597.4,0
3.51317,16.0834,2.09698,3.52883,0.0731165,4578.04,0
3.51975,16.2143,1.84513,3.40598,0.1339,4606.67,0
3.52621,16.4779,1.696,3.28976,0.252996,4672.96,0
3.5327,16.5014,1.79355,3.08171,0.245135,4671.06,0
3.5392,16.443,1.75043,2.82534,0.201997,4645.97,0
3.54573,16.486,1.5152,2.72797,0.209316,4649.54,0
3.55221,16.3685,1.5039,2.76371,0.141367,4607.97,0
3.55866,16.2848,1.54476,2.55501,0.0946006,4576.12,0
3.56514,16.4266,1.6149,2.65205,0.161204,4607.56,0
3.57166,16.4289,1.59433,2.72127,0.154246,4599.8,0
3.5782,16.5009,1.43132,2.97528,0.179701,4611.49,0
3.58473,16.5688,1.12476,2.95705,0.204762,4622.07,0
3.59123,16.6476,1.23113,3.00399,0.228093,4635.63,0
3.59779,16.7074,1.25693,2.83641,0.243393,4643.8,0
3.6043,16.769,1.50879,2.76223,0.25521,4652.5,0
3.61079,17.0475,1.67003,2.80311,0.37419,4721.28,0
3.61727,17.3367,1.73424,2.60507,0.473705,4792.77,0
3.62377,17.1542,1.74071,2.57772,0.348316,4733.79,0
3.63028,17.2034,1.97923,2.40807,0.346592,4738.86,0
3.63678,17.3799,2.24444,2.74328,0.405311,4778.92,0
3.64324,17.3244,2.18974,2.61742,0.342989,4755.21,0
3.64974,17.2438,2.3201,2.73555,0.279617,4724.66,0
3.65625,17.4267,2.39994,2.53122,0.34806,4766.27,0
3.66273,17.3204,2.3288,2.34152,0.272126,4728.83,0
3.66921,17.6018,2.52667,2.31128,0.39045,4797.16,0
3.67573,17.2251,2.21078,2.50538,0.179923,4686.17,0
3.68227,17.2271,2.311,2.46518,0.171014,4678.4,0
3.68877,17.3061,2.3481,2.46417,0.200853,4691.57,0
3.69527,17.2801,2.26077,2.58032,0.178075,4676.29,0
3.70176,17.3377,2.40454,2.49652,0.19532,4683.63,0
3.70825,17.4525,2.34242,2.69343,0.239011,4706.41,0
3.71477,17.2621,2.47353,2.54874,0.132144,4646.9,0
3.72128,17.3451,2.55405,2.52343,0.168082,4661.05,0
3.72782,17.401,2.66425,2.20006,0.186598,4667.87,0
3.73438,17.267,2.76851,2.122,0.113686,4623.81,0
3.74085,17.1686,2.63676,2.38189,0.0616765,4589.49,0
3.74738,17.2501,2.32637,2.62331,0.0993279,4603.26,0
3.75388,17.3532,2.33813,2.53217,0.146066,4622.72,0
3.76042,17.5525,2.29036,2.42544,0.236739,4667.69,0
3.76691,17.7836,2.32935,2.50228,0.33371,4721.02,0
3.77342,17.8336,2.23225,2.65254,0.335921,4726.12,0
3.77992,17.5408,2.09997,2.48864,0.175531,4640.52,0
3.78644,17.5638,2.01769,2.4865,0.176528,4638.6,0
3.79296,17.5153,2.02734,2.38757,0.143946,4617.84,0
3.7995,17.5019,1.95983,2.27106,0.128288,4606.36,0
3.806,17.4618,2.0127,2.32976,0.101099,4587.96,0
3.81248,17.507,2.14875,2.38826,0.11786,4592.04,0
3.81899,17.3848,2.06756,2.33274,0.0547981,4552.2,0
3.8255,17.8621,2.01161,2.2574,0.283282,4669.2,0
3.83203,18.2476,1.84802,1.92746,0.449217,4761.87,0
3.83855,18.2396,1.91406,2.02881,0.407029,4751.71,0
3.84506,18.453,1.60664,1.95541,0.478248,4799.14,0
3.85156,18.5992,1.54986,2.01113,0.498928,4829.01,0
3.85806,18.5126,1.71678,2.16768,0.415523,4798.42,0
3.86459,18.4082,1.67099,2.04565,0.332119,4763.31,0
3.8711,18.7291,1.87479,1.67092,0.459084,4838.2,0
3.87758,18.6397,1.77139,1.39785,0.387066,4807.04,0
3.88409,18.766,1.81051,1.38927,0.419445,4831.5,0
3.89058,18.7274,1.7658,1.26766,0.368823,4813.52,0
3.89708,18.8329,1.61054,1.36723,0.39546,4832.57,0
3.90363,18.8893,1.13706,1.33322,0.387904,4838.9,0
3.91012,18.8516,1.56054,1.19055,0.340004,4821.25,0
3.91663,18.8778,1.66949,1.20608,0.329548,4819.92,0
3.92318,18.9553,1.77945,0.931119,0.338072,4831.63,0
3.92968,18.917,1.91905,0.964654,0.297499,4813.86,0
3.93618,18.9126,1.65053,1.21657,0.276251,4804.81,0
3.94271,18.7653,1.72074,1.35467,0.189339,4759.48,0
3.94927,18.998,1.81798,1.55894,0.290026,4810.5,0
3.95579,18.9905,1.61841,1.6123,0.267646,4800.7,0
3.96231,18.9512,1.5995,1.5583,0.229595,4782.87,0
3.9688,18.9333,1.49539,1.51707,0.205091,4770.53,0
3.97529,18.8021,1.52605,1.37047,0.128623,4729.75,0
3.98183,18.9506,1.35499,1.29224,0.193809,4759.25,0
3.98831,18.7688,1.65912,1.52674,0.0964617,4705.94,0
3.99483,18.7936,1.68533,1.4471,0.104488,4704.47,0
4.00138,18.8584,1.66084,1.35789,0.130681,4712.97,0
4.00787,19.0484,1.68508,1.3707,0.21433,4752.75,0
4.01436,19.0259,1.52676,1.14568,0.190599,4739.47,0
4.02091,19.1095,1.42825,1.04681,0.21687,4752.52,0
4.02745,19.2506,1.61577,1.11258,0.270138,4779.84,0
4.03396,19.0238,1.73655,1.05671,0.144072,4715.92,0
4.04044,19.2022,2.06045,0.957845,0.22483,4752.5,0
4.04698,18.9131,1.96635,0.919607,0.0732196,4673.38,0
4.05353,18.8821,2.11098,0.893226,0.0563144,4658.18,0
4.06005,18.983,2.1408,0.958944,0.104576,4675.55,0
4.06654,19.0934,2.19394,1.31579,0.153558,4695.26,0
4.07301,19.2436,2.25025,1.46157,0.215326,4724.66,0
4.07948,19.4458,2.46986,1.51259,0.301887,4766.74,0
4.08601,19.5538,2.27179,1.48206,0.329862,4785.55,0
4.09257,19.6351,2.13655,1.51537,0.345855,4797.75,0
4.09904,19.7944,2.18393,1.53555,0.396419,4829.04,0
4.10556,19.841,2.47264,1.51485,0.386865,4832.72,0
4.11208,19.9541,2.44765,1.48883,0.408224,4852.57,0
4.1186,20.0535,2.46806,1.31293,0.425066,4869.03,0
4.12507,19.935,2.37504,1.01578,0.335795,4832.63,0
4.13155,19.7544,2.31391,0.843437,0.230339,4781.36,0
4.13803,19.8518,2.11881,0.740198,0.261399,4797.39,0
4.14455,19.6543,2.00192,0.95271,0.150507,4742.2,0
4.15107,19.5224,2.26445,0.759125,0.0788436,4702.98,0
4.15758,19.611,2.22724,0.664699,0.118551,4716.92,0
4.16414,19.6519,2.21647,0.645038,0.132375,4719.31,0
4.1707,20.0095,2.17201,0.844614,0.296887,4797.63,0
4.17717,20.0081,2.20033,0.712506,0.275752,4789.87,0
4.18367,20.0788,2.17307,0.79951,0.295699,4799.33,0
4.19018,19.993,2.01973,0.566395,0.239177,4771.39,0
4.19666,19.9551,1.84065,0.448079,0.206343,4754.98,0
4.2032,20.0559,1.69667,0.395193,0.240871,4771.57,0
4.20972,20.145,1.91426,0.307441,0.270538,4785.36,0
4.21623,20.0065,2.10874,0.373908,0.187431,4745.12,0
4.22269,20.1916,2.15973,0.131304,0.26845,4781.69,0
4.22916,20.4044,2.23681,-0.000354763,0.353946,4824.71,0
4.23566,20.7921,2.10645,0.0518105,0.516151,4908.81,0
4.24217,20.9172,2.03429,0.169694,0.524972,4930.79,0
4.2487,20.7756,1.92402,-0.028649,0.411505,4889.87,0
4.25522,20.839,1.61049,0.125405,0.40449,4897.29,0
4.26168,20.5904,1.66937,-0.0554138,0.257106,4831.52,0
4.26816,20.7243,1.54659,0.0160332,0.303777,4855.56,0
4.27465,20.9118,1.51786,0.148736,0.373883,4892.05,0
4.28122,20.8955,1.57419,0.31368,0.339178,4880.74,0
4.28771,20.9133,1.63006,0.176742,0.319196,4877.49,0
4.29422,20.7973,1.64837,0.225061,0.243847,4843.08,0
4.30072,20.7504,1.53256,0.182872,0.207696,4824.87,0
4.30722,20.7147,1.49699,0.166159,0.17931,4809.3,0
4.31378,20.874,1.28558,-0.0595791,0.246752,4838.92,0
4.32029,20.8867,1.23137,-0.0488555,0.238547,4834.56,0
4.32674,21.0947,1.41282,-0.0715265,0.32222,4875.43,0
4.33326,21.1502,1.38901,-0.193682,0.326731,4880.89,0
4.33974,20.9637,1.7011,-0.31521,0.215491,4830.64,0
4.34628,20.95,1.5707,-0.367829,0.195454,4820.22,0
4.35282,21.0376,1.44835,-0.470307,0.22838,4833.11,0
4.35931,20.8724,1.61118,-0.436972,0.134551,4787.99,0
4.36578,20.8996,1.32276,-0.390147,0.136702,4787.14,0
4.3723,20.8267,1.11244,-0.379103,0.0948536,4763.34,0
4.37881,20.8486,1.2445,-0.404208,0.10227,4761.24,0
4.38532,20.8939,1.03721,-0.316971,0.119441,4764.51,0
4.39179,21.082,1.37262,-0.647864,0.205401,4800.32,0
4.39832,21.1478,1.45773,-0.779785,0.226763,4808.15,0
4.40481,21.2899,1.15764,-0.98776,0.282091,4833.32,0
4.41134,21.2903,1.30079,-0.882407,0.261705,4826.27,0
4.41782,21.2896,1.43035,-0.987158,0.246674,4819.04,0
4.42435,21.4986,1.42639,-1.01569,0.330506,4859.15,0
4.43085,21.5143,1.50981,-0.925302,0.316001,4855.57,0
4.43739,21.6165,1.32756,-1.2315,0.341579,4871.45,0
4.44389,21.5005,1.26706,-1.37926,0.262911,4838.22,0
4.45043,21.2573,1.26071,-1.30343,0.128912,4776.46,0
4.45696,21.3388,1.10109,-1.35248,0.162631,4787.74,0
4.46348,21.4112,1.14975,-1.12935,0.189562,4796.97,0
4.47,21.6703,1.12329,-1.09598,0.301753,4847.94,0
4.4765,21.8132,1.16673,-1.02711,0.353195,4872.82,0
4.48305,21.7561,1.44672,-1.03451,0.298177,4852.97,0
4.48955,21.8038,1.42968,-1.27598,0.300131,4856.58,0
4.49603,21.8679,1.62976,-1.31701,0.308619,4863.83,0
4.50256,21.8296,1.79874,-1.33434,0.268007,4848.26,0
4.50908,21.8427,1.64319,-1.23986,0.254927,4844.15,0
4.51559,21.8506,1.47685,-1.24663,0.238783,4838.94,0
4.52211,21.7203,1.49832,-1.27331,0.161861,4803.13,0
4.52859,21.7123,1.47962,-1.13508,0.149608,4794.5,0
4.53516,21.6296,1.24109,-1.23952,0.101383,4769.32,0
4.54164,21.5096,1.27191,-1.31094,0.0395128,4736.08,0
4.54817,21.4727,1.46519,-1.0939,0.0201677,4721.18,0
4.55466,21.7059,1.42363,-1.04088,0.133311,4765.64,0
4.56119,21.6638,1.41974,-0.710908,0.106312,4749.58,0
4.56771,21.7437,1.39606,-0.764064,0.141915,4760.31,0
4.57422,21.8862,1.24999,-0.715151,0.203393,4784.69,0
4.58077,22.0267,1.29255,-0.640349,0.260373,4808.53,0
4.58731,22.0342,1.09836,-0.54161,0.246767,4803.3,0
4.59387,22.2509,1.01031,-0.306915,0.331558,4843.6,0
4.60038,22.4329,0.631355,-0.162662,0.391414,4876.31,0
4.60686,22.5352,0.504378,-0.266724,0.410466,4891.66,0
4.61334,22.2695,0.690501,-0.225389,0.252392,4827.18,0
4.61985,22.1395,0.443098,-0.125276,0.176899,4792.25,0
4.62634,22.1325,0.289174,-0.0604968,0.166432,4784.02,0
4.63282,22.1384,0.561544,0.0506875,0.161464,4778.6,0
4.63933,22.2777,0.749533,0.104045,0.219372,4801.92,0
4.64588,22.0959,0.547143,0.0129471,0.118022,4756.01,0
4.65243,22.1348,0.446373,0.00398949,0.130569,4757.67,0
4.65893,22.1711,0.742505,-0.103379,0.140379,4758.84,0
4.66543,22.0496,0.985858,-0.183116,0.0733346,4726.17,0
4.67195,22.0098,0.939681,0.0444282,0.0509727,4711.06,0
4.67843,22.0728,0.997743,0.023712,0.0813941,4718,0
4.68492,21.9781,1.03464,-0.0721423,0.0323545,4691.24,0
4.69146,21.9879,1.01957,-0.04612,0.0364434,4686.78,0
4.69797,21.9907,0.854011,-0.148745,0.0371973,4680.89,0
4.70444,22.038,0.80611,-0.232094,0.0599838,4684.52,0
4.71095,22.009,0.573861,-0.258583,0.043603,4671.88,0
4.71744,22.1558,0.620286,-0.437203,0.114675,4696.58,0
4.72397,22.1061,0.609003,-0.488648,0.0852411,4679.57,0
4.7305,22.1136,0.771478,-0.372742,0.0850938,4674.68,0
4.73701,21.9997,0.831202,-0.409157,0.0268772,4644.21,0
4.74353,22.0319,0.866913,-0.367521,0.0425219,4644.62,0
4.75001,22.0848,0.753561,-0.20183,0.065687,4649.42,0
4.75652,22.1503,0.833031,-0.129071,0.0947417,4656.82,0
4.76303,22.1894,0.769164,-0.106285,0.110622,4658.67,0
4.76954,22.3396,0.62884,-0.352603,0.178251,4683.82,0
4.77606,22.5345,0.573655,-0.299471,0.26345,4718.21,0
4.78255,22.5728,0.49982,-0.474776,0.263093,4719.84,0
4.78909,22.5961,0.394517,-0.421363,0.254314,4718.24,0
4.79562,22.7695,0.299349,-0.8033,0.320532,4747.98,0
4.80214,22.7331,0.408411,-0.709237,0.281439,4733.96,0
4.80862,22.9691,0.577886,-0.750947,0.371687,4776.65,0
4.81514,22.9331,0.515249,-0.686856,0.329266,4762.72,0
4.82164,22.8524,0.640282,-0.710384,0.266266,4739.54,0
4.82814,22.7696,0.787212,-0.716632,0.208584,4716.02,0
4.83467,22.8812,0.990348,-0.687055,0.250495,4732.74,0
4.84117,23.0585,0.951711,-0.745894,0.319219,4763.01,0
4.84767,23.0922,0.979058,-0.630924,0.314498,4763.58,0
4.85413,23.1155,1.18674,-0.749307,0.301666,4762.03,0
4.86059,23.4795,1.08484,-0.845901,0.454879,4830.59,0
4.86706,23.3634,1.13558,-0.882966,0.358071,4800.32,0
4.87358,23.2023,0.751822,-0.675696,0.255964,4760.83,0
4.88007,23.2027,0.541053,-0.740134,0.240497,4754.58,0
4.88654,23.2759,0.399546,-0.731016,0.261824,4763.26,0
4.89306,23.1391,0.266391,-0.801595,0.179419,4728.95,0
4.89955,23.159,0.175197,-0.676626,0.176665,4726.76,0
4.90601,23.3022,0.397824,-0.709932,0.235656,4749.72,0
4.91249,23.2008,0.565042,-0.732735,0.172337,4722.82,0
4.91897,23.2161,0.568588,-0.432927,0.171111,4719.7,0
4.92551,23.307,0.77239,-0.63404,0.204408,4731.89,0
4.93202,23.1833,0.681979,-0.464093,0.132023,4700.57,0
4.93852,23.1217,0.94594,-0.625795,0.0967855,4681.91,0
4.94509,23.1082,0.708632,-0.678025,0.0864115,4672.96,0
4.95158,23.2223,0.72238,-0.501547,0.135827,4689.88,0
4.95808,23.4432,0.848456,-0.693131,0.234331,4728.29,0
4.96462,23.3171,0.656492,-0.632078,0.157055,4696.65,0
4.97115,23.1632,0.752536,-0.910664,0.0761489,4659.52,0
4.97765,23.1575,0.841258,-0.843049,0.0704187,4652.3,0
4.98415,23.1618,0.6439,-0.81395,0.0691965,4647.09,0
4.99068,23.1162,0.316079,-0.997948,0.0437009,4631.87,0
4.99723,23.0586,0.441086,-1.03456,0.0145721,4614.27,0
5.00374,23.0414,0.47921,-0.978661,0.00571574,4604.84,0
5.01025,23.1096,0.414163,-0.913234,0.0388304,4612.46,0
5.01677,23.3008,0.448132,-0.918471,0.130843,4644.59,0
5.02326,23.4213,0.433383,-1.09957,0.180419,4662.57,0
5.02975,23.7291,0.302916,-1.15693,0.316644,4717.75,0
5.03626,23.7572,0.259524,-1.2037,0.304627,4717.24,0
5.04276,23.7983,0.0739818,-1.35146,0.30335,4719.3,0
5.04931,24.0073,0.122948,-1.37055,0.379913,4754.58,0
5.05582,23.9659,0.233486,-1.2357,0.336661,4740.26,0
5.06236,23.9211,0.611978,-1.18663,0.289265,4725.29,0
5.06886,23.9876,0.535145,-1.28786,0.300143,4732.34,0
5.07531,23.8151,0.600607,-1.17742,0.197415,4692.35,0
5.0818,23.6759,0.566378,-1.2892,0.120002,4658.96,0
5.08829,23.5809,0.535443,-1.37762,0.0673038,4634.34,0
5.0948,23.6132,0.655022,-1.30783,0.0811435,4634.78,0
5.10129,23.692,0.679549,-1.19397,0.116634,4644.32,0
5.10777,23.7807,0.59686,-1.01736,0.154995,4655.79,0
5.11427,23.7067,0.783574,-1.03866,0.109942,4635.4,0
5.12079,23.8643,0.689727,-1.11987,0.18198,4660.28,0
5.12732,24.0204,0.880403,-1.18884,0.24923,4684.78,0
5.1338,23.9385,0.684633,-1.13481,0.194766,4662.92,0
5.14029,24.0457,0.801941,-1.14899,0.237026,4677.89,0
5.14679,23.9939,0.947846,-0.813747,0.196939,4661.92,0
5.15326,24.1046,0.949879,-1.09845,0.236641,4677.54,0
5.15976,24.3042,0.909765,-0.945834,0.31581,4710.33,0
5.16628,24.293,0.902077,-0.934495,0.290533,4702.22,0
5.17282,24.3616,1.1168,-0.698316,0.305241,4709.54,0
5.17936,24.5067,1.145,-0.715629,0.352391,4731.61,0
5.18588,24.4263,1.27703,-0.704958,0.288002,4710.16,0
5.19238,24.579,1.48546,-0.582342,0.339271,4733.68,0
5.19887,24.8297,1.5654,-0.521903,0.433651,4775.97,0
5.20537,25.1801,1.82843,-0.425557,0.562846,4837.34,0
5.21189,25.2446,1.80169,-0.710104,0.543741,4843.66,0
5.21833,25.2092,1.8141,-0.440467,0.479658,4830.9,0
5.22484,25.5102,1.81773,-0.430931,0.58096,4882.49,0
5.23137,25.4934,1.86576,-0.47215,0.513862,4873.18,0
5.23781,25.1601,1.72534,-0.464067,0.309157,4803.55,0
5.24429,25.4751,1.66528,-0.517628,0.436938,4857.68,0
5.25079,25.5381,1.5292,-0.453859,0.432938,4863.68,0
5.25733,25.5904,1.59968,-0.506034,0.425383,4867.58,0
5.26383,25.4909,1.62401,-0.454196,0.348928,4842.66,0
5.27032,25.4963,1.49185,-0.502646,0.321874,4837.7,0
5.27682,25.7055,1.48512,-0.57946,0.392452,4871.4,0
5.28335,25.9737,1.04889,-0.309146,0.487964,4916.14,0
5.28987,26.2566,1.00258,-0.0308778,0.585091,4963.56,0
5.29638,26.5054,0.844042,0.0796776,0.644144,5004.43,0
5.30287,26.5015,0.898398,0.244849,0.580236,4997.58,0
5.30935,26.1945,1.1567,0.261642,0.388757,4933.66,0
5.31586,26.2833,0.937458,0.673439,0.398106,4944.32,0
5.3224,26.1042,1.02331,0.836338,0.285119,4904.59,0
5.32892,25.9705,1.02554,0.863146,0.202059,4873.51,0
5.33539,25.9313,0.745495,0.698428,0.172157,4860.25,0
5.34191,25.915,0.430404,0.465796,0.156648,4851.26,0
5.34839,25.8955,0.367504,0.500936,0.140047,4841.73,0
5.3549,26.1367,0.15556,0.189389,0.250731,4880.9,0
5.36138,26.2091,0.221686,0.204673,0.267814,4888.5,0
5.3679,26.2324,0.106308,0.292825,0.259538,4886.9,0
5.3744,26.1613,0.0128535,-0.033538,0.211436,4867.75,0
5.3809,26.0853,-0.0417333,-0.138239,0.167259,4847.76,0
5.38741,26.1143,-0.200695,-0.168316,0.171947,4847.28,0
5.39386,26.3529,-0.140928,-0.149957,0.276565,4885.72,0
5.40035,26.7229,0.0955418,-0.154887,0.436199,4948.37,0
5.40691,26.8653,0.148737,-0.30992,0.466714,4968.7,0
5.41341,26.7147,0.0787806,-0.334123,0.356211,4934.9,0
5.41987,26.7142,-0.0417834,-0.303528,0.330436,4928.95,0
5.42643,26.5584,0.0650736,-0.217442,0.234822,4894.27,0
5.43291,26.6058,-0.181281,-0.372191,0.242436,4897.15,0
5.4394,26.6046,-0.0706894,-0.59994,0.228035,4891.1,0
5.44594,26.4489,-0.320525,-0.720429,0.14016,4856.62,0
5.45247,26.499,-0.451432,-0.52636,0.156228,4860,0
5.45896,26.5306,-0.412247,-0.60646,0.163373,4860.02,0
5.46547,26.7008,-0.17433,-0.796442,0.237254,4885.37,0
5.47198,26.9338,-0.296223,-0.878305,0.332749,4922.13,0
5.4785,26.7927,-0.198512,-0.935896,0.243432,4890.52,0
5.48504,26.7496,-0.0715202,-1.00367,0.207032,4876.83,0
5.49153,26.6591,-0.0280187,-1.07523,0.151429,4854.58,0
5.49806,26.8461,-0.0170846,-1.33896,0.233607,4882.84,0
5.50455,27.0637,0.114376,-1.36625,0.324457,4916.6,0
5.51106,26.9919,0.392465,-1.41021,0.271719,4897.77,0
5.51758,26.8885,0.369669,-1.475,0.203997,4873.23,0
5.52412,26.8489,0.26161,-1.61622,0.174395,4860.3,0
5.53066,26.8753,0.0823617,-1.88061,0.178781,4859.33,0
5.53721,26.7686,0.0687461,-2.05142,0.11953,4834.32,0
5.54371,26.826,-0.156626,-2.06332,0.142939,4839,0
5.55022,26.8298,-0.0982006,-1.98337,0.137655,4834.01,0
5.55671,26.6373,-0.135298,-2.06607,0.0373065,4793.72,0
5.56325,26.7324,0.12483,-2.10669,0.0834261,4805.18,0
5.56972,26.7237,0.125786,-2.23184,0.0752188,4798.04,0
5.57624,26.682,0.244559,-2.15334,0.052597,4784.94,0
5.58275,26.6859,0.223069,-2.35485,0.0531224,4780.06,0
5.58922,26.7341,0.290898,-2.31696,0.074869,4783.15,0
5.59571,26.715,0.245231,-2.49718,0.0631122,4774.2,0
5.60217,26.6755,0.337774,-2.32462,0.0424442,4761.64,0
5.60863,26.8773,0.298101,-2.34277,0.138376,4792.13,0
5.61517,27.0616,0.2145,-2.45496,0.21888,4819.38,0
5.62169,27.1342,0.0539316,-2.40147,0.239773,4826.7,0
5.62818,26.9477,0.142378,-2.63943,0.137146,4788,0
5.63466,27.1775,0.120006,-2.41666,0.239765,4823.27,0
5.64118,26.9605,0.0922757,-2.57697,0.121503,4779.24,0
5.64768,27.0561,0.30277,-2.63595,0.162197,4790.67,0
5.65417,27.2172,0.388707,-2.72327,0.229835,4813.65,0
5.66066,27.151,0.527986,-2.68269,0.184718,4796.43,0
5.66718,27.0113,0.691779,-2.63988,0.10857,4766.26,0
5.6737,26.9422,0.550187,-2.44164,0.0697331,4748.61,0
5.68023,27.1197,0.463287,-2.70547,0.15293,4774.41,0
5.68671,27.3126,0.838637,-2.66927,0.237934,4802.88,0
5.69324,27.4099,0.850391,-2.56864,0.270436,4814.46,0
5.69972,27.3925,0.639699,-2.74392,0.243467,4805.94,0
5.70623,27.1708,0.729186,-3.03754,0.119419,4761.6,0
5.71272,27.1004,0.664098,-3.05588,0.0819128,4743.87,0
5.71922,27.4055,0.65306,-3.00266,0.224398,4791.82,0
5.72572,27.5957,0.809962,-2.96926,0.299559,4819.59,0
5.73224,27.8107,0.826093,-2.79715,0.385235,4851.63,0
5.73873,28.0267,0.913326,-3.00104,0.457464,4883.78,0
5.74524,28.2679,1.02089,-3.06427,0.528062,4920.23,0
5.75173,28.103,0.848559,-2.8585,0.402556,4886.01,0
5.75823,27.9868,0.964393,-2.79854,0.316633,4860.31,0
5.76477,27.9146,0.801409,-2.70119,0.25805,4842.28,0
5.77129,27.7046,0.916733,-2.78537,0.141028,4800.41,0
5.7778,27.6729,0.683787,-2.84206,0.12072,4789.52,0
5.78436,27.7325,0.834631,-2.85446,0.141538,4794.39,0
5.79085,27.7728,0.690151,-2.9116,0.153685,4795.98,0
5.79731,27.8766,0.601041,-2.82634,0.196733,4808.53,0
5.80381,28.1039,0.527002,-2.72314,0.290935,4842.32,0
5.81032,27.9178,0.311424,-2.88106,0.18215,4804.87,0
5.81686,27.8222,0.27151,-2.91436,0.123903,4783.02,0
5.82337,27.757,0.209061,-2.9218,0.0874217,4766.49,0
5.82988,27.6905,0.0158386,-2.99611,0.0510052,4749.75,0
5.83645,27.9506,-0.147014,-3.00468,0.176525,4788.97,0
5.84295,27.8549,-0.11614,-3.04677,0.11917,4767.27,0
5.84948,27.8121,-0.0589734,-3.02541,0.0937229,4754.62,0
5.856,27.8561,-0.119519,-2.96803,0.111963,4756.84,0
5.86251,27.9,0.0219747,-2.99821,0.128707,4759.06,0
5.86901,27.7694,0.0272718,-2.98585,0.0602329,4731.53,0
5.87551,27.7878,-0.16548,-2.90718,0.0668547,4729.42,0
5.882,27.8601,-0.151319,-2.97345,0.100237,4736.5,0
5.88851,27.945,-0.114376,-3.07462,0.136802,4745.69,0
5.89506,27.7947,0.071368,-2.95626,0.0585647,4714.92,0
5.90157,27.8504,0.171093,-2.77713,0.0836033,4719.15,0
5.9081,27.929,0.0945578,-2.82333,0.117915,4727.23,0
5.91464,28.0567,0.149731,-2.86899,0.174481,4743.61,0
5.92117,27.8015,0.203875,-2.75756,0.0438974,4695.27,0
5.92763,27.803,0.205722,-2.83026,0.0438253,4690.41,0
5.93412,27.808,0.286479,-2.8001,0.0442904,4686.12,0
5.94058,27.8446,0.410304,-2.7459,0.0589946,4687.19,0
5.94708,27.9753,0.484783,-2.85864,0.121631,4704.04,0
5.95358,28.0547,0.494556,-2.95646,0.153517,4712.25,0
5.9601,28.2258,0.51061,-3.07153,0.228116,4735.8,0
5.96655,28.5073,0.496112,-3.2045,0.354222,4777.85,0
5.97302,28.6281,0.484886,-2.95726,0.387752,4792.9,0
5.97952,28.5541,0.606023,-3.08014,0.31776,4775.31,0
5.98598,28.6359,0.315777,-2.93391,0.33997,4783.82,0
5.99249,28.7254,0.26547,-3.02093,0.354539,4793.57,0
5.99905,28.8674,0.277813,-2.99731,0.394405,4812,0
6.00556,28.9191,-0.140485,-2.88465,0.386762,4815.39,0
6.01208,28.9444,-0.306071,-2.85082,0.366436,4814.38,0
6.01854,28.9666,-0.384824,-2.76174,0.349346,4812.89,0
6.02508,29.1779,-0.120204,-2.65778,0.424299,4842.74,0
6.03159,29.2657,0.124588,-2.51912,0.43146,4852.07,0
6.03813,29.1955,0.333968,-2.6152,0.365065,4835.19,0
6.04463,29.2444,0.648388,-2.79035,0.357122,4838.09,0
6.05116,29.1544,0.607581,-3.00106,0.289058,4817.98,0
6.05763,29.3654,0.478726,-2.98124,0.368516,4847.68,0
6.06417,29.4112,0.615612,-2.93271,0.35841,4850,0
6.07068,29.3266,0.771109,-2.82931,0.293284,4830.86,0
6.07717,29.0146,1.0556,-2.97551,0.124216,4774.36,0
6.08368,29.0916,0.892467,-2.83268,0.154656,4781.9,0
6.09019,29.3173,0.948833,-2.89527,0.256888,4813.86,0
6.09666,29.3421,0.802071,-2.78896,0.253422,4812.82,0
6.10318,29.1532,0.832115,-2.67489,0.146495,4776.73,0
6.10971,29.2591,0.707216,-3.05719,0.187873,4788.95,0
6.11618,29.5936,0.82607,-3.12248,0.340019,4838.58,0
6.12279,29.5838,0.930717,-3.20673,0.31175,4831.76,0
6.12929,29.5032,0.618174,-3.13485,0.254696,4813.47,0
6.13582,29.5362,0.725956,-3.2878,0.256538,4813.74,0
6.14236,29.6797,0.698217,-3.17778,0.307735,4831.97,0
6.14891,29.2998,0.530468,-3.19083,0.105476,4765.04,0
6.15539,29.2847,0.593592,-3.15551,0.0943008,4757.56,0
6.16191,29.4176,0.618008,-3.0523,0.154532,4774.11,0
6.16841,29.3121,0.751082,-3.19418,0.0964219,4751.96,0
6.17488,29.179,0.762649,-3.29234,0.0282024,4725.44,0
6.18135,29.5327,1.04329,-3.08778,0.198372,4777.71,0
6.18784,29.6601,1.17526,-3.18604,0.25003,4793.28,0
6.1943,29.6501,1.47007,-3.05493,0.227452,4786.68,0
6.20086,29.7213,1.51093,-3.19355,0.246001,4793.1,0
6.20738,29.8581,1.45152,-3.45784,0.296147,4810.09,0
6.2139,29.8648,1.44815,-3.3527,0.283116,4806.13,0
6.2204,29.7402,1.22358,-3.31147,0.203312,4781.07,0
6.22691,29.7254,1.31766,-3.17496,0.186648,4773.69,0
6.23341,29.6286,1.63455,-3.35039,0.130772,4753.2,0
6.2399,29.555,1.82657,-3.48793,0.0904025,4736.45,0
6.24647,29.4942,1.78214,-3.4992,0.0579414,4721.74,0
6.25299,29.464,1.64195,-3.38458,0.041964,4711.98,0
6.25952,29.463,1.67916,-3.44043,0.0395616,4706.9,0
6.26603,29.4905,1.74363,-3.26485,0.0526578,4706.41,0
6.27252,29.4837,1.72314,-3.22935,0.048039,4700.45,0
6.27905,29.6413,1.984,-3.07863,0.122658,4720.67,0
6.28556,29.828,1.73981,-3.13969,0.208362,4745.48,0
6.29208,30.0611,1.64461,-3.44512,0.306717,4777.62,0
6.29857,29.8145,1.36245,-3.1712,0.170717,4733.53,0
6.30508,29.8692,1.45912,-2.95067,0.187731,4737.33,0
6.31158,29.8053,1.75167,-3.03263,0.147922,4722.33,0
6.31812,29.9184,1.56677,-3.17116,0.195507,4735.33,0
6.32466,29.9498,1.51244,-3.11629,0.20149,4735.4,0
6.33116,29.9134,1.46647,-3.11425,0.175738,4724.78,0
6.33765,29.84,1.54835,-3.07768,0.131244,4708.38,0
6.34417,29.828,1.41047,-2.81636,0.118862,4701.65,0
6.3507,29.7102,1.33293,-2.67368,0.0545464,4678.25,0
6.35721,29.852,1.38744,-2.54724,0.120723,4695.77,0
6.36373,29.7485,1.40099,-2.42436,0.0667955,4674.69,0
6.37027,29.7429,1.5074,-2.22922,0.060305,4669.02,0
6.3768,29.9308,1.48681,-2.25345,0.15084,4693.7,0
6.38331,29.936,1.48442,-2.46053,0.144784,4689.72,0
6.38982,29.8779,1.52972,-2.26509,0.107943,4675.85,0
6.3963,29.8418,1.43502,-2.23337,0.0864895,4665.47,0
6.40281,29.8163,1.39712,-2.31655,0.0712684,4656.74,0
6.4093,30.0847,1.35349,-2.40215,0.199325,4693.91,0
6.41581,30.0328,1.0553,-2.42239,0.161609,4681.06,0
6.4223,29.854,1.11201,-2.15167,0.0654096,4648.48,0
6.4288,29.8944,1.12399,-1.89413,0.0842755,4650.08,0
6.43527,29.7772,1.04711,-1.91034,0.0233075,4627.19,0
6.44181,29.9106,1.01169,-1.78985,0.0886457,4643.19,0
6.44834,30.0838,0.90525,-1.59084,0.169019,4665.35,0
6.45488,29.9661,1.03989,-1.69701,0.103327,4642.4,0
6.4614,29.9024,1.1946,-1.61563,0.0672574,4627.85,0
6.46793,30.009,1.08026,-1.72737,0.11783,4639.66,0
6.47443,29.92,1.02646,-1.76569,0.0701139,4621.26,0
6.48094,29.9307,1.07439,-1.6609,0.0725565,4618.27,0
6.48742,30.0487,1.0805,-1.86498,0.128382,4631.85,0
6.49395,29.9883,1.33052,-1.61446,0.0945813,4617.89,0
6.50049,30.0759,1.44086,-1.52767,0.132606,4626.71,0
6.50696,30.1921,1.51908,-1.51241,0.179666,4639.97,0
6.51344,30.3989,1.43288,-1.62573,0.267898,4667.11,0
6.51992,30.442,1.36984,-1.92453,0.271603,4669.08,0
6.52642,30.4575,1.78963,-1.90778,0.258908,4666.79,0
6.53296,30.712,1.90313,-1.74454,0.363109,4701.08,0
6.53949,30.7117,2.1368,-1.85047,0.338182,4696.34,0
6.546,30.7545,2.07368,-1.76192,0.33325,4698.21,0
6.55252,30.7338,1.87469,-1.75019,0.300822,4690.39,0
6.55905,30.8035,1.80549,-1.71839,0.31293,4696.33,0
6.56554,30.6814,1.88094,-1.74005,0.230755,4673.1,0
6.57206,30.6111,2.02573,-1.80811,0.182755,4657.76,0
6.57858,30.6047,1.86284,-1.96633,0.171561,4652.17,0
6.58505,30.6775,1.75089,-1.73726,0.195619,4658.65,0
6.59153,30.5524,1.6847,-1.7963,0.119742,4635.1,0
6.59805,30.6395,1.70814,-1.71129,0.154583,4643.72,0
6.60458,30.8593,1.79911,-1.87033,0.248962,4672.4,0
6.61107,31.0426,2.06703,-2.01941,0.321789,4695.54,0
6.61759,31.1223,1.97623,-2.13081,0.336056,4702.96,0
6.6241,31.2987,2.05655,-2.2084,0.394018,4724.97,0
6.63057,31.2558,2.23117,-2.03184,0.34304,4713.89,0
6.63709,31.078,2.04333,-1.87602,0.234374,4682.47,0
6.64357,31.1096,2.16341,-1.72866,0.238432,4682.66,0
6.65003,31.0559,2.09724,-1.54966,0.195313,4670.04,0
6.65651,31.1556,2.10151,-1.48441,0.232938,4680.48,0
6.66301,31.074,2.1457,-1.47337,0.178108,4663.66,0
6.66955,31.2096,1.96745,-1.41995,0.235581,4679.42,0
6.67604,31.1767,2.01728,-1.39247,0.208591,4669.95,0
6.68258,31.3643,1.78457,-1.29235,0.286736,4693.44,0
6.6891,31.3363,1.68322,-1.01984,0.252933,4684.68,0
6.69564,31.2957,1.52059,-0.976989,0.221104,4674.05,0
6.70213,31.3982,1.75041,-0.793391,0.256633,4684.81,0
6.70863,31.5284,2.06416,-0.824926,0.304498,4699.67,0
6.71509,31.647,2.40825,-0.930977,0.341064,4712.82,0
6.72161,31.7116,2.44499,-0.942371,0.349931,4717.86,0
6.72817,31.7929,2.41509,-1.00292,0.366288,4725.35,0
6.73466,31.8116,2.16037,-1.1737,0.348668,4723.56,0
6.74116,31.9794,1.97202,-1.08435,0.398091,4743.91,0
6.74772,32.0607,1.82406,-1.27935,0.406539,4751.34,0
6.75428,31.9778,1.84869,-1.17342,0.331016,4734.45,0
6.76083,32.0369,1.59646,-0.996521,0.335642,4738.6,0
6.76734,32.0708,1.361,-0.71171,0.327555,4739.06,0
6.77386,32.0295,1.30412,-0.547567,0.281583,4728.4,0
6.78041,32.4975,1.36016,-0.451572,0.488055,4792.85,0
6.78694,32.7184,1.4493,-0.68802,0.549089,4820.79,0
6.79343,33.0315,1.23138,-0.653335,0.642836,4862.27,0
6.79992,32.8658,1.46495,-0.799918,0.507142,4833.27,0
6.80642,32.8184,1.25441,-1.00806,0.436196,4821.68,0
6.81294,32.8849,1.3179,-0.773207,0.429214,4826.82,0
6.81946,32.864,1.41334,-0.876485,0.385691,4819.15,0
6.82597,32.8212,1.54342,-0.86122,0.336561,4808.27,0
6.8325,32.99,1.75279,-0.834527,0.389928,4828.39,0
6.83897,32.861,1.64591,-0.784955,0.302017,4804.97,0
6.84545,32.7526,1.6706,-0.70751,0.23027,4784.58,0
6.85196,32.7598,1.4641,-0.859205,0.219705,4781.09,0
6.85847,32.7244,1.55214,-0.911233,0.190339,4771.39,0
6.86495,32.5754,1.68095,-0.891667,0.110678,4745.17,0
6.87147,32.6588,1.61581,-0.844826,0.146533,4752.8,0
6.87795,32.7707,1.75073,-0.760616,0.192846,4764.59,0
6.88443,32.74,1.81364,-0.89719,0.167366,4755.66,0
6.89092,32.7404,1.75168,-0.928784,0.158044,4751.25,0
6.89745,32.5772,1.64938,-0.945008,0.0724318,4723.09,0
6.90396,32.6429,1.60765,-0.9671,0.102443,4728.15,0
6.91047,32.7954,1.73232,-0.724647,0.171374,4745.76,0
6.91695,32.9614,1.73188,-0.749642,0.242918,4765.31,0
6.92341,32.9839,1.5023,-0.793535,0.240217,4764.11,0
6.92993,32.9469,1.52772,-0.677583,0.209115,4754.29,0
6.93645,33.1781,1.83736,-0.772064,0.306721,4783.15,0
6.9429,32.9863,2.13119,-0.913051,0.193763,4751.07,0
6.94939,32.8554,2.11007,-0.899245,0.119891,4727.8,0
6.95589,32.7568,2.1646,-0.799281,0.0680484,4709.22,0
6.96241,32.7768,2.38242,-0.673233,0.0746076,4707.69,0
6.96893,32.8596,2.51654,-0.577927,0.11134,4715.15,0
6.97544,32.8781,2.80257,-0.411085,0.116131,4713.41,0
6.982,32.7299,3.01732,-0.643224,0.0383404,4687.75,0
6.98848,32.6668,3.12739,-0.669964,0.0064403,4674.38,0
6.99499,32.7125,3.29382,-0.795686,0.0286499,4676.56,0
7.00152,32.7945,3.36692,-0.892128,0.0678651,4683.92,0
7.008,32.6933,3.3938,-0.892455,0.0167965,4665.14,0
7.0145,32.7515,3.39153,-0.945028,0.0447017,4669.12,0
7.02102,32.7319,3.44564,-0.882517,0.033796,4661.99,0
7.02755,32.9479,3.56014,-0.686767,0.137521,4688.4,0
7.03407,32.8664,3.36051,-0.482519,0.0915477,4672.46,0
7.04056,32.7256,3.10686,-0.550427,0.0182956,4648.15,0
7.04706,32.7435,3.12478,-0.435163,0.0268938,4646.41,0
7.05354,32.866,3.35145,-0.406935,0.0866658,4659.51,0
7.05999,32.8968,3.25109,-0.349979,0.0991289,4659.61,0
7.06646,32.8343,3.19125,-0.58731,0.0643908,4646.51,0
7.07296,32.9718,3.22539,-0.483882,0.127687,4661.68,0
7.07949,32.8584,3.23,-0.478787,0.068085,4641.36,0
7.08601,33.1235,3.24098,-0.362733,0.194973,4674.48,0
7.09258,33.0999,3.1516,-0.46115,0.170553,4666.84,0
7.09909,33.3043,3.32216,-0.454366,0.255075,4691.35,0
7.10556,33.2704,3.16916,-0.150006,0.223881,4682.31,0
7.1121,33.2564,3.07046,0.0327046,0.206491,4676.02,0
7.1186,33.3001,2.84494,0.00788714,0.212591,4677.9,0
7.12509,33.2241,2.70448,-0.136488,0.16433,4662.98,0
7.1316,33.1948,2.75982,-0.134828,0.141844,4654.61,0
7.13808,33.1356,2.75459,-0.000234372,0.103816,4642.09,0
7.14461,33.3035,2.49752,-0.0260852,0.180269,4661.35,0
7.1511,33.565,2.63532,0.022168,0.298677,4693.69,0
7.15761,33.5795,2.61527,-0.0343874,0.283037,4691.44,0
7.16409,33.6845,2.8998,0.235413,0.313195,4701.86,0
7.17058,33.7504,2.94798,0.214345,0.320441,4706.79,0
7.17707,34.1339,2.76469,0.243264,0.481875,4755.96,0
7.18364,34.3283,2.87235,0.0342063,0.531458,4778.68,0
7.19013,34.5012,3.02511,-0.0468051,0.569405,4798.4,0
7.19665,34.7257,3.18445,0.171661,0.615317,4825.25,0
7.20313,34.6336,3.39586,0.216359,0.513197,4808.13,0
7.20967,34.8323,3.33242,-0.0819814,0.556802,4831.34,0
7.21611,34.9852,3.68866,-0.093304,0.582915,4848.2,0
7.22259,34.933,3.89346,-0.204769,0.502634,4836.64,0
7.2291,35.2166,3.98075,-0.191277,0.590772,4871.5,0
7.23563,34.8807,3.9699,-0.154139,0.382692,4820.69,0
7.24216,35.1571,4.19098,-0.0787312,0.486817,4854.51,0
7.24864,35.1793,3.7914,-0.0522764,0.446096,4853.22,0
7.25519,35.383,3.74304,-0.181865,0.504917,4876.93,0
7.26166,35.2282,3.37368,-0.476328,0.388366,4851.26,0
7.26813,35.153,3.04542,-0.414636,0.321221,4836.6,0
7.27463,35.0364,3.10384,-0.323164,0.242175,4816.25,0
7.28112,34.7284,3.03755,-0.45352,0.0818639,4769.66,0
7.28762,34.9203,2.81844,-0.685177,0.173924,4791.72,0
7.29412,35.0312,2.94669,-0.681304,0.218711,4802.66,0
7.30066,35.1009,3.06501,-0.759927,0.239851,4807.91,0
7.30715,35.0046,2.98405,-0.646259,0.178487,4790.46,0
7.31359,34.9471,2.94046,-0.657371,0.139915,4778.39,0
7.3201,35.1299,2.86328,-0.809709,0.222915,4799.09,0
7.32662,35.1405,2.86498,-0.642664,0.216335,4796.28,0
7.33315,35.2619,2.93134,-0.658749,0.258412,4808.57,0
7.33961,35.2052,2.88077,-0.80611,0.216329,4796.61,0
7.3461,35.4746,3.09584,-0.870379,0.331738,4829.03,0
7.35262,35.5729,3.05604,-0.639701,0.356811,4838.13,0
7.35909,35.5715,3.23695,-0.450331,0.328384,4833.68,0
7.3656,35.4247,3.28866,-0.643142,0.240792,4809.48,0
7.37207,35.2051,3.16544,-0.770495,0.119633,4775.47,0
7.37855,35.1111,3.20189,-0.790102,0.0696601,4758.53,0
7.38505,35.0209,3.3175,-0.78341,0.0235125,4742.14,0
7.39155,35.0275,3.31737,-0.728871,0.0263507,4738.86,0
7.39804,35.0795,3.26888,-0.810932,0.0507895,4741.72,0
7.40456,35.0107,3.1801,-0.853078,0.0159505,4728.26,0
7.41108,35.2043,3.26746,-0.72678,0.110216,4750.23,0
7.41758,35.3095,3.37556,-0.58487,0.157875,4760.25,0
7.42408,35.2368,3.27913,-0.486871,0.113807,4746.28,0
7.43058,35.2419,3.23565,-0.504758,0.109935,4742.81,0
7.43709,35.3493,3.39176,-0.43213,0.15551,4753.11,0
7.44363,35.2803,3.55904,-0.328162,0.115469,4739.66,0
7.45016,35.3034,3.39899,-0.431655,0.120388,4738.61,0
7.45665,35.1729,3.30673,-0.293241,0.0514628,4716.99,0
7.46313,35.1232,3.36391,-0.219399,0.024988,4706.24,0
7.46964,35.1239,3.37851,-0.231407,0.0248578,4702.23,0
7.47615,35.1659,3.3284,-0.129097,0.044362,4703.74,0
7.48267,35.2455,3.28441,-0.136238,0.0812283,4710.28,0
7.48919,35.5774,3.13866,-0.0751444,0.239286,4750.51,0
7.4957,35.4534,3.14081,0.0673015,0.166853,4729.84,0
7.50221,35.5062,3.37622,0.138593,0.181007,4732.77,0
7.50872,35.4141,3.2409,0.0681158,0.128601,4716.4,0
7.51518,35.3665,3.04625,0.164762,0.0973843,4706.01,0
7.5217,35.2867,3.00993,-0.00888463,0.0548081,4691.32,0
7.52821,35.2436,3.06281,0.065734,0.0326348,4681.54,0
7.53473,35.2693,3.0287,-0.0546574,0.0447258,4680.9,0
7.54126,35.3013,3.03771,-0.0789111,0.0593752,4681.08,0
7.54774,35.2253,2.88885,-0.0283793,0.0209977,4667,0
7.55426,35.284,2.83488,0.0138116,0.0494372,4670.74,0
7.56081,35.324,3.09177,0.171821,0.0678317,4671.99,0
7.56727,35.3964,2.89167,0.016721,0.0996832,4677.56,0
7.57383,35.636,3.07655,0.0434205,0.209674,4705.16,0
7.58037,35.4808,3.16631,0.222716,0.124388,4680.62,0
7.58686,35.5685,3.12798,0.294883,0.160932,4688.17,0
7.59335,35.4632,2.88492,0.490216,0.100763,4670.3,0
7.59987,35.3798,2.79249,0.59818,0.0543253,4655.31,0
7.60636,35.4181,2.77817,0.612426,0.0724819,4656.38,0
7.61282,35.3706,2.75819,0.694706,0.0469751,4646.19,0
7.61933,35.6589,2.60738,0.68476,0.185945,4680.06,0
7.62585,35.4602,2.6499,0.569872,0.0805884,4649.99,0
7.63233,35.555,2.7212,0.841796,0.123724,4658.48,0
7.63887,35.445,2.71602,0.842144,0.0655683,4640.09,0
7.64537,35.5729,2.66659,0.89483,0.126083,4652.86,0
7.65182,35.5691,2.39266,0.933532,0.119024,4648.45,0
7.65836,35.7296,2.42327,0.885653,0.188983,4665.44,0
7.6649,35.8411,2.58805,0.813248,0.22989,4676,0
7.67141,35.9927,2.90008,0.872581,0.285966,4691.8,0
7.67793,35.8526,2.95929,0.89774,0.198518,4669.56,0
7.68439,35.7826,2.95998,0.913352,0.153037,4656.53,0
7.69091,35.7946,2.99196,0.996738,0.151047,4654.15,0
7.69742,36.0772,2.94409,0.914206,0.278555,4686.91,0
7.70392,36.3654,2.75858,1.04655,0.398352,4720.37,0
7.71041,36.4859,2.93914,0.966371,0.41934,4732.03,0
7.71694,36.6894,2.93089,1.02422,0.4808,4754.4,0
7.72348,36.8685,2.46949,1.04956,0.522254,4773.56,0
7.72996,36.7226,2.54838,1.2201,0.408647,4750.68,0
7.73644,36.5171,2.57267,1.25662,0.275371,4720.14,0
7.74295,36.4644,2.31456,1.50528,0.229911,4709.37,0
7.74943,36.567,2.26061,1.68295,0.262691,4718.67,0
7.75596,36.516,2.58857,1.40026,0.225613,4708.12,0
7.76249,36.4321,2.55286,1.10358,0.172439,4693.35,0
7.76899,36.4961,2.64194,0.948387,0.19434,4697.66,0
7.77552,36.6181,2.77842,0.880623,0.240942,4709.4,0
7.78205,36.6716,2.51176,1.10675,0.250433,4712.34,0
7.7886,36.518,2.45587,0.952033,0.160379,4688.64,0
7.79511,36.4305,2.4128,0.880472,0.11103,4673.51,0
7.8016,36.498,2.33929,0.822649,0.138594,4678.27,0
7.80814,36.4318,2.53132,0.716057,0.100129,4665.87,0
7.81466,36.3535,2.36161,0.662718,0.0583529,4651.96,0
7.82111,36.3668,2.25341,0.580253,0.0629194,4649.83,0
7.82764,36.4703,2.23388,0.340508,0.113,4659.16,0
7.83416,36.7338,2.15151,0.22816,0.233753,4688.93,0
7.84065,36.862,2.09765,0.108546,0.278864,4701.4,0
7.84715,36.8229,2.05989,0.500565,0.243686,4692.51,0
7.85367,36.8249,2.14989,0.623665,0.227533,4688.88,0
7.86017,37.1053,2.0492,0.529668,0.349592,4720.67,0
7.86667,37.2139,2.34127,0.533401,0.377695,4730.57,0
7.87316,37.2615,2.09468,0.572414,0.375122,4732.72,0
7.87965,37.2403,1.84833,0.524002,0.335638,4726.13,0
7.88616,37.4298,1.8645,0.4596,0.404168,4746.27,0
7.89266,37.2647,1.71713,0.537307,0.297917,4721.43,0
7.89918,37.3972,1.86588,0.418455,0.342288,4734.31,0
7.90564,37.3834,1.82646,0.262246,0.309951,4728.7,0
7.91216,37.56,1.7287,0.357877,0.365493,4747.12,0
7.91867,37.5483,1.67014,0.208584,0.335817,4741.74,0
7.92521,37.4445,1.62952,0.381473,0.261163,4724.73,0
7.93176,37.3583,1.8483,0.405173,0.20517,4709.96,0
7.93828,37.2784,1.79284,0.293756,0.154149,4696.03,0
7.94484,37.343,1.82078,0.300605,0.178064,4700.28,0
7.95137,37.5156,1.68693,0.171208,0.249534,4718.14,0
7.95789,37.4436,1.6369,0.0961825,0.197629,4705.22,0
7.9644,37.4129,1.63282,0.0142578,0.173366,4697.52,0
7.97088,37.6517,1.69063,-0.175803,0.276228,4723.65,0
7.97739,37.7754,1.83299,-0.256369,0.318325,4735.31,0
7.98391,37.922,1.79701,-0.356571,0.36584,4749.8,0
7.99044,38.1409,1.91611,-0.315087,0.438175,4773.32,0
7.99688,37.9367,1.56739,-0.377144,0.305168,4743.94,0
8.00339,37.7444,1.89682,-0.450893,0.190936,4716.05,0
8.00991,37.6498,1.77789,-0.250417,0.134924,4700.4,0
8.01647,37.767,2.05761,-0.474692,0.185133,4711.18,0
8.02297,37.6851,2.08717,-0.158931,0.135845,4697.15,0
8.02946,37.7188,2.00168,-0.261902,0.145861,4697.56,0
8.03596,37.5559,2.12088,-0.288633,0.0613237,4673.49,0
8.04249,37.5811,2.25675,-0.156651,0.0705374,4672.82,0
8.04899,37.5841,2.19371,-0.227444,0.0698954,4669.42,0
8.05545,37.6168,2.20964,-0.221396,0.0831929,4669.73,0
8.06196,37.4878,2.17759,-0.185392,0.0170355,4649.96,0
8.06845,37.538,2.17821,-0.209566,0.0408461,4652.44,0
8.075,37.4797,2.1558,-0.271583,0.0109124,4641.45,0
8.0815,37.6503,2.122,-0.323193,0.0947761,4658.82,0
8.08807,37.7874,1.98965,-0.511723,0.156653,4672,0
8.09462,38.1233,1.87847,-0.240227,0.309978,4709.71,0
8.10114,38.2079,1.9474,-0.276,0.331149,4716.36,0
8.10764,38.2073,1.85991,-0.195593,0.309003,4712.5,0
8.11415,38.268,1.83319,0.119729,0.318945,4716.21,0
8.12064,38.2243,1.6828,0.346753,0.274632,4707.06,0
8.12716,38.4686,1.64389,0.521278,0.375549,4733.34,0
8.13373,38.6435,1.68281,0.625289,0.427185,4751.01,0
8.1402,38.8366,1.55022,0.588479,0.484354,4770.96,0
8.14673,38.9262,1.4668,0.70255,0.484819,4778.14,0
8.15324,38.9119,1.49173,0.777551,0.43605,4772.57,0
8.15979,38.7168,1.46172,0.829268,0.309278,4744.82,0
8.1663,38.7966,1.63681,0.80712,0.326276,4750.82,0
8.1728,38.7235,1.43215,0.642868,0.269452,4738.09,0
8.17933,38.6016,1.30216,0.651819,0.193345,4719.41,0
8.18586,38.764,1.17419,0.664945,0.259238,4735.48,0
8.19233,38.7364,1.22937,0.788775,0.226992,4728.37,0
8.19884,38.5607,1.13943,0.624575,0.128809,4703.19,0
8.20535,38.5241,1.10383,0.94597,0.105778,4695,0
8.21189,38.4381,0.948,0.878151,0.0579904,4680.79,0
8.21842,38.3915,1.09322,0.887948,0.0339909,4671.39,0
8.22492,38.4411,0.986629,0.902832,0.0564039,4673.73,0
8.23137,38.4306,0.978808,0.914447,0.0504747,4668.8,0
8.23786,38.4647,0.84747,0.879305,0.065812,4669.26,0
8.24438,38.4063,0.861398,0.763972,0.0341623,4658.48,0
8.25088,38.4065,0.914126,0.823254,0.0332497,4654.83,0
8.25739,38.406,0.860908,0.725916,0.0327638,4651.1,0
8.26388,38.4752,0.930706,0.776636,0.0646341,4655.83,0
8.27037,38.4684,0.794052,0.617224,0.059183,4651.35,0
8.27684,38.4005,0.812649,0.584208,0.0247205,4639.52,0
8.28333,38.4425,0.8801,0.450316,0.0446932,4640.95,0
8.28984,38.3742,0.808955,0.453799,0.00877893,4629.07,0
8.29636,38.4013,0.706929,0.325386,0.0214096,4628.69,0
8.30281,38.4287,0.85567,0.451034,0.0345583,4628.39,0
8.30932,38.5558,0.638784,0.668646,0.0954079,4640.06,0
8.31585,38.6992,0.70991,0.55707,0.161147,4653.67,0
8.3224,38.9004,0.529273,0.738544,0.249407,4674.18,0
8.32889,38.9343,0.517629,0.827812,0.247411,4674.6,0
8.33539,38.8491,0.508195,0.70216,0.194836,4660.74,0
8.34185,38.7133,0.300533,1.07283,0.119834,4640.86,0
8.34836,38.6813,0.466408,1.02321,0.0976868,4633.41,0
8.35481,38.8853,0.294738,1.11854,0.193319,4654.24,0
8.36133,39.0722,0.671741,1.10147,0.27231,4672.96,0
8.36784,38.9945,0.867534,1.35652,0.221038,4660.04,0
8.37435,39.1145,1.15712,1.42112,0.263743,4670.75,0
8.38087,39.0721,1.1186,1.48907,0.225119,4662.05,0
8.3874,39.1062,0.989644,1.80716,0.230501,4662.5,0
8.39391,39.1884,0.813687,1.8835,0.25634,4668.67,0
8.40043,39.6967,0.350415,1.7541,0.478453,4725.55,0
8.407,39.4752,0.14247,1.56423,0.334117,4695.51,0
8.41357,39.2681,-0.0355236,1.63887,0.213306,4667.23,0
8.42012,39.4766,-0.216667,1.77079,0.302524,4688.37,0
8.42659,39.3534,-0.0354268,1.78745,0.220919,4670.14,0
8.43304,39.1272,-0.217467,1.80116,0.0992328,4639.75,0
8.43956,39.0764,-0.274913,1.70662,0.0702807,4630.15,0
8.44603,39.077,-0.174182,1.8686,0.0689214,4626.67,0
8.45251,39.0297,-0.0221531,2.0199,0.043418,4617.53,0
8.459,39.0234,0.221921,1.97668,0.039765,4613.24,0
8.46551,39.0776,0.365723,1.96302,0.06412,4616.09,0
8.47203,39.1081,0.351351,1.9803,0.0757744,4616.14,0
8.47849,39.2247,0.52449,2.02903,0.128918,4626.37,0
8.48497,39.0532,0.459128,2.05247,0.0393136,4602.64,0
8.49145,39.0658,0.533524,1.93447,0.0446421,4600.61,0
8.49786,39.2255,0.522073,1.91629,0.121108,4615.93,0
8.50438,39.2597,0.711472,1.7835,0.132609,4616.4,0
8.51091,39.2453,0.660848,1.98312,0.120692,4611.17,0
8.5174,39.1341,0.562358,2.13324,0.0604509,4594.6,0
8.52392,39.192,0.609883,2.10764,0.0874,4597.89,0
8.53041,39.3021,0.586731,2.01341,0.137532,4607.29,0
8.53691,39.1884,0.532989,1.77383,0.0756468,4590.47,0
8.54345,39.3611,0.520446,1.99606,0.15499,4607.16,0
8.54996,39.4236,0.542095,1.77057,0.177824,4610.97,0
8.55648,39.3521,0.506724,1.53051,0.135531,4599.09,0
8.563,39.3169,0.190942,1.46791,0.110597,4591.49,0
8.56957,39.3153,-0.0408298,1.48273,0.106496,4587.78,0
8.57608,39.4042,-0.111435,1.39553,0.14465,4594.67,0
8.58257,39.33,-0.1964,1.45505,0.102708,4582.55,0
8.58907,39.3305,-0.218094,1.55167,0.0980875,4579.14,0
8.59562,39.3756,-0.271658,1.59676,0.116599,4580.89,0
8.60217,39.5477,-0.250856,1.7632,0.196357,4597.41,0
8.60867,39.6928,-0.112506,1.79956,0.25542,4610.79,0
8.61514,39.5747,-0.102478,2.15121,0.183799,4593.62,0
8.62163,39.6405,-0.179594,2.19458,0.203133,4597.8,0
8.62811,39.5902,-0.0213139,2.01113,0.168835,4588.52,0
8.63461,39.5567,-0.067307,1.93638,0.146116,4581.18,0
8.64118,39.4321,-0.156518,1.99346,0.0800234,4563.27,0
8.64769,39.3348,-0.086209,2.01295,0.0280809,4548.59,0
8.6542,39.5327,-0.063227,2.05203,0.122643,4568.03,0
8.6607,39.633,0.261074,2.08607,0.164518,4576.19,0
8.66725,39.6466,0.179818,1.99165,0.163563,4574.3,0
8.67374,39.7523,0.0549754,1.88518,0.204243,4583.07,0
8.68025,39.9793,-0.183979,1.73856,0.302431,4605.79,0
8.68677,40.1619,-0.270328,1.77545,0.369491,4623.34,0
8.69327,40.317,-0.422036,1.61042,0.410788,4637.72,0
8.69976,40.2567,-0.628552,1.68333,0.35362,4627.34,0
8.70624,40.3037,-0.455984,1.77693,0.347157,4629.29,0
8.71276,40.4251,-0.641593,1.71345,0.380368,4639.75,0
8.71923,40.5803,-0.736532,1.48555,0.423004,4654.11,0
8.72574,40.5275,-0.933207,1.52683,0.365807,4644.6,0
8.7322,40.4625,-0.939188,1.58214,0.305923,4633.71,0
8.73871,40.5064,-0.970269,1.68231,0.304239,4635.29,0
8.7452,40.324,-1.28354,1.84753,0.195075,4610.99,0
8.75176,40.3934,-1.2169,1.91909,0.217607,4615.45,0
8.75831,40.3902,-1.50759,1.64617,0.203326,4611.64,0
8.7648,40.4108,-1.25758,1.5694,0.202812,4610.58,0
8.77131,40.4078,-1.10914,1.71929,0.191917,4606.81,0
8.77782,40.2148,-0.795021,1.56002,0.0880244,4581.41,0
8.78436,40.0992,-0.859882,1.62061,0.0289907,4564.84,0
8.79087,40.1043,-0.889529,1.65431,0.0309851,4562.04,0
8.79738,40.2242,-0.942026,1.72878,0.0885072,4572.29,0
8.80388,40.3056,-1.12144,1.62114,0.122693,4578.16,0
8.81042,40.5103,-0.888579,1.60356,0.213516,4598,0
8.81693,40.7879,-0.590894,1.75208,0.33397,4626.09,0
8.82342,41.0589,-0.593383,1.69555,0.438615,4653.4,0
8.82995,40.685,-0.734127,1.44366,0.226643,4607.62,0
8.83647,40.7498,-0.713786,1.57348,0.244179,4611.54,0
8.843,41.0098,-0.899956,1.28131,0.349893,4637.54,0
8.84952,40.9924,-1.01288,1.14983,0.315705,4632.16,0
8.85602,41.1007,-0.851602,1.04624,0.346869,4640.99,0
8.86255,41.0497,-0.814146,0.949887,0.297263,4631.81,0
8.86907,41.0241,-1.15491,0.893717,0.260231,4625.53,0
8.87559,41.4176,-1.16696,0.912004,0.422943,4666.46,0
8.8821,41.5027,-0.806577,1.37272,0.427126,4672.62,0
8.88859,41.7213,-0.86054,1.23662,0.492795,4693.8,0
8.8951,41.5992,-0.875565,1.4948,0.395673,4676.65,0
8.9016,41.419,-1.1668,1.69253,0.278458,4652.98,0
8.90812,41.5139,-1.10149,1.87021,0.300752,4660.23,0
8.91459,41.6807,-1.21482,1.86453,0.360584,4675.56,0
8.92108,41.5986,-1.08357,1.77681,0.293897,4662.96,0
8.92759,41.3941,-1.33468,1.91471,0.178568,4636.65,0
8.93406,41.278,-1.29066,1.97132,0.114716,4620.29,0
8.94057,41.3987,-1.30612,2.00007,0.16646,4630.43,0
8.94707,41.2274,-1.33985,1.92357,0.0740416,4607.92,0
8.95355,41.1775,-1.4528,2.02073,0.0472462,4599.02,0
8.96009,41.4525,-1.42354,2.05395,0.180616,4626.35,0
8.96657,41.3972,-1.34843,2.06905,0.141619,4616.83,0
8.9731,41.5459,-1.45403,2.04954,0.207668,4630.05,0
8.97959,41.5854,-1.88162,1.92337,0.212717,4631.1,0
8.9861,41.648,-1.99434,1.908,0.232835,4634.71,0
8.99268,41.7108,-1.97891,1.90686,0.250731,4638.3,0
8.99918,41.9377,-1.9818,2.12719,0.345476,4660.17,0
9.0057,41.9743,-1.68096,1.90548,0.338043,4660.86,0
9.0122,42.058,-1.67097,1.48291,0.356227,4666.78,0
9.01876,42.0848,-1.55696,1.51576,0.345486,4666.36,0
9.02528,42.024,-1.52673,1.64996,0.292986,4656.25,0
9.0318,41.8441,-1.70323,1.76944,0.186096,4632.97,0
9.03833,41.5483,-1.71523,1.62789,0.0325932,4596.9,0
9.04482,41.5961,-1.70196,1.60263,0.0558814,4598.89,0
9.05133,41.5152,-1.64608,1.62541,0.0137916,4586.64,0
9.05787,41.6029,-1.62215,1.49032,0.0568214,4593.01,0
9.06442,41.6429,-1.82826,1.54976,0.0743708,4594.1,0
9.07093,41.6375,-1.99304,1.50271,0.0688334,4590.22,0
9.07745,41.6654,-1.91775,1.58274,0.0788287,4590,0
9.0839,41.5539,-2.07675,1.74367,0.0216063,4574.46,0
9.09039,41.6047,-1.98696,1.74307,0.0463144,4576.77,0
9.09688,41.802,-2.04775,1.74881,0.140505,4595.2,0
9.10339,41.7757,-1.90707,1.86239,0.122605,4589.02,0
9.10991,41.8751,-2.01938,1.9451,0.165276,4596.65,0
9.11642,41.7924,-1.92415,1.87599,0.115328,4584.3,0
9.12293,41.7324,-1.93173,2.01344,0.0819886,4574.45,0
9.12941,41.7715,-1.84262,1.923,0.0981997,4575.49,0
9.13593,41.7255,-1.80671,1.68567,0.0699447,4567.18,0
9.14246,41.8929,-1.62729,1.55321,0.149489,4582.23,0
9.14897,41.9327,-1.45676,1.48141,0.160096,4583.33,0
9.15544,42.193,-1.30085,1.53561,0.276647,4608.52,0
9.16191,42.2934,-1.37878,1.52208,0.310551,4616.22,0
9.16843,42.3261,-1.3406,1.40533,0.303479,4616.5,0
9.17495,42.3414,-1.19668,1.19756,0.289386,4614.89,0
9.1815,42.2493,-1.41938,1.37547,0.224359,4601.57,0
9.18805,42.1755,-1.45017,1.57334,0.176872,4590.26,0
9.19455,42.5163,-1.4542,1.37377,0.330238,4624.08,0
9.20104,42.515,-1.55189,1.6126,0.303889,4620.68,0
9.20756,42.7376,-1.74973,1.80232,0.390021,4641.57,0
9.21405,42.9809,-1.91613,1.66248,0.474102,4664.71,0
9.22056,42.8759,-2.09622,1.71096,0.385257,4650.03,0
9.22709,42.9194,-2.15321,1.68759,0.370708,4651.46,0
9.23356,42.9255,-2.33023,1.60456,0.338458,4648.85,0
9.24004,42.8902,-2.29487,1.71394,0.296917,4641.78,0
9.24654,43.0166,-2.11515,1.72147,0.336317,4652.19,0
9.25304,43.1396,-1.94499,1.55027,0.370173,4662.2,0
9.25953,42.8787,-1.69985,1.19418,0.218228,4630.76,0
9.26601,42.8059,-1.65143,1.13629,0.169813,4619.67,0
9.27253,43.011,-1.6678,1.00795,0.262108,4638.54,0
9.27907,43.1349,-1.66196,1.14528,0.305348,4648.62,0
9.2856,43.092,-1.64453,1.13018,0.266801,4640.73,0
9.29206,42.9854,-1.79359,1.25121,0.199174,4626.03,0
9.29862,42.8838,-1.91363,1.25953,0.140319,4611.84,0
9.30514,42.907,-1.95308,1.2335,0.145708,4611.11,0
9.31163,43.031,-1.83178,1.44953,0.198634,4621.21,0
9.31812,43.023,-1.86549,1.5128,0.18375,4617.14,0
9.32462,43.2534,-1.97502,1.43609,0.287225,4638.62,0
9.33116,43.0672,-1.59095,1.37178,0.17526,4615.41,0
9.33766,42.9266,-1.51859,1.44199,0.0999509,4597.15,0
9.34418,42.9908,-1.4247,1.44275,0.1274,4600.81,0
9.3507,43.1367,-1.28857,1.52672,0.192062,4613.21,0
9.35724,42.9938,-1.02226,1.57907,0.1114,4594.71,0
9.36373,42.9231,-1.1246,1.63331,0.0714628,4583.98,0
9.37026,43.0972,-1.05621,1.85128,0.152865,4599.36,0
9.37678,43.0897,-1.16155,1.9492,0.140151,4595.36,0
9.38328,43.0091,-1.01918,2.01488,0.0944658,4583.59,0
9.38979,43.0174,-0.970325,1.98733,0.0955112,4581.29,0
9.39632,43.0237,-1.23299,2.08825,0.0949473,4578.79,0
9.40284,43.219,-1.22523,2.11401,0.185177,4596.38,0
9.40935,43.3248,-1.32898,2.13224,0.2284,4604.44,0
9.4159,43.3276,-1.21618,2.34914,0.217749,4601.54,0
9.42235,43.3534,-1.19378,2.54601,0.219614,4601.13,0
9.42888,43.4641,-1.19686,2.37093,0.258614,4609.68,0
9.43538,43.6472,-1.24347,2.50218,0.330543,4625.9,0
9.44194,43.6461,-1.72906,2.19928,0.304255,4622.58,0
9.44843,43.7014,-1.42739,2.26252,0.3107,4625.26,0
9.45492,43.4568,-1.29854,2.37095,0.173341,4596.21,0
9.46142,43.4962,-1.38472,2.50684,0.181764,4597.21,0
9.46794,43.6541,-1.30993,2.50568,0.246966,4610.73,0
9.47442,43.7893,-1.19107,2.50809,0.29647,4621.84,0
9.48093,43.9851,-1.39247,2.39514,0.366819,4639.32,0
9.48745,43.9193,-1.22065,2.91286,0.303035,4629.2,0
9.494,44.0211,-1.27515,3.08766,0.328326,4636.73,0
9.50049,44.402,-1.1863,2.84257,0.488888,4673.65,0
9.507,44.5214,-1.64518,2.95912,0.509962,4683.02,0
9.5135,44.8631,-1.65374,2.85294,0.622311,4715.73,0
9.51997,44.8072,-1.37178,3.01209,0.536923,4706.65,0
9.52647,45.1189,-1.4095,3.10005,0.63043,4736.16,0
9.53295,45.1641,-1.22898,3.38311,0.591497,4737.68,0
9.53944,44.8535,-1.28317,3.56985,0.388273,4701.9,0
9.54594,45.0978,-1.36839,3.57589,0.474909,4724.29,0
9.5525,45.1772,-1.27818,3.74017,0.471109,4729.36,0
9.55901,45.3732,-1.2372,3.41784,0.524749,4746.64,0
9.56549,45.6754,-1.22483,3.44828,0.614396,4775.01,0
9.57201,45.5215,-1.23479,3.3879,0.483112,4755.69,0
9.57852,45.6999,-1.1061,3.24523,0.526312,4771.08,0
9.58506,45.5242,-1.01221,3.26585,0.395477,4749.49,0
9.59162,45.5307,-1.07133,3.39805,0.366718,4746.93,0
9.59816,45.7425,-0.835707,3.17795,0.442072,4765.76,0
9.60467,45.6681,-0.523455,3.0379,0.370428,4754.78,0
9.61119,45.5213,-0.250739,3.42589,0.277343,4736.28,0
9.61772,45.494,-0.362438,3.81587,0.245015,4730.23,0
9.62418,45.4437,-0.431979,4.10834,0.202866,4721.83,0
9.63064,45.457,-0.25648,4.01654,0.197698,4720.04,0
9.63715,45.4869,-0.0650141,4.14494,0.199641,4719.95,0
9.64365,45.3398,-0.179765,4.21315,0.12072,4701.52,0
9.65014,45.3839,-0.119188,4.28252,0.136544,4702.92,0
9.65667,45.2915,-0.112645,4.22885,0.0867782,4690.18,0
9.66319,45.2274,-0.157636,4.38656,0.0511279,4680.38,0
9.66971,45.2185,0.0136411,4.41393,0.0450293,4676.31,0
9.67621,45.1908,0.0367818,4.35907,0.0301876,4670.3,0
9.68269,45.1909,-0.084454,4.28185,0.0295612,4667.19,0
9.6892,45.3064,0.0697749,4.10601,0.0859379,4675.97,0
9.69568,45.2353,-0.0186575,3.99602,0.046983,4665.51,0
9.70221,45.336,0.0683939,4.14992,0.0948755,4672.75,0
9.70873,45.5111,0.178358,4.29508,0.176127,4687.65,0
9.71524,45.3915,0.185796,4.52548,0.108813,4672.2,0
9.72175,45.4457,0.173246,4.48036,0.129981,4674.64,0
9.72824,45.3736,0.420721,4.55439,0.0901885,4664.12,0
9.73478,45.4483,0.553507,4.69422,0.124357,4668.65,0
9.74129,45.4862,0.592599,4.77171,0.136053,4669.42,0
9.7478,45.4967,0.584774,4.86656,0.135873,4667.38,0
9.75434,45.7884,0.38699,4.72468,0.268296,4694.16,0
9.76089,45.8167,0.428331,4.70943,0.264743,4693.91,0
9.76743,45.9057,0.273566,4.33864,0.287997,4699.87,0
9.77396,45.9202,0.315218,4.0585,0.277178,4698.21,0
9.78051,45.8238,0.28897,4.07841,0.212049,4685.21,0
9.787,45.8192,0.65885,4.21092,0.198228,4681.64,0
9.79353,45.7414,0.712925,4.29435,0.152281,4670.58,0
9.80001,45.7656,0.579279,4.37269,0.155817,4669.95,0
9.80655,45.8035,0.250065,4.57606,0.16579,4670.7,0
9.81307,45.72,0.295965,4.60459,0.117591,4659.1,0
9.81959,45.8936,0.419042,4.78177,0.195193,4673.68,0
9.8261,45.8004,0.377187,4.71758,0.138135,4661.1,0
9.83265,45.9495,0.484488,4.88926,0.202326,4673.15,0
9.83917,46.0518,0.436895,5.07933,0.241369,4680.45,0
9.84568,46.0321,0.113458,5.15075,0.215919,4675.36,0
9.85217,46.2494,0.131945,5.4472,0.306012,4694.34,0
9.85864,46.3484,0.45645,5.50826,0.33423,4701.29,0
9.86516,46.2562,0.361683,5.69308,0.26939,4688.85,0
9.87168,46.2168,0.507036,5.88263,0.232169,4681.76,0
9.87818,46.2994,0.594514,5.91554,0.258887,4687.04,0
9.88462,46.294,0.493856,6.02361,0.241556,4683.44,0
9.89108,46.1858,0.396465,6.19654,0.173179,4669.45,0
9.89759,46.4077,0.207752,6.44734,0.269076,4688.79,0
9.90404,46.5602,0.236352,6.30367,0.325648,4701.13,0
9.91054,46.6882,0.239332,6.0997,0.359772,4710.96,0
9.91707,46.7683,0.320518,6.1748,0.372496,4715.94,0
9.92355,46.9999,0.353288,6.29156,0.452365,4736.2,0
9.93002,46.9069,0.136285,6.4674,0.371075,4723.74,0
9.93654,46.916,-0.135365,6.34754,0.3483,4721.56,0
9.94305,46.8954,-0.294433,6.42822,0.316857,4716.4,0
9.94951,46.8367,-0.389471,6.30319,0.270435,4707.44,0
9.956,46.9809,-0.376017,6.34354,0.321259,4718.85,0
9.9625,47.2733,-0.410289,6.117,0.431418,4745.13,0
9.96902,47.2486,-0.467664,6.08358,0.389055,4739.54,0
9.97552,47.4062,-0.257448,6.38561,0.429259,4752.25,0
9.98204,47.4829,-0.424606,6.45713,0.42933,4756.84,0
9.98854,47.5166,-0.152259,6.64309,0.413733,4757.11,0
9.99504,47.6704,0.0366292,6.81502,0.458258,4769.41,0
10,47.5885,-0.0104276,6.77883,0.390573,4758.85,0
