1.27301,3648.99,-5.53582,-20.341,0.00404041,-789.865,0
2.54988,3644.69,-0.275382,-14.1414,0.0219735,-2082.69,0
3.82548,3647.02,-5.95033,-19.6216,0.0116428,-779.61,0
5.10287,3644.4,4.13646,-19.5015,0.0218503,-1096.8,0
6.37312,3627.37,16.4281,-35.0645,0.0850196,-3550.45,0
7.65713,3623.14,27.687,-24.3335,0.103686,-3507.41,0
8.9319,3585.92,40.4704,10.7881,0.280659,-7174.58,0
10.2069,3616.88,28.8439,-40.594,0.122853,-3244.71,0
11.4833,3514.97,46.5237,-75.6071,0.5949,-11758.5,0
12.7568,3476.75,56.3289,-52.157,0.897565,-13581,0
14.0261,3483.44,51.5102,-33.4091,0.939455,-11875,0
15.3084,3470.2,35.3434,-18.2615,1.28074,-11745,0
16.5923,3479.02,52.6196,-35.2486,0.910933,-10304.7,0
17.8695,3477.27,29.4994,-4.58739,1.3137,-9666.29,0
19.15,3523.41,63.6168,-42.7649,0.45718,-6610.62,0
20.4247,3555.01,82.4091,-115.383,0.109729,-4650.69,0
21.7064,3570.77,95.4455,-99.3543,0.0420928,-3650.15,0
22.9785,3574.95,100.568,-90.1356,0.027021,-3265.96,0
24.258,3580.2,93.2138,-77.8325,0.0254845,-2877.28,0
25.5413,3569.84,75.1679,-81.1329,0.0916959,-3138.32,0
26.8114,3535.05,97.8183,-57.2303,0.258861,-4287.23,0
28.0885,3492.66,83.4592,-47.4391,0.628418,-5601.73,0
29.3704,3503.77,42.7807,-73.1268,0.606758,-4978.98,0
30.646,3490.55,34.9724,-73.715,0.700907,-5203.12,0
31.916,3486.13,35.3509,-36.9923,0.945118,-5134.57,0
33.1937,3509.62,63.7393,-27.226,0.609946,-4229.22,0
34.4708,3511.18,48.0815,-0.47968,0.706004,-4027.27,0
35.7414,3562.97,33.4974,-82.3006,0.212812,-2435.09,0
37.0115,3545.54,13.228,-31.0817,0.441759,-2822.4,0
38.286,3524.78,2.23059,-56.2015,0.538458,-3270.73,0
39.5665,3522.32,-34.3241,-61.3583,0.497609,-3226.89,0
40.8502,3495.08,-25.3006,-56.9102,0.742014,-3792.39,0
42.1224,3486.76,-43.992,-52.7486,0.753533,-3875.42,0
42.4673,3449.99,-36.0267,-45.6754,1.1327,-4709.67,0
