1.26648,3647.81,-37.6508,-27.7539,0.0095192,-1725.57,0
2.55384,3647.61,-29.3466,-29.9764,0.0121938,-934.155,0
3.82956,3643.59,-29.7073,-27.7029,0.0279882,-1673.68,0
5.11452,3646.86,-23.0732,-22.556,0.0180313,-613.722,0
6.3953,3651.26,-24.1435,-20.9641,0.00119867,197.037,0
7.66508,3643.03,-30.0045,-20.4126,0.0313958,-908.834,0
8.9326,3636.32,-17.485,-19.9525,0.0611368,-1531.41,0
10.2042,3636.54,-28.9451,-21.2094,0.0566945,-1319.15,0
11.4826,3626.73,-16.2887,-8.65768,0.10303,-2026.48,0
12.756,3635,-19.7731,1.33199,0.0672354,-1175.99,0
14.0269,3628.94,9.81492,10.2864,0.0936687,-1501.06,0
15.295,3610.65,-15.5656,-34.113,0.166995,-2572.66,0
16.5677,3628.77,-22.1383,-35.011,0.0846039,-1281.44,0
17.8445,3613.38,-44.0488,-43.533,0.136467,-2052.24,0
19.1234,3571.79,-72.6934,-11.864,0.320503,-4089.69,0
20.396,3525.87,-72.0709,-32.6626,0.570109,-6085.88,0
21.6741,3511.45,-63.9376,-39.9458,0.672749,-6392.31,0
22.9615,3518.84,-65.148,-44.1129,0.602097,-5712.14,0
24.2389,3507.7,-54.8946,-73.2537,0.611411,-5870.59,0
25.5104,3506.4,-36.5294,-78.3409,0.633552,-5629.08,0
26.7857,3530.02,-45.1008,-111.296,0.387823,-4479.1,0
28.0599,3508.1,-88.503,-84.4502,0.473445,-5056.97,0
29.3299,3474.32,-110.408,-71.2073,0.613834,-5989.92,0
30.2073,3449.97,-111.533,-69.0603,0.746201,-6621.95,0
