1.28385,3647.96,21.0893,-2.78347,0.0101586,-1592.04,0
2.55898,3644.77,23.0498,-1.27765,0.0220962,-2043.81,0
3.84104,3648.25,21.7077,-4.01197,0.0086005,-455.739,0
5.11223,3648.45,32.369,-5.17634,0.00499184,-302.813,0
6.38252,3647.01,36.7463,-2.87862,0.00912755,-467.704,0
7.649,3646.69,28.2632,-4.70831,0.0128546,-432.644,0
8.93364,3643.19,30.262,-4.33297,0.0258143,-762.788,0
10.2102,3622.89,20.9075,-6.17658,0.112791,-2655.02,0
11.4876,3577.34,19.4684,-50.3148,0.31615,-6325.52,0
12.7609,3589.72,24.5716,-79.0364,0.214563,-4724.06,0
14.0426,3588.73,3.1929,-92.7417,0.208557,-4363.33,0
15.3164,3560.5,71.8941,-71.7937,0.320014,-5843.33,0
16.584,3592.14,57.6864,-107.533,0.140069,-3489.21,0
17.866,3561.34,49.5169,-144.166,0.235876,-4962.57,0
19.1402,3521.95,53.1024,-124.933,0.455477,-6689.97,0
20.4138,3507.14,19.9578,-171.131,0.397103,-6998.39,0
21.6846,3454.66,4.07208,-184.507,0.632612,-9008.04,0
21.6965,3449.96,5.56804,-186.383,0.646757,-9219.83,0
