1.27726,3640.51,-13.7767,40.7228,0.037725,-7433.86,0
2.55686,3629.84,8.04333,40.4882,0.0812812,-7884.59,0
3.83478,3626.53,11.5954,35.3445,0.0967652,-6119.94,0
5.10632,3593.95,-12.5916,45.6669,0.241053,-10975.8,0
6.37806,3558.01,-75.7026,55.562,0.353952,-14423.6,0
7.65345,3579.26,-59.1823,56.8565,0.272444,-9242.76,0
8.93789,3511.6,-28.5407,79.2849,0.64258,-15484.1,0
10.2158,3528.64,-27.447,93.9087,0.488919,-11880.1,0
11.4863,3554.26,-75.0711,114.724,0.242226,-8334.95,0
12.7655,3477.7,-62.5784,110.357,0.695536,-13497.1,0
14.0396,3496.27,-100.184,109.842,0.481432,-10949.4,0
15.3137,3521.1,-67.3172,137.612,0.332308,-8417,0
16.5898,3511.7,-119.898,76.1753,0.415599,-8336.77,0
17.8637,3525.3,-31.2083,98.44,0.450574,-6980.65,0
19.1344,3512.61,-55.4778,115.028,0.460572,-7180.42,0
20.4165,3505.12,-53.2452,174.298,0.367234,-7096.17,0
21.6895,3529.84,-27.9931,108.984,0.474014,-5539.87,0
22.9683,3558.06,-91.3323,76.1794,0.315138,-4002.74,0
24.257,3587.07,-95.6933,35.1094,0.217377,-2594.41,0
25.531,3557.72,-92.2658,-68.1105,0.341369,-3614.44,0
26.8001,3556.7,-123.347,-125.295,0.210041,-3481.42,0
28.0669,3512.29,-108.018,-52.8364,0.606402,-4906.37,0
29.3522,3506.44,-108.584,-93.7623,0.540884,-4890.86,0
30.6245,3487.76,-70.6612,-87.0666,0.768339,-5297.75,0
31.8967,3482.9,-76.9424,-59.1176,0.858081,-5238.73,0
33.1668,3476.67,-75.6986,-77.1152,0.833498,-5226.11,0
34.4443,3492.93,-71.1547,-52.7034,0.824398,-4560.04,0
35.7118,3510.74,-83.3694,-33.9903,0.694844,-3899.64,0
36.9084,3450,-101.175,-21.0431,0.963903,-5418.92,0
