1.2815,3644.9,9.4297,-86.7203,0.0185667,-3979.17,0
2.55655,3645.25,11.0243,-85.6503,0.0178002,-1859.48,0
3.83943,3628.97,4.24866,-90.7932,0.0735044,-5476.87,0
5.12253,3620.38,18.4377,-58.3895,0.133121,-5783.09,0
6.40611,3563.39,-0.0502169,-79.5952,0.379623,-13519.3,0
7.67108,3581.19,85.8756,-58.1204,0.250967,-8969.67,0
8.95476,3568.46,137.584,-65.616,0.216634,-9105.6,0
10.2371,3597.58,128.681,-94.9284,0.0840791,-5120.47,0
11.5105,3587.35,145.324,-97.3426,0.104883,-5442.73,0
12.7898,3567.45,130.77,-157.645,0.139864,-6454.68,0
14.0643,3513.02,137.034,-92.6453,0.516051,-9739.51,0
15.3461,3532.77,168.587,-94.8401,0.317267,-7639.13,0
16.6092,3559.7,173.899,-70.46,0.198058,-5436.64,0
17.8802,3594.14,122.913,-87.5376,0.109417,-3124.15,0
19.154,3590.63,87.3647,-88.5655,0.159483,-3099.52,0
20.4285,3601.76,92.919,-87.0896,0.107466,-2361.17,0
21.7055,3601.37,87.8036,-105.132,0.0961343,-2240.51,0
22.9805,3546.05,119.112,-127.056,0.27674,-4523.28,0
24.2609,3470.78,109.865,-118.36,0.745073,-7387.19,0
25.2754,3450,119.037,-116.561,0.822398,-7912.97,0
