1.27877,3649.29,42.6488,43.1483,0.00228427,-556.907,0
2.5588,3640.39,41.6488,42.7835,0.0360509,-3755.16,0
3.83485,3640.76,48.0157,43.0276,0.0315794,-2409.24,0
5.10783,3631.36,35.8742,31.8248,0.0775977,-3648.82,0
6.37869,3636.53,7.48887,25.6141,0.0649252,-2111.65,0
7.64934,3618.31,24.1911,29.1697,0.137903,-4143.24,0
8.92763,3597.2,-6.02173,-0.772467,0.252321,-5913.7,0
10.2029,3597.19,-36.6045,40.3802,0.223251,-5175.82,0
11.4796,3579.66,-63.1517,75.7599,0.249734,-6127.71,0
12.7409,3595.53,23.8924,4.75523,0.256518,-4275.04,0
14.015,3584.65,-8.9317,92.6232,0.235275,-4663.19,0
15.2895,3561.76,26.6639,113.25,0.301645,-5771.08,0
16.5671,3559.51,14.5515,138.634,0.280963,-5461.83,0
17.8466,3554.5,57.208,174.291,0.228332,-5351.11,0
19.1175,3501.29,77.6451,147.056,0.602854,-7778.5,0
20.4014,3538.9,92.146,108.262,0.480241,-5445.55,0
21.6786,3527.23,101.904,105.525,0.528593,-5663.4,0
22.9613,3500.14,97.9572,113.47,0.646389,-6526.57,0
24.24,3518.1,117.935,140.172,0.408545,-5441.33,0
25.5136,3536.24,95.3406,211.924,0.129677,-4458.64,0
26.793,3542.41,86.6087,182.535,0.202931,-4015.49,0
28.0655,3511.48,114.619,217.542,0.18537,-4935.57,0
29.3372,3485.13,67.3771,208.621,0.457899,-5619.82,0
30.6047,3518.43,29.3835,175.781,0.455075,-4299.04,0
31.8835,3563.36,116.608,182.276,0.158323,-2717.3,0
33.1492,3517.1,153.543,160.508,0.366261,-4009.25,0
34.4268,3508.92,244.447,143.569,0.218608,-4098.1,0
35.7056,3548.92,199.723,127.726,0.197619,-2831.07,0
36.983,3528.63,151.319,134.315,0.382911,-3281.68,0
38.2613,3496.16,207.106,115.564,0.42945,-4020.73,0
39.5481,3462.26,200.569,136.332,0.611876,-4747.15,0
40.824,3462.89,195.944,104.155,0.68606,-4583.22,0
42.1002,3495,175.091,146.029,0.473107,-3681.7,0
43.3835,3519.57,152.18,163.637,0.341021,-3006.44,0
44.6594,3541,77.3391,162.322,0.356577,-2440.72,0
45.9389,3534.45,54.9103,215.645,0.275152,-2515.36,0
47.2013,3477.32,112.693,219.885,0.526747,-3658.42,0
48.4784,3459.73,164.231,277.416,0.239743,-3924.76,0
48.9296,3449.97,162.861,263.684,0.371913,-4088.1,0
