1.2776,3645.31,13.964,-32.8719,0.0174326,-3670.31,0
2.55694,3641.97,20.7688,-28.4569,0.0304907,-3140.1,0
3.83387,3631.7,11.5149,-8.66722,0.0777601,-4773.97,0
5.11113,3595.06,105.149,10.9957,0.162268,-10749.2,0
6.38606,3569.21,82.8232,-51.8911,0.290273,-12651.2,0
7.66565,3602.85,96.1457,-51.5633,0.128328,-6150.93,0
8.93711,3623.73,113.226,-55.0405,0.0280977,-2938.92,0
10.2147,3627.66,97.3128,-58.04,0.0251513,-2186.96,0
11.4831,3631.83,92.1551,-53.3568,0.0157635,-1582.13,0
12.7573,3628.45,90.4514,-46.9494,0.0320871,-1689.56,0
14.0407,3570.66,108.318,-46.7105,0.249791,-5650.37,0
15.3095,3555.79,108.571,-34.8918,0.311787,-6153.71,0
16.5897,3576.53,126.889,-5.36048,0.163977,-4428.79,0
17.8711,3553.03,65.0451,-14.5102,0.402843,-5425.99,0
19.1354,3523.76,97.2505,53.2751,0.466064,-6597.45,0
20.4054,3525.04,82.1402,24.9846,0.522957,-6123.63,0
21.6805,3534.76,107.742,43.8279,0.383997,-5315.53,0
22.9577,3553.12,79.9668,60.2301,0.323557,-4220.04,0
24.2374,3547.68,47.1742,60.1192,0.404898,-4221.57,0
25.5105,3575.33,74.6478,137.502,0.107522,-2927.2,0
26.7846,3546.29,119.826,100.889,0.246535,-3872.09,0
28.06,3501.27,83.0378,122.047,0.515756,-5300.26,0
29.3216,3525.1,102.017,139.858,0.295362,-4259.51,0
30.5911,3494.97,47.5456,186.43,0.378668,-5067.79,0
31.8669,3477.6,79.3229,214.155,0.31622,-5410.08,0
33.1376,3493.43,39.7091,189.492,0.398928,-4724.88,0
34.4088,3498.94,41.3113,212.409,0.285291,-4390.27,0
35.6792,3481.95,104.266,211.07,0.282916,-4709.91,0
36.9579,3502.21,95.8776,202.991,0.2339,-3998.87,0
38.2288,3482.74,51.2052,219.501,0.332616,-4375.29,0
39.5081,3469.57,31.1821,268.024,0.179375,-4566.96,0
39.6821,3450,31.8467,274.584,0.252334,-5040.11,0
