1.27209,3645.44,27.0375,56.8433,0.0127875,-3587.01,0
2.55889,3636.23,31.0088,52.9558,0.0485758,-5382.49,0
3.83663,3635.93,32.7399,48.2078,0.0512755,-3667.53,0
5.10561,3623.62,32.4629,67.0945,0.0882192,-5167.37,0
6.38004,3610.83,44.8849,68.3524,0.133394,-6139.61,0
7.66463,3546.78,72.1947,38.5739,0.444899,-13466.6,0
8.94816,3573.18,81.1652,24.733,0.298979,-8585.21,0
10.229,3512.03,115.784,0.373072,0.530854,-13488,0
11.498,3501.96,96.3993,-27.559,0.633699,-12875.6,0
12.7787,3516.88,111.488,28.3202,0.498708,-10417.1,0
14.0477,3536.8,29.6296,48.7682,0.574198,-8058.18,0
15.329,3549.95,34.0521,14.2822,0.523107,-6527.12,0
16.5985,3546.67,58.7907,28.1736,0.476065,-6225.12,0
17.8867,3530.93,34.8849,17.8009,0.671864,-6657.17,0
19.1618,3524.03,59.0226,18.3332,0.630675,-6573.89,0
20.4425,3539.64,24.9344,13.3734,0.602987,-5398.45,0
21.7178,3572.8,37.6466,33.6273,0.319527,-3554.64,0
23.0003,3562.46,61.4169,5.97468,0.361226,-3806.1,0
24.2822,3573.37,20.3299,22.8587,0.337897,-3155.69,0
25.5533,3533.51,63.1423,32.0294,0.516087,-4558.62,0
26.8278,3506.81,12.9808,28.1394,0.959372,-5337.36,0
28.0971,3511.12,19.7032,22.5884,0.864255,-4942.8,0
29.3736,3495.94,35.3996,58.13,0.721265,-5245.01,0
30.6436,3493.4,63.6059,-7.86345,0.749407,-5110.47,0
31.9127,3489.45,66.2018,-9.1093,0.751205,-5030.9,0
33.1964,3486.35,68.0407,-24.6334,0.72985,-4929.77,0
34.4691,3468.93,78.1086,-3.29334,0.798164,-5253.08,0
35.7474,3477.86,89.3053,-13.341,0.647298,-4815.32,0
37.0259,3500,127.371,-48.4215,0.286651,-4051.25,0
38.3043,3512.67,177.779,-30.2764,0.0664086,-3585.14,0
39.577,3508.95,179.6,-25.5739,0.0836877,-3563.84,0
40.6478,3449.99,167.557,-61.5503,0.431456,-4920.65,0
