1.27528,3648.02,44.1319,-22.1016,0.00575832,-1555.02,0
2.55698,3636.5,25.821,-15.9686,0.0581521,-5281.41,0
3.83201,3617.05,15.8915,-28.5749,0.14027,-8597.64,0
5.11032,3618.97,-2.81725,2.71967,0.138888,-6072.9,0
6.37615,3601.13,-48.7548,62.1406,0.173607,-7664.45,0
7.65998,3589.48,-80.3264,71.2477,0.192029,-7900.38,0
8.9332,3574.29,-107.261,81.6388,0.225744,-8474.62,0
10.204,3596.29,-24.6395,78.3308,0.212966,-5264.12,0
11.4861,3563.84,29.8845,72.8332,0.375052,-7501.07,0
12.7648,3562.88,66.8541,64.3225,0.354618,-6824.88,0
14.0333,3588.32,88.1853,146.767,0.0923635,-4395.33,0
15.2954,3579.37,61.6658,155.559,0.137009,-4618.02,0
16.5749,3577.12,66.039,165.815,0.121661,-4396.87,0
17.8448,3570.77,117.889,174.781,0.0773063,-4439.88,0
19.117,3578.54,136.51,172.153,0.0280287,-3738.03,0
20.393,3582.7,139.433,171.977,0.00667533,-3300.02,0
21.6649,3582.56,141.484,164.094,0.0145175,-3112.94,0
22.9523,3571.39,138.905,162.041,0.069989,-3424.75,0
24.2346,3558.58,145.431,165.508,0.116798,-3772.26,0
25.5073,3545.78,150.085,202.396,0.103161,-4085.7,0
26.7819,3541.68,159.642,196.315,0.103443,-4044.41,0
28.0644,3535.25,161.253,211.123,0.0956955,-4088.94,0
29.3537,3538.78,154.508,192.505,0.124405,-3789.11,0
30.6247,3494.38,128.654,149.805,0.51584,-5081.41,0
31.8948,3519.9,118.994,153.451,0.373987,-4079.01,0
33.1764,3592.75,50.1385,110.359,0.191123,-1725.76,0
34.4501,3540.48,57.3293,90.8413,0.473573,-3178.99,0
35.7304,3514.93,33.0894,93.4703,0.644078,-3780.33,0
37.0149,3539.78,58.3789,99.0023,0.462602,-2977.84,0
38.2941,3556.38,31.6981,81.6251,0.436517,-2444.78,0
39.5778,3552.12,24.5267,57.6433,0.513906,-2473.19,0
40.8542,3595.51,12.9806,68.1045,0.26675,-1333.83,0
42.1234,3598.77,59.7053,41.0022,0.247934,-1216.3,0
43.4015,3581.86,58.6867,25.2106,0.341521,-1570.06,0
44.673,3535.59,70.039,50.6577,0.546754,-2561.11,0
45.9459,3551.95,82.1636,35.1655,0.446379,-2134.11,0
47.2218,3575.29,57.1214,17.1162,0.374868,-1582.01,0
48.5027,3543.03,17.2404,18.8628,0.652011,-2205.5,0
49.7795,3508.59,23.2379,6.04437,1.07281,-2840.7,0
51.0544,3492.48,32.099,12.6357,1.14751,-3085.39,0
52.3268,3476.2,33.7934,46.9864,1.02395,-3321.34,0
53.6011,3523.18,-1.80424,62.6849,0.59228,-2366.07,0
54.869,3596.14,-19.2326,56.718,0.154476,-981.558,0
56.1496,3522.74,11.8917,65.5829,0.574554,-2266.37,0
57.4326,3481.06,53.5227,98.599,0.621523,-2941.61,0
58.4923,3450,60.3548,91.9456,0.794906,-3419.29,0
