1.27046,3645.29,3.47971,-4.0276,0.0182395,-3705.4,0
2.54073,3635.39,-5.06405,5.44223,0.0580239,-5749.79,0
3.82004,3594.65,8.6121,-4.28708,0.250515,-14488.8,0
5.09464,3569.56,13.2574,-12.9714,0.396453,-15788.2,0
6.36839,3611.62,-1.84404,-43.3701,0.14563,-6027.2,0
7.64698,3620.33,-72.0371,-58.5208,0.0670973,-3880.32,0
8.93304,3627.69,-71.2076,-60.7798,0.0380363,-2497.07,0
10.2144,3635.62,-76.9078,-55.9391,0.00722943,-1407.88,0
11.4877,3622.57,-84.2974,-60.9037,0.0470356,-2387.7,0
12.7603,3602.36,-73.3145,-73.3768,0.125058,-3733.58,0
14.0353,3550.73,-44.3962,-125.522,0.304096,-7073.2,0
15.3057,3548.7,-32.6353,-107.963,0.353211,-6618.48,0
16.594,3584.56,-92.3544,-98.3478,0.127978,-3943.75,0
17.8733,3582.89,-103.159,-100.545,0.121529,-3754.7,0
19.1511,3588.55,-116.031,-107.798,0.0763992,-3208.78,0
20.4226,3604.68,-106.412,-96.5487,0.0282024,-2218.97,0
21.7023,3608.95,-110.146,-101.461,0.00412002,-1891.32,0
22.978,3597.5,-108.841,-80.9289,0.0674955,-2284.89,0
24.2502,3536.62,-74.1173,-58.4257,0.431855,-4675.28,0
25.529,3540.6,-77.824,-61.6856,0.403339,-4285.31,0
26.8011,3541.48,-86.4908,-83.973,0.332518,-4049.22,0
28.0644,3493.71,-96.9783,-131.981,0.472321,-5568.83,0
29.3462,3497.92,-117.73,-186.842,0.265312,-5182.3,0
30.5697,3450,-104.242,-248.549,0.269761,-6542.52,0
