1.28135,3626.08,-20.9093,-21.7709,0.097984,-18671.2,0
2.56646,3625.29,-25.2928,-32.3982,0.0961157,-9626.66,0
3.83686,3590.05,20.5517,22.0988,0.271641,-15625.5,0
5.11307,3622.21,88.7493,-0.438924,0.0727725,-5434.24,0
6.39351,3619.99,90.9372,-6.3654,0.0788056,-4694.17,0
7.67676,3600.23,47.8191,5.85208,0.204916,-6483.39,0
8.95724,3536.99,-8.53928,48.4592,0.590389,-12616.1,0
10.236,3513.66,-30.0327,70.0603,0.652046,-13319.6,0
11.5141,3536.04,-57.6198,49.2684,0.503143,-9897.42,0
12.7902,3528.7,-55.4475,39.9497,0.570612,-9483.47,0
14.0636,3563.9,-77.2351,-17.398,0.327339,-6122.54,0
15.3388,3577.3,-49.864,-22.1212,0.2927,-4739.71,0
16.6188,3572.77,-86.6165,-37.4134,0.252348,-4646.95,0
17.8947,3571.62,-126.263,-31.4814,0.190684,-4380.04,0
19.1839,3582.59,-135.716,-14.392,0.135644,-3513.71,0
20.4561,3570.76,-124.182,34.7411,0.206429,-3873.55,0
21.7223,3574.38,-67.9563,38.9696,0.272991,-3481.04,0
23.0002,3521.25,-93.9603,-24.6351,0.508924,-5597.66,0
24.276,3490.28,-114.662,-13.7463,0.609332,-6579.45,0
25.5539,3533.96,-169.428,13.8973,0.163843,-4541.14,0
26.8298,3509.92,-153.233,-23.0634,0.344668,-5221.22,0
28.097,3484.58,-133.062,-41.3036,0.573795,-5887.48,0
29.3697,3497.38,-137.89,-58.4818,0.445639,-5196.68,0
30.6514,3519.28,-118.29,-107.381,0.276536,-4264.84,0
31.9203,3500.91,-134.39,-178.706,0.113211,-4670.79,0
32.7903,3449.99,-106.675,-221.562,0.27155,-6099.7,0
