1.26948,3649.06,-24.5873,42.9804,0.00442424,-737.665,0
2.54874,3648.84,-20.35,49.3479,0.0034657,-455.656,0
3.82416,3648.47,-11.0962,36.0128,0.0112535,-400.854,0
5.10249,3645.07,-4.28803,38.0431,0.0240101,-967.102,0
6.37076,3648.34,-2.47422,35.0329,0.0123295,-260.537,0
7.65194,3650.73,0.0220641,30.9281,0.00440402,95.6377,0
8.92956,3648.53,4.99579,39.3516,0.00984122,-164.408,0
10.2077,3650.78,1.12652,41.5773,0.000595344,76.3686,0
11.4782,3644.13,-0.991461,43.3985,0.0251012,-511.321,0
12.7552,3637.99,-11.5614,36.9992,0.0508061,-941.282,0
14.0282,3640.42,-4.25956,32.9416,0.0428589,-682.586,0
15.297,3634.59,2.5809,38.4982,0.0638861,-1007.27,0
16.5806,3650.17,0.810527,35.8012,0.00365093,9.96763,0
17.8606,3644.33,-5.09978,41.5907,0.0236812,-317.425,0
19.1392,3643.74,-6.80851,37.6926,0.0272602,-327.251,0
20.4034,3640.47,-6.3278,33.2564,0.0414019,-466.917,0
21.6767,3635.61,0.103738,31.3016,0.0615552,-663.641,0
22.9476,3620.92,6.93785,22.408,0.126667,-1267.09,0
24.2244,3610.05,0.395522,-13.4736,0.179914,-1649.01,0
25.4981,3589.44,-56.9628,34.4659,0.24238,-2375.13,0
26.7771,3578.46,-11.8469,21.3769,0.346443,-2671.87,0
28.0545,3623.41,-44.0872,23.8697,0.101681,-947.653,0
29.3308,3590.54,-29.1792,1.36324,0.271992,-2027.09,0
30.612,3555.74,12.8126,-4.35911,0.512672,-3079.07,0
31.8984,3565.6,18.8516,-6.66398,0.427499,-2645.93,0
33.1851,3559.8,36.4475,-10.0802,0.445377,-2718.17,0
34.4554,3553.32,-33.8656,-45.2471,0.451536,-2805.92,0
35.7353,3571.69,-26.8566,-129.025,0.207481,-2191.48,0
37.0179,3580.72,-45.9068,-113.233,0.189144,-1871.39,0
38.3007,3536.17,-72.2521,-23.2433,0.519788,-2971.88,0
39.5781,3539.04,-46.6565,13.9151,0.578929,-2803.53,0
40.8455,3537.98,-23.8463,-17.4776,0.634954,-2742.43,0
42.127,3499.67,-31.3934,-16.1447,1.02851,-3568.53,0
43.3976,3490.72,-13.7244,-19.265,1.28705,-3670.36,0
44.6717,3477.52,17.016,-60.9285,0.918273,-3861.15,0
45.9454,3503.13,19.9762,-40.5005,0.802235,-3196.73,0
47.2122,3514.83,31.2073,-38.3244,0.642828,-2863,0
48.4896,3484.09,32.7579,-64.8291,0.737298,-3421.51,0
49.7713,3488.73,53.3574,-47.8837,0.702112,-3240.18,0
51.0484,3509.13,23.0124,-38.2987,0.698224,-2759.61,0
52.3237,3537.93,21.8138,3.95174,0.490776,-2141.77,0
53.6068,3594.08,11.6267,-21.7084,0.0807302,-1043.22,0
54.8858,3531.61,-35.0303,-16.2247,0.501839,-2156.95,0
56.1541,3541.41,-36.5039,6.68742,0.417769,-1933.85,0
57.4271,3545,-57.7027,31.9721,0.321077,-1828.49,0
58.6987,3513.52,-51.3086,47.5076,0.521318,-2325.11,0
59.9764,3490.79,-58.1128,26.3742,0.72801,-2654.59,0
61.2561,3469.41,-77.0146,19.4678,0.764785,-2948.12,0
62.5322,3461.66,-72.2919,5.50554,0.857637,-3011.93,0
62.6505,3449.97,-71.95,4.28125,0.940718,-3192.73,0
