1.27147,3639.45,-9.37663,-7.6763,2.61887,-8299.14,0
2.54503,3642.22,-13.184,-17.4987,1.53186,-3057.19,0
3.82167,3622.24,-27.8148,-0.421784,6.07912,-7263.11,0
5.10499,3612.19,-31.2823,6.42707,5.73037,-7406.78,0
6.37893,3626.63,-35.5353,1.38072,0.725611,-3663.01,0
7.66007,3622.96,-12.9918,-17.4955,1.83663,-3529.86,0
8.93011,3626.12,36.4327,6.29395,0.316061,-2674.12,0
10.1987,3619.96,25.8553,48.7943,0.39884,-2945,0
11.4783,3610.16,22.5161,42.3248,3.27137,-3471,0
12.7594,3599.01,33.6616,30.7314,5.48452,-3995.95,0
14.045,3602.63,38.7869,61.2284,0.630617,-3372.61,0
15.3298,3594.3,75.3958,45.3558,1.72537,-3633.49,0
16.6004,3587.52,73.1472,51.6958,3.19488,-3763.82,0
17.8726,3567.86,65.2014,51.6369,6.86409,-4595.65,0
19.1558,3551,62.8255,31.7988,8.66944,-5168.24,0
20.4323,3551.7,55.7552,22.5363,5.27086,-4811.04,0
21.7082,3557.26,54.3523,19.9399,2.56378,-4272.03,0
22.9812,3532.85,55.2006,16.4477,9.18337,-5097.6,0
24.2499,3532.99,57.3129,9.5462,3.52142,-4825.04,0
25.5285,3538.85,34.1643,8.19915,4.67127,-4354.15,0
26.7948,3534.98,31.2289,13.8251,5.43899,-4292.54,0
28.074,3532.77,22.6723,12.3503,5.10772,-4175.77,0
29.3535,3521.78,29.1484,20.7155,5.62113,-4367.98,0
30.6371,3502.61,31.5468,4.63784,7.92649,-4810.7,0
31.6234,3481.4,0.879729,-3.56724,4.10735,-5331.48,1
