1.2682,3648.69,82.5027,-23.9584,0.404083,-1035.62,0
2.55012,3633.89,75.7001,-45.9325,3.44069,-6317.88,0
3.82653,3616.75,87.5865,-69.2744,3.34441,-8688.23,0
5.09718,3599.76,80.7748,-74.6706,5.91085,-9857.37,0
6.36637,3593.35,95.3876,-87.7613,4.9225,-8898.06,0
7.65272,3591.41,89.6012,-78.9845,5.64086,-7656.68,0
8.92758,3596.24,102.908,-79.256,2.9352,-6021.53,0
10.1984,3593.39,122.947,-56.0535,2.67551,-5550.72,0
11.4695,3588.61,120.806,-34.5554,4.32632,-5352.18,0
12.7462,3589.29,121.347,-15.7692,3.9122,-4763.33,0
14.0184,3573.97,106.581,-27.1655,5.65799,-5423.67,0
15.2961,3595.24,58.1261,-40.4021,2.44511,-3579.76,0
16.5753,3583.21,69.8898,-78.8062,2.3171,-4029.55,0
17.851,3577.25,68.1419,-69.6965,3.41357,-4075.38,0
19.118,3563.34,89.6478,-76.7498,3.83351,-4532.65,0
20.398,3556.63,82.8527,-85.5378,3.96401,-4577.44,0
21.671,3572.61,67.5105,-74.5491,0.719246,-3571.07,0
22.9476,3559.29,71.9048,-90.4934,2.75201,-3953.08,0
24.2161,3557.23,68.4195,-105.197,1.65809,-3831.01,0
25.5014,3537.83,81.108,-104.477,5.75258,-4398.72,0
26.7721,3547.8,77.2807,-104.316,1.27699,-3817.42,0
28.0416,3539.17,92.6593,-101.561,2.45387,-3952.36,0
29.3079,3525.48,88.2131,-101.648,6.22203,-4248.81,0
30.5772,3534.64,87.3256,-97.6723,2.19101,-3772.89,0
31.8489,3522.32,104.22,-102.273,2.78236,-4009.02,0
33.1315,3516.96,86.7285,-101.625,5.70867,-4015.4,0
34.3975,3520.07,100.234,-101.836,1.68385,-3777.28,0
35.6633,3515.23,85.1804,-106.567,3.8607,-3778.85,0
36.9445,3506.68,82.0075,-88.754,7.22288,-3879.37,0
38.2175,3511.83,91.4852,-85.118,1.14586,-3615.43,0
39.4877,3506.46,98.94,-82.3602,1.99064,-3634.97,0
40.7695,3491.61,88.1577,-67.0041,9.42896,-3885.04,0
42.0446,3499.71,86.0532,-75.7841,4.12434,-3574.51,0
43.3271,3494.74,76.9135,-76.5793,5.27926,-3583.53,0
44.6011,3507.75,46.4377,-80.9055,2.31284,-3189.48,0
45.878,3508.77,25.1459,-84.8522,1.60514,-3078.43,0
47.1539,3490.51,41.0682,-70.6064,9.62302,-3382.3,0
48.4384,3478.45,38.61,-97.9376,3.87144,-3541.64,0
49.7116,3491.71,25.3405,-71.0945,4.94047,-3184.09,0
50.9919,3466.28,16.2837,-75.8002,1.46694,-3603,0
52.2689,3463.11,2.95266,-71.831,3.04119,-3575.6,0
53.543,3464.42,-7.18251,-47.6645,4.81619,-3466.01,0
54.8194,3487.42,2.7961,-20.7343,2.215,-2965.73,0
55.1124,3485.47,0.332802,-2.80857,7.95671,-2985.27,1
