1.27999,3644.37,-3.54417,-35.9971,0.934119,-4400.37,0
2.55168,3632.26,24.2771,-30.8953,3.85263,-6952.57,0
3.82816,3636.67,14.5271,-21.4817,2.70033,-3482.9,0
5.10989,3631.35,0.4681,-6.61895,4.01106,-3649.74,0
6.38201,3631.03,-4.24993,-1.9033,3.42892,-2972.97,0
7.6587,3610.39,-12.8982,10.5218,6.70983,-5172.13,0
8.9456,3597.76,-19.1122,14.1526,7.21112,-5840.23,0
10.2273,3593.69,-24.7268,24.7325,4.79436,-5505.75,0
11.5075,3586.22,-24.0823,21.6583,6.72831,-5542.82,0
12.7792,3581.84,-16.554,22.0793,5.54612,-5333.49,0
14.0526,3568.26,-10.827,6.96132,9.03162,-5817.06,0
15.3385,3568.38,-28.9828,7.96229,4.91799,-5321.37,0
16.6249,3556.49,-38.0338,-2.52842,7.92625,-5624.91,0
17.8959,3559.44,-41.5484,8.97334,4.22098,-5060.34,0
19.1792,3559.95,-6.97481,26.6126,4.3417,-4695.33,0
20.4518,3553.89,9.16778,18.9758,5.82484,-4699.12,0
21.7211,3550.75,34.7867,34.7116,2.75833,-4569.4,0
22.995,3538.24,20.0368,26.2469,7.78883,-4860,0
24.2731,3520.48,40.66,52.8723,7.46584,-5335.92,0
25.5563,3512.74,50.9728,72.1306,1.44744,-5370.77,0
26.834,3498.6,61.4583,77.0185,3.81501,-5642.17,0
28.1204,3495.38,87.9594,67.9118,0.869434,-5498.56,0
29.3928,3474.62,94.9881,84.368,2.9343,-5966.84,0
30.6711,3471.8,109.602,65.5786,2.87649,-5809.99,0
31.9471,3475.1,102.684,57.147,4.47612,-5474.74,0
33.2269,3459.65,112.886,65.6254,4.90707,-5728.82,0
34.4993,3461.07,119.663,63.7598,1.0803,-5476.25,0
35.7734,3456.88,118.228,35.3131,5.52913,-5398.51,0
37.0504,3479.21,86.2259,29.2949,4.35713,-4609.8,0
38.3274,3457.82,105.253,12.4467,5.80429,-5014.17,0
39.3047,3449.91,95.0546,10.4136,9.90668,-5090.66,0
