1.27797,3645.78,58.7427,-60.4954,0.475467,-3300.08,0
2.54616,3632.75,70.8974,-75.9558,1.82643,-6776.81,0
3.81876,3621.79,83.6908,-53.8478,4.23081,-7387.11,0
5.09102,3609.84,96.6903,-44.2015,5.19957,-7887.46,0
6.36773,3593.82,93.7036,-55.5435,6.37499,-8822.47,0
7.65251,3596.71,132.574,-70.4825,0.233539,-6963.29,0
8.93838,3590.92,103.086,-94.8273,2.38832,-6609.35,0
10.2202,3589.55,94.8608,-75.7548,4.00163,-5914.68,0
11.4997,3593.8,106.044,-85.4676,1.1356,-4887.47,0
12.7735,3573.88,85.8935,-75.5121,7.23465,-5959.22,0
14.0559,3590.39,84.6768,-72.7977,1.96252,-4240.79,0
15.3367,3582.37,65.4119,-93.7884,3.72782,-4409.58,0
16.6127,3576.44,69.2871,-73.2106,5.3551,-4427.72,0
17.8871,3572.37,50.1534,-89.4514,4.56066,-4339.8,0
19.1578,3550.39,48.4677,-84.7063,6.98645,-5199.56,0
20.4361,3536.35,24.5182,-80.9618,8.95521,-5561.36,0
21.7162,3524.35,6.40563,-93.5181,6.27268,-5786.05,0
22.9862,3534.34,-5.4106,-98.2742,0.486078,-5031.74,0
24.2581,3514.98,14.5632,-91.8732,5.49122,-5566.01,0
25.5344,3523.34,22.9016,-83.308,3.54587,-4960.36,0
26.8175,3530.66,29.9035,-75.8652,1.24032,-4449.95,0
28.0952,3527.62,31.7,-61.1042,4.16236,-4355.75,0
29.3775,3517.03,34.481,-43.3804,6.21394,-4526.18,0
30.6489,3505.51,21.2588,-30.5326,6.83476,-4714.48,0
31.9325,3502.28,31.0817,-19.7705,6.9329,-4626,0
33.2128,3495.86,47.1382,-17.5719,2.32822,-4641.12,0
34.4899,3479.7,26.5959,-12.6938,3.90908,-4937.79,0
35.0387,3474.94,4.84743,-1.2468,1.44561,-4996.33,0
