1.28126,3636.65,42.5945,21.9236,3.04806,-10416.9,0
2.56869,3629.76,41.2949,16.1526,4.46578,-7880.48,0
3.8378,3621.8,65.3432,25.683,4.63208,-7347.92,0
5.12035,3634.61,68.6965,14.2055,0.22067,-3006.38,0
6.39666,3626.04,81.4871,23.6868,1.58419,-3745.47,0
7.66505,3610.05,101.188,38.1695,3.25669,-5212.34,0
8.94056,3584.94,122.001,45.2932,6.59479,-7276.85,0
10.2194,3590.55,136.455,41.1636,2.27777,-5816.92,0
11.4991,3570.8,140.694,25.3076,5.97847,-6887.85,0
12.7811,3581.66,119.873,47.2074,2.47258,-5346.64,0
14.0531,3569.28,147.359,33.2213,2.59521,-5744.22,0
15.3245,3555.83,157.989,40.588,3.46106,-6144.99,0
16.6046,3542.65,158.219,47.8676,6.89949,-6465.35,0
17.8667,3530.68,156.569,68.2807,6.91323,-6678.39,0
19.1445,3528.39,171.717,55.3513,3.35842,-6352.02,0
20.4114,3515.12,166.704,30.9285,6.56389,-6607.98,0
21.6876,3512.46,169.766,39.0956,5.53952,-6342.04,0
22.9626,3512.78,162.309,39.6351,4.55562,-5975.82,0
24.2365,3513.75,153.696,27.0582,5.77827,-5621.84,0
25.5127,3514.9,155.054,5.32562,4.09551,-5295.2,0
26.7939,3511.68,133.642,10.1411,9.19454,-5162.21,0
28.0755,3518.74,136.19,-4.79931,4.04835,-4675.11,0
29.3539,3519.71,133.351,5.6705,3.95743,-4438.48,0
30.628,3522.44,135.602,37.0195,0.905984,-4164.84,0
31.8934,3508.28,127.447,30.4608,5.37049,-4443.57,0
33.1664,3513.08,102.272,46.5512,5.83466,-4128.42,0
34.439,3491.19,90.6693,51.5559,9.16873,-4611.24,0
35.7086,3482.99,93.9049,70.9816,4.01463,-4677.13,0
36.9833,3477.5,78.5381,63.65,8.76923,-4664.36,0
38.2537,3486.58,66.317,84.9557,0.196229,-4271.9,0
39.5287,3478.64,65.7872,82.5234,3.54547,-4335.1,0
40.8101,3486.41,57.4396,61.4778,5.71438,-4008.58,0
42.091,3480.34,62.8037,60.7484,6.07011,-4030.84,0
43.368,3483.32,44.6597,81.7529,1.56842,-3843.37,0
44.6416,3467.76,51.9309,76.9062,6.46104,-4082.23,0
45.9076,3455.34,54.22,69.1238,9.25253,-4240.34,0
47.1923,3450.86,63.8731,71.8117,5.48615,-4219.85,0
47.1946,3449.96,64.3677,72.8703,5.33996,-4238.54,0
