1.27915,3641.09,31.2169,-10.0991,2.12986,-6968.98,0
2.55747,3613.44,33.2048,-15.3149,7.61131,-14296.2,0
3.83128,3607.81,29.0152,-9.51131,5.73382,-11012.5,0
5.10735,3606.3,43.1368,-33.9227,4.3661,-8555.76,0
6.37577,3605.68,37.133,-21.0767,3.99595,-6950.58,0
7.65069,3614.2,16.8665,-36.6004,1.27358,-4679.01,0
8.93004,3610.56,-1.6064,-6.28997,3.13435,-4416.62,0
10.2047,3604.95,-0.688731,7.65086,4.33899,-4414.31,0
11.4644,3602.32,-16.6667,20.4249,3.86666,-4158.55,0
12.7398,3611.07,13.0259,14.7155,1.04887,-3055.76,0
14.0151,3605.06,14.2972,21.0795,2.68614,-3206.8,0
15.2826,3586.03,10.0481,18.6976,6.39662,-4185.97,0
16.5556,3591,18.7345,14.3992,1.21178,-3563.9,0
17.827,3584.94,36.6754,16.7251,2.09108,-3649.66,0
19.1028,3566.46,47.1583,7.63568,7.41929,-4373.37,0
20.3743,3556.79,53.2826,28.5454,5.16394,-4574.91,0
21.6425,3562.17,37.6799,4.93195,2.75095,-4058.21,0
22.9226,3532.58,51.0579,21.9398,11.0479,-5122.55,0
24.2,3527.07,61.7714,28.45,4.22911,-5079.8,0
25.4771,3525.09,34.0107,53.2437,5.74708,-4902.83,0
26.7532,3519.82,25.8277,61.542,5.15712,-4866.01,0
28.0235,3489.81,19.6115,54.9499,6.32518,-5716.45,0
29.2999,3461.29,26.6494,76.6094,6.56552,-6440.54,0
30.5738,3459.55,32.8853,59.5731,9.05621,-6229.18,0
31.1034,3450.04,38.2234,55.691,12.0988,-6429.04,0
