1.28118,3631.54,-6.11923,-4.03388,4.35155,-14409.9,0
2.56025,3639.82,-0.039804,1.17805,1.56936,-3977.21,0
3.84141,3631.43,4.95015,26.2805,3.40976,-4835.39,0
5.11383,3634.59,29.3842,30.0618,1.99449,-3014.33,0
6.396,3639.27,30.6906,33.101,0.325712,-1677.06,0
7.67339,3630.28,16.3303,44.7561,2.40072,-2570.42,0
8.9433,3621.75,6.89134,52.3194,3.74169,-3158.46,0
10.217,3624.31,-1.72428,61.8067,2.26508,-2514.26,0
11.4947,3593.31,-4.3075,74.4524,7.75935,-4931.54,0
12.7676,3576.33,8.8527,74.8568,10.0144,-5770,0
14.0495,3577.82,3.2586,81.3191,4.52567,-5137.22,0
15.3222,3578.22,4.50348,86.8232,3.50078,-4685.01,0
16.5971,3563.65,-17.5249,96.5096,5.4607,-5202.52,0
17.8629,3548.57,-24.5568,107.323,4.98471,-5678.52,0
19.1378,3549.07,-44.369,88.5861,5.38596,-5273.89,0
20.4187,3544.56,-50.0272,87.143,3.73005,-5163.85,0
21.6897,3531.63,-79.6948,88.3206,3.10065,-5457.37,0
22.9634,3526.21,-103.171,87.2371,1.78218,-5390.65,0
24.2454,3518.48,-101.092,95.6206,2.60571,-5424.41,0
25.5204,3507.99,-104.99,95.0923,5.40424,-5564.66,0
26.7898,3503.98,-118.392,100.578,3.09333,-5450.56,0
28.0735,3519.63,-101.928,69.8014,4.39759,-4643.76,0
29.3483,3524.51,-96.9077,83.8463,0.949913,-4275.98,0
30.6213,3512.57,-98.1019,74.7077,5.09547,-4488.21,0
31.8907,3509.49,-106.762,72.3204,1.82959,-4405.87,0
33.1662,3503.83,-110.217,53.3976,4.51501,-4407.09,0
34.4505,3499.31,-98.2021,49.3285,6.52459,-4374.18,0
35.7363,3477.35,-117.608,65.6678,5.75124,-4831.22,0
37.0021,3478.07,-112.962,72.956,4.82717,-4646.51,0
38.2813,3466.26,-115.168,47.7993,6.64715,-4799.65,0
39.5549,3477.36,-101.805,54.9851,3.96204,-4364.51,0
40.8279,3471.23,-91.3218,70.8262,5.20625,-4378.57,0
42.1031,3468.35,-73.5407,72.8987,7.97598,-4314.33,0
43.3742,3455.25,-76.7892,59.0285,10.3448,-4490.01,0
44.6464,3470.03,-72.6852,66.6993,0.893523,-4031.07,0
45.9137,3464.83,-64.5036,73.1471,2.72877,-4032.95,0
47.1808,3474.47,-50.1957,44.5513,8.93686,-3720.33,0
48.4571,3476.65,-60.8315,46.9072,0.770696,-3577.41,0
49.7279,3496.77,-43.3855,33.0559,0.31045,-3081.35,0
51.009,3469.22,-28.0857,12.7826,0.980113,-3544,0
51.7459,3460.74,-7.79411,0.648788,2.16859,-3657.45,0
