1.27556,3627.64,-14.6125,-26.1906,5.17189,-17531.1,0
2.56438,3627.12,-5.42651,-19.3824,3.53655,-8920.69,0
3.83784,3625.67,-5.15845,-8.40666,2.87227,-6340.76,0
5.11389,3630.43,-0.53227,1.58422,0.842857,-3827.12,0
6.39387,3614.76,-19.349,-22.6688,3.56105,-5511.66,0
7.66834,3609.76,-10.4188,2.08523,4.9704,-5247.56,0
8.94847,3597.65,7.78232,-0.607229,6.54794,-5849.91,0
10.2156,3577.71,8.08977,0.54779,8.86787,-7076.58,0
11.4928,3564.74,13.5973,14.0254,9.60338,-7418.87,0
12.764,3560.59,16.4318,1.91998,7.86571,-7004.9,0
14.0375,3569.33,-3.86496,-12.539,1.44176,-5746.63,0
15.3113,3556.4,-6.13242,-46.3441,4.04874,-6113.2,0
16.5784,3541.02,11.8403,-44.5643,8.47431,-6573.9,0
17.8492,3542.52,9.87323,-24.5243,5.30496,-6021.76,0
19.122,3540.43,9.2845,-23.5506,4.92575,-5730.1,0
20.398,3538.07,14.5902,-12.3052,5.71911,-5487.41,0
21.6804,3540.38,19.2393,-13.3549,1.10226,-5056.34,0
22.9538,3520.29,-2.92869,-15.5534,5.94681,-5651.07,0
24.2328,3508.53,-1.78262,-21.9955,1.58608,-5838.16,0
25.0553,3487.19,-1.32422,-2.1868,9.86851,-6498.1,0
