1.27117,3626.05,-87.7283,4.77406,4.41557,-18840.4,0
2.54582,3613.58,-87.1161,-9.93402,5.3163,-14304.6,0
3.83008,3595.08,-72.2882,-13.7461,7.59323,-14338.5,0
5.11323,3611.77,-60.1872,-25.3847,2.05613,-7475.89,0
6.38972,3604.15,-59.0908,-31.6498,3.98242,-7175.74,0
7.65997,3612.5,-62.9746,-23.8405,1.1686,-4895.81,0
8.94499,3607.67,-70.6053,-28.2835,1.66355,-4732.67,0
10.2257,3610.7,-70.57,-2.77734,1.07991,-3843.19,0
11.5085,3607.48,-80.0026,16.2833,0.230908,-3694.47,0
12.7738,3594.08,-97.1879,27.3414,2.18177,-4377.84,0
14.0555,3597.27,-106.393,25.4052,0.488884,-3751.26,0
15.3314,3575.16,-108.431,15.9779,5.88459,-4881.41,0
16.6098,3567.49,-130.651,-8.53743,3.08764,-4967.63,0
17.8819,3568.65,-129.673,-22.6609,1.96638,-4549.11,0
19.1604,3560.79,-134.464,-20.6981,2.80853,-4655.77,0
20.4375,3553.48,-140.302,7.45702,3.24175,-4722.56,0
21.7199,3540.5,-127.158,-13.7815,7.9392,-5041.45,0
23.0021,3533.42,-118.682,-20.0098,7.25653,-5068.2,0
24.2793,3517.83,-114.177,-11.1048,9.47317,-5443.91,0
25.5516,3502.09,-119.274,-10.7387,8.76687,-5788.79,0
26.8295,3493.76,-123.82,-10.0729,6.73641,-5823.29,0
28.1024,3485.88,-111.732,-9.28393,9.75012,-5840.22,0
29.3804,3483.86,-105.826,-20.1454,7.92219,-5654.81,0
30.65,3464.53,-110.939,-53.2901,7.33453,-6051.22,0
31.9275,3463.34,-109.363,-43.8546,6.56578,-5846.27,0
32.9284,3450,-125.64,-41.9942,5.02137,-6073.79,0
