1.26945,3641.06,73.4848,-0.474498,1.42516,-7038.67,0
2.54705,3619.79,98.9528,-13.0873,4.9468,-11862.4,0
3.82588,3622.8,111.358,6.52632,2.15131,-7109.95,0
5.10793,3619.7,97.3779,-0.359643,2.86375,-5932.11,0
6.37853,3614.25,91.2135,5.17065,3.38989,-5604.62,0
7.65067,3601.35,83.5594,27.7541,6.30876,-6359.29,0
8.9316,3611.24,64.0661,31.891,3.70474,-4339.78,0
10.2155,3604.31,63.4808,35.4357,3.97991,-4472.13,0
11.4843,3601.89,73.3052,22.3319,2.57355,-4189.52,0
12.7566,3606.14,71.132,47.3201,0.309254,-3438.17,0
14.0341,3595.17,74.7298,56.624,2.40101,-3906.86,0
15.3112,3603.19,68.84,54.6211,0.393035,-3057.17,0
16.5853,3575.29,76.8763,54.138,5.65897,-4504.59,0
17.8669,3583.16,94.684,21.3214,2.47992,-3741,0
19.1392,3570.83,94.8313,4.74328,5.29108,-4136.35,0
20.4079,3549.66,84.7595,-1.85077,8.50027,-4916.76,0
21.6871,3535.41,101.11,6.20869,5.27884,-5283.96,0
22.9646,3552.13,86.8697,8.75597,0.51341,-4261.64,0
24.2416,3523.79,97.4764,-1.32217,6.97307,-5206.32,0
25.5124,3523.6,99.9309,-12.0056,4.49081,-4954.55,0
26.7826,3521.12,95.8078,-2.54847,4.39707,-4812,0
28.0506,3520.87,108.758,10.5298,0.564777,-4603.44,0
29.3302,3507.42,104.917,27.3108,4.83178,-4861.17,0
30.6115,3510.55,98.2726,61.327,1.3224,-4555.51,0
31.8773,3509.35,83.53,54.8116,4.1421,-4412.14,0
33.1492,3502.8,86.8277,48.4684,2.54588,-4440.55,0
34.4261,3511.94,78.2795,29.3888,2.85683,-4010.39,0
35.7035,3519.58,50.0905,26.0299,5.22763,-3652.83,0
36.9695,3510.01,57.993,28.9833,2.50822,-3786.72,0
38.2508,3503.02,64.8935,9.19545,4.1998,-3842.61,0
39.5259,3489.87,62.9331,22.371,5.02286,-4051.34,0
40.8029,3500.67,47.9237,21.0002,2.83137,-3659.76,0
42.069,3501.35,52.0451,16.1046,0.362368,-3533.43,0
43.3516,3489.93,36.5397,7.63813,2.91786,-3692.36,0
44.6148,3482.94,29.4554,-7.08285,1.39597,-3744.53,0
45.5233,3461.8,7.52243,-1.24905,2.8549,-4134.19,0
