1.27357,3628.01,47.1436,-65.8245,5.3093,-17265.1,0
2.55636,3636.03,52.1457,-73.7994,2.16519,-5463.26,0
3.82703,3642.96,-2.92053,-62.3462,1.68465,-1840.12,0
5.09268,3645.52,-0.378739,-63.8783,0.932924,-880.089,0
6.37849,3637.78,-18.8764,-67.7861,2.49451,-1916.56,0
7.66194,3644.37,-0.434587,-61.46,1.1166,-735.271,0
8.93862,3643.35,-17.8887,-48.9986,1.46943,-743.816,0
10.2228,3628.86,7.70029,-75.1236,3.98554,-2067.52,0
11.4983,3634.49,18.7914,-73.9848,1.88538,-1348.65,0
12.7753,3623.15,12.3828,-65.707,4.61094,-2101.65,0
14.0472,3627.01,21.5752,-82.989,1.52181,-1636.53,0
15.3192,3628.77,16.6474,-67.4128,1.67084,-1385.79,0
16.5864,3617.92,16.5778,-76.4247,3.93619,-1934.29,0
17.8568,3610.32,29.9463,-70.294,4.24095,-2222.11,0
19.1387,3622.02,34.412,-48.0464,1.32902,-1462.17,0
20.4163,3605.94,38.4689,-69.8328,4.05345,-2158.23,0
21.6863,3606.87,44.0425,-68.0684,3.31048,-1988.84,0
22.9608,3603.75,27.5598,-69.8971,4.39164,-2014.43,0
24.2378,3555.43,32.7538,-55.4584,3.26143,-3901.89,0
25.5043,3557.05,61.4744,-35.9007,1.39651,-3644.55,0
26.7815,3555.98,17.4154,-24.1622,5.83879,-3510.65,0
28.0519,3546.68,2.10801,-21.6872,6.59802,-3683.26,0
29.3312,3547.3,30.0947,-27.9875,3.07465,-3501.38,0
30.6016,3534.14,38.1898,-22.2846,7.48481,-3786.02,0
31.878,3509.1,53.1742,-18.4603,4.50556,-4419.91,0
33.1573,3507.53,49.323,-33.6477,2.84918,-4296.76,0
34.4312,3502.48,42.0648,-29.8932,6.7528,-4284.49,0
35.7038,3475.05,46.1209,-40.1722,2.69167,-4900.15,0
36.9835,3472.94,45.1427,-33.17,4.152,-4787.64,0
38.2602,3469.72,48.5036,-18.319,4.38221,-4712,0
39.5372,3473.46,16.9082,-11.4384,1.63814,-4465.27,0
39.8649,3467.84,6.4167,-0.244461,6.17102,-4569.51,0
