1.27024,3640.43,19.9427,92.0432,1.99416,-7536.81,0
2.54502,3636.26,7.92625,99.0806,2.58783,-5398.74,0
3.81583,3636.9,12.8338,108.589,1.4652,-3433.07,0
5.09195,3626.51,-4.2826,95.5743,4.41718,-4613.28,0
6.37894,3610.09,-10.2839,92.7959,6.40737,-6257.05,0
7.65643,3588.44,-10.0908,100.846,7.86582,-8040.53,0
8.92637,3606.32,-26.5777,96.9095,1.31139,-4892.94,0
10.1934,3601.83,-46.6929,83.6038,2.76331,-4725.79,0
11.4649,3605.83,-22.8229,86.6255,1.85414,-3852.3,0
12.7371,3602.62,-11.5345,93.5889,2.24988,-3719.97,0
14.0128,3586.66,-4.17184,87.177,6.17007,-4520.19,0
15.2928,3592.7,24.7497,59.1863,5.07236,-3746.87,0
16.5491,3579.96,23.3106,88.3664,5.44994,-4232.29,0
17.8201,3584,39.8124,95.8414,2.19331,-3703.94,0
19.0897,3578.65,8.25035,94.8456,2.91446,-3737.6,0
20.3713,3582.73,22.8074,89.1576,1.51659,-3302.08,0
21.6471,3562.68,31.2677,108.074,4.37324,-4033.86,0
22.9234,3565.03,47.5562,118.388,1.08683,-3706.74,0
24.2085,3574.31,8.98255,98.5265,1.43582,-3126.63,0
25.4861,3561.37,1.87794,92.4773,4.60863,-3477.76,0
26.76,3533.89,6.31317,116.158,6.66172,-4338.84,0
28.0381,3544.15,-5.52386,101.177,3.30127,-3775.15,0
29.3121,3540.02,-18.2744,73.546,7.67206,-3752.2,0
30.5793,3530.38,-35.5251,61.2238,7.3552,-3911.79,0
31.8588,3534.6,-14.309,57.4872,6.1685,-3622.18,0
33.1472,3529.25,-19.4089,57.7624,6.88037,-3642.93,0
34.4238,3521.2,-9.08237,50.6504,7.54771,-3741.55,0
35.7081,3517.91,-4.88441,50.1063,6.56057,-3699.02,0
36.9828,3508.44,-0.239589,79.0381,1.57138,-3827.83,0
38.257,3481.99,9.80068,68.1004,5.03784,-4391.67,0
39.5379,3483.17,5.39941,41.094,6.73405,-4219.59,0
40.8123,3472.88,21.1297,38.7256,8.29384,-4339.9,0
41.8479,3474.05,5.16454,-0.284243,4.1028,-4204.5,0
