0.00652516,0.00818871,0.00764461,0.00386697,4.9038e-05,1254.94,0
0.0131052,0.022527,0.0357079,0.00500912,0.000134849,1718.94,0
0.019602,0.0168305,0.0354149,-0.00308457,0.000100462,858.613,0
0.0260732,0.0760694,0.0270386,-0.0019489,0.000454945,2917.53,0
0.0325631,0.107533,-0.015913,0.0402599,0.000642069,3302.3,0
0.0390631,0.147314,-0.0277399,0.0267661,0.000877908,3771.2,0
0.0455666,0.121911,-0.0756534,-0.00769924,0.000722713,2675.45,0
0.0520683,0.0576771,-0.0584282,-0.0375199,0.000336362,1107.72,0
0.0585738,0.0242342,-0.0868594,-0.0303527,0.000135685,413.738,0
0.0650641,0.0181035,-0.0873209,-0.0330201,9.88152e-05,278.241,0
0.0715377,0.0414062,-0.0540535,-0.0450828,0.000238224,578.803,0
0.078027,0.0216634,-0.0688751,-0.0398996,0.000119468,277.64,0
0.0845718,0.025755,-0.0687405,-0.0436764,0.000143712,304.535,0
0.0910637,0.00504571,-0.0766766,-0.0586766,1.95554e-05,55.4085,0
0.0975595,0.0288234,-0.084614,-0.0736791,0.000161963,295.444,0
0.104067,0.0621162,-0.0778293,-0.0428925,0.00036079,596.885,0
0.110607,0.0928045,-0.0910479,-0.0441606,0.000543607,839.045,0
0.1171,0.0567402,-0.0499253,-0.0209344,0.000326249,484.545,0
0.123612,0.0405617,-0.0448147,-0.0364555,0.000228891,328.137,0
0.130088,0.054017,-0.0454854,-0.0642905,0.000308868,415.236,0
0.13658,0.0712861,-0.0890855,-0.107607,0.00041169,521.936,0
0.143106,0.0662732,-0.0862816,-0.138471,0.000380793,463.105,0
0.149585,0.0488116,-0.0586669,-0.0968853,0.000275358,326.313,0
0.156037,0.0176356,-0.0604357,-0.0630425,8.82923e-05,113.022,0
0.162526,0.0195831,-0.0703448,-0.0532481,9.9838e-05,120.493,0
0.169,0.0149749,-0.0842942,-0.0483016,7.21333e-05,88.6089,0
0.175531,0.0202319,-0.0575097,-0.0402921,0.00010359,115.261,0
0.182016,0.02503,-0.0325735,-0.0325135,0.000132066,137.515,0
0.188505,0.0274517,-0.0537377,-0.0567433,0.000146408,145.629,0
0.194949,0.0574638,-0.0596312,-0.0525608,0.000325938,294.763,0
0.201447,0.095869,-0.0495926,-0.0596007,0.000554893,475.902,0
0.207924,0.110694,-0.0780626,-0.105509,0.000641921,532.377,0
0.214456,0.12932,-0.108048,-0.118889,0.000750947,603.013,0
0.220968,0.121347,-0.10487,-0.103458,0.000701198,549.16,0
0.227463,0.143117,-0.120523,-0.0805075,0.000828824,629.187,0
0.233969,0.134128,-0.138448,-0.0597545,0.000772229,573.272,0
0.240491,0.151323,-0.173704,-0.0594078,0.00087113,629.228,0
0.246994,0.118017,-0.200891,-0.0910208,0.000668606,477.813,0
0.253473,0.101331,-0.267189,-0.0812126,0.000566738,399.77,0
0.260036,0.0720686,-0.30685,-0.112705,0.000390067,277.149,0
0.266533,0.137793,-0.301227,-0.121226,0.000782497,516.983,0
0.273003,0.15689,-0.239767,-0.0965441,0.000893655,574.682,0
0.279498,0.159862,-0.206691,-0.0273516,0.000908242,571.959,0
0.286035,0.151343,-0.185454,-0.00126835,0.000853081,529.108,0
0.292524,0.147959,-0.166441,0.0563781,0.000829136,505.801,0
0.299086,0.175796,-0.182768,0.10572,0.000993326,587.777,0
0.3056,0.199326,-0.173593,0.103346,0.00112935,652.243,0
0.31211,0.224987,-0.1528,0.101883,0.00127887,720.858,0
0.318567,0.218508,-0.114414,0.118693,0.00123437,685.907,0
0.325125,0.163772,-0.155839,0.060952,0.000901885,503.719,0
0.33159,0.183092,-0.202332,0.00994232,0.00101356,552.165,0
0.338102,0.159306,-0.200095,0.00718392,0.000868004,471.178,0
0.344625,0.145257,-0.190215,0.0185837,0.000780927,421.492,0
0.351149,0.125145,-0.184622,0.0177785,0.000657941,356.387,0
0.357669,0.105582,-0.172915,0.0410447,0.000539268,295.194,0
0.364212,0.116866,-0.144478,0.0247524,0.000604927,320.873,0
0.370715,0.163551,-0.131814,-0.00673688,0.00088214,441.179,0
0.377223,0.118657,-0.130295,-0.013386,0.000610262,314.553,0
0.38375,0.107273,-0.130007,-0.00417547,0.000539983,279.537,0
0.390285,0.150986,-0.121245,0.0462143,0.000800018,386.86,0
0.396778,0.184664,-0.0998388,0.0803032,0.000997637,465.409,0
0.40325,0.194316,-0.128124,0.137651,0.00105104,481.876,0
0.409703,0.211294,-0.183482,0.126058,0.0011469,515.724,0
0.416215,0.22242,-0.179877,0.131942,0.00120783,534.386,0
0.42271,0.252729,-0.163745,0.134418,0.0013841,597.878,0
0.429228,0.220146,-0.138768,0.123432,0.00118332,512.887,0
0.435732,0.162738,-0.12525,0.134401,0.000835118,373.483,0
0.442235,0.151175,-0.150789,0.146324,0.000763571,341.844,0
0.448686,0.173975,-0.119675,0.155266,0.000897359,387.743,0
0.455155,0.0972081,-0.14391,0.162396,0.000435365,213.571,0
0.461596,0.119114,-0.135425,0.164406,0.000564879,258.048,0
0.468137,0.125275,-0.106098,0.163625,0.000599577,267.603,0
0.474615,0.107171,-0.0703458,0.133654,0.000489847,225.806,0
0.481102,0.108125,-0.0677094,0.138915,0.000494364,224.744,0
0.487526,0.106052,-0.0674943,0.135174,0.00048052,217.532,0
0.49402,0.0761153,-0.099527,0.182418,0.000300016,154.073,0
0.500498,0.0817687,-0.0573359,0.188991,0.000333074,163.375,0
0.507003,0.0686646,-0.0488503,0.210154,0.000253716,135.432,0
0.513506,0.059546,-0.0725988,0.195068,0.000198727,115.96,0
0.520016,0.0666665,-0.0429744,0.175982,0.000240736,128.201,0
0.52653,0.0680212,-0.066562,0.202435,0.000248062,129.188,0
0.533029,0.0721939,-0.103076,0.208239,0.000272646,135.441,0
0.539586,0.0785941,-0.0870214,0.248291,0.000310275,145.656,0
0.546115,0.0634818,-0.0669862,0.259744,0.000219015,116.242,0
0.552647,0.0343457,-0.0679336,0.253388,4.42251e-05,62.1478,0
0.559144,0.0362267,-0.0801318,0.243747,5.54837e-05,64.7895,0
0.565643,0.0493899,-0.0868519,0.239941,0.00013411,87.3163,0
0.572124,0.0361728,-0.0925917,0.252883,5.48407e-05,63.2254,0
0.578613,0.0525365,-0.0960289,0.24987,0.000152761,90.7972,0
0.585086,0.0665352,-0.130813,0.272387,0.000236249,113.719,0
0.59158,0.0692801,-0.149166,0.294975,0.000252248,117.11,0
0.598101,0.0839947,-0.153237,0.269321,0.000339752,140.436,0
0.604633,0.0787453,-0.17411,0.241091,0.000307504,130.237,0
0.61112,0.0813907,-0.183385,0.229735,0.000322515,133.183,0
0.617638,0.112725,-0.150194,0.212998,0.000509066,182.51,0
0.624144,0.0768586,-0.192547,0.218232,0.000293141,123.142,0
0.630643,0.06975,-0.208692,0.208878,0.00025009,110.601,0
0.637155,0.0740192,-0.216646,0.231767,0.000274993,116.171,0
0.643693,0.0911879,-0.230482,0.248118,0.000377319,141.664,0
0.650209,0.065548,-0.19551,0.277347,0.000222952,100.811,0
0.656695,0.0688251,-0.16203,0.276581,0.00024213,104.805,0
0.663192,0.0838103,-0.137847,0.249551,0.000331254,126.374,0
0.669742,0.0524986,-0.114707,0.232197,0.000143,78.3863,0
0.67624,0.0778896,-0.150692,0.203567,0.000294728,115.18,0
0.682749,0.0485709,-0.131315,0.23902,0.000118483,71.1402,0
0.68925,0.0789174,-0.0967054,0.234963,0.000299983,114.498,0
0.695771,0.0894926,-0.065619,0.25745,0.000362165,128.624,0
0.702263,0.0770838,-0.0689483,0.297885,0.000286845,109.765,0
0.708769,0.0789896,-0.106756,0.330655,0.000297578,111.446,0
0.715227,0.059629,-0.130061,0.337612,0.000181039,83.3707,0
0.721805,0.0303202,-0.1325,0.341334,5.34776e-06,42.0061,0
0.728293,0.0458919,-0.129331,0.346358,9.86463e-05,63.0131,0
0.734774,0.0634616,-0.153998,0.333538,0.000203634,86.3688,0
0.741282,0.0624987,-0.182072,0.29561,0.000197518,84.3116,0
0.747805,0.0870692,-0.191567,0.242109,0.000344333,116.433,0
0.754367,0.11841,-0.176963,0.199288,0.000531116,156.966,0
0.760927,0.165175,-0.147826,0.186852,0.000808975,217.071,0
0.767426,0.165104,-0.175044,0.133346,0.000805896,215.14,0
0.773932,0.151542,-0.198426,0.139508,0.000720995,195.807,0
0.780411,0.129029,-0.18623,0.139235,0.000584371,165.334,0
0.786899,0.149083,-0.145265,0.175446,0.000701917,189.456,0
0.793434,0.119384,-0.181809,0.178008,0.000522013,150.465,0
0.799965,0.143768,-0.134594,0.194779,0.000666322,179.718,0
0.806528,0.113333,-0.125365,0.240021,0.000481607,140.52,0
0.813048,0.14357,-0.176206,0.256934,0.000660996,176.582,0
0.819538,0.153802,-0.220012,0.267229,0.000719843,187.669,0
0.826068,0.162679,-0.206357,0.266995,0.000769812,196.932,0
0.832579,0.191635,-0.153662,0.267916,0.000939908,230.171,0
0.839098,0.227726,-0.120526,0.233427,0.00115201,271.394,0
0.845614,0.228536,-0.0958801,0.226445,0.00115207,270.261,0
0.852146,0.28278,-0.151382,0.237711,0.00147127,331.845,0
0.858639,0.305287,-0.175212,0.323565,0.00159861,355.548,0
0.865151,0.250614,-0.0962047,0.287992,0.00126357,289.677,0
0.871704,0.232901,-0.0723183,0.26972,0.00115103,267.179,0
0.878192,0.147889,-0.0405316,0.267225,0.000638274,168.401,0
0.884687,0.118205,-0.0057126,0.275433,0.000458791,133.612,0
0.891184,0.1318,0.0382808,0.324694,0.00053864,147.894,0
0.897657,0.153239,0.0247858,0.330791,0.000665488,170.71,0
0.904109,0.140923,-0.0387022,0.298958,0.000589736,155.87,0
0.910604,0.133107,-0.0528736,0.331581,0.000541063,146.174,0
0.917106,0.113401,-0.00850693,0.35037,0.000421842,123.651,0
0.923632,0.112238,-0.0322751,0.339103,0.000413877,121.518,0
0.930127,0.102612,-0.0615181,0.344523,0.000355228,110.32,0
0.936616,0.0938021,-0.0772062,0.34806,0.000301655,100.15,0
0.943114,0.0838519,-0.0587158,0.360164,0.00024158,88.9096,0
0.949609,0.0657487,-0.0526294,0.389126,0.000132885,69.2377,0
0.956146,0.0792568,-0.0622988,0.395275,0.000213588,82.8919,0
0.962625,0.146127,-0.0808021,0.399502,0.000613191,151.801,0
0.969108,0.172087,-0.0728797,0.397837,0.000764686,177.573,0
0.975617,0.18477,-0.0435814,0.341011,0.000837555,189.388,0
0.982113,0.213497,-0.0539271,0.290028,0.00100627,217.385,0
0.988658,0.242206,-0.0639218,0.233789,0.00117278,244.985,0
0.995216,0.301683,-0.0291016,0.299239,0.0015232,303.133,0
1.00173,0.251852,-0.0334942,0.230011,0.00121898,251.417,0
1.00822,0.203463,0.00397165,0.220773,0.000924524,201.803,0
1.01473,0.182199,0.0686798,0.21669,0.000794045,179.554,0
1.02122,0.188936,0.0626226,0.219832,0.000830778,185.01,0
1.02775,0.192681,0.101874,0.231887,0.000850106,187.479,0
1.03429,0.248394,0.134181,0.238147,0.00117934,240.16,0
1.04077,0.211633,0.153043,0.222352,0.000954217,203.342,0
1.04729,0.183105,0.199939,0.235011,0.000779547,174.838,0
1.0538,0.155353,0.261814,0.199988,0.000611016,147.421,0
1.06028,0.167452,0.228145,0.220756,0.000681435,157.933,0
1.06675,0.188852,0.255746,0.245401,0.000807412,177.034,0
1.07324,0.184413,0.223212,0.262101,0.00077798,171.829,0
1.07976,0.193266,0.194893,0.270306,0.000828001,178.99,0
1.08628,0.255171,0.197252,0.215476,0.00119507,234.903,0
1.09278,0.242992,0.182071,0.217574,0.00111702,222.362,0
1.09929,0.16919,0.144645,0.267793,0.000671462,153.908,0
1.10579,0.188492,0.080711,0.305254,0.000785263,170.46,0
1.11229,0.174993,0.0782836,0.276765,0.000701026,157.326,0
1.11879,0.145301,0.108647,0.295121,0.000521106,129.873,0
1.12529,0.140617,0.110665,0.272049,0.000491228,124.961,0
1.13184,0.14087,0.0944592,0.263298,0.000491051,124.461,0
1.13836,0.125451,0.0654299,0.262995,0.000397399,110.203,0
1.14489,0.133725,0.0859088,0.271375,0.000445848,116.802,0
1.15143,0.18117,0.108894,0.280297,0.000728347,157.343,0
1.15796,0.194533,0.0929993,0.301385,0.000805006,167.996,0
1.16445,0.209443,0.0988526,0.26509,0.000890863,179.864,0
1.17096,0.268666,0.099908,0.272947,0.00124133,229.44,0
1.17746,0.267367,0.12986,0.292392,0.00122706,227.071,0
1.18398,0.235056,0.118186,0.268162,0.00102914,198.529,0
1.19048,0.272325,0.0632909,0.296413,0.00124692,228.753,0
1.19698,0.34633,0.0908042,0.255078,0.00168425,289.337,0
1.20349,0.374631,0.0963588,0.245931,0.00184531,311.286,0
1.21002,0.406461,0.0959729,0.272011,0.00202298,335.914,0
1.21653,0.43248,0.168207,0.329811,0.00216696,355.502,0
1.22304,0.394794,0.231461,0.3487,0.00193046,322.796,0
1.22951,0.398696,0.245652,0.45439,0.00194148,324.272,0
1.23602,0.394149,0.239205,0.479044,0.00190336,318.886,0
1.24251,0.416851,0.221436,0.480833,0.00202651,335.49,0
1.24902,0.382961,0.23992,0.506596,0.00181196,306.61,0
1.25554,0.362604,0.288174,0.565081,0.00167988,288.802,0
1.26203,0.329216,0.340987,0.513947,0.00147249,260.862,0
1.26855,0.424197,0.395529,0.540785,0.0020336,334.394,0
1.27503,0.390438,0.32223,0.611382,0.00182016,306.218,0
1.28157,0.398977,0.368071,0.63493,0.0018598,311.319,0
1.28807,0.38985,0.413921,0.676448,0.00179656,302.662,0
1.29461,0.438456,0.334573,0.666108,0.002077,338.679,0
1.30114,0.401168,0.337439,0.748147,0.00184259,308.321,0
1.30765,0.400084,0.330438,0.687904,0.00182632,305.958,0
1.31416,0.384039,0.337709,0.652839,0.0017189,292.232,0
1.3207,0.403432,0.33636,0.697313,0.00182531,305.468,0
1.32725,0.4423,0.297639,0.663385,0.00204756,333.246,0
1.33379,0.464677,0.285706,0.708181,0.00216927,348.389,0
1.3403,0.417803,0.31503,0.765679,0.00187642,311.722,0
1.34679,0.396711,0.295054,0.713372,0.00173964,294.56,0
1.35328,0.438444,0.361721,0.684198,0.00197973,323.985,0
1.35981,0.471219,0.405641,0.647076,0.00216525,346.534,0
1.36634,0.553568,0.370716,0.667853,0.00264055,405.147,0
1.37282,0.541832,0.455762,0.597872,0.00255176,394.685,0
1.37934,0.507322,0.371037,0.630429,0.00233079,367.801,0
1.38584,0.568583,0.343641,0.647866,0.0026796,410.28,0
1.39236,0.501407,0.321126,0.592664,0.00226023,360.113,0
1.39887,0.424542,0.331378,0.574501,0.00179001,303.489,0
1.40535,0.519976,0.345951,0.519219,0.00234965,369.997,0
1.41191,0.623039,0.34235,0.535381,0.00294967,441.274,0
1.41841,0.611777,0.313473,0.483771,0.00286054,431.312,0
1.42491,0.682548,0.381844,0.396852,0.00326301,479.011,0
1.4314,0.721165,0.367372,0.35849,0.00347373,503.819,0
1.43791,0.773887,0.285152,0.369048,0.00376167,538.204,0
1.44441,0.8073,0.354439,0.440806,0.00393389,558.912,0
1.45096,0.740147,0.380227,0.365461,0.00350468,510.109,0
1.45753,0.768446,0.49406,0.345775,0.00364454,527.225,0
1.46404,0.755235,0.46917,0.387311,0.00353283,515.857,0
1.47057,0.75646,0.524698,0.377714,0.00351059,514.401,0
1.47708,0.676924,0.506723,0.433535,0.0030049,458.285,0
1.48362,0.66709,0.513611,0.435572,0.00292493,449.638,0
1.49017,0.691154,0.470593,0.387357,0.00304615,463.808,0
1.49668,0.675582,0.515858,0.42221,0.00292911,451.387,0
1.50317,0.647937,0.542673,0.481623,0.00274521,431.046,0
1.50971,0.699292,0.645019,0.463665,0.00303454,463.197,0
1.51622,0.675009,0.730239,0.416987,0.00286808,445.193,0
1.52275,0.69749,0.743457,0.380817,0.00298156,458.046,0
1.52927,0.641943,0.754079,0.40584,0.00262935,419.77,0
1.5358,0.615154,0.715073,0.368696,0.00245215,400.544,0
1.54228,0.584521,0.729212,0.37246,0.00225444,378.997,0
1.5488,0.573484,0.79299,0.313474,0.00217532,370.276,0
1.55529,0.541663,0.788009,0.328269,0.00197127,348.272,0
1.5618,0.522588,0.771435,0.311147,0.00184669,334.605,0
1.56832,0.541961,0.744414,0.253581,0.00195003,345.568,0
1.5748,0.599264,0.757631,0.374372,0.00227917,380.534,0
1.58134,0.558662,0.674669,0.408501,0.00202306,353.285,0
1.58787,0.548807,0.625781,0.436889,0.00195254,345.624,0
1.5944,0.453456,0.631496,0.390561,0.00137196,284.406,0
1.60088,0.494349,0.657941,0.398466,0.00160896,308.798,0
1.60737,0.514517,0.619348,0.45134,0.0017212,320.098,0
1.61388,0.495572,0.565003,0.430013,0.00159985,307.069,0
1.62036,0.522071,0.575939,0.434981,0.0017495,322.195,0
1.62689,0.498632,0.609093,0.388971,0.0016016,306.495,0
1.6334,0.527221,0.628179,0.396877,0.00176426,322.776,0
1.63993,0.554063,0.646269,0.31006,0.0019136,337.858,0
1.64647,0.5294,0.630342,0.411956,0.00175458,321.536,0
1.65291,0.545641,0.64293,0.459427,0.00184013,330.109,0
1.65944,0.526452,0.647551,0.490956,0.00171675,317.246,0
1.66593,0.484903,0.647808,0.512557,0.00145994,291.071,0
1.67244,0.490419,0.629056,0.472496,0.00148522,293.236,0
1.67899,0.510516,0.648929,0.519167,0.00159822,304.062,0
1.68553,0.534285,0.686369,0.494756,0.00173084,316.983,0
1.69204,0.534513,0.700793,0.501831,0.00172204,315.899,0
1.69854,0.493144,0.729176,0.530342,0.00146568,290.333,0
1.70504,0.477364,0.614527,0.55629,0.00136422,279.972,0
1.71158,0.420501,0.578254,0.532072,0.00101758,245.679,0
1.71808,0.413397,0.515234,0.516281,0.000971019,240.615,0
1.72457,0.418271,0.528092,0.526201,0.000996641,242.536,0
1.73106,0.432501,0.587179,0.503797,0.00107714,249.847,0
1.73752,0.474011,0.611997,0.473268,0.00132043,272.808,0
1.74401,0.395367,0.653907,0.4316,0.000845517,226.7,0
1.75051,0.387214,0.659085,0.397688,0.000793368,221.201,0
1.75702,0.396456,0.655933,0.389073,0.000845538,225.642,0
1.76355,0.41661,0.657502,0.393564,0.000963441,236.234,0
1.77006,0.355731,0.661214,0.38434,0.000596045,200.971,0
1.77655,0.385236,0.685109,0.402648,0.000770577,216.845,0
1.78308,0.392479,0.615911,0.42177,0.00081141,220.113,0
1.78958,0.363376,0.626218,0.459374,0.000634453,203.051,0
1.79613,0.345627,0.592308,0.405524,0.000526377,192.428,0
1.80265,0.367932,0.635319,0.394106,0.000658074,204.106,0
1.80918,0.37562,0.617039,0.397591,0.000701486,207.619,0
1.81568,0.372949,0.625933,0.378598,0.000683422,205.405,0
1.82219,0.361652,0.594936,0.418782,0.000613317,198.471,0
1.82866,0.323395,0.589524,0.392517,0.000382504,176.848,0
1.83519,0.319608,0.564601,0.403363,0.000358862,174.155,0
1.84168,0.311866,0.515392,0.387865,0.000311827,169.337,0
1.84822,0.283037,0.546504,0.384213,0.000138573,153.141,0
1.85473,0.297969,0.562178,0.407452,0.000227803,160.654,0
1.86128,0.297974,0.554853,0.415223,0.000227273,160.091,0
1.86781,0.290448,0.53488,0.385861,0.000181826,155.502,0
1.87426,0.307524,0.539124,0.38291,0.000283731,164.078,0
1.88073,0.320723,0.572084,0.351547,0.000361914,170.531,0
1.88725,0.322128,0.549748,0.407023,0.000369178,170.686,0
1.89376,0.356975,0.560143,0.410499,0.000576706,188.501,0
1.90026,0.335938,0.525052,0.389854,0.000449389,176.786,0
1.90674,0.352746,0.538484,0.415561,0.000548737,184.999,0
1.91325,0.3471,0.588167,0.458717,0.000513267,181.42,0
1.9197,0.345091,0.580246,0.442107,0.000499763,179.763,0
1.92618,0.388243,0.558703,0.439912,0.000755743,201.561,0
1.93271,0.31202,0.574474,0.473442,0.000297634,161.442,0
1.93922,0.300003,0.598496,0.487206,0.000225206,154.703,0
1.94572,0.286636,0.594515,0.530139,0.000144762,147.316,0
1.95222,0.304427,0.570354,0.541508,0.000251078,155.939,0
1.95869,0.331386,0.526344,0.556849,0.000411757,169.188,0
1.96516,0.330948,0.501666,0.589139,0.000408065,168.407,0
1.97169,0.312675,0.47467,0.591957,0.000297563,158.582,0
1.97817,0.313159,0.489815,0.621064,0.000299626,158.308,0
1.98468,0.337504,0.443601,0.580104,0.000444343,170.054,0
1.99118,0.322986,0.470615,0.572037,0.000356638,162.209,0
1.99769,0.318053,0.422806,0.546529,0.000326112,159.21,0
2.00417,0.346586,0.425127,0.562373,0.00049603,172.932,0
2.01066,0.381251,0.416124,0.497437,0.000702064,189.614,0
2.01719,0.388407,0.429588,0.501552,0.00074184,192.548,0
2.02371,0.379686,0.503538,0.478692,0.000687564,187.619,0
2.03022,0.394896,0.523074,0.45648,0.000775826,194.509,0
2.03674,0.370367,0.545298,0.487037,0.00062584,181.843,0
2.04323,0.370092,0.534365,0.516976,0.000622206,181.131,0
2.04979,0.387496,0.551476,0.518761,0.00072437,189.042,0
2.05629,0.388132,0.621584,0.546062,0.000725698,188.754,0
2.06277,0.414943,0.593399,0.523094,0.000883651,201.158,0
2.06931,0.434704,0.611564,0.553285,0.000998864,210.072,0
2.07581,0.461477,0.591654,0.541941,0.00115517,222.312,0
2.08227,0.51315,0.609731,0.580795,0.00145842,246.438,0
2.0888,0.500234,0.568388,0.5906,0.00137294,239.484,0
2.09526,0.449582,0.579071,0.581679,0.00106353,214.571,0
2.10179,0.440157,0.60788,0.550673,0.00100253,209.42,0
2.10827,0.468811,0.639143,0.560034,0.001169,222.367,0
2.11476,0.482507,0.641598,0.607775,0.00124453,228.161,0
2.12128,0.497226,0.726484,0.579966,0.00132736,234.399,0
2.12782,0.537609,0.694652,0.626602,0.00156172,252.657,0
2.13431,0.546094,0.650621,0.607656,0.00160566,255.864,0
2.14083,0.52547,0.673602,0.520022,0.00147386,245.452,0
2.14734,0.444402,0.621528,0.566441,0.000982914,206.955,0
2.15385,0.458717,0.583755,0.539338,0.00106523,212.975,0
2.16036,0.45476,0.579616,0.509098,0.00103667,210.502,0
2.16688,0.420983,0.545782,0.493672,0.000830844,194.28,0
2.17337,0.388094,0.557312,0.545851,0.000631249,178.568,0
2.17992,0.364843,0.524729,0.553487,0.000490391,167.365,0
2.18645,0.369348,0.508864,0.536546,0.000515784,168.926,0
2.19292,0.428787,0.49908,0.553411,0.000869143,195.532,0
2.19942,0.427508,0.445758,0.526709,0.000858369,194.373,0
2.2059,0.397586,0.457856,0.48585,0.000676309,180.238,0
2.21239,0.396319,0.481928,0.49002,0.000667218,179.136,0
2.21889,0.438941,0.463711,0.45576,0.000920026,197.82,0
2.2254,0.429938,0.449425,0.440171,0.000862179,193.196,0
2.23192,0.419959,0.428473,0.402132,0.000799733,188.16,0
2.23841,0.461551,0.432439,0.399529,0.0010452,206.196,0
2.24494,0.407343,0.435009,0.413873,0.000717071,181.45,0
2.25145,0.418796,0.452247,0.437617,0.000783024,186.011,0
2.25793,0.417565,0.473818,0.426399,0.00077227,184.933,0
2.26446,0.423361,0.438357,0.449673,0.000804358,186.959,0
2.27093,0.434578,0.474835,0.451322,0.000868665,191.366,0
2.27748,0.414302,0.497213,0.437403,0.000743738,181.912,0
2.28399,0.455567,0.472511,0.467883,0.000987532,199.461,0
2.29046,0.419273,0.456364,0.442598,0.000766162,183.052,0
2.29693,0.436846,0.429868,0.478532,0.000867688,190.187,0
2.30342,0.445658,0.417442,0.538308,0.000916491,193.477,0
2.30995,0.506937,0.425393,0.583281,0.00127938,219.458,0
2.31644,0.495736,0.439328,0.541354,0.00120697,214.008,0
2.32295,0.471851,0.468892,0.499158,0.00105931,203.126,0
2.32948,0.434267,0.466269,0.483516,0.000830804,186.422,0
2.33601,0.413379,0.397429,0.4523,0.000703059,176.96,0
2.3425,0.40666,0.4654,0.475743,0.000660569,173.601,0
2.34906,0.396564,0.443007,0.42779,0.000598215,168.818,0
2.35556,0.375572,0.465434,0.479828,0.000471094,159.44,0
2.3621,0.420424,0.413255,0.495244,0.000738357,177.987,0
2.36864,0.411664,0.448182,0.528403,0.000683463,173.798,0
2.37515,0.402565,0.39381,0.585089,0.000627073,169.49,0
2.38159,0.462927,0.40495,0.643897,0.000986308,194.377,0
2.38811,0.510016,0.43008,0.579523,0.00126351,213.565,0
2.39462,0.512359,0.404523,0.524669,0.00127082,213.962,0
2.40114,0.508963,0.367094,0.55327,0.00124571,211.968,0
2.40764,0.538372,0.387831,0.557835,0.00141555,223.61,0
2.41416,0.539104,0.365784,0.648748,0.00141357,223.31,0
2.42071,0.501902,0.412644,0.593505,0.00118487,207.337,0
2.42722,0.499987,0.42069,0.627622,0.00116761,205.991,0
2.43374,0.505902,0.490618,0.636881,0.00119766,207.87,0
2.44023,0.489609,0.521165,0.656375,0.00109421,200.64,0
2.44676,0.460532,0.482823,0.698876,0.00091587,188.221,0
2.45327,0.458864,0.501225,0.678279,0.000902206,187.042,0
2.45979,0.456649,0.536838,0.681969,0.000885334,185.645,0
2.46628,0.456269,0.521116,0.684698,0.000879886,185.002,0
2.47284,0.423545,0.583422,0.685977,0.000680917,171.278,0
2.47933,0.469449,0.627771,0.753801,0.000953292,189.345,0
2.48582,0.479473,0.678469,0.790938,0.00100894,192.884,0
2.4923,0.502461,0.643354,0.823246,0.00114145,201.606,0
2.49878,0.480275,0.696881,0.792645,0.00100343,192.204,0
2.5053,0.499377,0.747675,0.875015,0.00111327,199.329,0
2.5118,0.460595,0.811995,0.912969,0.000876993,183.372,0
2.51828,0.439349,0.839833,0.90518,0.000746645,174.464,0
2.52477,0.37656,0.829658,0.911167,0.000368745,149.146,0
2.53123,0.34129,0.805646,0.884646,0.000156923,134.832,0
2.53773,0.333349,0.782395,0.889432,0.000109197,131.357,0
2.54427,0.344587,0.777469,0.883957,0.000176163,135.436,0
2.55076,0.340596,0.783392,0.879869,0.000151919,133.527,0
2.55726,0.338442,0.80032,0.886291,0.000138822,132.346,0
2.56381,0.351498,0.794915,0.88977,0.000216666,137.1,0
2.57032,0.345619,0.786719,0.91225,0.000181154,134.465,0
2.57684,0.358828,0.769436,0.903349,0.000259836,139.251,0
2.58332,0.326693,0.758118,0.904068,6.69473e-05,126.462,0
2.58987,0.33648,0.764157,0.9058,0.000125539,129.922,0
2.59637,0.343129,0.7586,0.919591,0.000165201,132.157,0
2.60289,0.359592,0.762545,0.898771,0.000263548,138.151,0
2.6094,0.367459,0.736286,0.898072,0.000309965,140.821,0
2.61591,0.351435,0.743652,0.929378,0.000213416,134.345,0
2.62242,0.327093,0.759844,0.927957,6.72548e-05,124.73,0
2.62891,0.330425,0.779507,0.933153,8.71636e-05,125.689,0
2.6354,0.336373,0.794436,0.956025,0.000122718,127.637,0
2.64191,0.36292,0.814149,0.945307,0.000281406,137.37,0
2.64845,0.387927,0.84581,0.991866,0.000430399,146.474,0
2.65499,0.446123,0.868353,1.01238,0.000777351,168.032,0
2.66149,0.403627,0.883888,1.01197,0.000520089,151.654,0
2.66801,0.354979,0.89245,0.980812,0.0002277,133.05,0
2.67455,0.342228,0.881996,0.982219,0.00015083,127.957,0
2.68108,0.332591,0.870017,0.951418,9.29623e-05,124.051,0
2.68761,0.331313,0.869013,0.935541,8.52112e-05,123.274,0
2.69415,0.362228,0.86389,0.957603,0.000270197,134.45,0
2.70067,0.373663,0.876984,0.970175,0.000337878,138.359,0
2.70716,0.384102,0.906706,0.993841,0.000399196,141.884,0
2.71368,0.359696,0.880288,0.995119,0.000252133,132.549,0
2.72019,0.337914,0.895793,1.03479,0.000121366,124.224,0
2.72673,0.350922,0.902655,1.05264,0.000199086,128.697,0
2.73325,0.366924,0.860779,1.05147,0.000294579,134.245,0
2.73971,0.397297,0.858557,1.02988,0.00047568,145.014,0
2.74618,0.420102,0.875121,1.03826,0.000610474,152.976,0
2.75265,0.438772,0.854704,0.995878,0.000720686,159.4,0
2.75917,0.379104,0.804399,0.98748,0.000360944,137.398,0
2.7657,0.3819,0.807604,1.012,0.000376894,138.085,0
2.77225,0.375127,0.834199,1.00376,0.000335309,135.315,0
2.77877,0.353578,0.851674,1.01013,0.00020575,127.243,0
2.7853,0.388655,0.870257,1.03341,0.000415364,139.538,0
2.7918,0.390284,0.853186,1.01644,0.000424048,139.797,0
2.79829,0.350071,0.861772,1.02047,0.000182544,125.102,0
2.80476,0.376034,0.830093,1.00939,0.000337447,134.07,0
2.81124,0.356056,0.811438,1.03523,0.000216992,126.654,0
2.81771,0.337457,0.815019,1.01704,0.000105318,119.763,0
2.82424,0.367367,0.829379,0.983467,0.000284177,130.077,0
2.83073,0.341637,0.859569,1.01515,0.000129645,120.688,0
2.83725,0.38009,0.842527,0.997344,0.00035951,133.964,0
2.84379,0.399696,0.798159,0.975326,0.000476044,140.55,0
2.85028,0.386717,0.839574,1.01002,0.000397181,135.677,0
2.85675,0.383892,0.859444,1.02782,0.000379254,134.381,0
2.86322,0.35129,0.855217,1.04988,0.000183392,122.691,0
2.86973,0.356729,0.837447,1.04029,0.000215735,124.307,0
2.87625,0.407093,0.827902,1.04425,0.000516655,141.536,0
2.8828,0.411514,0.851157,1.03506,0.000541399,142.748,0
2.88933,0.390914,0.853329,0.973333,0.000416418,135.296,0
2.89581,0.387307,0.881672,0.96973,0.000393875,133.747,0
2.90232,0.362311,0.917531,0.97802,0.000243305,124.835,0
2.90884,0.387876,0.947645,0.960468,0.00039582,133.344,0
2.9153,0.386441,0.94336,0.960685,0.000386132,132.556,0
2.92185,0.397687,0.887708,0.963741,0.000452693,136.108,0
2.92837,0.389001,0.912783,0.977304,0.000399395,132.839,0
2.93487,0.406642,0.977567,0.990154,0.000503835,138.555,0
2.94133,0.375794,1.00463,0.958992,0.000317834,127.763,0
2.94787,0.368341,1.01468,0.949143,0.000272747,124.951,0
2.9544,0.373656,1.04803,0.942236,0.00030376,126.474,0
2.96095,0.351828,1.04294,0.960002,0.000172608,118.822,0
2.96746,0.365159,1.02091,0.955555,0.000252089,123.054,0
2.97393,0.332999,1.00642,0.9554,5.91379e-05,111.973,0
2.98049,0.352013,1.02547,0.957662,0.00017296,118.106,0
2.98699,0.348797,1.00905,0.966132,0.000153262,116.772,0
2.99354,0.347891,1.02255,0.999304,0.000147599,116.214,0
3.00004,0.341128,1.04349,0.983468,0.000106967,113.708,0
3.00657,0.357506,1.02564,0.994748,0.000204934,118.908,0
3.01307,0.386056,1.01775,1.00745,0.000375397,128.127,0
3.01956,0.367967,1.02369,1.0287,0.00026617,121.861,0
3.02609,0.431809,1.03509,1.05912,0.00064747,142.695,0
3.03258,0.447713,1.00474,1.06495,0.000740867,147.634,0
3.0391,0.473174,0.936224,1.04985,0.00089019,155.695,0
3.04558,0.525616,0.925175,1.00915,0.00119978,172.583,0
3.05208,0.527833,0.925319,0.99981,0.00120891,172.942,0
3.05861,0.566654,1.00052,0.973991,0.00143446,185.265,0
3.06509,0.594471,0.900707,0.961418,0.00159318,193.949,0
3.07163,0.622192,0.960809,0.939721,0.00175096,202.561,0
3.07811,0.622681,0.937945,0.980689,0.00174503,202.293,0
3.08465,0.615584,0.876115,1.01479,0.00169368,199.564,0
3.09117,0.59638,0.865587,1.03379,0.00157126,192.93,0
3.0977,0.568399,0.858025,0.985804,0.00139758,183.491,0
3.10419,0.540558,0.879215,0.964443,0.00122319,174.138,0
3.11071,0.564325,0.876296,1.01689,0.00136037,181.414,0
3.11721,0.580833,0.874555,1.08022,0.00145256,186.331,0
3.12369,0.621206,0.869271,1.13728,0.00168703,198.869,0
3.1302,0.639037,0.879902,1.15265,0.00178389,204.152,0
3.13672,0.663593,0.841472,1.15425,0.00192085,211.556,0
3.14317,0.629633,0.889706,1.14062,0.0017072,200.318,0
3.14968,0.625733,0.890766,1.20074,0.00167346,198.666,0
3.15622,0.56464,0.905991,1.22605,0.00130037,178.897,0
3.16272,0.54408,0.915155,1.25078,0.00117227,172.029,0
3.16922,0.558771,0.909867,1.19046,0.00125441,176.312,0
3.17568,0.555089,0.917712,1.16246,0.00122737,174.794,0
3.18216,0.566278,0.928864,1.15232,0.0012892,177.954,0
3.18865,0.534941,0.942358,1.16527,0.00109627,167.764,0
3.19514,0.539237,0.924598,1.14594,0.00111779,168.768,0
3.2017,0.580626,0.91081,1.14074,0.00136044,181.35,0
3.20822,0.578113,0.882721,1.16342,0.00134053,180.197,0
3.21475,0.593128,0.922165,1.12032,0.0014228,184.502,0
3.22124,0.581052,0.95901,1.03098,0.00134369,180.382,0
3.22778,0.503721,0.939048,1.01844,0.000874868,156.058,0
3.23431,0.521575,0.926509,0.981401,0.000977723,161.263,0
3.24084,0.545039,0.878985,0.998564,0.00111353,168.178,0
3.24733,0.54406,0.862792,0.959957,0.00110227,167.541,0
3.25383,0.601354,0.87004,0.938581,0.00143931,184.814,0
3.26034,0.588028,0.814249,0.960882,0.00135259,180.358,0
3.26682,0.621275,0.795442,0.971637,0.00154365,190.177,0
3.27329,0.574666,0.845918,0.952049,0.00125692,175.562,0
3.27982,0.620093,0.798952,0.935273,0.00152182,189.063,0
3.28631,0.605249,0.847281,0.977655,0.00142447,184.173,0
3.29282,0.568421,0.809704,0.920067,0.00119699,172.625,0
3.29934,0.521455,0.748837,0.920168,0.000910902,158.048,0
3.30582,0.550134,0.746089,0.934422,0.00107942,166.414,0
3.31231,0.520325,0.753736,0.907702,0.000896873,157.088,0
3.31885,0.571704,0.739002,0.894484,0.00119943,172.26,0
3.32533,0.579339,0.68382,0.856599,0.00123955,174.22,0
3.33185,0.588368,0.721599,0.824066,0.00128685,176.589,0
3.33836,0.596014,0.710657,0.810162,0.00132688,178.535,0
3.34487,0.606871,0.711972,0.85308,0.00138574,181.434,0
3.35133,0.648939,0.697406,0.864111,0.00162987,193.636,0
3.35788,0.569751,0.761294,0.9279,0.00114918,169.676,0
3.3644,0.633434,0.763915,0.932806,0.00152429,188.275,0
3.3709,0.595182,0.72625,0.933972,0.00128703,176.565,0
3.37738,0.569896,0.71647,0.885414,0.00113066,168.739,0
3.38389,0.606763,0.727268,0.852584,0.00134508,179.31,0
3.39036,0.612537,0.75926,0.932982,0.00137241,180.67,0
3.39684,0.635794,0.699642,0.901836,0.0015042,187.172,0
3.40332,0.623457,0.651076,0.84947,0.00142261,183.191,0
3.4098,0.695311,0.66623,0.79293,0.00184351,203.915,0
3.41636,0.671422,0.674386,0.793895,0.00169009,196.531,0
3.42289,0.755841,0.693793,0.767307,0.00218523,220.819,0
3.42943,0.777317,0.765319,0.80386,0.00229978,226.661,0
3.43591,0.735034,0.807673,0.812739,0.00203178,213.927,0
3.4424,0.737244,0.827764,0.781074,0.00203221,214.166,0
3.44892,0.764173,0.88909,0.782903,0.00217979,221.569,0
3.45538,0.736475,0.854167,0.837221,0.00200193,213.139,0
3.46193,0.700362,0.851316,0.8436,0.00177699,202.304,0
3.46843,0.663285,0.809812,0.819963,0.00154489,191.235,0
3.47491,0.658002,0.76892,0.859291,0.00150657,189.358,0
3.4814,0.620129,0.781756,0.783054,0.00127265,178.126,0
3.48793,0.664572,0.776761,0.742405,0.00153223,190.535,0
3.49443,0.655001,0.784894,0.777676,0.00146813,187.442,0
3.50094,0.65233,0.820708,0.74567,0.00144557,186.33,0
3.50742,0.645989,0.804847,0.643221,0.00140025,184.178,0
3.51394,0.66018,0.731246,0.625482,0.00147849,187.875,0
3.52045,0.68027,0.794265,0.671403,0.00159091,193.233,0
3.52695,0.684485,0.798277,0.715585,0.0016074,194.073,0
3.53349,0.683483,0.832006,0.777005,0.00159166,193.43,0
3.53999,0.678389,0.846919,0.77841,0.00155305,191.636,0
3.54651,0.688415,0.960589,0.752857,0.001605,194.111,0
3.55303,0.652526,0.978942,0.745501,0.00138286,183.654,0
3.55954,0.663261,0.946072,0.708827,0.00144011,186.333,0
3.56604,0.665247,1.00562,0.665047,0.00144499,186.55,0
3.57261,0.637268,1.01297,0.707956,0.00127118,178.376,0
3.57914,0.718122,0.975747,0.69873,0.00174831,200.641,0
3.58565,0.76683,0.970985,0.75271,0.00203089,213.861,0
3.59214,0.778749,1.00646,0.703457,0.00208925,216.793,0
3.59867,0.754066,1.0156,0.738749,0.0019293,209.54,0
3.60515,0.758774,0.990654,0.748062,0.00194595,210.469,0
3.61167,0.766734,0.937372,0.724359,0.0019819,212.293,0
3.61813,0.756772,0.876149,0.747225,0.00191176,209.161,0
3.62463,0.796391,0.829797,0.743604,0.00213813,219.716,0
3.63117,0.803849,0.815888,0.804151,0.00216868,221.374,0
3.63769,0.81559,0.830714,0.897504,0.00222658,224.206,0
3.64419,0.761436,0.828691,0.947503,0.00189043,208.945,0
3.65065,0.765723,0.853383,0.931905,0.00190583,209.75,0
3.65719,0.754084,0.814516,0.88835,0.00182548,206.192,0
3.66371,0.683809,0.826892,0.932946,0.0013956,186.644,0
3.67023,0.7149,0.804946,0.969514,0.00157413,194.784,0
3.67671,0.746042,0.819948,1.00276,0.00175301,202.91,0
3.68318,0.766742,0.799301,0.947757,0.00186587,208.174,0
3.68967,0.740354,0.769475,0.935794,0.00169836,200.656,0
3.69621,0.77066,0.81658,0.981439,0.0018692,208.5,0
3.70274,0.718871,0.799748,1.00799,0.00154776,194.145,0
3.70923,0.693629,0.816866,1.0732,0.00138895,187.001,0
3.71573,0.713319,0.80552,1.11523,0.00149981,191.973,0
3.72224,0.778458,0.754406,1.1649,0.00188124,209.137,0
3.72872,0.767647,0.721901,1.24233,0.00180388,205.874,0
3.73522,0.716218,0.752072,1.22359,0.00148759,191.747,0
3.74172,0.731716,0.750957,1.2269,0.00157272,195.556,0
3.74828,0.764808,0.772804,1.28516,0.00176339,204.043,0
3.75479,0.761546,0.804647,1.24594,0.00173537,202.82,0
3.76132,0.765957,0.806187,1.25736,0.00175257,203.64,0
3.76786,0.821012,0.773012,1.1329,0.00207185,217.899,0
3.77437,0.890709,0.675085,1.19578,0.00247464,235.989,0
3.78088,0.932199,0.693222,1.21591,0.00270688,246.556,0
3.78739,0.900248,0.741141,1.2216,0.00249829,237.696,0
3.79391,0.934726,0.787905,1.19974,0.00268824,246.376,0
3.80038,0.908663,0.808935,1.21007,0.00251586,239.098,0
3.8069,0.803082,0.843438,1.29671,0.00186849,210.954,0
3.81336,0.882842,0.921347,1.35496,0.00233517,231.513,0
3.81985,0.925038,0.94543,1.39454,0.00257231,242.166,0
3.82636,0.836435,0.839362,1.42984,0.00202851,218.598,0
3.83284,0.860191,0.82106,1.37803,0.00215779,224.426,0
3.83934,0.896209,0.878612,1.31836,0.00235982,233.428,0
3.84583,0.926299,0.930286,1.29375,0.00252361,240.858,0
3.85237,0.909905,0.920187,1.26769,0.00240992,236.193,0
3.85896,0.898784,0.903932,1.28909,0.00232581,232.909,0
3.86547,0.93664,0.86528,1.34162,0.002538,242.31,0
3.87198,0.969005,0.826125,1.36906,0.00271236,250.261,0
3.87846,1.10051,0.795346,1.42699,0.00347907,283.748,0
3.88493,1.06917,0.842104,1.45759,0.00326556,275.209,0
3.89145,1.10949,0.877809,1.43952,0.00347983,285.111,0
3.89801,1.12461,0.860263,1.4152,0.00354626,288.509,0
3.90453,1.13174,0.887303,1.42329,0.00356192,289.854,0
3.91102,1.09549,0.83528,1.47113,0.00331667,280.103,0
3.91752,1.07879,0.77758,1.40741,0.0031884,275.377,0
3.92407,1.0604,0.813295,1.38549,0.00305666,270.23,0
3.93059,1.02463,0.821944,1.39288,0.00282042,260.682,0
3.93708,1.00587,0.801866,1.43269,0.0026886,255.485,0
3.94359,1.00953,0.861744,1.38283,0.00269112,255.993,0
3.9501,1.01022,0.768682,1.39654,0.00267907,255.745,0
3.95658,0.994012,0.7599,1.40627,0.0025635,251.23,0
3.96307,1.04783,0.768089,1.38476,0.00286759,264.399,0
3.9696,1.0709,0.702008,1.33171,0.0029879,269.776,0
3.97611,1.05781,0.721954,1.29454,0.00289028,266.041,0
3.98263,1.04994,0.686563,1.34391,0.00282234,263.631,0
3.98912,1.09758,0.729745,1.38423,0.00308782,275.144,0
3.99562,1.12535,0.698282,1.39764,0.00323042,281.646,0
4.00211,1.2491,0.668407,1.41306,0.00394636,312.111,0
4.00857,1.27739,0.771698,1.47024,0.00408186,318.664,0
4.01505,1.22824,0.691498,1.40693,0.00375572,305.909,0
4.02157,1.24155,0.705925,1.42184,0.00380216,308.724,0
4.02806,1.20798,0.708077,1.38287,0.00357188,299.892,0
4.03456,1.22122,0.740726,1.36621,0.00362134,302.689,0
4.0411,1.17948,0.805719,1.33517,0.00334412,291.871,0
4.04759,1.16512,0.821822,1.35156,0.0032364,287.856,0
4.05412,1.17913,0.777349,1.28785,0.00329847,290.848,0
4.06066,1.16169,0.814816,1.25308,0.0031723,286.085,0
4.06715,1.18169,0.849123,1.16113,0.00327102,290.545,0
4.07365,1.16804,0.769463,1.20278,0.00316335,286.731,0
4.0801,1.09259,0.8007,1.17731,0.00268953,267.784,0
4.0866,1.07177,0.831185,1.2104,0.00254613,262.264,0
4.09311,1.05154,0.698556,1.14914,0.00240637,256.905,0
4.09961,1.05723,0.657936,1.07303,0.00242443,257.885,0
4.10613,1.06034,0.663309,1.03954,0.00242568,258.233,0
4.11263,1.10964,0.655199,1.10774,0.00270527,269.814,0
4.11914,1.07609,0.595915,1.14216,0.00248513,261.241,0
4.12563,1.09674,0.575365,1.17992,0.0025892,265.836,0
4.13212,1.07719,0.645658,1.22314,0.00245243,260.687,0
4.13865,1.11063,0.617721,1.14305,0.00263733,268.355,0
4.14521,1.14619,0.619399,1.13488,0.00282951,276.51,0
4.15168,1.14382,0.65809,1.15946,0.00279565,275.509,0
4.15821,1.04661,0.666127,1.16234,0.00219534,251.697,0
4.16472,1.05671,0.62283,1.09112,0.00224267,253.728,0
4.17118,1.08531,0.661888,1.02864,0.00240084,260.191,0
4.17771,1.06732,0.651971,1.09936,0.0022766,255.481,0
4.18424,1.0871,0.665597,1.12321,0.00237936,259.808,0
4.19076,1.0913,0.696944,1.14738,0.00239058,260.407,0
4.19725,1.08113,0.737211,1.17748,0.00231352,257.581,0
4.20375,1.08507,0.710383,1.13515,0.00232105,258.12,0
4.21023,1.0616,0.708731,1.14714,0.00216621,252.148,0
4.21673,1.01636,0.702816,1.14691,0.00188407,241.031,0
4.22322,1.03451,0.750544,1.14482,0.0019812,244.958,0
4.22973,1.06439,0.665033,1.16838,0.00215015,251.646,0
4.23625,1.05103,0.620234,1.20442,0.00205665,248.104,0
4.24278,1.08986,0.63546,1.1258,0.00227581,256.875,0
4.24926,1.03485,0.626317,1.05515,0.00193308,243.537,0
4.25573,1.01726,0.577513,1.05393,0.001818,239.033,0
4.26225,0.974864,0.564091,1.06341,0.0015558,228.721,0
4.26871,0.904335,0.483243,1.08006,0.00112613,211.852,0
4.27521,0.883494,0.44749,1.05847,0.000996831,206.655,0
4.28168,0.845373,0.400744,0.991459,0.000763815,197.44,0
4.28815,0.86423,0.412408,1.04196,0.000873643,201.539,0
4.29465,0.859883,0.457723,1.1057,0.000844057,200.222,0
4.30119,0.874823,0.502701,1.09101,0.000929811,203.391,0
4.30767,0.834932,0.533614,1.06509,0.000687972,193.825,0
4.31418,0.826927,0.516062,1.07153,0.000637669,191.676,0
4.3207,0.813793,0.547932,1.06463,0.000557096,188.347,0
4.32719,0.816294,0.566763,1.06273,0.000570636,188.643,0
4.33371,0.825,0.495844,1.07864,0.000621314,190.368,0
4.34023,0.851022,0.525906,1.07523,0.000774716,196.077,0
4.34677,0.911265,0.57877,1.07148,0.00113176,209.642,0
4.35327,0.941637,0.530453,1.10068,0.00130819,216.306,0
4.3598,0.946904,0.559207,1.08092,0.00133385,217.19,0
4.36632,0.96358,0.608308,1.06152,0.00142631,220.685,0
4.37275,0.970708,0.608751,1.14548,0.00146158,221.99,0
4.37921,1.01618,0.618583,1.18015,0.00172586,232.047,0
4.38574,0.987705,0.600933,1.18525,0.00154509,225.208,0
4.3923,0.991271,0.625582,1.15126,0.00155934,225.684,0
4.39878,0.991273,0.538045,1.12731,0.00155148,225.352,0
4.40529,0.967718,0.602251,1.05775,0.00140358,219.672,0
4.41179,0.97613,0.673305,1.11619,0.0014477,221.255,0
4.41826,0.964478,0.641162,1.12634,0.00136949,218.293,0
4.42479,0.952059,0.677832,1.08764,0.00128832,215.165,0
4.43123,0.924269,0.707963,1.03784,0.00111694,208.581,0
4.43772,0.960048,0.685665,1.05512,0.0013256,216.338,0
4.44424,0.958517,0.737042,1.06594,0.00131021,215.676,0
4.45075,0.967066,0.837144,1.0721,0.00135597,217.282,0
4.45724,0.978619,0.8386,1.10194,0.00141829,219.557,0
4.46374,0.943017,0.814983,1.05678,0.00120013,211.262,0
4.47021,0.873796,0.825086,1.01881,0.000781531,195.471,0
4.47674,0.826605,0.811514,0.978462,0.000497222,184.645,0
4.48323,0.8405,0.799349,0.965022,0.00057848,187.477,0
4.48978,0.804188,0.769086,0.964083,0.000359936,179.115,0
4.49631,0.830812,0.750482,0.943583,0.00051826,184.776,0
4.50283,0.844537,0.78867,0.93908,0.000598831,187.557,0
4.5093,0.843367,0.776655,0.929374,0.000589637,187.029,0
4.51576,0.887864,0.800139,0.947275,0.000853743,196.615,0
4.52225,0.871812,0.792194,0.939597,0.000755204,192.783,0
4.52876,0.898039,0.776038,0.912894,0.000909089,198.297,0
4.53523,0.900731,0.754324,0.878333,0.000921578,198.607,0
4.54172,0.920162,0.694543,0.85745,0.00103474,202.602,0
4.54822,0.955104,0.704162,0.870558,0.00123915,209.995,0
4.5547,0.95182,0.787625,0.840171,0.00121354,208.975,0
4.56117,0.982263,0.810371,0.857885,0.00139016,215.353,0
4.56769,1.01042,0.817292,0.872487,0.00155202,221.21,0
4.5742,1.07469,0.826903,0.822574,0.00192725,234.945,0
4.58068,1.09854,0.829583,0.758201,0.00205973,239.821,0
4.5872,1.15081,0.84205,0.753386,0.00236051,250.873,0
4.5937,1.15152,0.776608,0.776455,0.00235245,250.673,0
4.60021,1.13426,0.801511,0.780177,0.00223366,246.566,0
4.60673,1.1302,0.781967,0.736327,0.00219757,245.337,0
4.61322,1.10245,0.795466,0.713307,0.00201825,238.976,0
4.61972,1.1539,0.804936,0.742532,0.00231195,249.777,0
4.62622,1.14756,0.813923,0.720235,0.00226109,248.055,0
4.63272,1.1454,0.853089,0.735472,0.0022336,247.242,0
4.63926,1.08881,0.89329,0.673508,0.00188212,234.694,0
4.64578,1.12527,0.911477,0.670936,0.00208868,242.212,0
4.65228,1.13536,0.881205,0.584503,0.00213692,244.043,0
4.65879,1.1915,0.838597,0.572538,0.0024586,255.754,0
4.66527,1.19485,0.852248,0.601457,0.00246461,256.116,0
4.67177,1.20408,0.830331,0.63395,0.00250379,257.735,0
4.67823,1.18816,0.856805,0.641883,0.00239484,253.976,0
4.68475,1.208,0.896715,0.684387,0.00249484,257.858,0
4.69124,1.25989,0.88788,0.6733,0.00278846,268.563,0
4.69776,1.31953,0.865414,0.650873,0.00312365,280.884,0
4.70426,1.39908,0.860707,0.794141,0.00357299,297.407,0
4.71075,1.48123,0.74202,0.800576,0.00403148,314.435,0
4.71725,1.47048,0.791021,0.825063,0.00393197,311.725,0
4.72378,1.50234,0.702187,0.789487,0.00409007,318.037,0
4.73029,1.54255,0.729698,0.738206,0.0042951,326.099,0
4.73681,1.48743,0.692132,0.748572,0.00393481,314.014,0
4.74329,1.38641,0.640688,0.757523,0.00329461,292.289,0
4.7498,1.39897,0.669256,0.751037,0.00334274,294.532,0
4.7563,1.32782,0.659358,0.753297,0.00289171,279.171,0
4.76282,1.42397,0.586959,0.793383,0.00344801,298.977,0
4.76928,1.43193,0.585765,0.791555,0.00346958,300.24,0
4.77577,1.40415,0.56856,0.772826,0.00327629,294.015,0
4.78224,1.3528,0.599826,0.834528,0.00294799,282.88,0
4.78877,1.33685,0.597031,0.844751,0.00283321,279.164,0
4.79523,1.34346,0.597368,0.815755,0.00285325,280.166,0
4.80175,1.39837,0.625997,0.795386,0.00316132,291.22,0
4.80829,1.37822,0.693506,0.723018,0.00301964,286.635,0
4.8148,1.39867,0.725213,0.717817,0.00312004,290.493,0
4.82134,1.40672,0.78361,0.68505,0.00314481,291.769,0
4.82787,1.3775,0.710243,0.628686,0.00294682,285.323,0
4.83438,1.37475,0.635084,0.603877,0.00291239,284.37,0
4.8409,1.39371,0.642075,0.650961,0.00300693,287.903,0
4.84737,1.40789,0.58843,0.690745,0.00307394,290.444,0
4.85387,1.50941,0.565804,0.73723,0.00365745,310.97,0
4.86041,1.53996,0.636357,0.83328,0.00381201,316.838,0
4.8669,1.49096,0.671416,0.793667,0.00348997,306.347,0
4.8734,1.55558,0.587229,0.827188,0.00385214,319.198,0
4.87993,1.53525,0.652761,0.856332,0.00370122,314.605,0
4.8864,1.585,0.7455,0.846457,0.00396804,324.371,0
4.89295,1.67667,0.756697,0.828507,0.00448216,342.671,0
4.89945,1.66164,0.809815,0.849781,0.00435133,339.148,0
4.90597,1.63344,0.792962,0.747699,0.0041435,332.949,0
4.91249,1.59224,0.757291,0.658138,0.00386167,324.121,0
4.91897,1.65752,0.750487,0.637831,0.00421678,336.965,0
4.9255,1.66018,0.694803,0.577339,0.00419636,337.059,0
4.932,1.75174,0.687679,0.583784,0.00470711,355.179,0
4.93853,1.72592,0.78978,0.670785,0.00451378,349.481,0
4.94504,1.68259,0.782414,0.598975,0.00421805,340.257,0
4.95159,1.71489,0.800005,0.549252,0.00437589,346.331,0
4.95809,1.73791,0.783023,0.485132,0.00447365,350.521,0
4.96456,1.78494,0.746654,0.532644,0.00471407,359.536,0
4.97107,1.7697,0.779381,0.564559,0.00457953,356,0
4.97757,1.7712,0.731508,0.538912,0.00455116,355.836,0
4.98407,1.72795,0.66955,0.546153,0.00424683,346.694,0
4.99052,1.77738,0.720643,0.452186,0.00450505,356.151,0
4.99699,1.8762,0.715966,0.423682,0.00505862,375.466,0
5.0035,1.91849,0.760913,0.418398,0.00526524,383.429,0
5.01,1.87037,0.74616,0.391553,0.00493101,373.328,0
5.01653,1.89257,0.887934,0.309475,0.00502082,377.266,0
5.02302,1.86985,0.929408,0.248277,0.00484065,372.255,0
5.02952,1.85018,0.926957,0.265726,0.00468392,367.864,0
5.03603,1.82543,0.917869,0.374909,0.00449827,362.474,0
5.04255,1.91606,0.991509,0.419411,0.00499793,379.978,0
5.04905,1.94784,1.0187,0.392001,0.00513669,385.785,0
5.05557,1.8966,1.00758,0.431923,0.0047849,375.151,0
5.06212,1.95108,1.04271,0.436857,0.00507034,385.426,0
5.06866,1.98922,1.01887,0.425289,0.00524522,392.456,0
5.07517,1.91407,0.963446,0.381704,0.00474899,377.144,0
5.08168,1.90109,0.950231,0.351943,0.00463046,374.106,0
5.08824,2.04064,0.88653,0.286374,0.00542181,401.051,0
5.09473,2.00477,0.836541,0.268116,0.00516055,393.499,0
5.10121,2.025,0.811665,0.339588,0.00523546,396.964,0
5.10773,2.02004,0.737533,0.372788,0.00515627,395.488,0
5.11428,2.00198,0.782854,0.325624,0.00500343,391.449,0
5.12073,2.09159,0.825704,0.370506,0.00548905,408.454,0
5.12726,2.1121,0.793622,0.371653,0.0055517,411.935,0
5.1338,2.0432,0.825863,0.306882,0.00508924,397.99,0
5.1403,2.03514,0.876347,0.361346,0.00499605,395.919,0
5.14679,2.03313,1.02176,0.336612,0.00493992,395.028,0
5.15335,1.93876,1.01437,0.290452,0.00433361,376.213,0
5.15984,1.95491,0.977364,0.308757,0.00439387,378.871,0
5.16634,1.84031,0.967741,0.414674,0.00367043,356.211,0
5.17289,1.86059,0.941887,0.48282,0.00376382,359.681,0
5.17943,1.84788,0.985061,0.541085,0.00366012,356.774,0
5.18591,1.8736,0.940863,0.501122,0.00378351,361.286,0
5.19245,1.85198,0.983327,0.521241,0.00362445,356.668,0
5.19896,1.86911,1.03597,0.54851,0.00370184,359.517,0
5.20545,1.85383,1.08343,0.533594,0.00357549,356.134,0
5.212,1.81896,1.0639,0.465196,0.00334105,348.995,0
5.21853,1.79218,1.06751,0.5411,0.00315737,343.425,0
5.22503,1.75055,1.05206,0.548295,0.00288757,335.031,0
5.23151,1.87454,1.01664,0.563651,0.00360659,358.318,0
5.238,1.85435,1.06214,0.639531,0.00345741,354.018,0
5.24447,1.79826,1.04126,0.702899,0.00309316,342.887,0
5.25095,1.75519,1.03664,0.737422,0.00281438,334.261,0
5.25745,1.71073,0.995998,0.680517,0.00253238,325.392,0
5.26395,1.64786,0.982077,0.677326,0.00213669,313.046,0
5.27051,1.72896,0.975876,0.616229,0.00260944,328.044,0
5.27698,1.68645,0.987594,0.582331,0.00233918,319.586,0
5.2835,1.66818,0.983226,0.578974,0.00221719,315.733,0
5.29001,1.65499,0.932995,0.596173,0.002126,312.852,0
5.29652,1.71982,0.877959,0.545081,0.00250098,324.708,0
5.30307,1.66783,0.849096,0.585065,0.00217405,314.502,0
5.3096,1.63314,0.837393,0.583829,0.00195408,307.582,0
5.31615,1.63359,0.802014,0.658948,0.00194548,307.288,0
5.32266,1.58776,0.84225,0.601405,0.00166148,298.303,0
5.32914,1.56714,0.846071,0.588944,0.00153,294.069,0
5.33569,1.63596,0.91722,0.562051,0.0019332,306.607,0
5.34219,1.66613,0.973588,0.502207,0.00210178,311.882,0
5.34873,1.67088,0.926286,0.46444,0.00211692,312.388,0
5.35524,1.65044,0.947095,0.50399,0.00198083,308.192,0
5.36174,1.59498,0.970424,0.441783,0.0016378,297.474,0
5.36823,1.58681,0.987566,0.379506,0.00157869,295.592,0
5.37477,1.56344,1.00616,0.364428,0.00143138,290.884,0
5.38132,1.55307,1.02307,0.266095,0.00136197,288.603,0
5.38788,1.5375,0.986642,0.310661,0.00126202,285.363,0
5.39441,1.50678,1.07794,0.271658,0.00107404,279.323,0
5.40094,1.55089,1.08697,0.2707,0.00133305,287.151,0
5.40747,1.5871,1.12605,0.264143,0.00154285,293.502,0
5.41394,1.67601,1.14772,0.278498,0.0020649,309.572,0
5.42046,1.65115,1.15583,0.262731,0.00190422,304.615,0
5.42696,1.71734,1.18349,0.359141,0.00228847,316.447,0
5.43353,1.71885,1.24766,0.356623,0.00228361,316.342,0
5.43999,1.74852,1.25255,0.35331,0.00244678,321.421,0
5.44649,1.77447,1.21749,0.34925,0.00258558,325.8,0
5.45301,1.7454,1.25166,0.371686,0.00239511,320.08,0
5.45949,1.81325,1.28193,0.391647,0.00278403,332.128,0
5.46606,1.8637,1.19106,0.453349,0.00306194,340.958,0
5.47256,1.89989,1.23122,0.444794,0.00325906,347.166,0
5.47909,1.87234,1.24741,0.474604,0.00307183,341.725,0
5.48561,1.88589,1.15285,0.481038,0.00312999,343.789,0
5.49207,1.90349,1.03631,0.496347,0.00321359,346.59,0
5.49859,1.84932,1.00548,0.437485,0.00286842,336.325,0
5.50507,1.80694,1.01894,0.42701,0.00259534,328.232,0
5.51162,1.78524,1.03902,0.444669,0.00244889,323.905,0
5.51811,1.82102,0.972162,0.447361,0.00264674,330.007,0
5.52463,1.91246,1.01087,0.445848,0.00317578,346.17,0
5.53115,1.86842,0.905736,0.403656,0.00289184,337.8,0
5.53764,1.89013,1.00348,0.390455,0.00300184,341.324,0
5.54413,1.91756,1.0243,0.433373,0.00314312,345.872,0
5.55067,1.82418,0.90798,0.443375,0.00256384,328.641,0
5.55719,1.8078,0.893793,0.453457,0.00245079,325.308,0
5.56367,1.74954,0.878064,0.441683,0.00208766,314.458,0
5.57021,1.75355,0.868698,0.483088,0.00209938,314.808,0
5.57675,1.81788,0.879887,0.526918,0.00247003,325.974,0
5.58329,1.87174,0.872495,0.495754,0.00277517,335.239,0
5.58978,1.86583,0.843991,0.506356,0.00272094,333.793,0
5.59632,1.89565,0.897224,0.528378,0.00288013,338.732,0
5.6028,1.86479,0.871488,0.489872,0.00268019,332.831,0
5.6093,1.87326,0.872986,0.481574,0.00271172,333.956,0
5.61579,1.86483,0.892718,0.459859,0.00264271,332.069,0
5.6223,1.94372,0.847364,0.442787,0.00309551,345.717,0
5.62879,1.88215,0.876321,0.380849,0.00270705,334.379,0
5.63527,1.88155,0.809991,0.340243,0.00268653,333.888,0
5.64176,1.80865,0.825401,0.353394,0.00223301,320.582,0
5.64827,1.85898,0.843538,0.369408,0.00251924,329.124,0
5.65481,1.8432,0.95452,0.364542,0.00240978,325.953,0
5.66131,1.89241,0.945147,0.290628,0.00268702,334.27,0
5.6678,1.89354,0.93067,0.327227,0.00267504,334.088,0
5.67431,1.85947,0.890559,0.269255,0.00245446,327.7,0
5.68077,1.86084,0.946569,0.201546,0.00244928,327.568,0
5.68729,1.87699,0.955887,0.228326,0.00253002,330.033,0
5.69378,1.80927,1.00931,0.285828,0.00211101,317.763,0
5.7003,1.78719,0.999052,0.305435,0.00196668,313.526,0
5.70683,1.68628,1.02059,0.350191,0.00135343,295.484,0
5.71329,1.68081,1.01892,0.31655,0.00131454,294.193,0
5.71979,1.73119,0.91237,0.352231,0.00160944,302.666,0
5.72631,1.77629,0.869909,0.396592,0.00186962,310.198,0
5.73279,1.71687,0.936977,0.452474,0.00150535,299.482,0
5.7393,1.75362,0.914723,0.470186,0.00171715,305.547,0
5.74587,1.68757,0.951072,0.416414,0.00131442,293.702,0
5.75238,1.74852,0.932356,0.362562,0.00167292,303.965,0
5.75887,1.67337,0.908458,0.342551,0.00121457,290.573,0
5.76541,1.69252,0.93079,0.357159,0.00132391,293.565,0
5.77192,1.72959,0.966883,0.356149,0.00153973,299.655,0
5.77846,1.7453,0.973887,0.32543,0.0016269,302.036,0
5.78495,1.73061,0.91488,0.387825,0.00153125,299.157,0
5.79146,1.69387,0.89448,0.418467,0.00130446,292.478,0
5.79795,1.6653,0.92166,0.396158,0.00112668,287.222,0
5.80447,1.60922,0.941954,0.490408,0.000786688,277.237,0
5.811,1.61195,1.00218,0.504346,0.000800093,277.396,0
5.8175,1.68488,0.987299,0.45351,0.00123309,289.624,0
5.82398,1.75902,0.953738,0.403872,0.00166916,302.031,0
5.83048,1.75918,0.969826,0.456238,0.00166092,301.722,0
5.83696,1.76735,1.0056,0.495685,0.00170181,302.787,0
5.84348,1.72973,1.01659,0.483427,0.0014673,296.01,0
5.85003,1.77527,1.08228,0.411912,0.00173046,303.464,0
5.85653,1.76874,1.08999,0.427498,0.00168061,302.011,0
5.86307,1.75193,1.04943,0.402057,0.00157222,298.807,0
5.86955,1.80278,1.02849,0.385396,0.00186729,307.141,0
5.87606,1.83727,1.00125,0.318297,0.00206172,312.67,0
5.88255,1.85769,0.99261,0.249798,0.00217207,315.796,0
5.88904,1.85055,1.01352,0.176266,0.00211536,314.237,0
5.89559,1.86792,0.993368,0.210364,0.00220432,316.834,0
5.9021,1.85438,1.06575,0.30688,0.00211244,314.19,0
5.90854,1.86631,1.04399,0.256892,0.00217184,315.867,0
5.91506,1.92055,0.929546,0.242681,0.00248054,324.689,0
5.92153,1.92707,0.889391,0.228525,0.0025026,325.435,0
5.92809,1.90058,0.907494,0.185647,0.00233046,320.607,0
5.93457,1.85712,0.937233,0.216018,0.00205518,312.932,0
5.94109,1.78398,0.973051,0.173481,0.00160732,300.279,0
5.9476,1.68664,0.967003,0.179336,0.00101781,283.584,0
5.95407,1.62722,0.969187,0.175895,0.000658667,273.295,0
5.96059,1.62527,0.936867,0.157771,0.000644468,272.67,0
5.9671,1.63448,0.878208,0.148759,0.000696986,273.916,0
5.9736,1.65875,0.929829,0.164614,0.000839459,277.681,0
5.98011,1.70191,0.957893,0.1774,0.00109498,284.595,0
5.98659,1.71986,0.942678,0.18783,0.00119717,287.285,0
5.99309,1.69707,0.991361,0.0818204,0.00105638,283.17,0
5.99962,1.6946,0.996869,0.0595254,0.00103695,282.451,0
6.00608,1.66852,0.949306,0.0930235,0.000877104,277.804,0
6.01258,1.66102,0.969795,0.0894427,0.000828591,276.258,0
6.01908,1.66071,0.988376,0.0842734,0.000823933,275.908,0
6.02555,1.63296,1.01632,0.106443,0.000654904,271.006,0
6.03202,1.59349,1.0567,0.0998984,0.000416849,264.172,0
6.0385,1.55528,1.04201,0.0997722,0.000187099,257.561,0
6.04501,1.55895,1.04576,0.0983747,0.00020859,257.891,0
6.05153,1.5345,1.06489,0.0953326,6.19366e-05,253.573,0
6.058,1.53975,1.08149,0.0827562,9.33018e-05,254.168,0
6.06448,1.57245,1.07693,0.0741338,0.000288875,259.289,0
6.07096,1.58679,1.05893,0.0548953,0.00037404,261.373,0
6.07747,1.62498,1.06987,0.0116736,0.000601783,267.378,0
6.084,1.60288,1.09306,0.000466433,0.000468094,263.457,0
6.09057,1.63587,1.0987,-0.00673849,0.000663829,268.59,0
6.09711,1.68399,1.13139,0.0244022,0.000949558,276.195,0
6.10361,1.66927,1.14091,-0.0132752,0.000857924,273.489,0
6.1101,1.64113,1.13618,0.0339298,0.000686557,268.594,0
6.11662,1.69247,1.16919,0.0444873,0.00099115,276.701,0
6.12309,1.66681,1.20173,0.0218987,0.000833637,272.217,0
6.12961,1.62997,1.23927,-0.0158152,0.000610737,265.918,0
6.13607,1.68613,1.26951,-0.0210708,0.000944798,274.79,0
6.1426,1.70222,1.26698,-0.0525407,0.00103748,277.117,0
6.14913,1.71582,1.28082,-0.0432501,0.00111346,279.035,0
6.15562,1.72109,1.21807,-0.0681129,0.00113979,279.596,0
6.16211,1.70578,1.22169,-0.0929048,0.0010431,276.817,0
6.16861,1.67634,1.29398,-0.088101,0.000862611,271.754,0
6.17511,1.65281,1.2842,-0.0828945,0.000718596,267.656,0
6.18165,1.68474,1.2757,-0.0913337,0.000906985,272.539,0
6.18812,1.68124,1.30082,-0.112567,0.000882104,271.689,0
6.19463,1.70867,1.3088,-0.076538,0.00104255,275.83,0
6.20115,1.701,1.31937,-0.0525745,0.000992173,274.305,0
6.20769,1.66846,1.36847,0.0239157,0.000793962,268.774,0
6.21419,1.63681,1.41346,-0.0210615,0.000602358,263.398,0
6.22073,1.68202,1.42873,-0.00341953,0.000871213,270.39,0
6.22728,1.65592,1.45855,-0.0136375,0.000712165,265.914,0
6.23377,1.627,1.42957,-0.0392202,0.000536721,260.998,0
6.24026,1.61815,1.39614,-0.00344531,0.000482269,259.308,0
6.24677,1.61016,1.36864,0.00761617,0.000433266,257.759,0
6.25334,1.63195,1.32453,-0.0604307,0.000562555,260.972,0
6.25985,1.68272,1.28708,-0.0485352,0.000864746,268.811,0
6.26637,1.71388,1.29292,-0.0463688,0.0010475,273.504,0
6.2729,1.71121,1.31842,-0.0657401,0.00102668,272.795,0
6.27937,1.65712,1.31016,-0.108189,0.000699408,263.899,0
6.28587,1.6663,1.31277,-0.160061,0.000751534,265.087,0
6.29241,1.64882,1.35309,-0.145794,0.000644183,262.033,0
6.2989,1.71434,1.32181,-0.160054,0.00103339,272.165,0
6.30542,1.73324,1.31754,-0.220955,0.00114181,274.881,0
6.31198,1.68309,1.33635,-0.23394,0.000837404,266.65,0
6.31849,1.66232,1.29968,-0.247458,0.000709825,263.089,0
6.32501,1.61081,1.27753,-0.216231,0.000399457,254.673,0
6.3315,1.64387,1.24467,-0.245623,0.000595963,259.634,0
6.33805,1.62988,1.20168,-0.201436,0.00051066,257.158,0
6.34454,1.70826,1.14473,-0.219929,0.000977964,269.248,0
6.35105,1.71218,1.15887,-0.265441,0.000997767,269.59,0
6.35756,1.71591,1.18126,-0.243595,0.00101522,269.9,0
6.36409,1.71072,1.15357,-0.249576,0.000980924,268.808,0
6.3706,1.73574,1.21562,-0.313748,0.00112669,272.46,0
6.37715,1.8059,1.22928,-0.300445,0.00154086,283.183,0
6.38364,1.78838,1.28173,-0.23229,0.00142784,280.15,0
6.39011,1.80216,1.27654,-0.196896,0.00150449,282.023,0
6.39664,1.81169,1.27572,-0.16588,0.00155371,283.226,0
6.40314,1.8602,1.31431,-0.234689,0.00183563,290.514,0
6.40964,1.84003,1.23997,-0.267967,0.00170516,287.073,0
6.41616,1.83851,1.23082,-0.271873,0.00168516,286.545,0
6.42267,1.84308,1.15274,-0.244246,0.0017039,286.965,0
6.42916,1.89689,1.17232,-0.225299,0.00201566,295.045,0
6.43568,1.93289,1.20472,-0.264596,0.00221881,300.34,0
6.44222,1.94594,1.23236,-0.232292,0.00228513,302.06,0
6.44874,1.97931,1.27407,-0.306824,0.00247161,306.93,0
6.45525,1.9351,1.19657,-0.353372,0.00219195,299.771,0
6.46176,1.91536,1.14193,-0.356063,0.00206054,296.414,0
6.4683,1.89825,1.13972,-0.302301,0.00194581,293.47,0
6.47484,1.90797,1.18693,-0.278354,0.00199127,294.674,0
6.48136,1.90261,1.13978,-0.24634,0.00194823,293.551,0
6.48786,1.9439,1.15431,-0.243149,0.00218354,299.621,0
6.49439,1.96148,1.17533,-0.283645,0.00227699,302.026,0
6.50087,2.01421,1.26412,-0.283794,0.00257633,309.838,0
6.50738,2.00326,1.28684,-0.265548,0.00249613,307.845,0
6.51388,2.03335,1.28445,-0.203226,0.00265884,312.157,0
6.52046,1.9641,1.28865,-0.166503,0.00222913,301.221,0
6.52698,1.88424,1.25891,-0.123754,0.00174112,288.685,0
6.53348,1.93487,1.26567,-0.111266,0.00203361,296.147,0
6.53999,1.89814,1.22569,-0.117137,0.00180039,290.236,0
6.5465,1.85733,1.26148,-0.0943519,0.00154641,283.714,0
6.553,1.82751,1.2545,-0.177255,0.00135983,278.881,0
6.55949,1.80059,1.2637,-0.198802,0.001192,274.502,0
6.566,1.84979,1.1875,-0.249471,0.0014798,281.723,0
6.57246,1.88859,1.21718,-0.198535,0.00170555,287.349,0
6.579,1.86126,1.20714,-0.175944,0.00153213,282.909,0
6.5855,1.86113,1.21736,-0.16133,0.00152376,282.61,0
6.59204,1.90007,1.23425,-0.194268,0.00174873,288.237,0
6.59855,1.9547,1.28193,-0.256597,0.00206644,296.232,0
6.60506,1.95151,1.26032,-0.23206,0.00203507,295.456,0
6.61154,1.95267,1.26794,-0.267861,0.0020303,295.342,0
6.61801,1.96057,1.33441,-0.288353,0.00206644,296.248,0
6.62453,1.9698,1.39837,-0.325829,0.00210855,297.35,0
6.63101,1.97766,1.31261,-0.409183,0.00214469,298.245,0
6.63752,2.00664,1.27964,-0.405392,0.00230484,302.318,0
6.644,2.00671,1.28797,-0.324261,0.00229177,302.033,0
6.65051,2.03935,1.27974,-0.292087,0.00247113,306.645,0
6.65696,2.03514,1.25098,-0.276556,0.00242842,305.716,0
6.66344,1.9665,1.20428,-0.20339,0.00200401,295.118,0
6.6699,2.07424,1.2015,-0.177026,0.0026349,310.985,0
6.67641,1.99758,1.22492,-0.182441,0.00216277,299.199,0
6.68295,1.98904,1.29483,-0.196221,0.00209969,297.628,0
6.68947,1.93549,1.27977,-0.14113,0.00176715,289.334,0
6.69601,1.94328,1.26442,-0.123773,0.0018029,290.215,0
6.70252,1.94538,1.26939,-0.125755,0.0018066,290.246,0
6.70908,1.90139,1.21932,-0.131086,0.00153425,283.406,0
6.71557,1.86605,1.24164,-0.15392,0.00131466,277.869,0
6.72204,1.90766,1.145,-0.130958,0.00155763,283.791,0
6.72853,1.90975,1.0455,-0.0969894,0.00156304,283.829,0
6.73508,1.8993,1.04899,-0.106257,0.00149185,282.001,0
6.74166,1.90352,1.06299,-0.0947363,0.00150917,282.351,0
6.74814,1.89042,1.03756,-0.121272,0.00142398,280.14,0
6.75462,1.93114,0.992284,-0.124751,0.00166028,285.898,0
6.76118,1.87382,1.0727,-0.156442,0.00130909,277.144,0
6.76768,1.82027,1.12947,-0.135175,0.000983169,268.965,0
6.77423,1.81776,1.15905,-0.149579,0.000964796,268.334,0
6.78075,1.80421,1.20309,-0.0927272,0.000879071,266.079,0
6.78726,1.84667,1.17274,-0.117397,0.00112875,272.079,0
6.79377,1.83844,1.2315,-0.179832,0.00107446,270.607,0
6.8003,1.86807,1.26126,-0.270937,0.00124708,274.705,0
6.80675,1.87734,1.20353,-0.207553,0.00129683,275.805,0
6.81323,1.84901,1.22918,-0.175625,0.00112155,271.385,0
6.81973,1.89553,1.23819,-0.202387,0.00139472,277.948,0
6.82625,1.91552,1.22082,-0.13603,0.00150791,280.611,0
6.83274,1.93337,1.17334,-0.165136,0.0016077,282.957,0
6.83928,1.88086,1.18161,-0.122734,0.0012854,275.009,0
6.84578,1.86605,1.19352,-0.104566,0.00118993,272.585,0
6.85227,1.89739,1.24419,-0.11701,0.00137215,276.899,0
6.85873,1.9216,1.22256,-0.121785,0.00150986,280.169,0
6.86524,1.93779,1.21511,-0.209386,0.00160005,282.261,0
6.87177,1.91696,1.18644,-0.216005,0.00146815,278.961,0
6.87826,1.89631,1.21985,-0.212928,0.00133736,275.696,0
6.88477,1.88264,1.17197,-0.151969,0.00125023,273.45,0
6.89126,1.87931,1.16141,-0.135451,0.00122467,272.709,0
6.89775,1.83261,1.13045,-0.199904,0.000941432,265.682,0
6.90427,1.89895,1.15313,-0.242729,0.00133458,275.04,0
6.91079,1.91614,1.1598,-0.248556,0.00143086,277.269,0
6.91734,1.87377,1.21946,-0.21733,0.00117021,270.88,0
6.92383,1.92716,1.209,-0.178257,0.00148481,278.337,0
6.9303,2.016,1.18495,-0.159921,0.00200764,290.896,0
6.93679,2.05031,1.20628,-0.183391,0.00220127,295.57,0
6.94328,1.95971,1.2013,-0.191468,0.00164776,282.246,0
6.94975,1.93652,1.27015,-0.221753,0.00150076,278.646,0
6.95625,1.92265,1.27457,-0.233242,0.00141086,276.392,0
6.96281,1.88132,1.30459,-0.210804,0.00115797,270.195,0
6.96934,1.87511,1.25123,-0.197499,0.00111577,269.051,0
6.9758,1.90771,1.1901,-0.16904,0.00130533,273.476,0
6.98231,1.92668,1.21576,-0.153918,0.00141203,275.938,0
6.98882,1.95325,1.25284,-0.157295,0.00156399,279.482,0
6.99537,1.97656,1.20628,-0.182179,0.00169498,282.553,0
7.00191,1.96367,1.15234,-0.20335,0.00160978,280.448,0
7.0084,2.02434,1.15416,-0.186986,0.00196363,288.845,0
7.01488,2.05112,1.17304,-0.226328,0.0021105,292.395,0
7.02135,1.99923,1.15017,-0.21902,0.00178803,284.735,0
7.02787,1.98268,1.23246,-0.287188,0.00167982,282.117,0
7.03438,1.98953,1.22069,-0.185874,0.00171099,282.829,0
7.04089,1.99024,1.20362,-0.267576,0.0017073,282.669,0
7.04736,2.01434,1.26727,-0.221232,0.00184173,285.83,0
7.05389,2.07683,1.21434,-0.244847,0.00220437,294.424,0
7.06039,2.08347,1.19935,-0.238619,0.00222892,295.093,0
7.06694,2.0451,1.14448,-0.144846,0.0019863,289.39,0
7.07342,2.02126,1.12179,-0.164892,0.00183227,285.755,0
7.07992,2.03348,1.17575,-0.167074,0.00189532,287.218,0
7.08642,2.02615,1.2203,-0.203005,0.00184076,285.921,0
7.09298,2.01962,1.22171,-0.0868177,0.00179184,284.735,0
7.09946,2.00524,1.18886,-0.0970921,0.00169751,282.45,0
7.10596,2.03782,1.19705,-0.0394756,0.00188379,286.777,0
7.1125,1.97006,1.19844,-0.0845551,0.00146833,276.985,0
7.119,1.95146,1.16561,-0.0647703,0.00135008,274.12,0
7.12555,1.96126,1.11057,-0.0608826,0.00140282,275.243,0
7.13208,1.96692,1.10149,-0.0761771,0.00142897,275.785,0
7.13857,1.9731,1.07375,-0.139378,0.00145897,276.4,0
7.14508,1.98907,1.10448,-0.155115,0.0015459,278.384,0
7.15161,2.05039,1.11019,-0.125694,0.00190204,286.703,0
7.1581,2.12142,1.02464,-0.115119,0.00231461,296.367,0
7.16462,2.17281,0.943573,-0.119191,0.00260696,303.269,0
7.17111,2.19815,0.922051,-0.154861,0.00274078,306.529,0
7.1776,2.17318,0.83727,-0.263078,0.00257385,302.772,0
7.1841,2.18937,0.832947,-0.324121,0.00265359,304.753,0
7.19053,2.20815,0.812657,-0.302179,0.00274782,307.091,0
7.19698,2.18707,0.830709,-0.305802,0.00260039,303.887,0
7.20349,2.15843,0.775875,-0.273445,0.0024131,299.636,0
7.20996,2.18108,0.789619,-0.351714,0.00253273,302.509,0
7.21646,2.29185,0.795926,-0.415561,0.00317766,317.587,0
7.22292,2.27368,0.782622,-0.481562,0.003044,314.787,0
7.22939,2.41241,0.882412,-0.537547,0.00385086,333.694,0
7.23594,2.4635,0.912166,-0.489084,0.00412496,340.453,0
7.24248,2.48857,0.951237,-0.570067,0.00423695,343.608,0
7.24902,2.54454,0.895917,-0.647723,0.00453854,351.019,0
7.25553,2.5873,0.852793,-0.733859,0.00475489,356.597,0
7.26203,2.7309,0.86982,-0.774755,0.00556232,376.051,0
7.26853,2.79086,0.911961,-0.781643,0.00586727,383.964,0
7.27505,2.79353,0.906137,-0.810709,0.00582705,383.988,0
7.28156,2.72318,0.864505,-0.773944,0.005355,373.983,0
7.28809,2.70398,0.795559,-0.727765,0.00519086,371.013,0
7.29457,2.69467,0.786537,-0.650151,0.00508376,369.408,0
7.30112,2.68725,0.892623,-0.699563,0.00498682,368.06,0
7.30766,2.73796,0.87339,-0.781499,0.00525029,374.67,0
7.3142,2.77401,0.852157,-0.778326,0.00542331,379.264,0
7.32068,2.69687,0.844265,-0.856308,0.00491585,368.39,0
7.32719,2.78259,0.827959,-0.83122,0.00538594,379.762,0
7.33369,2.72065,0.845475,-0.821074,0.00497278,370.98,0
7.34016,2.72043,0.852605,-0.856937,0.0049225,370.622,0
7.34667,2.61479,0.827404,-0.870094,0.00425048,355.915,0
7.35314,2.72069,0.715244,-0.899342,0.0048446,370.004,0
7.35965,2.73203,0.75465,-0.795939,0.00486949,371.217,0
7.36615,2.62972,0.796515,-0.822535,0.00421606,357.001,0
7.37265,2.57456,0.812233,-0.870111,0.00385332,349.204,0
7.37913,2.47777,0.779645,-0.775402,0.00324454,335.78,0
7.38564,2.46633,0.808446,-0.696511,0.00315361,333.936,0
7.39216,2.51364,0.851827,-0.735818,0.00341458,340.042,0
7.39867,2.56178,0.802695,-0.708834,0.00367235,346.249,0
7.4052,2.6306,0.787558,-0.679613,0.00405587,355.237,0
7.41163,2.66097,0.796178,-0.696242,0.0042008,359.026,0
7.41812,2.71923,0.729225,-0.778005,0.00451129,366.565,0
7.42464,2.80162,0.686272,-0.803065,0.00496535,377.341,0
7.43115,2.82441,0.587134,-0.838332,0.00505566,380.077,0
7.43764,2.79578,0.481147,-0.823577,0.00483648,375.896,0
7.4441,2.79751,0.439384,-0.8361,0.0047988,375.802,0
7.45064,2.80959,0.382952,-0.864101,0.00482496,377.094,0
7.45713,2.8062,0.425352,-0.955978,0.00475782,376.311,0
7.46365,2.84758,0.446555,-0.919293,0.00496337,381.526,0
7.47017,2.88878,0.43973,-0.956112,0.00516932,386.709,0
7.47671,2.86133,0.462638,-0.939341,0.00496219,382.7,0
7.48317,2.91147,0.475625,-0.916819,0.0052132,389.069,0
7.4897,2.98331,0.535206,-0.926491,0.00558611,398.321,0
7.49619,2.9478,0.425009,-0.924506,0.00531941,393.24,0
7.50267,2.99152,0.443027,-0.865837,0.00553257,398.727,0
7.50918,2.94592,0.492222,-0.840285,0.00521024,392.308,0
7.51571,2.93607,0.530848,-0.815962,0.0051031,390.658,0
7.52223,2.87091,0.474667,-0.824148,0.00466978,381.656,0
7.52876,2.89481,0.425949,-0.834014,0.00477092,384.5,0
7.5353,2.8452,0.483967,-0.802779,0.00443764,377.583,0
7.54177,2.83254,0.395468,-0.798404,0.00432088,375.58,0
7.54825,2.86829,0.36876,-0.801837,0.00449487,379.994,0
7.55477,2.86029,0.319678,-0.889113,0.00440946,378.607,0
7.56131,2.84729,0.34441,-0.910199,0.0042926,376.561,0
7.56782,2.88434,0.240098,-0.961771,0.00447476,381.132,0
7.57432,2.81158,0.246119,-1.05828,0.00400183,371.199,0
7.58085,2.709,0.268909,-0.924518,0.00335781,357.348,0
7.58738,2.76401,0.276096,-0.953401,0.00365794,364.291,0
7.59391,2.71974,0.24672,-0.926317,0.00336692,358.147,0
7.6004,2.7729,0.276866,-0.8862,0.00365759,364.837,0
7.60693,2.76692,0.359713,-0.811928,0.00359453,363.736,0
7.61341,2.7332,0.42199,-0.706093,0.00336972,358.998,0
7.61992,2.66417,0.427943,-0.659819,0.00293379,349.633,0
7.62643,2.64247,0.411017,-0.696695,0.00278362,346.488,0
7.63294,2.53819,0.425374,-0.727778,0.00214458,332.531,0
7.6394,2.55644,0.440147,-0.698433,0.00224171,334.638,0
7.64591,2.53643,0.46164,-0.692205,0.00210727,331.737,0
7.65244,2.59056,0.453483,-0.617504,0.00241725,338.527,0
7.65893,2.61255,0.406027,-0.584967,0.0025342,341.111,0
7.66539,2.55155,0.364478,-0.606291,0.00215341,332.866,0
7.6719,2.51283,0.375172,-0.669286,0.00190774,327.537,0
7.67843,2.57391,0.390844,-0.703923,0.00226129,335.213,0
7.68496,2.58026,0.405652,-0.664054,0.00228302,335.755,0
7.69147,2.53387,0.37056,-0.662487,0.00199057,329.439,0
7.69801,2.52473,0.41519,-0.655759,0.00192494,327.972,0
7.70454,2.59903,0.488473,-0.632855,0.00235799,337.337,0
7.71101,2.59814,0.543281,-0.660016,0.00233483,336.939,0
7.71753,2.54655,0.577255,-0.543129,0.00201244,329.97,0
7.724,2.51301,0.616696,-0.488442,0.00180009,325.351,0
7.73053,2.55423,0.642842,-0.523817,0.00203724,330.408,0
7.73702,2.5238,0.60589,-0.532426,0.00184304,326.198,0
7.74353,2.52678,0.585116,-0.549138,0.00185072,326.309,0
7.75006,2.48961,0.535302,-0.60259,0.00161917,321.237,0
7.75658,2.4682,0.573909,-0.61158,0.0014837,318.207,0
7.76307,2.4508,0.582165,-0.607472,0.00137207,315.7,0
7.76957,2.43714,0.583224,-0.532525,0.00128465,313.678,0
7.77606,2.40104,0.537179,-0.530139,0.00106305,308.773,0
7.78261,2.35098,0.534989,-0.555626,0.000759461,302.081,0
7.78908,2.33073,0.549734,-0.606149,0.000635622,299.231,0
7.79556,2.29103,0.536102,-0.562248,0.000396215,293.889,0
7.80209,2.31391,0.601785,-0.527126,0.000532168,296.575,0
7.80858,2.33688,0.600715,-0.520162,0.000667878,299.271,0
7.81504,2.38423,0.581022,-0.482557,0.000948145,305.082,0
7.8215,2.43812,0.557525,-0.479395,0.00126672,311.72,0
7.82799,2.49164,0.599627,-0.460618,0.00158069,318.299,0
7.83453,2.53522,0.618758,-0.451923,0.00183239,323.596,0
7.84107,2.52227,0.622828,-0.439868,0.001743,321.674,0
7.84757,2.54361,0.62918,-0.50011,0.00186246,324.127,0
7.85408,2.50101,0.690632,-0.51811,0.00159858,318.435,0
7.86057,2.48938,0.654461,-0.50659,0.00151924,316.691,0
7.86709,2.46105,0.636244,-0.427308,0.00134225,312.828,0
7.87358,2.44075,0.711566,-0.364225,0.00121529,309.992,0
7.88006,2.4467,0.709464,-0.406957,0.00124397,310.492,0
7.88657,2.49244,0.734814,-0.461994,0.00151128,316.036,0
7.89308,2.48454,0.737936,-0.432747,0.0014574,314.775,0
7.89959,2.42511,0.685333,-0.483813,0.00109437,306.992,0
7.90609,2.45356,0.658959,-0.553612,0.00125989,310.337,0
7.91264,2.505,0.717404,-0.54706,0.00156148,316.582,0
7.91912,2.48313,0.699226,-0.541179,0.00142263,313.561,0
7.92561,2.47141,0.701313,-0.581544,0.00134456,311.826,0
7.93211,2.46786,0.721488,-0.601624,0.00131655,311.123,0
7.93861,2.47865,0.616323,-0.564046,0.00137448,312.227,0
7.94512,2.5004,0.603033,-0.542868,0.00149782,314.708,0
7.95166,2.4498,0.566534,-0.499901,0.00118943,308.087,0
7.95816,2.45325,0.583669,-0.542257,0.00120591,308.268,0
7.96466,2.46156,0.537723,-0.599073,0.00125075,309.06,0
7.97113,2.48538,0.528211,-0.629789,0.00138697,311.797,0
7.97763,2.45831,0.555881,-0.633411,0.00121902,308.15,0
7.98414,2.49634,0.594832,-0.663573,0.00143989,312.662,0
7.99066,2.49567,0.614236,-0.645079,0.00142931,312.324,0
7.9972,2.44986,0.603894,-0.622526,0.00114948,306.34,0
8.00372,2.45204,0.585351,-0.69781,0.0011584,306.362,0
8.01021,2.40051,0.507215,-0.691106,0.00084404,299.681,0
8.01669,2.37813,0.490467,-0.722436,0.000707094,296.648,0
8.02325,2.37638,0.457385,-0.743936,0.000694113,296.187,0
8.02977,2.3839,0.450177,-0.705922,0.00073624,296.883,0
8.03625,2.38813,0.485663,-0.744633,0.000758595,297.169,0
8.0428,2.38296,0.523442,-0.79835,0.000725039,296.285,0
8.04929,2.43035,0.534884,-0.773893,0.00100587,301.933,0
8.05582,2.43034,0.553615,-0.769757,0.00100214,301.687,0
8.06232,2.41576,0.536246,-0.762091,0.00091037,299.636,0
8.06882,2.37624,0.543162,-0.75875,0.000670964,294.496,0
8.07533,2.36647,0.543582,-0.733672,0.00060981,293.05,0
8.08187,2.33307,0.532528,-0.73035,0.000408029,288.68,0
8.08835,2.35105,0.529076,-0.732833,0.000513908,290.671,0
8.09484,2.3994,0.560196,-0.766232,0.000801439,296.411,0
8.10136,2.39237,0.563606,-0.710932,0.00075579,295.304,0
8.10787,2.41205,0.602341,-0.786887,0.000871203,297.494,0
8.1144,2.44189,0.601638,-0.749654,0.00104632,300.933,0
8.12091,2.47122,0.6496,-0.710324,0.00121738,304.303,0
8.12744,2.52999,0.681167,-0.760189,0.00156242,311.29,0
8.13392,2.44641,0.705491,-0.68746,0.00105534,300.767,0
8.14041,2.40041,0.704097,-0.650699,0.000775971,294.875,0
8.1469,2.36464,0.707395,-0.639235,0.000560247,290.25,0
8.15339,2.38388,0.661475,-0.67176,0.000673596,292.379,0
8.15995,2.36252,0.669668,-0.722155,0.000543055,289.526,0
8.16648,2.34479,0.643259,-0.751906,0.000435466,287.124,0
8.17296,2.35353,0.646262,-0.72386,0.000486707,287.965,0
8.17945,2.36287,0.6581,-0.730184,0.000541154,288.879,0
8.18602,2.35044,0.613751,-0.763557,0.000465122,287.129,0
8.19252,2.32327,0.600171,-0.790145,0.000301141,283.585,0
8.19899,2.36949,0.608616,-0.772168,0.000577012,288.998,0
8.20552,2.3985,0.604729,-0.8017,0.000748715,292.303,0
8.212,2.46729,0.596028,-0.840046,0.0011568,300.449,0
8.21848,2.44981,0.60815,-0.796114,0.00104668,298.086,0
8.22494,2.40672,0.666473,-0.788526,0.000784839,292.613,0
8.23149,2.3636,0.606063,-0.751515,0.000523849,287.141,0
8.23803,2.33043,0.630731,-0.741804,0.000324267,282.886,0
8.24454,2.34505,0.588899,-0.725487,0.000411016,284.437,0
8.25104,2.36812,0.633402,-0.746999,0.000547714,287.008,0
8.25751,2.37547,0.660524,-0.75753,0.000590388,287.674,0
8.26401,2.35267,0.673684,-0.736388,0.000452255,284.689,0
8.27053,2.32228,0.683401,-0.695294,0.000269181,280.79,0
8.27702,2.33096,0.731219,-0.700281,0.000320512,281.618,0
8.28353,2.34587,0.770309,-0.701012,0.000409028,283.197,0
8.29002,2.33764,0.737503,-0.691925,0.000358629,281.982,0
8.29651,2.35914,0.770764,-0.723662,0.000486416,284.354,0
8.30301,2.41873,0.740975,-0.723431,0.000841563,291.307,0
8.30951,2.39976,0.681318,-0.690611,0.000724486,288.797,0
8.31597,2.34974,0.632028,-0.689937,0.000422949,282.557,0
8.3225,2.30899,0.654729,-0.677705,0.000178041,277.44,0
8.329,2.33841,0.664371,-0.681775,0.000353529,280.756,0
8.33551,2.35793,0.641058,-0.685565,0.000469614,282.878,0
8.34208,2.31625,0.610581,-0.71592,0.000219187,277.659,0
8.34857,2.34449,0.575434,-0.706945,0.000387674,280.825,0
8.35502,2.30247,0.614077,-0.714661,0.000135483,275.579,0
8.36152,2.28612,0.631893,-0.730232,3.73989e-05,273.41,0
8.368,2.29436,0.617443,-0.74575,8.66998e-05,274.183,0
8.37452,2.32645,0.603697,-0.738224,0.000278776,277.801,0
8.38107,2.33427,0.59547,-0.734883,0.000324669,278.517,0
8.38757,2.36726,0.560553,-0.745409,0.00052131,282.235,0
8.39406,2.33739,0.585172,-0.804577,0.000341141,278.458,0
8.40055,2.31066,0.557526,-0.805018,0.000180465,275.061,0
8.40705,2.32984,0.507194,-0.816913,0.000295082,277.129,0
8.41354,2.36705,0.517989,-0.798016,0.000516987,281.338,0
8.42005,2.37313,0.478303,-0.803362,0.000551096,281.843,0
8.42662,2.38329,0.506114,-0.807967,0.000610162,282.829,0
8.43311,2.42114,0.531732,-0.805569,0.000834181,287.099,0
8.43957,2.41463,0.47656,-0.781561,0.000791957,286.108,0
8.44612,2.38343,0.451228,-0.742617,0.000602878,282.192,0
8.45261,2.43736,0.429962,-0.693614,0.00092379,288.356,0
8.4591,2.42709,0.399468,-0.733135,0.000858562,286.92,0
8.46561,2.42018,0.357547,-0.726545,0.000813494,285.884,0
8.47211,2.39939,0.293308,-0.767094,0.000686723,283.21,0
8.47859,2.44345,0.323844,-0.817921,0.000947479,288.191,0
8.48511,2.47583,0.330076,-0.843895,0.00113734,291.786,0
8.49163,2.55545,0.308943,-0.855849,0.00160745,300.937,0
8.49814,2.52683,0.325796,-0.882035,0.00142896,297.339,0
8.50469,2.49359,0.351526,-0.887764,0.00122394,293.202,0
8.51117,2.47681,0.376609,-0.951806,0.00111828,291.007,0
8.51768,2.4813,0.348728,-0.964167,0.00114071,291.312,0
8.52419,2.50599,0.305351,-1.02384,0.00128265,293.986,0
8.53072,2.54387,0.35472,-1.01494,0.00150402,298.201,0
8.53725,2.5759,0.429946,-1.07204,0.00168727,301.725,0
8.54377,2.5663,0.453272,-1.06238,0.00162167,300.371,0
8.55026,2.69113,0.485827,-1.04113,0.00235867,314.742,0
8.55676,2.63984,0.444361,-1.0671,0.00203791,308.509,0
8.56327,2.63443,0.437881,-1.08643,0.00199567,307.644,0
8.56978,2.62286,0.40716,-1.06676,0.00191437,306.059,0
8.57628,2.6511,0.504835,-1.0746,0.00207343,309.121,0
8.58282,2.6292,0.547476,-1.03427,0.00192941,306.333,0
8.58931,2.65616,0.512008,-1.00999,0.0020791,309.24,0
8.59585,2.58279,0.436837,-1.06691,0.00163017,300.47,0
8.60235,2.57989,0.425976,-1.07289,0.00160303,299.905,0
8.60886,2.61203,0.44431,-1.09317,0.0017872,303.412,0
8.61537,2.59449,0.474267,-1.04425,0.00167108,301.146,0
8.62187,2.61122,0.476596,-1.01455,0.00176206,302.86,0
8.62838,2.56675,0.492852,-1.02278,0.00148834,297.477,0
8.63488,2.58875,0.508091,-1.01573,0.00161237,299.801,0
8.64138,2.55936,0.535649,-0.997203,0.00142792,296.174,0
8.64786,2.56739,0.511382,-0.999297,0.00146951,296.882,0
8.65437,2.59544,0.512027,-1.02742,0.00162954,299.9,0
8.66085,2.57656,0.496829,-1.03247,0.00150728,297.495,0
8.66736,2.61475,0.536838,-0.934711,0.0017277,301.677,0
8.67392,2.68058,0.5442,-0.88277,0.00211175,309.039,0
8.68044,2.67185,0.556183,-0.844234,0.00204741,307.801,0
8.68696,2.68925,0.604627,-0.848556,0.0021402,309.573,0
8.69344,2.68063,0.602982,-0.836522,0.00207514,308.351,0
8.69994,2.64308,0.573641,-0.791646,0.0018378,303.805,0
8.70645,2.58744,0.596071,-0.781631,0.00149543,297.186,0
8.71291,2.61345,0.666601,-0.759303,0.00164407,299.952,0
8.71941,2.61525,0.642164,-0.745862,0.00164543,299.934,0
8.72591,2.62983,0.694058,-0.739247,0.00172396,301.382,0
8.73244,2.62686,0.661904,-0.752919,0.00169732,300.816,0
8.73899,2.65107,0.612298,-0.696757,0.00183383,303.361,0
8.74551,2.65856,0.515723,-0.685524,0.00186965,303.992,0
8.75201,2.66842,0.478474,-0.765718,0.00191916,304.892,0
8.75851,2.62271,0.463045,-0.739617,0.0016359,299.447,0
8.76498,2.65621,0.510904,-0.735118,0.00182719,303.048,0
8.77148,2.72107,0.538795,-0.717965,0.00220387,310.218,0
8.77803,2.76116,0.518068,-0.731671,0.00243057,314.554,0
8.78455,2.74879,0.589495,-0.712704,0.00233916,312.912,0
8.791,2.82504,0.598061,-0.750644,0.00278005,321.356,0
8.79751,2.85124,0.63865,-0.816364,0.00291852,324.096,0
8.80401,2.881,0.597252,-0.812487,0.00307607,327.237,0
8.81053,2.93858,0.682144,-0.72338,0.0033977,333.53,0
8.81705,2.99345,0.71316,-0.705509,0.00369748,339.506,0
8.82352,2.97041,0.735314,-0.626545,0.00353111,336.647,0
8.83002,2.92665,0.688351,-0.636215,0.00324225,331.443,0
8.83652,2.9551,0.653285,-0.631561,0.00338153,334.419,0
8.84302,2.91064,0.726224,-0.646612,0.00309009,329.146,0
8.84956,2.90709,0.732145,-0.657906,0.00304551,328.501,0
8.85604,2.94857,0.651541,-0.668641,0.003268,332.944,0
8.86256,2.91217,0.618117,-0.688721,0.003028,328.593,0
8.86905,2.9491,0.587518,-0.660239,0.00322811,332.516,0
8.87557,2.92552,0.595331,-0.630887,0.00306232,329.615,0
8.8821,2.86488,0.603455,-0.658216,0.00268022,322.545,0
8.88858,2.83055,0.64325,-0.685428,0.0024578,318.448,0
8.89508,2.82264,0.625937,-0.628274,0.00239458,317.326,0
8.90157,2.82267,0.61037,-0.60013,0.00237728,317.098,0
8.90802,2.82544,0.720763,-0.613498,0.00237802,317.179,0
8.9145,2.82579,0.70517,-0.599577,0.00236346,316.988,0
8.92101,2.77198,0.721304,-0.596249,0.00202692,310.725,0
8.92751,2.84218,0.740925,-0.617629,0.00243534,318.362,0
8.93403,2.83139,0.817996,-0.619764,0.00235468,316.922,0
8.94054,2.82102,0.878544,-0.669727,0.00227742,315.531,0
8.94702,2.855,0.859157,-0.685567,0.0024645,319.101,0
8.95355,2.86573,0.778475,-0.614665,0.00251179,320.067,0
8.96004,2.84275,0.76667,-0.659357,0.00235801,317.27,0
8.96657,2.82375,0.758199,-0.674582,0.00222884,314.919,0
8.97307,2.83437,0.738279,-0.66729,0.00227877,315.875,0
8.9796,2.84624,0.755221,-0.570635,0.00233443,316.968,0
8.98612,2.78698,0.800093,-0.495356,0.00196583,310.143,0
8.99265,2.74939,0.869813,-0.509776,0.00173017,305.737,0
8.99917,2.79212,0.811847,-0.593171,0.00197577,310.264,0
9.00568,2.82355,0.832905,-0.588638,0.00215057,313.53,0
9.01217,2.80209,0.873702,-0.54885,0.00201146,310.923,0
9.01869,2.8159,0.851435,-0.566362,0.00207995,312.229,0
9.0252,2.79892,0.913285,-0.587753,0.00196536,310.123,0
9.03171,2.72641,0.919976,-0.658832,0.00152299,301.871,0
9.03827,2.74143,0.937873,-0.679352,0.00160412,303.313,0
9.04476,2.72789,0.901903,-0.6665,0.00151641,301.599,0
9.05127,2.66194,0.961569,-0.664493,0.00111502,294.096,0
9.05778,2.72664,0.919222,-0.698702,0.00149721,301.028,0
9.06425,2.646,0.914558,-0.752194,0.00100798,291.917,0
9.07076,2.6865,0.916815,-0.762003,0.00124498,296.171,0
9.07725,2.67823,0.956366,-0.744942,0.00118919,295.049,0
9.08374,2.66503,0.972478,-0.701443,0.00110571,293.385,0
9.09026,2.62089,0.974189,-0.650543,0.000837426,288.318,0
9.09676,2.61762,0.943144,-0.643332,0.000814465,287.754,0
9.10329,2.62048,0.890858,-0.661542,0.000828692,287.861,0
9.10978,2.55383,0.87912,-0.674368,0.000426602,280.34,0
9.11629,2.51537,0.895226,-0.679184,0.000195478,275.921,0
9.12282,2.50699,0.912235,-0.661912,0.000144896,274.804,0
9.1293,2.52204,0.954727,-0.645112,0.000234834,276.258,0
9.13579,2.55838,0.975459,-0.65482,0.00045191,280.04,0
9.14225,2.56359,0.952361,-0.662525,0.000481474,280.412,0
9.14873,2.52905,0.924131,-0.645522,0.000273346,276.438,0
9.15527,2.53222,0.913707,-0.647302,0.000291902,276.587,0
9.16179,2.5213,0.938009,-0.628235,0.00022577,275.198,0
9.16829,2.53624,0.934757,-0.615195,0.000314722,276.632,0
9.1748,2.5332,0.904906,-0.597274,0.000295745,276.104,0
9.18131,2.49841,0.913639,-0.590599,8.69037e-05,272.119,0
9.18785,2.51753,0.927317,-0.59977,0.000201275,274.007,0
9.19437,2.54631,0.951222,-0.603757,0.000373188,276.942,0
9.20091,2.58546,0.967119,-0.589989,0.000606333,281,0
9.20741,2.64896,0.926512,-0.552321,0.000984284,287.699,0
9.2139,2.69726,0.899819,-0.503361,0.00126702,292.738,0
9.22043,2.77373,0.920265,-0.489629,0.00171805,300.825,0
9.22696,2.79116,0.911719,-0.382883,0.00181408,302.5,0
9.23345,2.84192,0.839182,-0.378522,0.00210624,307.785,0
9.23998,2.87729,0.81963,-0.403894,0.00230337,311.396,0
9.24649,2.91909,0.819189,-0.419393,0.00253949,315.697,0
9.25298,2.91268,0.900671,-0.449963,0.00248489,314.783,0
9.25945,2.96768,0.944131,-0.527065,0.00279609,320.503,0
9.26597,3.0119,1.0043,-0.568434,0.00304251,325.049,0
9.27251,2.96355,1.01655,-0.502973,0.00273302,319.606,0
9.27906,2.98758,0.951303,-0.496692,0.00286113,321.97,0
9.28559,2.98989,0.898083,-0.447055,0.00285478,321.992,0
9.2921,2.97981,0.860141,-0.507786,0.00277253,320.682,0
9.29861,3.02203,0.879301,-0.549307,0.00300549,324.998,0
9.3051,2.96311,0.823413,-0.597051,0.00263128,318.439,0
9.31161,2.92402,0.910225,-0.656436,0.00237995,314.019,0
9.31815,2.91507,0.847655,-0.61942,0.00231021,312.837,0
9.32466,2.89441,0.86579,-0.669587,0.00217187,310.404,0
9.33113,2.88604,0.891738,-0.659524,0.0021088,309.291,0
9.33763,2.87975,0.888068,-0.660905,0.00205867,308.403,0
9.34414,2.89052,0.842973,-0.638604,0.00211193,309.34,0
9.35071,2.87464,0.757397,-0.631883,0.002005,307.425,0
9.35722,2.80912,0.790756,-0.641202,0.00160071,300.209,0
9.36368,2.73137,0.75519,-0.617988,0.00112851,291.698,0
9.37011,2.67193,0.724112,-0.601674,0.000769317,285.155,0
9.37661,2.73994,0.770453,-0.559397,0.00117281,292.21,0
9.38311,2.7766,0.730218,-0.548738,0.0013856,295.915,0
9.38962,2.69612,0.732752,-0.592516,0.000898614,287.138,0
9.39616,2.75106,0.757571,-0.630687,0.00122377,292.786,0
9.40267,2.74069,0.731781,-0.663614,0.00115601,291.48,0
9.40915,2.73697,0.808574,-0.694099,0.00112864,290.884,0
9.41565,2.70853,0.818695,-0.724995,0.000953707,287.663,0
9.42212,2.67953,0.780619,-0.751681,0.000776503,284.387,0
9.42866,2.70522,0.779058,-0.777066,0.00092717,286.914,0
9.43516,2.71736,0.793998,-0.801235,0.000996822,288.004,0
9.44169,2.69,0.822527,-0.833681,0.000830196,284.907,0
9.4482,2.66924,0.83475,-0.769077,0.000702893,282.513,0
9.45469,2.62649,0.794735,-0.802418,0.000445485,277.797,0
9.4612,2.65766,0.794306,-0.780494,0.00063031,280.901,0
9.46771,2.6312,0.778905,-0.741752,0.000469858,277.913,0
9.47419,2.62823,0.781936,-0.726701,0.000450913,277.41,0
9.48072,2.63337,0.777299,-0.737313,0.000480156,277.76,0
9.48725,2.61718,0.76931,-0.703555,0.000382216,275.863,0
9.49374,2.66785,0.751005,-0.691547,0.000684557,281.011,0
9.50024,2.65969,0.801237,-0.676136,0.000633141,279.961,0
9.50676,2.62851,0.78054,-0.728714,0.00044477,276.488,0
9.51329,2.6538,0.853723,-0.761813,0.000595019,278.957,0
9.51981,2.67072,0.856657,-0.822271,0.000693957,280.544,0
9.52636,2.71328,0.875472,-0.813442,0.000945419,284.818,0
9.53286,2.69591,0.939254,-0.82526,0.000838005,282.802,0
9.53935,2.7766,0.928806,-0.798483,0.00131711,291.068,0
9.54587,2.73801,1.00115,-0.799944,0.00108029,286.826,0
9.55235,2.84863,0.968373,-0.775964,0.00173769,298.213,0
9.55886,2.80073,0.99779,-0.792075,0.00144305,292.998,0
9.56534,2.81627,0.978241,-0.853221,0.0015291,294.425,0
9.57181,2.85396,0.937419,-0.856033,0.00174668,298.163,0
9.57833,2.84355,0.99617,-0.847183,0.00167565,296.873,0
9.58488,2.8052,1.04444,-0.834192,0.00143684,292.669,0
9.59138,2.79656,1.14392,-0.825412,0.00137782,291.57,0
9.59795,2.77341,1.09265,-0.829911,0.00123367,288.959,0
9.60446,2.79911,1.10262,-0.861674,0.00138129,291.438,0
9.61096,2.84115,1.13246,-0.916347,0.00162583,295.616,0
9.61744,2.83203,1.14999,-0.92137,0.00156228,294.469,0
9.62396,2.89956,1.11443,-0.878113,0.00195653,301.285,0
9.63048,2.966,1.0914,-0.899648,0.00234126,307.981,0
9.63698,2.9392,1.12524,-0.840879,0.00216827,304.992,0
9.64345,2.93933,1.08011,-0.783234,0.00215502,304.8,0
9.64994,2.95436,1.12014,-0.778019,0.00223199,306.154,0
9.65647,2.89184,1.10683,-0.804237,0.00184612,299.472,0
9.66297,2.84812,1.07344,-0.825646,0.001575,294.745,0
9.66948,2.85332,1.09234,-0.894658,0.00159791,295.085,0
9.67599,2.8334,1.05183,-0.907208,0.00146933,292.828,0
9.6825,2.83362,1.03546,-0.919405,0.00146422,292.654,0
9.68899,2.85749,1.0761,-0.896756,0.00159949,294.921,0
9.69552,2.81155,1.09273,-0.885961,0.00131548,289.985,0
9.70202,2.77529,1.13146,-0.919743,0.00109298,286.053,0
9.70853,2.82535,1.16064,-0.957208,0.00138704,291.017,0
9.71508,2.87051,1.17963,-0.987524,0.00164996,295.47,0
9.72159,2.8374,1.17145,-0.962028,0.00144415,291.866,0
9.72807,2.86665,1.15336,-0.932703,0.00161025,294.678,0
9.73462,2.87043,1.16468,-0.922802,0.00162277,294.868,0
9.74112,2.85073,1.14905,-0.99376,0.00149777,292.649,0
9.74759,2.84518,1.10771,-0.987957,0.00145712,291.886,0
9.75408,2.85325,1.12589,-1.02329,0.00149861,292.519,0
9.76053,2.88924,1.16842,-0.968424,0.0017056,296.013,0
9.76704,2.91386,1.15088,-1.00889,0.00184346,298.336,0
9.77355,2.90038,1.16226,-1.04375,0.00175227,296.758,0
9.78009,2.90673,1.16785,-1.06375,0.00178167,297.208,0
9.78657,2.92438,1.1426,-1.08366,0.0018773,298.816,0
9.79308,2.90807,1.19306,-1.01633,0.00176979,296.951,0
9.79959,2.87695,1.21156,-0.984506,0.00157388,293.579,0
9.80607,2.85428,1.27569,-0.925644,0.00143116,291.073,0
9.81257,2.89894,1.29931,-0.906552,0.00169104,295.431,0
9.81904,2.8827,1.2368,-0.936851,0.00158589,293.583,0
9.82558,2.89133,1.20943,-0.952584,0.00163027,294.266,0
9.8321,2.89253,1.25211,-0.967484,0.00162796,294.192,0
9.83864,2.92226,1.20312,-0.90443,0.00179708,297.019,0
9.84512,2.96694,1.16155,-0.862911,0.00205519,301.361,0
9.8516,2.9575,1.19262,-0.882865,0.00198684,300.205,0
9.8581,2.97852,1.12591,-0.788897,0.00210095,302.14,0
9.86459,3.05407,1.0825,-0.800703,0.00253819,309.599,0
9.87111,3.04374,1.05277,-0.795962,0.00246035,308.348,0
9.87761,3.00826,1.1736,-0.74811,0.00223302,304.553,0
9.88418,2.96724,1.19901,-0.781111,0.00197553,300.201,0
9.89066,3.00805,1.20213,-0.796064,0.00220629,304.131,0
9.89717,2.94811,1.2185,-0.812775,0.00183452,297.875,0
9.90365,2.95145,1.16797,-0.852263,0.00184375,298.016,0
9.91015,2.99438,1.24343,-0.923243,0.00208934,302.153,0
9.91666,3.03733,1.28871,-0.976217,0.00233717,306.286,0
9.92315,3.04527,1.30281,-1.00986,0.00237113,306.885,0
9.92963,3.07624,1.24994,-0.979769,0.00254205,309.804,0
9.93612,3.08707,1.15166,-0.982928,0.00259161,310.692,0
9.9426,3.12818,1.1572,-1.00613,0.00282011,314.624,0
9.94911,3.18647,1.15269,-1.07335,0.00314543,320.277,0
9.95565,3.13193,1.07241,-1.0551,0.00279813,314.588,0
9.96216,3.05805,1.06615,-1.07052,0.00233736,306.966,0
9.9687,3.10924,1.09463,-1.02685,0.00262653,311.901,0
9.97521,3.1382,1.11459,-1.03924,0.0027782,314.6,0
9.98172,3.16443,1.09916,-1.01917,0.00291535,317.022,0
9.98824,3.129,1.14192,-0.947858,0.00268479,313.269,0
9.99474,3.05866,1.13367,-0.943379,0.00224634,306.027,0
10,3.04698,1.12249,-0.940741,0.00216655,304.698,0
