1.36365,3636.75,-9.26116,-9.09999,0.101417,-9714.34,0
2.73561,3618.46,-13.3422,-47.5928,0.209275,-11528.3,0
4.10766,3573.49,4.42095,-111.269,0.417581,-18625.2,0
5.48152,3528.32,24.0166,-61.9165,1.03544,-22198.8,0
6.84793,3548.75,-64.9261,-89.6352,0.610474,-14785.7,0
8.22572,3537.11,-61.2948,-81.8041,0.801649,-13723.8,0
9.6059,3552.98,-52.1156,-113.809,0.564611,-10100.3,0
10.9544,3562.84,-85.6771,-111.094,0.387378,-7956.8,0
12.3159,3483.31,-104.841,-110.047,1.0188,-13534.4,0
13.042,3449.98,-103.564,-129.471,1.1922,-15336.5,0
