1.36958,3649.6,-73.9712,31.6641,0.00385768,-294.506,0
2.7413,3613.63,-86.9515,46.6329,0.205399,-13268.2,0
4.11517,3603.69,-156.064,91.2979,0.0611547,-11254.3,0
5.48099,3540.9,-110.008,129.131,0.580899,-19905.7,0
6.85467,3473.05,-103.634,114.697,1.22523,-25814.2,0
8.21605,3494.92,-73.9936,155.915,0.844222,-18875.2,0
9.58092,3531.12,-86.2001,153.032,0.423749,-12408.5,0
10.9458,3537.15,-48.1032,199.113,0.237083,-10309.9,0
12.3098,3458.4,-65.1769,198.557,0.833223,-15564.8,0
12.5491,3449.94,-59.6866,190.634,0.999033,-15941.9,0
