1.36697,3611.37,12.0481,36.0086,0.270581,-28262.2,0
2.72278,3615.8,35.2247,89.6476,0.151766,-12560.6,0
4.09679,3620.96,-19.41,85.7336,0.129496,-7087.3,0
5.46328,3580.91,27.4613,115.291,0.339402,-12646.8,0
6.82231,3635.88,8.35064,84.4459,0.0281252,-2070.13,0
8.19707,3610.36,30.0183,102.559,0.156867,-4835.46,0
9.55522,3588.1,4.88484,59.6673,0.424745,-6478.16,0
10.9238,3559.21,21.3026,125.03,0.464087,-8311.07,0
12.2889,3576.44,-81.1649,142.771,0.194745,-5986.25,0
13.6737,3588.02,-77.0015,146.361,0.104606,-4532.72,0
15.0316,3558.92,29.7217,189.59,0.256234,-6059.2,0
16.4108,3564.08,32.6532,135.842,0.420229,-5235.29,0
17.7647,3551.43,42.834,152.776,0.449358,-5548.62,0
19.1324,3501.06,138.528,96.1389,0.819687,-7784.64,0
20.5003,3511.36,146.737,92.8614,0.703476,-6762.97,0
21.852,3556.13,118.184,118.88,0.357585,-4295.56,0
23.2168,3557.69,153.719,123.038,0.249225,-3975.99,0
24.5742,3551.02,152.941,183.04,0.150747,-4027.78,0
25.9324,3549.13,52.0676,136.514,0.530756,-3889.86,0
27.2853,3542.37,83.8889,143.73,0.552218,-3944.66,0
28.6538,3503.78,60.0226,175.462,0.771685,-5103.12,0
30.0327,3487.97,68.3565,136.802,1.11164,-5395.01,0
31.3887,3470.6,64.3522,176.602,0.965343,-5715.4,0
32.7444,3529.96,31.7388,186.226,0.34857,-3666.12,0
34.1061,3514.09,56.3627,150.714,0.643632,-3984.97,0
35.4692,3534.38,45.7506,164.663,0.421917,-3259.78,0
36.8311,3504.4,69.4409,61.562,1.10798,-3953.29,0
38.2023,3518.92,27.3239,43.3791,1.23901,-3431.21,0
39.5715,3562.81,-0.435645,94.9329,0.530667,-2203.24,0
40.94,3582.02,21.898,97.491,0.352373,-1660.54,0
42.3147,3589.24,33.0008,33.4757,0.411895,-1435.85,0
43.6733,3635.94,16.1552,49.0213,0.0459242,-321.916,0
45.0574,3617.7,-22.9921,23.0847,0.193164,-716.932,0
46.433,3599.79,-47.5691,-54.8235,0.27667,-1081.26,0
47.8006,3608.2,-91.1982,-33.2589,0.168821,-874.48,0
49.1657,3607.33,-46.1408,-2.88655,0.25902,-867.899,0
50.5346,3633.21,-9.39631,18.3441,0.0838812,-332.335,0
51.9078,3635.94,-28.962,8.3931,0.0598156,-270.871,0
53.2826,3571.62,-33.7767,5.2233,0.604374,-1471.02,0
54.6725,3595.18,4.21588,29.9051,0.375584,-1002.76,0
56.034,3617.62,36.0148,55.5111,0.149945,-577.844,0
57.3927,3586.49,20.4208,13.3762,0.461942,-1106.67,0
58.7547,3593.32,21.6858,14.512,0.395223,-964.769,0
60.123,3592.78,-10.7422,22.6006,0.400427,-951.69,0
61.4972,3582.04,17.4391,-37.6815,0.476724,-1105.09,0
62.8633,3516.24,-20.9521,-11.5695,1.51023,-2127.82,0
64.2081,3511.33,-86.7903,-46.3206,0.913055,-2159.64,0
65.5614,3535.77,-70.9956,-72.9175,0.673671,-1742.37,0
66.9244,3537.48,-72.7022,9.77396,0.786039,-1681.36,0
68.2969,3582.4,-69.7008,-74.6177,0.283008,-989.808,0
69.664,3534.12,-8.11695,-163.918,0.432168,-1663.4,0
71.0322,3500.89,9.53409,-227.225,0.439477,-2099.12,0
72.3958,3486.09,-2.25271,-193.272,0.83839,-2264.13,0
73.7654,3534.9,76.1915,-135.816,0.462344,-1560.36,0
75.1404,3566.85,149.018,-92.0264,0.11618,-1106.58,0
76.5073,3525.42,189.181,-9.05356,0.400524,-1628.31,0
77.8865,3510.02,173.265,9.56662,0.697029,-1797.21,0
79.2445,3487.52,131.751,23.8761,1.17719,-2050.42,0
79.6749,3449.96,155.63,22.7825,1.29797,-2510.71,0
