1.35811,3638.12,20.7997,-20.369,0.076411,-8744.67,0
2.73601,3629.42,23.3221,-43.6528,0.121369,-7521.19,0
4.09765,3588.75,42.401,40.7487,0.422727,-14948,0
5.47273,3568.2,-45.4526,73.7061,0.526888,-14947.2,0
6.84221,3565.49,-66.2733,150.301,0.377535,-12350.6,0
8.21131,3611.66,-20.3285,140.288,0.0984389,-4669.46,0
9.57786,3610.96,-12.161,72.8821,0.230225,-4076.36,0
10.9371,3539.19,2.46418,79.9479,0.827764,-10131.9,0
12.3042,3591.59,-16.8653,111.754,0.257832,-4747.26,0
13.6639,3536.38,-35.2643,107.395,0.702425,-8315.51,0
15.0199,3500.58,-24.9722,77.494,1.23031,-9948.06,0
16.3872,3548.17,-19.5775,99.8126,0.63709,-6213.89,0
17.7565,3527.56,-74.8589,130.385,0.697226,-6895.24,0
19.1208,3555.18,-81.3124,101.438,0.534782,-4958.81,0
20.4964,3535.45,-73.6442,77.1749,0.793237,-5588.77,0
21.884,3522.47,-15.7261,50.3405,1.24261,-5827.62,0
23.2607,3539.38,-15.8201,35.717,1.05967,-4755.62,0
24.6354,3512.29,-34.9704,63.7068,1.18114,-5589.8,0
26.0037,3491.25,-79.8475,75.7286,1.11889,-6104.81,0
27.3756,3463.15,-82.0988,59.1393,1.43014,-6825.36,0
27.6931,3449.99,-81.9991,24.1803,1.72847,-7222.3,0
