1.35868,3607.8,-45.9877,33.7781,0.271297,-31061.9,0
2.72601,3575.17,-76.2507,-26.6269,0.485396,-27450.6,0
4.08832,3585.23,-61.8774,-75.1197,0.350505,-15841.8,0
5.45157,3526.9,-98.1676,-58.8157,0.83568,-22580.8,0
6.82221,3592.79,-142.229,-68.9808,0.182144,-8386.45,0
8.19002,3560.17,-99.1817,-56.0537,0.600696,-10968.6,0
9.56119,3550.78,-106.829,-84.0202,0.583752,-10377.6,0
10.9214,3556.63,-150.143,-41.4476,0.485556,-8548.99,0
12.2943,3579.06,-174.221,-75.4014,0.180569,-5770.04,0
13.6506,3564.28,-148.577,-63.5867,0.361761,-6279.59,0
15.0056,3532.07,-152.14,-103.584,0.547495,-7859.05,0
16.3699,3540.3,-202.227,-47.8942,0.393939,-6701.42,0
17.7413,3546.91,-192.936,-13.1861,0.393994,-5810.52,0
19.0945,3551.67,-174.368,45.0057,0.399835,-5149.79,0
20.4558,3538.78,-163.087,64.8114,0.480412,-5437.12,0
21.8143,3513.45,-147.141,73.4425,0.756508,-6259.8,0
23.1906,3493.48,-207.493,98.8106,0.589316,-6749.45,0
24.5536,3498.92,-253.392,55.2519,0.328294,-6153.15,0
25.9125,3479.4,-246.223,100.589,0.443974,-6583.82,0
26.5221,3449.98,-210.945,122.943,0.946775,-7541.79,0
