1.36728,3632.49,-47.7228,-0.268104,0.0999445,-12809.3,0
2.72855,3535.3,-12.8343,41.3513,1.05349,-42037.1,0
4.1032,3552.43,9.07122,37.4044,0.834909,-23779.6,0
5.46388,3559.04,34.3212,30.6811,0.721249,-16647.3,0
6.83058,3518.84,1.33674,37.6129,1.33107,-19201.7,0
8.19532,3562.92,-23.2857,58.7087,0.601738,-10625.7,0
9.55836,3592.06,-2.50902,162.577,0.053649,-6061.3,0
10.9211,3600.08,25.3942,130.282,0.0710946,-4570.52,0
12.2825,3596.24,105.868,61.7596,0.143241,-4376.76,0
13.6402,3565.87,86.1166,76.0594,0.386424,-6167.95,0
15.0139,3559.22,98.0945,142.248,0.234591,-6046.29,0
16.3866,3564.67,121.037,127.834,0.23193,-5207.59,0
17.7597,3550.87,182.048,126.13,0.164028,-5581.49,0
19.1153,3540.23,139.097,73.4978,0.572034,-5742.48,0
20.4923,3535.14,112.954,50.1434,0.804695,-5604.98,0
21.861,3533.73,87.3992,46.198,0.951541,-5318.38,0
23.2232,3505.03,82.4114,42.7832,1.25261,-6242.47,0
24.5798,3502.76,58.9042,29.0339,1.47006,-5990.1,0
25.9388,3457.34,61.8623,9.72918,2.05154,-7427.44,0
26.0318,3449.96,57.4524,4.34177,2.23837,-7684.37,0
