1.37026,3646.13,48.6539,-6.29299,0.0277882,-2821.48,0
2.734,3639.24,41.7062,-14.2631,0.0768528,-3937.03,0
4.09957,3641.76,71.7182,-16.2992,0.0321198,-2010.26,0
5.45773,3636.59,83.6387,-24.163,0.0479166,-2456.89,0
6.8291,3599.03,70.3243,27.3007,0.324748,-7463.17,0
8.20292,3530.73,-1.08985,11.971,1.31182,-14539.6,0
9.58001,3512.41,14.6561,25.4214,1.56869,-14362.7,0
10.9521,3508.16,18.2181,47.4973,1.32864,-12950.5,0
12.3259,3480.93,1.87474,33.6344,2.10101,-13716.5,0
13.6818,3484.56,-23.1951,34.8641,1.76694,-12091.8,0
15.0516,3465.9,6.03794,52.8194,1.7671,-12231.4,0
16.4251,3471.14,47.7026,83.4023,1.08295,-10889.6,0
17.7896,3470.1,93.5443,64.0849,0.918378,-10112.6,0
18.2587,3449.98,112.702,80.0561,0.856863,-10954.7,0
