1.37405,3617.73,-6.24522,21.7171,0.226978,-23488.6,0
2.75293,3588.29,82.1514,-19.4446,0.368756,-22415.1,0
4.12993,3609.21,142.551,-59.6238,0.0518345,-9875.74,0
5.49256,3581.33,129.058,-41.3288,0.286302,-12501.9,0
6.84565,3531.09,46.291,-67.9565,0.902125,-17370.7,0
8.21102,3570.77,40.0173,-83.0701,0.493648,-9648.78,0
9.58515,3599.95,65.2642,-117.227,0.16299,-5221.85,0
10.9473,3570.49,49.4956,-85.0605,0.467721,-7263.39,0
12.328,3561.05,23.665,-201.818,0.195023,-7215.45,0
13.6973,3460.13,64.889,-209.909,1.03738,-13861.8,0
13.7657,3449.94,63.9039,-204.552,1.18768,-14533,0
