1.3797,3621.97,23.2657,1.01898,0.197683,-20315.3,0
2.73688,3595.21,57.5443,-30.2598,0.358365,-20019.5,0
4.09778,3543.06,34.4914,21.3735,0.96147,-26097.9,0
5.46286,3576.7,2.49614,7.89615,0.603153,-13417.4,0
6.82985,3627.58,6.74504,54.992,0.118957,-3282.52,0
8.20746,3597.84,142.784,25.3762,0.155652,-6355.12,0
9.56657,3510.26,237.557,57.2918,0.589861,-14607.2,0
10.9404,3498.23,288.842,-0.629264,0.44017,-13872.6,0
12.3069,3503.62,276.383,-3.78933,0.458218,-11894.5,0
13.6636,3480.31,329.607,13.2589,0.267522,-12418.9,0
13.8166,3449.93,286.544,30.4489,0.961089,-14480.2,0
