1.37956,3639.96,-21.1945,-25.3786,0.0598288,-7280.4,0
2.73775,3571.16,-9.91419,1.82342,0.668842,-28796.6,0
4.11005,3585.98,-123.278,95.438,0.185861,-15576.7,0
5.47079,3514.29,-121.534,85.883,0.72411,-24806.1,0
6.84335,3533.48,-131.285,85.2696,0.598502,-17026.7,0
8.21502,3573,-110.546,56.734,0.364796,-9372.62,0
9.57629,3591.24,-71.4394,-26.414,0.337938,-6135.6,0
10.9423,3559.75,-101.459,-96.4361,0.434486,-8247.49,0
12.3042,3585.71,-98.2527,-105.521,0.231561,-5225.1,0
13.6721,3583.72,-127.751,-58.5484,0.259756,-4847.75,0
15.0446,3560.39,-149.606,23.6863,0.407154,-5956.08,0
16.4143,3582.8,-115.241,45.4614,0.334594,-4094.08,0
17.788,3495.08,-211.245,142.94,0.586779,-8709.45,0
19.1548,3546.2,-161.832,141.274,0.315005,-5419.17,0
20.5159,3510.89,-109.88,239.346,0.388014,-6780.66,0
21.8918,3541.47,-140.992,227.1,0.199623,-4957.48,0
23.2684,3479.22,-115.986,239.945,0.763615,-7339.54,0
24.644,3474.95,-104.363,286.48,0.443447,-7103.1,0
25.0214,3449.98,-157.973,275.631,0.596272,-7993.97,0
