1.36531,3620.75,20.1598,-26.3716,0.209219,-21423.8,0
2.72075,3621.09,27.742,-73.355,0.153828,-10625.7,0
4.08303,3631.76,24.8972,-29.6598,0.124509,-4467.77,0
5.44212,3597.07,-9.86634,-27.1934,0.404888,-9726.44,0
6.81509,3599.01,-26.4774,-13.3521,0.386718,-7481.64,0
8.18166,3555.58,5.35878,-21.5103,0.858279,-11540.8,0
9.54604,3609.15,-73.3327,-36.0031,0.225462,-4279.37,0
10.9149,3579.99,-78.6647,25.3654,0.457379,-6413.79,0
12.2713,3555.69,-113.603,-60.1314,0.549244,-7685.05,0
13.6468,3588.11,-110.87,-46.9319,0.250246,-4535.13,0
15.007,3527.51,-81.7437,51.4243,0.807646,-8162.1,0
16.3913,3613.33,-56.3833,49.33,0.157199,-2237.42,0
17.7561,3536.89,1.36906,95.9128,0.717447,-6370.43,0
19.1229,3593.64,-52.3446,108.353,0.15958,-2947.31,0
20.4858,3549.23,-51.9996,129.951,0.422122,-4919.24,0
21.8545,3549.42,-23.4086,63.237,0.691726,-4602.25,0
23.2245,3509.7,1.1546,47.5146,1.33685,-6041,0
24.5823,3570.88,-14.3964,76.1236,0.419913,-3218.56,0
25.9536,3516.32,-64.2436,166.015,0.516021,-5150.62,0
27.3102,3511.47,-72.0648,192.723,0.433793,-5072.56,0
28.6904,3550.5,-46.8408,142.543,0.33615,-3468.23,0
30.0717,3610.17,-45.3084,51.1538,0.140917,-1324.42,0
31.4458,3565.65,-127.475,110.736,0.21062,-2682.38,0
32.794,3531.78,-66.7979,99.1628,0.684297,-3605.08,0
34.1592,3530.64,-38.1979,148.735,0.477431,-3494.23,0
35.5322,3511.34,-13.6285,141.53,0.702866,-3902.32,0
36.8922,3507.21,10.0167,125.715,0.820727,-3870.39,0
38.2693,3520.06,-2.31767,61.1611,1.12842,-3395.3,0
39.617,3465.7,-14.9962,29.8549,2.48221,-4652.07,0
40.3695,3449.94,2.48959,11.4711,4.05552,-4955.65,0
