1.35406,3643.62,39.6235,-0.207176,0.0377063,-4709.8,0
2.72793,3612.21,46.932,58.7721,0.215056,-13852.4,0
4.08235,3556.58,41.2572,25.8503,0.766417,-22883.8,0
5.4599,3578.91,43.4665,34.335,0.513936,-13019.5,0
6.80708,3621.64,92.4253,-3.86966,0.112457,-4165.68,0
8.17254,3580.94,62.7167,12.9714,0.482031,-8450.39,0
9.55356,3546.36,56.7653,6.25587,0.850568,-10848.6,0
10.9126,3507.52,23.9008,-13.9488,1.70846,-13056.4,0
12.2777,3514.25,22.5459,-27.8204,1.41747,-11056.3,0
13.6373,3561.27,12.2043,-28.0946,0.679165,-6506.32,0
14.9989,3582.9,68.9049,-26.2078,0.356337,-4473.39,0
16.368,3608.19,65.5367,-45.472,0.147941,-2554.2,0
17.7317,3589.21,71.8328,-46.2392,0.269357,-3428.5,0
19.1044,3502.66,96.5769,-6.30981,1.04732,-7712.19,0
20.483,3483.5,122.727,-33.8672,0.948063,-8128.83,0
21.8646,3472.03,105.628,-33.0154,1.19268,-8139.74,0
23.2307,3480.72,54.8526,-12.6752,1.68293,-7286.78,0
24.1748,3467.06,6.03445,-2.12999,4.13099,-7567.46,0
