1.37113,3621.18,-28.8152,-34.4367,0.283726,-21017.3,0
2.75568,3635.06,9.65948,-11.037,0.173316,-5420.85,0
4.12752,3606.77,-18.0259,32.4916,0.444653,-10474.4,0
5.50851,3622.96,-63.2809,-1.2358,0.236818,-4909.13,0
6.87905,3570.16,-71.186,-10.5945,0.776593,-11606.4,0
8.24148,3598.43,-53.0261,44.5794,0.463134,-6257.02,0
9.61955,3636.74,-41.4383,8.33521,0.129282,-1378.9,0
10.9899,3591.5,-81.7339,-59.1321,0.441094,-5322.93,0
12.3711,3600.13,-45.0342,-114.665,0.287901,-4031.07,0
13.7293,3590.73,-36.0248,-151.137,0.250953,-4316.86,0
15.1093,3577.18,-56.8242,-133.964,0.45596,-4819.48,0
16.4824,3484.37,-60.5195,-148.185,1.55637,-10048.8,0
17.839,3459.86,5.33941,-171.66,1.68009,-10658.6,0
17.9423,3449.86,4.01474,-170.361,1.8221,-11154.7,0
