1.3687,3601.08,38.2054,13.1528,0.471096,-35744.5,0
2.74186,3563.65,24.002,86.1672,0.752889,-31494,0
4.11561,3611.51,-37.267,136.253,0.0913578,-9353.15,0
5.48042,3618.6,-31.127,132.031,0.0540647,-5729.88,0
6.84677,3578.33,-43.2344,99.3466,0.51935,-10467.8,0
8.20395,3620.67,-14.9585,69.1809,0.221875,-3575.56,0
9.55779,3613.72,13.2004,-10.5178,0.364815,-3795.6,0
10.9189,3629.69,73.0936,0.658225,0.134387,-1860.36,0
12.2838,3602.12,129.16,48.4872,0.204175,-3897.68,0
13.6495,3554.17,117.471,89.1578,0.692803,-7020.58,0
15.0012,3500.72,134.967,118.291,1.12135,-9951.12,0
16.3672,3493.52,186.074,118.704,0.788508,-9560.33,0
17.7219,3513.5,144.625,119.058,0.857413,-7702.07,0
19.0817,3519.22,115.663,118.875,0.98263,-6853.87,0
20.4492,3550.4,123.825,114.72,0.565095,-4870.63,0
21.8065,3585.07,107.963,98.8492,0.28909,-2977.66,0
23.1672,3559.15,80.998,159.95,0.419136,-3921.31,0
24.5232,3504.52,67.2794,131.092,1.36219,-5932.47,0
25.8726,3542.79,85.4897,128.962,0.833575,-4143.8,0
27.2336,3589.9,110.48,169.296,0.0714446,-2206.82,0
28.6208,3555.75,135.974,176.573,0.352865,-3293.13,0
29.9886,3550.64,95.791,97.0617,0.864007,-3313.32,0
31.3621,3581.31,129.079,40.641,0.536585,-2190.11,0
32.7187,3576.22,91.933,10.4185,0.728514,-2255.12,0
34.0648,3578.35,69.7591,53.3769,0.711239,-2103.36,0
35.4173,3583.59,72.1588,8.96024,0.70471,-1875.18,0
36.7916,3537.3,89.5531,28.1517,1.15403,-3063.24,0
38.1513,3517.22,52.946,52.8802,1.55904,-3480.37,0
39.508,3522.63,23.1029,83.703,1.34302,-3223.82,0
40.8747,3531.21,-52.6465,78.2982,1.15218,-2906.22,0
42.2499,3575.86,-20.7258,113.532,0.53663,-1754.76,0
43.6388,3562.41,-73.1001,63.3338,0.721659,-2007.1,0
45.02,3506.4,-201.793,72.9626,0.723454,-3189.75,0
46.4034,3505.83,-174.606,87.1291,0.852766,-3106.84,0
47.7667,3557.02,-186.481,74.6737,0.189069,-1946.64,0
49.1277,3553.75,-164.608,-68.6801,0.356343,-1959.23,0
50.488,3516.39,-230.678,-80.4325,0.442421,-2646.32,0
51.8452,3507.27,-296.457,-36.6625,0.0643916,-2753.03,0
53.2052,3486.87,-319.405,0.350415,0.094463,-3065.98,0
53.6316,3449.95,-329.771,-43.7547,0.379471,-3730.05,0
