1.37052,3622.76,-16.3823,-97.1467,0.211124,-19879.1,0
2.73719,3561.93,-26.1534,-117.007,0.744477,-32174.9,0
4.09449,3581.1,-22.1573,-112.568,0.544417,-16826.5,0
5.46287,3540.06,-6.38961,-153.706,0.737063,-20125.1,0
6.82455,3541.22,60.6783,-126.26,0.805805,-15939.7,0
8.18922,3582.37,-32.1017,-154.073,0.344937,-8258,0
9.56621,3585.59,-46.0827,-142.965,0.354341,-6733.47,0
10.9336,3554.83,-51.2258,-121.961,0.712508,-8704.56,0
12.3084,3566.54,-5.81251,-161.39,0.440718,-6780.87,0
13.6849,3535.41,-37.2772,-173.359,0.710506,-8373.58,0
15.0457,3498.41,-20.0795,-113.341,1.68424,-10075.3,0
16.4101,3472.81,-62.9302,-133.182,1.62304,-10797.9,0
17.7755,3457.62,-60.0017,-106.577,2.08209,-10822.8,0
17.8502,3449.82,-60.8445,-115.136,2.06834,-11214.2,0
