1.36422,3612.94,18.335,-71.1205,0.333424,-27164.4,0
2.73122,3599.83,13.682,-35.175,0.535558,-18369.3,0
4.11599,3606.02,92.6635,-112.28,0.18779,-10685.2,0
5.4812,3600.55,110.258,-16.9531,0.315429,-9022.2,0
6.84078,3605.09,62.283,21.5707,0.399019,-6565.5,0
8.20603,3583.87,32.2986,38.5371,0.674052,-8059.08,0
9.5713,3572.99,39.6253,-24.5905,0.821442,-8046.28,0
10.938,3616.38,-38.3782,39.1556,0.296118,-3073.43,0
12.308,3591.88,-65.252,20.2497,0.523609,-4722.14,0
13.6733,3563.29,-125.356,-10.5735,0.66279,-6341.17,0
15.0356,3565.36,-129.257,-39.883,0.538962,-5629.19,0
16.4009,3542.43,-158.443,-50.6416,0.666527,-6558.93,0
17.778,3569.44,-141.528,-54.7143,0.467946,-4531.48,0
19.147,3516.02,-200.277,-37.0168,0.804055,-6997.41,0
20.523,3500.79,-178.47,25.991,1.17857,-7270.58,0
21.8786,3505.17,-154.611,29.8105,1.32381,-6619.92,0
23.2398,3503.06,-163.445,23.3106,1.28864,-6322.67,0
24.5968,3487.98,-179.537,19.0345,1.3192,-6586.91,0
25.6772,3449.94,-214.034,-22.1561,1.34584,-7791.49,0
