1.35942,3585.35,36.7228,90.3368,0.548171,-47560.4,0
2.72692,3570.25,87.7906,-0.0576509,0.738693,-29246.2,0
4.08743,3550.72,151.881,-13.4525,0.721824,-24289.6,0
5.45838,3536.18,104.625,-69.6031,1.03134,-20853.2,0
6.82579,3587.31,130.682,-123.376,0.191516,-9183.61,0
8.19479,3553,109.506,-49.687,0.802527,-11837.2,0
9.54081,3599.82,87.195,-85.504,0.33488,-5259.76,0
10.9165,3597.81,63.3896,-101.721,0.330687,-4780.95,0
12.2898,3595.25,48.3174,-175.507,0.187037,-4455.18,0
13.6363,3573.95,50.2749,-164.036,0.455567,-5576.85,0
14.9919,3539.46,47.979,-137.08,0.943242,-7373.64,0
16.3556,3517.27,34.3428,-90.7434,1.57341,-8115.19,0
17.7238,3469,72.1453,-126.24,1.76734,-10212.4,0
19.0825,3488.34,22.2635,-128.032,1.64557,-8471.59,0
20.4337,3449.92,44.3082,-151.306,1.79741,-9791.62,0
