1.36236,3619.94,-26.4619,37.2452,0.268781,-22067.7,0
2.72935,3592.5,-41.3629,58.492,0.5009,-21068.7,0
4.10092,3577.17,-81.4436,96.4315,0.45946,-17760.5,0
5.46217,3578.23,-97.1059,175.323,0.163783,-13139.6,0
6.84082,3535.71,-49.3601,127.762,0.931689,-16707.2,0
8.1964,3527.57,-89.1691,178.01,0.592886,-14936.6,0
9.55775,3564.64,-87.2869,120.806,0.389199,-8931.25,0
10.9424,3545.64,-94.7656,161.532,0.42385,-9537.28,0
12.3007,3536.54,-20.1229,161.15,0.699467,-9224.24,0
13.6787,3548.25,-10.442,221.734,0.160692,-7438.32,0
15.0436,3511.78,-50.0239,206.279,0.690396,-9188.13,0
16.4181,3518.22,-72.8518,254.115,0.164045,-8026.58,0
17.1709,3449.98,-62.6968,230.247,1.28939,-11648.9,0
