1.37013,3602.6,45.7239,64.6447,0.421058,-34593.8,0
2.7392,3617.72,35.7823,109.96,0.191605,-11783.6,0
4.1183,3566.95,97.07,188.644,0.35416,-20166.3,0
5.49102,3580.07,113.706,181.885,0.200945,-12735.3,0
6.85772,3574.73,118.51,208.343,0.139984,-10975.8,0
8.23734,3506.55,159.48,241.376,0.498392,-17414.8,0
9.60957,3507.71,165.496,184.854,0.890564,-14807.5,0
10.9768,3501.73,166.342,171.633,1.01977,-13507.9,0
12.3409,3516.84,104.318,188.86,1.01959,-10790.3,0
13.6971,3493.43,93.3799,184.841,1.43472,-11431.2,0
15.065,3485.97,60.321,201.199,1.45644,-10887.9,0
16.4287,3493.53,68.9935,184.592,1.47319,-9524.21,0
17.7795,3482.17,38.7098,159.661,1.95777,-9439.27,0
19.1517,3458.87,53.3719,118.931,2.55903,-9979.99,0
19.3478,3449.97,46.0841,119.401,2.67796,-10338.8,0
