1.36962,3632.77,6.72873,1.06102,0.159422,-12582.3,0
2.73347,3555.98,18.2511,78.3365,0.877594,-34395.4,0
4.12374,3559.89,29.919,151.71,0.437918,-21851.2,0
5.49663,3507.27,37.487,136.203,1.1933,-25966.5,0
6.8651,3529.07,5.99839,149.05,0.84819,-17614.8,0
8.23863,3549.02,-68.1003,226.734,0.072973,-12257,0
9.6117,3474.74,-31.1682,206.228,1.26642,-18234.2,0
10.9853,3496.34,-24.3848,196.963,1.10279,-13987.6,0
12.337,3474.29,-40.093,191.13,1.42109,-14242.3,0
13.7114,3520.05,-24.9835,189.52,0.851062,-9477.51,0
15.089,3529.38,-50.6486,184.959,0.695864,-7993.62,0
16.4561,3474.93,-112.982,233.4,0.902686,-10638.9,0
17.8095,3488.3,-93.1063,241.344,0.773021,-9079.15,0
19.1798,3521.77,-69.2255,239.857,0.340778,-6685.6,0
20.5623,3527.05,28.9644,243.053,0.306123,-5979.18,0
21.9112,3511.36,7.19597,220.914,0.744757,-6327.34,0
23.2749,3499.86,46.7636,265.513,0.491959,-6450.69,0
24.6472,3498.07,21.9954,253.256,0.685151,-6164.21,0
26.0121,3466.81,36.2635,243.571,1.14839,-7042.47,0
27.3896,3473.31,99.9563,235.521,0.890728,-6450.83,0
27.6608,3449.89,93.7381,222.915,1.37351,-7234.58,0
