1.34872,3590.26,16.1105,-73.9021,0.552594,-44290.6,0
2.71958,3607.92,-17.0241,-82.08,0.345365,-15473.1,0
4.08662,3588.54,23.5337,-174.434,0.244028,-15040.4,0
5.44693,3584.65,-16.7303,-220.924,0.102769,-11997.1,0
6.80728,3582.18,39.3229,-222.637,0.0909508,-9963.55,0
8.17764,3541.79,91.846,-150.762,0.745059,-13233,0
9.55587,3547.55,103.872,-229.437,0.269651,-10721.4,0
10.9273,3592.17,74.2058,-202.83,0.0260137,-5292.53,0
12.3086,3508.35,64.1273,-312.229,0.366863,-11508.6,0
13.6687,3511.05,19.2795,-343.306,0.102589,-10165.7,0
15.034,3479.39,-69.5981,-296.984,0.877421,-11348.2,0
16.2093,3449.97,-78.9838,-263.444,1.58603,-12340.3,0
