1.36171,3576.55,0.384008,42.0268,0.765692,-53937.2,0
2.73694,3595.07,-57.1617,-8.84638,0.492694,-20068.1,0
4.10274,3616.8,-4.4096,-54.3026,0.269405,-8092.29,0
5.46511,3562.22,-50.014,18.4065,0.914821,-16062.5,0
6.83152,3585.41,35.3792,5.99632,0.644205,-9454.84,0
8.19454,3531.67,66.4549,-76.1871,1.05531,-14439.5,0
9.55941,3502.5,7.93961,-86.7701,1.55098,-15429.3,0
10.9209,3505.06,18.7189,-86.3796,1.4752,-13271.5,0
12.2773,3484.15,-5.84367,-139.294,1.15988,-13509,0
13.659,3526.93,-20.6881,-108.554,0.8528,-9010.29,0
15.0293,3535.64,-10.8968,-100.937,0.796261,-7609.35,0
16.4065,3488.05,-75.4296,-60.1414,1.43888,-9871.29,0
17.7756,3491.22,-79.3147,-61.0671,1.31094,-8932.38,0
18.6987,3449.96,-102.54,-31.2381,1.74441,-10698.3,0
