1.3598,3635.54,-111.631,37.8303,0.078283,-10634.3,0
2.72375,3577.82,-117.807,104.528,0.440382,-26501.7,0
4.09349,3599.95,-56.7127,111.434,0.320206,-12226.2,0
5.45906,3562.67,-106.556,78.8322,0.694027,-15996.8,0
6.84036,3566.21,-91.4906,117.993,0.558326,-12248.7,0
8.21629,3602.76,-41.4583,153.824,0.150151,-5749.45,0
9.56453,3621.98,-47.3312,113.17,0.0855497,-2929.85,0
10.9431,3516.44,-14.2502,121.244,1.26121,-12205.2,0
12.316,3542.17,-78.8459,147.036,0.616825,-8755.11,0
13.6889,3511.06,-81.5724,182.89,0.747469,-10149.8,0
15.0661,3550.1,-68.2584,110.685,0.702382,-6630.75,0
16.4374,3586.01,-35.266,126.33,0.293031,-3892.83,0
17.8095,3573.87,20.6966,163.133,0.29335,-4274.56,0
19.1811,3542.14,8.62298,192.278,0.528356,-5623.03,0
20.5613,3490.32,2.54262,160.096,1.3726,-7766.25,0
21.9427,3521.4,-44.6842,197.052,0.565094,-5860.93,0
23.3002,3539.36,-71.26,199.403,0.323746,-4748.46,0
24.6648,3497.16,-19.9057,202.984,0.883062,-6196.74,0
26.0481,3463.08,-5.09598,244.82,0.860975,-7175.9,0
26.8493,3449.94,9.94832,233.977,1.16411,-7451.31,0
