1.37238,3644.84,-9.30213,78.843,0.0526925,-3762.62,0
2.7354,3600.17,-27.8132,45.9265,0.523173,-18215.7,0
4.09384,3608.65,-9.65584,90.2169,0.348042,-10101.7,0
5.46272,3621.99,-11.1333,129.134,0.130168,-5128.31,0
6.82581,3597.39,-16.527,144.962,0.306168,-7707.48,0
8.18706,3623.51,-17.0117,102.279,0.177027,-3236.15,0
9.55871,3594.82,50.3097,103.642,0.408676,-5772.77,0
10.9287,3612.13,32.9981,143.318,0.128746,-3465.59,0
12.3038,3598.39,49.9254,115.414,0.3169,-4194.61,0
13.6668,3617.41,46.239,115.173,0.136129,-2384.51,0
15.0303,3589.07,39.26,99.7493,0.45383,-4054.08,0
16.3912,3615.13,-43.8889,112.821,0.178885,-2127.33,0
17.7681,3567.32,-32.513,62.5254,0.830784,-4653.52,0
19.13,3581.29,31.9763,40.8262,0.715566,-3591.62,0
20.4988,3600,2.68013,141.505,0.201836,-2439.36,0
21.87,3598.42,-75.2689,57.0696,0.349033,-2358.69,0
23.2438,3621.83,-129.062,32.8665,0.0208488,-1212.09,0
24.6115,3601.14,-65.1051,10.503,0.390364,-1985.25,0
25.9812,3602.6,-74.8685,49.8456,0.313266,-1824.49,0
27.3495,3577.34,-111.405,73.8454,0.448693,-2656.7,0
28.7096,3517.1,-131.894,50.9659,1.12612,-4629.19,0
30.0712,3536.57,-98.3991,45.013,1.11274,-3772.18,0
31.4348,3533.61,-74.6859,75.6471,1.14802,-3702.59,0
32.8079,3520.15,-96.1412,66.2629,1.20966,-3958.02,0
34.1792,3501.39,-77.9558,16.8526,1.79487,-4347.91,0
35.5501,3507.44,-112.161,-18.1169,1.34269,-4010.22,0
36.9109,3498.41,-134.34,-28.7328,1.18969,-4106.85,0
38.2854,3513.77,-163.118,-2.8715,0.760048,-3558.21,0
39.6589,3527.08,-173.856,87.1224,0.418012,-3099.53,0
41.0362,3496.37,-162.173,76.7539,0.943139,-3743.81,0
42.4199,3487.07,-120.765,62.1068,1.49422,-3840.9,0
43.7868,3479.37,-132.336,-0.2058,1.60906,-3896.95,0
45.1459,3470.53,-135.312,-31.0201,1.58197,-3975.24,0
46.394,3449.94,-124.393,-39.2585,1.9108,-4312.28,0
