2.37874,3570.52,-80.3444,98.1373,4.16806,-33413.8,0
4.77433,3592.6,38.2746,210.951,0.0773866,-12022.2,0
7.13323,3536.15,-26.2789,158.656,5.65618,-15960.3,0
9.50837,3555.15,-23.8311,88.9806,6.41612,-9975.78,0
11.8922,3578.25,-34.4946,75.2405,4.45451,-6033.3,0
14.2809,3550.25,-55.3158,213.305,3.0294,-6984.95,0
16.6987,3510.99,-68.7275,253.005,3.83403,-8324.67,0
19.1031,3495.29,16.7542,217.616,7.12153,-8098.91,0
21.4813,3496.41,54.4265,212.418,5.77891,-7149.99,0
22.9197,3449.74,64.1703,260.874,7.34755,-8737.3,0
