1.36421,3610.32,57.4967,-26.2768,0.421693,-29084.5,0
2.74177,3619.5,4.13298,-20.1795,0.371186,-11125.7,0
4.1098,3626.6,-3.85828,-37.6916,0.256981,-5692.95,0
5.49096,3624.52,-58.5654,-32.6198,0.228355,-4640.65,0
6.85556,3580.92,-46.1635,-91.3449,0.659389,-10077,0
8.22195,3617.14,-58.113,-0.0652817,0.331803,-3996.02,0
9.57729,3593.56,-127.117,-40.2964,0.361099,-5893.61,0
10.9373,3580.27,-115.751,40.5096,0.597617,-6375.01,0
12.3059,3557.72,-113.854,65.1178,0.879041,-7498.96,0
13.6617,3532.01,-116.536,44.9681,1.30785,-8636.17,0
15.0238,3548.29,-120.988,39.1438,1.01968,-6769.75,0
16.3964,3528.18,-101.356,-4.59104,1.52377,-7429.63,0
17.7637,3536.04,-130.344,-56.7351,1.06532,-6415.25,0
19.131,3545.57,-137.155,-89.4512,0.737179,-5458.58,0
20.507,3498.1,-174.862,-53.1957,1.31648,-7407.17,0
21.8679,3538.12,-169.068,-21.8771,0.640774,-5115.95,0
23.2249,3522.05,-174.043,-45.2257,0.841518,-5509.37,0
24.5958,3543.6,-201.6,-22.2651,0.225734,-4325.86,0
25.963,3519.82,-203.541,6.69516,0.660189,-5014.03,0
27.3256,3508.37,-230.556,-58.3204,0.484208,-5182.89,0
28.6926,3463.34,-258.529,-106.547,0.699579,-6505.59,0
29.0001,3449.96,-258.674,-126.601,0.813989,-6897.88,0
