1.36429,3634.94,-69.8646,-33.48,0.149764,-11039.6,0
2.72567,3633.94,-59.8957,-60.7294,0.143365,-5892.03,0
4.08915,3588.51,3.75359,-103.493,0.62958,-15037.7,0
5.46031,3559.98,-19.7166,-74.4805,1.16454,-16486.2,0
6.80389,3583.35,-26.7312,-37.9947,0.908856,-9796.36,0
8.18707,3575.63,-11.9846,-18.306,1.10034,-9083.79,0
9.55091,3563.21,12.7423,-23.2102,1.3206,-9087.43,0
10.9137,3578.97,27.4755,-27.1601,0.965318,-6508.72,0
12.2812,3557.28,-8.41201,-4.11673,1.46504,-7550.11,0
13.6332,3572.15,-41.3141,-66.4625,0.846982,-5710.2,0
14.9996,3610.26,-55.3127,-134.608,0.041211,-2649.64,0
16.3743,3593.99,-73.941,-129.338,0.253961,-3420.64,0
17.7405,3569.6,-169.259,-95.7585,0.315209,-4532.22,0
19.1102,3531.55,-220.109,-100.58,0.564314,-6198.37,0
20.4784,3499.66,-178.138,-109.168,1.48148,-7341.53,0
21.8437,3510.29,-126.496,-113.341,1.75749,-6395.69,0
23.2279,3537.03,-134.779,-56.0621,1.42592,-4863.69,0
24.5841,3562.77,-113.022,-78.5449,1.07354,-3548.31,0
25.9558,3534.05,-107.679,-47.1871,1.60586,-4467.35,0
27.3173,3534.81,-86.5532,-33.1713,1.75444,-4216.57,0
28.6788,3535.28,-76.1218,-28.2991,1.79902,-4000.24,0
30.0452,3519.72,-73.5272,-17.278,2.08629,-4336.12,0
31.3982,3506.52,-78.6222,27.0126,2.1645,-4569.8,0
32.7101,3450.01,-68.2833,43.1373,3.15849,-6113.91,0
