1.35997,3642.64,4.16328,-6.46692,0.0867043,-5409.74,0
2.72983,3604.63,26.4327,60.2084,0.490783,-16620.4,0
4.10809,3565.56,-53.5086,129.865,0.677481,-20554.3,0
5.47999,3529.91,-78.0148,106.993,1.27608,-21913.6,0
6.84811,3581.15,-98.2068,106.397,0.474802,-10054,0
8.21356,3554.88,-110.238,43.3662,0.978221,-11580.9,0
9.55783,3509.93,-107.053,62.4479,1.63276,-14654.5,0
10.9241,3489.4,-100.809,110.304,1.62662,-14701.4,0
12.2992,3466.52,-115.65,104.347,1.86915,-14918.3,0
12.7716,3449.82,-120.348,88.4598,2.24437,-15673.6,0
