1.36739,3628.05,24.3549,48.4231,0.216403,-16052.4,0
2.73292,3574.11,37.8998,51.4677,0.943565,-27770.1,0
4.10303,3559.03,36.4943,15.8098,1.31962,-22172.2,0
5.47529,3557.99,15.2776,53.4491,1.22033,-16805.4,0
6.84559,3579.8,26.1864,42.5535,0.853366,-10254.7,0
8.21485,3568.36,49.3381,62.6651,0.895418,-9938.2,0
9.56842,3585,40.4063,88.0631,0.561178,-6793.1,0
10.9344,3591.47,25.852,66.1859,0.585291,-5352.56,0
12.299,3572.76,-66.7955,68.6667,0.732241,-6280.35,0
13.6642,3602.39,-112.844,66.8605,0.191284,-3484.58,0
15.0354,3528.21,-123.35,83.0905,1.18519,-8100.46,0
16.3979,3568.32,-118.115,102.778,0.5099,-4980.98,0
17.7608,3609.85,-88.8866,63.4089,0.174682,-2260.73,0
19.1312,3563.28,-89.2314,169.745,0.411619,-4533.11,0
20.5015,3593.56,-9.85417,119.418,0.378011,-2753.01,0
21.8634,3594.99,-34.2574,112.016,0.36917,-2516.23,0
23.2468,3609.14,-94.7249,104.784,0.11273,-1757.63,0
24.6092,3593.27,-121.021,23.8353,0.418062,-2305.35,0
25.9728,3573.62,-122.927,-7.4615,0.655427,-2940.77,0
27.3508,3574.62,-175.55,-24.0376,0.314229,-2756.08,0
28.7099,3551.82,-97.3801,-52.429,0.994738,-3419.89,0
30.0777,3536.85,-121.178,-39.949,1.17419,-3761.79,0
31.4449,3566.11,-126.203,-29.0981,0.698988,-2667.79,0
32.8228,3588.36,-133.457,-73.1526,0.29045,-1877.93,0
34.1845,3580.16,-100.747,9.15092,0.624307,-2043.03,0
35.5539,3578.31,-117.745,48.0901,0.561824,-2016.28,0
36.9186,3537.17,-215.284,63.2682,0.647171,-3056.05,0
38.2911,3553.14,-265.082,18.6287,0.0871077,-2529.48,0
39.6483,3521.64,-199.08,26.6962,1.0606,-3237.35,0
41.0081,3471.7,-179.491,-9.5034,2.02364,-4348.01,0
42.3634,3481.06,-192.404,-25.4502,1.62117,-3987.94,0
43.7252,3522.73,-193.333,-32.093,0.8935,-2910.58,0
45.0851,3483.15,-205.487,-56.7645,1.19615,-3700.67,0
45.897,3449.95,-238.211,-102.453,0.961059,-4358.69,0
