1.36455,3612.42,15.3483,-61.6727,0.460484,-27537.9,0
2.73511,3619.15,-39.2369,17.1707,0.41634,-11278,0
4.11049,3602,22.8858,24.9886,0.670571,-11677.5,0
5.47038,3620.22,89.7444,-47.5434,0.253252,-5444.59,0
6.83697,3616.03,126.907,-10.9233,0.236483,-4968.02,0
8.19456,3617.19,136.438,-88.3018,0.102142,-4003.5,0
9.55592,3628.64,135.976,-16.6663,0.0718937,-2235.75,0
10.9171,3592.53,106.318,-6.71826,0.582651,-5264.46,0
12.2872,3533.04,166.448,55.6887,0.96032,-9518.61,0
13.6479,3466.85,118.987,40.4777,2.71238,-13419.9,0
15.0084,3456.14,129.37,34.3007,2.65095,-12916.8,0
15.0835,3449.98,127.677,30.4006,2.79297,-13261.2,0
