1.37186,3615.56,11.5974,19.2419,0.459512,-25106.5,0
2.73459,3580.92,17.6722,-91.236,0.74286,-25261.6,0
4.09705,3632.53,-37.8428,-107.355,0.0454662,-4262.92,0
5.45914,3603.5,-50.9891,-90.5178,0.407629,-8518.59,0
6.82651,3534.23,-84.6654,-80.7497,1.3029,-16959,0
8.19992,3523.69,-114.52,-61.0641,1.3191,-15403.6,0
9.55463,3542.65,-135.464,-121.576,0.58234,-11235.2,0
10.9254,3517.88,-137.104,-96.245,1.18182,-12093,0
12.2787,3518.28,-94.4197,-72.5245,1.69089,-10727.4,0
13.6637,3526.37,-74.8423,-25.9531,1.91705,-9048.36,0
15.0326,3535.8,-59.8256,-10.0958,1.85384,-7596.56,0
16.3921,3533.79,-18.8227,-41.4277,1.95792,-7089.19,0
17.7553,3526.29,-11.1806,-80.8225,1.67377,-6967.64,0
19.1205,3515.49,-5.17424,-137.484,1.26944,-7034.87,0
20.4892,3523.98,11.966,-176.461,0.692133,-6150.52,0
21.8586,3514.63,-9.76648,-182.338,0.799579,-6193.1,0
23.2135,3545.78,0.0762985,-157.579,0.451502,-4489.64,0
24.582,3545.49,14.7543,-178.276,0.386886,-4251.48,0
25.9392,3530.85,58.0753,-151.515,0.791332,-4593.6,0
27.3209,3497.43,36.1736,-137.694,1.57778,-5584.28,0
28.6687,3517.88,41.03,-128.461,1.287,-4608.56,0
30.013,3469.77,9.29775,-121.327,2.25773,-6005.11,0
31.3736,3501.74,-11.5416,-120.3,1.6412,-4725.78,0
32.7315,3488.75,-65.1143,-127.315,1.51329,-4926.34,0
34.1035,3548.81,-102.417,-116.013,0.311983,-2967.05,0
35.4627,3519.27,-164.621,-129.039,0.306293,-3686.31,0
36.8357,3520.98,-56.3053,-94.172,1.15478,-3502.69,0
38.1914,3504.19,-40.8598,-111.076,1.28642,-3817.79,0
39.5518,3521.99,-74.2692,-123.242,0.80266,-3236.61,0
40.9236,3519.33,-64.2037,-168.725,0.554146,-3193.07,0
42.0945,3449.89,-20.1712,-186.799,1.63969,-4753.72,0
