1.3616,3612,-19.6115,-27.0389,0.464493,-27909.8,0
2.73265,3593.01,-6.22172,-33.2761,0.746071,-20856.5,0
4.10292,3591.74,-52.3308,-10.1716,0.710098,-14198.5,0
5.47102,3617.41,-86.9379,-38.8794,0.239689,-5957.02,0
6.84489,3620.76,-106.261,-52.7112,0.129685,-4271.88,0
8.21843,3605.14,-78.0471,0.574656,0.442778,-5458.71,0
9.59903,3608.87,-36.4665,37.6161,0.464452,-4284.45,0
10.952,3617.8,1.15532,123.397,0.115879,-2939.94,0
12.3219,3584.21,21.5487,106.337,0.594225,-5339.45,0
13.6874,3573.9,-33.6548,113.676,0.705353,-5559.71,0
15.0435,3572.12,-45.0483,112.225,0.703567,-5177.26,0
16.4021,3520.21,-50.4953,128.422,1.34196,-7912.77,0
17.7732,3500.59,-40.1772,119.315,1.77277,-8406.36,0
19.1428,3495.15,-72.0553,93.4967,1.87067,-8089.43,0
20.4928,3449.92,-111.848,96.7588,2.01883,-9763.53,0
