1.36784,3608.66,53.0248,11.4136,0.528315,-30221.9,0
2.74013,3586.93,89.043,96.2684,0.554338,-23018.2,0
4.09578,3556.02,64.4682,95.4059,1.07725,-22944.8,0
5.46188,3537.2,30.5633,80.3091,1.55344,-20652.9,0
6.8003,3510.22,55.0071,85.6807,1.78125,-20554.4,0
8.17279,3513.18,43.695,90.2872,1.67843,-16740.5,0
9.54699,3526.86,48.5584,98.9958,1.32732,-12898.2,0
10.9221,3509.69,1.96765,74.0395,1.9931,-12846.2,0
12.294,3494.25,-4.63632,63.1662,2.45441,-12669,0
13.6497,3518.67,-1.91219,127.163,1.06496,-9621.6,0
15.0161,3566.56,-69.6146,155.28,0.116819,-5556.83,0
16.3705,3528.75,-108.878,142.477,0.553017,-7406.6,0
17.7234,3509.68,-108.463,134.563,0.906485,-7917.07,0
19.0914,3484.52,-176.47,121.805,0.749021,-8667.89,0
20.4456,3478.34,-144.171,155.369,0.891002,-8396.03,0
21.6118,3449.92,-100.213,176.257,1.384,-9257.92,0
