1.27166,3637.85,-17.1334,34.3225,1.90556,-9556.73,0
2.54665,3639.06,18.5887,39.7315,1.4209,-4295.09,0
3.81855,3618.07,26.1729,17.7172,4.59581,-8361.74,0
5.09661,3597.55,10.0536,29.1222,6.90239,-10291.1,0
6.37054,3587.3,-8.97634,17.9486,6.93463,-9842.92,0
7.6493,3602.03,4.46491,20.0734,2.45859,-6270.76,0
8.92773,3584.65,-3.44665,11.2751,5.34704,-7320.1,0
10.2134,3575.45,12.0621,17.8034,4.99742,-7299.48,0
11.4923,3577.47,20.4194,7.75122,2.79361,-6311.37,0
12.7601,3562.23,38.4981,-10.1527,4.83006,-6878.77,0
14.0278,3561.4,47.5906,6.12067,2.78259,-6315.69,0
15.297,3571.25,25.0709,11.7146,1.24943,-5147.87,0
16.5735,3570.85,30.4344,-9.61966,0.783314,-4775.55,0
17.8548,3570.22,14.589,-18.521,0.834975,-4468.32,0
19.1306,3545.46,-9.46355,9.45159,7.54585,-5464.49,0
20.4023,3549.48,13.871,-26.4653,3.7287,-4926.89,0
21.671,3540.83,54.0519,-52.6024,1.49293,-5037.55,0
22.9509,3549.29,4.44896,-38.9497,2.71241,-4388.18,0
24.2308,3545.84,18.7639,-34.3636,2.85873,-4298.56,0
25.5058,3522.66,3.14079,-45.7032,7.08549,-4992.42,0
26.7809,3536.26,-8.3684,-47.7091,0.184547,-4247.04,0
28.054,3524.86,-32.5354,-29.3398,4.30569,-4460.71,0
29.3276,3519.66,-26.2012,-17.5453,6.31493,-4444.12,0
30.5993,3520.07,-8.13552,-22.3605,5.09042,-4246.23,0
31.8831,3512.18,-28.1781,-34.7193,3.15667,-4322.76,0
33.1534,3512.49,16.6207,-40.5114,2.95706,-4147.79,0
34.4253,3510.88,15.137,-30.8358,4.83189,-4041.08,0
35.6938,3499.04,31.2324,-42.2028,2.30691,-4229.27,0
36.9781,3491.47,33.9528,-32.9052,3.15977,-4287.02,0
38.2633,3480.48,46.1893,-42.7409,0.97197,-4430.24,0
39.5431,3468.19,4.03122,-35.3033,2.36194,-4597.68,0
40.2554,3449.96,-6.06333,-41.4224,4.78816,-4969.21,0
