1.27546,3639.73,27.024,-29.0068,1.57871,-8048.94,0
2.54833,3616.23,24.4363,-44.7516,4.57584,-13253.3,0
3.81905,3608.31,58.6143,-15.6907,4.45358,-10915.5,0
5.08466,3616.02,38.2042,-0.207928,3.1035,-6682.53,0
6.36226,3609.9,82.8269,0.304798,2.50135,-6303.39,0
7.64807,3612.2,60.4598,-14.0641,2.65823,-4941.81,0
8.92983,3592.79,36.66,-17.6371,5.94102,-6406.96,0
10.2027,3578.31,31.9352,-46.8329,6.03346,-7026.13,0
11.4764,3556.86,40.2492,-55.8838,6.47969,-8115.99,0
12.7516,3572.86,43.9985,-42.7594,2.16274,-6049.62,0
14.0309,3561.43,66.0897,-41.5766,3.01054,-6312.57,0
15.3085,3558.72,57.9365,-25.5183,4.43038,-5962.72,0
16.591,3554.89,69.1735,-35.0366,3.52099,-5732.92,0
17.8692,3546.19,75.5084,-22.5015,3.44067,-5809.63,0
19.1406,3533.65,72.6705,-37.4875,4.73733,-6078.68,0
20.4151,3519.85,60.4199,-17.3086,8.20289,-6375.4,0
21.686,3527.55,64.8292,-17.8834,3.00524,-5646.56,0
22.9646,3532.61,63.3381,5.42523,1.53197,-5111.74,0
24.2464,3531.06,44.0033,-7.52855,4.40857,-4905.64,0
25.5156,3499.6,26.1825,-4.60143,7.57022,-5894.56,0
26.6642,3488.57,1.56768,-1.62682,6.88192,-6054.19,0
