1.27186,3644.84,-2.26816,-4.3308,0.702864,-4055.94,0
2.54082,3637.67,48.5202,2.80011,1.28152,-4852.21,0
3.81126,3631.47,41.6321,-22.6317,2.03909,-4861.54,0
5.09099,3602.89,32.9612,-26.9418,5.92243,-9253.71,0
6.37042,3615.3,38.1314,-47.066,2.49427,-5446.8,0
7.63857,3624.93,52.2478,-39.7593,0.689073,-3282.42,0
8.91902,3598.34,42.4753,-42.5213,4.90394,-5792.46,0
10.1908,3593.48,47.5025,-55.2631,4.11075,-5545.91,0
11.463,3573.73,56.0399,-63.4982,5.605,-6653.62,0
12.7359,3575.97,43.3512,-67.8684,3.34066,-5812.64,0
14.0077,3591.62,38.7074,-31.5831,1.71463,-4167.41,0
15.2767,3583.69,27.6689,-21.2261,3.42553,-4340.68,0
16.556,3595.14,16.1167,-50.5935,0.416829,-3313.57,0
17.8294,3587.07,23.0394,-41.573,2.13234,-3529.65,0
19.1026,3591.72,27.2387,-22.2653,1.54782,-3050.81,0
20.372,3587.55,16.9822,5.81214,2.22082,-3065.46,0
21.6485,3592.59,12.5256,0.406301,1.12561,-2651.91,0
22.9183,3583.8,12.7118,-4.67401,2.8421,-2888.59,0
24.2013,3582.62,36.8204,-31.4982,1.89526,-2784.22,0
25.4734,3587.81,41.5119,-2.39078,0.913032,-2441.5,0
26.7484,3568.99,49.295,-11.8106,4.3448,-3028.67,0
28.0201,3571.03,41.1253,5.04746,3.37394,-2818.46,0
29.3024,3577.18,44.6861,-7.06836,1.60492,-2485.27,0
30.5734,3557.91,89.6522,-12.3746,2.49333,-3011.96,0
31.8538,3547.27,108.91,-9.18082,2.45282,-3225.06,0
33.1339,3534.56,115.636,-40.8852,3.33165,-3484.09,0
34.3987,3522.35,107.175,-52.4832,5.14898,-3710.84,0
35.6795,3516.2,90.4751,-57.3184,6.44249,-3750.06,0
36.95,3511.23,80.9055,-50.7392,5.65778,-3755.74,0
38.2226,3502.59,72.1318,-31.2637,6.71349,-3856.57,0
39.4902,3477.16,75.0571,-64.1436,7.02716,-4376.65,0
40.7671,3480.33,101.922,-49.6317,2.19454,-4161.89,0
42.045,3453.88,83.2568,-76.4169,6.23142,-4664.43,0
42.1044,3449.88,81.4572,-77.801,6.95238,-4752.9,0
