1.27313,3620.64,2.09331,82.5081,3.74283,-23063.6,0
2.54518,3609.81,-14.7262,86.7893,4.19871,-15792.5,0
3.81813,3588.91,-25.7967,121.091,4.00136,-15999.4,0
5.10191,3565.19,-24.1195,120.036,6.63376,-16624.1,0
6.37121,3569.97,-8.7737,136.467,3.26805,-12561.6,0
7.64294,3564.59,-9.51552,123.257,4.65599,-11175.5,0
8.91683,3570.39,-6.81832,100.886,4.19828,-8928.32,0
10.198,3550.22,-6.08885,108.152,5.45604,-9783.92,0
11.4701,3564.29,1.4751,107.089,2.35044,-7472.41,0
12.7494,3552.81,10.2609,115.237,3.57808,-7623.22,0
14.0201,3546.46,-3.81598,128.296,3.3015,-7384.98,0
15.2927,3531.42,-11.5281,122.912,5.44582,-7753.86,0
16.5768,3545.61,-13.2978,97.4001,4.22328,-6297.51,0
17.8678,3535.6,-17.4889,88.5197,6.05717,-6402.8,0
19.141,3541.83,0.118656,82.9374,3.76933,-5651.27,0
20.423,3535.81,-5.029,91.8667,3.02906,-5591.1,0
21.7045,3544.43,-8.94462,83.5218,1.73873,-4863.85,0
22.9769,3531.55,16.3069,73.6394,5.29414,-5155.18,0
24.2634,3535.03,26.4026,76.3376,3.61022,-4738.52,0
25.5405,3537.82,35.0808,61.9435,3.47059,-4392.19,0
26.8087,3517.25,47.5721,88.0619,4.24796,-4951.86,0
28.0902,3530.76,61.4599,74.6857,1.49489,-4245.04,0
29.3605,3530.92,66.992,54.61,2.54027,-4055.69,0
30.6284,3507,62.1136,81.7243,5.07098,-4668.72,0
31.9088,3494.73,82.5314,88.8429,4.09212,-4866.2,0
33.1768,3497.38,78.8388,104.413,1.6338,-4600.24,0
34.2492,3449.98,133.716,121.267,1.84279,-5840,0
