1.2744,3623.75,52.6593,18.134,3.27072,-20594.6,0
2.55615,3613.03,69.3256,25.7992,3.52977,-14465.1,0
3.83321,3614.7,51.42,41.3999,3.26506,-9208.81,0
5.10578,3626.49,43.7027,25.6789,1.51711,-4604.88,0
6.3829,3608.88,26.8896,28.145,4.09089,-6442.34,0
7.65377,3614.01,30.8683,38.5408,2.55916,-4702.03,0
8.93095,3611.7,18.831,38.7778,2.87715,-4288.24,0
10.2059,3591.04,10.488,43.3614,5.74124,-5777.4,0
11.4767,3589.45,2.74372,31.0823,5.17601,-5275.8,0
12.7563,3599.25,-22.6413,-11.969,2.26395,-3978.32,0
14.0364,3607.15,-1.89,4.04301,0.89879,-3052.86,0
15.3226,3588.96,-2.50622,-11.8771,4.19789,-3983.91,0
16.6007,3588.1,1.17251,-51.0659,2.65897,-3728.72,0
17.8863,3590.47,2.04176,-23.9369,2.66717,-3328.49,0
19.1626,3587.88,8.11499,-11.9258,3.06104,-3241.8,0
20.4377,3579.77,3.75897,-5.14307,3.71451,-3436.3,0
21.713,3588.28,5.80699,9.2158,1.5325,-2842.5,0
22.9953,3563.17,10.7187,3.71952,5.5622,-3776.12,0
24.2696,3550.01,9.09158,-2.22863,7.3736,-4119.95,0
25.5377,3536.63,-2.36015,-3.88908,7.84058,-4439.27,0
26.8152,3539.82,21.0569,9.67524,2.34084,-4108.76,0
28.0965,3537.59,5.75711,24.3265,2.51204,-4000.69,0
29.3728,3535.25,-11.8778,5.13617,3.25988,-3906.73,0
30.645,3535.65,23.9329,-1.64975,1.16865,-3731.36,0
31.9114,3530.16,25.6629,-1.83325,2.07891,-3755.54,0
33.1907,3531.56,30.8109,2.95755,0.644913,-3568.59,0
34.4677,3507.83,50.5061,14.9308,4.09205,-4124.62,0
35.7423,3494.09,39.0363,6.7588,8.91606,-4362.18,0
37.0127,3468.17,28.5163,18.6204,7.20291,-4912.75,0
38.2871,3473.08,29.376,4.91705,5.87041,-4620.82,0
39.5591,3470.98,26.1996,18.5205,3.54875,-4525.35,0
40.2249,3449.97,34.6618,31.8713,1.23638,-4972.89,0
