1.27476,3635.81,58.6177,45.6031,1.93907,-11127.6,0
2.55327,3632.5,23.4516,17.0895,3.18554,-6853.21,0
3.83373,3645.59,-22.5046,48.6173,0.432821,-1150.14,0
5.10568,3622.46,-42.9711,87.3231,2.34973,-5394.85,0
6.37948,3620.29,-54.144,93.0165,2.02386,-4656.65,0
7.65472,3607.57,-70.1327,92.6138,3.35756,-5542.37,0
8.93289,3612.44,-69.5316,81.8625,2.47942,-4204.7,0
10.2064,3611.61,-51.3778,82.7449,2.88717,-3761.6,0
11.4814,3600.8,-52.5748,99.198,3.39649,-4284.87,0
12.7555,3599.04,-44.1288,111.502,2.5501,-3994.87,0
14.0301,3604.4,-17.6077,125.924,1.34246,-3250.2,0
15.3008,3599.1,-61.0989,135.532,1.19149,-3326.31,0
16.5751,3581.24,-65.5106,124.244,4.12075,-4148.35,0
17.8505,3574.37,-53.3845,169.57,2.54835,-4236.96,0
19.1183,3573.94,-47.5567,173.231,2.15928,-3978.21,0
20.3928,3566.28,-45.8794,162.835,3.91706,-4105.61,0
21.6796,3559.95,-14.4567,173.495,4.06867,-4153.84,0
22.9546,3535.71,2.06591,177.196,6.49751,-4979.14,0
24.2274,3526.15,1.05152,162.734,6.63001,-5112.19,0
25.5002,3544.95,8.31548,172.415,0.98067,-4119.45,0
26.7823,3544.91,18.6375,165.314,1.285,-3924.03,0
28.061,3537.88,19.1449,164.053,2.37065,-3995.48,0
29.3318,3507.7,36.025,173.016,5.92609,-4851.54,0
30.6117,3497.07,20.3857,199.87,3.76931,-4995.85,0
31.8856,3501.19,18.886,196.728,2.83077,-4667.09,0
33.1683,3506.06,7.79882,175.163,4.62941,-4339.58,0
34.4407,3488.84,14.9471,169.112,5.88158,-4679.37,0
35.7051,3480.82,12.7991,182.426,3.95773,-4738.38,0
36.987,3478.71,27.6137,178.744,3.85078,-4631.07,0
38.2575,3480.18,44.3478,177.569,2.48727,-4438.86,0
39.5231,3474,53.9723,183.224,1.98887,-4453,0
40.7955,3468.72,77.9175,164.325,4.53363,-4443.52,0
41.6422,3449.94,66.8738,146.725,9.41148,-4804.24,0
