1.286,3626.98,45.1244,5.44063,3.5925,-17899.2,0
2.55464,3629.4,46.3616,-11.7588,2.44889,-8063.73,0
3.83518,3613,42.5594,-50.9334,4.12653,-9647.21,0
5.10893,3617.22,30.9308,-45.2797,3.07139,-6416.96,0
6.3887,3618.35,31.1839,-49.4419,2.01898,-4953.47,0
7.66534,3616.47,26.4207,-29.6215,2.42251,-4374.04,0
8.93735,3589.68,19.8177,-46.9104,5.61017,-6749.11,0
10.2128,3587.96,24.8901,-77.9566,3.5968,-6074.93,0
11.4839,3560.49,33.3322,-93.7176,5.67247,-7794.72,0
12.7601,3560.11,44.4418,-116.378,3.60945,-7044.67,0
14.033,3549.05,20.7708,-145.462,3.46368,-7194.06,0
15.3073,3545.54,19.6365,-157.95,2.04241,-6824.51,0
16.5967,3533,13.1021,-167.994,3.23162,-7049.63,0
17.8739,3530.08,19.3173,-162.175,3.6414,-6709.07,0
19.1532,3524,30.8326,-154.071,4.46469,-6578.7,0
20.4248,3525.96,12.0783,-153.228,3.80629,-6073.06,0
21.6969,3521.96,32.8605,-127.395,5.76373,-5901.15,0
22.9752,3525.28,34.6163,-155.511,1.17424,-5428.44,0
24.256,3539.15,27.2169,-125.71,1.54276,-4569.98,0
25.5334,3535.8,8.2055,-108.034,3.57568,-4472.54,0
26.7999,3536.96,-1.11312,-99.1428,3.74569,-4218.05,0
28.0781,3527.15,8.83026,-107.178,3.83349,-4375.41,0
29.3534,3529.62,2.67537,-125.408,0.335116,-4101.18,0
30.6255,3501.67,-2.94696,-121.491,5.79982,-4843.47,0
31.8998,3491.62,-7.72276,-127.529,4.50843,-4964.92,0
33.1668,3480.31,16.0217,-149.046,2.66552,-5116.12,0
34.4433,3459.11,20.0209,-135.071,7.53192,-5542.04,0
35.7211,3489.16,40.3897,-109.908,3.27371,-4502.72,0
36.9858,3488.19,21.6154,-131.66,0.0901336,-4375.03,0
38.2582,3463.63,42.3678,-116.185,4.84543,-4871.3,0
39.2288,3449.97,55.8974,-100.566,7.87424,-5099.19,0
