1.2777,3634.15,-12.5465,22.8,2.2155,-12405.5,0
2.55467,3628.34,-28.7144,20.0949,2.76536,-8479.97,0
3.83586,3635.31,-26.3833,0.013677,1.52945,-3830.38,0
5.09672,3622.18,-2.70301,21.5042,3.50706,-5458.07,0
6.37922,3640.01,14.2953,32.1893,0.308771,-1565.87,0
7.65001,3629.07,32.0526,33.4979,1.6563,-2736.38,0
8.9191,3618.86,44.0304,31.067,2.98997,-3491.04,0
10.1901,3634.44,44.0742,34.9012,0.409538,-1527.27,0
11.475,3614.88,45.0314,62.5582,2.54665,-3061,0
12.7486,3617.33,80.745,73.8507,0.840499,-2563.01,0
14.0238,3611.78,47.9022,116.873,0.91426,-2725.02,0
15.3054,3620.24,53.6774,77.3741,0.915038,-1944.54,0
16.5793,3586.04,35.7496,90.9709,5.48935,-3857.93,0
17.8507,3596.25,18.3017,121.528,2.21168,-3010.95,0
19.1299,3593.19,-11.0407,109.855,3.14701,-2969.94,0
20.4115,3598.58,-1.00823,97.343,2.59972,-2519.26,0
21.6828,3609.39,-1.37774,81.8713,1.50048,-1872.79,0
22.9643,3609.82,27.5161,58.8729,1.81532,-1749.67,0
24.243,3595.89,16.4366,44.4528,4.43763,-2232.13,0
25.5109,3595.31,11.5753,44.027,3.27487,-2143.65,0
26.7736,3591.46,44.2694,35.2823,3.27767,-2186.66,0
28.0473,3572.77,62.6404,29.6889,5.26432,-2753.68,0
29.3163,3555.08,63.0104,8.68991,7.25759,-3237.64,0
30.5914,3561.15,69.303,23.9248,4.07687,-2904.48,0
31.8619,3551.37,63.8442,36.0435,4.92938,-3095.69,0
33.1344,3538.05,65.9815,39.086,5.75428,-3378.61,0
34.4115,3532.36,61.472,33.9534,6.89888,-3418.55,0
35.6974,3536.86,43.4353,22.2666,5.76007,-3169.41,0
36.9837,3538.47,47.0441,21.7791,2.6755,-3015.56,0
38.2656,3533.61,65.9358,25.5266,1.54079,-3041.61,0
39.5445,3520.94,80.6012,8.40834,2.89085,-3263.57,0
40.8303,3519.93,66.6582,16.2769,4.4419,-3185.67,0
42.108,3511.38,61.2178,7.67079,6.20196,-3291.96,0
43.3824,3526.46,58.4373,-10.9234,1.03487,-2847.65,0
44.6612,3520.57,65.6004,1.73249,1.61876,-2897.99,0
45.9304,3500.33,55.5906,0.830685,8.61113,-3258.69,0
47.2,3506.94,60.3255,-10.975,1.61488,-3030.86,0
48.4721,3501.18,65.3158,7.97753,1.80596,-3070.13,0
49.7542,3495.95,55.2337,-0.769903,4.50124,-3096.24,0
51.0298,3487.68,59.818,33.267,2.3759,-3180.88,0
52.2948,3488.91,54.8653,31.9889,1.32579,-3080.49,0
53.5728,3491.92,35.3605,38.826,2.85644,-2950.84,0
54.8474,3488.23,29.3482,55.3898,0.697177,-2949.5,0
56.1253,3466.63,29.4522,19.3246,5.1715,-3267.13,0
57.2762,3449.94,11.4481,15.3322,2.0273,-3492.95,0
