1.2721,3612.66,-5.22414,10.398,5.24721,-29353.5,0
2.54442,3625.62,-0.47765,14.388,2.2247,-9582.37,0
3.82707,3632.2,26.2435,5.28706,0.883287,-4650.93,0
5.10107,3606.86,37.0823,21.0057,4.41577,-8457.95,0
6.38547,3601.23,19.1004,37.8988,4.10434,-7637.63,0
7.65817,3623.83,19.2132,29.9626,0.132188,-3417.73,0
8.93251,3612.96,14.7492,53.3861,1.27752,-4146.95,0
10.2076,3600.06,-0.242539,62.0375,3.08472,-4892.06,0
11.4719,3587.08,-10.1468,51.3125,5.24355,-5484.8,0
12.7466,3579.77,-18.1563,27.6014,5.22707,-5509.74,0
14.026,3578.81,-22.1171,12.3346,4.1519,-5075.84,0
15.3047,3565.84,-13.3417,-0.487253,5.75669,-5498.9,0
16.5933,3562.48,-20.0752,7.44493,4.51855,-5274.58,0
17.8734,3570.24,-28.0585,-3.09689,1.45848,-4462.53,0
19.1652,3550.84,-23.1172,-8.82403,4.37391,-5173.78,0
20.4406,3535.92,-43.2577,-9.14548,6.52893,-5580.91,0
21.7176,3532.54,-43.7261,-4.42498,4.98716,-5408.53,0
22.9862,3495.62,-32.2018,-6.82948,5.16444,-6716.32,0
24.2632,3481.5,-11.7244,4.01749,8.45189,-6944.75,0
24.4341,3480.22,-3.94062,-0.155686,8.98208,-6948.62,0
