1.27917,3632.43,-81.2897,-30.516,1.43768,-13732.7,0
2.57068,3618.71,-83.5789,-13.4164,3.00338,-12171.9,0
3.84026,3621.52,-106.739,-38.6982,1.06364,-7415.75,0
5.11457,3606.18,-101.429,-54.7923,3.09322,-8567.8,0
6.39557,3600.56,-127.921,-26.0674,3.02267,-7730.74,0
7.66326,3589.45,-121.95,-25.3737,4.66103,-7900.84,0
8.94257,3592.29,-106.617,-10.5291,4.03716,-6453.07,0
10.2165,3577.04,-106.73,8.98664,5.23421,-7141.2,0
11.4937,3563.4,-98.883,15.9227,6.28922,-7534.79,0
12.7696,3560.73,-79.0503,27.7719,5.93885,-6990.94,0
14.0486,3581.5,-88.6088,10.7548,1.38267,-4876.08,0
15.3115,3578.37,-81.0962,-32.6069,1.9413,-4678.16,0
16.5856,3572.43,-96.4765,-26.2439,2.00193,-4676.98,0
17.8553,3549.88,-103.576,-28.7774,4.42805,-5607.09,0
19.134,3543.81,-101.417,-29.1843,4.72037,-5550.08,0
20.4101,3547.54,-111.255,-19.1368,3.09274,-5019.94,0
21.683,3555.14,-117.844,-14.4018,0.542479,-4374.72,0
22.9611,3544.29,-120.059,-29.4005,2.09094,-4603.78,0
24.2421,3532.14,-124.982,-5.93668,4.00232,-4861.99,0
25.523,3530.82,-107.167,-1.92273,4.08344,-4669.46,0
26.7978,3525.27,-133.343,4.6243,2.1863,-4654.65,0
28.073,3488.43,-158.241,20.7978,5.11573,-5755.29,0
29.3483,3475.58,-171.604,26.7143,3.79475,-5942.97,0
30.619,3474.77,-164.025,20.555,4.54292,-5723.06,0
31.8795,3471.31,-162.141,41.7633,4.06163,-5605.13,0
32.3733,3449.95,-156.423,49.1015,8.02584,-6179.59,0
