1.27402,3627.2,3.41851,-101.136,2.81008,-17896,0
2.5412,3615.35,8.85338,-93.8817,4.03057,-13636.4,0
3.81662,3612.36,-5.76829,-92.0752,3.5613,-9862.14,0
5.09627,3628.26,-12.8474,-53.5845,1.71482,-4265,0
6.37345,3601.19,-36.3959,-48.3954,5.24199,-7659.02,0
7.64602,3607.6,-34.1672,-34.3228,2.97376,-5545.72,0
8.92266,3587.36,-47.8996,-41.9748,5.13396,-7020.64,0
10.2096,3597.11,-34.6327,-45.3909,3.32304,-5180.88,0
11.4924,3589.19,-42.7795,-45.7251,2.87589,-5291.35,0
12.7718,3586.04,-47.0409,-44.1511,2.5436,-5008.12,0
14.0526,3596.83,-25.3899,-11.1708,1.62041,-3783.98,0
15.335,3588.01,-33.2958,-10.0956,3.00225,-4042.1,0
16.6027,3586.19,-37.5139,21.8764,2.89256,-3843.05,0
17.8863,3581.85,-69.0252,20.6328,2.16852,-3810.13,0
19.1622,3577.27,-82.7233,25.7321,2.07675,-3795.42,0
20.4382,3568.27,-88.9794,10.7491,3.41158,-3998.7,0
21.7106,3559.78,-94.9764,-7.68716,4.14711,-4155.43,0
22.9823,3554.58,-76.0917,-2.18815,5.84495,-4151.77,0
24.2458,3540.7,-53.7527,-0.467862,8.77798,-4507.95,0
25.5233,3554.63,-45.5345,-6.12001,2.91419,-3736.63,0
26.7881,3559.16,-43.3508,6.5934,1.77561,-3391,0
28.0579,3553.4,-21.8991,28.0036,3.70966,-3442.93,0
29.3263,3558.47,-33.209,12.5067,0.935949,-3120.97,0
30.5986,3537.14,-26.9578,3.28403,6.10674,-3688.25,0
31.8769,3541.25,-0.210249,3.57516,5.13408,-3411.55,0
33.1437,3538.8,6.91194,-14.3972,2.79795,-3354.98,0
34.4094,3532.03,6.40172,-9.35548,3.60216,-3428.54,0
35.6843,3524.06,-7.04658,-0.575025,7.07509,-3529.15,0
36.9562,3499.5,-6.40118,18.0344,5.99968,-4072.39,0
38.2289,3494.75,-4.80132,-9.00265,6.34277,-4061.17,0
38.4561,3493.84,-0.863413,-0.871482,1.46964,-4060.82,0
