1.27129,3624.27,-12.0884,11.1513,2.9568,-20241.6,0
2.54508,3622.92,-32.1972,1.09919,2.79867,-10639.1,0
3.82111,3629.02,-14.4886,-9.84159,1.66153,-5490.24,0
5.09828,3635.57,-12.6918,32.1802,0.304419,-2831.09,0
6.37738,3625.98,-7.49435,-0.953197,1.98043,-3766.37,0
7.65716,3632.12,-49.1166,-6.482,0.36327,-2334.67,0
8.93165,3612.29,-56.3746,-7.84586,3.23113,-4222.28,0
10.2025,3614.52,-54.8611,-5.99037,2.72967,-3477.7,0
11.4616,3609.94,-62.2338,6.98028,2.74354,-3494.73,0
12.7386,3596.7,-83.54,-22.1732,3.32003,-4184.14,0
14.0167,3603.41,-66.117,-20.1204,2.01434,-3323.78,0
15.2888,3596.36,-74.653,-41.1689,2.2331,-3508.39,0
16.5532,3588.7,-68.3602,-23.7052,3.93099,-3703.29,0
17.8231,3602.36,-50.7438,-10.2821,0.834357,-2673.05,0
19.1013,3582.11,-62.5556,5.61566,3.96147,-3554.04,0
20.3849,3592.85,-79.7713,-5.46632,0.241674,-2803.41,0
21.6576,3581.73,-85.3697,-3.26493,1.71018,-3152.24,0
22.9387,3562.33,-124.065,2.62633,2.50059,-3822.13,0
24.2284,3565.38,-112.163,-7.49454,2.43844,-3492.64,0
25.503,3562.1,-103.198,19.1113,3.22769,-3446.65,0
26.7722,3575.21,-93.3683,5.12354,1.44578,-2793.68,0
28.0447,3578.76,-93.8551,-13.7613,0.687607,-2540.36,0
29.318,3576.87,-97.9603,6.83381,0.701649,-2494.39,0
30.5888,3575.5,-90.7837,11.5324,1.30893,-2435.63,0
31.8733,3574.51,-78.4999,15.7981,1.50584,-2368.5,0
33.1478,3551.2,-81.296,21.9751,5.38197,-2980.72,0
34.427,3563.83,-77.7637,28.474,1.77984,-2502.94,0
35.7078,3542.27,-82.6605,39.1527,4.43028,-3017.08,0
36.9961,3532.27,-90.5257,51.5199,4.34168,-3182.14,0
38.2686,3538.83,-105.943,59.7413,0.677593,-2904.93,0
39.5412,3516.36,-112.399,14.2375,6.17126,-3379.86,0
40.806,3526.52,-112.959,25.8223,1.9254,-3025.95,0
42.0765,3528.28,-91.7361,31.6312,3.36345,-2892.9,0
43.3676,3529.37,-88.5086,21.6662,3.35535,-2781.55,0
44.6481,3516.01,-98.0863,27.1724,3.21224,-3000.98,0
45.9213,3513.94,-117.731,12.6196,0.328088,-2962.83,0
47.206,3479.22,-117.881,3.25041,6.37718,-3617.69,0
48.4783,3461.97,-138.129,8.07976,4.43119,-3878.67,0
49.211,3450,-162.989,38.2137,0.495617,-4064.2,0
