1.2745,3613.67,25.7757,-0.962835,5.06342,-28503.1,0
2.53945,3621.01,23.4219,4.91677,2.65861,-11416.2,0
3.81391,3607.37,23.576,21.9551,4.01274,-11178.7,0
5.09378,3612.02,8.29581,23.3951,2.70229,-7456.23,0
6.3771,3613.14,11.4026,31.3792,1.86118,-5780.72,0
7.65273,3599.66,14.0588,32.9133,3.73082,-6577.87,0
8.92733,3607.4,10.0025,53.1637,1.66144,-4771.52,0
10.2095,3588.23,40.0039,40.6057,4.64021,-6050.58,0
11.4807,3572.77,28.306,35.5861,6.18807,-6726.79,0
12.7611,3567.61,2.99167,53.6702,4.33737,-6456.02,0
14.0401,3553.38,-4.89444,43.6263,6.46706,-6881.38,0
15.317,3567.39,0.752225,45.8584,2.12892,-5393.2,0
16.5869,3555.53,-6.8221,55.957,3.52897,-5695.16,0
17.869,3566.15,13.8543,52.3484,1.01406,-4692.26,0
19.1507,3547.54,15.3217,56.7471,4.29819,-5350.28,0
20.4233,3532.92,30.3473,70.4154,4.88756,-5732.52,0
21.6943,3501.29,46.2767,67.9252,8.27245,-6854.77,0
22.9667,3484.21,40.5185,76.1155,7.54927,-7218.88,0
24.2415,3497.02,16.9291,75.7023,4.8365,-6310.7,0
25.5252,3490.59,23.6317,84.9821,0.910789,-6245.09,0
26.802,3463.99,25.4946,70.6181,8.87896,-6940.04,0
28.0705,3462.32,4.5162,83.3229,4.07772,-6686.06,0
28.3255,3449.96,8.47662,81.5905,6.99379,-7062.04,0
