1.36608,3630.11,-45.3834,-3.23287,1.35224,-14560.2,0
2.72915,3633.14,-66.8076,-42.1258,0.794043,-6179.54,0
4.08779,3626.13,-29.3362,-53.3473,1.42232,-5840.16,0
5.44472,3611.39,2.78689,-53.5479,2.43052,-7091.13,0
6.80522,3609.38,-47.2357,-46.113,2.34198,-5969.62,0
8.17024,3615.23,-70.1724,-19.7615,1.73264,-4255.48,0
9.53579,3576.79,-77.6116,-60.8578,3.74414,-7677.37,0
10.9104,3582.93,-69.1235,-71.209,3.09091,-6147.3,0
12.2943,3560.05,-77.8397,-97.3925,3.75579,-7316.44,0
13.6783,3547.8,-85.3807,-118.212,3.42095,-7471.52,0
15.0527,3573.66,-83.6286,-122.848,1.03471,-5071.2,0
16.4332,3587.06,-75.5627,-114.56,0.351031,-3830.21,0
17.8102,3613,-14.4681,-55.4491,0.134403,-2077.2,0
19.1804,3576.72,-13.0857,-65.4717,2.7411,-3820.42,0
20.5434,3569.23,-0.692309,-84.4683,2.69143,-3931.77,0
21.9129,3593.01,7.65632,-68.1386,0.972434,-2600.98,0
23.292,3597.44,-5.55085,-54.7669,0.759387,-2256.47,0
24.6667,3556.99,-27.2286,-47.9438,4.07097,-3770.68,0
26.0311,3563.31,-44.3468,4.98941,3.37599,-3330.17,0
27.4097,3546.66,-50.4189,-8.37485,4.6054,-3770.3,0
28.7759,3537.87,-25.6709,-29.4316,5.64958,-3896.82,0
30.1459,3531.16,-38.5946,-22.3017,5.44451,-3942.28,0
31.5014,3538.37,-37.7917,-33.2214,3.84123,-3543.51,0
32.8703,3529.32,-28.9268,-16.7093,4.62532,-3671.51,0
34.256,3544.75,-7.95408,-6.55228,2.48633,-3072.4,0
35.6229,3527.45,-5.4897,0.0160113,5.33695,-3440.24,0
37.0019,3498.1,-5.22308,7.01114,3.87766,-4105.23,0
37.2266,3495.09,0.878301,0.221585,4.44684,-4161.32,0
