1.35684,3620.05,5.85087,-25.2233,1.95584,-22071.5,0
2.7283,3632.24,-57.0934,-13.251,0.807493,-6511.11,0
4.09995,3609.22,-34.8318,-35.7364,2.47401,-9946.66,0
5.47253,3640.47,-63.7596,-11.922,0.174736,-1741.41,0
6.84499,3614.93,-60.3465,8.93885,1.8435,-5123.34,0
8.21242,3620.26,-55.4647,44.7952,1.29053,-3621.55,0
9.5811,3625.21,-50.9601,56.778,0.887091,-2586.89,0
10.9385,3619.05,-25.7437,77.8241,1.17765,-2829.58,0
12.2945,3626.11,-28.9302,115.768,0.144735,-1943.35,0
13.6624,3603.94,-26.1975,146.428,0.928315,-3371.32,0
15.03,3585.51,-47.861,199.101,1.05265,-4290.7,0
16.4014,3558.91,-70.2554,195.232,2.82782,-5554.05,0
17.7719,3527.11,-103.945,177.305,4.88954,-6915.03,0
19.1303,3525.64,-91.9157,165.624,4.86922,-6500.79,0
20.4923,3534.05,-53.557,154.318,4.80875,-5658.34,0
21.8686,3547.66,-59.3991,169.653,2.63102,-4679.96,0
23.223,3538.54,-57.5772,188.244,2.37801,-4799.73,0
24.5857,3562.14,-98.3872,173.922,0.427199,-3573.74,0
25.9547,3572.7,-55.7674,123.412,1.61043,-2978.33,0
27.3267,3579.75,-68.704,77.4752,1.86074,-2570.59,0
28.685,3522.48,-61.0627,69.6627,6.38973,-4445.68,0
30.0388,3529.84,-66.5499,71.0422,4.3546,-4000.09,0
31.3992,3541.58,-60.4973,40.4274,3.86543,-3453.06,0
32.7755,3543.37,-5.74313,46.0741,4.27879,-3253.48,0
34.1425,3564.34,30.7329,20.1429,1.82523,-2508.76,0
35.5061,3562.59,-10.9643,10.0891,2.30284,-2461.72,0
36.8823,3568.07,-5.99254,-13.8733,1.51334,-2221.47,0
38.2613,3554.99,-45.2592,-35.6692,1.90175,-2483.1,0
39.6364,3562.93,-24.8643,-44.7381,1.26033,-2196.59,0
40.998,3532.78,-29.7425,-55.0755,3.7478,-2859.13,0
42.3723,3565.32,-22.3898,-38.9703,0.69368,-1998.39,0
43.7382,3559.88,-24.2014,-22.3098,1.54555,-2060.46,0
45.1018,3552.61,-11.5628,-3.96231,2.7991,-2159.31,0
46.4736,3560.49,43.1732,-19.1751,0.850554,-1926.12,0
47.8305,3550.41,60.9057,-15.8121,1.29696,-2082.04,0
49.1995,3541.09,45.6496,-19.3978,2.83307,-2213.64,0
50.5623,3512.24,52.727,-45.8535,4.424,-2724.57,0
51.9218,3504.35,89.6234,-90.5508,0.901455,-2805.21,0
53.2866,3474.76,73.0902,-82.682,4.90593,-3288.57,0
54.6613,3484.44,62.2101,-76.1904,4.33414,-3028.83,0
56.0249,3490.73,55.6371,-72.4296,3.73366,-2842.87,0
57.3939,3519.38,24.4996,-93.8517,0.659474,-2275.83,0
58.7572,3499.37,2.10269,-126.992,0.588077,-2563.61,0
60.1235,3487.02,14.1305,-85.8989,4.51692,-2710.83,0
61.4986,3516.04,-8.55414,-93.6923,0.938388,-2178.23,0
62.8795,3486.38,-34.0127,-91.5766,3.54217,-2602.07,0
64.2499,3481.76,-85.0324,-61.2741,3.02792,-2618.47,0
65.6253,3474.57,-28.7203,-71.0249,5.55917,-2673.16,0
66.5502,3449.97,-31.4348,-74.6191,6.9271,-3005.7,0
