1.36549,3622.47,-37.9952,37.3329,1.83462,-20159.5,0
2.72438,3598.42,-73.3111,42.1276,3.02499,-18931.7,0
4.08714,3595.41,-82.7284,62.0694,2.63207,-13356.3,0
5.46021,3604.54,-94.9797,122.964,1.06963,-8325.02,0
6.82491,3617.68,-119.32,104.723,0.329667,-4735.81,0
8.1897,3615.79,-89.11,81.5977,1.10131,-4176.92,0
9.54766,3613.48,-45.8536,113.258,1.2035,-3824.56,0
10.9156,3579.01,-41.8067,84.1115,3.88607,-6503.22,0
12.289,3566.14,-34.154,113.624,3.8117,-6824.18,0
13.6429,3590.3,-16.1223,113.314,1.88203,-4376.2,0
15.0161,3573.2,15.2907,119.342,2.68762,-5114.3,0
16.3952,3603.83,20.6666,132.493,0.236862,-2816.11,0
17.7586,3605.38,-7.36117,98.5764,0.831678,-2512.87,0
19.128,3585.37,-19.7296,71.0644,2.64699,-3378.61,0
20.503,3584.76,-26.4413,60.1676,2.74548,-3181.93,0
21.8807,3618.85,-58.0242,52.0286,0.0221771,-1423.76,0
23.2516,3614.81,-35.8732,11.7539,0.779065,-1513.25,0
24.6205,3588.13,-50.7084,49.5341,2.29477,-2512.92,0
25.9795,3582.29,-31.3655,50.4822,2.88778,-2606.27,0
27.3513,3591.44,6.22796,78.6417,1.69888,-2141.12,0
28.719,3581.05,-9.70381,80.4824,2.36584,-2401.02,0
30.0815,3596.24,-8.76316,74.5306,1.22934,-1787.24,0
31.4401,3579.03,-50.9601,86.1971,1.87177,-2257.39,0
32.8048,3546.78,-81.6136,70.7426,3.95899,-3146.59,0
34.1609,3547.67,-57.1551,76.7489,4.04215,-2995.47,0
35.5238,3526.49,-49.2722,53.1516,6.25161,-3476.88,0
36.8901,3526.62,-56.2375,20.8441,5.73881,-3344.49,0
38.2596,3508.47,-46.7783,-0.792445,7.91957,-3699.31,0
39.6176,3502.01,-51.559,3.44025,6.26676,-3735.38,0
40.9748,3494.76,-93.0348,41.8978,2.55679,-3788.59,0
42.3195,3491.16,-125.403,46.1687,0.465095,-3753.32,0
43.6816,3474.5,-117.105,73.9002,1.575,-4017.74,0
45.0389,3457.48,-122.876,66.5779,3.15268,-4274.44,0
46.4003,3488.51,-125.583,64.4042,0.236956,-3480.27,0
47.7766,3477.53,-124.162,79.776,0.589899,-3609.92,0
49.1335,3455.99,-128.833,68.8577,2.7117,-3948.69,0
49.2515,3449.91,-127.884,65.3888,3.48014,-4062.69,0
