1.37211,3642.43,-51.417,33.6891,0.786024,-5516.76,0
2.73246,3640.49,-67.3544,2.38238,0.833181,-3481.6,0
4.1032,3605.89,-78.0433,-44.0034,2.68541,-10750.4,0
5.46146,3621.94,-144.421,-38.1451,0.725079,-5137.97,0
6.82625,3645.45,-61.0911,-37.8646,0.378446,-666.869,0
8.19815,3634.16,-136.149,10.1529,0.162003,-1932.61,0
9.57227,3567.71,-130.977,-8.63397,4.60357,-8596.48,0
10.9451,3573.21,-89.5203,21.9007,4.75798,-7015.68,0
12.3086,3578.69,-64.9559,59.0759,3.52747,-5793.86,0
13.6685,3582.83,-34.1885,116.802,2.17686,-4914.3,0
15.0491,3555.98,-61.2075,103.893,4.10995,-6247.66,0
16.4207,3571.88,-82.8378,96.9141,2.42716,-4757.11,0
17.7847,3542.96,-116.617,73.1267,4.19481,-6018.47,0
19.1692,3512.27,-97.8507,75.9969,5.96568,-7185,0
20.5336,3518.12,-118.733,96.8057,3.41536,-6422.57,0
21.9106,3525.98,-89.7833,112.138,3.24775,-5660.27,0
23.2751,3500.11,-93.9142,93.631,5.18544,-6439.79,0
24.6541,3490.43,-98.4294,66.317,5.95748,-6472.47,0
26.0251,3489.7,-85.2479,71.6358,5.36756,-6159.41,0
27.3826,3531.19,-41.9056,73.8796,2.37036,-4338.75,0
28.7508,3540.76,-17.2782,80.3051,1.5337,-3799.46,0
30.123,3559.25,-15.5623,66.9653,0.210151,-3012.71,0
31.4817,3520.59,-54.6303,58.8284,3.45147,-4110.64,0
32.8377,3516.03,-33.02,67.613,3.59924,-4079.65,0
34.2052,3539.01,-8.0137,90.4021,0.37051,-3244.97,0
35.5721,3528.39,-58.8988,86.1213,0.647254,-3418.83,0
36.9351,3523.86,-51.1719,80.7901,1.26903,-3415.28,0
38.2988,3538.88,-17.0741,66.0087,1.13387,-2901.38,0
39.6646,3511.36,-79.7912,40.6535,2.61919,-3495.3,0
41.0177,3507.49,-118.999,24.3777,0.992391,-3474.34,0
42.3822,3506.93,-113.277,18.2644,1.65279,-3375.63,0
43.7567,3510.81,-87.2934,46.2406,2.36659,-3180.95,0
45.1181,3529.25,-77.849,60.0824,0.635076,-2676.33,0
46.495,3515.99,-62.2974,87.7702,1.32132,-2882.31,0
47.8634,3496.3,-86.4314,109.699,1.19052,-3211.23,0
49.2339,3464.13,-69.0852,159.748,1.508,-3775.19,0
49.4338,3449.77,-71.4942,160.624,2.69077,-4050.57,0
