1.3705,3637.9,-14.1772,10.3601,0.741981,-8829.59,0
2.7427,3626.35,-29.8484,55.4594,1.14507,-8623.14,0
4.09258,3639.73,-10.9031,34.4445,0.468488,-2508.34,0
5.46223,3633.75,-1.36316,33.8011,0.856519,-2974.87,0
6.82531,3617.19,-1.57442,42.1864,1.92291,-4807.17,0
8.20282,3599.71,10.8568,77.238,2.50233,-6130.66,0
9.57831,3579.82,26.8805,93.0566,3.345,-7327.39,0
10.9372,3562.45,3.42829,117.516,3.866,-8004.47,0
12.2975,3537.7,-25.9503,128.482,5.24828,-9132.18,0
13.6602,3557.62,-31.3539,124.878,3.02559,-6762.91,0
15.024,3559.37,-50.1691,102.132,3.21979,-6032.01,0
16.38,3567.27,-45.8004,157.475,1.05037,-5050.38,0
17.747,3528.39,-107.216,194.327,2.10125,-6852.47,0
19.1212,3510.19,-99.1416,163.823,5.08921,-7311.82,0
20.505,3500.79,-113.726,183.157,4.63185,-7276.52,0
21.8666,3505.35,-105.071,211.024,2.10593,-6614.88,0
23.2369,3491.88,-101.517,201.685,3.6738,-6804.89,0
24.6019,3515.02,-103.467,176.105,2.52714,-5486.53,0
25.9644,3494.65,-81.5446,204.887,2.93886,-5983.36,0
27.3268,3511.27,-43.4055,190.08,2.89093,-5076.69,0
28.705,3503.01,-37.3947,161.394,4.86398,-5120.75,0
30.0629,3497.03,-9.54254,162.17,4.82719,-5088.47,0
31.4167,3460.25,-21.0156,183.881,6.05458,-6039.92,0
32.4673,3449.86,-21.3645,173.746,6.50143,-6164.5,0
