1.36593,3612.78,-41.038,76.1932,2.17729,-27249.8,0
2.73076,3600.79,-41.7198,68.8314,2.89147,-18021.2,0
4.10167,3627.03,-35.2004,71.205,1.09801,-5599.72,0
5.47232,3616.62,-45.4461,70.4744,1.68541,-6099.79,0
6.86078,3579.97,-68.4331,66.6544,3.75359,-10207.9,0
8.23288,3559.18,-90.5556,86.426,4.17964,-11031.1,0
9.60852,3554.95,-86.3965,65.6862,4.6734,-9892.74,0
10.9759,3541.41,-97.5512,82.3538,4.69443,-9893.88,0
12.3496,3570.93,-135.305,82.0133,0.996881,-6402.58,0
13.7265,3550.04,-120.878,84.8567,2.74219,-7281.98,0
15.1072,3526.44,-118.196,87.7818,4.44042,-8178.91,0
16.4689,3551.58,-126.491,36.092,2.75461,-5976.05,0
17.8241,3553.68,-174.137,44.4098,0.963706,-5404.03,0
19.1862,3546.4,-202.551,6.31443,0.47756,-5399.96,0
20.5499,3519.53,-214.978,20.3366,1.89929,-6348.69,0
21.9291,3513.89,-242.2,17.194,0.732289,-6206.9,0
23.2957,3491.61,-267.774,26.6813,0.954647,-6798.99,0
24.6583,3492.96,-252.125,-14.283,1.62726,-6368.61,0
26.0326,3500.96,-243.89,-24.3928,1.44793,-5725.07,0
27.3917,3487.4,-252.423,-30.2048,2.05863,-5936.26,0
28.7578,3490.75,-249.883,-22.5445,1.84975,-5537.72,0
30.1274,3467.9,-247.652,28.8422,3.92135,-6044.19,0
31.4956,3456.2,-279.112,13.7193,2.24176,-6153.13,0
31.8042,3449.98,-288.139,21.7732,1.86601,-6289.18,0
