1.37045,3634.06,-20.8942,-37.4644,0.922839,-11632.9,0
2.74314,3621.97,4.29213,-41.9798,1.73038,-10218.3,0
4.12,3603.47,35.6402,-57.7138,2.59679,-11294,0
5.48248,3632.44,15.9149,-31.2835,0.892003,-3203.08,0
6.84846,3594.5,69.6394,-79.7246,2.42866,-8104.12,0
8.22372,3609.83,38.2508,-87.3273,1.40544,-4884.52,0
9.57747,3601.41,61.3824,-38.8393,2.35962,-5073.68,0
10.946,3561.97,48.2893,-19.8147,5.87256,-8042.47,0
12.3235,3559.53,49.2637,-64.3062,4.31465,-7341.5,0
13.6997,3554.3,48.7125,-62.8683,4.20417,-6985.42,0
15.0593,3570.25,67.6253,-63.3193,2.13119,-5295.48,0
16.4323,3566.82,42.3849,-40.5451,3.19409,-5062.07,0
17.7923,3580.54,66.0666,-5.12703,1.65958,-3904,0
19.1693,3580.97,70.0891,-24.2297,1.3395,-3600.87,0
20.5294,3550.2,40.9616,-37.2624,4.53454,-4861.33,0
21.8882,3538.33,17.3,-45.4049,5.48184,-5102.04,0
23.2701,3540.28,24.0571,-19.7913,5.01818,-4714.98,0
24.6376,3546.92,-20.3482,6.07291,3.67249,-4183.81,0
26.0047,3520.88,-12.281,12.6831,7.19597,-4965.34,0
27.3772,3516.74,-15.7893,3.46814,6.21302,-4867.65,0
28.7504,3512.9,-10.4138,0.579023,6.27908,-4768.6,0
30.1185,3522.24,13.9163,11.6977,2.28779,-4241.95,0
31.4864,3512.23,-25.978,15.661,3.04904,-4375.6,0
32.8507,3520.69,-6.60338,8.01286,2.50624,-3936.36,0
34.2085,3483.5,-40.2553,9.33619,4.94313,-4867.23,0
35.5798,3481.01,-23.335,16.4713,6.52763,-4749.67,0
36.9465,3479.83,-38.6452,-7.12851,3.71409,-4605.72,0
37.8514,3466.41,-4.9046,-4.35237,11.8499,-4850.41,0
