1.36778,3638.83,4.29625,17.1895,0.818736,-8169.19,0
2.73071,3634.37,-30.537,29.7015,0.975272,-5723.63,0
4.0949,3646.98,-30.7007,34.1497,0.135153,-737.249,0
5.4653,3600.83,-67.571,18.3453,2.91565,-8995.96,0
6.83893,3637.54,-27.4467,11.2829,0.713012,-1822.44,0
8.21752,3614.27,-86.3536,38.7478,1.48291,-4347.64,0
9.588,3593.92,-83.7048,60.0569,2.56404,-5848.73,0
10.9588,3619.26,-100.096,28.5295,0.875676,-2805.27,0
12.3129,3609.03,-138.888,27.9402,0.89162,-3327.44,0
13.6924,3554.77,-130.538,-1.70682,4.92735,-6954.71,0
15.0671,3564.13,-142.364,22.7261,3.12454,-5699.03,0
16.4386,3526.15,-170.115,34.4122,5.03942,-7534.02,0
17.8052,3509.25,-167.23,41.7788,6.00986,-7904.87,0
19.1629,3484.38,-193.841,28.415,5.18242,-8642.84,0
20.5225,3472.35,-174.341,19.7275,6.07156,-8656.58,0
20.8907,3450,-172.675,29.8043,7.63299,-9573.63,0
