1.36982,3592.62,-22.2687,-4.46123,4.0547,-41886.5,0
2.73688,3585.07,-21.899,-17.6684,4.14791,-23724,0
4.10631,3541.15,-42.4559,17.6454,6.85166,-26508.2,0
5.46775,3555.14,-52.472,61.3773,3.23436,-17348.3,0
6.83398,3561,-43.0459,46.0916,3.03238,-13023.3,0
8.18479,3561.76,-29.8039,45.7392,3.07624,-10780.7,0
9.55464,3567.35,-33.0651,8.19139,2.95202,-8650.51,0
10.9095,3535.58,-40.4056,6.13756,5.84957,-10488.5,0
12.2715,3534.87,-38.5025,25.7834,4.54466,-9382.18,0
13.6369,3523.29,-47.7899,21.9925,4.69138,-9292.04,0
15.0028,3522.05,-52.0255,17.3377,4.13534,-8528.15,0
16.3753,3511.02,-45.8645,39.0736,4.48197,-8487.3,0
17.7345,3524.09,-66.8005,7.80718,2.27049,-7099.96,0
19.0943,3493.06,-45.7156,3.71454,7.51044,-8219.11,0
20.4543,3514.25,-86.1125,-3.64621,0.590289,-6636.91,0
21.8179,3508.36,-83.749,-16.3052,1.20545,-6492.03,0
23.1721,3495.94,-68.2596,3.05323,3.5563,-6648.66,0
24.5367,3478.37,-109.564,16.6106,1.53932,-6995.02,0
25.9002,3489.46,-101.141,35.1316,0.791423,-6198.32,0
27.2853,3452.21,-110.481,20.3566,3.74571,-7248.96,0
27.359,3449.93,-107.621,12.5971,4.32832,-7312.88,0
