1.36477,3639.32,-29.8696,55.1363,0.970172,-7828.38,0
2.72707,3622.37,-57.3736,71.3648,1.64543,-10132.7,0
4.0976,3624.74,-56.8781,42.8208,1.7101,-6164.01,0
5.45833,3610.92,-24.9707,28.65,2.78791,-7160.06,0
6.80356,3573.99,-55.0666,62.8218,4.57587,-11171.9,0
8.17589,3573.07,-54.6158,61.4224,4.32392,-9409.4,0
9.53319,3589.19,-30.43,71.2617,2.69726,-6378.75,0
10.892,3580.75,-3.43965,111.996,2.452,-6358.12,0
12.2573,3567.41,23.4068,97.2135,3.58833,-6738.33,0
13.6336,3543.04,56.0642,81.6784,4.94406,-7845.23,0
15.0033,3564.64,87.739,78.6305,1.99817,-5689.42,0
16.3759,3558.38,97.6979,105.972,1.61473,-5595.02,0
17.7343,3540.3,109.421,77.3449,3.19233,-6186.02,0
19.0964,3560.88,94.4184,59.6379,2.18011,-4666.6,0
20.4757,3542.05,94.1093,89.9788,3.02349,-5272.32,0
21.8467,3549.99,65.7998,81.5579,2.99544,-4577.85,0
23.2277,3531.64,54.6249,100.221,3.74557,-5095.57,0
24.5963,3494.63,75.3132,76.2444,6.45586,-6316.69,0
25.9584,3471.35,75.5449,71.1798,7.64155,-6882.18,0
27.3112,3494.73,106.681,75.4111,2.28005,-5685.09,0
28.6743,3502.33,88.0815,83.1461,2.091,-5150.02,0
30.0478,3510.52,59.9728,124.639,0.227661,-4641.8,0
31.1821,3449.92,56.34,171.674,2.47535,-6416.5,0
