1.37655,3630.08,-132.473,11.078,0.367592,-14471.1,0
2.73385,3566.08,-155.424,-16.8367,3.58978,-30695.1,0
4.10418,3507.75,-158.63,-2.94404,7.68582,-34659.2,0
5.45757,3508.84,-148.639,7.90385,6.18561,-25864.1,0
6.81927,3496.57,-131.041,-13.3287,6.54123,-22498.8,0
8.17981,3474.99,-145.403,3.48536,6.20308,-21395.5,0
9.5651,3482.57,-118.735,11.916,6.44682,-17504,0
10.9258,3466.35,-132.391,9.90971,5.6096,-16808.6,0
12.3016,3469.85,-160.042,26.0458,1.93772,-14644.1,0
13.6199,3449.95,-183.302,27.2854,1.15746,-14688.1,0
