1.37155,3645.94,-35.1682,50.8241,0.266203,-2958.9,0
2.7261,3615.65,-47.0671,66.8413,1.92253,-12601.8,0
4.10991,3597.6,-70.9197,63.9515,2.7906,-12750.5,0
5.48948,3602.83,-83.3792,88.2816,1.76105,-8592.39,0
6.83834,3624.67,-65.7038,3.5078,1.21769,-3703.92,0
8.20448,3626.12,-51.2927,-13.388,1.24602,-2910.81,0
9.55944,3607.14,-69.878,-1.63973,2.25132,-4483.89,0
10.9195,3630.41,-55.0461,21.7516,0.75727,-1794.48,0
12.3038,3628.09,-27.4533,38.141,1.01541,-1780.61,0
13.6731,3633.32,-26.0113,58.2744,0.462243,-1219.61,0
15.054,3624.77,-35.173,81.9706,0.69054,-1675.77,0
16.4132,3626.58,17.0967,50.0575,1.00669,-1426.65,0
17.7805,3606.47,64.2189,2.4371,2.2238,-2448.46,0
19.1574,3582.75,49.0172,13.3591,4.08038,-3510.64,0
20.5228,3568.78,39.9764,8.78736,4.83416,-3957.46,0
21.8877,3614.77,11.5496,-11.0215,0.813796,-1609.76,0
23.26,3592.41,22.6583,-15.7258,2.54499,-2476.12,0
24.6184,3563.97,22.4373,-13.0998,5.06788,-3494.44,0
25.9853,3594.39,9.43825,-55.3687,1.41452,-2139.91,0
27.3509,3553.97,-26.1674,-64.3392,4.51431,-3511.21,0
28.7258,3546.49,-55.3006,-46.9089,4.61951,-3603.38,0
30.0856,3530.7,-38.1026,-85.7733,4.44149,-3965.24,0
31.4584,3510.43,-7.02288,-77.8153,6.44335,-4436.67,0
32.82,3509.41,13.0972,-88.751,4.48171,-4283.56,0
34.1697,3511.58,60.5633,-110.095,2.39375,-4051.07,0
35.535,3520.55,66.4046,-78.3821,2.71789,-3643.03,0
36.9025,3534.56,58.4887,-71.381,1.8654,-3128.17,0
38.2687,3545.05,66.4857,-33.1118,1.66686,-2742.54,0
39.6384,3518.28,87.6224,-30.2464,3.31371,-3323.09,0
41.0063,3508.32,89.0273,-32.7096,3.45722,-3455.04,0
42.3758,3519.39,113.107,-47.4044,0.265852,-3082.11,0
43.738,3497.56,83.6719,-90.3324,2.25375,-3485.37,0
45.1153,3493.23,24.8888,-125.686,2.34103,-3474.85,0
46.4981,3479.58,32.99,-102.321,5.01786,-3665.05,0
47.8632,3502.64,4.20342,-74.5244,4.94703,-3078.8,0
49.2192,3502.31,9.35129,-62.9766,4.83935,-3000.7,0
50.5866,3481.05,-1.36521,-40.8069,9.74928,-3339.75,0
51.9566,3472.68,-33.4639,-26.7639,7.35047,-3412.94,0
53.3118,3464.08,-14.3754,-24.6047,10.4135,-3487.35,0
54.2759,3449.99,13.9033,-24.529,0.918315,-3685.1,0
