1.3752,3621.07,5.22679,-9.01752,1.89744,-21038.8,0
2.73323,3582,-0.737317,5.09529,4.97231,-24877.4,0
4.1036,3575.19,57.3965,17.9572,4.10343,-18231,0
5.49073,3577.88,78.3856,24.8708,3.05256,-13134.3,0
6.86572,3571.6,100.678,36.6387,2.60918,-11419.4,0
8.23892,3569.34,76.4551,26.3302,3.39168,-9789.59,0
9.61638,3556.74,96.9525,44.2503,3.30015,-9697.72,0
10.9873,3540.1,68.1387,64.9533,4.72192,-10002.7,0
12.3508,3516.01,90.4687,111.377,3.53144,-10849,0
13.732,3501.19,98.8453,112.145,3.89727,-10837.1,0
15.0926,3465.46,137.284,94.0167,5.14729,-12227,0
16.4555,3482.19,120.384,88.5893,4.08749,-10197.9,0
17.8285,3482.31,130.264,86.4519,3.34685,-9405.51,0
19.1884,3487.98,122.886,76.7988,3.43893,-8443.87,0
20.5475,3517.9,81.5538,91.358,1.96487,-6429.04,0
21.9214,3521.11,56.6516,86.2947,2.5901,-5879.58,0
23.2884,3513.91,117.493,93.5634,0.415907,-5843.59,0
24.6466,3493.38,118.001,92.2275,2.15704,-6354.59,0
25.9999,3477.49,131.425,45.0653,3.78314,-6634.83,0
27.3567,3473.91,139.913,117.013,0.402751,-6436.78,0
28.3415,3449.89,132.331,97.0392,4.22669,-7060.66,0
