1.37789,3629.53,-36.6252,58.6879,0.881315,-14855.4,0
2.75389,3587.8,23.3416,75.3189,3.38782,-22587.3,0
4.11352,3568.29,-11.1515,102.658,3.64052,-19864.4,0
5.4724,3587.55,15.1526,135.08,1.20259,-11412.5,0
6.84275,3543.82,31.9594,172.262,2.84723,-15517.1,0
8.20585,3527.28,-6.55301,178.497,3.84779,-14955.1,0
9.56695,3537.11,-12.6618,171.16,2.93106,-11800.3,0
10.9408,3498.43,-4.8471,158.949,6.31697,-13854.1,0
12.3022,3479.7,2.29966,162.948,6.34348,-13843.4,0
13.6546,3469.49,-4.12548,156.242,6.66449,-13220,0
14.0604,3449.9,-9.04237,161.504,7.38125,-14231.7,0
