1.36829,3591.65,-3.60943,17.2284,4.18092,-42646.1,0
2.73218,3603.38,-11.0875,34.5824,2.65618,-17065.1,0
4.10802,3578.22,44.5353,13.2344,4.49158,-17473.3,0
5.46663,3570.84,66.851,-41.7527,3.86874,-14480.2,0
6.82947,3581.63,58.9053,-9.94483,3.15898,-10011.1,0
8.20346,3602.45,60.9393,2.03943,1.35482,-5796.29,0
9.57642,3576.4,60.3123,1.54691,3.24508,-7685.6,0
10.9467,3593.33,67.6449,7.73357,1.52498,-5176.83,0
12.2919,3578.15,73.642,46.0455,2.17124,-5845.32,0
13.652,3599.29,16.961,64.6623,0.965562,-3714.13,0
15.0152,3594.36,-5.49661,35.8843,1.76486,-3705.53,0
16.3983,3597.97,-12.2184,-1.22225,1.64018,-3172.97,0
17.7638,3572.71,17.6805,5.09065,3.79102,-4350.83,0
19.1312,3586.44,23.3808,-30.883,1.99054,-3322.22,0
20.5042,3582.19,11.3947,-73.8558,1.56096,-3307.05,0
21.881,3576.14,19.9704,-76.4342,1.79848,-3375.34,0
23.2261,3568.48,1.90291,-104.155,1.56011,-3509.69,0
24.5915,3572.54,12.9018,-70.8357,2.10145,-3149.78,0
25.9598,3564.29,9.09926,-104.261,1.85114,-3301.6,0
27.3386,3544.35,34.0903,-73.2581,4.13927,-3864.5,0
28.7037,3531.96,14.8505,-65.2683,5.70602,-4112.24,0
30.0788,3542.08,-23.9105,-65.3186,3.76745,-3587.82,0
31.4344,3536.58,-82.8814,-87.6568,2.08251,-3608.21,0
32.802,3547.74,-76.1198,-72.422,1.73125,-3117.51,0
34.1766,3543.22,-80.283,-56.7717,2.32969,-3124.28,0
35.5424,3523.16,-77.7335,-91.805,3.01745,-3568.63,0
36.9138,3532.97,-95.413,-113.367,0.642458,-3170.39,0
38.2839,3510.82,-91.9527,-139.38,1.38365,-3635.53,0
39.6546,3490.49,-83.629,-166.113,2.16048,-4022.46,0
41.0261,3505.17,-32.1062,-158.822,2.2947,-3530.29,0
42.389,3512.53,-29.2862,-118.723,3.69143,-3243.07,0
43.76,3529,-40.2098,-98.6205,2.86123,-2765,0
45.126,3538.58,-58.7737,-93.2244,1.4835,-2469.18,0
46.5143,3532,-76.4856,-96.4399,1.48484,-2536.93,0
47.8667,3511.06,-54.6041,-100.98,3.63734,-2902.56,0
49.2189,3522.44,-71.3862,-99.0047,2.05833,-2591.62,0
50.5858,3509.27,-117.092,-78.3475,1.93201,-2781.97,0
51.9547,3491.05,-112.166,-78.6187,3.46747,-3059.37,0
53.3049,3498.19,-116.023,-88.2515,1.96632,-2847.97,0
54.68,3509.72,-98.121,-102.238,1.33152,-2565.51,0
56.051,3522.14,-57.9493,-117.05,0.970335,-2281.05,0
57.4213,3475.88,-53.5544,-107.965,5.55649,-3032.4,0
58.4652,3450.2,-33.811,-129.551,6.29975,-3417.33,0
