1.2755,3637.28,45.796,37.6555,5.04674,-9973.96,0
2.55026,3627.78,20.5326,26.1189,8.9702,-8714.34,0
3.82371,3626.58,11.0385,32.5844,6.30607,-6123.87,0
5.10285,3623.29,-13.7251,17.7844,6.14736,-5235.21,0
6.37296,3614.13,-4.37175,16.0048,8.6524,-5628.78,0
7.65538,3607.48,-8.4968,27.1825,7.19946,-5554.08,0
8.92536,3601.99,-15.5853,25.4035,8.14423,-5379.45,0
10.1979,3606.16,-9.07593,24.4672,4.3542,-4299.04,0
11.4645,3596.06,-5.03136,17.8327,6.59182,-4704.77,0
12.7398,3594.38,-7.44757,8.14446,6.80263,-4365.7,0
14.0119,3578.28,13.3874,-2.71002,4.51762,-5118.69,0
15.29,3559.87,35.8647,-0.610621,2.37748,-5894.7,0
16.571,3540.01,42.0585,5.78304,3.99632,-6637.5,0
17.8476,3532.26,47.0463,1.96629,6.91007,-6596.78,0
19.1201,3517.92,70.1572,-3.72856,7.41669,-6907.67,0
20.3941,3502.68,81.6613,-7.6461,8.15883,-7223.68,0
21.6685,3493.89,90.1553,11.9852,7.04991,-7204.23,0
22.9559,3485.19,81.1537,7.07049,3.46174,-7179.39,0
24.2359,3470.34,63.287,14.1257,1.58355,-7413.13,0
25.3837,3449.95,57.3703,15.1039,1.1101,-7880.93,0
