1.27758,3642.12,71.4595,27.5835,0.802574,-6164.6,0
2.55811,3635.87,100.217,29.0279,0.361314,-5524.65,0
3.82708,3631.34,86.4763,26.6378,2.72335,-4876.08,0
5.09524,3632.52,65.7711,57.4301,2.26388,-3429.97,0
6.37649,3635.66,37.7428,30.9256,3.51288,-2248.28,0
7.65774,3636.09,23.3613,26.9661,3.47008,-1816.56,0
8.94371,3631.33,61.8734,10.1774,3.70883,-2087.45,0
10.2247,3625.58,71.1423,-27.3015,4.26571,-2388.45,0
11.5072,3590.14,73.7991,-31.1886,6.58843,-5201.94,0
12.7803,3595.88,77.4441,-20.785,0.964381,-4234.55,0
14.0535,3594.03,81.7134,1.20594,1.48259,-3982.61,0
15.327,3560.73,94.7017,-16.7045,1.7034,-5824.62,0
16.5999,3548.99,102.127,-38.0593,2.54189,-6085.26,0
17.8724,3545.11,108.225,-41.3899,0.132718,-5868.56,0
19.1487,3515.8,97.6053,-12.7518,10.5553,-7008.45,0
20.4252,3513.8,104.923,-22.197,6.48296,-6668.29,0
21.698,3486.24,114.657,-32.9656,3.9122,-7547.13,0
22.9687,3485.98,107.693,-33.3038,6.27745,-7141.08,0
24.2537,3487.78,97.8742,-50.0797,4.06296,-6688.53,0
25.5259,3465.09,106.657,-61.1063,8.32878,-7244.18,0
26.0458,3449.87,103.589,-60.5877,6.24234,-7683.66,0
