1.27497,3638.02,-29.2191,12.5509,3.87447,-9396.3,0
2.5518,3638.83,-28.1431,1.04329,1.20605,-4377.95,0
3.81724,3623.65,-30.4122,-11.5096,6.20186,-6903.08,0
5.09734,3625.39,-21.4764,-1.99079,4.22942,-4827.7,0
6.36734,3607.1,-14.1645,-7.58489,8.81367,-6737.71,0
7.63699,3613.34,-7.56061,4.98047,4.0097,-4799.72,0
8.90682,3605.1,-3.82665,-11.3373,6.73606,-5040.63,0
10.1894,3607.51,12.3491,-20.0272,2.4098,-4170.48,0
11.4607,3605,-9.84995,-18.3063,2.97729,-3926.21,0
12.7435,3594.09,-0.465446,-8.27277,6.24718,-4387.38,0
14.0163,3587.46,-1.37807,3.91285,5.78918,-4462.18,0
15.2875,3588.41,-7.45238,14.4556,2.8328,-4028.86,0
16.5737,3578.33,11.6368,11.349,7.41183,-4324.4,0
17.8475,3543.81,27.1517,-6.71265,9.1302,-5949.98,0
19.1212,3527.09,6.36951,-4.12871,9.76363,-6427.82,0
19.762,3498.85,-0.193536,0.0832481,1.7018,-7648.46,2
