1.26595,3634.78,-20.9682,-19.4059,6.17764,-12025,0
2.54695,3631.15,-25.0848,-30.4281,5.18076,-7400.87,0
3.82948,3618.76,-20.3664,-28.9538,6.42972,-8157.57,0
5.10481,3621.54,-24.1952,-35.5007,3.0436,-5576.06,0
6.38071,3609.48,-17.8001,-40.0431,7.64782,-6349.97,0
7.64994,3596.58,-10.6045,-38.7539,9.01004,-6983.11,0
8.93013,3597.3,-3.64402,-25.4275,3.64012,-5901.41,0
10.2067,3584.95,-9.61539,-28.669,9.57689,-6373.27,0
11.4828,3588.78,12.2836,-59.6998,1.10729,-5331.82,0
12.755,3579.5,15.4116,-71.1664,3.28627,-5527.26,0
14.0266,3580.45,21.1061,-48.1538,4.07075,-4958.14,0
15.2961,3552.03,35.3124,-45.9825,7.84501,-6405.07,0
16.5786,3542.54,48.2256,-22.9765,1.46391,-6482.06,0
17.8429,3520.35,37.4379,-21.697,10.8124,-7266.45,0
19.1185,3504.93,35.6094,-24.86,1.7405,-7587.73,0
20.3886,3495.36,32.1562,-32.278,8.94432,-7584.75,0
21.6614,3465.01,19.2985,-26.5408,4.51696,-8540,0
22.3686,3467.04,0.901079,-6.47689,3.3319,-8179.18,1
