1.28279,3639.06,-55.9545,-101.875,1.98124,-8530.53,0
2.56144,3625.89,-63.0153,-72.532,7.0992,-9412.77,0
3.82938,3621.25,-54.9007,-74.6842,8.22794,-7507.94,0
5.11093,3627.83,-43.259,-64.398,4.97115,-4338.3,0
6.38779,3635,-30.8118,-60.7878,1.52769,-2348.66,0
7.65778,3622.41,-20.523,-33.5064,7.88522,-3603.18,0
8.92951,3628.8,-9.96437,-35.7051,2.98944,-2373.6,0
10.2096,3632.25,1.61807,-25.1763,0.992499,-1738.26,0
11.4944,3618.2,12.2521,-25.8367,7.17999,-2766.31,0
12.7651,3612.52,23.2533,-30.4973,6.4984,-2936.15,0
14.045,3613.6,-0.478753,-30.8262,4.36376,-2591.45,0
15.3074,3615.56,-9.72672,-32.253,1.92982,-2249.95,0
16.5856,3601.69,7.76554,-39.293,5.7423,-2912.83,0
17.8625,3606.12,-4.23361,-24.2646,2.89534,-2456.6,0
19.145,3581.98,7.18613,-9.28881,4.46968,-3552.68,0
20.4282,3563.79,-2.62603,-20.4409,2.92402,-4220.1,0
21.708,3543.96,-9.61739,-3.53216,7.56306,-4884.75,0
22.9776,3541.51,-5.18476,-19.9263,6.30436,-4721.64,0
24.2599,3531.34,-15.7188,-22.0698,1.88433,-4891.25,0
25.5305,3519.75,-9.14638,-28.4952,1.02558,-5101.81,0
26.8067,3510.78,-13.0472,-10.6725,0.0672084,-5193.44,0
27.2323,3497.8,-0.356058,-0.176893,6.46238,-5588.84,4
