1.26716,3639.94,9.48553,8.27567,4.25527,-7940.44,0
2.54524,3630.61,-9.29294,34.2189,5.75192,-7619.62,0
3.80758,3635.88,-14.9322,36.5962,0.597886,-3707.59,0
5.08796,3619.52,0.863917,34.0708,7.64119,-5990.15,0
6.3722,3619.89,7.87053,56.7929,3.21167,-4725.88,0
7.65243,3621.82,6.04536,65.3499,0.824748,-3683.02,0
8.9276,3613.7,18.7104,88.4341,1.89761,-4065.85,0
10.2056,3595.25,21.4219,88.6388,7.12022,-5365.18,0
11.4915,3594.11,16.9235,83.439,6.70741,-4863.82,0
12.7765,3593.58,2.21621,105.766,1.80859,-4415.79,0
14.0626,3579.65,3.05945,109.158,7.16692,-5002.7,0
15.339,3578.34,-14.158,115.174,3.99365,-4671.52,0
16.6176,3562.43,-20.7524,92.9613,11.1714,-5269.86,0
17.9028,3549.82,-27.1431,90.59,4.83669,-5595.98,0
19.1743,3534.29,-40.9595,63.6396,5.88735,-6034.78,0
20.4466,3529.71,-35.8246,60.9773,7.67086,-5883.26,0
21.7239,3522.82,-42.8345,64.4579,4.28654,-5854.45,0
23.0043,3505.05,-40.7383,56.0543,8.04397,-6301.08,0
24.2701,3502.8,-16.5335,49.803,6.59663,-6065.15,0
25.5413,3473.69,7.60308,37.8872,7.34837,-6902.92,0
26.6603,3460.69,-4.52973,6.28308,4.93457,-7100.68,1
