1.28076,3635.65,5.78596,-2.48166,4.45653,-11205.8,0
2.56208,3616.66,-8.19509,-5.98246,8.59755,-13011.2,0
3.83464,3604.23,-15.1271,-26.0431,9.92546,-11934.9,0
5.10079,3601.82,-16.8269,-35.1623,5.44958,-9446.34,0
6.36864,3588.22,-20.2762,-35.8331,9.89301,-9700.19,0
7.64643,3587.32,-20.0456,-44.6949,6.85916,-8197.03,0
8.92237,3571.75,-39.142,-33.2869,1.37956,-8769.56,0
10.2038,3567.25,-18.5271,-25.0299,5.12572,-8109.84,0
11.4855,3545.95,-35.4263,-6.97866,5.63643,-9059.25,0
12.7624,3542.71,-23.4964,-12.3103,6.18381,-8406.78,0
14.0365,3536.35,-19.6959,-0.67829,1.37348,-8096.91,0
15.3098,3524.03,-44.2363,-16.1965,2.56342,-8228.17,0
16.5882,3499.7,-28.4755,-14.9258,8.68447,-9060.4,0
17.449,3464.33,-6.56755,-2.71279,1.00884,-10640.9,0
