1.2813,3631.66,17.9168,9.0728,7.17027,-14310.9,0
2.56482,3601.94,-13.2324,11.7721,6.44747,-18736.5,0
3.84133,3601.94,-40.4898,17.5579,4.18469,-12511,0
5.12279,3593.62,-51.5382,8.69288,6.46632,-11005.1,0
6.40154,3577.36,-48.9174,4.44885,11.0338,-11347.2,0
7.67604,3557.79,-67.1642,-10.2515,5.34261,-12012.4,0
8.9556,3521.2,-55.0637,-5.21317,10.6956,-14382.2,0
10.2379,3521.44,-52.4864,4.18878,9.16828,-12557.7,0
11.5168,3522.53,-55.3127,19.4081,3.33613,-11068.6,0
12.7958,3512.82,-44.5252,9.97721,5.41093,-10720.3,0
14.0779,3479.42,-42.0283,-0.719809,11.0628,-12116.6,0
15.2029,3449.89,-31.5283,-3.55702,7.50972,-13162.5,0
