1.27451,3640.87,-44.7005,4.51778,3.16693,-7163.24,0
2.5522,3620.11,-33.9262,-23.5578,7.51653,-11710.4,0
3.81148,3617.49,-38.7802,-34.5438,6.96892,-8529.26,0
5.08496,3616.11,-20.6588,-60.2203,3.55953,-6664.96,0
6.36348,3616.95,-12.529,-47.6424,3.57242,-5193.2,0
7.63074,3613.09,-6.46516,-42.0783,4.57877,-4836.46,0
8.90821,3605.89,-17.0827,-47.3463,4.70372,-4951.6,0
10.1836,3610.18,0.289831,-50.4703,2.1186,-3909.75,0
11.4648,3601.78,-0.77134,-39.5847,6.47028,-4206.03,0
12.7426,3600.43,-8.72284,-48.3009,3.87606,-3889.89,0
14.0235,3607.03,21.6099,-23.4136,1.2274,-3064.28,0
15.3033,3597.77,15.2285,-24.6513,5.14421,-3413,0
16.5841,3585.24,33.307,-34.3804,7.03521,-3904.94,0
17.8664,3571.91,45.9239,-39.9386,10.0188,-4370.75,0
19.1522,3577.88,44.5003,-44.0032,2.66715,-3765.38,0
20.4273,3574.82,37.9369,-56.6464,1.88105,-3680.28,0
21.7046,3561.71,34.803,-64.5906,7.46373,-4067.62,0
22.973,3553.19,33.2907,-53.116,2.16297,-4214.02,0
24.2394,3537.38,40.3222,-22.1933,5.82235,-4646.32,0
25.5121,3519.66,32.6483,-28.1292,8.31483,-5109.12,0
26.7838,3513.54,4.35994,-17.8442,6.0594,-5094.94,0
28.0569,3492.44,-1.84559,1.40847,9.99006,-5615.62,1
28.0646,3492.55,-1.38128,0.27977,6.54463,-5610.17,1
