1.27284,3629.54,17.183,-6.69187,7.47668,-16076,0
2.54439,3622.15,28.6379,-7.83645,8.50585,-10946,0
3.82412,3625.43,26.9612,-18.1103,4.222,-6424.11,0
5.09549,3622.34,29.1933,-5.24085,4.51771,-5428.54,0
6.37105,3624.39,36.0521,11.3923,2.39723,-4019.94,0
7.64326,3621.96,53.759,-1.47702,2.32054,-3669.23,0
8.9181,3615.05,54.3149,1.36855,3.85201,-3919.03,0
10.1874,3616.08,34.6244,-21.8813,3.60097,-3329.53,0
11.4595,3592.95,12.7047,-10.948,2.16281,-4978.66,0
12.7368,3587.5,-0.830866,-14.7654,2.82269,-4907.23,0
14.0075,3558.34,-7.30278,-0.23936,9.24,-6543.54,0
15.2791,3563.72,2.89485,-4.07342,1.97736,-5646.84,0
16.5461,3553.89,12.9589,-2.16151,6.91277,-5808.83,0
17.8156,3542.88,7.41382,10.0669,2.13904,-6012.54,0
19.0915,3505.51,3.42799,36.3224,3.30037,-7568.22,0
20.3645,3487.84,8.40968,34.4778,1.99298,-7962.76,0
21.6417,3478.5,18.1968,24.5188,8.83025,-7924.62,0
22.9132,3471.47,-1.49215,10.8386,4.98966,-7791.69,2
23.0091,3470.15,-3.31982,4.91664,2.35024,-7816.49,3
