1.2737,3644.09,-9.00351,23.9589,2.20196,-4642.85,0
2.54695,3637.64,-27.6075,43.4825,3.64706,-4854.01,0
3.81624,3618.61,-44.7734,53.992,7.61815,-8224.75,0
5.09428,3611.09,-41.7853,46.6294,5.58845,-7637.08,0
6.37148,3589.73,-50.3396,29.3148,1.22707,-9459.35,0
7.64971,3576.66,-56.7433,70.4463,3.0801,-9587.15,0
8.91921,3571.38,-51.0804,56.1435,7.3754,-8814.3,0
10.1956,3573.1,-66.5469,62.9965,1.53691,-7542.76,0
11.4693,3561.21,-50.4656,59.599,9.13059,-7741.48,0
12.7453,3551.17,-43.2133,53.9654,2.56638,-7754.12,0
14.031,3547.69,-54.7047,40.5133,3.88939,-7291.42,0
15.3032,3544.08,-62.6306,16.7145,6.04692,-6921.69,0
16.5768,3546.69,-55.6412,11.6203,3.99759,-6232.25,0
17.8574,3538.54,-76.2718,-13.0903,2.15188,-6241.59,0
19.1313,3526.79,-36.9547,-7.22097,2.19736,-6440.08,0
20.4056,3507.41,-22.4769,3.49023,5.24562,-6988,0
20.9771,3493.21,-1.26456,0.385012,3.25754,-7474.24,1
