1.27217,3643.65,-68.2362,-43.3026,1.55449,-4992.12,0
2.54439,3632.03,-58.0257,-42.4029,5.67611,-7061.66,0
3.8194,3629.66,-57.4941,-30.0764,6.36516,-5325.23,0
5.09718,3637.59,-39.6963,-11.6653,3.50028,-2435.53,0
6.38177,3632.06,-51.8578,-4.89333,4.80788,-2810.57,0
7.64996,3627.11,-87.4587,0.57123,3.03173,-2992.42,0
8.91925,3624.05,-90.3013,-0.307837,2.96917,-2909.86,0
10.189,3620.35,-76.391,-24.5406,5.29489,-2909.81,0
11.4737,3625.89,-60.3131,-27.8857,2.99214,-2101.35,0
12.7456,3628.57,-46.8965,-6.90214,2.13032,-1681.58,0
14.0205,3591.94,-40.3571,-13.7712,5.65699,-4140.75,0
15.3021,3567.93,-43.4609,4.60545,5.09835,-5363.13,0
16.5859,3572.22,-41.5888,1.4907,1.36885,-4689.8,0
17.8707,3552,-38.8942,7.31514,3.35752,-5484.07,0
19.1404,3544.55,-32.4426,11.6619,7.94887,-5509.52,0
20.4183,3542.95,-14.23,14.7281,9.97626,-5243.03,0
21.7014,3533.42,-11.8268,20.6547,5.17318,-5372.19,0
22.9772,3497.57,-0.426672,0.000899754,5.42196,-6633.98,2
