1.27444,3617.38,-16.7581,36.3564,10.8442,-25592.6,0
2.55202,3620.88,-13.8697,33.4486,6.4639,-11408.6,0
3.82403,3619.72,-31.9806,43.3035,4.55012,-7919.02,0
5.09354,3595.99,-33.1555,26.181,4.3525,-10604.3,0
6.37058,3574.89,-36.0831,24.8912,3.25009,-11790.4,0
7.65236,3570.43,-22.3036,26.8721,5.55821,-10398,0
8.93033,3557.92,-11.5342,12.0319,4.04265,-10311.4,0
10.2018,3556.64,-10.0864,15.0135,3.43943,-9151.43,0
11.4734,3552.05,-15.1442,7.76879,6.80199,-8537.4,0
12.7454,3554.8,-18.1977,12.8378,1.09083,-7469.49,0
14.0205,3547.35,-22.4339,9.7451,6.41135,-7321.21,0
15.2994,3526.99,-22.9213,4.33377,4.82038,-8040.3,0
16.578,3509.73,-29.0455,16.5801,8.55757,-8461.27,0
17.5863,3483.22,-3.16979,1.21103,8.49617,-9483.34,0
