2.39443,3639.48,-45.5064,-38.7861,0.88307,-4395.11,0
4.80524,3597.45,-107.048,-43.4102,4.69445,-10935.4,0
7.18716,3603.24,-81.1724,-102.515,2.22897,-6506.07,0
9.56798,3567.76,-125.142,48.1479,6.21937,-8595.18,0
11.9699,3555.62,-133.784,23.8222,6.8775,-7884.61,0
14.3451,3562.78,-54.1057,60.4192,8.62995,-6079.97,0
16.7679,3535.11,-34.5095,87.1033,0.422212,-6851.95,0
19.1517,3549.13,-16.6551,42.4185,1.44715,-5266.75,0
21.5293,3503.82,-30.2682,30.2259,4.96856,-6790.01,0
22.1266,3477.86,3.22493,-0.485558,12.0202,-7779.8,0
