2.40675,3625.51,69.5566,47.4433,2.10394,-10177.5,0
4.76544,3588.24,92.9908,114.538,4.45021,-12960.9,0
7.15135,3566.77,63.6796,149.291,5.94043,-11638.6,0
9.53261,3559.61,28.7989,193.143,5.06614,-9482.48,0
11.9423,3585.55,28.7084,169.828,2.65722,-5396.94,0
14.3217,3548.29,-25.416,225.88,4.44707,-7101.8,0
16.6728,3555.92,-68.468,161.389,6.93787,-5642.5,0
19.0928,3546.5,-91.3829,252.519,0.592636,-5420.86,0
21.4752,3516.18,-119.911,261.995,3.53972,-6231.31,0
23.4529,3449.99,-85.1683,227.478,11.6156,-8528.03,0
