2.43074,3608.07,-71.2642,-71.4721,0.955417,-17250.5,0
4.83832,3552.91,-67.9309,-100.361,3.14049,-20067.6,0
7.24032,3582.89,-116.805,-82.4357,1.2349,-9268.66,0
9.61761,3567.06,-75.9575,-160.043,1.01738,-8623.7,0
12.0086,3580.39,-73.8785,-175.505,0.120184,-5796.31,0
14.4202,3517.76,-134.681,-144.711,3.06289,-9170.23,0
16.8128,3582.15,-113.433,-151.683,0.418195,-4035.74,0
19.1732,3501.84,-246.85,-161.794,1.91533,-7727.5,0
21.5621,3579.48,-100.236,-87.1886,1.35433,-3270.36,0
23.9386,3551.78,-44.8691,-164.727,1.86826,-4103.08,0
26.3314,3523.12,-190.744,-205.314,0.204156,-4818.52,0
27.9957,3449.17,-139.177,-254.321,3.72298,-7173.42,0
