2.39415,3629.65,-88.9469,39.3743,0.554153,-8500.28,0
4.75999,3611.07,-108.007,74.8246,0.939479,-8178.73,0
7.13314,3596.46,-81.7386,-44.0861,1.9925,-7505.71,0
9.49069,3623.98,-33.9778,26.5411,1.27847,-2742.12,0
11.869,3621.25,-104.262,60.8097,0.710095,-2422.32,0
14.2598,3630.12,-89.7545,18.5144,0.631786,-1393.8,0
16.6648,3646.32,-73.8479,-18.2054,0.101552,-220.758,0
19.0612,3546.32,-219.059,-129.728,1.94819,-5439.3,0
21.4398,3502.91,-192.144,-75.1459,5.6717,-6860.77,0
22.8175,3449.83,-142.928,-103.356,9.28853,-8772.81,0
