1.28212,3631.98,-38.8368,6.0849,1.03962,-14053.9,0
2.55546,3614.97,-42.845,-21.4387,2.04643,-13707.2,0
3.82094,3602.62,-66.6992,-29.4513,2.38248,-12399.6,0
5.09191,3591.23,-43.5354,-34.6652,3.24304,-11541.9,0
6.37603,3618.99,-84.2254,-26.2126,0.536307,-4862.76,0
7.65415,3601.25,-85.3515,-24.8815,1.61927,-6368.5,0
8.92385,3615.79,-62.7594,-45.9485,0.793084,-3833.34,0
10.1992,3608.93,-103.915,46.5219,0.614908,-4026.75,0
11.4806,3606.76,-100.953,28.805,0.878678,-3765.92,0
12.7681,3617.97,-67.9513,41.977,0.514597,-2508.44,0
14.0405,3616.28,-82.5034,55.226,0.29304,-2401.39,0
15.3131,3609.83,-85.6994,39.3982,0.778699,-2623.14,0
16.5757,3606.1,-115.235,56.6601,0.322509,-2648.51,0
17.857,3567.62,-116.052,51.342,2.92993,-4613.2,0
19.1309,3592.65,-119.834,32.6183,1.122,-2997.51,0
20.394,3577.12,-146.573,3.79528,1.65409,-3573.75,0
21.6658,3560.67,-169.517,22.2909,1.9878,-4123.01,0
22.9453,3556.92,-158.046,-1.52171,2.45302,-4056.48,0
24.2166,3549.18,-185.837,16.1744,1.94958,-4163.07,0
25.4945,3542.91,-173.01,58.1476,2.32728,-4200.38,0
26.7732,3539.75,-149.41,71.6367,3.03496,-4118.06,0
28.0439,3536.25,-163.412,77.7444,2.49269,-4056.21,0
29.3217,3536.84,-154.195,119.466,1.73307,-3859.33,0
30.6031,3560.47,-148.413,103.163,0.253594,-2925.54,0
31.8742,3536.31,-166.28,74.8161,2.04393,-3566.79,0
33.1634,3538.31,-149.253,86.8289,2.10029,-3367.94,0
34.444,3526.24,-163.635,102.141,1.90124,-3592.96,0
35.7196,3517.1,-136.806,152.099,1.99873,-3720.78,0
36.9886,3506.5,-137.189,119.84,3.84359,-3879.52,0
38.2623,3506.01,-128.595,136.067,2.91519,-3763.32,0
39.5488,3493.1,-126.198,110.777,4.28552,-3967.34,0
40.8219,3492.78,-114.275,129.082,3.02432,-3851.44,0
42.0938,3500.65,-88.2683,139.068,2.42008,-3548.01,0
43.36,3496.63,-75.6261,120.216,3.92601,-3537.23,0
44.6356,3493.87,-60.242,108.213,4.3618,-3497.86,0
45.9173,3494.6,-57.0796,113.284,3.45901,-3384.3,0
47.1936,3491.07,-61.4049,105.007,3.73885,-3367.6,0
48.47,3494.58,-51.8194,91.3563,4.00619,-3206.59,0
49.7443,3524.14,-59.0699,95.2692,0.676893,-2530.2,0
51.0198,3483.8,-66.3468,99.5791,3.19353,-3257.65,0
52.3034,3487.15,-58.1836,119.728,1.24974,-3113.52,0
53.5839,3472.14,-56.8624,131.479,1.77546,-3319.21,0
54.5021,3449.92,-103.817,134.31,1.33603,-3671.1,0
