1.27305,3607.63,5.67254,64.6777,2.78963,-33283.4,0
2.54383,3605.86,17.3812,84.7509,2.28374,-17353.6,0
3.82315,3621.5,4.17386,94.2988,1.01018,-7455.48,0
5.10517,3622.04,-8.21095,85.793,1.01971,-5477.19,0
6.38444,3590.78,-18.278,94.1493,2.65679,-9275.54,0
7.67075,3608.24,-34.8369,82.4695,1.38984,-5443.74,0
8.95283,3601.12,-2.78662,95.2057,1.71043,-5459.72,0
10.2373,3594.78,-45.2429,101.4,1.70289,-5393.71,0
11.5131,3611.55,-48.9501,119.366,0.238795,-3339.41,0
12.7837,3617.36,-15.4713,97.4217,0.424918,-2553.48,0
14.0549,3597.65,26.1995,80.5035,1.94688,-3724.67,0
15.3308,3589.39,32.3257,71.4443,2.58742,-3953.4,0
16.5987,3598,37.2697,55.0683,1.94665,-3133.02,0
17.8833,3602.22,84.2556,48.0706,1.0273,-2671.54,0
19.1643,3584.59,53.4692,28.7461,2.90764,-3413.36,0
20.4424,3593.03,43.5874,21.4894,2.08186,-2786.87,0
21.7106,3603.12,38.5139,11.5084,1.3218,-2159.15,0
22.9825,3611.99,45.5211,34.4986,0.425237,-1653.9,0
24.2555,3592.46,65.855,82.9439,0.877138,-2372.18,0
25.5341,3604.93,64.647,75.3928,0.16736,-1765.18,0
26.808,3590.45,39.8514,73.1227,1.42525,-2221.37,0
28.0888,3567.36,57.4912,64.5633,2.99854,-2941.99,0
29.3585,3581.48,63.9723,82.1923,1.20605,-2333.97,0
30.6381,3586.03,49.4293,46.3238,1.55436,-2087.78,0
31.9131,3584.52,71.0575,74.6785,0.807001,-2051.67,0
33.1989,3570.79,77.3678,25.4643,2.33213,-2386.03,0
34.4756,3586.65,91.2448,0.218457,0.805016,-1837.53,0
35.7544,3551.76,82.7174,-5.89778,3.61332,-2747.62,0
37.0313,3541.46,93.0778,-23.363,3.39753,-2931.16,0
38.3083,3563.85,105.589,-40.9123,0.720221,-2248.93,0
39.5773,3561.82,126,-39.9871,0.180047,-2227.95,0
40.851,3552.95,139.745,-30.1622,0.414533,-2375.62,0
42.1324,3547.48,141.605,11.7817,0.962387,-2433.27,0
43.409,3559.16,105.598,15.1307,1.2351,-2092.66,0
44.6902,3556.9,109.814,29.4615,1.09987,-2083.14,0
45.9669,3520.74,116.823,-3.93821,3.46162,-2812.01,0
47.2393,3499.85,111.658,-1.65462,4.98767,-3178.4,0
48.5174,3511.53,101.665,-13.3745,3.47557,-2854.07,0
49.7959,3524.47,97.8934,-29.2864,1.80774,-2520.93,0
51.073,3531.14,99.3957,-6.9136,1.23662,-2327.32,0
52.3484,3542.37,102.692,-10.7028,0.153892,-2055.97,0
53.6297,3537.9,97.023,-11.0114,0.69639,-2090.26,0
54.9091,3533.44,84.0743,-44.7481,1.17244,-2122.82,0
56.1869,3536.84,97.3291,-36.8505,0.464785,-2013.93,0
57.4652,3493.01,127.21,-45.857,2.29552,-2731.84,0
58.7429,3492.61,125.276,-41.9523,2.40387,-2679.22,0
60.0126,3459.27,125.928,-59.8314,3.94691,-3178.17,0
61.2906,3457.41,109.872,-71.5015,3.7355,-3142.25,0
62.1998,3449.93,116.839,-75.2266,3.28984,-3216.49,0
