1.28298,3648.24,7.45831,23.3108,0.0396664,-1372.98,0
2.55305,3627.27,7.84758,23.7878,1.41025,-8904.76,0
3.83447,3589.16,-15.3912,-2.1647,4.23256,-15866.6,0
5.11791,3578.44,-29.281,-32.0674,4.0613,-13983.2,0
6.40936,3580.36,-30.4188,-17.3318,3.50013,-10864.8,0
7.68549,3554.05,-36.2089,-24.0344,4.9256,-12485.1,0
8.9637,3564.03,-26.8805,-28.0047,3.15771,-9590.91,0
10.2423,3561.34,-19.2331,-32.9403,3.07842,-8655.91,0
11.5214,3562.34,-12.8389,-31.907,2.76228,-7608.44,0
12.8002,3554.44,10.7563,-42.1272,2.83441,-7465.25,0
14.0768,3549.19,2.43847,-27.2072,3.32985,-7161.28,0
15.3497,3559.28,1.68541,-24.0232,1.79086,-5910.38,0
16.6279,3542.25,5.66511,-2.65231,4.17912,-6479.96,0
17.8958,3524.88,31.0454,4.44567,4.79733,-6991.48,0
19.1684,3527.85,18.0072,-22.2198,3.18493,-6372.23,0
20.4373,3520.85,20.3195,-40.3488,2.28547,-6319.49,0
21.7117,3497.88,4.46984,-32.3215,5.38579,-7006.33,0
22.9792,3507.09,18.3883,-4.97743,4.40142,-6218.91,0
24.2653,3505.31,29.9802,-27.9289,0.598616,-5962.68,0
25.5343,3479.69,18.3626,-45.0924,3.54759,-6669.73,0
26.7976,3483.09,-0.749209,-46.9092,2.94612,-6228.44,0
28.0742,3486.35,15.1601,-42.353,2.58536,-5829.09,0
29.3484,3500.29,27.0681,-31.1599,0.581845,-5101.21,0
30.6265,3473.74,-16.211,-43.6883,3.80038,-5755.05,0
31.8944,3461.53,-22.2304,-38.4914,4.65777,-5909.19,0
32.8113,3450.01,-27.8717,-34.0025,4.92447,-6095.15,0
