1.28176,3626.33,-61.1931,23.7901,1.27683,-18463,0
2.56499,3633.62,-80.8772,7.96719,0.613327,-6387.21,0
3.84017,3633.63,-73.2529,-2.78226,0.699457,-4262.2,0
5.11436,3594.7,-61.0495,-21.106,3.21212,-10811.9,0
6.39779,3608.13,-70.4957,-36.5481,1.77416,-6543.86,0
7.66454,3628.61,-91.4245,-24.6863,0.141542,-2791.01,0
8.94915,3594.22,-77.3469,-37.2004,2.43067,-6233.05,0
10.2201,3583.49,-86.8501,-53.7823,2.71952,-6507.41,0
11.497,3569.92,-110.538,-51.8311,2.79375,-6965.4,0
12.7697,3577.2,-138.799,-21.8944,1.746,-5701.39,0
14.0519,3578.58,-123.424,-17.2602,1.89334,-5082.42,0
15.3237,3555.98,-124.245,-27.0492,3.10451,-6135.85,0
16.5978,3565.68,-128.175,-29.2501,1.92308,-5080.21,0
17.874,3555.96,-125.169,-37.9935,2.26582,-5261.04,0
19.1572,3540.65,-127.49,-11.0783,3.1849,-5708.11,0
20.4304,3515.06,-142.623,7.29627,4.12405,-6605.1,0
21.7083,3520.78,-142.957,21.3212,2.87605,-5952.5,0
22.9832,3525.4,-108.864,7.60968,3.72156,-5421.51,0
24.2585,3510.46,-109.284,-0.159397,4.09091,-5752.05,0
25.5366,3482.55,-104.895,4.15851,5.4076,-6557.25,0
26.8113,3474.21,-104.021,23.8058,4.54547,-6556.53,0
28.0806,3465.6,-90.0809,26.5627,4.96368,-6566.86,0
29.3546,3463.98,-77.0119,17.5353,5.36771,-6336.94,0
30.6323,3463.15,-65.9877,28.535,4.75124,-6099.64,0
31.3842,3449.91,-69.3812,35.4152,4.6491,-6375.64,0
