1.2676,3640.2,19.6376,-87.8834,0.636289,-7728.23,0
2.5504,3642.88,9.76229,-64.0615,0.749493,-2793.32,0
3.82581,3620.67,-2.28698,-75.8135,1.9776,-7666.43,0
5.10405,3607.12,9.74867,-54.0486,2.98505,-8400.52,0
6.38725,3561.92,33.3623,-53.847,5.49948,-13789.7,0
7.6631,3557.26,36.2619,-35.5641,4.58709,-12101.7,0
8.94458,3566.07,41.7043,-21.6198,3.10878,-9383.84,0
10.2119,3574.65,15.1849,-5.18558,2.30448,-7378.74,0
11.4905,3585.26,-17.1398,-2.00434,1.13125,-5634.07,0
12.7597,3564.89,-22.5614,-10.3319,2.97466,-6670.33,0
14.0256,3567.99,5.5565,-10.8836,2.49526,-5847.42,0
15.3016,3546,8.50216,-23.7812,4.55313,-6796.87,0
16.5679,3540.24,8.07408,-6.28398,5.03015,-6624.6,0
17.8466,3544.81,4.77224,35.0969,3.00933,-5894.25,0
19.1313,3544.02,24.5701,19.0376,2.71581,-5539.58,0
20.3998,3550.34,31.2406,27.2065,1.33447,-4885.5,0
21.6791,3531.4,55.6979,21.2084,2.71951,-5470.89,0
22.9461,3532.78,53.4844,70.1449,0.834874,-5108.69,0
24.2218,3509.84,81.1913,89.64,1.15184,-5786.6,0
25.4911,3473.55,116.732,67.8819,3.49684,-6921.82,0
26.773,3464.65,130.287,71.819,2.82299,-6922.93,0
28.0527,3455.87,128.395,79.3469,3.13964,-6920.02,0
29.054,3449.96,141.114,54.0607,3.27844,-6885,0
