1.26961,3623.68,58.1548,70.9385,1.1141,-20734,0
2.54542,3636.67,78.7742,54.1123,0.239697,-5235.56,0
3.83049,3636.1,79.0025,65.5714,0.175842,-3629.71,0
5.10982,3627.89,53.6208,65.72,0.886629,-4326.27,0
6.3903,3623.5,62.8234,66.6678,1.04004,-4146.75,0
7.67166,3617.77,77.847,53.3277,1.31329,-4200.8,0
8.95044,3599.09,69.4495,78.3198,2.31298,-5687.53,0
10.2257,3585.43,95.1389,94.8244,2.47901,-6314.57,0
11.5032,3600.39,78.1116,78.564,1.76512,-4312.85,0
12.7788,3584.21,104.35,108.906,2.04366,-5148.21,0
14.0554,3573.6,88.8745,90.0074,3.03325,-5435.85,0
15.3318,3541.52,81.7822,86.9913,4.65272,-7075.2,0
16.597,3555.13,82.535,96.0465,2.88894,-5716.06,0
17.8667,3531.61,93.8186,76.1249,4.15068,-6626.18,0
19.1374,3528.86,71.7195,76.2795,4.13933,-6329.76,0
20.4026,3539.74,68.3257,70.367,2.85538,-5404.05,0
21.6853,3535.25,49.5736,80.9339,2.91559,-5291.43,0
22.967,3533.62,41.2371,52.8323,4.06336,-5067.14,0
24.2421,3510.85,55.4664,58.4711,4.736,-5740.02,0
25.5185,3480.32,46.2418,77.1929,5.36471,-6649.13,0
26.7922,3478.38,47.0575,70.3761,4.31241,-6405.69,0
28.064,3464.08,54.7742,48.3236,5.25047,-6624.9,0
29.3323,3482.93,63.3066,39.4805,1.66313,-5695.72,0
30.5898,3472.31,46.6005,25.8301,5.11484,-5808.7,0
31.8606,3478.48,52.898,5.11039,3.40809,-5383.31,0
33.1572,3463.09,60.1474,-5.36767,3.27286,-5637.01,0
34.4328,3463.93,77.7973,-2.2143,0.447301,-5403.97,0
34.8372,3449.97,84.2359,4.70902,1.08008,-5741.79,0
