1.27228,3649.66,-36.6046,-7.90625,0.255606,-270.191,0
2.53838,3639.84,-59.5174,10.5588,0.662734,-4002.14,0
3.82108,3650.36,-51.7045,-29.8928,0.0198463,94.1443,0
5.09472,3636.13,-26.1503,-36.8087,0.962671,-2721.67,0
6.36749,3635.91,-39.4331,-54.3873,0.753258,-2213.4,0
7.64818,3616.77,-83.6815,-85.6601,1.17151,-4344.27,0
8.93356,3590.58,-76.4824,-106.358,2.53146,-6651.13,0
10.2028,3609.66,-47.248,-134.565,0.994156,-3953.84,0
11.4806,3628.14,-48.6645,-92.199,0.462662,-1903.91,0
12.7591,3632.29,-61.8512,-83.2492,0.16819,-1387.7,0
14.0375,3624.64,-56.2137,-71.6535,0.810904,-1806.66,0
15.3048,3629.55,-14.2875,-71.3479,0.704375,-1336.49,0
16.5856,3600.2,-0.249209,-86.6321,2.31177,-3002.62,0
17.858,3635.66,20.7723,-64.8626,0.14458,-802.854,0
19.1343,3597.27,37.8976,-53.1101,2.70238,-2755.57,0
20.4147,3597.65,6.94434,-50.464,2.4496,-2564.45,0
21.687,3617.43,12.3718,-59.4154,0.748794,-1501.79,0
22.9652,3627.28,31.994,-45.9966,0.0877755,-989.251,0
24.2463,3592.74,44.0095,-68.6136,2.08606,-2361.5,0
25.5223,3613.71,42.6429,-71.5837,0.494413,-1422.08,0
26.7937,3601.98,58.9102,-65.7418,1.10098,-1792.07,0
28.0691,3592.81,59.6112,-81.9923,1.45765,-2037.37,0
29.3403,3609.31,54.4129,-63.9661,0.614142,-1386.84,0
30.6149,3607.7,28.1494,-39.5387,1.21187,-1381.79,0
31.8889,3592.37,59.1232,-94.2621,1.17516,-1807.24,0
33.167,3561.77,88.9525,-102.035,2.59266,-2660.26,0
34.4509,3547.72,92.0842,-110.847,2.82709,-2968.79,0
35.7226,3542.88,79.6992,-81.0675,3.82327,-2998.63,0
37.0002,3528.87,48.3863,-90.3659,4.31412,-3273.88,0
38.2744,3530.68,44.9703,-100.844,2.96937,-3117.57,0
39.5487,3533.1,63.3553,-88.8468,2.41603,-2955.87,0
40.8208,3552.22,59.6608,-68.587,1.39201,-2395.37,0
42.097,3547.8,65.8495,-68.794,1.50375,-2427.72,0
43.3741,3535.26,63.6764,-77.007,2.14539,-2645.43,0
44.6495,3532.59,58.4592,-63.9032,2.75821,-2629.61,0
45.9215,3518.12,89.0985,-91.1667,2.18169,-2871.85,0
47.1954,3517.51,94.9434,-77.0085,2.23243,-2807.19,0
48.4694,3542.54,88.458,-60.5163,0.63437,-2216.99,0
49.7331,3530.15,106.175,-57.4783,1.08442,-2409.86,0
51.0151,3543.81,81.3288,-12.6968,1.50594,-2081.61,0
52.2928,3531.05,75.4443,-4.85122,2.79568,-2274.61,0
53.5642,3516.88,65.7477,-1.19684,4.55897,-2485.16,0
54.836,3512.75,81.8901,-5.90279,3.27406,-2502.97,0
56.1097,3526.85,111.682,-5.68666,0.120693,-2194.73,0
57.3782,3501.16,113.334,-10.3115,2.34924,-2594.08,0
58.6554,3486.75,126.726,-6.56791,2.04064,-2783.29,0
59.9338,3471.53,107.37,-14.7346,4.35786,-2977.81,0
61.2057,3495.31,105.451,-15.1292,1.75691,-2527.31,0
62.4771,3468.83,115.184,-48.5523,2.26395,-2899.71,0
63.7475,3459.19,119.962,-31.6289,2.71951,-2993.24,0
64.4215,3449.98,138.502,-58.4285,1.03777,-3104.79,0
