1.27009,3624.67,6.38819,24.5024,1.57987,-19946.4,0
2.54575,3618.41,23.9628,16.4762,1.91851,-12409,0
3.81956,3626.29,20.4748,27.0695,1.24339,-6207.91,0
5.09518,3623.86,16.4365,-31.7765,1.35916,-5130.77,0
6.36768,3629.73,-1.68683,-13.8545,1.00889,-3183.7,0
7.64093,3622.79,-11.2251,-6.13068,1.48851,-3561.67,0
8.91129,3616.02,-14.876,21.9353,1.89558,-3812.7,0
10.1976,3590.66,-9.80417,39.5882,3.55399,-5818.8,0
11.4662,3583.02,-19.7215,21.4963,3.87807,-5841.91,0
12.7419,3582.44,0.0781341,7.36448,3.4614,-5302.13,0
14.0153,3602.99,16.4995,9.22518,1.2185,-3353.9,0
15.2853,3594.88,-13.3253,-19.2558,1.80089,-3606.31,0
16.5511,3592.08,-23.9814,-51.3524,1.40477,-3499.36,0
17.8284,3574.08,-30.6884,-51.4372,2.62189,-4258.42,0
19.0978,3546.02,-29.6495,-65.8221,4.25684,-5444.72,0
20.3776,3532.79,-36.624,-70.9443,3.88897,-5752.07,0
21.6626,3553.41,-46.2052,-75.2651,1.06763,-4458.76,0
22.9392,3543.35,-24.1285,-114.859,0.699482,-4649.37,0
24.2179,3541.13,-0.13331,-118.442,0.827865,-4495.52,0
25.5037,3504.95,6.41816,-121.33,3.64141,-5687.54,0
26.7802,3504.56,-6.84714,-128.636,2.68712,-5430.81,0
28.0482,3510.54,-18.3338,-142.305,1.02801,-4972.01,0
29.3262,3522.58,-67.1757,-111.846,0.714424,-4344.97,0
30.6127,3502.6,-61.0535,-121.604,2.24369,-4814.94,0
31.8884,3491.23,-49.4277,-96.8015,4.42389,-4978.87,0
33.1619,3485.34,-54.805,-88.1003,4.32037,-4965.25,0
34.4357,3490.86,-56.886,-90.8724,2.90773,-4621.24,0
35.7108,3468.91,-41.678,-72.2025,5.73818,-5070.92,0
36.9978,3460.61,-67.6535,-87.4924,2.84623,-5118.97,0
38.2721,3475.54,-77.8282,-70.3556,1.71925,-4558.43,0
39.1955,3449.82,-70.4447,-48.6785,5.65211,-5107.19,0
