1.27712,3614.83,-11.2597,-17.8301,2.29754,-27538.8,0
2.5577,3614.72,-13.1814,-19.0108,2.12722,-13792,0
3.82947,3618.08,-9.92406,-8.79702,1.71892,-8336.08,0
5.09326,3610.16,9.58117,-11.9442,2.18009,-7822.73,0
6.36324,3614.64,24.625,12.9465,1.62471,-5557.32,0
7.63271,3580.49,34.5794,14.5647,4.02521,-9106.84,0
8.90611,3567.71,37.1154,33.2336,4.18179,-9239.65,0
10.1748,3571.07,39.8219,38.7738,3.27202,-7756.96,0
11.4466,3587.51,21.4702,44.215,1.61542,-5459.21,0
12.7227,3590.23,13.2216,17.3207,1.62141,-4697.59,0
14.0035,3570.44,30.6425,36.6158,2.87783,-5681.56,0
15.2859,3570.67,29.606,57.5828,2.06413,-5190,0
16.556,3582.74,3.45079,53.8697,1.18571,-4062.8,0
17.8281,3564.03,-5.50171,32.951,3.08466,-4822.05,0
19.1102,3554.79,-24.6923,22.6685,3.95901,-4982.31,0
20.3858,3559.77,-10.3413,27.8487,2.92708,-4426.32,0
21.6551,3566.27,-5.99227,29.9959,1.89917,-3866.45,0
22.9338,3559.93,54.7347,30.3333,1.59566,-3927.33,0
24.2104,3554.04,63.359,-8.9816,1.95098,-3963.62,0
25.475,3570.42,48.9961,-13.0282,0.69886,-3123.91,0
26.7567,3543.96,63.9279,-26.3833,2.4818,-3963.11,0
28.0426,3543.65,32.7066,-47.4442,2.56097,-3792.6,0
29.3202,3553.95,47.1232,-15.9911,1.33343,-3275.87,0
30.5948,3558.89,61.1889,6.18114,0.410997,-2977.81,0
31.8835,3548.01,49.5654,0.346858,1.69195,-3198.96,0
33.1517,3544.61,52.2209,-15.7033,1.80835,-3178.98,0
34.417,3537.44,93.1511,-42.5895,0.361329,-3270.43,0
35.696,3516.21,96.1374,-39.7501,2.04826,-3748.1,0
36.9663,3490.76,80.3797,-45.4152,4.71372,-4307.6,0
38.2518,3486.86,73.4363,-31.6413,4.57454,-4264.99,0
39.5285,3501.27,71.3835,-27.7667,2.86201,-3762.62,0
40.7975,3501.1,88.1802,-22.9863,1.27787,-3649.85,0
42.078,3478.17,114.734,-19.8922,1.63498,-4083.69,0
43.3578,3485.77,92.5242,0.140788,2.65299,-3787.82,0
44.6398,3505.04,99.6048,11.4317,0.0899617,-3247.24,0
45.9142,3487.86,80.2875,-8.68623,3.19721,-3531.36,0
47.1819,3463.15,65.1993,-24.6142,5.61026,-3960.19,0
48.4607,3451.17,71.48,-26.3496,4.59188,-4102.87,0
48.5009,3449.98,68.0745,-29.7554,4.94614,-4124.07,0
