1.27945,3609.82,38.1685,-5.69142,2.77686,-31403.8,0
2.56782,3615.32,42.0644,-1.78868,2.23483,-13504.3,0
3.84952,3616.2,50.4582,-22.8647,1.92331,-8780.8,0
5.13359,3640.18,26.6786,-0.666314,0.413041,-1913.26,0
6.42191,3621.36,-18.5407,6.87608,1.71113,-4459.05,0
7.6994,3639.09,-6.29342,38.3448,0.283765,-1417.39,0
8.97459,3622.02,-34.471,36.3907,1.30103,-3117.18,0
10.2358,3628.85,3.95245,39.9353,0.853421,-2066.48,0
11.5007,3609.61,13.6183,12.0953,2.35245,-3511.58,0
12.7896,3615.25,23.6546,30.9773,1.58274,-2717.21,0
14.0666,3600,17.8117,10.0181,2.48286,-3554.24,0
15.3474,3604.77,39.0808,18.6615,1.72948,-2947.31,0
16.626,3604.52,51.9902,36.4567,1.31911,-2735.29,0
17.9047,3583.33,69.2704,43.7626,2.45957,-3723.69,0
19.1819,3605.94,71.4574,47.5397,0.662933,-2297.21,0
20.4623,3596.75,62.3003,39.2563,1.51226,-2602.33,0
21.7423,3590.44,65.0907,78.969,1.30345,-2739.28,0
23.0232,3576.86,60.4412,89.538,2.0105,-3176.58,0
24.302,3595.07,76.1997,74.8814,0.506272,-2260.31,0
25.5718,3577.73,107.978,92.2265,0.885036,-2826.34,0
26.8423,3571.67,93.9656,76.328,1.88725,-2918.25,0
28.1106,3565.99,102.619,79.1809,1.88408,-2988.51,0
29.3864,3528.26,113.198,93.6204,3.74917,-4142.85,0
30.6631,3524.15,104.69,101.388,3.28925,-4104.19,0
31.9469,3503.59,118.964,106.383,3.4384,-4583.01,0
33.227,3504.86,106.461,98.5563,3.72497,-4368.17,0
34.4981,3525.75,122.575,103.157,0.838494,-3601.64,0
35.7711,3513.83,94.3343,112.209,2.25485,-3806.64,0
37.0414,3474.59,106.544,100.845,5.09046,-4735.47,0
38.312,3485.29,135.362,107.65,1.27086,-4299.28,0
39.5333,3449.99,138.608,139.228,2.56688,-5059.28,0
