1.27625,3631.72,103.163,6.05966,0.929978,-14322.5,0
2.55786,3634.23,110.431,34.6302,0.621353,-6164.32,0
3.82804,3606.68,103.092,35.545,2.29974,-11317.4,0
5.10599,3628.94,110.906,70.6529,0.415071,-4125.42,0
6.37387,3609.03,40.0677,18.8661,2.86197,-6428.09,0
7.65896,3608,30.074,32.3489,2.59415,-5483.97,0
8.9321,3611.61,21.7015,50.4006,1.9424,-4298.14,0
10.207,3631.67,-25.3032,57.7092,0.378162,-1796.06,0
11.4872,3602.12,-64.1487,83.9556,1.62724,-4168.32,0
12.7635,3596.66,-63.8016,63.5081,2.20771,-4179,0
14.0418,3598.95,-85.0897,65.0202,1.52146,-3635.83,0
15.3179,3607.88,-82.2589,74.4802,0.775268,-2750.06,0
16.6057,3593.58,-98.3746,57.3425,1.61808,-3397.44,0
17.8806,3583.49,-97.9503,108.099,1.62355,-3719.56,0
19.1493,3595.63,-136.194,81.4136,0.492641,-2839.11,0
20.42,3566.04,-133.33,98.5701,2.36631,-4111.84,0
21.7002,3553.85,-153.522,95.3344,2.57435,-4431.04,0
22.9775,3538.34,-160.046,126.224,2.97753,-4859.71,0
24.2623,3524.54,-174.65,129.904,3.02055,-5171.1,0
25.5381,3539.92,-181.411,123.549,1.49093,-4310.43,0
26.8059,3543.01,-182.473,140.546,0.805336,-3991.35,0
28.0827,3514.33,-169.973,151.487,3.1827,-4831.2,0
29.3632,3491.18,-170.009,142.942,4.83303,-5408.9,0
30.6372,3503.38,-210.152,125.068,1.7344,-4785.67,0
31.9107,3507.34,-196.857,136.788,1.49178,-4470.67,0
33.1788,3514.33,-182.164,128.022,1.8093,-4089.04,0
34.4485,3507.67,-182.857,124.123,2.08922,-4131.8,0
35.7198,3513.96,-146.566,134.024,2.66226,-3808.47,0
36.9988,3502.15,-155.186,148.48,2.17175,-3996.12,0
38.274,3517.92,-140.994,136.649,1.64509,-3450.8,0
39.5525,3537.75,-142.963,104.727,0.807466,-2838.08,0
40.8288,3519.62,-135.746,100.571,2.57677,-3193.29,0
42.0982,3516.86,-152.793,82.4101,2.07403,-3162.53,0
43.38,3514.63,-157.326,72.7511,2.04439,-3120.64,0
44.6577,3516.23,-156.169,101.843,1.05979,-2995.53,0
45.9322,3485.41,-156.881,97.4034,3.77142,-3583.43,0
47.218,3496.99,-149.595,82.3998,2.73843,-3240.47,0
48.4991,3481.16,-138.366,73.3457,4.42746,-3481.26,0
49.7743,3476.41,-113.776,70.9091,5.45129,-3487.6,0
50.6793,3450,-137.699,73.0472,5.03229,-3946.41,0
