1.27381,3633.64,-48.0325,49.1146,1.06111,-12839.7,0
2.54753,3625.46,-65.7519,53.0546,1.4408,-9631.36,0
3.83475,3627.21,-60.3972,62.7603,1.20981,-5942.97,0
5.11054,3637.42,-36.2069,42.155,0.816185,-2461.46,0
6.39269,3618.8,-14.9971,65.3265,2.12251,-4880.39,0
7.66614,3604.32,-8.44528,56.6725,3.10431,-5958.81,0
8.94948,3613.42,-16.4542,38.9553,2.13478,-4087.73,0
10.2166,3607.24,-7.41898,8.88592,2.86788,-4184.95,0
11.504,3592.08,-1.0862,28.2263,3.62574,-5035.1,0
12.7829,3608.54,-7.42204,9.97777,1.50246,-3243.23,0
14.0483,3598.96,5.89772,8.28341,2.33294,-3632.99,0
15.3216,3579.79,39.5137,9.55245,3.42303,-4582.33,0
16.5997,3580.71,15.3602,25.0051,2.94604,-4174.1,0
17.8823,3564.6,38.1502,26.2434,4.18336,-4775.72,0
19.153,3553.86,40.0903,27.423,4.60235,-5019.83,0
20.4338,3557.87,48.3698,37.9563,2.98912,-4508.64,0
21.7082,3568.12,50.0126,53.2237,1.1222,-3771.69,0
22.9779,3554.73,86.1979,47.1809,1.38086,-4145.99,0
24.2526,3546.7,104.863,21.5411,1.55224,-4259.37,0
25.5346,3519.61,114.066,26.833,3.3705,-5106.48,0
26.8076,3540.72,96.9756,28.7468,1.76556,-4076.33,0
28.0828,3547.52,98.7218,25.8469,0.957863,-3649.38,0
29.3546,3553.73,59.6862,65.8745,0.890336,-3279.64,0
30.6294,3549.71,74.6399,45.797,1.26346,-3274.33,0
31.906,3522.23,95.6379,30.1712,3.31854,-4004.58,0
33.1817,3524.08,69.2236,76.4112,2.65503,-3794.84,0
34.4638,3514.98,62.4853,70.8073,3.7959,-3917.65,0
35.7352,3528.4,66.9536,74.2414,1.20791,-3402.88,0
37.015,3534.26,48.8825,62.7771,1.68355,-3126.75,0
38.2878,3517.51,57.9011,51.0191,3.70598,-3460.25,0
39.5713,3521.48,49.5823,41.5925,3.22881,-3247.71,0
40.848,3515.7,58.4053,38.6552,3.54135,-3287.77,0
42.1262,3495.6,43.5432,29.3135,6.54998,-3665.19,0
43.3977,3495.92,41.286,30.9074,4.06964,-3550.45,0
44.6754,3491.54,52.3923,45.599,1.91616,-3546.87,0
45.9493,3479.67,20.1875,66.8053,3.36832,-3706.95,0
47.222,3490.94,15.7232,69.6234,0.98144,-3368.33,0
48.4927,3480.82,-12.4982,70.722,2.19069,-3488.87,0
49.7747,3481.99,-1.43932,77.6407,0.764591,-3375.45,0
51.0399,3469.03,2.79784,61.6332,4.9969,-3545.66,0
52.3127,3475.01,4.61754,75.0505,1.23323,-3345.17,0
53.4677,3449.97,12.686,76.8537,4.09797,-3741.1,0
