1.26971,3635.23,34.5637,23.811,1.0986,-11635.4,0
2.54572,3633.07,32.5446,32.3328,1.17617,-6650.04,0
3.82765,3625.72,41.1978,61.6333,1.38052,-6344.07,0
5.10797,3603.09,31.6449,64.967,3.11633,-9184.39,0
6.38268,3595.81,20.8448,61.9644,3.40745,-8489.74,0
7.6704,3573.56,-8.54417,55.1657,5.41682,-9965.49,0
8.93622,3577.07,3.10399,44.1607,4.14608,-8161.55,0
10.2097,3599.53,4.28245,29.2694,1.46552,-4943.27,0
11.4798,3582.97,-6.46363,24.7214,3.01849,-5839.27,0
12.7577,3564.03,12.9512,22.9493,4.30772,-6738.55,0
14.0295,3563.85,13.8059,35.0502,3.22918,-6140.47,0
15.3038,3566.44,8.86453,29.734,2.72737,-5460.23,0
16.5762,3566.15,0.584777,20.6627,1.84181,-5058.39,0
17.8514,3573.91,10.251,18.0781,0.656723,-4262.67,0
19.1316,3557.21,4.20447,4.26702,3.22348,-4849.96,0
20.4083,3539.18,-11.0069,14.6838,5.54705,-5429.99,0
21.6908,3555.99,-42.3673,-0.908678,1.2323,-4334.3,0
22.9674,3552.73,-5.10757,7.87298,2.721,-4235.32,0
24.2406,3554.25,9.78256,-4.64407,2.18964,-3949.88,0
25.5055,3547.3,49.4205,35.1547,1.20114,-4026.48,0
26.7829,3537.63,34.5223,45.8056,2.60889,-4195.61,0
28.0573,3537.24,42.3964,39.9356,2.31123,-4018.83,0
29.3363,3527.71,25.9756,48.6478,3.44252,-4168.44,0
30.6141,3524.83,38.0576,37.0369,3.41456,-4088.52,0
31.8903,3528.77,34.2562,31.8239,2.81131,-3801.62,0
33.1672,3524.75,13.3887,27.5557,4.52579,-3776.26,0
34.4283,3512.45,5.11577,40.7029,4.22138,-3995.39,0
35.7114,3509.92,11.1842,34.6001,4.20321,-3922.52,0
36.9968,3518.72,13.5205,44.4266,0.694879,-3548.48,0
38.2837,3517.01,8.80541,35.3515,2.11652,-3473.73,0
39.5576,3507.54,20.9218,11.1117,5.69447,-3601.38,0
40.8391,3513.8,19.5362,0.165291,3.03942,-3335,0
41.9257,3496.16,-0.117789,0.754473,7.69439,-3669.38,0
