1.2755,3643.97,-27.9749,-2.41187,0.395801,-4729.39,0
2.54509,3625.99,-1.55063,-37.9389,1.8425,-9433.43,0
3.81207,3591.7,-14.3016,-42.9991,4.47403,-15294.2,0
5.09097,3590.56,-16.3857,-45.8566,3.56891,-11675.6,0
6.37383,3607.23,-24.8543,-47.9503,1.53062,-6710.88,0
7.65294,3597.4,-9.1208,-34.9607,2.57708,-6872.78,0
8.92967,3582.21,-0.833445,-40.4426,3.85745,-7591.14,0
10.1972,3595.45,-1.69664,-19.6455,2.38374,-5349.77,0
11.4677,3600.54,-3.09937,10.6674,1.74131,-4313.35,0
12.7466,3572.96,-8.61088,14.6686,4.4852,-6043.69,0
14.0249,3577.29,-30.9844,-7.02218,3.1036,-5184.63,0
15.3021,3595.47,-39.6705,6.20367,0.66883,-3563.65,0
16.574,3579.11,-53.448,0.906259,2.202,-4277.31,0
17.8484,3579.36,-46.2408,6.91987,2.2249,-3957.97,0
19.1334,3569.87,-67.9613,13.074,2.22282,-4187.86,0
20.3958,3569.74,-86.0277,47.5797,1.10696,-3934.96,0
21.6791,3561.34,-45.5977,38.773,3.45079,-4089.69,0
22.9525,3581.64,-65.1502,28.9395,0.378014,-2978.18,0
24.2286,3573.43,-61.7288,39.7609,1.06809,-3160.42,0
25.5045,3572.03,-56.3218,49.8366,1.09907,-3057.27,0
26.7752,3563.54,-31.3306,47.4945,2.66967,-3229.02,0
28.0663,3550.16,-29.0524,65.0798,3.24306,-3557.19,0
29.3344,3536.67,-24.5185,82.3745,3.62443,-3863.24,0
30.6052,3527.64,-14.0164,77.8458,4.41406,-3997.92,0
31.8816,3534.78,6.46281,84.1958,2.54863,-3614.05,0
33.1467,3533.89,-4.89762,73.1118,3.14987,-3503.06,0
34.4249,3518.3,3.47556,67.5437,5.3528,-3825.82,0
35.7045,3531.88,23.6368,67.154,1.92081,-3308.28,0
36.9728,3552.63,6.45659,35.9961,0.661802,-2633.65,0
38.2489,3538.3,-12.2556,19.916,3.74435,-2920.34,0
39.527,3549.28,-1.52761,39.0125,0.506661,-2548.12,0
40.8058,3537.23,-14.2919,38.0775,2.46083,-2763.6,0
42.0801,3511.67,-28.207,44.7898,5.51934,-3287.31,0
43.3644,3512.98,-56.3998,79.586,0.311593,-3159.77,0
44.6329,3504.17,-31.0085,66.278,3.55403,-3267.37,0
45.9083,3499.25,-38.0784,64.7644,3.6181,-3283.72,0
47.1867,3503.7,-23.0273,43.0672,5.41862,-3100.44,0
48.4616,3493.12,-26.1155,59.7264,3.52359,-3237.19,0
49.7434,3473.37,-70.4437,78.2581,1.07619,-3550.81,0
51.0207,3469.3,-58.7589,36.1199,5.81759,-3541.63,0
52.304,3481.7,-67.6603,32.8945,1.23792,-3217.74,0
53.5804,3488.04,-61.2747,12.5904,1.79305,-3022.67,0
54.8656,3496.08,-53.3354,-4.4134,1.52543,-2805.33,0
56.1453,3490.23,-53.7779,-21.7133,1.69634,-2845.72,0
57.418,3472.1,-25.5556,-61.402,3.17689,-3098.3,0
58.6906,3463.77,-21.7222,-71.2097,2.50845,-3173.15,0
59.0306,3449.94,-31.4057,-81.4414,2.18988,-3389.06,0
