1.27654,3627.56,30.0678,-5.35198,1.77707,-17580.5,0
2.55533,3629.47,10.0992,-1.60967,1.65401,-8033.25,0
3.82793,3606.68,24.194,18.4613,3.34932,-11315.6,0
5.10081,3624.06,34.3881,13.2685,1.33085,-5085.79,0
6.37947,3637.43,5.74058,24.424,0.2129,-1970.36,0
7.66355,3634.4,-12.084,52.2717,0.197425,-2035.02,0
8.94254,3614.51,-10.023,45.7419,2.02518,-3968.22,0
10.2166,3610.11,-3.75471,48.1532,2.33692,-3904.34,0
11.4891,3620.07,-18.9899,7.20256,1.48373,-2605.2,0
12.7563,3602.98,-27.2269,14.9099,2.77735,-3686.29,0
14.0336,3596.7,-23.7476,5.84205,3.15957,-3797.71,0
15.3096,3613.02,-28.2689,-15.6542,1.18862,-2415.43,0
16.582,3611.43,-18.5354,-25.2451,1.34116,-2325.74,0
17.8576,3591.42,-14.293,-34.4224,3.18257,-3280.57,0
19.1333,3554.64,-11.3386,-39.2177,5.95048,-4984.1,0
20.4146,3554.76,-23.8804,-51.1033,3.94674,-4665.35,0
21.6969,3555.53,-21.0115,-45.1887,3.42983,-4354.2,0
22.9784,3557.57,-6.48801,-58.6641,2.14575,-4022.29,0
24.2456,3532.65,-4.14743,-72.6144,4.49596,-4839.85,0
25.5251,3537.02,-3.86045,-55.789,4.15268,-4426.43,0
26.8089,3533.3,-14.4613,-30.3328,5.2985,-4353.17,0
28.0869,3530.87,-5.67903,-27.0484,3.48964,-4241.6,0
29.3612,3528.85,12.4749,-11.6829,3.32851,-4126.21,0
30.6396,3529.43,-17.7296,0.926991,2.74985,-3934.98,0
31.9082,3508.87,-19.7393,-4.05651,6.71631,-4423.11,0
33.1848,3509.81,-24.8599,-0.255459,4.01257,-4224.56,0
34.4623,3522.27,-21.8793,9.76313,0.0475741,-3706.41,0
35.731,3494.28,-16.2693,26.975,6.35796,-4358.01,0
37.0017,3493.54,-36.497,26.8955,2.35626,-4228.51,0
38.2701,3470.55,-33.7306,42.3567,4.68673,-4688.93,0
39.5482,3463.93,-23.2593,44.6055,4.54828,-4704.93,0
39.9484,3449.95,-40.9563,55.4731,2.41769,-5007.75,0
