1.2766,3630.61,36.2251,-15.3346,1.60737,-15186.8,0
2.55283,3622.87,41.0063,15.4794,2.21227,-10628.3,0
3.83085,3614.28,44.2426,11.3415,2.51356,-9324.25,0
5.10831,3627.95,48.9883,-5.66154,0.975256,-4315.64,0
6.37981,3632.64,57.6072,7.99136,0.439826,-2720.97,0
7.65809,3603.78,67.6271,-28.1563,2.68934,-6035.62,0
8.93016,3587.63,45.7021,-31.9776,4.47625,-6984.57,0
10.2073,3573.94,28.8282,-30.678,5.33044,-7451.87,0
11.4891,3569.19,43.7485,-31.9306,3.92458,-7033.49,0
12.7739,3562.66,22.3675,-47.8905,3.88511,-6837.49,0
14.0579,3575.38,0.697851,-50.6403,1.83027,-5307.8,0
15.3362,3546.97,-8.80419,-58.3679,4.7698,-6717.94,0
16.6116,3534.04,-9.99909,-45.4256,5.53882,-6980.82,0
17.8896,3540.27,-12.4672,-62.9935,2.45785,-6133.78,0
19.1631,3561.81,12.5913,-46.2719,0.164118,-4602.3,0
20.4396,3564.97,-14.6811,-3.79177,0.569643,-4160.16,0
21.7085,3542.7,-27.4048,8.49453,3.85779,-4942.61,0
22.9734,3543.64,-27.1008,-10.4334,3.01776,-4629.57,0
24.2539,3539.04,-33.1662,7.33681,3.11406,-4574.93,0
25.5308,3532,-41.9715,15.8236,3.30014,-4621.78,0
26.8036,3530.5,-28.8767,20.5554,4.17891,-4458.22,0
28.0759,3523.72,-21.0929,31.5134,3.8638,-4497.71,0
29.3519,3517.15,-23.9966,24.3892,5.41147,-4526.16,0
30.6258,3507.36,-26.4136,22.0538,4.88232,-4657.63,0
31.873,3495.94,0.79759,0.0777526,2.38315,-4833.51,0
