1.27763,3623.11,-3.08618,47.9892,2.03433,-21050,0
2.54775,3629.39,-13.9033,2.29578,1.70686,-8090.52,0
3.82267,3595.55,-18.3464,-23.9924,4.25424,-14244.3,0
5.10132,3579.69,-25.8544,-35.7216,4.3522,-13783.4,0
6.374,3563.78,-26.4024,-23.5109,5.27902,-13527.6,0
7.64688,3586.26,-31.2925,-26.4831,1.69126,-8335.1,0
8.91028,3588.2,-40.5611,-26.8394,1.27445,-6935.91,0
10.1891,3575.54,-54.7456,-69.3944,1.40759,-7307.82,0
11.4647,3556.61,-70.6152,-65.8652,2.87397,-8146.02,0
12.7358,3552.18,-68.2807,-71.2137,2.90351,-7680.96,0
14.0041,3549.33,-76.2758,-98.1757,1.99302,-7188.42,0
15.2855,3543.12,-81.8485,-108.28,1.56037,-6992.04,0
16.552,3543.82,-77.0459,-120.445,1.11979,-6415.14,0
17.8251,3536.44,-117.423,-103.583,1.2336,-6370.68,0
19.1034,3525.44,-136.71,-88.6435,1.87565,-6520.08,0
20.3832,3511.21,-136.43,-95.6749,2.86151,-6808.82,0
21.649,3505.74,-110.71,-96.3789,4.45541,-6663.63,0
22.9292,3509.96,-138.176,-88.0933,2.03843,-6107.56,0
24.197,3517.91,-109.411,-80.8664,2.93565,-5459.11,0
25.4807,3505.23,-111.44,-83.7624,3.63605,-5681.46,0
26.7609,3498.68,-134.297,-91.2487,2.49676,-5654.69,0
28.0266,3486.96,-109.422,-102.545,4.35291,-5817.28,0
29.3039,3490.29,-133.325,-95.1909,2.04825,-5450.25,0
30.591,3484.61,-142.716,-94.6942,1.84761,-5406.45,0
31.8741,3491.29,-156.202,-75.9485,0.744585,-4979.4,0
33.1395,3501.87,-137.391,-85.6066,0.709799,-4469.75,0
34.4076,3496.68,-116.373,-63.1654,3.65526,-4456.09,0
35.6801,3504.46,-141.406,-69.6752,0.27462,-4079.1,0
36.9591,3511.5,-128.179,-52.8484,0.975573,-3747.52,0
38.2276,3505.25,-103.258,-79.8232,2.21105,-3786.4,0
39.5011,3508.31,-89.6063,-80.3833,2.56819,-3586.97,0
40.7707,3503.8,-86.0059,-110.396,1.59966,-3586.02,0
42.0461,3507.66,-46.3536,-85.0959,4.08018,-3385.38,0
43.323,3516.14,-41.2219,-87.0385,2.85415,-3089.78,0
44.6007,3503.42,-37.5275,-116.704,2.40567,-3286.44,0
45.8764,3517.1,-38.6517,-105.839,1.03257,-2896.88,0
47.1528,3508.49,-17.2619,-119.041,1.33703,-3001.04,0
48.4274,3513.72,1.46768,-81.6001,3.38327,-2814.19,0
49.7036,3506.41,-28.2742,-87.9048,2.80016,-2888.89,0
50.984,3512.77,-30.1208,-80.7762,2.30752,-2691.63,0
52.2611,3498.92,-32.2307,-98.1978,2.49824,-2890.88,0
53.5399,3505.76,-24.8392,-97.9738,1.64485,-2693.98,0
54.8118,3494.7,-40.8196,-114.304,1.07632,-2833.27,0
56.0884,3478.02,-23.3056,-83.8608,5.81048,-3066.16,0
57.364,3465.86,-24.1673,-101.246,4.40164,-3209.97,0
58.6401,3477.92,-21.1338,-101.25,2.55829,-2934.54,0
59.9047,3478.9,-3.75444,-84.3744,4.41056,-2856.21,0
61.1794,3467.34,20.8157,-96.9185,3.65365,-2985.64,0
62.1573,3450.01,28.4554,-103.406,4.18874,-3217.48,0
