1.27883,3631.74,-9.60257,-46.6463,1.47303,-14275.1,0
2.55299,3638.55,-55.1074,-56.8972,0.396523,-4484.48,0
3.81207,3620.36,-38.2189,-72.4791,1.80115,-7775.92,0
5.08743,3623.12,-17.2817,-99.3288,1.12087,-5282.92,0
6.35522,3622.76,-52.4731,-136.688,0.100192,-4286.53,0
7.62937,3601.24,-65.5918,-142.342,1.50447,-6390.64,0
8.90048,3616.45,-80.9363,-127.326,0.263584,-3769.13,0
10.1776,3621.7,-64.7861,-97.6179,0.563618,-2780.24,0
11.4454,3584.76,-62.45,-103.107,3.0739,-5700.05,0
12.7273,3570.22,-53.5804,-112.778,3.59835,-6268.44,0
14.0062,3563.31,-77.0934,-113.262,3.48112,-6189.22,0
15.2788,3552.16,-82.0843,-107.182,3.53917,-6403.59,0
16.5605,3558.2,-93.6128,-82.7507,2.36653,-5543.35,0
17.8431,3525.35,-88.0935,-69.2583,4.97248,-6986.11,0
19.116,3540.53,-55.7187,-69.5633,3.98778,-5726.39,0
20.3861,3544.21,-57.7452,-65.4548,2.99339,-5189.2,0
21.6695,3544.37,-51.9259,-66.2234,2.70657,-4874.47,0
22.9409,3513.23,-30.6612,-89.8877,4.9004,-5961.69,0
24.2217,3526.34,-16.47,-123.106,0.680556,-5105.37,0
25.4827,3512.75,-26.943,-119.321,2.32228,-5385.86,0
26.768,3508.19,-44.5445,-125.52,1.93945,-5297.6,0
28.0489,3502.56,-40.0315,-108.12,3.43581,-5256.66,0
29.3253,3504.63,-53.6113,-117.132,1.7647,-4957.13,0
30.5998,3505.59,-36.3316,-121.262,1.92016,-4719.25,0
31.8725,3498.66,-46.0422,-89.6653,4.3373,-4748.39,0
33.1475,3517.5,-33.7706,-59.4146,3.99625,-3997.34,0
34.4309,3501.48,-55.3155,-74.7712,3.32633,-4313.52,0
35.712,3489.4,-68.2745,-80.071,3.20007,-4497.04,0
36.9795,3472.49,-69.0669,-92.6794,3.87957,-4800.2,0
38.2549,3491.86,-63.5708,-102.313,0.333539,-4133.77,0
39.5298,3458.9,-88.6346,-100.367,2.71228,-4834.22,0
40.394,3449.94,-119.486,-80.7299,2.2996,-4952.72,0
