1.27786,3630.2,-39.4567,31.2057,1.64438,-15490.9,0
2.55339,3615.97,-51.6563,30.0688,2.73408,-13327.5,0
3.83156,3578.99,-61.035,21.6574,5.42221,-18532.2,0
5.10438,3597.04,-84.4095,28.046,1.92728,-10376.1,0
6.38499,3579.55,-72.9477,31.3298,3.43007,-11033.8,0
7.66822,3578.91,-55.4655,30.7812,3.30233,-9270.62,0
8.94239,3584.54,-60.6055,44.0692,1.92793,-7320.5,0
10.2157,3589.41,-26.7467,38.9655,1.98568,-5931.36,0
11.4807,3576.55,-10.8263,24.4861,3.75616,-6397.58,0
12.7641,3578.71,-16.1041,11.1151,3.21408,-5584.95,0
14.0456,3582.82,-23.7405,-3.11302,2.42532,-4783.16,0
15.3129,3575.15,-45.7407,16.7351,2.55525,-4887.77,0
16.5928,3554.54,-50.1851,30.6492,4.18001,-5753.32,0
17.8637,3554.45,-42.879,25.6308,3.99325,-5348.98,0
19.1456,3558.19,-39.3259,38.9754,2.61842,-4795.39,0
20.4262,3552.15,-51.6701,45.5668,2.39801,-4790.4,0
21.7001,3554.46,-49.6499,28.0279,2.50283,-4402.97,0
22.9793,3547.79,-59.1814,2.16887,3.07618,-4447.81,0
24.2398,3556.91,-77.6876,-17.1333,0.748431,-3840.26,0
25.5126,3564.68,-59.3067,-17.7509,0.537901,-3344.43,0
26.7947,3559.39,-51.1965,-45.1756,0.899187,-3381.76,0
28.0718,3553.16,-64.0453,-35.2831,1.36232,-3449.76,0
29.3469,3544.57,-86.7847,-49.706,0.83352,-3592.42,0
30.6233,3551.8,-69.4946,-43.6336,0.877358,-3206.73,0
31.8945,3541.57,-82.5149,-28.2512,1.62901,-3399.65,0
33.1708,3554.41,-52.8529,-44.4085,0.973242,-2881.9,0
34.4512,3537.17,-59.9371,-101.928,0.300526,-3275,0
35.7306,3531.68,-55.6458,-88.5468,1.59012,-3311.38,0
37.0135,3544.64,-69.2997,-59.9956,0.744153,-2846.4,0
38.2865,3553.19,-52.9045,-26.529,1.31366,-2528.5,0
39.5681,3547.93,-43.049,-30.4755,2.20687,-2579.69,0
40.8524,3530.03,-38.3491,-51.0723,3.37177,-2936.64,0
42.1271,3540.76,-46.0017,-31.6406,2.1672,-2593.08,0
43.3982,3513.54,-50.43,-16.2582,5.61087,-3144.47,0
44.665,3501.87,-30.3447,-21.3928,7.07722,-3316.39,0
45.9528,3488.4,-12.9273,-19.0347,9.07082,-3516.7,0
47.0291,3485.53,-2.88015,0.10254,3.99529,-3497.14,0
