1.28133,3646.33,-38.9486,11.4691,0.209238,-2867.01,0
2.55059,3620.39,-50.0964,50.0636,1.82135,-11609.1,0
3.82633,3617.12,-44.7329,91.6069,1.43439,-8592.83,0
5.10931,3603.52,-33.1874,115.696,1.83888,-9096.64,0
6.38196,3603.97,-56.972,108.546,1.65975,-7212.91,0
7.65242,3608.89,-85.7172,75.2618,1.41928,-5372.38,0
8.92631,3621.18,-69.4108,67.3628,0.719491,-3229.21,0
10.1996,3615.1,-76.6532,60.4889,1.08192,-3421.6,0
11.4659,3624.91,-79.2546,41.1506,0.430809,-2187.84,0
12.7464,3598.64,-87.4927,58.5742,2.26416,-4029.49,0
14.0351,3585.62,-92.2519,80.5301,2.53068,-4586.93,0
15.3188,3582.31,-117.598,119.53,1.45328,-4418.93,0
16.5902,3561.7,-146.744,116.306,2.68984,-5322.16,0
17.8687,3560.03,-138.618,107.242,3.0152,-5034.94,0
19.1488,3554.19,-112.936,101.446,3.93275,-5003.33,0
20.4228,3566.51,-84.9958,83.9914,3.53997,-4088.24,0
21.6878,3541.42,-77.6067,80.8658,5.47687,-5006.68,0
22.9599,3549.02,-106.13,81.8332,2.2392,-4398.26,0
24.2315,3537.13,-100.931,63.0291,4.11577,-4658.19,0
25.5159,3536.81,-93.2268,58.7992,3.88029,-4436.25,0
26.7986,3531.26,-104.444,31.9213,3.41971,-4430.66,0
28.0648,3520.04,-116.976,32.8856,3.36699,-4630.83,0
29.3467,3507.28,-107.052,34.0524,4.64478,-4863.2,0
30.622,3487.3,-96.8012,43.8617,5.51387,-5313.29,0
31.9055,3482.24,-93.3303,49.1346,4.18359,-5258,0
33.1864,3479.7,-64.0789,50.5169,5.65159,-5131.66,0
34.4714,3487.56,-66.933,58.2292,2.17932,-4712.45,0
35.7473,3504.33,-41.4341,49.1639,2.46105,-4074.91,0
37.0172,3495.68,-38.6214,39.0886,4.87887,-4168.92,0
38.2903,3511.71,-43.8325,21.1699,2.00215,-3611.64,0
39.5612,3510.7,-53.7484,13.8001,1.18097,-3521.21,0
40.8424,3498.71,-28.1158,18.1127,6.47092,-3704.36,0
42.1155,3509.69,-20.416,31.5576,1.31953,-3331.52,0
43.3923,3508.79,-6.49399,35.1282,1.62968,-3254.3,0
44.6598,3474.72,-16.6995,-2.96159,5.98049,-3924.74,0
45.4605,3488.4,-1.50933,1.72657,9.33639,-3554.84,0
