1.27326,3640.96,0.111332,38.3052,0.713424,-7099.48,0
2.54564,3640.05,5.3277,29.2293,0.818282,-3909.73,0
3.8275,3627.31,-7.92112,29.4836,1.87108,-5929.05,0
5.10645,3617.92,1.8315,55.7893,2.25795,-6282.43,0
6.38743,3600.73,22.6837,53.7836,3.27211,-7713.93,0
7.66049,3577.77,-0.321685,47.5575,5.07469,-9429.17,0
8.93378,3589.47,-21.062,61.1662,2.45509,-6775.25,0
10.2063,3592.3,-18.1718,54.8909,2.2067,-5653.11,0
11.479,3605.11,-11.8731,66.186,0.587032,-3910.33,0
12.7454,3600.88,-22.29,31.2016,1.46358,-3854.14,0
14.0284,3595.37,9.2821,-4.37336,2.1934,-3894.57,0
15.3079,3606.86,-16.83,18.4052,0.787746,-2818.22,0
16.5769,3591.59,-61.966,29.0007,1.56494,-3523.85,0
17.8504,3573.49,-49.9725,8.12035,3.69147,-4286.44,0
19.133,3574.17,-30.5021,-13.9172,3.51551,-3963.07,0
20.4211,3550.09,-51.1637,-34.201,4.95713,-4892.33,0
21.6951,3541.69,-79.4098,-49.4771,3.45384,-4992.58,0
22.9688,3565.61,-51.6329,-48.2797,1.5306,-3674.1,0
24.2407,3541.91,-44.0567,-42.7192,4.43587,-4458.83,0
25.5245,3529.01,-29.5589,-35.5118,5.18179,-4740.19,0
26.7997,3549.06,-30.515,-51.8311,0.223823,-3766.37,0
28.0718,3535.65,-73.5357,-47.194,0.371153,-4073.58,0
29.3559,3518.41,-44.9075,-32.4406,4.71766,-4482.71,0
30.6309,3533.15,-46.5099,-40.1866,1.19201,-3814.92,0
31.9092,3535.65,-31.261,-19.3864,2.41601,-3583.65,0
33.1793,3523.52,-51.1682,-14.6108,2.54148,-3812.06,0
34.4482,3529.3,-10.5938,-5.68911,4.19496,-3503.7,0
35.7263,3533.89,-6.92056,-6.98118,2.52115,-3249.9,0
36.9968,3513.74,1.71704,-10.0265,7.91757,-3682.95,0
38.273,3507.1,19.0816,-16.2439,4.25626,-3733.62,0
39.5483,3503.76,-1.6281,-8.95684,7.43171,-3697.77,0
40.8234,3497.29,-6.12668,-21.1184,3.68661,-3740.68,0
42.1007,3489.58,3.143,-34.3117,1.95055,-3810.31,0
43.3769,3484.65,7.06684,-35.7498,2.19348,-3811.91,0
44.6498,3468.83,-6.31208,-39.5863,4.41099,-4057.58,0
45.9315,3471.54,-2.64193,-32.3483,4.98623,-3885.31,0
47.2043,3476.78,4.76474,-34.1414,0.813593,-3669.59,0
48.4814,3466.62,11.3797,-37.1226,0.872001,-3782.51,0
49.7527,3470.58,13.3913,-18.1132,6.84927,-3606.28,0
50.7927,3485.59,0.890558,-2.6004,10.6937,-3236.81,0
