1.27617,3638.29,-45.4595,-53.4268,0.619147,-9178.4,0
2.54639,3631.58,-86.5962,-68.7971,0.454548,-7234.15,0
3.82436,3611.86,-48.7271,-73.6774,2.38418,-9973.99,0
5.09084,3620.87,-22.4786,-103.908,1.0778,-5721.18,0
6.36773,3620.28,5.05999,-95.4067,1.31072,-4668.06,0
7.64395,3610.1,26.361,-141.346,1.09752,-5219.22,0
8.91488,3598.1,23.8909,-131.708,2.27508,-5821.42,0
10.1921,3574.12,24.7843,-144.715,3.88775,-7444.59,0
11.4804,3584.79,48.4555,-144.431,2.19426,-5680.3,0
12.7483,3593.78,71.7475,-118.772,1.75263,-4410.21,0
14.0281,3597.83,83.4579,-108.857,1.35223,-3718.76,0
15.3095,3589.54,66.6298,-109.219,2.10534,-3948.93,0
16.5871,3584.72,54.093,-147.198,1.6933,-3935.8,0
17.8546,3569.12,61.296,-133.356,3.29876,-4529.84,0
19.1253,3561.71,56.5268,-137.592,3.54853,-4616.33,0
20.3985,3552.89,42.759,-136.363,3.95842,-4760.59,0
21.6652,3541.12,52.4792,-130.812,4.25846,-5025.36,0
22.9426,3533.32,63.4621,-129.032,4.24312,-5085.76,0
24.2287,3530.46,74.9925,-134.885,3.0958,-4933.64,0
25.5037,3522.56,76.05,-134.667,3.41863,-4996.79,0
26.7771,3520.1,54.4902,-157.527,2.42398,-4851.04,0
28.0594,3507.72,32.0515,-151.948,4.46332,-5070.83,0
29.3389,3520.1,35.4788,-149.199,2.37359,-4427.65,0
30.618,3495.62,33.9914,-161.18,4.29114,-5042.12,0
31.898,3500.26,28.9297,-151.949,3.65071,-4694.24,0
33.1723,3481.4,25.6243,-170.22,3.5987,-5082.55,0
34.4444,3479.9,-5.6778,-198.04,0.902953,-4938.27,0
35.7146,3466.36,1.44519,-213.914,0.538957,-5141.73,0
36.1997,3449.97,-6.55029,-218.728,1.86701,-5525.79,0
