1.27671,3627.34,10.0122,4.3656,1.90767,-17751.2,0
2.5454,3590.76,10.3298,21.0693,5.15688,-23273.9,0
3.81811,3597.58,-0.53962,36.2739,2.97272,-13730,0
5.10213,3596.44,12.4924,54.5454,2.46938,-10498.1,0
6.38013,3585.46,1.73689,76.7075,2.83847,-10115,0
7.64682,3587.79,-10.8705,93.13,1.90618,-8135.9,0
8.91849,3584.45,-17.4274,79.3342,2.42408,-7350.17,0
10.1858,3583.57,-19.2064,96.0112,1.77718,-6521.89,0
11.4645,3593.65,-34.4203,103.808,0.49933,-4914.86,0
12.7448,3577.86,-19.046,96.5239,2.30836,-5660.41,0
14.0285,3560.78,-56.0887,128.524,2.32774,-6359.8,0
15.3086,3581.66,-35.7391,96.7515,1.51724,-4463.94,0
16.5932,3578.56,-29.8875,71.5015,2.48185,-4305.62,0
17.8694,3600.74,-55.5688,20.4232,0.632389,-2756.71,0
19.1475,3603.08,-69.2721,20.1193,0.0824793,-2450.65,0
20.4239,3587.66,-72.0441,37.9114,1.31523,-3052.14,0
21.6973,3580.26,-93.3026,52.1838,1.1584,-3214.01,0
22.9694,3576.84,-68.1612,72.5089,1.5204,-3185.15,0
24.2471,3553.7,-86.4856,99.684,2.53928,-3971.71,0
25.527,3585.7,-72.4875,59.6233,0.587308,-2518.84,0
26.7984,3572.5,-100.916,34.0348,1.38068,-2891.92,0
28.0698,3577.89,-105.17,2.21286,0.797993,-2568.83,0
29.3451,3570.82,-85.7928,21.4733,2.07346,-2698.37,0
30.6151,3572.43,-98.3161,10.667,1.42714,-2533.86,0
31.9024,3535.76,-94.846,-8.32113,5.00503,-3580.8,0
33.1907,3536,-96.5147,-1.33227,3.54887,-3434.68,0
34.4675,3527.94,-96.5741,-10.0517,3.85949,-3541.36,0
35.7354,3551.92,-75.6318,-10.4053,1.57519,-2744.5,0
37.0159,3552.64,-69.7125,-12.56,1.60569,-2630.16,0
38.2894,3551.52,-94.2727,-8.85474,0.517601,-2572.09,0
39.5686,3542.72,-111.992,-20.3412,0.378963,-2711.12,0
40.8409,3539.2,-111.665,-39.8456,0.37815,-2712.94,0
42.1141,3522.54,-94.8542,-30.3159,3.30215,-3026.46,0
43.3872,3508.78,-95.6154,-6.75438,4.75943,-3254.79,0
44.6682,3505.31,-78.6869,-26.251,4.53712,-3239.13,0
45.9467,3503.95,-68.1147,-15.0021,4.91559,-3178.71,0
47.2211,3506.41,-76.0681,-25.817,2.70286,-3040.77,0
48.4989,3519.35,-36.4801,1.26136,4.39176,-2693.97,0
49.7716,3519.09,-74.7434,9.95416,0.348887,-2630.2,0
51.0427,3489.1,-47.2418,22.2178,7.22259,-3152.2,0
52.3123,3499.66,-27.0409,22.5798,5.7732,-2873.93,0
53.5894,3502.48,-47.1784,16.1409,0.991729,-2752.73,0
54.8653,3475.17,-51.2285,12.3121,4.81573,-3186.55,0
56.1342,3458.61,-55.2001,46.1943,3.22059,-3409.54,0
56.2576,3449.96,-57.0113,45.8116,4.21041,-3555.72,0
