1.28445,3609.85,15.9519,14.786,3.64851,-31257.9,0
2.56385,3598.12,27.6721,-1.50001,4.43277,-20235.7,0
3.82934,3580.43,42.4972,-17.4594,4.90051,-18168.3,0
5.09975,3593.86,51.8728,-11.9651,2.5194,-11008.3,0
6.37323,3590.79,45.9504,0.611181,2.84375,-9290.06,0
7.64955,3605.85,55.5393,23.4127,0.894267,-5771.66,0
8.91974,3580.97,59.333,22.2666,3.21073,-7739.55,0
10.2009,3576.14,62.0212,23.1773,2.8385,-7240.45,0
11.4761,3595.58,60.3584,-2.77713,0.738925,-4742.04,0
12.7452,3595.9,53.3889,2.99364,0.840862,-4244.82,0
14.0222,3594.07,5.14705,-8.45992,1.52959,-3988.71,0
15.2935,3592.35,14.2027,17.7976,1.58435,-3769.43,0
16.5764,3593.22,-15.9746,42.5719,1.07323,-3425.22,0
17.8486,3579.99,-7.57117,85.0927,1.36518,-3922.42,0
19.128,3587.36,-6.61499,72.3525,0.954296,-3274.66,0
20.4071,3586.55,-16.6483,70.4842,1.02485,-3108.97,0
21.6858,3583.46,-1.36741,60.6773,1.60748,-3068.52,0
22.9605,3584.47,-19.7947,81.944,0.743559,-2853.9,0
24.2417,3565.78,10.9166,89.9992,2.08291,-3474.02,0
25.5164,3534.38,25.2388,106.838,4.55011,-4531.35,0
26.798,3550.5,34.7773,105.975,1.8536,-3712.78,0
28.0678,3564.73,49.6113,97.6214,0.277027,-3037.9,0
29.3459,3558.87,50.5335,72.7678,1.71744,-3105.28,0
30.6177,3552.77,62.4484,82.9188,1.4847,-3175.47,0
31.8951,3537.65,70.628,95.6977,2.19697,-3522.55,0
33.1664,3546.3,49.001,100.296,1.39774,-3126.69,0
34.4439,3527.53,51.4267,120.369,1.90589,-3555.64,0
35.7225,3528.51,54.1411,92.5646,3.04134,-3400.84,0
37.001,3535.16,70.3923,59.1518,2.87151,-3103.68,0
38.2731,3529.15,57.7829,45.4955,4.05227,-3157.56,0
39.5518,3515.52,54.9775,44.1559,5.11111,-3400.04,0
40.8378,3503.88,37.3629,39.2569,6.54959,-3578.02,0
42.1162,3506.56,27.9516,35.8428,5.433,-3405.71,0
43.3802,3508.35,21.1533,23.6003,6.11182,-3265.33,0
44.6693,3483.96,29.3299,34.0608,6.56481,-3716.98,0
45.943,3468.01,16.6322,18.0376,2.75965,-3961.18,0
47.2255,3485.49,-11.8567,9.07134,0.319881,-3483.58,0
48.3965,3465.76,0.482258,6.75218,4.62332,-3806.81,0
