1.27074,3620.44,-69.6838,-49.4288,1.8553,-23259.8,0
2.53946,3592.8,-53.9128,-26.2281,4.22464,-22523.9,0
3.80745,3615,-72.2105,-21.3461,1.41738,-9192.62,0
5.07225,3602.5,-67.4402,-24.7111,2.28536,-9365.2,0
6.34429,3603.86,-64.5463,-0.669016,1.9955,-7271.93,0
7.60688,3606.09,-68.7959,-19.2682,1.47607,-5772.65,0
8.88256,3614.71,-46.0967,21.3669,0.932644,-3973.5,0
10.156,3593.39,-18.2805,24.9961,3.16429,-5574.07,0
11.4283,3597.77,-19.9173,37.1826,2.05099,-4570.63,0
12.6965,3607.4,-12.2557,12.2602,1.09168,-3354.92,0
13.9638,3594.4,-63.8665,-3.8156,1.61,-3981.64,0
15.2382,3591.97,-92.0953,-5.75071,1.04154,-3808.44,0
16.5155,3584.59,-98.246,23.4316,1.39578,-3960.5,0
17.7953,3584.92,-89.5095,26.2721,1.57817,-3657.21,0
19.0677,3561.92,-88.1482,49.5786,3.30622,-4619.14,0
20.3513,3579.59,-73.4758,21.358,2.20538,-3459.81,0
21.6243,3581.5,-58.3904,38.1799,1.90607,-3167.53,0
22.8984,3584.07,-56.4313,20.56,1.81053,-2879.07,0
24.1669,3585.8,-81.6997,1.40709,0.932274,-2656.43,0
25.4369,3584.99,-65.383,7.2918,1.44858,-2555.76,0
26.7075,3579.82,-109.523,28.0278,0.429496,-2627.68,0
27.9859,3562.32,-100.494,60.7911,2.00805,-3132.89,0
29.2575,3576.25,-88.26,80.0275,0.504756,-2520.64,0
30.5348,3583.89,-76.6012,67.4646,0.409237,-2165.06,0
31.8055,3567.18,-88.6911,54.5012,1.9153,-2603.93,0
33.0774,3576.72,-100.609,42.0181,0.689063,-2215.47,0
34.3539,3565.33,-95.5432,54.6466,1.78416,-2464.75,0
35.6314,3545.76,-101.698,52.3364,3.4691,-2925.51,0
36.9066,3524.2,-82.9892,44.6504,5.77605,-3408.53,0
38.1796,3514.34,-112.68,37.3711,3.77419,-3553.23,0
39.4532,3525.2,-127.737,21.924,1.44577,-3163.24,0
40.7337,3516.69,-111.322,-2.07498,3.48526,-3272.78,0
42.0029,3506.97,-136.034,-23.3327,2.08246,-3405.34,0
43.2794,3513.23,-118.928,-32.4594,2.11254,-3160.09,0
44.5618,3498.4,-140.71,-36.8378,1.61876,-3401.92,0
45.8385,3505.27,-133.093,3.65577,1.82066,-3157.44,0
47.1096,3469.34,-148.164,-3.74715,4.41193,-3834.91,0
48.3829,3486.98,-118.052,-11.7967,4.10053,-3369.3,0
49.6607,3494.07,-114.236,-32.908,1.99243,-3139.97,0
50.9327,3482.33,-113.097,-54.2718,2.54385,-3291.99,0
52.206,3464.48,-102.463,-58.2235,5.00475,-3553.56,0
53.4953,3454.75,-81.9137,-44.2116,6.12242,-3649.93,0
53.6566,3449.94,-77.0066,-47.078,6.72175,-3728.61,0
