1.27786,35.8074,46.6993,14.534,0.357129,28021.5,0
2.55856,47.1596,55.0927,-14.438,0.468345,18432.1,0
3.82807,59.3966,52.2206,-23.854,0.585722,15516.1,0
5.10542,43.4338,111.007,5.68206,0.422295,8507.39,0
6.37377,24.3995,93.6141,9.84158,0.23094,3828.11,0
7.64127,26.9618,65.9553,-37.0463,0.255391,3528.45,0
8.92057,55.1692,121.141,-52.4483,0.536113,6184.49,0
10.198,34.0575,119.51,-66.6583,0.322684,3339.63,0
11.4707,40.5152,39.6432,-62.5145,0.386239,3532.05,0
12.7409,76.522,7.38139,-35.9959,0.738324,6006.03,0
14.0033,85.6849,-11.8576,-57.0556,0.818163,6118.92,0
15.28,65.7556,3.39686,-80.1803,0.611384,4303.38,0
16.5482,82.3309,-36.1609,-32.5039,0.763873,4975.22,0
17.8192,91.4646,-31.9918,-16.6197,0.840054,5132.93,0
19.0937,53.4473,-26.8776,-36.2539,0.453131,2799.21,0
20.3529,106.51,-48.7917,-50.4383,0.973993,5233.15,0
21.626,95.7962,-60.6833,-65.6943,0.844129,4429.67,0
22.904,72.9658,-38.9591,-33.6618,0.604738,3185.72,0
24.1818,50.6292,-21.8708,3.17696,0.378217,2093.69,0
25.4632,71.4261,-41.525,-56.968,0.579796,2805.07,0
26.7463,99.6644,-20.937,-60.2062,0.852093,3726.29,0
28.0238,105.239,-31.0703,-59.7477,0.889698,3755.33,0
29.2983,96.5194,-14.8702,-44.1737,0.786876,3294.37,0
30.5738,102.193,-34.141,-31.9017,0.826726,3342.5,0
31.8536,83.5076,-16.3937,-60.7779,0.624726,2621.61,0
33.1377,40.4185,-34.2761,-33.5756,0.191804,1219.71,0
34.4129,106.549,-57.4837,-45.9077,0.846665,3096.18,0
35.6879,88.3183,-111.736,-30.3845,0.655656,2474.74,0
36.9653,64.784,-113.876,-18.6893,0.411432,1752.56,0
38.2478,38.3148,-83.4384,-100.835,0.146464,1001.75,0
39.5334,44.8151,-105.943,-123.48,0.210747,1133.6,0
40.8076,44.443,-67.8157,-82.48,0.206752,1089.09,0
42.0772,80.1733,5.76448,-56.2254,0.560273,1905.39,0
43.3525,83.3661,22.0898,-38.7016,0.587636,1922.99,0
44.6275,57.5867,-0.928188,-23.2927,0.326127,1290.39,0
45.8916,44.5884,49.5217,-27.0299,0.195394,971.603,0
47.1633,42.1017,95.1385,29.4933,0.169883,892.679,0
48.4313,34.4768,101.171,19.9839,0.0934241,711.87,0
49.6978,73.2653,108.849,33.2764,0.478296,1474.22,0
50.9825,91.6629,92.5826,78.2329,0.653096,1797.93,0
52.2593,128.226,88.3029,72.0449,1.00126,2453.64,0
53.5278,127.712,86.2605,75.6659,0.977514,2385.91,0
54.8051,108.807,99.5515,95.5124,0.774451,1985.34,0
56.0919,128.575,83.5749,112.976,0.953638,2292.21,0
57.3679,118.216,74.505,94.0849,0.82778,2060.66,0
58.6517,129.228,67.7317,91.3669,0.922383,2203.32,0
59.9266,109.121,111.714,54.6283,0.706902,1820.91,0
61.1929,106.095,51.4109,81.3206,0.673005,1733.78,0
62.4653,70.3188,91.579,57.856,0.311216,1125.73,0
63.7411,65.3714,68.1981,92.4241,0.261169,1025.58,0
65.0176,83.1835,-29.4626,122.522,0.437672,1279.4,0
66.2967,129.816,-30.2566,140.814,0.895306,1958.11,0
67.5788,159.666,-45.5713,135.855,1.16712,2362.67,0
68.8495,156.889,-8.04464,93.8215,1.10585,2278.72,0
70.1306,164.195,-6.24212,75.4985,1.1391,2341.28,0
71.4041,178.239,-16.0048,91.4222,1.23832,2496.2,0
72.6846,134.103,-20.933,111.725,0.767821,1845,0
73.9543,89.0136,12.2383,129.456,0.312113,1203.63,0
75.2301,109.251,46.6513,136.05,0.5121,1452.23,0
76.4979,90.7129,27.7201,96.379,0.324942,1185.82,0
77.7669,80.0206,47.8095,146.645,0.217673,1028.98,0
79.0563,87.6955,80.4074,127.439,0.289145,1109.28,0
80.3376,95.0128,100.491,113.254,0.361355,1182.67,0
81.6071,111.723,140.532,131.522,0.525013,1369.03,0
82.8878,139.051,144.254,112.866,0.790526,1677.58,0
84.1623,127.463,126.948,147.553,0.663228,1514.49,0
85.4365,134.308,127.297,129.575,0.728238,1572.03,0
86.7032,163.753,140.794,124.257,1.00399,1888.67,0
87.9712,173.723,107.65,121.891,1.07587,1974.77,0
89.2519,166.33,86.591,120.586,0.966306,1863.6,0
90.5204,191.859,114.675,99.2855,1.19067,2119.51,0
91.8062,218.492,138.537,94.5635,1.40583,2379.93,0
93.0871,195.761,141.365,115.414,1.13469,2102.99,0
94.3611,216.985,138.268,101.659,1.30309,2299.52,0
95.639,246.414,119.223,127.226,1.53103,2576.5,0
96.9112,243.014,106.229,101.407,1.42929,2507.59,0
98.189,243.091,102.652,119.698,1.36885,2475.75,0
99.4585,233.766,106.274,143.583,1.22832,2350.39,0
100.735,258.768,108.584,150.25,1.42915,2568.81,0
102.013,257.893,121.959,169.631,1.36314,2528.04,0
103.285,245.556,123.867,135.806,1.1916,2377.45,0
104.566,253.759,106.867,109.13,1.23782,2426.77,0
105.845,273.075,123.07,100.248,1.38821,2579.94,0
107.123,280.684,157.157,108.476,1.40617,2620.2,0
108.395,298.783,146.62,103.818,1.51599,2756.44,0
109.676,308.739,104.973,101.414,1.55022,2815.01,0
110.954,266.48,112.044,118.562,1.06919,2401.72,0
112.223,291.483,95.6559,106.546,1.28321,2597.35,0
113.504,308.441,101.711,106.485,1.39932,2717.44,0
114.784,315.654,131.526,113.39,1.40935,2749.97,0
116.067,339.708,124.503,99.7567,1.57363,2926.82,0
117.357,345.245,167.808,108.2,1.56401,2941.84,0
118.623,346.715,174.608,95.6368,1.5007,2922.82,0
119.889,327.938,172.945,88.0196,1.24971,2735.35,0
121.17,329.875,185.134,91.8192,1.21788,2722.41,0
122.445,343.747,155.955,69.8198,1.31405,2807.35,0
123.73,331.4,135.05,113.396,1.14451,2678.4,0
125.007,349.731,152.708,111.101,1.28434,2797.7,0
126.276,361.97,135.554,109.206,1.36003,2866.49,0
127.566,362.492,132.197,128.784,1.31659,2841.61,0
128.854,331.805,116.649,156.085,0.963784,2575.04,0
130.123,310.063,128.934,163.931,0.732867,2382.84,0
131.394,314.298,111.623,175.4,0.765666,2392.03,0
132.679,318.838,134.524,184.337,0.797954,2403.08,0
133.948,358.861,149.371,194.792,1.17519,2679.11,0
135.224,337.947,157.233,243.985,0.933765,2499.15,0
136.496,331.873,116.199,257.642,0.857148,2431.37,0
137.766,311.912,102.612,273.697,0.648078,2264.07,0
139.054,346.308,103.158,303.971,0.974429,2490.46,0
140.342,309.296,70.0459,327.336,0.591268,2203.88,0
141.621,274.476,102.688,375.253,0.241574,1938.11,0
142.893,293.14,129.648,391.979,0.426289,2051.46,0
144.168,323.111,85.1279,422.465,0.721658,2241.21,0
145.449,283.303,80.5667,409.37,0.320077,1947.78,0
146.722,287.655,-50.0084,447.305,0.363251,1960.54,0
148,270.516,-64.9668,433.423,0.19168,1827.81,0
149.272,255.779,-51.0638,420.108,0.0441861,1713.51,0
150.546,253.295,-51.7361,421.191,0.0190756,1682.51,0
151.832,275.808,-32.1679,430.193,0.243608,1816.53,0
153.106,288.688,-63.5341,358.362,0.371786,1885.54,0
154.378,340.242,-82.8952,381.837,0.879466,2203.95,0
155.654,340.415,-78.7186,366.828,0.859623,2186.99,0
156.93,375.418,-79.6888,445.862,1.17848,2392.26,0
158.214,375.38,-110.82,468.052,1.13976,2372.61,0
159.49,373.011,-142.24,461.583,1.08742,2338.77,0
160.773,345.448,-160.722,481.452,0.795481,2148.68,0
162.051,350.283,-148.234,480.79,0.83396,2161.55,0
163.327,348.613,-140.491,472.375,0.796182,2134.45,0
164.597,371.967,-130.973,510.754,1.01487,2259.86,0
165.881,393.334,-128.649,507.162,1.1924,2371.19,0
167.154,389.891,-119.968,558.161,1.11603,2332.52,0
168.427,391.724,-121.618,537.002,1.10244,2325.78,0
169.704,362.599,-147.092,532.001,0.794052,2136.65,0
170.982,373.72,-156.721,525.441,0.886532,2185.73,0
172.254,369.141,-158.336,550.225,0.820255,2143,0
173.531,362.305,-143.913,572.636,0.737354,2087.84,0
174.816,364.31,-131.562,589.727,0.743712,2083.96,0
176.094,334.779,-134.095,542.551,0.443949,1901.13,0
177.366,351.223,-145.07,519.672,0.601348,1980.21,0
178.642,348.144,-140.781,513.118,0.567389,1948.84,0
179.926,319.315,-146.64,468.739,0.277137,1774.7,0
181.205,352.368,-180.573,464.322,0.603873,1944.58,0
182.483,321.051,-156.538,490.454,0.28545,1759.35,0
183.761,351.415,-152.408,469.403,0.582619,1912.35,0
185.038,342.389,-148.554,406.414,0.490146,1850.37,0
186.318,317.433,-35.5765,380.415,0.24017,1703.71,0
187.592,295.054,-6.69676,393.17,0.0163264,1572.85,0
188.875,333.003,13.0592,365.647,0.394936,1763.09,0
190.149,322.01,61.9073,368.66,0.283892,1693.46,0
191.422,354.355,6.19877,365.369,0.60525,1851.17,0
192.7,374.331,-14.8623,351.577,0.795221,1942.56,0
193.975,424.044,-30.4927,371.532,1.26317,2186.07,0
195.257,447.246,-54.4592,375.595,1.44003,2290.55,0
196.532,470.384,-37.5461,378.944,1.59317,2393.42,0
197.803,479.202,-39.6837,373.394,1.59344,2422.61,0
199.075,478.337,-57.9061,372.628,1.5106,2402.8,0
200.352,464.091,-87.0088,382.873,1.30969,2316.37,0
201.626,474.6,-64.0636,401.514,1.36727,2353.87,0
202.908,502.315,-67.3938,404.754,1.57725,2475.58,0
204.189,495.552,-98.4037,423.566,1.43217,2426.93,0
205.465,492.118,-112.233,381.13,1.35126,2395.15,0
206.744,468.115,-106.433,347.212,1.07207,2264.23,0
208.019,522.522,-75.3886,362.432,1.56011,2511.89,0
209.285,503.334,-76.2131,337.069,1.30746,2405.02,0
210.56,513.175,-73.3977,348.919,1.35404,2437.2,0
211.838,509.273,-51.8151,350.327,1.27361,2404.07,0
213.124,496.885,-38.1712,388.927,1.10467,2331.43,0
214.401,498.352,-25.4947,442.137,1.08606,2324.39,0
215.679,525.444,-21.2707,439.65,1.3093,2436.23,0
216.952,516.304,-50.7595,448.791,1.17572,2379.8,0
218.216,469.148,-36.5504,452.375,0.680105,2149.93,0
219.497,445.788,-38.2722,450.149,0.443009,2030.95,0
220.777,480.776,-46.6964,442.757,0.787746,2177.65,0
222.057,477.591,-43.1391,429.592,0.742365,2150.76,0
223.336,486.637,-31.961,457.415,0.816101,2178.95,0
224.613,493.858,-48.651,485.257,0.870345,2198.7,0
225.885,493.275,-50.2662,453.819,0.847592,2183.74,0
227.167,500.317,-25.153,466.758,0.899818,2202.42,0
228.438,515.335,-4.98337,435.21,1.02981,2255.91,0
229.703,526.357,-7.09944,423.781,1.10857,2291.46,0
230.98,523.149,27.8831,434.682,1.04654,2264.91,0
232.252,533.701,48.5293,439.244,1.1178,2297.94,0
233.534,553.122,87.4716,423.682,1.27486,2368.48,0
234.814,563.313,117.058,407.258,1.318,2398.97,0
236.083,568.323,116.321,425.317,1.31416,2407.3,0
237.357,590.011,101.166,446.355,1.47396,2485.75,0
238.627,614.743,100.775,469.018,1.6438,2576.17,0
239.908,610.403,92.7512,460.173,1.5075,2544.32,0
241.181,622.743,118.789,460.833,1.55384,2582.06,0
242.46,632.049,135.042,453.001,1.55972,2606.82,0
243.739,642.444,152.295,453.273,1.5784,2635.79,0
245.015,637.266,183.297,450.937,1.45438,2600.93,0
246.29,599.385,227.206,442.563,1.03222,2433.65,0
247.568,599.152,230.301,418.926,0.993264,2420.15,0
248.841,614.985,228.193,419.13,1.12326,2471.4,0
250.117,607.988,208.335,409.372,1.02194,2430.81,0
251.399,598.128,220.992,422.583,0.893863,2379.2,0
252.678,589.965,191.823,427.487,0.786018,2334.85,0
253.954,560.936,155.451,411.445,0.488549,2208.81,0
255.231,523.642,98.1529,390.972,0.114226,2051.64,0
256.512,555.829,87.3645,366.722,0.434483,2166.87,0
257.785,552.452,131.575,424.117,0.396901,2143.08,0
259.062,540.684,109.907,457.223,0.276904,2087.08,0
260.344,549.071,115.218,450.16,0.360263,2109.02,0
261.619,522.188,161.726,481.609,0.0907009,1995.99,0
262.891,599.388,175.67,512.651,0.85405,2279.98,0
264.162,578.209,192.969,514.132,0.632197,2188.84,0
265.44,603.318,194.084,533.343,0.875787,2272.9,0
266.733,579.193,180.592,544.931,0.621646,2171.44,0
268.006,553.444,137.055,544.651,0.363428,2065.04,0
269.287,593.456,178.848,527.391,0.75853,2203.8,0
270.556,561.603,122.959,538.98,0.437257,2075.74,0
271.835,563.573,139.592,550.279,0.454963,2073.22,0
273.127,566.571,155.938,561.629,0.479666,2074.39,0
274.404,532.601,214.871,572.642,0.139155,1940.94,0
275.68,576.288,227.394,565.954,0.573627,2090.42,0
276.966,575.688,175.582,560.43,0.559837,2078.55,0
278.239,581.197,168.527,564.01,0.603628,2088.84,0
279.524,590.557,197.862,522.747,0.69082,2112.73,0
280.807,565.238,166.557,534.193,0.432538,2012.9,0
282.075,580.481,157.184,612.187,0.583666,2057.9,0
283.35,537.646,90.8705,605.169,0.153112,1897.47,0
284.627,533.751,123.543,605.458,0.113644,1875.26,0
285.914,538.133,105.19,626.926,0.156189,1882.15,0
287.19,530.067,137.502,618.683,0.075365,1845.7,0
288.463,570.827,211.965,599.023,0.481308,1978.86,0
289.749,556.662,278.321,712.31,0.338892,1921.18,0
291.024,555.305,307.922,753.008,0.324779,1908.11,0
292.309,587.521,293.701,743.526,0.644935,2009.93,0
293.591,571.165,277.279,723.607,0.475765,1945.44,0
294.86,556.603,369.46,715.94,0.329239,1887.69,0
296.141,571.296,407.089,703.028,0.473122,1929.14,0
297.422,589.325,393.833,718.436,0.641021,1981.44,0
298.7,606.224,393.212,723.6,0.801884,2029.54,0
299.98,610.656,448.119,702.702,0.831781,2035.65,0
301.257,571.824,430.48,747.909,0.43174,1898.13,0
302.53,546.017,389.332,706.712,0.17158,1804.84,0
303.806,574.961,392.327,667.234,0.459743,1892.52,0
305.089,590.973,380.149,632.084,0.613254,1937.05,0
306.371,617.522,321.183,640.331,0.869737,2015.6,0
307.645,667.817,310.505,626.218,1.33902,2170.74,0
308.93,669.124,312.573,624.306,1.29811,2165.94,0
310.196,698.267,305.871,644.63,1.53346,2251.05,0
311.476,689.653,340.173,622.844,1.37203,2214.15,0
312.737,723.225,379.11,617.692,1.6391,2312.57,0
314.014,717.634,391.435,636.965,1.4943,2285.36,0
315.291,656.627,395.668,618.109,0.846447,2082.6,0
316.574,678.023,418.809,638.877,1.03437,2141.75,0
317.86,700.507,438.94,644.574,1.21988,2203.82,0
319.141,719.007,432.834,642.134,1.35246,2252.95,0
320.415,724.529,412.876,659.027,1.35215,2261.22,0
321.695,726.318,402.506,693.847,1.31983,2257.78,0
322.972,745.654,375.396,682.914,1.45327,2308.73,0
324.237,741.725,392.183,666.503,1.35372,2287.6,0
325.51,759.677,399.703,677.614,1.47196,2333.8,0
326.788,728.697,415.899,697.246,1.11116,2229.88,0
328.056,729.869,399.947,697.972,1.09512,2224.83,0
329.341,715.298,422.79,664.891,0.918134,2171.91,0
330.62,707.956,425.869,655.366,0.826683,2141.3,0
331.897,721.39,467.208,671.251,0.943234,2173.53,0
333.177,744.16,507.068,694.47,1.14093,2233.53,0
334.448,759.294,482.739,696.493,1.23728,2270.29,0
335.723,771.392,493.107,680.262,1.3095,2297.7,0
336.999,778.876,493.982,657.128,1.34058,2311.22,0
338.272,778.836,516.762,651.784,1.28754,2302.39,0
339.54,791.551,520.566,652.634,1.35971,2331.25,0
340.811,778.559,524.991,647.208,1.18316,2284.43,0
342.085,781.847,536.725,612.352,1.17539,2285.54,0
343.359,789.483,547.951,632.127,1.21241,2299.29,0
344.638,799.974,557.932,622.024,1.27794,2321.2,0
345.916,826.817,535.807,604.322,1.49309,2390.22,0
347.188,815.364,546.76,596.777,1.30831,2348.48,0
348.461,827.408,523.564,608.68,1.37932,2374.46,0
349.734,819.84,529.248,637.731,1.25281,2344.18,0
351.006,788.875,529.891,632.898,0.908682,2247.47,0
352.286,727.156,556.265,663.799,0.284329,2064.11,0
353.551,725.439,542.522,622.114,0.266455,2051.86,0
354.824,734.408,468.669,643.75,0.354545,2069.78,0
356.098,713.656,395.982,665.069,0.146722,2004.1,0
357.363,743.661,396.186,692.204,0.445595,2080.97,0
358.644,710.43,393.591,735.293,0.112947,1980.88,0
359.923,715.201,326.952,726.504,0.160203,1987.09,0
361.199,702.656,341.305,719.638,0.0346028,1945.34,0
362.47,747.304,342.263,713.393,0.479919,2061.7,0
363.746,740.775,330.142,689.171,0.411532,2036.52,0
365.019,707.422,363.544,751.595,0.0770139,1938.04,0
366.302,717.609,393.862,643.714,0.1779,1959.06,0
367.581,723,397.336,597.992,0.231107,1966.91,0
368.855,763.092,388.033,565.107,0.627518,2068.81,0
370.12,773.041,354.208,515.512,0.721274,2088.62,0
371.391,811.034,352.303,510.856,1.07379,2183.77,0
372.664,788.104,357.549,517.788,0.823254,2114.78,0
373.94,811.831,351.828,537.787,1.03838,2171.02,0
375.202,803.77,393.244,514.336,0.932728,2142.23,0
376.47,833.186,387.562,499.916,1.19702,2213.15,0
377.735,826.09,382.635,502.142,1.09191,2186.96,0
379.017,804.245,360.96,516.162,0.8479,2121.93,0
380.293,738.776,332.122,539.598,0.186671,1942.65,0
381.568,746.448,291.69,553.675,0.261122,1956.27,0
382.842,738.415,312.45,559.462,0.180263,1928.77,0
384.126,736.314,308.977,533.283,0.158448,1916.85,0
385.401,761.633,339.761,522.857,0.411029,1976.21,0
386.678,787.805,325.83,500.44,0.667435,2037.37,0
387.955,752.133,420.125,553.105,0.309747,1938.72,0
389.229,753.322,330.384,561.632,0.319427,1935.42,0
390.508,744.425,337.052,559.781,0.228686,1906.3,0
391.783,751.992,385.546,588.429,0.303305,1919.41,0
393.053,768.799,428.582,580.884,0.470518,1955.97,0
394.327,777.208,445.404,504.267,0.55289,1970.97,0
395.602,739.077,515.486,485.413,0.170903,1868.23,0
396.885,725.69,513.839,446.587,0.0368358,1828.46,0
398.156,764.595,535.309,445.723,0.424905,1920.34,0
399.439,743.275,512.03,389.418,0.211462,1860.8,0
400.719,765.207,417.778,405.162,0.429867,1909.58,0
401.997,755.229,363.503,357.673,0.32876,1878.7,0
403.258,764.053,359.607,404.827,0.415829,1894.7,0
404.531,746.752,383.107,420.59,0.242206,1845.97,0
405.81,759.942,407.237,449.418,0.373486,1872.65,0
407.087,736.622,377.713,395.917,0.140122,1809.49,0
408.365,733.053,352.484,372.489,0.104195,1795.09,0
409.648,770.295,414.125,377.468,0.473159,1880.38,0
410.934,758.028,418.546,290.895,0.349447,1844.65,0
412.223,792.231,404.759,324.439,0.684863,1921.85,0
413.496,780.492,384.963,325.098,0.561105,1887.54,0
414.781,756.04,431.744,315.246,0.315002,1822.74,0
416.065,784.335,460.176,319.187,0.593387,1885.13,0
417.343,759.653,505.687,372.437,0.344888,1820.21,0
418.617,757.161,504.752,323.823,0.319387,1808.72,0
419.881,766.456,507.335,300.041,0.407276,1825.41,0
421.153,757.761,490.836,309.558,0.319821,1799.25,0
422.435,791.985,433.201,292.814,0.658934,1874.81,0
423.712,827.51,449.68,267.102,1.00088,1953,0
424.99,818.11,455.741,283.984,0.889385,1925.01,0
426.268,828.165,462.039,298.226,0.968238,1942.83,0
427.54,844.338,421.151,311.214,1.10216,1974.87,0
428.823,828.126,429.475,316.467,0.92027,1931.16,0
430.1,870.751,400.662,327.701,1.31108,2024.53,0
431.375,851.847,433.055,343.238,1.08257,1974.73,0
432.648,857.994,422.41,348.33,1.10974,1983.12,0
433.916,845.612,441.688,321.525,0.958067,1948.79,0
435.201,854.769,435.136,335.306,1.01623,1964.08,0
436.477,803.379,401.244,320.191,0.490269,1840.6,0
437.749,778.239,399.773,279.731,0.238031,1777.82,0
439.034,803.068,337.723,294.564,0.484345,1829.17,0
440.311,764.493,364.594,267.492,0.0972758,1736.26,0
441.595,755.668,369.851,265.032,0.00896595,1711.22,0
442.862,823.35,369.255,244.69,0.68209,1859.15,0
444.131,779.65,367.433,230.707,0.241672,1755.45,0
445.419,787.436,384.742,159.662,0.319156,1767.85,0
446.701,772.18,386.487,91.8462,0.164836,1728.63,0
447.978,804.28,360.579,67.3012,0.481692,1795.35,0
449.246,791.212,395.817,55.7273,0.348625,1761.2,0
450.516,795.321,418.541,82.1871,0.386318,1765.35,0
451.789,792.592,403.911,38.4564,0.358204,1754.34,0
453.062,768.295,505.113,19.0514,0.114633,1695.78,0
454.336,817.522,456.592,-13.3158,0.603226,1799.38,0
455.611,821.153,467.029,-17.3435,0.632771,1802.31,0
456.891,785.955,460.707,-46.3962,0.279206,1720.23,0
458.163,813.442,432.787,-75.4144,0.551307,1775.44,0
459.444,789.299,417.406,-139.005,0.308013,1717.95,0
460.715,770.255,404.656,-187.797,0.117308,1671.87,0
461.98,770.978,381.169,-204.491,0.123173,1668.86,0
463.263,838.644,361.636,-177.497,0.79301,1810.3,0
464.533,843.88,386.569,-168.575,0.829464,1816.62,0
465.811,843.942,376.014,-181.6,0.81017,1811.77,0
467.087,816.806,363.559,-193.125,0.525392,1748.72,0
468.372,821.26,391.399,-196.172,0.564425,1753.44,0
469.647,809.157,386.955,-202.179,0.438748,1722.91,0
470.925,806.662,405.527,-239.365,0.413269,1712.93,0
472.203,807.634,428.596,-290.377,0.421824,1710.36,0
473.471,802.857,392.96,-285.866,0.372685,1695.68,0
474.751,785.575,473.615,-291.664,0.199412,1654.71,0
476.035,814.982,497.382,-211.135,0.491879,1712.02,0
477.299,824.287,506.505,-167.479,0.582829,1726.98,0
478.577,788.098,478.372,-149.851,0.217988,1646.75,0
479.863,795.464,457.99,-151.627,0.291232,1657.69,0
481.136,797.5,450.035,-197.891,0.310753,1657.54,0
482.41,802.285,545.668,-251.023,0.358048,1663.08,0
483.686,810.402,502.543,-289.007,0.438597,1675.47,0
484.969,840.488,530.6,-277.551,0.732935,1733.07,0
486.248,819.62,546.67,-274.533,0.517812,1685.6,0
487.522,786.64,606.332,-273.745,0.186574,1613.55,0
488.796,815.224,607.083,-238.103,0.471676,1667.82,0
490.079,796.019,654.559,-234.915,0.275414,1624.27,0
491.349,780.347,649.198,-230.644,0.118317,1588.17,0
492.631,769.01,677.838,-192.461,0.00467425,1561.03,0
493.909,805.687,714.835,-215.115,0.370584,1631.24,0
495.186,801.334,733.467,-232.747,0.322365,1618.25,0
496.455,847.369,689.639,-161.661,0.779016,1706.84,0
497.725,852.992,702.977,-197.723,0.822606,1713.78,0
499.008,863.421,733.077,-159.766,0.902571,1730.27,0
500.276,852.745,735.741,-160.164,0.776302,1704.55,0
501.553,832.499,732.233,-143.908,0.565199,1659.84,0
502.835,846.293,742.895,-138.808,0.698018,1683.04,0
504.101,785.051,743.243,-128.691,0.0808562,1557.33,0
505.366,777.426,735.668,-145.614,0.00449471,1538.34,0
506.635,825.593,735.186,-133.426,0.484826,1629.56,0
507.911,869.832,734.546,-145.26,0.918147,1712.57,0
509.192,874.814,731.95,-195.497,0.948146,1718.04,0
510.473,860.825,693.483,-207.285,0.778324,1686.33,0
511.75,863.192,661.716,-198.38,0.789023,1686.75,0
513.036,837.221,678.367,-216.617,0.524556,1631.9,0
514.31,839.208,685.437,-209.57,0.541087,1631.72,0
515.596,827.523,727.222,-211.848,0.422009,1604.98,0
516.87,876.207,760.464,-202.082,0.894999,1695.22,0
518.145,817.401,745.927,-179.304,0.30084,1577.55,0
519.413,842.423,735.032,-178.61,0.546033,1621.87,0
520.689,817.056,759.236,-177.902,0.286475,1569.18,0
521.966,815.859,688.063,-184.557,0.273207,1563.05,0
523.244,870.729,710.898,-207.18,0.813795,1664.1,0
524.519,879.945,694.901,-209.343,0.8938,1677.62,0
525.809,876.831,687.489,-194.953,0.843979,1667.58,0
527.086,866.708,683.156,-188.063,0.72722,1644.34,0
528.362,856.451,679.54,-177.95,0.620261,1620.96,0
529.639,868.274,652.291,-159.203,0.730445,1639.37,0
530.913,897.521,660.384,-141.5,1.00643,1690.52,0
532.193,865.611,640.583,-124.654,0.672269,1626.5,0
533.469,893.221,612.48,-114.672,0.93682,1674.36,0
534.747,876.424,593.863,-140.179,0.74685,1638.95,0
536.017,848.329,615.654,-115.08,0.457767,1582.65,0
537.29,844.074,658.408,-102.768,0.412454,1570.98,0
538.579,840.126,658.609,-62.0166,0.372343,1559.89,0
539.864,828.58,654.653,-62.634,0.256439,1534.79,0
541.142,867.995,621.186,-111.286,0.646889,1604.01,0
542.422,861.737,603.681,-132.507,0.577893,1588.68,0
543.691,841.138,608.817,-214.533,0.370869,1547.09,0
544.961,822.911,675.134,-174.667,0.187891,1510.04,0
546.242,843.133,677.532,-205.18,0.387715,1543.52,0
547.527,819.227,599.207,-266.81,0.148523,1496.23,0
548.812,856.445,661.412,-268.284,0.518557,1560.54,0
550.091,844.583,669.455,-270.792,0.39592,1535.35,0
551.372,821.091,739.18,-179.287,0.160183,1489.18,0
552.651,841.996,683.782,-129.156,0.368496,1523.56,0
553.927,857.398,653.881,-152.27,0.519919,1547.85,0
555.205,868.727,612.387,-171.284,0.625046,1564.7,0
556.473,823.471,617.826,-212.309,0.172089,1479.8,0
557.743,816.639,595.502,-235.423,0.103513,1464.19,0
559.021,812.65,603.096,-234.049,0.0631038,1453.7,0
560.291,842.811,567.125,-179.447,0.363999,1504.24,0
561.561,812.342,545.275,-225.561,0.0592592,1446.58,0
562.83,829.874,535.398,-168.492,0.233645,1474.47,0
564.111,841.137,461.558,-157.03,0.345367,1491.09,0
565.388,853.023,459.399,-147.935,0.463388,1508.74,0
566.658,837.351,418.732,-182.884,0.306363,1477.7,0
567.93,862.169,401.453,-224.195,0.547537,1518.09,0
569.203,866.446,414.094,-206.008,0.585309,1522.21,0
570.475,872.162,469.788,-168.432,0.638571,1528.84,0
571.743,864.685,447.398,-151.584,0.558507,1512.37,0
573.023,849.798,457.689,-111.81,0.407805,1483.01,0
574.293,832.592,463.038,-114.681,0.235276,1449.77,0
575.567,881.384,451.725,-76.6076,0.718359,1531.33,0
576.846,918.026,463.096,-57.3535,1.065,1591.46,0
578.125,924.71,449.94,-32.547,1.10326,1599.5,0
579.402,916.606,444.93,-47.4128,0.999227,1581.99,0
580.671,931.788,438.653,-59.1352,1.11862,1604.67,0
581.951,926.001,441.412,-35.5185,1.0261,1591.2,0
583.225,915.241,436.61,-37.2036,0.898287,1569.28,0
584.502,903.349,435.767,-45.4017,0.757703,1545.5,0
585.781,930.574,442.459,-37.1327,1.01139,1588.6,0
587.063,939.149,443.407,-70.6165,1.07054,1599.74,0
588.331,937.559,451.474,-79.5979,1.02627,1593.59,0
589.607,926.126,475.011,-91.4368,0.886834,1570.75,0
590.885,963.618,456.365,-98.159,1.23053,1630.8,0
592.16,938.259,387.353,-109.964,0.945859,1584.47,0
593.44,965.052,412.072,-136.826,1.18664,1626.2,0
594.708,955.58,401.928,-148.371,1.05586,1606.81,0
595.986,947.097,415.009,-134.954,0.946083,1589.13,0
597.279,964.468,400.75,-135.409,1.08965,1614.77,0
598.564,967.49,409.947,-99.7936,1.08582,1616.35,0
599.837,978.089,391.843,-89.5442,1.15431,1630.59,0
601.112,989.676,370.922,-114.509,1.22161,1646.41,0
602.39,991.987,372.704,-119.329,1.1955,1646.75,0
603.663,1009.8,385.949,-118.562,1.32361,1672.78,0
604.949,1020.86,387.879,-100.781,1.3738,1687.51,0
606.223,1034.03,376.166,-92.1144,1.44084,1705.69,0
607.499,1076.97,397.181,-82.2236,1.77577,1772.79,0
608.774,1084.03,392.874,-53.8357,1.73506,1780.68,0
610.047,1101.1,377.926,-27.9715,1.79381,1804.94,0
611.324,1090.48,389.357,-5.60379,1.57799,1783.8,0
612.602,1091.2,414.543,-8.30867,1.5007,1781.26,0
613.883,1114.31,423.835,0.137956,1.65483,1815.18,0
615.168,1117.65,429.348,6.13104,1.59626,1816.82,0
616.445,1114.83,416.474,9.40634,1.47618,1808.48,0
617.725,1152.64,415.698,6.06412,1.77171,1865.95,0
618.999,1163.14,442.577,3.21576,1.77458,1879.07,0
620.273,1172.55,453.542,-1.81842,1.74117,1890.37,0
621.545,1186.07,460.728,-3.21721,1.76062,1908.26,0
622.824,1186.29,465.119,-16.6925,1.65113,1904.7,0
624.099,1186.62,472.91,9.51182,1.56433,1901.33,0
625.38,1204.58,435.208,3.79823,1.64557,1926.16,0
626.652,1206.79,456.883,16.4578,1.57508,1925.77,0
627.924,1223.57,447.379,20.033,1.64324,1948.6,0
629.199,1221.02,489.407,34.1064,1.53735,1940.6,0
630.469,1213.3,495.449,49.0952,1.39513,1924.45,0
631.749,1212.79,461.325,72.4933,1.33172,1919.74,0
633.029,1178.09,475.817,46.9617,0.948745,1861.04,0
634.307,1173.37,492.353,56.1009,0.882171,1849.84,0
635.589,1119.42,522.068,77.2968,0.332176,1761.23,0
636.856,1121.6,508.585,25.791,0.352754,1761.16,0
638.144,1121.79,505.819,48.8682,0.353792,1757.9,0
639.417,1146.32,532.842,20.7338,0.596991,1792.76,0
640.691,1151.96,519.455,-18.6502,0.651049,1798,0
641.956,1177.58,508.815,-41.5653,0.892473,1834.37,0
643.237,1163.6,522.634,-33.0563,0.736676,1808.97,0
644.507,1172.68,536.954,21.895,0.807959,1819.51,0
645.783,1177.98,553.398,23.2088,0.844334,1824.11,0
647.057,1175.04,508.168,8.35508,0.804666,1815.98,0
648.335,1213.98,487.025,-22.613,1.17201,1872.46,0
649.618,1223.06,488.301,1.48734,1.22314,1882.73,0
650.891,1198.36,480.71,10.471,0.943117,1841.11,0
652.174,1186.65,481.938,40.3705,0.805163,1819.52,0
653.446,1214.99,471.205,12.3764,1.06853,1859.36,0
654.722,1221.66,456.91,13.743,1.10281,1865.93,0
655.997,1206.95,456.192,-26.0771,0.925768,1839.87,0
657.278,1206.24,431.262,-14.956,0.897301,1835.2,0
658.548,1210.89,405.249,38.1375,0.923118,1838.72,0
659.821,1251.68,375.455,46.6891,1.30307,1897,0
661.103,1227.72,370.455,24.475,1.02132,1857.09,0
662.371,1212.08,399.132,36.3045,0.849799,1829.9,0
663.647,1221.01,400.393,46.3901,0.92415,1839.85,0
664.93,1185.1,392.652,52.3992,0.548276,1782.29,0
666.203,1150.71,371.474,50.116,0.202696,1727.26,0
667.481,1173.66,347.677,15.1452,0.428567,1758.35,0
668.761,1209.79,345.697,-19.4754,0.781612,1809.01,0
670.036,1215.57,361.155,-29.063,0.824993,1814.19,0
671.31,1221,355.575,-40.1007,0.862551,1818.83,0
672.594,1210.27,413.77,-7.35633,0.738779,1799.41,0
673.857,1193.63,448.725,-2.42625,0.566511,1771.34,0
675.125,1201.46,474.562,-2.06877,0.640246,1779.61,0
676.397,1212.68,479.064,-20.1979,0.742105,1792.86,0
677.666,1202.65,509.795,-33.1013,0.633915,1774.69,0
678.944,1212.76,525.282,-18.9044,0.727772,1786.24,0
680.219,1239.09,515.286,-20.4869,0.975026,1821.6,0
681.495,1183.41,531.732,-0.470486,0.411144,1736.49,0
682.773,1173.4,485.316,8.91346,0.310064,1718.57,0
684.064,1217.9,496.309,-0.57525,0.746079,1780.39,0
685.341,1231.62,479.854,-3.61744,0.862237,1797.09,0
686.623,1230.46,477.394,8.63489,0.831872,1792.04,0
687.896,1223.69,490.395,32.983,0.75034,1778.89,0
689.168,1239.96,460.537,32.7915,0.893786,1799.21,0
690.451,1245.29,441.772,12.874,0.918563,1803.6,0
691.72,1240.83,442.88,-26.877,0.852999,1793.83,0
692.99,1238.05,464.52,-52.7293,0.806808,1786.53,0
694.273,1236.39,446.096,-62.3039,0.777422,1780.84,0
695.539,1242.36,442.221,-68.0242,0.824324,1786.19,0
696.819,1227.39,471.764,-72.5995,0.66212,1761.42,0
698.101,1209.72,473.329,-118.862,0.479644,1732.88,0
699.372,1242.46,465.288,-123.208,0.795208,1776.53,0
700.657,1229.72,454.077,-103.157,0.659965,1755.1,0
701.931,1259.84,479.656,-96.1229,0.946358,1794.81,0
703.198,1247.01,443.056,-118.677,0.799287,1773.34,0
704.468,1230.67,429.104,-125.654,0.625416,1746.95,0
705.738,1255.75,394.852,-136.944,0.86334,1779.34,0
707.006,1209.2,355.019,-131.091,0.385558,1710.31,0
708.275,1195.02,403.994,-146.362,0.24339,1687.23,0
709.548,1193.83,403.904,-207.149,0.230776,1682.52,0
710.819,1203.36,424.761,-203.994,0.324931,1692.92,0
712.102,1220.68,411.073,-230.188,0.495315,1714.19,0
713.387,1256.61,445.024,-264.994,0.845009,1761.48,0
714.664,1230.2,436.485,-264.424,0.571541,1721.36,0
715.951,1240.09,453.278,-259.427,0.663559,1732.09,0
717.226,1237.07,471.391,-261.894,0.625596,1724.8,0
718.504,1191.01,514.379,-218.38,0.164518,1657.62,0
719.785,1212.66,590.859,-227.445,0.380248,1684.76,0
721.072,1201.11,582.684,-206.024,0.264205,1665.73,0
722.353,1184.65,573.576,-201.667,0.0993767,1639.98,0
723.63,1207.63,543.792,-239.033,0.328105,1668.85,0
724.908,1195.01,530.872,-162.276,0.201345,1648.5,0
726.188,1236.8,523.893,-171.313,0.616223,1703.14,0
727.463,1261.8,500.321,-169.04,0.855788,1734.53,0
728.74,1250.4,475.94,-163.77,0.723239,1715.84,0
730.011,1267.14,428.602,-177.73,0.876406,1735.78,0
731.289,1272.04,407.779,-176.484,0.898749,1739.45,0
732.568,1276.14,393.97,-165.771,0.913769,1742.01,0
733.844,1277.58,412.409,-169.626,0.905245,1740.94,0
735.12,1292.29,445.526,-185.099,1.0263,1757.93,0
736.402,1297.36,421.808,-178.371,1.04712,1761.76,0
737.676,1303.16,401.029,-198.013,1.07232,1766.58,0
738.945,1289.86,380.33,-201.672,0.913333,1745.54,0
740.235,1301.32,403.564,-204.907,1.00261,1757.98,0
741.505,1284.55,407.662,-186.075,0.812698,1732.36,0
742.78,1291.17,395.393,-213.091,0.863627,1738.3,0
744.051,1285.79,398.929,-194.898,0.798328,1728.1,0
745.333,1300.62,414.897,-196.13,0.930015,1745.02,0
746.607,1286.33,405.755,-168.944,0.763971,1722.91,0
747.883,1300.54,411.881,-204.939,0.893367,1738.96,0
749.17,1321.84,405.471,-168.576,1.08154,1764.41,0
750.452,1342.04,404.054,-150.682,1.24445,1788.31,0
751.724,1335.37,408.244,-162.736,1.14042,1776.41,0
753.004,1367.26,387.807,-161.33,1.41232,1815.74,0
754.271,1363.12,396.433,-147.413,1.30832,1807.21,0
755.541,1353.81,401.342,-144.312,1.17024,1791.84,0
756.813,1337.34,413.188,-164.015,0.975343,1767.07,0
758.092,1348.34,459.876,-159.031,1.05874,1778.6,0
759.366,1362.28,471.177,-179.912,1.15542,1793.97,0
760.645,1346.2,487.525,-175.269,0.960842,1769.81,0
761.916,1371.53,467.536,-183.942,1.1777,1800.1,0
763.187,1372.14,453.998,-190.891,1.14838,1797.91,0
764.462,1352.96,451.261,-189.102,0.924948,1769.82,0
765.74,1345.44,470.876,-188.694,0.828959,1757.05,0
767.014,1358.25,486.063,-192.896,0.93636,1770.83,0
768.291,1337.89,476.842,-197.055,0.718696,1741.39,0
769.573,1341.32,474.926,-220.262,0.739289,1742.94,0
770.844,1339.74,479.612,-224.236,0.710869,1738.01,0
772.121,1330.04,481.387,-239.377,0.603424,1722.58,0
773.394,1374.61,466.399,-259.759,1.02757,1777.38,0
774.668,1376.37,456.671,-216.346,1.01656,1776.73,0
775.945,1363.27,475.104,-226.573,0.863825,1756.91,0
777.226,1326.74,451.687,-206.436,0.494571,1707.02,0
778.502,1339.8,419.844,-196.512,0.623299,1720.99,0
779.771,1386.25,412.271,-210.173,1.06816,1777.77,0
781.05,1428.48,407.887,-181.683,1.43959,1828.92,0
782.324,1436.46,420.341,-196.119,1.45412,1836.15,0
783.6,1440.23,419.431,-179.038,1.42625,1837.97,0
784.88,1415.25,433.247,-141.249,1.13334,1803.13,0
786.155,1450.18,400.193,-138.541,1.42248,1844.65,0
787.434,1450.15,411.844,-106.907,1.36702,1841.61,0
788.709,1458.48,409.264,-76.2197,1.37705,1849.2,0
789.986,1474.08,371.078,-76.2231,1.47127,1865.96,0
791.263,1478.97,360.792,-94.0893,1.45727,1869.13,0
792.542,1434.69,322.567,-112.889,0.974686,1810.24,0
793.82,1408.7,353.519,-74.4671,0.707624,1774.58,0
795.098,1414.52,384.433,-59.0267,0.755709,1779.05,0
796.369,1426.79,395.521,-50.8711,0.865038,1791.62,0
797.638,1434.96,369.088,-38.0816,0.926662,1799.01,0
798.912,1451.16,366.11,-12.4337,1.06602,1816.41,0
800.184,1467.6,393.335,7.75724,1.19175,1834.08,0
801.46,1499.68,404.162,28.5971,1.46604,1871.18,0
802.73,1507.87,428.761,15.609,1.48326,1878.43,0
804.008,1490.39,424.435,55.1932,1.24934,1853.7,0
805.294,1490.09,416.156,89.1325,1.20197,1850.37,0
806.564,1474.36,415.743,91.8421,1.01446,1827.94,0
807.844,1456.3,440.55,106.802,0.809586,1802.7,0
809.117,1486.24,424.177,117.587,1.0812,1836.87,0
810.399,1488.82,426.462,109.151,1.07457,1837.14,0
811.676,1484.7,434.939,116.249,1.00183,1829.18,0
812.957,1502.73,416.946,107.465,1.14992,1848.48,0
814.238,1523.81,438.232,116.386,1.32131,1871.45,0
815.516,1557.13,445.511,131.619,1.58132,1909.38,0
816.798,1545.44,416.844,149.42,1.3955,1892.07,0
818.076,1552.67,435.787,125.684,1.40819,1897.95,0
819.355,1578.9,444.444,130.853,1.60389,1927,0
820.637,1562.2,467.311,124.35,1.36908,1903.64,0
821.915,1590.21,417.522,111.334,1.5911,1934.76,0
823.191,1574.29,407.496,116.272,1.36292,1912.42,0
824.465,1596.32,396.784,132.981,1.51351,1936.19,0
825.749,1594.62,381.887,155.386,1.43706,1931.12,0
827.019,1608.13,403.427,155.745,1.49243,1944.49,0
828.295,1574.29,423.256,163.947,1.10371,1900.64,0
829.571,1592.42,418.98,158.117,1.23715,1919.57,0
830.845,1572.33,417.006,146.094,1.00242,1892.45,0
832.128,1554.89,451.763,139.219,0.807446,1868.57,0
833.399,1535.52,484.787,115.094,0.601078,1842.47,0
834.665,1482.9,491.579,154.361,0.0741631,1776.64,0
835.943,1519.55,496.595,165.24,0.439585,1817.77,0
837.211,1519.73,578.231,109.856,0.440673,1815.23,0
838.477,1579.96,560.595,140.967,1.02701,1884.32,0
839.756,1578.27,578.286,162.438,0.979253,1879.44,0
841.026,1535.5,531.728,156.179,0.540047,1825.74,0
842.301,1494.7,551.996,147.398,0.126398,1774.54,0
843.575,1505.95,528.427,142.098,0.23852,1785.2,0
844.845,1515.66,482.929,170.408,0.334814,1794.01,0
846.115,1500.48,486.691,224.643,0.181682,1773.37,0
847.386,1502.23,474.298,189.043,0.198742,1772.78,0
848.66,1496.7,420.264,167.1,0.143166,1763.6,0
849.939,1523.51,449.123,138.678,0.410597,1792.49,0
851.216,1502.5,440.664,124.223,0.200052,1765.12,0
852.496,1516.04,496.308,194.999,0.334864,1778.36,0
853.771,1513.64,512.391,160.352,0.310481,1772.89,0
855.043,1552.32,520.094,209.847,0.692245,1815.49,0
856.325,1550.76,442.337,239.644,0.671145,1810.95,0
857.612,1560.8,461.375,239.612,0.75684,1819.93,0
858.89,1585.96,455.836,254.468,0.991644,1846.52,0
860.169,1562.24,467.707,285.937,0.73718,1816.2,0
861.437,1573.48,491.91,282.192,0.839062,1826.58,0
862.721,1618.49,506.238,300.25,1.26254,1876.03,0
864.013,1663.23,514.213,307.911,1.64495,1925.01,0
865.287,1663.48,551.768,353.912,1.55785,1922.46,0
866.557,1672.72,572.774,320.431,1.57153,1930.31,0
867.837,1666.62,541.381,307.082,1.43669,1920.43,0
869.111,1674.85,528.575,280.667,1.44977,1927.09,0
870.383,1666.86,513.332,260.237,1.30695,1915.09,0
871.652,1659.66,511.704,259.009,1.19244,1904.04,0
872.928,1695.56,515.817,266.728,1.49072,1942.39,0
874.211,1702.65,512.217,283.62,1.49969,1947.64,0
875.487,1685.36,521.501,284.742,1.27336,1925.06,0
876.765,1670.92,568.274,305.789,1.08803,1905.78,0
878.041,1661.87,545.462,310.9,0.969744,1892.7,0
879.313,1609.98,522.927,331.478,0.442815,1830.95,0
880.581,1613.57,472.136,275.208,0.47704,1832.39,0
881.851,1644.12,469.486,291.56,0.770526,1864.4,0
883.128,1685.15,454.884,322.844,1.15166,1908.16,0
884.4,1706.57,492.513,310.614,1.31939,1929.63,0
885.677,1695.37,451.196,310.601,1.1636,1914.21,0
886.957,1730.45,451.047,294.493,1.46868,1950.99,0
888.233,1751.65,460.354,282.478,1.61203,1972.06,0
889.512,1748.19,491.296,239.909,1.50302,1965.34,0
890.784,1743.49,493.318,244.84,1.38728,1957.25,0
892.057,1751.27,519.045,241.768,1.4114,1963.18,0
893.344,1754.23,520.193,255.658,1.37119,1963.67,0
894.627,1738.86,496.058,276.284,1.16734,1943.67,0
895.912,1725.02,521.079,278.748,1.00039,1925.44,0
897.181,1729.04,528.236,305.531,1.01582,1927.19,0
898.454,1719.65,551.194,306.317,0.900911,1914.01,0
899.722,1719.27,560.759,295.504,0.8764,1910.89,0
900.992,1745.97,572.89,291.08,1.11593,1937.83,0
902.254,1726.06,579.734,291.831,0.895726,1913.05,0
903.537,1712.83,583.509,301.472,0.747102,1895.7,0
904.816,1707.3,561.129,279.453,0.676914,1886.9,0
906.1,1682.66,542.441,310.362,0.424857,1857.04,0
907.371,1716.84,544.777,341.84,0.758217,1892.11,0
908.633,1713.55,559.075,320.849,0.716165,1885.85,0
909.915,1696.2,558.357,357.381,0.536898,1864.13,0
911.19,1731.41,561.066,397.34,0.876106,1900.16,0
912.474,1726.09,544.745,400.112,0.804431,1891.66,0
913.75,1744.9,516.517,369.363,0.97043,1909.6,0
915.034,1722.64,543.484,357.982,0.731026,1882.6,0
916.315,1720.95,574.018,361.546,0.705858,1878.12,0
917.595,1702.94,522.883,374.207,0.523284,1855.87,0
918.869,1707.99,535.05,407.932,0.568832,1858.79,0
920.139,1689.31,524.07,394.299,0.379472,1835.93,0
921.42,1665.23,557.278,388.305,0.138637,1807.24,0
922.696,1697.36,546.629,392.462,0.458204,1839.57,0
923.968,1675.69,492.559,374.035,0.241119,1813.58,0
925.244,1690.37,491.858,421.238,0.387369,1826.94,0
926.518,1748.89,464.161,443.332,0.960782,1887.6,0
927.789,1758.25,442.682,424.69,1.03173,1895.1,0
929.072,1755.55,407.347,407.358,0.9752,1889.57,0
930.341,1750.82,409.419,431.552,0.9018,1881.91,0
931.616,1764.54,418.727,391.894,1.01629,1894.06,0
932.9,1737.67,405.444,383.789,0.732361,1862.65,0
934.174,1735.71,335.42,392.013,0.705813,1858.01,0
935.451,1708.2,354.249,383.459,0.425948,1826.07,0
936.717,1727.56,352.774,375.743,0.617724,1844.27,0
937.983,1732.52,362.75,342.755,0.660528,1847.07,0
939.259,1684.81,368.181,341.317,0.179196,1793.76,0
940.538,1717.11,380.83,317.633,0.501053,1825.66,0
941.817,1710.68,370.305,288.252,0.435379,1816.37,0
943.094,1712.2,397.116,258.006,0.44985,1815.51,0
944.368,1710.82,419.545,280.246,0.43444,1811.6,0
945.647,1694.21,474.015,233.062,0.266051,1791.58,0
946.926,1713.43,483.154,219.035,0.457267,1809.47,0
948.196,1717.54,516.678,189.048,0.49415,1811.38,0
949.471,1757.88,527.805,215.313,0.886163,1851.43,0
950.745,1742.27,552.193,236.986,0.711897,1832.53,0
952.014,1745.64,544.732,224.141,0.736027,1833.63,0
953.284,1741.73,551.04,248.587,0.68885,1827.09,0
954.56,1728.26,544.677,239.078,0.54769,1810.53,0
955.839,1732.71,508.992,218.654,0.587985,1812.76,0
957.107,1749.72,506.231,166.525,0.750474,1828.13,0
958.379,1762.39,517.379,147.356,0.862553,1838.93,0
959.668,1694.74,482.024,131.688,0.178135,1765.97,0
960.959,1706.81,516.599,106.38,0.298194,1776.16,0
962.239,1726.49,444.771,87.7117,0.493658,1794.24,0
963.513,1739.04,462.818,69.7373,0.609742,1804.89,0
964.794,1726.84,480.526,51.6031,0.483092,1789.85,0
966.061,1700.77,509.212,49.5202,0.219688,1760.52,0
967.33,1736.64,530.878,30.6442,0.576342,1795.29,0
968.6,1730.68,504.832,68.7002,0.512554,1786.79,0
969.887,1689.3,522.982,41.0526,0.0976563,1741.75,0
971.162,1683.01,537.351,45.8136,0.034501,1732.98,0
972.437,1694.52,510.462,56.4656,0.149198,1742.55,0
973.716,1713.93,549.123,47.156,0.34235,1760.19,0
974.997,1747.28,507.107,49.54,0.672833,1792.09,0
976.273,1749.59,504.514,72.5578,0.687856,1792.11,0
977.549,1714.71,512.477,47.0281,0.33074,1754.09,0
978.823,1698.52,491.369,19.2609,0.168056,1735.27,0
980.11,1708.02,503.337,16.3535,0.261503,1742.68,0
981.381,1731.25,555.718,34.1519,0.49213,1764.1,0
982.655,1771.35,578.996,5.91545,0.880024,1802.62,0
983.937,1775.82,570.283,9.45737,0.907016,1804.81,0
985.216,1748.49,564.236,29.0067,0.620446,1774.72,0
986.49,1751.43,574.071,-11.3567,0.647152,1775.42,0
987.768,1765.64,544.983,-17.4545,0.781391,1787.51,0
989.047,1796.9,565.787,-42.5191,1.07835,1816.8,0
990.327,1774.77,584.645,-44.8506,0.833092,1792.11,0
991.606,1794.98,590.882,-16.0659,1.00833,1810.18,0
992.878,1813.8,594.359,-24.417,1.16051,1826.81,0
994.155,1833.75,555.347,-7.02132,1.32427,1844.53,0
995.428,1829.21,537.342,-27.6892,1.23497,1837.61,0
996.707,1844.98,549.802,-45.2701,1.34274,1851.07,0
997.982,1839.6,554.615,-33.1879,1.23709,1843.32,0
999.249,1841.81,573.414,-4.18896,1.21118,1843.19,0
1000,1837.97,574.392,-10.344,1.14671,1837.97,0
