1.27489,15.9669,-10.6678,-11.3257,0.159077,12524.1,0
2.54432,44.4867,-13.4916,-28.1789,0.442672,17484.7,0
3.82761,76.3298,-61.5482,-17.0872,0.756447,19941.9,0
5.10587,94.3173,-75.7844,-59.4884,0.923889,18472.3,0
6.38103,84.8919,-66.1222,-50.2298,0.818178,13303.8,0
7.65825,98.1861,-97.9531,-78.5871,0.935305,12821,0
8.93052,96.8123,-80.5375,-59.1276,0.9058,10840.6,0
10.2068,120.558,-58.8597,-53.5419,1.11313,11811.6,0
11.4876,128.224,-62.106,-21.1644,1.15364,11162,0
12.7725,122.934,-42.5254,-16.0843,1.07662,9624.96,0
14.0542,120.397,-4.60877,-32.9007,1.01657,8566.62,0
15.3293,80.3721,-28.4547,-44.2057,0.599528,5243.03,0
16.6002,34.0722,-43.3524,-18.9963,0.13567,2052.52,0
17.8724,76.929,-47.0946,-51.5046,0.561018,4304.34,0
19.1533,61.5317,-83.7704,-18.5038,0.402985,3212.59,0
20.4278,79.3733,-116.945,-30.6202,0.578762,3885.56,0
21.7059,97.9921,-130.16,-41.3134,0.75632,4514.53,0
22.9879,140.265,-170.788,-57.3533,1.15085,6101.7,0
24.2687,136.786,-166.267,-38.5044,1.08002,5636.3,0
25.5518,148.289,-227.693,-26.6739,1.1619,5803.46,0
26.8279,103.216,-245.237,-29.4034,0.685687,3847.32,0
28.1049,95.2544,-289.003,-28.0484,0.600322,3389.24,0
29.3826,76.1849,-296.063,-22.3438,0.40448,2592.86,0
30.6635,62.3811,-308.878,-5.77663,0.266195,2034.37,0
31.9449,55.8402,-320.309,-26.8531,0.200416,1748.02,0
33.2208,60.3177,-273.606,-12.6986,0.244762,1815.66,0
34.5026,59.7477,-205.635,-20.6784,0.238732,1731.69,0
35.7775,64.1471,-274.05,-42.52,0.281918,1792.95,0
37.0474,61.8947,-236.298,-62.3872,0.25792,1670.69,0
38.3287,90.1642,-244.627,-80.2133,0.538413,2352.39,0
39.6061,102.819,-216.845,-64.4571,0.658582,2596.04,0
40.8861,108.613,-196.331,-20.5284,0.705585,2656.46,0
42.1656,111.371,-152.424,-21.8626,0.719595,2641.28,0
43.4358,141.698,-146.95,-40.2136,1.01306,3262.24,0
44.7133,151.291,-158.216,-42.8116,1.07754,3383.59,0
45.9931,182.713,-150.042,-39.5877,1.35263,3972.61,0
47.2659,176.627,-174.569,-47.9745,1.24319,3736.88,0
48.5399,199.355,-154.057,-33.907,1.40948,4107.03,0
49.8167,160.398,-152.849,-26.8848,0.979347,3219.76,0
51.0906,187.718,-164.562,-12.6044,1.21974,3674.21,0
52.3594,233.491,-174.008,-28.0728,1.61204,4459.38,0
53.6359,273.624,-188.108,-15.9537,1.90516,5101.52,0
54.9127,294.171,-217.774,-16.6424,1.95966,5357.06,0
56.1874,299.302,-203.614,3.88883,1.87521,5326.85,0
57.4639,337.214,-214.047,30.5564,2.1056,5868.28,0
58.7386,324.311,-223.953,25.8096,1.83719,5521.25,0
60.008,310.178,-251.294,-2.8876,1.59699,5168.94,0
61.2896,316.592,-241.803,8.76565,1.57719,5165.51,0
62.5597,327.252,-232.823,22.9451,1.6112,5231.04,0
63.8274,335.879,-247.385,26.9623,1.62102,5262.3,0
65.1067,331.346,-251.074,51.4605,1.49215,5089.28,0
66.3818,332.088,-209.916,60.5218,1.43252,5002.7,0
67.6686,352.001,-209.613,55.9895,1.55592,5201.84,0
68.9456,350.99,-201.261,45.3123,1.47856,5090.82,0
70.2214,337.534,-187.053,40.7528,1.29068,4806.71,0
71.5149,344.621,-195.137,56.1832,1.30622,4818.87,0
72.7852,341.923,-191.469,56.3651,1.23297,4697.71,0
74.0572,344.759,-184.265,17.9285,1.21938,4655.31,0
75.3409,324.739,-215.851,9.96463,0.981608,4310.25,0
76.6272,324.254,-192.492,7.65421,0.949515,4231.57,0
77.9031,355.157,-168.408,-15.5157,1.23024,4558.96,0
79.1764,313.055,-130.395,-2.08039,0.785287,3953.89,0
80.4543,312.177,-115.468,-24.1106,0.759799,3880.18,0
81.7273,296.08,-132.755,-21.4935,0.5905,3622.78,0
83.0036,305.666,-172.911,-32.7932,0.679007,3682.56,0
84.2742,306.295,-150.954,-17.3126,0.674266,3634.5,0
85.558,299.893,-185.532,26.1781,0.605212,3505.14,0
86.8365,310.236,-166.435,-0.38086,0.69896,3572.64,0
88.1111,320.948,-204.069,36.0698,0.794531,3642.54,0
89.3893,303.093,-200.47,25.6191,0.60795,3390.71,0
90.6674,302.616,-208.443,-8.93303,0.597374,3337.65,0
91.9421,330.878,-180.546,-10.718,0.865616,3598.76,0
93.2147,307.701,-203.735,23.7675,0.61607,3300.99,0
94.4864,329.378,-196.178,55.0686,0.824192,3485.98,0
95.756,312.802,-178.251,58.5566,0.646041,3266.65,0
97.0306,306.853,-223.016,61.2344,0.578762,3162.43,0
98.3092,297.221,-207.459,21.7833,0.480131,3023.33,0
99.5882,258.085,-190.612,-0.352216,0.0886023,2591.52,0
100.863,290.416,-207.907,29.0899,0.409145,2879.3,0
102.142,282.978,-193.733,36.7192,0.332873,2770.44,0
103.416,292.685,-210.563,23.8658,0.42941,2830.17,0
104.686,358.631,-218.535,17.9002,1.07118,3425.78,0
105.964,376.603,-233.952,39.9022,1.21095,3554.07,0
107.241,379.425,-246.659,8.70611,1.20001,3538.04,0
108.513,348.604,-235.736,-2.64769,0.86572,3212.55,0
109.79,359.182,-246.031,-15.6676,0.955332,3271.53,0
111.063,357.081,-246.421,-26.31,0.906703,3215.11,0
112.34,365.388,-256.499,-30.2794,0.966021,3252.53,0
113.619,372.534,-241.35,-26.7614,1.00847,3278.8,0
114.892,405.565,-222.9,-62.267,1.30212,3529.96,0
116.17,418.52,-226.9,-61.1041,1.37917,3602.65,0
117.44,421.904,-215.289,-48.0617,1.3565,3592.5,0
118.719,402.953,-220.678,-47.8958,1.1301,3394.18,0
119.998,394.079,-218.98,-37.838,1.00414,3284.06,0
121.27,377.913,-198.121,-6.77575,0.820363,3116.29,0
122.534,383,-216.723,7.80551,0.855111,3125.66,0
123.819,396.572,-195.155,1.47908,0.976132,3202.84,0
125.1,388.556,-206.14,-19.5582,0.869042,3105.95,0
126.37,392.881,-208.943,-48.886,0.894545,3108.97,0
127.652,374.074,-185.705,-49.1733,0.690898,2930.42,0
128.919,396.487,-170.761,-12.2729,0.900081,3075.48,0
130.197,389.792,-141.123,-6.10508,0.814672,2993.86,0
131.473,403.938,-194.069,0.999215,0.933736,3072.4,0
132.75,370.49,-181.619,-4.45468,0.58621,2790.89,0
134.022,376.014,-141.827,3.92359,0.636252,2805.62,0
135.299,377.85,-91.9194,14.6759,0.648895,2792.71,0
136.577,358.128,-86.9054,17.5132,0.445385,2622.17,0
137.848,324.162,-90.3963,18.6133,0.104947,2351.59,0
139.12,329.675,-91.8558,56.842,0.159462,2369.71,0
140.391,328.588,-76.5499,30.2829,0.148304,2340.52,0
141.672,328.371,-135.071,30.9776,0.145305,2317.83,0
142.953,355.303,-151.796,48.558,0.412879,2485.46,0
144.233,337.621,-118.799,49.3386,0.235201,2340.8,0
145.508,327.461,-162.693,38.0839,0.133437,2250.47,0
146.779,339.6,-89.1391,-6.08099,0.25436,2313.69,0
148.048,379.957,-90.2166,2.13965,0.649553,2566.44,0
149.322,394.46,-95.5692,10.5501,0.785625,2641.67,0
150.602,415.506,-131.895,-23.5286,0.982702,2758.97,0
151.871,437.85,-131.716,-50.2266,1.1758,2883.03,0
153.146,443.502,-123.633,-36.5507,1.19276,2895.95,0
154.421,406.783,-127.507,-47.7667,0.79992,2634.24,0
155.691,399.953,-145.589,-38.5204,0.720329,2568.9,0
156.968,388.628,-155.683,-46.6899,0.598354,2475.84,0
158.238,372.313,-147.817,-70.4055,0.432157,2352.87,0
159.514,410.744,-152.618,-21.1209,0.807442,2574.97,0
160.785,457.186,-205.013,-27.2387,1.2402,2843.46,0
162.061,444.567,-184.457,15.015,1.07506,2743.2,0
163.337,435.682,-186.07,29.0552,0.960558,2667.37,0
164.61,450.237,-170.322,23.2271,1.07338,2735.17,0
165.897,431.05,-123.975,15.1486,0.858391,2598.3,0
167.169,455.813,-123.17,22.182,1.08197,2726.67,0
168.437,466.378,-115.592,18.8824,1.14713,2768.86,0
169.706,457.727,-101.176,12.8052,1.02874,2697.17,0
170.981,495.705,-86.4756,-5.22225,1.36869,2899.18,0
172.26,490.822,-92.6988,-19.5759,1.2643,2849.32,0
173.541,505.995,-83.8387,-56.1031,1.3661,2915.71,0
174.813,484.212,-71.8031,-53.1625,1.10372,2769.88,0
176.087,470.732,-97.6511,-76.5075,0.943345,2673.3,0
177.369,486.436,-85.3606,-67.4097,1.07397,2742.51,0
178.645,467.653,-78.3617,-70.3416,0.861263,2617.77,0
179.926,511.937,-66.0657,-62.8397,1.26792,2845.27,0
181.21,495.974,-70.7291,-84.503,1.0744,2737.01,0
182.492,524.869,-86.6847,-67.4467,1.32025,2876.12,0
183.769,522.188,-91.3602,-66.9007,1.24823,2841.55,0
185.051,502.416,-110.712,-68.7149,1.01607,2715.01,0
186.331,506.404,-76.6875,-76.8565,1.03363,2717.77,0
187.612,538.955,-98.0418,-62.1051,1.31747,2872.72,0
188.885,542.469,-95.6933,-20.7924,1.29164,2871.96,0
190.148,553.366,-80.116,-54.8865,1.34711,2910.18,0
191.437,508.936,-87.006,-48.1876,0.868285,2658.51,0
192.715,527.097,-82.1488,-43.9018,1.02884,2735.11,0
193.99,538.787,-114.698,-50.7578,1.11516,2777.4,0
195.271,563.214,-115.768,-40.2698,1.325,2884.27,0
196.549,557.069,-122.453,5.3103,1.21748,2834.25,0
197.827,539.813,-118.619,34.7693,1.00661,2728.72,0
199.095,496.987,-139.013,32.0536,0.564778,2496.23,0
200.37,460.101,-169.086,80.9776,0.194766,2296.26,0
201.641,458.274,-156.701,159.658,0.176272,2272.72,0
202.919,485.879,-167.661,118.699,0.451472,2394.44,0
204.196,453.41,-179.123,123.249,0.126157,2220.46,0
205.475,454.379,-217.922,133.723,0.135516,2211.36,0
206.756,464.382,-250.762,164.699,0.234942,2246.04,0
208.035,495.968,-259.403,175.949,0.545882,2384.06,0
209.294,510.672,-300.169,178.127,0.681313,2439.98,0
210.57,510.48,-288.982,168.44,0.669886,2424.27,0
211.837,506.154,-305.547,169.011,0.61626,2389.35,0
213.11,466.503,-387.76,186.923,0.218745,2189.02,0
214.386,472.463,-383.631,177.169,0.277843,2203.8,0
215.664,499.345,-409.371,207.099,0.545348,2315.38,0
216.937,508.186,-398.254,218.438,0.62963,2342.56,0
218.214,486.603,-377.045,261.821,0.410635,2229.94,0
219.493,459.114,-355.871,214.944,0.13573,2091.7,0
220.771,503.978,-382.387,243.412,0.581762,2282.81,0
222.043,527.056,-351.38,235.895,0.801773,2373.67,0
223.318,526.167,-322.787,195.671,0.778651,2356.13,0
224.59,487.637,-352.707,199.371,0.386322,2171.24,0
225.867,527.553,-343.524,207.464,0.77635,2335.68,0
227.14,530.786,-363.962,220.11,0.795929,2336.82,0
228.411,525.333,-398.355,204.496,0.732354,2299.95,0
229.687,505.35,-391.662,218.176,0.522681,2200.17,0
230.957,499.868,-399.572,195.627,0.467391,2164.34,0
232.224,494.283,-348.394,175.811,0.408742,2128.47,0
233.499,537.61,-344.711,201.113,0.834907,2302.4,0
234.773,552.39,-367.262,214.176,0.954486,2352.87,0
236.046,553.879,-403.251,232.58,0.943567,2346.49,0
237.315,576.471,-407.701,208.064,1.14073,2429.14,0
238.593,602.669,-410.155,241.626,1.36312,2525.93,0
239.87,589.784,-373.527,240.899,1.19076,2458.77,0
241.148,572.999,-360.793,261.862,0.988205,2376.13,0
242.418,584.473,-344.528,239.741,1.0794,2411.01,0
243.698,576.773,-339.328,232.916,0.974136,2366.75,0
244.975,573.008,-342.01,236.655,0.913787,2339.05,0
246.266,600.737,-347.652,259.084,1.1574,2439.39,0
247.536,579.645,-392.979,277.977,0.917094,2341.66,0
248.812,585.641,-421.471,239.266,0.955714,2353.75,0
250.083,596.441,-463.007,255.339,1.04081,2384.97,0
251.361,581.629,-514.086,238.47,0.87559,2313.92,0
252.629,562.625,-530.116,254.414,0.66815,2227.08,0
253.914,523.232,-530.649,281.633,0.270382,2060.66,0
255.199,550.172,-507.896,293.452,0.537778,2155.85,0
256.477,532.084,-474.868,304.719,0.354667,2074.59,0
257.758,518.862,-508.222,332.18,0.221805,2012.98,0
259.036,504.134,-477.722,331.861,0.0744539,1946.19,0
260.312,554.386,-505.712,352.546,0.57169,2129.7,0
261.579,585.641,-491.156,345.338,0.87297,2238.87,0
262.859,582.564,-493.986,338.661,0.827528,2216.26,0
264.133,591.694,-518.787,365.097,0.900683,2240.14,0
265.412,584.75,-526.856,368.881,0.818691,2203.18,0
266.68,590.359,-552.534,373.016,0.853832,2213.74,0
267.948,554.347,-508.668,348.878,0.485759,2068.86,0
269.229,535.632,-457.234,360.229,0.298299,1989.51,0
270.509,528.485,-389.291,370.595,0.224381,1953.67,0
271.781,584.021,-372.231,368.77,0.772681,2148.87,0
273.06,594.265,-370.303,382.379,0.857123,2176.32,0
274.342,632.78,-394.034,374.21,1.21317,2306.54,0
275.61,649.868,-396.046,385.349,1.327,2357.93,0
276.877,654.496,-397.994,393.529,1.32422,2363.85,0
278.169,655.425,-383.996,400.649,1.28157,2356.21,0
279.44,657.048,-393.991,395.543,1.24402,2351.3,0
280.719,629.71,-379.014,395.95,0.936745,2243.2,0
281.998,594.267,-382.602,382.901,0.569883,2107.35,0
283.273,605.672,-370.907,350.981,0.676425,2138.12,0
284.547,627.331,-354.225,332.824,0.876196,2204.66,0
285.838,624.592,-370.964,330.949,0.829936,2185.12,0
287.112,594.756,-372.836,279.376,0.524683,2071.51,0
288.388,567.66,-336.025,257.289,0.253081,1968.39,0
289.667,591.018,-341.373,255.141,0.481719,2040.34,0
290.936,586.096,-373.017,217.232,0.429312,2014.52,0
292.214,589.779,-326.385,209.205,0.46414,2018.31,0
293.495,586.113,-329.542,210.574,0.425921,1997.01,0
294.777,607.19,-352.145,212.362,0.630809,2059.83,0
296.063,589.472,-324.631,256.322,0.450193,1991.03,0
297.343,580.894,-395.595,214.334,0.363528,1953.62,0
298.618,608.59,-378.111,219.897,0.636512,2038.02,0
299.897,608.352,-330.09,250.445,0.629097,2028.54,0
301.167,657.925,-339.521,266.942,1.1076,2184.58,0
302.442,694.983,-329.886,247.273,1.40845,2297.91,0
303.717,716.588,-349.207,263.27,1.55457,2359.39,0
304.996,690.453,-338.489,261.43,1.23116,2263.81,0
306.274,704.389,-386.62,281.435,1.327,2299.87,0
307.548,705.996,-384.571,274.928,1.29259,2295.56,0
308.835,668.855,-396.193,285.464,0.892904,2165.73,0
310.111,674.867,-394.971,282.493,0.929007,2176.21,0
311.387,672.375,-396.758,314.565,0.88495,2159.29,0
312.662,680.9,-371.026,331.111,0.948517,2177.75,0
313.93,694.434,-374.751,339.883,1.06363,2212.07,0
315.219,708.741,-380.007,330.228,1.16655,2248.41,0
316.495,711.134,-352.372,326.744,1.15606,2246.9,0
317.773,691.114,-369.729,331.328,0.925666,2174.87,0
319.048,694.954,-377.49,285.03,0.940963,2178.21,0
320.322,640.454,-387.815,242.271,0.389438,1999.41,0
321.603,613.147,-342.125,165.129,0.115877,1906.54,0
322.882,617.816,-339.406,212.223,0.162088,1913.45,0
324.157,626.971,-297.227,239.453,0.252074,1934.16,0
325.441,634.667,-286.151,255.741,0.328167,1950.17,0
326.713,613.2,-336.035,287.517,0.11327,1876.88,0
327.993,606.16,-345.494,300.584,0.0426031,1848.09,0
329.272,644.521,-291.702,262.506,0.424936,1957.41,0
330.544,668.194,-264.035,259.266,0.657309,2021.49,0
331.817,654.263,-275.319,268.53,0.511683,1971.76,0
333.087,630.144,-276.058,226.443,0.26834,1891.83,0
334.358,630.864,-331.775,221.55,0.273195,1886.79,0
335.643,625.52,-375.651,202.52,0.219392,1863.65,0
336.919,634.448,-365.616,197.149,0.308088,1883.09,0
338.19,620.431,-385.87,222.236,0.16777,1834.57,0
339.46,637.351,-335.024,191.656,0.333011,1877.54,0
340.732,644.337,-364.2,186.923,0.402045,1891.04,0
341.995,675.071,-376.303,194.553,0.702645,1973.92,0
343.277,656.616,-344.812,166.827,0.508344,1912.79,0
344.548,646.779,-347.864,182.84,0.408767,1877.18,0
345.819,639.963,-284.007,258.138,0.339807,1850.57,0
347.09,618.223,-250.768,241.933,0.122319,1781.16,0
348.357,662.316,-197.3,289.994,0.561586,1901.26,0
349.635,619.114,-124.85,281.04,0.129016,1770.74,0
350.919,642.549,-125.188,286.088,0.35908,1831.04,0
352.201,636.371,-123.464,325.898,0.294777,1806.84,0
353.48,638.36,-166.556,355.018,0.313933,1805.93,0
354.75,664.962,-155.21,323.173,0.573247,1874.45,0
356.025,678.958,-186.202,332.43,0.703465,1907.05,0
357.284,686.859,-202.56,341.526,0.771541,1922.45,0
358.56,700.552,-226.548,327.305,0.898312,1953.79,0
359.835,716.924,-224.163,341.316,1.03785,1992.37,0
361.114,688.293,-191.802,341.552,0.735247,1906.03,0
362.386,692.595,-200.694,304.662,0.762229,1911.21,0
363.666,643.088,-216.706,250.837,0.264805,1768.35,0
364.941,655.413,-166.613,251.994,0.385554,1795.94,0
366.216,637.644,-194.944,272.073,0.207659,1741.17,0
367.498,671.157,-213.577,306.526,0.539552,1826.29,0
368.768,645.495,-173.156,296.387,0.280968,1750.41,0
370.044,682.968,-165.167,259.995,0.646831,1845.64,0
371.316,706.027,-140.392,211.149,0.860702,1901.42,0
372.593,686.778,-146.71,234.506,0.657955,1843.24,0
373.867,671.625,-177.958,282.209,0.503025,1796.43,0
375.125,650.143,-186.132,250.527,0.287456,1733.13,0
376.406,662.071,-137.52,283.888,0.40547,1758.93,0
377.68,654.037,-105.63,311.935,0.324854,1731.72,0
378.96,675.86,-133.071,306.417,0.542102,1783.46,0
380.247,665.084,-150.405,342.072,0.433023,1749.09,0
381.521,686.302,-117.236,339.792,0.638795,1798.86,0
382.79,701.364,-152.702,384.981,0.781454,1832.24,0
384.07,673.413,-197.808,373.962,0.495879,1753.36,0
385.362,716.47,-227.398,359.743,0.912644,1859.21,0
386.637,717.77,-241.743,321.899,0.903266,1856.44,0
387.916,710.7,-260.618,305.214,0.815725,1832.1,0
389.197,728.915,-242.806,315.354,0.977507,1872.87,0
390.474,742.772,-239.565,326.692,1.08831,1902.23,0
391.763,739.384,-250.205,335.658,1.02635,1887.32,0
393.038,774.024,-253.08,328.764,1.32119,1969.34,0
394.314,768.72,-255.492,318.617,1.22161,1949.51,0
395.586,770.094,-263.495,329.559,1.19005,1946.72,0
396.866,785.679,-263.343,335.306,1.30638,1979.71,0
398.138,834.292,-228.228,339.737,1.71572,2095.48,0
399.408,853.02,-218.911,350.179,1.80122,2135.71,0
400.676,871.335,-206.005,356.215,1.8679,2174.66,0
401.941,876.468,-215.641,337.107,1.78564,2180.59,0
403.213,868.168,-231.315,350.328,1.60496,2153.12,0
404.497,911.244,-227.032,360.621,1.93142,2252.78,0
405.76,897.03,-228.499,373.115,1.6744,2210.74,0
407.038,907.325,-218.562,393.983,1.6721,2229.09,0
408.319,903.769,-215.78,397.327,1.55088,2213.39,0
409.587,885.841,-212.317,396.876,1.31583,2162.76,0
410.852,894.709,-231.829,385.484,1.34659,2177.69,0
412.122,896.333,-222.763,410.976,1.31292,2174.92,0
413.397,887.869,-211.094,421.755,1.18453,2147.74,0
414.668,886.782,-200.365,405.822,1.14174,2138.54,0
415.936,881.895,-175.453,413.633,1.0563,2120.26,0
417.213,875.877,-185.499,424.059,0.965073,2099.35,0
418.492,879.103,-169.235,453.757,0.975436,2100.64,0
419.766,889.671,-197.593,443.343,1.05695,2119.45,0
421.041,887.195,-203.628,406.609,0.999196,2107.15,0
422.316,915.218,-222.244,414.909,1.24226,2167.14,0
423.584,919.289,-199.965,425.078,1.24363,2170.26,0
424.864,921.09,-217.461,451.986,1.22202,2167.97,0
426.136,914.149,-189.218,436.317,1.11603,2145.21,0
427.415,890.8,-180.115,427.339,0.859089,2084.16,0
428.686,886.96,-156.538,442.15,0.803883,2069.02,0
429.96,887.062,-151.876,445.144,0.792833,2063.13,0
431.245,886.431,-156.397,459.95,0.768554,2055.52,0
432.524,910.995,-156.243,455.272,0.991235,2106.23,0
433.807,925.818,-155.225,463.829,1.09914,2134.17,0
435.08,926.913,-138.987,490.379,1.08259,2130.44,0
436.35,950.524,-149.3,503.151,1.2775,2178.35,0
437.632,962.877,-143.12,517.073,1.35038,2200.2,0
438.91,943.328,-157.778,480.264,1.09774,2149.25,0
440.18,896.913,-167.541,455.064,0.621797,2037.6,0
441.461,887.928,-161.773,455.909,0.526298,2011.34,0
442.731,838.706,-171.433,445.508,0.0338548,1894.39,0
444.004,841.358,-157.214,425.581,0.0600619,1894.94,0
445.272,837.098,-146.48,406.767,0.0172398,1879.97,0
446.549,895.923,-148.009,413.76,0.603505,2006.33,0
447.826,893.713,-178.937,479.117,0.577645,1995.67,0
449.106,926.078,-181.69,451.927,0.889783,2062.05,0
450.383,931.389,-198.12,498.535,0.925004,2067.99,0
451.658,951.487,-205.371,543.28,1.09845,2106.66,0
452.926,955.766,-197.721,555.316,1.1047,2110.2,0
454.205,980.697,-194.099,538.792,1.31535,2159.15,0
455.479,992.588,-200.007,566.454,1.37825,2179.22,0
456.76,990.32,-195.574,550.393,1.29996,2168.14,0
458.03,993.321,-220.795,575.306,1.28785,2168.68,0
459.306,994.915,-258.129,588.442,1.25078,2166.13,0
460.591,922.114,-300.131,569.935,0.506842,2002.03,0
461.875,941.083,-369.159,564.769,0.691565,2037.53,0
463.161,943.489,-335.826,573.374,0.708524,2037.06,0
464.432,949.618,-314.38,560.225,0.757164,2044.69,0
465.716,973.422,-314.065,526.909,0.970239,2090.16,0
466.993,952.032,-304.681,527.205,0.733048,2038.64,0
468.261,980.982,-333.031,525.134,1.00261,2094.95,0
469.537,982.059,-323.124,525.116,0.985242,2091.55,0
470.818,984.766,-296.592,525.283,0.986473,2091.61,0
472.088,967.862,-323.044,516.367,0.799665,2050.17,0
473.362,961.486,-302.615,531.702,0.71609,2031.19,0
474.634,951.024,-297.628,509.62,0.604658,2003.7,0
475.908,966.19,-305.035,500.865,0.744953,2030.2,0
477.184,967.539,-271.875,524.636,0.748868,2027.6,0
478.459,933.762,-283.019,491.316,0.404687,1951.6,0
479.738,956.81,-290.587,452.508,0.633164,1994.44,0
481.009,979.269,-314.05,455.686,0.840587,2035.87,0
482.286,981.686,-302.421,465.484,0.850932,2035.49,0
483.575,945.978,-290.087,491.879,0.483651,1956.22,0
484.851,935.062,-264.067,553.777,0.374044,1928.55,0
486.132,926.175,-254.524,504.026,0.284643,1905.19,0
487.405,930.808,-297.239,529.306,0.330293,1909.72,0
488.68,929.392,-259.255,489.764,0.313587,1901.84,0
489.953,923.994,-222.09,479.213,0.258676,1885.88,0
491.233,914.564,-233.471,484.554,0.164011,1861.77,0
492.508,936.23,-233.634,535.056,0.378354,1900.94,0
493.784,964.054,-269.485,510.096,0.653274,1952.38,0
495.058,963.37,-263.155,506.058,0.639013,1945.97,0
496.327,932.906,-294.649,472.464,0.331025,1879.62,0
497.601,969.45,-313.933,471.416,0.691201,1948.25,0
498.874,995.323,-291.162,451.854,0.935408,1995.14,0
500.153,993.889,-283.466,439.717,0.900899,1987.17,0
501.423,965.785,-280.018,421.487,0.608714,1926.09,0
502.698,952.846,-294.275,405.857,0.477247,1895.47,0
503.98,975.899,-267.517,353.942,0.701714,1936.39,0
505.26,936.656,-284.833,314.428,0.307846,1853.81,0
506.536,907.627,-296.355,336.877,0.0165661,1791.83,0
507.809,947.639,-271.935,347.103,0.415756,1866.13,0
509.072,958.761,-284.802,334.186,0.525714,1883.35,0
510.35,967.589,-238.186,350.531,0.606345,1895.93,0
511.618,970.949,-241.396,335.789,0.632419,1897.8,0
512.892,995.74,-234.414,387.414,0.870342,1941.42,0
514.171,1007.61,-219.159,379.886,0.964062,1959.67,0
515.442,1021.72,-239.119,347.111,1.07571,1982.23,0
516.719,1038.44,-214.967,344.164,1.20037,2009.69,0
517.994,1026.1,-205.968,369.451,1.04468,1980.91,0
519.263,1017.74,-201.946,346.258,0.938783,1959.98,0
520.542,1030.17,-194.978,357.529,1.03881,1979.04,0
521.814,996.286,-204.722,340.029,0.687826,1909.27,0
523.093,954.635,-231.01,343.081,0.266427,1824.98,0
524.366,989.63,-225.754,268.871,0.613888,1887.29,0
525.649,976.194,-228.215,284.202,0.476936,1857.12,0
526.92,954.161,-190.028,348.171,0.255199,1810.83,0
528.195,1007.41,-197.108,327.845,0.784935,1907.26,0
529.468,1023.74,-193.386,314.923,0.939527,1933.52,0
530.74,1036.75,-178.885,345.077,1.03991,1953.41,0
532.012,1020.31,-174.677,341.177,0.850134,1917.83,0
533.297,1041.49,-185.441,363.231,1.04333,1952.93,0
534.576,1068.01,-182.071,340.172,1.26951,1997.87,0
535.838,1076.7,-185.619,328.367,1.30613,2009.37,0
537.115,1069.05,-182.542,289.469,1.18309,1990.36,0
538.391,1063.62,-177.103,298.235,1.0924,1975.56,0
539.664,1080.66,-180.577,304.459,1.22329,2002.47,0
540.937,1094.37,-178.622,305.386,1.31414,2023.11,0
542.219,1093.18,-204.462,328.715,1.25698,2016.13,0
543.492,1080.47,-230.942,334.409,1.09451,1988.01,0
544.765,1111.45,-195.332,312.03,1.36152,2040.24,0
546.051,1141.83,-185.699,321.924,1.58525,2091.07,0
547.328,1177.67,-181.818,333.449,1.83551,2151.67,0
548.597,1158.57,-151.145,332.955,1.56104,2111.89,0
549.876,1172.99,-155.698,328.906,1.60419,2133.19,0
551.155,1189.42,-160.945,321.559,1.67055,2158.04,0
552.425,1201.99,-160.068,365.331,1.70847,2175.85,0
553.695,1217.66,-153.51,371.729,1.75866,2199.15,0
554.958,1200.87,-152.836,339.078,1.50863,2163.9,0
556.24,1196.03,-154.004,344.995,1.37608,2150.2,0
557.522,1199.12,-169.33,324.929,1.34717,2150.8,0
558.794,1187.06,-173.133,311.379,1.17398,2124.33,0
560.059,1180.62,-191.851,312.979,1.06916,2108.03,0
561.324,1189.73,-202.578,304.654,1.13032,2119.5,0
562.593,1175.48,-230.973,286.747,0.956262,2089.4,0
563.869,1172.77,-227.568,299.873,0.903202,2079.86,0
565.14,1200.35,-225.979,295.235,1.14998,2123.98,0
566.416,1220.91,-193.438,306.899,1.30448,2155.5,0
567.71,1247.93,-206.365,286.74,1.51104,2198.19,0
568.992,1250.46,-190.506,273.021,1.47512,2197.68,0
570.268,1246.12,-184.561,265.946,1.37163,2185.14,0
571.548,1234,-181.544,279.647,1.21066,2159.05,0
572.828,1251.77,-159.271,246.045,1.32886,2185.24,0
574.11,1220.58,-144.582,241.711,0.979229,2126.04,0
575.392,1213.14,-169.959,237.181,0.883347,2108.37,0
576.661,1227.84,-179.14,226.74,1.00537,2129.22,0
577.941,1224.92,-154.919,232.04,0.949136,2119.45,0
579.218,1219,-127.793,213.907,0.865152,2104.57,0
580.486,1141.15,-166.479,241.711,0.080939,1965.85,0
581.766,1135.08,-163.14,246.532,0.020124,1951.1,0
583.036,1169.77,-122.792,256.946,0.366304,2006.35,0
584.326,1166,-175.995,187.058,0.327572,1995.47,0
585.604,1197.59,-130.16,187.69,0.637887,2045.05,0
586.875,1200.11,-138.2,222.612,0.658379,2044.92,0
588.145,1216.46,-121.165,207.46,0.813191,2068.3,0
589.421,1229.4,-138.379,240.496,0.927253,2085.78,0
590.695,1159.39,-127.288,209.252,0.219305,1962.76,0
591.967,1196.87,-66.8133,232.867,0.592419,2021.85,0
593.243,1220.5,-107.372,167.458,0.822024,2057.33,0
594.516,1225.2,-140.651,118.359,0.855835,2060.84,0
595.796,1206.31,-153.932,111.431,0.654647,2024.7,0
597.068,1206.47,-171.476,113.802,0.646268,2020.66,0
598.341,1181.61,-195.293,127.264,0.395211,1974.8,0
599.62,1225.77,-137.259,124.14,0.832611,2044.24,0
600.887,1234.15,-134.742,134.238,0.89501,2053.88,0
602.168,1210.28,-129.587,147.267,0.645376,2009.87,0
603.442,1203.27,-160.948,166.933,0.565299,1994.01,0
604.714,1206.04,-152.556,122.253,0.587898,1994.4,0
605.987,1189.33,-120.977,91.8504,0.419516,1962.63,0
607.266,1211.08,-42.1413,34.1663,0.635319,1994.32,0
608.532,1227.12,-75.8644,48.2165,0.785996,2016.52,0
609.801,1252.35,-48.5005,63.5687,1.01008,2053.7,0
611.073,1239.72,-36.7952,87.6604,0.864277,2028.75,0
612.354,1214.94,-29.1048,94.9277,0.607103,1984.04,0
613.628,1169.01,-16.1549,41.6987,0.14631,1905.08,0
614.903,1217.5,-20.3996,-12.4806,0.627155,1979.98,0
616.18,1191.74,-54.37,4.53513,0.366057,1934.08,0
617.451,1166.87,-40.0868,7.09873,0.117209,1889.82,0
618.738,1217.78,-48.2401,68.1743,0.621403,1968.17,0
620.024,1221.08,-48.4696,65.2285,0.646989,1969.41,0
621.288,1207.03,-27.9516,91.9016,0.498413,1942.79,0
622.567,1187.89,5.72861,67.5992,0.306399,1908.05,0
623.845,1174.44,31.476,108.021,0.171776,1882.59,0
625.119,1189.03,-5.6502,82.6156,0.316851,1902.09,0
626.391,1216.13,10.3173,146.287,0.585945,1941.48,0
627.666,1252.85,24.203,131.675,0.938324,1996.05,0
628.942,1258.5,6.15151,113.122,0.972082,2000.97,0
630.222,1201.09,48.573,137.675,0.387813,1905.83,0
631.492,1225.06,42.0495,119.02,0.620391,1939.95,0
632.77,1193.57,-27.3014,146.106,0.302601,1886.27,0
634.039,1185.82,-16.4885,161.815,0.22475,1870.26,0
635.322,1214.69,-42.1041,138.091,0.512531,1911.93,0
636.597,1191.97,-10.3879,186.071,0.283592,1872.41,0
637.874,1216.9,-50.0841,160.088,0.53131,1907.74,0
639.152,1208.74,-59.004,155,0.448729,1891.17,0
640.44,1227.01,-68.4607,108.914,0.621703,1915.89,0
641.712,1216.09,-78.9133,81.3216,0.508184,1895.08,0
642.982,1175.86,-61.595,44.5094,0.104931,1828.76,0
644.259,1167.35,-66.7822,49.0718,0.0197555,1811.92,0
645.523,1181.71,-73.4422,42.6688,0.163023,1830.62,0
646.797,1220.04,-24.8284,88.5762,0.544352,1886.28,0
648.064,1214.48,-27.5584,69.5116,0.486722,1874.01,0
649.342,1218.03,-16.7456,106.409,0.520579,1875.79,0
650.615,1188.25,-8.13102,113.396,0.221899,1826.36,0
651.894,1217.48,-33.4659,103.552,0.512316,1867.6,0
653.175,1197.33,-38.1054,25.7565,0.310551,1833.09,0
654.457,1205.06,-13.9988,-11.9674,0.386689,1841.32,0
655.734,1214.23,40.6217,-33.4022,0.477087,1851.71,0
657.01,1201.13,37.3741,-68.0637,0.344236,1828.18,0
658.296,1222.12,60.5697,-58.6149,0.552844,1856.48,0
659.572,1231.43,74.6672,-38.4791,0.639051,1867.01,0
660.847,1207.03,17.4386,-62.7117,0.392141,1826.49,0
662.133,1190.47,-21.9426,-130.975,0.225114,1797.93,0
663.406,1238.32,-31.2924,-181.699,0.697196,1866.62,0
664.681,1224.79,-46.158,-148.481,0.559992,1842.68,0
665.948,1211.13,-55.9181,-167.809,0.421911,1818.65,0
667.222,1202,-49.5621,-183.279,0.328656,1801.5,0
668.501,1172.07,-30.8008,-183.577,0.0291358,1753.28,0
669.78,1192.98,-15.6869,-156.122,0.237649,1781.16,0
671.063,1223.18,-23.8237,-188.108,0.535884,1822.75,0
672.328,1247.23,-30.7784,-163.185,0.768121,1855.09,0
673.608,1223.28,-43.1086,-168.034,0.512997,1816.01,0
674.888,1269.48,-40.5362,-150.044,0.961544,1881.03,0
676.157,1260.33,-38.315,-116.415,0.851541,1863.96,0
677.43,1249,4.17789,-129.275,0.725949,1843.73,0
678.718,1230,-25.7339,-142.291,0.52435,1812.24,0
679.995,1248.72,-45.0545,-111.53,0.698978,1836.37,0
681.272,1260.85,-41.4003,-74.8434,0.806268,1850.73,0
682.547,1270.39,-39.4324,-58.5544,0.886837,1861.25,0
683.825,1257.92,-23.8046,-95.1067,0.750489,1839.54,0
685.098,1228.55,-39.8974,-86.8211,0.44897,1793.24,0
686.373,1268.13,-53.1896,-96.6594,0.83926,1847.59,0
687.646,1254.25,-46.2656,-107.621,0.688684,1823.98,0
688.923,1300.33,-45.3424,-98.3115,1.1265,1887.47,0
690.196,1327.36,-49.794,-120.408,1.35048,1923.16,0
691.472,1330.35,-29.6848,-171.472,1.31713,1923.94,0
692.749,1336,-22.3463,-170.468,1.31805,1928.55,0
694.028,1328.71,-54.7665,-159.346,1.20227,1914.49,0
695.298,1338.78,-57.9449,-175.042,1.25672,1925.48,0
696.571,1365.4,-44.3672,-135.63,1.47753,1960.18,0
697.844,1363.73,-28.0893,-102.067,1.39558,1954.2,0
699.124,1346.67,-50.161,-102.663,1.17733,1926.23,0
700.401,1355.58,-38.4344,-102.896,1.22609,1935.44,0
701.673,1347.72,-32.3759,-122.042,1.11166,1920.72,0
702.951,1356.96,-38.1711,-105.362,1.16705,1930.38,0
704.221,1367.6,-39.2123,-82.3062,1.22618,1942,0
705.503,1347.25,-28.3842,-77.3469,0.995255,1909.63,0
706.78,1313.59,-62.1541,-76.4769,0.637939,1858.56,0
708.06,1328.35,-31.8054,-81.1824,0.775723,1876.05,0
709.335,1330.61,-48.0706,-81.497,0.782714,1875.85,0
710.609,1316.68,-123.109,-85.0527,0.632748,1852.9,0
711.884,1329.39,-107.2,-103.922,0.750626,1867.43,0
713.154,1340.05,-85.3201,-89.0071,0.838678,1879.04,0
714.434,1347.71,-72.332,-61.7199,0.890473,1886.41,0
715.707,1352.48,-84.616,-36.132,0.917379,1889.71,0
716.979,1324.86,-58.6351,-8.50889,0.629187,1847.83,0
718.25,1324.76,-61.0048,-4.76359,0.621895,1844.43,0
719.533,1328.57,-12.1178,-25.4481,0.654987,1846.43,0
720.797,1318.17,-28.7387,-7.96412,0.548963,1828.77,0
722.073,1348.6,3.5861,14.2974,0.841717,1867.68,0
723.351,1356.99,-12.3313,20.8213,0.907251,1875.98,0
724.623,1349.73,-7.27007,24.2615,0.817569,1862.66,0
725.899,1347.92,-1.79039,9.97845,0.780077,1856.89,0
727.166,1352.12,-3.10678,12.5619,0.80951,1859.43,0
728.45,1381.78,-13.5094,26.3912,1.07849,1896.88,0
729.733,1385.72,-18.236,-4.28968,1.08416,1898.94,0
731.018,1389.43,-11.5549,0.650774,1.09306,1900.67,0
732.291,1381.35,-24.469,18.476,0.980174,1886.34,0
733.573,1381.28,-3.68581,-5.3682,0.953611,1882.94,0
734.854,1407.5,9.10872,26.0055,1.18739,1915.34,0
736.135,1396.38,7.88279,34.6784,1.04506,1896.91,0
737.41,1407,-4.74807,33.7635,1.11687,1908.04,0
738.693,1409.68,-19.1782,54.1344,1.107,1908.34,0
739.963,1443.74,-31.0763,45.02,1.40989,1951.09,0
741.239,1447.13,-32.0106,35.5193,1.3833,1952.31,0
742.514,1461.17,-29.7448,27.5742,1.47045,1967.87,0
743.789,1477.42,-31.6285,-12.7272,1.54651,1986.35,0
745.06,1486.99,-47.9987,1.12307,1.5645,1995.8,0
746.336,1456.31,-51.2929,21.0098,1.19986,1951.28,0
747.614,1455.43,-44.4595,14.4291,1.15058,1946.76,0
748.895,1470.04,-17.1871,-20.4816,1.25649,1962.94,0
750.168,1471.77,-1.40012,-49.0776,1.2224,1961.92,0
751.449,1492.51,22.4665,-49.2896,1.38031,1986.18,0
752.732,1494.33,-9.98853,-24.8931,1.34072,1985.21,0
754.012,1468.02,-13.245,-32.1678,1.04181,1946.94,0
755.292,1413.65,-6.19018,1.75653,0.485388,1871.66,0
756.563,1400.08,-23.8341,-43.4007,0.349133,1850.57,0
757.83,1418.57,-23.6821,-59.2414,0.53321,1871.88,0
759.105,1386.06,-81.6041,-65.9898,0.207059,1825.91,0
760.38,1370.86,-59.7041,-46.5793,0.0549187,1802.87,0
761.651,1400.54,-45.2032,0.251975,0.349749,1838.82,0
762.928,1407.33,-17.4643,48.4171,0.415954,1844.65,0
764.209,1398.19,25.6906,30.0153,0.32092,1829.59,0
765.486,1405.15,40.4009,40.8111,0.389012,1835.63,0
766.748,1373.47,28.5145,-15.4204,0.0717508,1791.29,0
768.017,1405.24,23.8413,-53.3519,0.388561,1829.69,0
769.295,1407.42,19.2068,-41.8762,0.408928,1829.49,0
770.565,1397.68,22.6759,-45.4553,0.310823,1813.83,0
771.845,1374.27,10.8227,-113.357,0.0766154,1780.5,0
773.122,1416.28,-5.14602,-127.578,0.49293,1831.89,0
774.396,1417.19,32.609,-130.624,0.49754,1830.05,0
775.674,1378.33,106.112,-149.441,0.108425,1776.94,0
776.947,1419.06,111.37,-138.987,0.51466,1826.46,0
778.219,1403.45,130.247,-190.471,0.358213,1803.41,0
779.494,1422.21,90.8785,-213.063,0.543937,1824.53,0
780.757,1384.34,61.9552,-165.272,0.162302,1773.08,0
782.028,1430.58,86.7082,-111.901,0.621469,1829.32,0
783.312,1384.09,99.5499,-137.829,0.154242,1766.98,0
784.583,1415.99,78.4302,-121.529,0.471174,1804.76,0
785.86,1397.91,87.7392,-113.469,0.289539,1778.83,0
787.129,1410.33,83.96,-106.737,0.413215,1791.74,0
788.405,1430.35,65.8881,-154.732,0.607807,1814.23,0
789.68,1421.38,10.2515,-133.094,0.511364,1799.94,0
790.952,1448.25,20.359,-127.815,0.773017,1831.02,0
792.23,1434.75,45.2653,-114.559,0.626195,1811.02,0
793.509,1430.61,9.56513,-140.823,0.579201,1802.89,0
794.78,1439.09,-12.2262,-131.472,0.657385,1810.67,0
796.053,1392.91,-29.0059,-132.954,0.191835,1749.78,0
797.326,1415.12,-35.8744,-150.734,0.41318,1774.83,0
798.595,1438.23,-79.2511,-96.8164,0.638588,1800.95,0
799.878,1415.56,-35.3172,-157.776,0.405768,1769.72,0
801.155,1430.52,-24.3785,-165.331,0.553786,1785.57,0
802.426,1412.94,-20.0698,-151.887,0.373205,1760.83,0
803.708,1410.93,9.21244,-145.351,0.352268,1755.52,0
804.983,1425.14,10.5476,-150.488,0.493195,1770.39,0
806.264,1451.78,-35.5886,-183.756,0.754615,1800.62,0
807.531,1444.15,-70.4692,-220.219,0.669762,1788.35,0
808.806,1459.44,-23.7199,-249.192,0.813083,1804.44,0
810.088,1451.4,-40.1719,-239.636,0.718014,1791.65,0
811.367,1435.37,-69.8123,-198.335,0.55184,1769.07,0
812.648,1420.92,-56.381,-243.615,0.404968,1748.5,0
813.926,1406.83,-93.6567,-291.719,0.26387,1728.45,0
815.201,1442.35,-64.2878,-272.099,0.614529,1769.32,0
816.481,1390.32,-51.9306,-287.175,0.0908264,1702.83,0
817.753,1448.91,-8.6571,-273.987,0.673997,1771.82,0
819.029,1432.15,25.0627,-285.49,0.503402,1748.6,0
820.3,1421.19,2.63077,-295.846,0.392753,1732.52,0
821.568,1421.17,-16.9547,-244.112,0.390511,1729.82,0
822.847,1412.58,-40.9178,-332.778,0.303765,1716.7,0
824.128,1399.63,-32.9485,-326.094,0.173769,1698.31,0
825.411,1403.19,-56.8049,-323.517,0.209104,1699.99,0
826.687,1422.23,-84.4907,-350.942,0.39809,1720.4,0
827.974,1438.91,-18.6003,-353.607,0.562,1737.86,0
829.256,1437.69,5.39032,-318.888,0.542523,1733.71,0
830.533,1415.53,21.034,-325.7,0.319602,1704.36,0
831.817,1429.75,74.68,-344.941,0.460974,1718.83,0
833.102,1411.33,-26.6738,-422.607,0.276166,1694.06,0
834.372,1407.08,-44.8963,-420.935,0.23266,1686.4,0
835.648,1389.52,-45.014,-422.409,0.0569133,1662.8,0
836.924,1405.08,-39.4355,-378.247,0.212035,1678.86,0
838.201,1421.6,16.915,-326.124,0.376621,1696.02,0
839.487,1396.21,-16.7489,-304.73,0.121354,1663.17,0
840.767,1429.5,45.3648,-329.859,0.452621,1700.24,0
842.047,1411.37,35.6624,-368.085,0.26857,1676.12,0
843.32,1437.38,2.8601,-385.234,0.526298,1704.43,0
844.6,1445.81,-7.48247,-393.32,0.60753,1711.83,0
845.878,1423.31,36.4074,-365.891,0.377402,1682.64,0
847.162,1418.58,19.0486,-400.99,0.329931,1674.51,0
848.436,1412.59,11.2763,-391.115,0.269541,1664.93,0
849.712,1436.67,33.2039,-355.67,0.508852,1690.77,0
851.004,1441.2,34.8419,-381.635,0.550984,1693.53,0
852.279,1456.71,58.6001,-412.67,0.700112,1709.19,0
853.552,1452.48,62.9131,-442.11,0.654282,1701.69,0
854.831,1471.47,80.3066,-443.675,0.827095,1721.35,0
856.103,1476.39,87.4787,-469.717,0.8629,1724.54,0
857.384,1453.36,45.3873,-459.278,0.619446,1695.11,0
858.656,1478.56,37.9004,-449.54,0.861328,1721.95,0
859.93,1491.07,16.4042,-483.881,0.964935,1733.95,0
861.206,1495.46,26.4348,-471.031,0.987482,1736.48,0
862.485,1507.96,32.2993,-442.242,1.08494,1748.39,0
863.762,1508.63,-2.80532,-469.11,1.05495,1746.58,0
865.031,1463.6,-38.0731,-443.028,0.587169,1691.96,0
866.314,1438.43,-63.0157,-435.248,0.330718,1660.4,0
867.582,1431.82,-110.258,-434.836,0.26368,1650.36,0
868.857,1446.04,-128.738,-456.004,0.404617,1664.3,0
870.129,1463.51,-104.379,-480.032,0.57389,1681.94,0
871.401,1416.13,-87.2136,-484.448,0.0984146,1625.12,0
872.678,1413.97,-78.2647,-491.58,0.0764197,1620.26,0
873.951,1425.21,-100.577,-532.586,0.188439,1630.77,0
875.237,1419.26,-120.989,-547.282,0.126325,1621.57,0
876.515,1433.67,-128.954,-570.878,0.269199,1635.65,0
877.791,1437.39,-111.045,-531.126,0.305877,1637.51,0
879.059,1467.84,-99.6897,-548.346,0.608594,1669.79,0
880.333,1467.99,-105.016,-524.14,0.605529,1667.54,0
881.602,1485.52,-94.883,-500.753,0.77285,1685.02,0
882.889,1501.87,-91.0483,-499.849,0.921023,1701.09,0
884.172,1494.41,-68.581,-467.16,0.822889,1690.18,0
885.449,1495.76,-53.2943,-484.57,0.817884,1689.27,0
886.722,1507.33,-40.981,-514.865,0.920125,1699.89,0
887.987,1542.58,-32.6962,-512.819,1.23378,1737.16,0
889.262,1543.95,-28.2157,-494.371,1.19937,1736.21,0
890.543,1575.77,-6.23364,-498.476,1.45939,1769.45,0
891.816,1569.7,-16.2781,-496.877,1.34999,1760.12,0
893.093,1576.87,-43.0906,-494.801,1.36807,1765.63,0
894.366,1579.31,-44.819,-524.386,1.33883,1765.85,0
895.635,1618.76,-49.3369,-519.61,1.66496,1807.39,0
896.909,1593.83,-56.9072,-519.83,1.32972,1777.02,0
898.186,1595.6,-50.0219,-521.079,1.29207,1776.47,0
899.458,1611.14,-70.1949,-510.192,1.37888,1791.23,0
900.738,1599.54,-47.9236,-542.801,1.21719,1775.81,0
902.014,1554.63,-39.5123,-527.459,0.749,1723.52,0
903.285,1541.39,-92.9759,-495.162,0.604382,1706.43,0
904.556,1513.06,-27.3852,-488.916,0.319322,1672.71,0
905.83,1552.95,-7.69802,-487.276,0.714577,1714.4,0
907.097,1552.14,-3.44998,-460.111,0.698376,1711.1,0
908.373,1557.1,8.20562,-463.041,0.734846,1714.16,0
909.652,1558.73,-8.22251,-453.103,0.740548,1713.54,0
910.927,1590.99,-45.8925,-440.799,1.04535,1746.57,0
912.211,1566.82,0.320137,-407.38,0.781108,1717.6,0
913.487,1580.25,-28.8245,-440.318,0.903439,1729.91,0
914.754,1597.68,-35.6732,-452.765,1.05603,1746.57,0
916.042,1591.7,-7.21157,-469.482,0.960828,1737.59,0
917.31,1612.61,-15.359,-446.23,1.14086,1757.98,0
918.587,1629.59,5.81866,-460.835,1.25917,1774.01,0
919.864,1604.78,-9.41268,-460.205,0.974678,1744.59,0
921.139,1583.95,23.7145,-496.123,0.758326,1719.55,0
922.412,1545.96,5.23651,-520.208,0.375383,1676,0
923.685,1545.18,-4.52872,-517.876,0.366078,1672.85,0
924.961,1549.31,-3.9848,-509.886,0.404662,1675,0
926.239,1545.56,-59.584,-517.179,0.366126,1668.64,0
927.507,1542.52,23.2606,-494.943,0.333891,1663.08,0
928.794,1546.07,24.0967,-479.674,0.367295,1664.6,0
930.077,1572.55,40.2577,-504.743,0.628385,1690.77,0
931.367,1576.15,27.9816,-515.135,0.658646,1692.29,0
932.636,1560.75,-3.22491,-485.193,0.495932,1673.48,0
933.912,1564.88,-13.0861,-465.679,0.53124,1675.62,0
935.185,1584.1,-60.187,-467.45,0.717874,1693.89,0
936.473,1587.36,-74.3261,-459.756,0.731294,1695.04,0
937.748,1599.35,-56.6084,-441.476,0.840073,1705.52,0
939.013,1590.37,-78.4854,-465.431,0.73409,1693.66,0
940.29,1595.16,-82.0344,-462.892,0.768265,1696.45,0
941.567,1586.83,-45.3568,-433.838,0.676757,1685.3,0
942.846,1585.98,-18.9467,-439.909,0.66296,1682.12,0
944.13,1592.6,-14.9204,-475.756,0.721103,1686.85,0
945.402,1607.98,-20.2913,-460.571,0.862216,1700.84,0
946.678,1639.13,8.89491,-428.007,1.14037,1731.46,0
947.951,1616.95,3.86416,-397.147,0.892323,1705.73,0
949.229,1614.33,27.4188,-409.182,0.854948,1700.67,0
950.499,1575.71,26.4538,-407.927,0.462433,1657.77,0
951.776,1590.64,101.889,-455.271,0.603011,1671.23,0
953.042,1616.88,93.9725,-436.606,0.857549,1696.54,0
954.312,1598.28,85.4692,-389.798,0.65713,1674.8,0
955.584,1622.91,67.0028,-375.916,0.886298,1698.35,0
956.869,1617.75,63.9047,-366.943,0.814305,1690.67,0
958.152,1631.79,77.5638,-347.891,0.93516,1703.06,0
959.43,1618.51,93.3867,-285.275,0.784891,1686.95,0
960.697,1576.54,100.643,-291.21,0.357748,1641.03,0
961.984,1568.85,125.53,-279.603,0.280436,1630.85,0
963.264,1564.13,40.5351,-323.621,0.231887,1623.78,0
964.531,1589.58,-36.658,-330.714,0.484068,1648.04,0
965.814,1566.48,-22.6797,-339.755,0.251931,1621.93,0
967.103,1609.8,-34.7295,-411.254,0.680827,1664.56,0
968.38,1593.04,-73.717,-409.551,0.506608,1645.05,0
969.656,1594.55,-59.3566,-387.037,0.519628,1644.45,0
970.94,1607.4,-37.3898,-376.522,0.642989,1655.51,0
972.227,1606.9,-28.881,-416.894,0.634449,1652.81,0
973.5,1624.49,-43.9103,-424.289,0.799953,1668.71,0
974.771,1660.75,-62.0241,-426.511,1.13479,1703.73,0
976.04,1679.93,-78.9194,-433.441,1.28365,1721.17,0
977.317,1656.39,-59.1422,-450.201,1.01631,1694.83,0
978.588,1660.3,-47.7012,-451.121,1.02882,1696.63,0
979.864,1664.9,-49.7135,-461.545,1.04939,1699.12,0
981.151,1653.42,-28.0281,-501.321,0.909113,1685.19,0
982.421,1672.17,-21.359,-492.911,1.07364,1702.1,0
983.704,1706.17,-38.6199,-509.012,1.36796,1734.43,0
984.975,1698.89,-24.6683,-519.64,1.24158,1724.81,0
986.247,1709.56,-22.5984,-507.918,1.30455,1733.4,0
987.526,1678.54,2.40819,-490.386,0.954505,1699.74,0
988.809,1670.34,26.7547,-471.544,0.851855,1689.24,0
990.088,1691.88,21.8585,-487.18,1.0426,1708.82,0
991.36,1674.69,-4.00425,-491.278,0.843277,1689.29,0
992.639,1686.7,53.1772,-560.83,0.943865,1699.2,0
993.91,1692.73,37.3681,-556.034,0.972804,1703.1,0
995.187,1670.28,6.71064,-558.411,0.728958,1678.36,0
996.47,1604.87,25.8897,-565.169,0.0712501,1610.56,0
997.753,1631.34,13.7326,-533.193,0.334652,1635.01,0
999.027,1643.76,23.2401,-546.892,0.457653,1645.36,0
1000,1682.4,18.9639,-555.236,0.835918,1682.4,0
