1.37495,3631.79,16.7772,7.36835,0.880036,-13242.5,0
2.73404,3618.07,37.12,-0.0561651,1.52204,-11677.4,0
4.09318,3598.93,55.8413,-2.92007,2.36568,-12476.9,0
5.46027,3614.99,46.9578,-31.2608,1.34483,-6411.52,0
6.83503,3626.58,61.879,-48.8357,0.52414,-3426.95,0
8.19787,3607.97,76.8461,-38.8181,1.30984,-5127.03,0
9.5664,3588.57,98.5816,2.81705,2.07588,-6421.61,0
10.93,3586.29,81.0173,-7.53175,2.40114,-5828.51,0
12.2983,3615.24,100.612,34.7127,0.364912,-2826.65,0
13.6493,3599.48,56.2478,10.9305,1.90976,-3701.48,0
15.0026,3544.74,70.4731,22.0978,4.87297,-7016.17,0
16.3727,3547.41,74.3724,56.5337,3.54844,-6265.71,0
17.739,3552.85,136.773,29.5955,1.83452,-5476.62,0
19.1102,3530.55,165.558,20.7185,2.46878,-6250.81,0
20.4762,3521.34,215.071,6.41226,1.1393,-6283.21,0
21.8377,3501.97,222.663,-8.69809,2.08527,-6778.68,0
23.198,3452.39,197.986,-19.4958,6.58418,-8518.19,0
24.5557,3467,205.866,-43.4519,4.17843,-7452.3,0
25.9381,3496.21,186.644,9.27681,3.11143,-5928.97,0
27.3051,3502.82,195.411,9.32408,2.00638,-5390.24,0
28.6626,3515.44,181.491,23.1941,1.53205,-4694.7,0
30.0305,3530.9,163.893,27.3324,1.07274,-3966.04,0
31.4156,3561.91,128.288,25.8381,0.253342,-2804.06,0
32.7643,3491.22,110.262,35.423,5.40861,-4846.16,0
34.125,3482.17,103.486,33.3172,5.48538,-4918.12,0
35.4993,3475.01,108.604,27.3914,4.64237,-4929.45,0
36.8707,3459.9,106.268,-1.7179,4.94635,-5155.83,0
37.3986,3449.69,96.7105,-10.9545,6.0581,-5355.99,0
