1.38077,3631.4,-71.7268,52.9367,0.784136,-13467.4,0
2.73962,3630.75,-116.358,56.0276,0.388747,-7025.13,0
4.10469,3611.54,-82.7359,50.5869,1.71095,-9370.42,0
5.46048,3602.85,-99.5871,67.8021,1.69976,-8635.04,0
6.81914,3599.27,-110.195,83.8082,1.51593,-7439.5,0
8.1822,3634.9,-82.3546,44.0994,0.398119,-1844.88,0
9.54317,3611.16,-52.9214,-21.4191,1.92672,-4069.83,0
10.9114,3601.39,-65.3774,-47.845,2.12079,-4455.34,0
12.2854,3583.04,-34.812,-62.3821,3.12917,-5450.5,0
13.6484,3566.07,-27.4204,-71.3133,3.65906,-6149.6,0
15.007,3578.92,-55.9046,-45.319,2.49935,-4736.63,0
16.3776,3563.52,-48.56,25.652,3.67981,-5280.28,0
17.7388,3579.19,-11.2838,-10.3298,2.602,-3992.07,0
19.1041,3561.9,1.43045,0.96231,3.76231,-4611.78,0
20.4718,3577.55,11.4321,-12.1181,2.06035,-3538.95,0
21.8392,3582.14,25.8118,42.9406,1.23301,-3107.08,0
23.2024,3545.02,19.9105,38.7761,3.67441,-4524.69,0
24.5648,3528.3,37.1196,20.6286,4.89802,-4954.39,0
25.9216,3520.07,73.1108,27.9701,3.4851,-5012.5,0
27.279,3515.17,76.7292,74.4467,2.14991,-4942.78,0
28.6568,3508.28,86.4034,52.3236,2.72095,-4945.58,0
30.0235,3518.72,99.0507,28.1522,1.63619,-4372.46,0
31.3954,3514.48,91.6836,17.2315,2.20183,-4316.52,0
32.7675,3490.12,80.8868,28.8683,4.25537,-4879.19,0
34.1328,3463.36,80.2779,3.80396,5.914,-5468.17,0
35.4851,3479.32,91.2442,-25.3209,2.9844,-4809.86,0
36.844,3474.6,92.1399,-22.9524,2.92951,-4760.5,0
37.4399,3449.94,108.49,-38.2078,3.16595,-5343.37,0
