1.36615,3632.35,-17.6789,-4.23345,1.20678,-12921.5,0
2.73294,3606.51,18.0266,-7.67936,2.5446,-15911.6,0
4.10049,3580.34,50.7146,42.4867,3.34581,-16987.7,0
5.46311,3552.47,31.0986,46.9498,5.13362,-17851.7,0
6.84346,3542.06,-6.21773,69.4188,4.8827,-15772.1,0
8.2202,3569.71,19.9981,65.1217,2.34304,-9767.36,0
9.58843,3542.71,20.134,46.2272,4.68144,-11189.7,0
10.957,3568.27,62.973,23.5755,1.97266,-7459.56,0
12.3221,3571.84,66.8379,49.3693,1.37289,-6342.72,0
13.6921,3578.01,86.8229,36.2096,0.735776,-5257.67,0
15.0409,3567.45,63.4153,34.3614,1.72862,-5488.24,0
16.4105,3587.26,42.0718,58.0804,0.465166,-3823.39,0
17.7647,3579.37,2.19282,46.376,1.35171,-3976.07,0
19.1347,3542.08,20.1967,72.9666,3.24135,-5640.24,0
20.4893,3547.13,23.2595,57.0995,3.07554,-5020.53,0
21.8524,3539.76,24.3396,41.0077,3.79424,-5044.93,0
23.2188,3555.66,23.5664,25.7773,2.55796,-4063.13,0
24.5868,3562.16,48.379,-28.8231,1.41687,-3572.6,0
25.9508,3564.14,48.1406,16.792,1.32565,-3308.41,0
27.3142,3572.87,42.0462,8.58284,0.806171,-2823.82,0
28.6932,3557.55,61.1326,-26.7836,1.40586,-3221.97,0
30.0559,3539.09,50.9794,-70.677,2.03077,-3689.97,0
31.4104,3494.95,69.026,-44.6005,5.3774,-4936.14,0
32.7854,3504.59,51.7669,-44.9614,4.43806,-4435.14,0
34.1564,3493.58,28.6143,-59.4999,4.88689,-4579.48,0
35.5223,3511.56,32.5861,-50.7359,3.1063,-3897.31,0
36.8868,3497.94,21.1961,-52.9117,4.4673,-4122.32,0
38.261,3496.56,20.8255,-56.0672,3.96186,-4010.44,0
39.6234,3486.25,19.0633,-51.117,5.13201,-4132.6,0
40.9848,3494.36,0.979179,-38.1271,4.75458,-3797.55,0
42.3569,3495.18,-22.0519,-33.3436,3.39445,-3655.15,0
43.7187,3478.98,-40.3385,-24.3055,4.19653,-3911.89,0
45.0896,3479.14,-48.4398,-25.3041,2.47383,-3789.42,0
46.4677,3459.34,-31.1205,-36.376,5.47364,-4103,0
47.7789,3450.09,-28.6075,-45.275,5.04802,-4184.02,0
