1.36337,3632.08,50.0629,-14.0827,0.880479,-13142.1,0
2.73636,3632.87,43.6827,-14.3574,0.797345,-6261.54,0
4.10528,3595.3,65.6308,-4.94717,2.56023,-13324.2,0
5.47787,3626.21,55.4054,-46.7384,0.765259,-4342.44,0
6.83229,3563.51,60.0338,-95.8072,3.21128,-12659.5,0
8.18118,3571.54,21.0616,-133.956,2.15736,-9590.73,0
9.54433,3564.83,48.8367,-157.259,1.80521,-8923.75,0
10.9185,3569.91,83.6451,-150.608,1.26982,-7334.89,0
12.2892,3550.85,65.9075,-195.895,1.54462,-8068,0
13.6665,3538.7,61.3048,-185.52,2.54161,-8144,0
15.0319,3571.68,63.8721,-179.379,0.434306,-5210.43,0
16.3888,3544.77,87.5037,-195.608,1.46678,-6420.65,0
17.7401,3558.69,52.6454,-163.447,1.59931,-5147.21,0
19.1086,3523.06,57.7678,-146.241,4.20531,-6642.98,0
20.4727,3555.3,94.7156,-140.635,1.73746,-4625.66,0
21.8375,3569.9,74.5635,-143.442,1.02312,-3668.19,0
23.2064,3570.34,104.531,-99.7977,1.34198,-3432.52,0
24.5581,3567.41,127.962,-61.116,1.40579,-3363.01,0
25.921,3534.88,159.123,-10.7303,3.09362,-4441.01,0
27.2885,3516.38,185.92,-6.69833,3.06099,-4896.48,0
28.6632,3521.63,217.877,6.16837,1.19497,-4478.54,0
30.0358,3508.28,244.478,59.1499,0.574837,-4718.43,0
31.4129,3499.65,229.4,54.2104,1.79722,-4786.21,0
32.7706,3506.82,245.957,24.1483,0.63312,-4369.07,0
34.1235,3535.11,163.389,-5.40052,2.14509,-3366.84,0
35.4861,3543.71,149.601,-16.6685,1.87069,-2995.17,0
36.8569,3524.1,145.141,3.17544,2.90367,-3415.85,0
38.2077,3575.73,127.503,-9.46019,0.0605911,-1943.97,0
39.5642,3533.98,129.713,18.1502,2.58355,-2932.55,0
40.9161,3510.7,136.405,2.32015,3.50598,-3404.65,0
42.2747,3486.64,134.032,-12.4658,4.76048,-3864.26,0
43.6547,3507.51,105.228,12.8538,4.28611,-3264.07,0
45.0287,3537.16,111.249,16.3619,1.73364,-2505.91,0
46.4117,3538.89,85.5778,24.7294,2.33857,-2393.96,0
47.7732,3546.2,83.8228,-38.3354,1.65489,-2172.87,0
49.1426,3541.59,83.4977,-91.1973,0.938381,-2206.04,0
50.5031,3533.48,88.9016,-112.558,0.922124,-2307.11,0
51.862,3511.91,88.9675,-80.551,3.35476,-2662.59,0
53.2308,3502.81,113.959,-54.8358,3.32195,-2765.06,0
54.5941,3500.83,117.026,-63.1804,2.91,-2732.36,0
55.9551,3510.14,149.652,-74.3815,0.300741,-2499.44,0
57.3306,3507.34,126.268,-29.4516,2.3564,-2488.44,0
58.7044,3463.59,137.925,-27.9966,4.41705,-3175.36,0
59.1364,3449.98,140.273,-48.0858,4.63244,-3382.39,0
