1.36188,3622.79,-25.7531,-71.4525,1.00925,-19980.5,0
2.72189,3596.7,-56.6001,-66.1219,2.15222,-19580.5,0
4.11185,3543.22,-62.3862,-39.2258,5.27035,-25968.6,0
5.49065,3526.01,-71.3319,-71.8224,4.62765,-22582.9,0
6.84988,3516.37,-64.3767,-64.5757,5.0493,-19507.9,0
8.20764,3503.14,-54.248,-66.4601,5.45102,-17893.2,0
9.58579,3543.41,-62.1194,-73.6794,1.49028,-11119.9,0
10.9599,3555.89,-44.0305,-55.0269,1.30075,-8586.45,0
12.3275,3559.38,-20.5284,-49.1645,1.4092,-7351.27,0
13.6881,3565.6,-36.5732,-29.2348,0.953104,-6165.59,0
15.0572,3506.36,-70.1299,-15.1909,4.80226,-9539.54,0
16.4227,3467.13,-50.7654,-45.5114,7.05915,-11135.4,0
17.7772,3474.84,-43.9156,-73.5792,4.07314,-9853.14,0
19.1604,3471,-38.0811,-55.8947,5.5272,-9342.41,0
19.568,3449.89,-43.2406,-63.1453,6.0998,-10226.2,0
