1.37198,3627.25,13.1475,-43.6446,1.3002,-16579.1,0
2.74517,3594.47,-2.57739,-66.2428,2.86582,-20229.9,0
4.1133,3565.71,-7.13165,-64.8833,4.38468,-20490.9,0
5.49423,3529.44,-30.5007,-81.2792,5.40218,-21943.6,0
6.85655,3528.05,-12.2792,-54.3751,5.8976,-17785.6,0
8.23417,3545.76,-7.65475,-37.7399,4.1974,-12659.9,0
9.60204,3563.64,1.53056,-119.489,0.637083,-8994.36,0
10.9612,3549.59,19.2308,-113.423,1.6391,-9160.19,0
12.3322,3575.72,38.0773,-99.9179,0.352296,-6023.26,0
13.7041,3549.68,50.3671,-88.3609,1.91269,-7320.62,0
15.079,3531.59,75.9583,-60.0559,3.15138,-7852.92,0
16.4586,3506.58,83.6836,-45.858,4.86383,-8714.03,0
17.8165,3464.75,65.2927,-66.2301,6.80514,-10397.9,0
19.1682,3482.17,80.7765,-92.0835,3.04186,-8755.43,0
20.5439,3527.4,54.2881,-46.9806,2.29605,-5967.52,0
21.8948,3528.93,56.0743,-6.75563,2.68245,-5529.53,0
23.2686,3498.59,59.5706,29.4439,4.57726,-6507.17,0
24.6342,3484.34,42.2987,28.4596,6.20359,-6724.65,0
26.0108,3501.39,42.4886,57.593,2.15152,-5713.29,0
27.3786,3501.91,41.8685,22.1894,3.78482,-5408.92,0
28.7344,3502.92,18.1939,23.2235,5.45541,-5118.75,0
30.1009,3522.21,33.2679,30.819,1.03424,-4245.45,0
31.4612,3504.39,9.38407,39.6354,3.42141,-4628.19,0
32.8418,3514.96,-7.37904,8.95924,3.7747,-4111.82,0
34.2,3517.58,-14.2373,11.1585,1.749,-3872.06,0
35.565,3507.37,-5.49212,1.15035,5.47712,-4010.35,0
36.9317,3490.36,32.9817,-12.1336,3.41027,-4322.46,0
38.2934,3482.92,46.2096,-7.201,2.41744,-4363.17,0
39.6596,3490.77,24.1924,3.91272,4.72248,-4014.84,0
41.025,3460.2,35.4922,46.207,2.93355,-4626.42,0
41.9727,3449.92,63.8131,45.8141,1.43724,-4766.8,0
