1.36128,3605.63,-34.3227,-47.102,2.19633,-32593.6,0
2.72034,3563.21,-53.8754,-40.1247,4.46854,-31903,0
4.08742,3559.38,-28.7225,-48.2927,4.2039,-22170.3,0
5.46484,3591.46,-53.0928,-34.3589,1.80028,-10711.3,0
6.82524,3593.52,-78.7073,-0.776788,1.42213,-8274.44,0
8.18119,3576.05,-120.3,-9.51225,1.59582,-9039.42,0
9.54544,3587.27,-115.828,-53.2159,0.829732,-6571.92,0
10.9096,3574.02,-91.9754,-49.1725,1.94815,-6964.31,0
12.2599,3539.36,-70.0824,-88.3283,3.75228,-9024.77,0
13.6314,3539.07,-81.9708,-94.66,3.32303,-8138.04,0
15.0021,3541.13,-78.9969,-78.828,3.45967,-7256.82,0
16.3678,3547.37,-74.8536,-92.2555,2.73295,-6270.01,0
17.7255,3572.23,-119.135,-85.0068,0.550905,-4387.24,0
19.09,3565.77,-126.946,-47.9006,1.19166,-4412.04,0
20.4716,3550.42,-104.338,-83.1162,2.1363,-4864.31,0
21.8371,3545.54,-108.998,-88.6472,1.93059,-4783.6,0
23.2124,3540.39,-146.906,-87.2651,1.6618,-4721.92,0
24.5791,3519.02,-142.124,-68.9694,3.2671,-5328.92,0
25.9387,3533.89,-147.868,-54.7063,2.27157,-4476.47,0
27.2978,3552.31,-99.4316,-66.78,2.21774,-3578.6,0
28.6631,3552.95,-107.724,-77.2799,1.78011,-3385.97,0
30.0333,3518.28,-94.4576,-94.5124,3.80018,-4385.74,0
31.3886,3514.21,-92.7477,-74.6172,4.113,-4326.19,0
32.7506,3506.75,-91.4848,-90.8081,3.61731,-4374,0
34.1234,3550.04,-89.1676,-75.1042,0.964852,-2929.25,0
35.4928,3526.67,-123.044,-59.1981,1.64089,-3474.76,0
36.8594,3512.27,-130.192,-60.0902,2.15183,-3736.57,0
38.2179,3504.72,-100.731,-68.8255,3.3227,-3801.42,0
39.5999,3512.69,-95.9566,-53.4727,3.04149,-3467.51,0
40.9557,3499.83,-144.261,-17.045,2.11943,-3666.76,0
42.3165,3475.24,-171.666,4.71537,2.08815,-4129.85,0
43.6918,3491.25,-154.79,-1.65387,1.92108,-3633.34,0
45.0384,3500.42,-154.785,43.4252,1.07368,-3321.17,0
46.4019,3491.33,-156.325,-1.89714,1.73609,-3419.55,0
47.7698,3509.96,-135.651,-27.8712,1.36722,-2931.62,0
49.1392,3500.1,-99.5795,-6.41533,3.46215,-3050.48,0
50.505,3470.84,-101.525,12.7758,4.90177,-3547.47,0
51.8683,3465.83,-107.915,42.0717,3.69531,-3550.76,0
52.2502,3450,-117.151,41.023,4.06109,-3827.83,0
