1.36954,3603.89,-79.6237,33.7653,1.97331,-33665.7,0
2.73538,3607.08,-96.8361,41.6863,1.51464,-15691.9,0
4.10805,3609.81,-128.339,32.1273,0.907473,-9784.12,0
5.46148,3582.63,-137.151,23.9841,2.27144,-12336.1,0
6.83761,3562.09,-116.395,20.6728,3.65848,-12857,0
8.22194,3566.1,-108.381,-5.51914,3.39537,-10204,0
9.58948,3563.24,-122.27,13.6931,3.07816,-9047.7,0
10.9551,3582.45,-85.0499,-43.2326,2.45462,-6166.32,0
12.3238,3594.81,-78.6734,-84.4815,1.36543,-4478.63,0
13.6956,3601.5,-87.8962,-91.0388,0.817252,-3540.99,0
15.0544,3597.95,-91.8546,-71.1149,1.12509,-3457.15,0
16.4229,3570.17,-115.786,-80.0229,2.12574,-4861.18,0
17.784,3548.18,-133.023,-103.16,2.85238,-5725.61,0
19.1489,3536.21,-118.364,-107.337,3.70189,-5942.3,0
20.5221,3493.87,-141.368,-148.89,4.4475,-7607.86,0
21.8756,3467.96,-127.889,-144.123,6.57039,-8321.38,0
23.2476,3465.47,-151.249,-119.326,5.11079,-7937.46,0
23.5397,3449.98,-140.547,-108.77,7.02486,-8497.21,0
