1.37851,3632.61,13.523,-14.2149,0.831109,-12612.1,0
2.75732,3639.84,11.3225,-34.5062,0.39394,-3683.42,0
4.13707,3615.13,-53.5299,-6.98178,1.53579,-8429.43,0
5.50721,3593.27,-58.8102,3.41486,2.6738,-10300.8,0
6.87039,3577.22,-56.4117,14.4969,3.54658,-10593.3,0
8.23785,3591.93,-72.751,32.5707,2.09229,-7048.65,0
9.60248,3577.12,-89.299,40.3765,2.53777,-7589.25,0
10.9711,3555.22,-109.566,37.6896,3.02319,-8639.44,0
12.3134,3530.17,-131.795,20.5926,3.93768,-9731.74,0
13.6728,3535.35,-89.7794,33.8784,4.39637,-8385.36,0
15.0457,3485.82,-102.861,59.0342,6.10963,-10912.1,0
16.4202,3499.64,-86.7487,75.073,4.60413,-9156.78,0
17.7763,3500.65,-85.6392,90.6479,3.64726,-8401.52,0
19.1273,3498.06,-77.7596,118.467,2.56424,-7943.45,0
20.4898,3500.3,-48.5703,148.111,1.79849,-7306.27,0
21.8626,3501.71,-82.4334,121.208,2.06762,-6782.92,0
23.2177,3530.77,-85.8864,48.2053,1.86311,-5135.19,0
24.5735,3510.96,-48.8546,81.3404,3.27548,-5658.11,0
25.9456,3517.56,-70.1221,56.5653,2.74279,-5104.52,0
27.3017,3531.4,-52.2597,79.0373,1.50567,-4344.02,0
28.6738,3508.89,-60.6131,88.7043,2.28807,-4921.06,0
30.0456,3504.78,-70.1094,96.9996,2.00719,-4833.17,0
31.4076,3500.85,-75.7635,134.618,0.420905,-4748.91,0
32.7712,3495.53,-59.0092,101.315,2.66642,-4713.46,0
34.1347,3463.67,-108.833,109.297,2.68882,-5458.67,0
35.4885,3474.86,-82.0833,144.079,1.20635,-4935.18,0
36.0421,3449.92,-75.7898,141.435,3.24486,-5551.16,0
