1.36908,3611.9,-1.6438,67.1424,2.04446,-27831.3,0
2.72259,3579.24,43.4805,112.763,2.85006,-25989.4,0
4.09831,3595.19,41.9355,60.9254,2.66398,-13372.9,0
5.47362,3577.61,-24.1268,23.5479,4.14449,-13225.6,0
6.85085,3591.76,-54.8129,60.42,2.29688,-8501.8,0
8.20844,3615.96,-61.9153,34.7726,1.09078,-4146.61,0
9.57118,3628.66,-79.0374,39.9296,0.278287,-2229.97,0
10.9383,3626.46,-63.9478,47.2902,0.465107,-2152.18,0
12.2976,3608.95,-70.737,19.4566,1.38047,-3338.11,0
13.6592,3589.54,-58.3374,11.8601,2.60876,-4426.47,0
15.0218,3590.75,-100.571,-50.1901,1.6549,-3944.11,0
16.3968,3588.48,-88.7303,-37.1838,1.9857,-3751.83,0
17.7795,3553.52,-100.413,-46.1332,3.36871,-5426.55,0
19.1572,3534.07,-71.1157,-81.1137,4.08908,-6051.6,0
20.5222,3521.53,-70.8658,-77.4462,4.5811,-6260.09,0
21.8891,3502.59,-43.0424,-87.1995,5.58666,-6734.57,0
23.2537,3509.66,-41.8814,-88.2435,4.2622,-6035.08,0
24.626,3514.87,-70.8031,-73.217,3.35785,-5487.22,0
25.9902,3500.23,-58.7892,-92.3468,3.64796,-5762.44,0
27.3661,3501.66,-35.8648,-99.3889,3.25281,-5420.4,0
28.7317,3520.5,-29.9405,-88.8784,2.13218,-4507.08,0
30.096,3532.98,-19.1126,-53.2816,2.60768,-3888.17,0
31.4581,3543.89,-16.7411,-87.4452,0.483589,-3373.2,0
32.8169,3556.44,40.4077,-25.4695,0.727599,-2850.9,0
34.1924,3533.72,8.00406,-75.9386,1.604,-3400.83,0
35.5528,3500.26,-39.8444,-116.89,1.84621,-4211.71,0
36.5408,3449.9,-50.7452,-147.869,2.89639,-5476.11,0
