1.36862,3620.58,96.7049,92.1171,0.790756,-21496.5,0
2.7354,3643.73,44.2837,76.7559,0.212171,-2290.54,0
4.10293,3609.71,63.7736,56.6597,1.81456,-9819.22,0
5.47027,3575.46,95.7363,78.209,2.87396,-13627.1,0
6.84055,3628.2,100.892,37.5286,0.447484,-3187.44,0
8.2062,3589.44,143.886,55.302,1.64115,-7379.38,0
9.56404,3614.5,138.379,22.0036,0.57935,-3711.82,0
10.922,3550.69,117.734,74.3575,3.86084,-9093.01,0
12.2998,3539.24,90.7411,91.1358,4.51126,-9005.08,0
13.6789,3564.72,101.919,91.6713,2.45117,-6234.66,0
15.0247,3571.28,107.545,124.232,1.40281,-5239.67,0
16.4007,3558.26,136.913,117.352,1.73482,-5593.63,0
17.7531,3567.07,100.755,69.4871,2.59277,-4671.28,0
19.1032,3547.16,61.4107,55.2516,4.58886,-5383.16,0
20.4821,3517.84,36.4145,52.0171,6.33951,-6452.57,0
21.845,3534.31,58.1448,44.6914,3.50489,-5295.78,0
23.2112,3528.58,67.4553,27.4075,3.64286,-5230.9,0
24.5744,3498.71,90.6881,39.4552,3.99502,-6156.6,0
25.9376,3492.01,96.0548,13.1954,4.10504,-6091.1,0
27.3062,3480.37,82.5959,10.0419,5.23207,-6212.29,0
28.673,3476.8,62.3088,11.4738,5.5342,-6040.39,0
30.0399,3459.38,71.4346,3.75828,5.48644,-6345.62,0
31.4001,3481.94,45.8993,0.897645,5.29242,-5352.31,0
32.7603,3473.66,48.7509,3.58306,5.43909,-5382.82,0
34.1213,3449.82,46.5016,16.1473,6.01826,-5866.62,0
