1.37058,3620.94,-2.49278,28.956,1.40453,-21203.8,0
2.73316,3636.5,-6.95703,-30.3626,0.56874,-4940.33,0
4.09695,3622.05,-43.8614,-56.509,1.00146,-6823.32,0
5.44062,3631.13,-54.411,-36.735,0.582392,-3469.06,0
6.80034,3609.12,48.7412,-39.9259,1.72559,-6011.1,0
8.17092,3620.4,-22.7717,-63.8107,1.05909,-3623.21,0
9.53519,3602.9,4.68672,-58.6574,2.00533,-4939.69,0
10.9138,3608.22,-128.996,-70.1123,0.591877,-3828.33,0
12.3046,3581.21,-133.914,-122.584,1.44295,-5590.82,0
13.6782,3552.37,-157.654,-162.76,2.17224,-7137.31,0
15.0494,3580.9,-111.431,-161.353,1.18654,-4591.71,0
16.4187,3577.06,-96.5514,-169.822,1.34896,-4442.7,0
17.7875,3569.37,-74.3212,-165.717,1.96832,-4532.8,0
19.1568,3578.13,-99.6415,-192.854,0.529688,-3751.91,0
20.5185,3566.62,-100.017,-212.243,0.802428,-4063.84,0
21.8898,3540.87,-101.921,-165.11,3.22926,-4985.35,0
23.2506,3517.97,-77.1889,-147,5.08808,-5678.49,0
24.6089,3527.96,-58.5014,-157.091,3.82032,-4959.33,0
25.9889,3531.89,-53.6123,-158.144,3.16631,-4544.58,0
27.3608,3532.25,-54.9309,-198.161,1.63849,-4303.46,0
28.7395,3537.09,-38.2316,-150.569,2.82088,-3928.74,0
30.097,3520.95,-22.6346,-143.563,3.93268,-4287.88,0
31.4707,3520.83,-27.1166,-142.362,3.47312,-4104.35,0
32.8339,3479.02,-25.2616,-131.637,6.21583,-5207.53,0
34.2064,3485.98,-38.2079,-99.9964,5.97973,-4794.89,0
35.5795,3497.95,-61.7326,-75.1722,4.61157,-4273.42,0
36.9316,3503.29,-24.5488,-51.2718,5.82998,-3972.48,0
38.2975,3500.5,-42.0537,-72.3604,3.30909,-3903.65,0
39.6559,3484.57,-62.5691,-77.5494,3.41123,-4171.59,0
41.031,3490.73,-69.0489,-116.579,0.820324,-3881.68,0
41.6447,3449.99,-74.885,-108.001,3.77398,-4802.81,0
