1.35251,3589.33,2.05791,24.0108,3.4018,-44858.4,0
2.723,3566.22,12.3619,18.3413,4.69939,-30768.9,0
4.08728,3570.34,12.9413,10.413,4.01802,-19490.7,0
5.45807,3561.77,16.6585,22.9086,4.20524,-16165,0
6.82371,3610.15,7.27068,63.3626,0.347862,-5840.28,0
8.18256,3583.51,-6.6679,59.5484,1.91776,-8125.87,0
9.55332,3583.36,-21.9268,62.4674,1.68094,-6975.86,0
10.9142,3596.64,13.8494,53.1318,0.999292,-4889.19,0
12.2737,3579.98,30.8507,3.03041,2.33989,-5705.22,0
13.6359,3562.96,62.1044,24.0944,2.88927,-6383.15,0
15.0168,3555.24,57.7356,11.7584,3.54352,-6310.22,0
16.3741,3541.68,38.8036,4.85012,4.61985,-6615.56,0
17.7311,3525.63,74.6657,7.99809,4.26008,-7014.15,0
19.0977,3562.55,91.1418,-2.88514,1.06341,-4579.25,0
20.4642,3535.54,89.6267,-61.9741,2.04886,-5593.09,0
21.8155,3503.69,67.4991,-74.5442,4.34415,-6706.57,0
23.1711,3480.44,62.7591,-95.8378,4.42646,-7317.53,0
24.5358,3463.01,88.534,-94.5254,4.11546,-7621.28,0
25.887,3477.47,64.4395,-109.45,3.00544,-6664.7,0
27.2439,3493.4,72.2989,-95.0882,2.18742,-5747.98,0
28.607,3499.6,77.1586,-119.153,0.550111,-5257.3,0
29.965,3469.72,80.2678,-150.729,0.984598,-6016.22,0
30.7122,3449.97,84.4798,-151.84,2.11892,-6513.02,0
