1.36649,3634.59,-49.2212,30.4119,0.731907,-11276.4,0
2.7372,3616.16,-1.53824,23.2922,1.87822,-12361.8,0
4.10578,3611.9,24.6986,-10.3756,2.06923,-9279.73,0
5.47389,3605.18,59.75,-32.1208,2.04519,-8188.17,0
6.84738,3606.12,93.6111,-72.8171,1.16332,-6408.3,0
8.21391,3581.78,95.9313,-69.5943,2.3858,-8305.35,0
9.57823,3586.37,91.8422,-70.1884,1.99408,-6643.17,0
10.9375,3598.54,147.023,-65.3533,0.503123,-4705.24,0
12.31,3568.99,104.035,-66.8896,2.88324,-6580.78,0
13.6833,3586.13,131.445,-68.8132,1.33749,-4667.65,0
15.0504,3585.62,169.277,-96.433,0.646176,-4277.48,0
16.3936,3539.78,191.149,-117.587,2.65607,-6723.27,0
17.7627,3551.62,164.701,-73.2699,3.04415,-5538.39,0
19.1206,3546.81,163.603,-97.059,2.83857,-5396.89,0
20.4839,3526.61,166.977,-89.0472,3.74189,-6023.72,0
21.8619,3504.17,159.541,-78.0175,5.24604,-6670.4,0
23.2391,3474.92,148.228,-73.1497,6.56877,-7533.79,0
24.6149,3482.92,100.165,-95.9276,6.17837,-6787.72,0
25.9742,3516.63,111.981,-77.1832,3.18409,-5134.59,0
27.3356,3519.83,128.067,-47.6492,2.66801,-4762.05,0
28.7063,3472.42,128.913,-49.1476,5.66122,-6186.24,0
29.3018,3449.89,126.806,-48.773,6.80785,-6829.2,0
