1.3766,3587.9,17.853,-37.2634,3.25606,-45112.3,0
2.74153,3573.06,40.2067,-72.9535,3.26938,-28066.2,0
4.10303,3573.21,2.55411,-88.1912,2.73516,-18716.3,0
5.45666,3575.9,11.197,-65.5633,2.79765,-13580.1,0
6.82789,3557.14,-22.1404,-52.094,4.00417,-13600.5,0
8.18249,3526.09,-27.816,-54.9187,5.58438,-15143.9,0
9.5402,3495.93,-17.9145,-53.3236,7.20293,-16149.4,0
10.9097,3504.12,14.9604,-43.8235,4.64257,-13371.5,0
12.275,3506.47,46.2615,-35.5584,2.98143,-11692.9,0
13.6469,3516.08,7.9003,-26.105,3.86643,-9813.46,0
15.0201,3489.35,-14.2527,-92.4387,1.46401,-10695.6,0
16.3788,3481.56,10.8375,-102.306,1.50353,-10284.2,0
17.0202,3449.83,16.7444,-90.0107,4.50694,-11760.8,0
