1.35532,3611.27,-29.6329,-40.2013,1.46017,-28576,0
2.71504,3578,-24.2689,-54.6005,2.7607,-26517.9,0
4.0815,3613.27,19.3263,0.808461,1.30933,-8999.56,0
5.43372,3576,-9.91704,24.3554,2.95821,-13619.1,0
6.80277,3552.43,3.26819,-1.23686,4.32062,-14343.2,0
8.17006,3524.34,-16.6239,-2.52207,5.93121,-15380.7,0
9.55021,3536.44,-19.6798,-33.7431,3.2402,-11890.7,0
10.934,3541.68,19.635,-23.0142,2.94615,-9907.06,0
12.2963,3555.43,48.664,-36.5537,1.30728,-7690.72,0
13.6495,3547.65,64.6339,-53.0138,1.16772,-7498.56,0
15.008,3507.93,52.5838,-45.9172,3.77376,-9466.07,0
16.3741,3497.79,32.3357,-70.3267,3.47022,-9295.83,0
17.7329,3505.38,25.5124,-94.214,1.93848,-8155.69,0
19.0948,3473.91,29.1467,-104.85,3.00442,-9221.73,0
19.7456,3449.96,25.2397,-136.423,2.44405,-10131.1,0
