1.35986,3614.07,111.702,-44.6381,0.650697,-26419.4,0
2.71586,3600.85,26.6216,-121.563,1.09095,-18095.9,0
4.09158,3566.76,29.9472,-137.7,2.09205,-20344,0
5.4395,3576.64,-19.1695,-145.311,1.59111,-13487.3,0
6.81348,3569.84,-2.06242,-179.851,1.48683,-11765.1,0
8.1799,3516.04,-0.431183,-216.082,3.20966,-16376.6,0
9.5483,3510.74,-3.47564,-241.968,2.27094,-14585.1,0
10.9164,3486.11,8.05969,-201.324,4.81017,-15013.1,0
12.2645,3471.43,23.3857,-198.972,5.03711,-14559.7,0
13.6266,3498.96,29.1869,-159.961,4.48762,-11083.9,0
14.9858,3468.75,13.4728,-153.153,5.4523,-12094.8,0
15.3693,3449.88,7.08336,-167.688,5.34391,-13020.7,0
