1.37518,3618.7,-89.8287,4.43908,0.909049,-22762.6,0
2.73885,3603.7,-66.2707,-24.4867,1.6537,-16906.5,0
4.09679,3622.33,-26.2767,5.18857,1.09189,-6753.76,0
5.47691,3635.58,49.8373,-1.94048,0.472826,-2633.4,0
6.86162,3639.35,39.7519,-26.7642,0.341243,-1552.82,0
8.23429,3612.06,104.204,-5.58298,0.946516,-4607.58,0
9.58827,3622.04,111.921,6.736,0.532642,-2915.8,0
10.9414,3618.33,130.333,46.1008,0.447242,-2894.64,0
12.3114,3588.09,107.065,-5.29273,1.89108,-5028.9,0
13.6979,3555.39,64.5354,34.4747,3.72753,-6906.63,0
15.0795,3543.42,65.2574,28.603,4.01896,-7068.18,0
16.4515,3543.19,18.0599,18.0627,4.51536,-6492.27,0
17.7992,3570.72,41.0985,20.9764,2.0865,-4454.4,0
19.1683,3590.81,22.8645,34.8937,1.04917,-3087.81,0
20.5517,3578.25,-38.1536,118.871,0.527418,-3491.02,0
21.9182,3571.22,-1.77769,156.495,0.314393,-3594.45,0
23.2828,3542.84,-30.5848,199.682,0.719808,-4602.41,0
24.6498,3516,-10.8044,182.042,2.58461,-5436.02,0
26.0304,3534.95,-46.4173,220.491,0.284078,-4419.89,0
27.3923,3543.03,-46.8007,178.144,0.948602,-3905.21,0
28.7582,3482.25,-59.7633,214.528,3.00005,-5833.26,0
30.1262,3501.75,-103.206,199.565,1.72382,-4921.09,0
31.5012,3514.04,-72.2095,182.198,2.10504,-4315.99,0
32.8761,3537.8,-85.8237,126.771,2.10073,-3412.91,0
34.2402,3514,-54.5744,139.573,3.03417,-3971.91,0
35.6058,3499.53,-70.1204,128.736,3.69701,-4226.11,0
36.9912,3484.39,-76.5121,141.093,3.62492,-4476.92,0
38.3589,3474.07,-101.788,107.369,4.28409,-4586.49,0
39.7158,3473.32,-94.641,88.0647,4.60699,-4448.69,0
41.0796,3489.45,-82.6113,92.2195,3.60351,-3908.3,0
42.4457,3470.69,-70.4363,118.682,3.71636,-4224.47,0
43.6644,3449.99,-38.3343,115.768,5.17286,-4580.56,0
