1.36419,3627.55,-23.9712,-13.3292,0.903528,-16455.9,0
2.72637,3644.77,-26.2123,28.8522,0.19492,-1919.91,0
4.08451,3616.5,10.358,3.23235,1.34965,-8202.63,0
5.44927,3630.79,-105.948,20.7287,0.207014,-3524.6,0
6.81009,3626.59,-52.1741,34.5204,0.700347,-3437.87,0
8.16836,3644.41,-34.5074,5.78023,0.169411,-684.269,0
9.53333,3617.17,-49.4724,33.7013,1.07007,-3444.22,0
10.8878,3604.12,-62.0533,27.4959,1.51105,-4214.15,0
12.2429,3609.21,-63.0942,21.1871,1.27367,-3331.82,0
13.6112,3605.02,-84.8589,25.9146,1.2127,-3304.91,0
14.9715,3603.35,-124.104,10.4052,0.875934,-3116.04,0
16.3394,3599.04,-105.405,-39.7296,1.19617,-3118.83,0
17.6993,3592.79,-107.545,-39.0845,1.38135,-3232.34,0
19.0462,3589.94,-115.992,-57.4918,1.27688,-3153.29,0
20.4091,3631.39,-45.2634,-32.4102,0.385826,-911.991,0
21.7859,3607.63,-60.3697,-52.3279,1.10558,-1945.01,0
23.1491,3589.45,-18.6968,-42.6365,2.18445,-2615.68,0
24.5196,3573.47,-47.6202,-33.6438,2.77964,-3121.02,0
25.8926,3566.95,-51.009,-51.5706,2.77969,-3207.64,0
27.26,3570.35,-48.2826,-34.2151,2.7027,-2921.96,0
28.6242,3556.39,-61.7059,-27.4838,3.19787,-3270.45,0
29.9916,3563.4,-75.1785,-32.3731,2.38476,-2887.6,0
31.3634,3571.85,-85.2003,-40.739,1.69697,-2491.88,0
32.7297,3550.27,-106.152,-26.2653,2.25179,-3047.1,0
34.1038,3539.83,-186.886,7.34083,1.0131,-3230.42,0
35.4834,3519.78,-155.82,-2.10387,2.67926,-3669.99,0
36.8468,3510.9,-190.435,-44.6632,1.75736,-3775.2,0
38.2007,3486.85,-237.834,-46.7794,1.51793,-4270.74,0
39.5641,3461.27,-191.459,-68.2662,4.27751,-4770.26,0
40.0227,3449.77,-209.298,-68.8123,3.87567,-5002.92,0
