1.36444,3625.7,-5.26018,51.3215,0.823166,-17811.6,0
2.74148,3634.43,-23.0907,18.6382,0.575038,-5678.11,0
4.11054,3589.35,-51.4609,23.3817,2.2901,-14754.5,0
5.47677,3621.71,-25.7081,13.3119,1.00809,-5166.2,0
6.85996,3600.99,7.39683,-0.399259,1.90165,-7144.29,0
8.22033,3629.36,27.5326,33.8143,0.506454,-2510.3,0
9.57425,3634.89,27.0756,46.9328,0.235367,-1578.11,0
10.9364,3586.02,39.1215,22.7812,2.33768,-5850.36,0
12.2929,3593.75,52.5698,46.3455,1.52177,-4575.87,0
13.6609,3581.45,25.4933,60.7019,2.05753,-5018.32,0
15.0386,3577.66,29.5289,85.164,1.83134,-4810.6,0
16.4094,3552.14,27.8073,77.3835,3.05591,-5963.66,0
17.7689,3575.2,52.7414,48.4249,1.90479,-4209.37,0
19.1331,3578.4,11.359,98.3128,1.32302,-3742.3,0
20.5055,3578.85,23.7545,136.543,0.679657,-3469.85,0
21.8605,3566.56,26.8536,152.591,0.930789,-3816.71,0
23.2151,3554.01,65.462,162.792,1.00625,-4134.88,0
24.5843,3537.35,73.0786,208.12,0.764761,-4582.15,0
25.9391,3518.6,107.25,195.546,1.56049,-5065.65,0
27.3017,3518.23,119.262,155.686,2.38425,-4826.47,0
28.6649,3469.02,93.7296,147.868,5.12779,-6313.7,0
29.7138,3449.82,75.2245,109.692,7.41542,-6737.01,0
