1.36236,3622.34,16.0357,-84.3963,0.83835,-20304.6,0
2.73862,3626.87,26.4647,-65.3512,0.779956,-8447.49,0
4.11561,3598.66,44.5616,-112.197,1.38542,-12475.3,0
5.48271,3586.15,63.5109,-156.677,1.3417,-11646.3,0
6.84312,3574.46,60.1826,-112.067,2.34655,-11038.6,0
8.20834,3552.59,109.798,-101.848,2.77501,-11866.7,0
9.56975,3546.88,138.176,-75.6807,2.70498,-10776,0
10.9365,3521.45,118.98,-57.4699,4.31815,-11754.3,0
12.3033,3587.71,117.187,-42.9377,1.11918,-5063.11,0
13.658,3558.21,68.2819,-28.8213,3.20306,-6720.89,0
15.0393,3535.37,53.5519,-43.0172,4.2098,-7622.22,0
16.3959,3582.94,15.0658,-61.2543,1.46611,-4090.25,0
17.7538,3572.57,49.6397,-65.7119,1.66745,-4361.25,0
19.1209,3550.9,54.7389,-60.6232,2.60938,-5182.61,0
20.4918,3524.96,77.8078,-29.2704,3.76163,-6101.91,0
21.8646,3499.94,73.6138,-33.5333,4.82029,-6863.07,0
23.2296,3538.75,97.8286,-51.1855,1.45521,-4789.01,0
24.6009,3529.94,65.4532,-63.533,2.37904,-4880.24,0
25.9622,3553.02,47.4786,-54.6963,1.47238,-3735.27,0
27.3337,3499.67,110.809,-71.2104,2.93746,-5499.83,0
28.693,3523.67,165.233,-22.4142,0.8481,-4402.96,0
30.0682,3526.62,153.359,-10.1796,1.03529,-4103.48,0
31.4486,3494.12,167.172,-15.8438,2.23215,-4956.72,0
32.8517,3487.82,215.579,49.3795,0.302671,-4936.65,0
34.221,3455.9,208.554,29.9806,2.52965,-5671.85,0
34.3425,3449.97,207.792,34.2439,2.82716,-5824.66,0
