1.37283,3617.39,-42.0165,10.3431,1.20626,-23755.9,0
2.74572,3590.72,-51.776,-35.8097,2.15812,-21591.2,0
4.11748,3587.95,-43.0385,-12.4687,2.38863,-15069.8,0
5.47845,3584.36,-63.2235,1.59527,2.23344,-11982.1,0
6.85468,3618.67,6.75328,68.5549,0.653155,-4570.05,0
8.22895,3614.54,-8.44412,39.3186,1.00031,-4309.54,0
9.59901,3576.7,20.6682,31.6985,2.77211,-7636.59,0
10.9655,3583.32,71.1565,19.8077,1.88413,-6080.66,0
12.3536,3548.07,44.562,21.1673,4.04257,-8250.86,0
13.7124,3592.16,14.3801,-10.0902,1.38989,-4217.92,0
15.0673,3577.03,19.8367,-2.39552,2.09834,-4842.63,0
16.4397,3574.56,41.5703,-8.40148,1.98502,-4588.66,0
17.7997,3544.94,44.6114,-22.0929,3.47162,-5902.18,0
19.1887,3540.72,49.726,-23.4331,3.3835,-5694.83,0
20.5653,3527.79,39.7911,-14.4026,4.25431,-5942.39,0
21.9297,3508.62,24.4737,10.2152,6.40915,-6447.2,0
23.2856,3508.49,28.365,10.6774,5.00944,-6077.06,0
24.6374,3518.09,27.859,13.2873,3.40219,-5354.02,0
26.0054,3548.51,-12.2708,1.06978,0.708087,-3902.62,0
27.3659,3528.71,-0.805692,-24.9813,2.32459,-4432.21,0
28.7221,3516.64,13.2732,-27.2956,3.18403,-4643.11,0
30.0809,3487.84,-1.75374,-24.0486,5.8134,-5390.8,0
31.4418,3476.05,-21.8885,-51.2046,2.38433,-5532.52,0
32.5956,3449.92,-3.58246,-71.9427,2.52613,-6138.31,0
