1.38229,3643.71,85.9537,-36.4362,0.194962,-4553.36,0
2.74252,3635.67,65.0969,-42.5133,0.564565,-5224.46,0
4.1167,3621.51,70.4255,-46.0241,1.0108,-6920.77,0
5.47368,3599.47,59.2231,-33.2285,1.96117,-9231.4,0
6.83684,3573.66,74.9742,-100.402,2.20409,-11166,0
8.2058,3559.46,65.246,-100.133,2.87101,-11033.4,0
9.57766,3570.73,52.1766,-119.317,2.08107,-8276.53,0
10.954,3543.13,60.274,-76.3342,3.74349,-9755.98,0
12.3226,3534.86,46.5173,-32.4743,4.77229,-9344.1,0
13.6963,3563.34,37.2185,-68.3011,2.3057,-6327.48,0
15.0609,3543.2,30.9684,-72.7353,3.13331,-7091.12,0
16.4287,3532.05,24.852,-79.5884,3.38293,-7179.21,0
17.7909,3522.06,-1.20212,-107.315,2.92709,-7191.13,0
19.1399,3504.78,-35.4938,-122.453,2.93838,-7587.28,0
20.5006,3490,-80.5433,-134.32,2.32974,-7804.5,0
21.8554,3472.8,-110.244,-135.101,2.47462,-8107.87,0
23.2174,3494.54,-118.214,-127.186,1.30175,-6696.01,0
24.5825,3457.81,-82.8349,-216.422,0.465089,-7818.11,0
24.9553,3449.99,-48.5629,-203.052,2.12645,-8014.59,0
