1.36677,3589.44,-8.13725,-20.2017,2.48459,-44307,0
2.74677,3539.34,-6.54481,-5.56448,5.67397,-40289,0
4.1151,3559.84,-1.50129,22.609,3.45903,-21910.5,0
5.47928,3572.38,29.4333,20.5044,2.42031,-14166.9,0
6.83704,3583.03,7.59941,37.5668,1.70115,-9794.49,0
8.19773,3582.31,64.4974,22.5226,1.32938,-8257.4,0
9.54429,3585.47,118.682,5.65175,0.461715,-6760.84,0
10.9052,3530.73,60.7026,8.45928,4.04543,-10936.8,0
12.2886,3520.57,105.477,31.6219,2.7066,-10532.3,0
13.6504,3526.81,78.5061,55.0726,2.69927,-9024.91,0
15.0067,3550.68,87.7392,61.3591,1.19867,-6618.52,0
16.3773,3546.9,74.647,96.4548,0.985447,-6295.3,0
17.7341,3568.25,38.8599,2.19384,1.37748,-4609.65,0
19.0912,3554.75,30.6743,25.2658,2.16288,-4989.38,0
20.4717,3556.77,39.5608,21.5189,1.8977,-4554.29,0
21.8466,3555.04,41.334,6.22448,1.94098,-4346.84,0
23.2196,3573.86,-17.1468,30.552,0.842383,-3279.2,0
24.5884,3540.63,16.4715,13.4953,3.3756,-4448.24,0
25.9564,3530.95,45.976,-24.6658,3.01495,-4586.58,0
27.3097,3519.06,27.7998,-33.4584,4.10022,-4794.68,0
28.6824,3495.53,18.5849,-41.2731,5.69004,-5385.52,0
30.0325,3492.77,20.4133,-40.2566,4.95612,-5235.42,0
31.3966,3521.29,68.6899,-52.0814,0.481845,-4099.37,0
32.7686,3509.44,46.8542,-61.566,1.4887,-4289.37,0
34.1365,3513.54,60.4679,-18.4889,1.83178,-3997.34,0
35.4819,3521.88,12.3743,-47.5717,1.77294,-3610.83,0
36.8505,3494.65,-13.9338,-58.8082,3.15024,-4215.57,0
38.2151,3496.91,-29.1913,-36.6233,3.73821,-4005.9,0
39.5793,3505.51,-12.9142,-50.6156,2.29127,-3650.52,0
40.9376,3511.32,-9.93419,-76.1403,0.62035,-3387.48,0
42.3091,3491.39,-53.0108,-87.6715,0.726854,-3748.95,0
42.9189,3449.93,-63.5442,-106.279,1.94834,-4661.7,0
