1.37812,3617.14,16.185,38.8383,1.24194,-23847,0
2.74701,3624.86,-13.1238,46.7156,0.887971,-9150.18,0
4.10952,3574.7,-17.5158,28.8469,3.23468,-18323.5,0
5.48843,3599.96,-20.0303,25.195,1.78719,-9116.48,0
6.85828,3615.37,-26.5443,18.2527,1.06791,-5049.32,0
8.22097,3585.09,-54.2803,-22.3508,2.18803,-7895.48,0
9.59176,3588.57,-6.14248,-17.0083,2.22135,-6404.19,0
10.9543,3580.8,-21.3647,-30.8772,2.38505,-6317.24,0
12.3192,3597.76,-25.6311,-70.9828,1.13997,-4240.67,0
13.6818,3597.68,-67.8975,-79.0051,0.806411,-3823.69,0
15.0439,3573.99,-133.064,-114.781,0.741975,-5052.84,0
16.4104,3539.57,-141.728,-119.062,2.13365,-6728.97,0
17.7723,3572.29,-121.897,-119.188,0.888033,-4372.27,0
19.1303,3580.52,-77.4355,-96.2769,1.31289,-3632.05,0
20.4872,3579.95,-132.96,-122.569,0.395278,-3419.04,0
21.8461,3555.97,-112.119,-95.075,1.94783,-4304.03,0
23.2204,3542.74,-103.199,-121.859,2.296,-4619.08,0
24.5757,3542.19,-96.3689,-88.9528,2.85992,-4386.95,0
25.9339,3508.13,-86.9998,-58.9929,4.88041,-5470.36,0
27.2909,3460.88,-67.758,-78.653,6.08119,-6929.87,0
28.6642,3487.45,-65.8498,-93.3984,3.21135,-5671,0
30.0463,3506.7,-58.8549,-83.0223,2.50797,-4769.2,0
31.403,3534.41,-79.1361,-59.098,1.10872,-3680.85,0
32.7732,3540.89,-86.8459,-54.8829,0.705928,-3329.15,0
34.148,3508.43,-119.775,-24.2413,1.88526,-4145.85,0
35.5088,3496.77,-111.42,3.146,2.78503,-4315.26,0
36.5034,3449.98,-133.308,-42.5143,3.47524,-5479.6,0
