1.37673,3582.55,-75.6759,-17.4893,2.66171,-48995.7,0
2.75439,3534.9,-46.9282,-22.2886,5.38802,-41788.1,0
4.12089,3529.75,-78.6547,-3.47372,4.15828,-29180.9,0
5.48214,3536.72,-118.633,-31.6874,2.15738,-20662.6,0
6.85428,3530.2,-173.347,-31.4093,1.18281,-17478.3,0
8.20474,3513.63,-182.876,-29.173,1.74474,-16621.5,0
9.56695,3483.55,-175.39,-47.8434,3.42865,-17398.9,0
10.9415,3496.65,-150.67,-24.4759,3.62871,-14015.6,0
12.2941,3478.67,-106.767,-26.8937,5.52138,-13936.4,0
12.7556,3449.83,-105.91,-6.92286,6.76514,-15693,0
