1.37669,3594.52,-21.4837,1.08206,2.32619,-40300.6,0
2.75135,3611.76,-11.7664,30.1702,1.44214,-13897,0
4.10733,3593.19,45.8533,83.5195,1.63711,-13830.4,0
5.47182,3572.97,52.1545,87.5448,2.30412,-14077.2,0
6.83962,3565.29,59.9939,93.4338,2.35916,-12385.6,0
8.19781,3572.01,57.0531,64.435,2.38026,-9513.08,0
9.56194,3563.05,107.014,41.6135,2.07194,-9093.18,0
10.9395,3571.31,109.272,31.1608,1.58472,-7192.89,0
12.3074,3569.64,141.918,-8.42419,1.13983,-6529.24,0
13.6698,3565.29,145.027,-58.8715,1.12414,-6197.03,0
15.0339,3534.67,219.075,-40.0928,1.17294,-7671.05,0
16.3864,3516.15,213.488,-47.2294,2.1472,-8168.32,0
17.7579,3509.21,204.314,-69.8087,2.45032,-7928.34,0
19.1232,3518.23,205.578,-88.0638,1.71842,-6890.58,0
20.4885,3470.59,179.49,-99.5683,4.69628,-8756.6,0
21.8447,3480.1,190.733,-99.4316,3.23881,-7777.53,0
23.2137,3489.9,190.165,-82.6139,2.87069,-6896.95,0
24.586,3486.72,177.618,-93.4221,3.11816,-6641.18,0
25.9403,3516.95,153.452,-70.724,2.57068,-5129.13,0
27.301,3517.45,189.523,-38.7936,1.60365,-4855.28,0
28.6592,3502.1,194.533,-56.1881,2.15394,-5160.5,0
30.0254,3479.75,214.465,-34.185,2.73728,-5670.06,0
31.3841,3469.7,195.387,-25.6145,3.97896,-5744.87,0
32.7447,3499.41,228.047,8.13628,0.919916,-4599.02,0
34.1181,3505.37,209.578,33.3421,1.19566,-4238.96,0
35.4773,3527.71,201.052,-21.0131,0.318007,-3446.91,0
36.842,3532.46,188.733,6.71958,0.508184,-3190.45,0
38.22,3519.21,217.215,-47.8378,0.0728035,-3422.11,0
39.5913,3474.59,242.866,-23.4256,1.62072,-4430.6,0
40.6562,3449.81,249.975,-5.87789,2.4105,-4924,0
