0.0065142,0.0104301,-3.28878e-05,-0.00252636,3.12447e-05,1601.14,0
0.0130052,0.0411923,-0.000147175,-0.0113056,0.000123323,3167.38,0
0.0195105,0.0544167,0.0066886,-0.0268442,0.000162666,2789.1,0
0.0260549,0.0410428,0.0188924,-0.0372375,0.000122392,1575.24,0
0.0325245,0.0747432,-0.00657988,-0.029328,0.000223096,2298.06,0
0.0390358,0.102791,-0.0198263,-0.0260479,0.000306424,2633.24,0
0.0455508,0.118355,-5.52831e-05,-0.0187079,0.000352407,2598.31,0
0.052008,0.128824,0.039755,0.0027245,0.00038303,2476.99,0
0.0585074,0.0954315,0.0393673,-0.011221,0.000282074,1631.1,0
0.0650467,0.110855,0.0390238,0.0289103,0.000327469,1704.23,0
0.0715674,0.136454,0.0450452,0.060605,0.000403265,1906.65,0
0.0781087,0.135448,0.0323161,0.045842,0.000399109,1734.1,0
0.0846317,0.0836543,-0.00848085,0.0427052,0.000243263,988.451,0
0.0911388,0.0757153,0.00525017,0.0607347,0.000218963,830.769,0
0.0976449,0.0481163,0.00293229,0.0868712,0.000136021,492.768,0
0.104177,0.0484755,0.0141939,0.090243,0.000136905,465.317,0
0.110673,0.0479245,0.0302383,0.11552,0.000135004,433.027,0
0.117193,0.0382076,0.0445256,0.115645,0.000105718,326.023,0
0.123684,0.0605814,0.0264737,0.123442,0.000172503,489.807,0
0.130166,0.0398071,-0.00709052,0.13648,0.000110055,305.818,0
0.136662,0.0566845,-0.0187532,0.170181,0.00016045,414.78,0
0.143152,0.0612249,0.00187533,0.177726,0.00017377,427.691,0
0.149615,0.0854386,0.0254599,0.165523,0.000245821,571.058,0
0.156134,0.0858534,0.0333462,0.177639,0.000246563,549.869,0
0.16262,0.0899091,0.00464983,0.180852,0.000258195,552.88,0
0.169149,0.0934327,-0.0115963,0.191009,0.000268192,552.37,0
0.175633,0.0982259,-0.00106333,0.199015,0.00028185,559.267,0
0.182131,0.0798011,0.00393434,0.187927,0.000226107,438.153,0
0.188648,0.0944624,0.0256806,0.195525,0.000269524,500.734,0
0.195139,0.0996745,-0.015224,0.179103,0.000284588,510.787,0
0.20166,0.107912,-0.00373124,0.179297,0.000308467,535.117,0
0.208197,0.123839,0.0134005,0.156864,0.000355212,594.816,0
0.214689,0.147873,0.0121983,0.113056,0.000426274,688.779,0
0.221203,0.129818,-0.0222537,0.141872,0.000371161,586.876,0
0.227737,0.161575,-0.0360274,0.0933472,0.000465148,709.483,0
0.234261,0.190847,0.00865948,0.111492,0.00055106,814.674,0
0.240751,0.194808,-0.034184,0.0992806,0.000561258,809.167,0
0.247261,0.225024,-0.09646,0.0750188,0.000650066,910.066,0
0.253792,0.239464,-0.0894953,0.026965,0.000691161,943.546,0
0.260281,0.27261,-0.0975238,0.00740924,0.000787672,1047.37,0
0.266739,0.278847,-0.140512,-0.00263476,0.000803449,1045.39,0
0.273251,0.284575,-0.190566,-0.0400445,0.000817675,1041.44,0
0.279733,0.285863,-0.219015,-0.0308407,0.000818488,1021.91,0
0.286261,0.228805,-0.202713,0.0467204,0.000645142,799.287,0
0.292778,0.169578,-0.235568,0.0813889,0.000465984,579.203,0
0.299264,0.150731,-0.230424,0.134606,0.000408576,503.673,0
0.305764,0.132059,-0.244561,0.157796,0.000351836,431.898,0
0.312269,0.14687,-0.21255,0.10248,0.000395394,470.332,0
0.318782,0.116509,-0.162654,0.0841404,0.000303647,365.482,0
0.325289,0.112871,-0.180854,0.0852013,0.000292166,346.986,0
0.33179,0.11837,-0.156474,0.0614035,0.000307878,356.76,0
0.338262,0.121989,-0.12181,0.0649434,0.00031808,360.633,0
0.344777,0.106453,-0.100659,0.049443,0.000270795,308.759,0
0.351236,0.0841298,-0.0475374,0.0430593,0.000203411,239.525,0
0.357762,0.112419,-0.0561965,0.0627839,0.000287585,314.229,0
0.364266,0.114944,-0.10125,0.0865266,0.000294454,315.551,0
0.370773,0.137221,-0.104792,0.0708354,0.000360387,370.095,0
0.377302,0.102403,-0.107174,0.0958653,0.000255531,271.408,0
0.383779,0.0955853,-0.0921671,0.0870306,0.000234551,249.063,0
0.390275,0.100168,-0.0844146,0.104117,0.000247818,256.659,0
0.396767,0.12839,-0.0879138,0.124299,0.000331777,323.59,0
0.403233,0.132801,-0.0906495,0.155708,0.00034421,329.34,0
0.409765,0.1425,-0.130225,0.133294,0.000372421,347.759,0
0.416251,0.166279,-0.16708,0.102176,0.00044269,399.469,0
0.422747,0.183294,-0.165393,0.102835,0.000492262,433.578,0
0.429238,0.208019,-0.123825,0.0872303,0.000565034,484.624,0
0.435744,0.276629,-0.119514,0.13745,0.000768441,634.843,0
0.442247,0.249769,-0.160533,0.145297,0.000685318,564.771,0
0.448765,0.263,-0.213828,0.13835,0.000722115,586.054,0
0.455256,0.188426,-0.202359,0.181607,0.00049679,413.889,0
0.461766,0.162252,-0.175133,0.197889,0.000417093,351.373,0
0.468247,0.149263,-0.174016,0.184382,0.000377021,318.769,0
0.474778,0.146166,-0.227518,0.140643,0.0003667,307.862,0
0.481274,0.164096,-0.247812,0.126404,0.00041951,340.961,0
0.487801,0.184187,-0.305667,0.134157,0.000478295,377.586,0
0.494307,0.166751,-0.262037,0.176495,0.000424685,337.344,0
0.500851,0.171558,-0.226139,0.153327,0.000437557,342.534,0
0.507349,0.207471,-0.254633,0.146202,0.000543576,408.932,0
0.513822,0.162404,-0.265582,0.152456,0.000407392,316.07,0
0.520295,0.160469,-0.27951,0.0956334,0.000400427,308.419,0
0.526857,0.122191,-0.284112,0.109511,0.000285153,231.924,0
0.533344,0.126222,-0.310115,0.0725505,0.000296532,236.661,0
0.539846,0.090372,-0.323767,0.0338067,0.000188676,167.403,0
0.546379,0.0788637,-0.352571,0.00836584,0.000153857,144.339,0
0.552904,0.0624256,-0.385868,0.0188744,0.000104402,112.905,0
0.559392,0.0742141,-0.397954,0.0562842,0.000139526,132.669,0
0.565913,0.0791595,-0.420481,0.0606451,0.000154047,139.879,0
0.57242,0.0938954,-0.415562,0.0608672,0.000197963,164.032,0
0.578944,0.0978365,-0.419349,0.0234248,0.000209424,168.991,0
0.585383,0.131522,-0.421784,-0.00752875,0.000309764,224.677,0
0.591924,0.135661,-0.408369,0.0278969,0.000321467,229.187,0
0.598417,0.151939,-0.37469,0.00153267,0.000369432,253.902,0
0.604909,0.173629,-0.380002,0.0427661,0.000433446,287.033,0
0.611395,0.171359,-0.424371,0.0434748,0.000425598,280.275,0
0.617892,0.161462,-0.387108,0.063,0.000394773,261.311,0
0.624372,0.154776,-0.341839,0.0852748,0.000373409,247.891,0
0.630853,0.151293,-0.294574,0.0681356,0.000361961,239.823,0
0.637357,0.124282,-0.263474,0.0473283,0.000280203,194.995,0
0.643872,0.168482,-0.241118,0.0600193,0.00041181,261.67,0
0.650403,0.158732,-0.196081,0.104561,0.000381606,244.052,0
0.656916,0.126982,-0.153346,0.145028,0.000285664,193.3,0
0.663451,0.0946662,-0.164162,0.175531,0.00018832,142.688,0
0.66995,0.0662803,-0.171421,0.172404,0.00010303,98.9333,0
0.676436,0.0437787,-0.157593,0.169607,3.55354e-05,64.7196,0
0.682938,0.0366874,-0.162313,0.156422,1.42807e-05,53.72,0
0.689432,0.0455433,-0.163078,0.145286,4.0792e-05,66.0592,0
0.695916,0.0488334,-0.166055,0.152312,5.06118e-05,70.1713,0
0.702449,0.0701165,-0.18174,0.15831,0.000114278,99.8172,0
0.70893,0.0716663,-0.19922,0.138287,0.000118743,101.091,0
0.715404,0.0746311,-0.202062,0.110458,0.000127464,104.32,0
0.721914,0.0759911,-0.195563,0.107629,0.000131352,105.263,0
0.728446,0.0897537,-0.212093,0.115046,0.000172418,123.213,0
0.734999,0.098644,-0.222552,0.112184,0.000198681,134.21,0
0.741527,0.139593,-0.182272,0.120867,0.00032065,188.251,0
0.748029,0.171896,-0.225666,0.114474,0.000416395,229.798,0
0.754497,0.155569,-0.245445,0.144782,0.000366492,206.189,0
0.760968,0.151501,-0.260925,0.148091,0.000353572,199.09,0
0.76749,0.179181,-0.214828,0.137852,0.000435495,233.463,0
0.773985,0.207158,-0.21619,0.177888,0.000517897,267.651,0
0.780551,0.190116,-0.192043,0.159051,0.000465344,243.567,0
0.78704,0.241905,-0.207933,0.15513,0.000618871,307.36,0
0.79354,0.247712,-0.199634,0.142449,0.000634238,312.16,0
0.80005,0.207888,-0.198157,0.143959,0.000513235,259.843,0
0.806557,0.200588,-0.191245,0.108004,0.000489987,248.696,0
0.813046,0.240829,-0.172575,0.104593,0.000609043,296.206,0
0.819589,0.308449,-0.212989,0.076414,0.000808724,376.345,0
0.826108,0.3212,-0.208522,0.105395,0.00084376,388.811,0
0.832682,0.368089,-0.21796,0.106698,0.000980734,442.052,0
0.839186,0.352543,-0.198687,0.0989284,0.000930249,420.101,0
0.84576,0.383173,-0.134355,0.0680383,0.00101796,453.052,0
0.852239,0.415318,-0.113192,0.0492501,0.00110955,487.325,0
0.858738,0.386602,-0.0958943,0.0183985,0.00101963,450.198,0
0.865224,0.377931,-0.0831369,0.0785405,0.000989535,436.801,0
0.871685,0.361327,-0.0157932,0.144822,0.000935809,414.515,0
0.878189,0.324462,-0.0214785,0.101717,0.000821421,369.467,0
0.884649,0.303612,-0.00891631,0.0472613,0.000756179,343.2,0
0.891167,0.318313,-0.0735797,0.03114,0.000797482,357.186,0
0.897706,0.358707,-0.115986,0.0263324,0.000915216,399.582,0
0.904197,0.41588,-0.100751,-0.00564194,0.00108306,459.944,0
0.910712,0.406033,-0.0843903,-0.0714453,0.00104932,445.841,0
0.917252,0.447292,-0.057607,-0.0152768,0.00116792,487.644,0
0.923734,0.541717,-0.0669103,0.00462812,0.00144471,586.443,0
0.930233,0.556366,-0.0648375,0.0466561,0.00148067,598.093,0
0.936744,0.526364,-0.0826885,0.0643613,0.00138379,561.908,0
0.943245,0.559731,-0.115242,0.048605,0.0014771,593.41,0
0.949757,0.548516,-0.0932753,0.0552156,0.00143593,577.533,0
0.956274,0.516729,-0.0672703,0.0772563,0.00133387,540.356,0
0.962778,0.513495,-0.0352143,0.0358106,0.00131789,533.347,0
0.96929,0.591306,-0.0806132,0.0269707,0.00154375,610.041,0
0.975811,0.583968,-0.085919,0.0524141,0.00151276,598.444,0
0.982339,0.552637,-0.100434,0.0481929,0.00141229,562.573,0
0.988801,0.528753,-0.140617,-0.00764874,0.0013348,534.741,0
0.995335,0.507824,-0.0639048,0.000540388,0.00126459,510.203,0
1.00184,0.483596,-0.116815,-0.0283302,0.0011862,482.71,0
1.00836,0.494474,-0.0947726,-0.0463913,0.00121367,490.376,0
1.01484,0.471951,-0.167405,-0.0824807,0.00114035,465.049,0
1.02135,0.47758,-0.159593,-0.0766584,0.00115228,467.595,0
1.02783,0.538717,-0.146852,-0.0636798,0.00132999,524.129,0
1.03435,0.555303,-0.180254,-0.0801658,0.00137364,536.864,0
1.04087,0.520609,-0.185863,-0.0633483,0.00126332,500.168,0
1.04734,0.54163,-0.161149,-0.0169849,0.00132068,517.151,0
1.05384,0.56777,-0.192347,-0.0309872,0.00139174,538.764,0
1.06032,0.567244,-0.262993,-0.0456163,0.00138361,534.974,0
1.06686,0.604806,-0.287415,-0.0334853,0.00148969,566.904,0
1.07331,0.682165,-0.253357,-0.0828669,0.0017141,635.572,0
1.07982,0.663732,-0.20908,-0.0554515,0.00164873,614.669,0
1.08632,0.706579,-0.222774,-0.00224459,0.0017686,650.436,0
1.09281,0.703119,-0.22254,-0.000281234,0.00174828,643.405,0
1.09934,0.710435,-0.183036,-2.62416e-05,0.00176004,646.237,0
1.1058,0.719994,-0.158906,-0.0165632,0.00178033,651.106,0
1.11231,0.629366,-0.139323,-0.0707815,0.00150025,565.82,0
1.1188,0.723131,-0.167623,-0.0519609,0.00177241,646.343,0
1.12528,0.676248,-0.177716,-0.0949641,0.0016224,600.958,0
1.1318,0.681096,-0.168122,-0.0735057,0.00162763,601.782,0
1.13832,0.654993,-0.231188,-0.0751682,0.00154037,575.405,0
1.14482,0.626639,-0.285011,-0.0260413,0.00144819,547.369,0
1.1513,0.634526,-0.279972,0.0374276,0.00146424,551.14,0
1.15779,0.664176,-0.279379,0.0502908,0.00154611,573.658,0
1.16431,0.680183,-0.22511,-0.0340289,0.0015863,584.195,0
1.17083,0.590007,-0.218304,0.0345596,0.00130974,503.922,0
1.17733,0.58423,-0.147514,0.0426037,0.00128721,496.232,0
1.18387,0.642265,-0.163981,0.0136354,0.00145444,542.514,0
1.19035,0.654326,-0.158004,0.0456317,0.00148248,549.692,0
1.19684,0.700477,-0.205929,0.0518251,0.00161301,585.27,0
1.20331,0.731044,-0.215994,0.0365499,0.00169578,607.526,0
1.20982,0.776226,-0.185139,0.0479317,0.0018216,641.606,0
1.21631,0.770852,-0.228935,-0.0514715,0.00179614,633.762,0
1.22285,0.848082,-0.255548,-0.0102261,0.00201632,693.531,0
1.22937,0.950556,-0.2357,-0.0780539,0.00231206,773.208,0
1.23583,0.883005,-0.221237,-0.0714352,0.00209657,714.503,0
1.24233,0.851864,-0.16224,0.00571262,0.00199068,685.697,0
1.2489,0.858854,-0.166856,0.00910098,0.00200197,687.689,0
1.25538,0.867486,-0.167603,-0.0287214,0.00201565,691.013,0
1.2619,0.905194,-0.185709,-0.0332172,0.00211648,717.325,0
1.26839,0.870699,-0.238059,-0.0323599,0.00200057,686.458,0
1.27495,0.756133,-0.230478,-0.0560317,0.00164808,593.071,0
1.28145,0.731262,-0.226091,-0.0387755,0.00156661,570.654,0
1.28797,0.739955,-0.239019,-0.00489043,0.00158351,574.512,0
1.29448,0.743422,-0.166841,-0.0318678,0.00158468,574.302,0
1.30098,0.812592,-0.0944765,-0.0204397,0.00178267,624.601,0
1.30743,0.786129,-0.140726,-0.00411196,0.00169334,601.279,0
1.31393,0.758271,-0.176741,0.0940539,0.00159956,577.101,0
1.32048,0.785946,-0.121067,0.117079,0.00167337,595.199,0
1.32701,0.772699,-0.0892513,0.154832,0.00162489,582.288,0
1.33348,0.790194,-0.0323528,0.18718,0.001669,592.58,0
1.34003,0.875842,-0.0494036,0.200433,0.00191536,653.6,0
1.34652,0.888524,-0.041852,0.257008,0.00194376,659.869,0
1.35302,0.873023,-0.0683343,0.306275,0.00188742,645.239,0
1.35956,0.895388,-0.0803758,0.294361,0.00194451,658.586,0
1.36608,0.917292,-0.114398,0.301428,0.00199909,671.48,0
1.37259,0.909518,-0.143204,0.258857,0.0019643,662.631,0
1.37904,0.924475,-0.151719,0.303326,0.0019967,670.374,0
1.38556,0.875613,-0.146884,0.303303,0.00183876,631.957,0
1.39208,0.855164,-0.175547,0.314872,0.00176848,614.309,0
1.3986,0.839635,-0.194705,0.285843,0.00171253,600.341,0
1.40513,0.815397,-0.19612,0.331117,0.00163122,580.3,0
1.41165,0.756148,-0.190292,0.359599,0.00144604,535.65,0
1.41815,0.669566,-0.183248,0.34213,0.00117971,472.141,0
1.42463,0.677832,-0.177252,0.368738,0.00119912,475.793,0
1.43115,0.654576,-0.158783,0.412957,0.00112378,457.379,0
1.43765,0.62526,-0.141345,0.467611,0.0010318,434.918,0
1.44418,0.647307,-0.178669,0.468561,0.00109335,448.216,0
1.45071,0.643661,-0.190962,0.461962,0.00107874,443.685,0
1.45723,0.629665,-0.186538,0.475586,0.00103169,432.098,0
1.46375,0.630215,-0.231931,0.563623,0.00102963,430.549,0
1.47024,0.643013,-0.21758,0.503129,0.00106396,437.352,0
1.47677,0.604261,-0.184437,0.475378,0.000942989,409.176,0
1.48327,0.587066,-0.207989,0.485614,0.000888033,395.793,0
1.48981,0.585224,-0.166964,0.504182,0.000878435,392.818,0
1.4963,0.54509,-0.141633,0.487708,0.000754805,364.292,0
1.50285,0.604898,-0.133808,0.412931,0.000931018,402.502,0
1.50936,0.630091,-0.160648,0.357443,0.00100254,417.455,0
1.51586,0.655339,-0.141967,0.413897,0.00107342,432.322,0
1.52234,0.707579,-0.159659,0.412825,0.00122492,464.796,0
1.52885,0.701407,-0.212673,0.380545,0.00120147,458.781,0
1.53529,0.724395,-0.198838,0.350099,0.0012643,471.828,0
1.54184,0.78007,-0.231449,0.334502,0.00142443,505.936,0
1.54836,0.758458,-0.255614,0.392118,0.0013533,489.846,0
1.55493,0.81489,-0.182931,0.430874,0.00151557,524.067,0
1.56146,0.967823,-0.190964,0.438644,0.00196487,619.819,0
1.56794,0.984029,-0.240744,0.452436,0.00200138,627.592,0
1.57444,1.00079,-0.242477,0.446179,0.00203995,635.648,0
1.58094,1.03733,-0.240215,0.384146,0.00213536,656.143,0
1.58744,1.05058,-0.215214,0.396298,0.00216174,661.808,0
1.59394,1.02433,-0.252466,0.48119,0.00206994,642.643,0
1.60046,1.13048,-0.210956,0.521109,0.00237463,706.347,0
1.60697,1.15498,-0.281881,0.559131,0.00243472,718.733,0
1.61346,1.17723,-0.243289,0.52806,0.00248734,729.632,0
1.61997,1.12353,-0.244983,0.497807,0.00231219,693.55,0
1.62647,1.12981,-0.294177,0.496465,0.00231693,694.636,0
1.63299,1.15815,-0.236022,0.516277,0.00238751,709.221,0
1.63955,1.15286,-0.2576,0.557713,0.00235547,703.158,0
1.64603,1.03546,-0.335332,0.507021,0.00199091,629.065,0
1.65248,0.987368,-0.320718,0.481096,0.00183604,597.506,0
1.65899,0.986319,-0.3156,0.474389,0.00182256,594.529,0
1.66556,1.00144,-0.281568,0.494669,0.00185776,601.262,0
1.67207,1.0107,-0.271199,0.445381,0.00187626,604.46,0
1.67856,0.981897,-0.264702,0.466271,0.00177961,584.963,0
1.68514,1.02417,-0.258218,0.464319,0.00189698,607.765,0
1.69159,1.1217,-0.261707,0.464826,0.00217643,663.107,0
1.69808,1.13353,-0.325185,0.409831,0.00219935,667.538,0
1.7046,1.11748,-0.307697,0.360708,0.00213784,655.568,0
1.71109,1.14516,-0.305061,0.40907,0.00220933,669.255,0
1.71762,1.25083,-0.310587,0.455956,0.00251116,728.234,0
1.72412,1.23159,-0.328603,0.484704,0.00243506,714.332,0
1.73064,1.14491,-0.390221,0.490478,0.00216152,661.551,0
1.73716,1.12405,-0.350763,0.521865,0.00208855,647.059,0
1.74368,1.11003,-0.409954,0.53085,0.00203531,636.602,0
1.75015,1.16319,-0.379079,0.479323,0.00218064,664.621,0
1.75667,1.10287,-0.43684,0.516111,0.00198768,627.822,0
1.76319,1.20018,-0.450533,0.520261,0.00226817,680.686,0
1.76969,1.1245,-0.480628,0.564162,0.00203018,635.422,0
1.77619,1.12218,-0.509,0.54109,0.00201076,631.789,0
1.78273,1.12364,-0.450162,0.555879,0.0020033,630.292,0
1.78922,1.08274,-0.432369,0.53555,0.00187193,605.146,0
1.79573,1.01432,-0.440975,0.532872,0.00165769,564.852,0
1.80227,1.02132,-0.396608,0.481505,0.00166932,566.687,0
1.80876,0.987255,-0.424453,0.506497,0.00155867,545.818,0
1.81526,0.950166,-0.390274,0.473455,0.00144,523.433,0
1.82177,0.945371,-0.378811,0.414157,0.00141833,518.931,0
1.82829,0.954529,-0.398631,0.436053,0.00143974,522.088,0
1.83482,0.949187,-0.350179,0.47743,0.00141658,517.319,0
1.84132,0.840956,-0.329534,0.431619,0.00108743,456.714,0
1.84786,0.880711,-0.294182,0.460896,0.00120262,476.613,0
1.8544,0.928503,-0.30757,0.504099,0.00133964,500.703,0
1.86095,0.994294,-0.294969,0.475132,0.00152882,534.294,0
1.86745,0.950459,-0.288391,0.513481,0.00139104,508.96,0
1.87395,1.00914,-0.273257,0.482303,0.0015596,538.512,0
1.88041,1.02298,-0.362397,0.503082,0.00159334,544.019,0
1.88689,1.02779,-0.365516,0.498185,0.00159831,544.698,0
1.89338,1.01053,-0.399191,0.456071,0.00153904,533.717,0
1.8999,0.990957,-0.442519,0.491472,0.00147164,521.585,0
1.90638,0.986296,-0.519672,0.487901,0.00144989,517.366,0
1.91285,0.982977,-0.526407,0.48357,0.00143285,513.88,0
1.91935,1.00222,-0.513952,0.502926,0.00148314,522.166,0
1.92587,1.00238,-0.600056,0.484058,0.00147481,520.483,0
1.93241,0.956068,-0.499519,0.490554,0.00132904,494.755,0
1.93894,0.939883,-0.531389,0.450174,0.00127465,484.741,0
1.94544,1.01031,-0.507462,0.477699,0.00147827,519.321,0
1.95198,1.08897,-0.568233,0.46938,0.00170614,557.88,0
1.95845,1.07797,-0.560681,0.500812,0.00166352,550.421,0
1.96495,1.06717,-0.647049,0.473428,0.00162291,543.1,0
1.97146,1.08125,-0.667778,0.51956,0.00165691,548.455,0
1.97797,1.06484,-0.70824,0.559142,0.00159916,538.349,0
1.98449,1.07856,-0.72095,0.538609,0.00163308,543.492,0
1.99096,1.06606,-0.806763,0.528955,0.0015882,535.448,0
1.99744,1.10568,-0.841788,0.490444,0.00169718,553.547,0
2.00401,1.17731,-0.80424,0.573547,0.00190314,587.476,0
2.0105,1.11278,-0.840677,0.505299,0.00170144,553.484,0
2.017,1.03805,-0.83858,0.509602,0.00147021,514.648,0
2.02349,1.00582,-0.848537,0.563894,0.00136613,497.074,0
2.03002,1.00628,-0.896585,0.542707,0.0013613,495.697,0
2.03651,1.01625,-0.930848,0.554958,0.00138443,499.015,0
2.04303,0.968283,-0.932266,0.5452,0.0012344,473.945,0
2.04955,0.971302,-0.896733,0.517961,0.0012369,473.91,0
2.05609,0.936231,-0.904834,0.543806,0.00112767,455.344,0
2.0626,0.952803,-0.901312,0.496772,0.00117136,461.943,0
2.06907,0.953873,-0.949596,0.530507,0.00116852,461.015,0
2.07559,0.912669,-0.932021,0.50327,0.00104034,439.717,0
2.08207,0.934878,-0.955259,0.529993,0.001102,449.014,0
2.08855,0.997956,-1.04536,0.601809,0.00128578,477.822,0
2.09505,0.980839,-1.02863,0.64371,0.0012277,468.169,0
2.10152,0.982177,-1.03918,0.686616,0.00122586,467.364,0
2.10803,0.941383,-1.03446,0.637177,0.00109832,446.569,0
2.11451,0.887744,-0.990304,0.561198,0.000934343,419.834,0
2.12102,0.919873,-0.969613,0.542794,0.00102689,433.695,0
2.12752,0.900498,-0.976644,0.4874,0.000964545,423.261,0
2.13406,0.97221,-0.919088,0.534518,0.00117536,455.568,0
2.14057,0.96719,-0.940499,0.559885,0.00115389,451.838,0
2.14708,0.970397,-0.954884,0.548932,0.00115889,451.96,0
2.15357,1.06929,-0.989889,0.561169,0.00145039,496.516,0
2.16004,1.12449,-1.02835,0.560787,0.00160782,520.59,0
2.16651,1.10353,-1.11644,0.516373,0.00153859,509.356,0
2.17301,1.07909,-1.10615,0.523376,0.00145643,496.586,0
2.17957,1.02836,-1.14131,0.522058,0.00129776,471.818,0
2.18605,1.03934,-1.1089,0.503147,0.00132523,475.44,0
2.19252,1.00327,-1.10654,0.456176,0.0012118,457.587,0
2.19897,1.00823,-1.14526,0.470931,0.00122118,458.499,0
2.20548,1.04166,-1.15968,0.43869,0.00131584,472.303,0
2.21196,1.01801,-1.19101,0.407492,0.0012388,460.228,0
2.21846,0.993973,-1.15752,0.468577,0.00116253,448.046,0
2.22499,1.01408,-1.16595,0.45303,0.00121745,455.767,0
2.23147,1.03598,-1.12816,0.497567,0.00127754,464.257,0
2.23802,1.06543,-1.18044,0.470688,0.00135901,476.059,0
2.24454,1.10176,-1.27067,0.502947,0.00146114,490.862,0
2.25104,1.08754,-1.3656,0.52719,0.00141244,483.128,0
2.25755,1.10362,-1.42229,0.501786,0.00145304,488.859,0
2.26403,1.10426,-1.4269,0.571489,0.00144716,487.74,0
2.27053,1.15795,-1.50889,0.566488,0.00160091,509.993,0
2.27704,1.14949,-1.55455,0.600012,0.00156809,504.818,0
2.28357,1.16243,-1.5398,0.522467,0.00159987,509.041,0
2.2901,1.12735,-1.506,0.536861,0.00148657,492.269,0
2.29662,1.10717,-1.46817,0.516604,0.00141905,482.089,0
2.30315,1.08588,-1.43573,0.471277,0.0013483,471.477,0
2.30965,1.08798,-1.43529,0.427486,0.00134862,471.06,0
2.31611,1.13746,-1.36347,0.389617,0.00149007,491.109,0
2.32268,1.17725,-1.40735,0.326933,0.0016014,506.851,0
2.3292,1.16584,-1.44421,0.324827,0.00155911,500.535,0
2.33572,1.15563,-1.45106,0.377509,0.00152049,494.764,0
2.34224,1.13295,-1.40678,0.331658,0.00144394,483.704,0
2.34869,1.13632,-1.40638,0.410115,0.00144788,483.81,0
2.35516,1.18859,-1.38844,0.451369,0.00159651,504.673,0
2.36168,1.17815,-1.40774,0.475103,0.00155818,498.862,0
2.36817,1.21039,-1.4091,0.5157,0.00164757,511.108,0
2.37467,1.26868,-1.37308,0.440105,0.00181311,534.254,0
2.3812,1.22621,-1.33319,0.385887,0.00167648,514.955,0
2.38772,1.20043,-1.3192,0.33464,0.00159069,502.753,0
2.39423,1.17984,-1.3852,0.319921,0.00152113,492.786,0
2.40075,1.11836,-1.35162,0.322418,0.00132964,465.839,0
2.40731,1.10228,-1.3636,0.319262,0.00127608,457.891,0
2.41374,1.06532,-1.32223,0.331657,0.00115946,441.358,0
2.4203,1.10289,-1.29392,0.383081,0.00126569,455.682,0
2.42681,1.0907,-1.27021,0.414295,0.00122498,449.44,0
2.43331,1.11805,-1.25994,0.357948,0.00130036,459.478,0
2.43979,1.14144,-1.28535,0.386461,0.001363,467.845,0
2.44627,1.12635,-1.33546,0.352705,0.00131118,460.437,0
2.45278,1.15937,-1.33034,0.293925,0.00140333,472.678,0
2.45928,1.22254,-1.31649,0.258212,0.0015853,497.114,0
2.46582,1.31856,-1.34826,0.254254,0.00186333,534.736,0
2.47233,1.28943,-1.38973,0.222206,0.0017666,521.545,0
2.47882,1.30794,-1.43095,0.21483,0.00181172,527.649,0
2.48532,1.27244,-1.45922,0.187362,0.00169598,511.983,0
2.49188,1.31282,-1.43883,0.161793,0.00180704,526.837,0
2.49837,1.33437,-1.42382,0.171518,0.00186097,534.094,0
2.50491,1.26054,-1.44771,0.208797,0.00163013,503.229,0
2.51142,1.28769,-1.53018,0.133702,0.00170215,512.736,0
2.51794,1.29089,-1.59664,0.17217,0.00170332,512.679,0
2.52443,1.34201,-1.58315,0.182794,0.0018474,531.611,0
2.53093,1.33858,-1.53696,0.203601,0.00182573,528.889,0
2.53744,1.30001,-1.51779,0.221922,0.00170208,512.33,0
2.54394,1.32168,-1.46012,0.267382,0.00175783,519.541,0
2.55044,1.3317,-1.41593,0.167655,0.00177763,522.145,0
2.55697,1.3852,-1.40493,0.182947,0.00192812,541.733,0
2.56347,1.44032,-1.4569,0.203152,0.00208131,561.863,0
2.56996,1.40791,-1.44841,0.157216,0.00197154,547.836,0
2.57643,1.34679,-1.47126,0.158418,0.00177912,522.735,0
2.58292,1.34533,-1.49218,0.176747,0.00176453,520.855,0
2.58943,1.39955,-1.49542,0.228022,0.00191762,540.486,0
2.59586,1.40274,-1.4495,0.26753,0.00191861,540.377,0
2.60235,1.432,-1.45465,0.185646,0.0019954,550.274,0
2.60883,1.3676,-1.50804,0.221339,0.00179157,524.218,0
2.61533,1.38848,-1.55293,0.201954,0.001845,530.901,0
2.62186,1.39903,-1.57532,0.231776,0.0018654,533.6,0
2.62839,1.38383,-1.53375,0.228401,0.00180756,526.496,0
2.63491,1.45644,-1.52856,0.287576,0.00201426,552.75,0
2.64144,1.4351,-1.59659,0.331607,0.00193739,543.301,0
2.64796,1.34748,-1.59491,0.332577,0.00166501,508.873,0
2.6545,1.34117,-1.62981,0.304878,0.00163701,505.244,0
2.66099,1.33527,-1.69217,0.309051,0.00161038,501.794,0
2.66748,1.37316,-1.62337,0.313528,0.00171642,514.78,0
2.67397,1.37483,-1.61748,0.31445,0.00171134,514.15,0
2.68048,1.39402,-1.55714,0.280159,0.00175947,520.064,0
2.68697,1.45807,-1.54508,0.225764,0.0019409,542.647,0
2.69348,1.41911,-1.54345,0.234427,0.0018144,526.871,0
2.69999,1.43231,-1.5969,0.229002,0.00184392,530.488,0
2.70653,1.43098,-1.59289,0.200394,0.00183107,528.715,0
2.71307,1.46301,-1.57634,0.235583,0.00191604,539.245,0
2.7196,1.50869,-1.5775,0.255767,0.00204083,554.746,0
2.7261,1.60538,-1.60659,0.258142,0.00231539,588.892,0
2.73263,1.64018,-1.61549,0.244047,0.00240749,600.221,0
2.73909,1.72279,-1.6153,0.283985,0.00263939,628.964,0
2.74561,1.76737,-1.62193,0.292257,0.00275596,643.706,0
2.75214,1.7714,-1.56456,0.274829,0.00274926,643.644,0
2.75867,1.70537,-1.62067,0.282681,0.00253147,618.187,0
2.7652,1.74934,-1.67547,0.324612,0.00264508,632.629,0
2.77172,1.75844,-1.72368,0.381116,0.00265537,634.421,0
2.7782,1.69663,-1.68581,0.432787,0.00245397,610.695,0
2.78475,1.72675,-1.69222,0.464956,0.00252799,620.074,0
2.79119,1.73272,-1.67255,0.463251,0.00252767,620.78,0
2.7977,1.69678,-1.71527,0.382351,0.0024064,606.491,0
2.80416,1.65387,-1.69077,0.393196,0.00226141,589.79,0
2.8107,1.65864,-1.71665,0.34078,0.0022618,590.115,0
2.81722,1.76183,-1.73198,0.34706,0.00255548,625.379,0
2.82375,1.70435,-1.66099,0.415441,0.00236637,603.577,0
2.83027,1.73095,-1.71736,0.361233,0.00242983,611.586,0
2.83676,1.66592,-1.72609,0.414813,0.00221956,587.262,0
2.84326,1.73355,-1.6638,0.388592,0.00240788,609.706,0
2.84974,1.70013,-1.67333,0.381685,0.00229433,596.591,0
2.85621,1.75523,-1.64229,0.391996,0.00244277,614.533,0
2.8627,1.6804,-1.59453,0.404282,0.00220394,586.999,0
2.86919,1.65703,-1.60104,0.456202,0.00211887,577.528,0
2.87572,1.63736,-1.66124,0.441028,0.00204713,569.375,0
2.88224,1.60412,-1.66978,0.421358,0.0019362,556.553,0
2.88879,1.68016,-1.6568,0.444937,0.00215233,581.612,0
2.89527,1.6986,-1.66122,0.447839,0.00219417,586.68,0
2.9018,1.73074,-1.71443,0.419997,0.00227668,596.438,0
2.90828,1.67086,-1.67841,0.355572,0.00208274,574.521,0
2.91477,1.74771,-1.72905,0.416627,0.0022989,599.607,0
2.92131,1.75242,-1.82498,0.44053,0.00229842,599.874,0
2.9278,1.69308,-1.82189,0.411308,0.00210752,578.278,0
2.93433,1.63892,-1.82539,0.449818,0.00193344,558.532,0
2.94088,1.59018,-1.8886,0.457093,0.0017776,540.718,0
2.94736,1.51911,-1.90265,0.458392,0.00155619,515.414,0
2.9539,1.49905,-1.93596,0.488228,0.00148814,507.482,0
2.96045,1.49653,-1.94669,0.518029,0.00147333,505.509,0
2.96696,1.52754,-1.95551,0.564963,0.00155882,514.848,0
2.97348,1.51319,-1.96484,0.572684,0.00150941,508.894,0
2.97997,1.52598,-1.96588,0.595081,0.00153961,512.079,0
2.98647,1.48999,-1.99115,0.631686,0.00142361,498.914,0
2.99301,1.48952,-2.01386,0.657204,0.00141508,497.666,0
2.99953,1.43499,-2.06104,0.688379,0.00124476,478.405,0
3.00602,1.40454,-2.05508,0.708207,0.00114836,467.241,0
3.01252,1.40245,-2.04024,0.733764,0.00113643,465.538,0
3.01907,1.44216,-2.03797,0.727516,0.00124957,477.683,0
3.02557,1.41383,-2.08502,0.770463,0.00115942,467.293,0
3.03209,1.40263,-2.13217,0.828512,0.00112012,462.596,0
3.03859,1.42105,-2.15958,0.881568,0.00117075,467.667,0
3.04512,1.41977,-2.16703,0.845435,0.00116209,466.247,0
3.05165,1.47623,-2.13269,0.841724,0.00132588,483.749,0
3.05819,1.52901,-2.04075,0.865942,0.00147672,499.974,0
3.0647,1.52313,-2.00979,0.885064,0.0014527,496.993,0
3.0712,1.54712,-1.96028,0.921277,0.00151602,503.751,0
3.07772,1.51453,-1.95948,0.956997,0.00141143,492.095,0
3.08419,1.5589,-1.94921,0.902711,0.00153588,505.449,0
3.09067,1.51815,-2.02252,0.879052,0.00140583,491.205,0
3.09723,1.47629,-2.03695,0.924532,0.00127355,476.648,0
3.10378,1.46109,-2.08012,0.892826,0.0012221,470.746,0
3.11028,1.41358,-2.06818,0.925659,0.00107514,454.485,0
3.11677,1.3912,-2.11011,0.930873,0.00100363,446.359,0
3.12324,1.41488,-2.18145,0.901271,0.00106997,453.019,0
3.12971,1.37953,-2.15968,0.86155,0.000960154,440.783,0
3.13621,1.41642,-2.13097,0.805055,0.0010669,451.633,0
3.1427,1.44948,-2.10189,0.775299,0.00116094,461.222,0
3.14917,1.47998,-2.17721,0.764813,0.00124631,469.96,0
3.15564,1.44986,-2.15468,0.801294,0.00115027,459.451,0
3.16218,1.41448,-2.10538,0.827414,0.00104025,447.311,0
3.16871,1.45825,-2.09709,0.80903,0.00116587,460.202,0
3.1752,1.43592,-2.13931,0.781874,0.0010942,452.229,0
3.18173,1.5126,-2.12687,0.838101,0.00131924,475.401,0
3.18825,1.53016,-2.09541,0.81021,0.00136514,479.937,0
3.19477,1.54207,-2.02977,0.876301,0.0013932,482.686,0
3.20125,1.55534,-2.01584,0.908299,0.00142565,485.853,0
3.20779,1.4693,-1.98055,0.922043,0.00116152,458.04,0
3.21426,1.4453,-1.9834,0.897472,0.00108507,449.652,0
3.22077,1.39699,-2.0013,0.89243,0.000936161,433.742,0
3.2273,1.41317,-2.02526,0.932819,0.00098082,437.88,0
3.23383,1.37619,-2.0272,0.930766,0.000866389,425.56,0
3.24031,1.30092,-2.03788,0.897208,0.000638235,401.479,0
3.24684,1.2434,-2.04542,0.846356,0.000464225,382.956,0
3.2534,1.22793,-2.0386,0.802611,0.000416814,377.431,0
3.25988,1.21345,-2.04955,0.748128,0.000372402,372.237,0
3.2664,1.20112,-2.0514,0.71891,0.00033457,367.718,0
3.27293,1.17158,-2.06752,0.730303,0.000245209,357.96,0
3.27946,1.16638,-2.04007,0.723694,0.000229336,355.663,0
3.28596,1.14197,-2.02495,0.759204,0.000155808,347.53,0
3.29243,1.15647,-2.05361,0.743848,0.000198996,351.25,0
3.29895,1.1728,-2.08771,0.708089,0.000247621,355.507,0
3.3055,1.17474,-2.06431,0.681797,0.000253014,355.391,0
3.31201,1.15932,-2.08336,0.684896,0.000206314,350.037,0
3.31853,1.1964,-2.09992,0.698111,0.000316919,360.522,0
3.32503,1.20299,-2.08058,0.660674,0.000335888,361.798,0
3.33152,1.22989,-2.06365,0.62729,0.000415422,369.167,0
3.33801,1.24324,-2.08212,0.617379,0.000454481,372.449,0
3.34445,1.27343,-2.11256,0.635249,0.000543401,380.758,0
3.35097,1.29997,-2.07842,0.667282,0.00062119,387.938,0
3.35745,1.27985,-2.03077,0.670446,0.000558589,381.197,0
3.36395,1.30051,-2.04201,0.644364,0.000619032,386.601,0
3.37046,1.28214,-2.04191,0.646239,0.000562056,380.407,0
3.37696,1.27645,-2.04237,0.656956,0.000543325,377.987,0
3.38355,1.23124,-2.05676,0.643268,0.000406495,363.891,0
3.39004,1.26835,-2.0434,0.623109,0.000516468,374.139,0
3.39657,1.27638,-2.01224,0.649831,0.0005389,375.785,0
3.40304,1.30504,-1.99943,0.682061,0.000623241,383.492,0
3.40955,1.32547,-1.99629,0.650487,0.000682167,388.75,0
3.41607,1.28846,-1.98303,0.610848,0.000569434,377.178,0
3.42259,1.26935,-1.96922,0.613281,0.000510849,370.874,0
3.42906,1.33741,-1.93402,0.614903,0.000712516,390.023,0
3.43555,1.35914,-1.94749,0.595438,0.000774579,395.61,0
3.44208,1.36129,-1.92079,0.582868,0.000778343,395.485,0
3.44856,1.34678,-1.88085,0.591089,0.000732378,390.534,0
3.45503,1.31153,-1.85079,0.57296,0.000624385,379.599,0
3.46157,1.29601,-1.82182,0.620287,0.000576127,374.4,0
3.4681,1.28131,-1.86896,0.656844,0.000530097,369.455,0
3.4746,1.28872,-1.88616,0.64643,0.000550745,370.898,0
3.48108,1.2778,-1.86974,0.635902,0.000516465,367.069,0
3.48758,1.30481,-1.87951,0.632804,0.000595952,374.131,0
3.49405,1.35425,-1.83063,0.609899,0.000741292,387.588,0
3.50054,1.36338,-1.81322,0.571672,0.000766047,389.477,0
3.50706,1.32731,-1.80724,0.585152,0.000655194,378.469,0
3.51361,1.33907,-1.81971,0.570387,0.000687894,381.109,0
3.52014,1.32048,-1.83503,0.564888,0.000630026,375.123,0
3.52663,1.32823,-1.84937,0.566446,0.00065104,376.629,0
3.53317,1.26795,-1.84727,0.618901,0.000468763,358.87,0
3.53968,1.26246,-1.81598,0.5995,0.000451222,356.659,0
3.5462,1.29991,-1.77298,0.613738,0.000562178,366.566,0
3.55275,1.29967,-1.74147,0.633946,0.000559854,365.82,0
3.55924,1.31165,-1.71548,0.64499,0.000593944,368.52,0
3.56571,1.30286,-1.68652,0.678124,0.000565882,365.387,0
3.57223,1.28784,-1.67691,0.715083,0.000519438,360.513,0
3.57873,1.29584,-1.63918,0.740428,0.000541717,362.096,0
3.58524,1.27955,-1.61427,0.733064,0.000490984,356.894,0
3.59177,1.2645,-1.57575,0.788122,0.000444392,352.056,0
3.59825,1.24967,-1.58498,0.807682,0.000398718,347.3,0
3.60475,1.23067,-1.61378,0.814342,0.000340932,341.402,0
3.61127,1.22027,-1.59776,0.848513,0.000309238,337.906,0
3.61781,1.21382,-1.58182,0.857853,0.0002892,335.513,0
3.62432,1.20424,-1.62327,0.878427,0.000259779,332.266,0
3.63085,1.20444,-1.61574,0.853724,0.000259784,331.725,0
3.63734,1.22473,-1.61632,0.895291,0.000320089,336.71,0
3.64385,1.24294,-1.62551,0.878766,0.000374034,341.108,0
3.65035,1.20001,-1.62904,0.879335,0.00024451,328.737,0
3.65687,1.24361,-1.63251,0.840396,0.000374441,340.075,0
3.6634,1.25451,-1.59225,0.879088,0.000406072,342.445,0
3.66995,1.28477,-1.62554,0.885167,0.000495485,350.078,0
3.67644,1.24435,-1.66087,0.871112,0.000373032,338.467,0
3.68297,1.21941,-1.67241,0.877701,0.000297571,331.093,0
3.68945,1.21415,-1.64211,0.886246,0.0002812,329.086,0
3.69599,1.24027,-1.63108,0.916249,0.000358716,335.572,0
3.70248,1.27309,-1.60982,0.93805,0.000456006,343.847,0
3.709,1.27601,-1.61827,0.968326,0.000463695,344.032,0
3.7155,1.29741,-1.63706,0.942732,0.000526577,349.188,0
3.72204,1.29619,-1.64497,0.93201,0.000521651,348.248,0
3.72853,1.339,-1.6718,0.912078,0.000647755,359.123,0
3.73503,1.37566,-1.66503,0.915722,0.00075517,368.313,0
3.74154,1.39561,-1.66542,0.904121,0.000812229,373.004,0
3.74798,1.36664,-1.68133,0.913864,0.000722747,364.634,0
3.75449,1.31703,-1.69305,0.893255,0.000572107,350.789,0
3.76097,1.30716,-1.73732,0.930801,0.000540554,347.56,0
3.76747,1.27902,-1.74189,0.965166,0.000454795,339.491,0
3.77389,1.25585,-1.80576,0.977239,0.000384414,332.772,0
3.78042,1.2764,-1.809,1.00119,0.000444817,337.634,0
3.78694,1.27496,-1.83189,0.962089,0.000439181,336.673,0
3.79347,1.24758,-1.89117,0.988432,0.000356167,328.876,0
3.80001,1.25536,-1.89066,0.935333,0.000378649,330.357,0
3.80652,1.26798,-1.89121,0.94814,0.000415163,333.107,0
3.81302,1.28437,-1.89511,0.947776,0.000463145,336.836,0
3.81953,1.24749,-1.89574,0.936596,0.000351499,326.607,0
3.82602,1.27331,-1.90321,0.931539,0.000427839,332.801,0
3.83249,1.30852,-1.89614,0.919983,0.00053199,341.428,0
3.83901,1.36435,-1.90536,0.932851,0.000697639,355.392,0
3.84553,1.35449,-1.91978,0.980645,0.000666139,352.224,0
3.85202,1.33342,-1.95826,0.973645,0.000600893,346.162,0
3.85853,1.37602,-1.92605,0.936278,0.000726054,356.619,0
3.86505,1.36291,-1.93037,0.987714,0.000684209,352.623,0
3.87154,1.34651,-1.92686,1.02977,0.000633113,347.797,0
3.87806,1.3846,-1.91624,1.00953,0.000744835,357.034,0
3.88457,1.39162,-1.87457,0.953251,0.000762967,358.243,0
3.89108,1.39055,-1.85393,0.98246,0.000757269,357.368,0
3.89763,1.38553,-1.85368,1.00007,0.000739749,355.481,0
3.90411,1.43292,-1.88349,0.995271,0.00087932,367.028,0
3.91065,1.45815,-1.90846,1.02856,0.000950779,372.866,0
3.91714,1.44093,-1.95423,1.06743,0.000894963,367.853,0
3.92366,1.48502,-2.00798,1.10022,0.00102279,378.478,0
3.93021,1.46753,-2.01571,1.05358,0.000966392,373.397,0
3.93669,1.52957,-2.03432,1.05066,0.00114834,388.542,0
3.94326,1.54345,-2.09779,1.10808,0.00118494,391.414,0
3.94979,1.60862,-2.08043,1.0927,0.0013736,407.267,0
3.95632,1.61093,-2.06949,1.09693,0.00137405,407.178,0
3.9628,1.62174,-2.09263,1.14529,0.00140013,409.242,0
3.96928,1.61634,-2.1222,1.18706,0.00137814,407.214,0
3.97581,1.58234,-2.06915,1.18506,0.00126958,397.992,0
3.98232,1.63676,-2.00365,1.18677,0.00142626,411.007,0
3.98884,1.58582,-1.98871,1.1976,0.00126793,397.566,0
3.99536,1.58105,-1.98627,1.16311,0.0012481,395.721,0
4.00188,1.59934,-1.91282,1.19058,0.00129813,399.648,0
4.00841,1.59337,-1.93597,1.18462,0.00127359,397.507,0
4.01495,1.53458,-1.88336,1.2284,0.00109198,382.216,0
4.02146,1.57821,-1.8142,1.27094,0.00121736,392.446,0
4.02795,1.59074,-1.81482,1.24613,0.00124943,394.925,0
4.03444,1.58974,-1.84162,1.25342,0.00124014,394.043,0
4.04096,1.58066,-1.75558,1.30003,0.00120775,391.16,0
4.04749,1.60532,-1.77943,1.26748,0.0012759,396.62,0
4.05396,1.5767,-1.74836,1.30251,0.00118475,388.928,0
4.0604,1.51632,-1.72903,1.3475,0.000999333,373.44,0
4.06691,1.54396,-1.70664,1.3374,0.00107817,379.641,0
4.07343,1.61487,-1.68979,1.30913,0.00128503,396.44,0
4.07989,1.63716,-1.65844,1.2956,0.00134569,401.277,0
4.0864,1.64437,-1.64817,1.23666,0.00136033,402.401,0
4.09293,1.67578,-1.57747,1.1817,0.00144767,409.432,0
4.09944,1.65154,-1.57725,1.18878,0.00136872,402.869,0
4.10598,1.71514,-1.55369,1.21319,0.00155185,417.717,0
4.11253,1.76965,-1.52362,1.16896,0.00170565,430.307,0
4.11903,1.71915,-1.60245,1.15672,0.00154529,417.367,0
4.12551,1.73242,-1.59076,1.11453,0.0015771,419.928,0
4.13203,1.68653,-1.59092,1.16708,0.00143282,408.161,0
4.13854,1.65837,-1.5856,1.16712,0.00134186,400.712,0
4.14504,1.74538,-1.56079,1.14592,0.00159614,421.076,0
4.15151,1.79345,-1.62997,1.16519,0.001731,431.999,0
4.15801,1.77096,-1.59546,1.20077,0.00165518,425.915,0
4.16451,1.78213,-1.64269,1.20614,0.00168006,427.934,0
4.17104,1.75137,-1.7116,1.21471,0.00157977,419.887,0
4.17751,1.82039,-1.66121,1.18471,0.00177792,435.76,0
4.18401,1.80296,-1.6605,1.17529,0.00171537,430.916,0
4.19056,1.79726,-1.65138,1.1527,0.00168916,428.884,0
4.19706,1.7764,-1.68049,1.17959,0.00161809,423.248,0
4.20359,1.87407,-1.70897,1.11642,0.0019002,445.828,0
4.21009,1.99018,-1.73362,1.21261,0.0022363,472.717,0
4.21658,1.97585,-1.69175,1.26091,0.00217976,468.591,0
4.22306,1.97481,-1.67322,1.27011,0.00216444,467.625,0
4.22953,1.99293,-1.72771,1.29188,0.00220505,471.194,0
4.23607,2.05386,-1.73428,1.22425,0.00237362,484.849,0
4.24263,2.00943,-1.71983,1.16408,0.00222595,473.627,0
4.24915,2.02598,-1.72027,1.22304,0.00226132,476.797,0
4.25562,2.01295,-1.69012,1.22983,0.00220982,473.01,0
4.26209,1.96184,-1.67803,1.26061,0.00204333,460.301,0
4.26859,1.99895,-1.63522,1.28351,0.00214185,468.294,0
4.27511,1.96719,-1.59117,1.26618,0.00203438,460.149,0
4.2816,1.97287,-1.61148,1.2718,0.00203914,460.779,0
4.28813,1.92364,-1.58106,1.34106,0.00188009,448.596,0
4.29458,1.91611,-1.58557,1.37701,0.00184876,446.169,0
4.3011,1.87154,-1.59836,1.40083,0.00170647,435.131,0
4.30759,1.84102,-1.60027,1.4162,0.0016066,427.389,0
4.31405,1.88867,-1.60265,1.31994,0.00174012,437.795,0
4.32057,1.94739,-1.67325,1.28544,0.00190608,450.725,0
4.32707,1.98827,-1.73751,1.35126,0.00201738,459.495,0
4.33359,2.03101,-1.72734,1.37032,0.00213479,468.668,0
4.34014,2.07234,-1.72745,1.45006,0.00224491,477.481,0
4.34659,1.97687,-1.70626,1.43692,0.00194582,454.808,0
4.35311,1.97715,-1.66632,1.42364,0.00193558,454.191,0
4.35961,1.96565,-1.65056,1.46748,0.0018913,450.877,0
4.36615,1.97774,-1.64561,1.40405,0.0019159,452.972,0
4.37261,1.97039,-1.67828,1.36266,0.00188393,450.622,0
4.37915,2.03648,-1.65755,1.34618,0.00207109,465.042,0
4.38566,1.9671,-1.54501,1.33905,0.0018506,448.53,0
4.39223,2.02873,-1.48702,1.32671,0.00202555,461.891,0
4.39874,2.0805,-1.34345,1.3134,0.00216719,472.978,0
4.40524,2.08429,-1.37134,1.29792,0.00216381,473.139,0
4.41175,2.08622,-1.41488,1.24146,0.00215747,472.879,0
4.41828,2.18492,-1.33621,1.28394,0.00243843,494.518,0
4.42479,2.26549,-1.21231,1.23623,0.00266285,512,0
4.43133,2.34976,-1.14143,1.22508,0.0028944,530.262,0
4.43783,2.31677,-1.12774,1.27856,0.00277681,522.05,0
4.4443,2.37931,-1.09063,1.25526,0.00294438,535.361,0
4.45081,2.32277,-1.11902,1.24499,0.00275302,521.876,0
4.45733,2.25368,-1.08716,1.2517,0.00252699,505.612,0
4.46386,2.24185,-1.077,1.21298,0.0024754,502.223,0
4.47036,2.20493,-1.06098,1.25289,0.00234978,493.233,0
4.47689,2.29196,-1.09264,1.27725,0.00259522,511.955,0
4.48342,2.26052,-1.09115,1.33021,0.00248323,504.196,0
4.48991,2.23553,-1.07679,1.25956,0.00239161,497.901,0
4.49643,2.25424,-1.07268,1.22223,0.00243123,501.339,0
4.50289,2.33281,-1.00645,1.23946,0.00264962,518.07,0
4.5094,2.3619,-1.02704,1.18716,0.00271904,523.772,0
4.51589,2.38676,-1.07599,1.14651,0.0027752,528.525,0
4.52239,2.49014,-1.12357,1.17252,0.00306611,550.626,0
4.52892,2.56449,-1.19353,1.22966,0.00326282,566.247,0
4.53546,2.54611,-1.14212,1.25558,0.00318305,561.378,0
4.54204,2.60331,-1.15578,1.15217,0.00333145,573.16,0
4.54856,2.69211,-1.14933,1.18154,0.00357091,591.86,0
4.55504,2.77416,-1.24291,1.19087,0.00378745,609.032,0
4.56151,2.79737,-1.26459,1.17517,0.00382686,613.256,0
4.56803,2.8217,-1.24548,1.09147,0.00386988,617.706,0
4.57453,2.81899,-1.23102,0.972726,0.00382468,616.236,0
4.58104,2.87207,-1.26617,0.956009,0.00395481,626.947,0
4.58755,2.96557,-1.31498,0.9036,0.00419926,646.438,0
4.5941,3.00803,-1.28145,0.926815,0.00429179,654.76,0
4.60063,2.9538,-1.34303,0.903708,0.0040949,642.042,0
4.60714,3.01314,-1.30769,0.845326,0.0042349,654.015,0
4.61362,2.99218,-1.33718,0.854354,0.0041341,648.553,0
4.62009,3.09246,-1.35306,0.852287,0.00440139,669.351,0
4.62658,3.11432,-1.37004,0.806568,0.00443128,673.137,0
4.63313,3.06818,-1.46011,0.808643,0.00425662,662.226,0
4.63967,3.08571,-1.47129,0.881848,0.00427383,665.07,0
4.64618,3.10437,-1.37798,0.83682,0.00429626,668.156,0
4.65271,3.09275,-1.33202,0.792132,0.00422538,664.72,0
4.65921,3.06244,-1.29849,0.779172,0.00409975,657.288,0
4.66567,3.12469,-1.29321,0.846902,0.00424963,669.72,0
4.67218,3.06552,-1.1979,0.876945,0.0040351,656.121,0
4.6787,3.08627,-1.19252,0.79595,0.00406693,659.643,0
4.68518,3.12679,-1.20223,0.709356,0.00415421,667.378,0
4.69165,3.1063,-1.27301,0.651501,0.00405736,662.09,0
4.69821,3.09946,-1.27059,0.598785,0.00400404,659.71,0
4.70471,3.1438,-1.34779,0.578153,0.00410553,668.223,0
4.71124,3.04233,-1.28571,0.641913,0.00377182,645.76,0
4.71775,3.0462,-1.25557,0.712514,0.00375196,645.69,0
4.72425,3.11526,-1.20922,0.78604,0.00393022,659.42,0
4.73076,3.14926,-1.23865,0.810721,0.00400062,665.7,0
4.73723,3.18574,-1.1003,0.787201,0.00407458,672.491,0
4.74379,3.26849,-1.11218,0.782293,0.00428815,689.004,0
4.75027,3.34858,-1.06011,0.806625,0.0044919,704.926,0
4.75677,3.34605,-1.05678,0.921339,0.00444808,703.429,0
4.76329,3.28297,-1.08821,0.929567,0.00421883,689.222,0
4.76981,3.32549,-1.18756,0.862567,0.00430872,697.195,0
4.77632,3.35671,-1.12201,0.801477,0.00436546,702.782,0
4.78285,3.37287,-1.10225,0.770006,0.0043747,705.201,0
4.78939,3.42154,-1.08553,0.707779,0.00448459,714.399,0
4.79588,3.39304,-1.10384,0.765943,0.00436343,707.492,0
4.80239,3.43913,-1.09653,0.878611,0.00446281,716.128,0
4.80885,3.46718,-1.13253,0.754973,0.00450961,721,0
4.81535,3.51895,-1.17131,0.779277,0.00462107,730.778,0
4.82184,3.50559,-1.14922,0.725919,0.00453706,727.023,0
4.82832,3.50754,-1.26855,0.651363,0.00450194,726.452,0
4.83485,3.52169,-1.18619,0.711814,0.00450556,728.397,0
4.84131,3.50113,-1.30306,0.701967,0.00440444,723.178,0
4.8478,3.41247,-1.16894,0.646388,0.00410414,703.922,0
4.8543,3.45921,-1.17505,0.660745,0.0042035,712.607,0
4.86084,3.51115,-1.10775,0.730334,0.0043242,722.333,0
4.86735,3.529,-1.15252,0.719832,0.00434371,725.035,0
4.87382,3.61365,-1.10583,0.633808,0.00455719,741.441,0
4.88032,3.65342,-1.23611,0.624767,0.0046372,748.603,0
4.88682,3.6709,-1.27121,0.592391,0.00464998,751.184,0
4.8933,3.64937,-1.20534,0.557109,0.00455099,745.789,0
4.89978,3.6766,-1.21222,0.569385,0.00459176,750.36,0
4.9063,3.55694,-1.21476,0.64694,0.00419558,724.975,0
4.91286,3.49184,-1.25943,0.646776,0.00396507,710.755,0
4.9194,3.57478,-1.2527,0.700517,0.00418052,726.669,0
4.9259,3.49394,-1.25787,0.749765,0.0039075,709.3,0
4.9324,3.46463,-1.43696,0.789363,0.00378694,702.424,0
4.93893,3.51996,-1.40949,0.835364,0.00391834,712.698,0
4.94546,3.49975,-1.38647,0.839226,0.00382943,707.67,0
4.95199,3.47724,-1.39077,0.8615,0.00373223,702.19,0
4.95853,3.4497,-1.41617,0.946156,0.00361799,695.711,0
4.96503,3.53807,-1.41279,0.906878,0.00385459,712.597,0
4.97152,3.55849,-1.44209,0.845538,0.00388038,715.775,0
4.97804,3.65333,-1.44391,0.85345,0.00413124,733.891,0
4.98455,3.66064,-1.46872,0.820574,0.00411609,734.398,0
4.99105,3.67847,-1.43194,0.896154,0.0041363,737.012,0
4.99755,3.66634,-1.393,0.955053,0.00406892,733.627,0
5.00406,3.68769,-1.43523,0.954186,0.00409589,736.939,0
5.01056,3.71785,-1.47532,0.987967,0.00415238,742.003,0
5.01709,3.70993,-1.54975,0.956287,0.0040925,739.459,0
5.02361,3.74604,-1.54867,1.00675,0.00416777,745.687,0
5.03007,3.71111,-1.4382,1.0252,0.00402896,737.783,0
5.03659,3.72252,-1.37379,0.960091,0.00403143,739.095,0
5.04311,3.81908,-1.43143,0.899731,0.00428438,757.285,0
5.04961,3.79718,-1.57389,0.880759,0.00417973,751.974,0
5.05613,3.78053,-1.6067,0.874261,0.00409912,747.713,0
5.06266,3.84324,-1.63538,0.942343,0.00425,759.136,0
5.06916,3.82024,-1.68528,0.918568,0.00414695,753.623,0
5.07565,3.84663,-1.70827,0.956406,0.00418856,757.86,0
5.08217,3.88508,-1.73833,0.923286,0.00426715,764.452,0
5.08868,3.87125,-1.82834,0.872029,0.00418992,760.759,0
5.09518,3.78849,-1.80864,0.901014,0.00390395,743.543,0
5.10168,3.77033,-1.7902,0.828498,0.0038149,739.037,0
5.10819,3.84663,-1.80682,0.856797,0.00401372,753.032,0
5.11471,3.75862,-1.82768,0.843146,0.00372023,734.866,0
5.12115,3.7026,-1.79369,0.809595,0.00352429,723.003,0
5.12766,3.74087,-1.81481,0.719053,0.00360779,729.546,0
5.13415,3.7252,-1.85617,0.716773,0.00353021,725.573,0
5.14064,3.74694,-1.79024,0.73129,0.00356571,728.885,0
5.14718,3.72322,-1.75419,0.780879,0.00346751,723.352,0
5.15369,3.78371,-1.7388,0.800991,0.00362062,734.174,0
5.1602,3.79333,-1.76325,0.851563,0.00361817,735.112,0
5.16674,3.79229,-1.80802,0.850334,0.00358668,733.982,0
5.17325,3.77326,-1.88449,0.887537,0.00350128,729.38,0
5.17977,3.81832,-1.95395,0.900014,0.00361252,737.16,0
5.18631,3.88956,-1.93587,0.884476,0.00379759,749.967,0
5.19282,3.88038,-1.92347,0.906827,0.00374112,747.258,0
5.19933,4.01093,-1.9774,0.921535,0.0041041,771.432,0
5.20586,3.99182,-2.03008,1.00413,0.00401044,766.794,0
5.21233,3.98481,-1.9928,0.916025,0.00396003,764.497,0
5.21884,4.07508,-2.09722,0.880953,0.00419866,780.841,0
5.22535,4.11647,-2.09916,0.971328,0.00429086,787.788,0
5.23183,3.9894,-2.14021,1.0235,0.00387769,762.524,0
5.23832,4.01552,-2.20307,1.07188,0.00392502,766.567,0
5.24488,3.93504,-2.18997,1.0893,0.00365393,750.263,0
5.25142,3.86679,-2.26954,1.15379,0.00342375,736.332,0
5.25792,3.89132,-2.23113,1.17185,0.00347115,740.087,0
5.26443,3.90905,-2.20039,1.18694,0.00349743,742.539,0
5.27094,3.861,-2.16929,1.19276,0.0033281,732.507,0
5.27746,3.83628,-2.21144,1.21764,0.00323188,726.918,0
5.28396,3.87125,-2.22283,1.19575,0.00331007,732.643,0
5.29047,3.82488,-2.2486,1.2145,0.00314369,722.976,0
5.29698,3.76436,-2.28338,1.26617,0.00294101,710.661,0
5.30347,3.67447,-2.21983,1.2646,0.00265281,692.843,0
5.30999,3.64578,-2.1765,1.24313,0.00254995,686.59,0
5.31645,3.59105,-2.16388,1.20741,0.0023704,675.46,0
5.32296,3.59232,-2.15645,1.16663,0.00236088,674.873,0
5.32946,3.58074,-2.16135,1.14802,0.00231117,671.876,0
5.33599,3.52579,-2.23022,1.17008,0.00213251,660.757,0
5.34254,3.48687,-2.19945,1.14373,0.00200441,652.661,0
5.34909,3.54514,-2.1961,1.11891,0.00216519,662.756,0
5.35557,3.53309,-2.21233,1.15084,0.00211767,659.704,0
5.36206,3.58939,-2.2487,1.06261,0.00227462,669.404,0
5.3686,3.60187,-2.26993,1.00911,0.00229948,670.914,0
5.37509,3.55407,-2.22358,0.996931,0.00214362,661.212,0
5.38161,3.53848,-2.23485,1.1008,0.00208559,657.513,0
5.38811,3.53076,-2.30149,1.01427,0.0020513,655.288,0
5.39464,3.59869,-2.34341,1.07667,0.00224228,667.086,0
5.40117,3.62026,-2.42054,1.04332,0.00229126,670.273,0
5.40774,3.53475,-2.37682,1.00689,0.00202202,653.647,0
5.41417,3.5568,-2.36216,0.929075,0.00207725,656.943,0
5.42065,3.55786,-2.47541,0.98574,0.0020677,656.352,0
5.42716,3.52396,-2.41095,1.00254,0.00195595,649.319,0
5.43368,3.50147,-2.39996,1.06048,0.00187971,644.4,0
5.4402,3.52838,-2.30924,1.05611,0.00194901,648.575,0
5.44667,3.53507,-2.37269,1.08657,0.00195695,649.032,0
5.45319,3.51342,-2.37621,1.1256,0.00188019,644.288,0
5.45967,3.47872,-2.46547,1.08297,0.00176785,637.167,0
5.46617,3.45966,-2.44128,1.02631,0.00170242,632.922,0
5.47268,3.40269,-2.39164,1.04833,0.00152386,621.759,0
5.47917,3.38859,-2.42961,1.03352,0.00147461,618.451,0
5.48567,3.38904,-2.41608,1.01837,0.00146928,617.799,0
5.49219,3.46399,-2.42584,0.997478,0.00168549,630.711,0
5.49874,3.54301,-2.40201,0.999274,0.00191317,644.331,0
5.50524,3.50978,-2.38564,0.958943,0.00180245,637.535,0
5.51172,3.44119,-2.44082,0.963558,0.00158657,624.34,0
5.51821,3.47284,-2.40114,1.02462,0.00167346,629.341,0
5.52471,3.53971,-2.44736,0.960022,0.00186425,640.706,0
5.53118,3.63232,-2.41314,0.935531,0.00212959,656.698,0
5.53771,3.57276,-2.40717,0.895628,0.00193877,645.169,0
5.54421,3.55051,-2.40849,0.882291,0.00186083,640.399,0
5.5507,3.58562,-2.50722,0.841239,0.00195468,645.977,0
5.55721,3.58422,-2.55189,0.777253,0.00193986,644.967,0
5.56379,3.56698,-2.49825,0.763429,0.00187787,641.106,0
5.5703,3.59477,-2.51623,0.821297,0.00195038,645.346,0
5.57682,3.63019,-2.49916,0.773106,0.00204455,650.943,0
5.58334,3.52353,-2.45056,0.723425,0.00171295,631.08,0
5.58983,3.48406,-2.43988,0.708871,0.00158683,623.285,0
5.59635,3.45327,-2.40593,0.756955,0.00148635,617.057,0
5.60289,3.46963,-2.33599,0.832296,0.00152701,619.257,0
5.60941,3.48463,-2.32486,0.85423,0.00156406,621.212,0
5.61595,3.5397,-2.31901,0.945471,0.00171908,630.295,0
5.62247,3.59179,-2.31056,0.972577,0.00186447,638.828,0
5.62897,3.53843,-2.29767,0.944333,0.00169375,628.611,0
5.6355,3.51869,-2.25706,0.909298,0.00162695,624.379,0
5.64197,3.52704,-2.23823,0.900729,0.00164301,625.143,0
5.64849,3.49911,-2.18913,0.830003,0.00155239,619.477,0
5.655,3.50991,-2.14969,0.794015,0.0015752,620.674,0
5.66147,3.49768,-2.16258,0.724096,0.0015317,617.803,0
5.668,3.49182,-2.25573,0.746924,0.00150744,616.058,0
5.67455,3.48097,-2.25376,0.7672,0.00146688,613.435,0
5.68108,3.43523,-2.26368,0.797986,0.00132333,604.68,0
5.68756,3.49317,-2.27887,0.763992,0.00148968,614.177,0
5.69406,3.46765,-2.22601,0.776507,0.00140511,608.993,0
5.70053,3.46198,-2.17937,0.827668,0.00138238,607.308,0
5.70705,3.49521,-2.19098,0.823786,0.001475,612.436,0
5.71357,3.40574,-2.18051,0.835946,0.00120228,596.079,0
5.72011,3.35468,-2.17579,0.784848,0.00104408,586.471,0
5.7266,3.40426,-2.19093,0.789406,0.00118775,594.464,0
5.73317,3.47451,-2.22648,0.764782,0.00139187,606.037,0
5.73966,3.49973,-2.19386,0.719865,0.00146094,609.745,0
5.74618,3.48037,-2.20825,0.723901,0.00139504,605.684,0
5.75268,3.47644,-2.14025,0.736624,0.00137728,604.317,0
5.75919,3.4363,-2.15008,0.827818,0.00125014,596.665,0
5.76569,3.49393,-2.15513,0.902268,0.00141614,605.986,0
5.77218,3.46892,-2.18468,0.916037,0.00133479,600.973,0
5.77873,3.46826,-2.15401,0.972035,0.00132649,600.178,0
5.78524,3.42841,-2.15047,0.974883,0.00120075,592.613,0
5.79176,3.4373,-2.14427,0.936055,0.00122161,593.48,0
5.79826,3.45834,-2.09843,0.980055,0.00127867,596.444,0
5.80476,3.48398,-2.11507,0.974051,0.00135007,600.194,0
5.81128,3.44516,-2.03044,0.999446,0.00122817,592.841,0
5.81781,3.40561,-2.09309,0.971799,0.00110485,585.376,0
5.82429,3.45772,-2.17561,0.949013,0.00125556,593.673,0
5.8308,3.46362,-2.15851,0.934976,0.00126723,594.021,0
5.83727,3.46567,-2.10801,0.92236,0.00126777,593.713,0
5.84378,3.44629,-2.08949,0.926555,0.0012041,589.737,0
5.85031,3.47428,-2.07301,0.979332,0.00128158,593.862,0
5.85676,3.44104,-2.02672,1.02782,0.00117606,587.533,0
5.86321,3.44703,-2.01039,1.0251,0.00118759,587.908,0
5.86973,3.43758,-2.00219,1.03327,0.00115414,585.646,0
5.87626,3.44395,-1.97698,0.9904,0.00116821,586.078,0
5.88277,3.46869,-1.93841,1.00715,0.00123734,589.636,0
5.88925,3.50577,-1.92236,1.0393,0.00134325,595.284,0
5.89575,3.561,-1.9511,1.03969,0.00150125,603.995,0
5.90227,3.58406,-1.98187,0.990793,0.00156301,607.234,0
5.90878,3.60158,-1.95523,1.02246,0.00160773,609.53,0
5.91527,3.52737,-1.95291,0.999661,0.00137922,596.315,0
5.92182,3.46938,-1.89651,1.0432,0.00119976,585.864,0
5.92832,3.47699,-1.89562,1.07383,0.00121764,586.505,0
5.93486,3.47837,-1.86007,1.03994,0.0012162,586.091,0
5.94137,3.44476,-1.83555,1.09631,0.00111129,579.793,0
5.94789,3.52361,-1.82251,1.08251,0.00134137,592.414,0
5.95442,3.46875,-1.78875,1.11089,0.00117177,582.55,0
5.96095,3.4458,-1.74982,1.10405,0.00109672,578.063,0
5.96749,3.42024,-1.76524,1.0871,0.00101521,573.146,0
5.97404,3.37662,-1.78864,1.15375,0.000881153,565.215,0
5.98054,3.39208,-1.77414,1.18796,0.000924158,567.186,0
5.98703,3.30095,-1.82221,1.20116,0.000649059,551.35,0
5.99349,3.25141,-1.87369,1.23048,0.000499161,542.49,0
5.99997,3.1933,-1.90071,1.24518,0.000324221,532.22,0
6.00646,3.17362,-1.90384,1.23893,0.00026444,528.367,0
6.01294,3.1592,-1.93008,1.20273,0.000220601,525.4,0
6.01943,3.12015,-1.95472,1.20331,0.000103371,518.347,0
6.02595,3.12354,-1.9195,1.2126,0.000113377,518.347,0
6.03242,3.15015,-1.89071,1.21336,0.000192878,522.202,0
6.03896,3.13666,-1.89838,1.21259,0.000152028,519.403,0
6.04548,3.11507,-1.88927,1.21306,8.70945e-05,515.272,0
6.05196,3.09779,-1.906,1.22728,3.52668e-05,511.866,0
6.05846,3.09372,-1.90875,1.23326,2.30393e-05,510.644,0
6.06501,3.09881,-1.90782,1.25219,3.8274e-05,510.933,0
6.07148,3.11846,-1.89444,1.26372,9.70841e-05,513.625,0
6.07803,3.14713,-1.86458,1.24714,0.000182794,517.788,0
6.08452,3.15608,-1.8359,1.24347,0.000209189,518.707,0
6.09109,3.15998,-1.78212,1.22821,0.000220499,518.787,0
6.09763,3.13367,-1.78302,1.24329,0.000141355,513.916,0
6.10411,3.13974,-1.77925,1.24748,0.00015936,514.364,0
6.11062,3.16012,-1.78279,1.21496,0.000220061,517.153,0
6.11713,3.20742,-1.77712,1.21024,0.000361039,524.334,0
6.12364,3.22914,-1.76532,1.15889,0.000424943,527.323,0
6.13014,3.21588,-1.75806,1.12844,0.000384203,524.602,0
6.13665,3.22422,-1.74126,1.10649,0.000408117,525.403,0
6.14322,3.23306,-1.76598,1.13294,0.000433457,526.281,0
6.14973,3.21686,-1.78992,1.13856,0.000383788,523.089,0
6.15625,3.21745,-1.77444,1.08011,0.000384683,522.632,0
6.16274,3.23635,-1.75811,1.05379,0.000440039,525.147,0
6.16925,3.24956,-1.73339,1.07945,0.000478376,526.736,0
6.1757,3.27285,-1.69244,1.07184,0.000546513,529.957,0
6.18218,3.24736,-1.67013,0.99578,0.000468499,525.277,0
6.18865,3.24713,-1.64789,0.977279,0.000466619,524.691,0
6.19519,3.29785,-1.66783,0.988877,0.000616705,532.324,0
6.20165,3.29413,-1.64844,0.952361,0.000603177,531.17,0
6.20815,3.32346,-1.61827,0.969999,0.00068903,535.338,0
6.21468,3.36739,-1.64787,0.955198,0.000817721,541.844,0
6.22121,3.37598,-1.64907,0.969379,0.000840633,542.657,0
6.22768,3.38991,-1.71072,0.920874,0.0008793,544.329,0
6.23417,3.36056,-1.71999,0.932911,0.0007879,539.055,0
6.2406,3.31936,-1.78845,0.926391,0.000662114,531.897,0
6.24711,3.25338,-1.77549,0.944065,0.000462664,520.782,0
6.25358,3.2311,-1.80488,0.924106,0.00039507,516.68,0
6.26014,3.23084,-1.81259,0.888989,0.00039346,516.097,0
6.26667,3.24272,-1.82468,0.880375,0.000427888,517.456,0
6.27318,3.22327,-1.82037,0.902272,0.000368181,513.818,0
6.27971,3.22037,-1.79287,0.860157,0.000358497,512.821,0
6.28618,3.1913,-1.76975,0.864329,0.000270782,507.67,0
6.29271,3.20726,-1.77053,0.839954,0.000317977,509.679,0
6.2992,3.22334,-1.7625,0.841995,0.000365459,511.706,0
6.30571,3.2491,-1.78139,0.854102,0.000441872,515.264,0
6.3122,3.23103,-1.76437,0.815845,0.000386425,511.871,0
6.31868,3.21215,-1.77731,0.785033,0.000328856,508.357,0
6.3252,3.17935,-1.7513,0.769912,0.000230046,502.647,0
6.33173,3.15612,-1.76951,0.792637,0.000160112,498.461,0
6.33818,3.13814,-1.8049,0.808574,0.000106054,495.117,0
6.34468,3.14562,-1.81149,0.838555,0.000128323,495.789,0
6.35117,3.16038,-1.77313,0.844712,0.00017225,497.605,0
6.35767,3.18276,-1.75593,0.865887,0.000238924,500.617,0
6.36418,3.16624,-1.77812,0.830508,0.000189049,497.51,0
6.37071,3.16156,-1.7803,0.820456,0.000174662,496.265,0
6.37723,3.16166,-1.82359,0.812391,0.000174563,495.773,0
6.38372,3.16859,-1.81317,0.795455,0.00019498,496.354,0
6.39023,3.16363,-1.79861,0.806029,0.000179764,495.074,0
6.39672,3.15978,-1.81372,0.821162,0.000167931,493.968,0
6.40325,3.16459,-1.83803,0.800029,0.000182012,494.216,0
6.40979,3.14162,-1.85601,0.792875,0.000112879,490.129,0
6.41629,3.11964,-1.87502,0.806765,4.69285e-05,486.206,0
6.42282,3.1162,-1.88441,0.826058,3.66007e-05,485.176,0
6.42926,3.10676,-1.87195,0.821332,8.29084e-06,483.221,0
6.43577,3.10788,-1.86756,0.815462,1.16604e-05,482.908,0
6.44226,3.11729,-1.86711,0.815683,3.98194e-05,483.881,0
6.44875,3.14193,-1.85611,0.832614,0.000113577,487.216,0
6.45523,3.17208,-1.86253,0.837268,0.000203586,491.396,0
6.46176,3.19113,-1.86944,0.827911,0.000260073,493.849,0
6.46827,3.16881,-1.86698,0.827778,0.000192793,489.902,0
6.47474,3.17214,-1.86916,0.791855,0.000202454,489.926,0
6.48123,3.19612,-1.90403,0.775759,0.000273854,493.135,0
6.48772,3.22987,-1.87555,0.807164,0.000374312,497.844,0
6.49422,3.23183,-1.90613,0.776803,0.000379075,497.647,0
6.50075,3.24749,-1.88518,0.754899,0.000424934,499.557,0
6.50727,3.28601,-1.8598,0.773114,0.000538689,504.974,0
6.51377,3.32293,-1.86879,0.788432,0.000647421,510.139,0
6.52031,3.2481,-1.89296,0.76471,0.000421685,498.15,0
6.52677,3.29683,-1.90653,0.750157,0.000566616,505.124,0
6.53328,3.37423,-1.91192,0.748356,0.000795933,516.467,0
6.53978,3.38577,-1.89567,0.695971,0.00082745,517.719,0
6.54628,3.37051,-1.90713,0.676683,0.00077859,514.875,0
6.55277,3.42174,-1.97459,0.64829,0.00092879,522.181,0
6.55924,3.4232,-2.04187,0.706863,0.000928939,521.89,0
6.56573,3.43041,-2.12501,0.711732,0.000947024,522.471,0
6.57226,3.36387,-2.16589,0.674115,0.000744787,511.829,0
6.57873,3.43126,-2.14215,0.702133,0.000943422,521.568,0
6.58527,3.47145,-2.0604,0.667323,0.00105985,527.154,0
6.5918,3.50653,-2.06059,0.580415,0.00115993,531.953,0
6.59831,3.43127,-2.06547,0.541893,0.000930069,520.022,0
6.60483,3.4487,-2.03142,0.604349,0.000978078,522.148,0
6.61132,3.46912,-2.05212,0.626677,0.00103529,524.724,0
6.61779,3.50386,-2.0585,0.612214,0.00113436,529.461,0
6.62431,3.54256,-2.0311,0.609334,0.00124496,534.782,0
6.63081,3.49212,-2.07454,0.643488,0.00108833,526.65,0
6.6373,3.52251,-2.0747,0.690256,0.00117509,530.714,0
6.64384,3.58117,-2.06203,0.679122,0.00134567,539.021,0
6.65035,3.6452,-2.02579,0.73653,0.00152955,548.121,0
6.65684,3.6577,-2.02257,0.787933,0.00155924,549.465,0
6.66338,3.62994,-2.03729,0.776712,0.00146867,544.76,0
6.66992,3.6255,-2.08093,0.748332,0.00144748,543.561,0
6.6764,3.62569,-2.05535,0.752486,0.00144122,543.061,0
6.68292,3.57593,-2.04888,0.81472,0.00128521,535.084,0
6.68947,3.55839,-2.09533,0.77092,0.00122771,531.938,0
6.69596,3.54396,-2.16646,0.788363,0.00117924,529.269,0
6.70243,3.51657,-2.11201,0.744489,0.00109309,524.671,0
6.70893,3.59118,-2.15166,0.742435,0.00131148,535.283,0
6.71541,3.54113,-2.13439,0.714438,0.00115636,527.314,0
6.7219,3.48079,-2.11135,0.708905,0.000971084,517.828,0
6.7284,3.43657,-2.13704,0.734834,0.000833625,510.756,0
6.73495,3.39238,-2.14216,0.728631,0.000697723,503.697,0
6.74146,3.37117,-2.12855,0.656006,0.000632079,500.065,0
6.74798,3.32522,-2.19631,0.648726,0.00049262,492.773,0
6.75445,3.33626,-2.15213,0.638814,0.00052419,493.935,0
6.76094,3.37105,-2.11492,0.602064,0.000626401,498.606,0
6.76743,3.35684,-2.10941,0.646975,0.00058186,496.029,0
6.77396,3.354,-2.11144,0.65332,0.000571316,495.131,0
6.78046,3.34858,-2.13101,0.626203,0.000553566,493.858,0
6.78701,3.3963,-2.15707,0.623387,0.000694403,500.412,0
6.79348,3.44137,-2.16555,0.627161,0.000826485,506.57,0
6.79998,3.39245,-2.16415,0.587992,0.00067609,498.891,0
6.80646,3.38942,-2.15278,0.564592,0.000664701,497.971,0
6.81296,3.41048,-2.17572,0.566737,0.000725118,500.587,0
6.81946,3.4353,-2.14067,0.550132,0.000796832,503.749,0
6.82603,3.45557,-2.16467,0.584343,0.000854905,506.234,0
6.83254,3.42707,-2.20797,0.587244,0.000766672,501.581,0
6.83906,3.42363,-2.22586,0.557001,0.000753483,500.599,0
6.84559,3.40913,-2.26421,0.543823,0.000707507,498.003,0
6.85208,3.40456,-2.20496,0.513361,0.000691626,496.865,0
6.85861,3.42373,-2.24283,0.545677,0.000746833,499.187,0
6.86512,3.43123,-2.172,0.51559,0.000766481,499.806,0
6.87167,3.35615,-2.17641,0.517105,0.000539681,488.404,0
6.87818,3.37686,-2.2073,0.512381,0.000600054,490.953,0
6.88469,3.37894,-2.21178,0.54709,0.000604545,490.79,0
6.89121,3.39722,-2.19581,0.56412,0.000656706,492.979,0
6.89769,3.41349,-2.25681,0.568607,0.000703312,494.875,0
6.90416,3.37504,-2.29304,0.51828,0.000586072,488.841,0
6.91065,3.35228,-2.26543,0.487158,0.000516483,485.089,0
6.91716,3.37886,-2.30034,0.440715,0.000594228,488.474,0
6.92363,3.3536,-2.26281,0.439715,0.000517244,484.37,0
6.93016,3.32856,-2.23099,0.404292,0.000440743,480.301,0
6.93668,3.29367,-2.18654,0.400931,0.000335144,474.82,0
6.94315,3.30041,-2.21643,0.410494,0.000354764,475.348,0
6.94964,3.31467,-2.19595,0.466993,0.00039657,476.956,0
6.95617,3.30435,-2.16292,0.485383,0.000364903,475.024,0
6.96267,3.30995,-2.14371,0.520902,0.00038071,475.385,0
6.96915,3.30192,-2.12823,0.477516,0.000355654,473.79,0
6.97564,3.34101,-2.09442,0.511361,0.000471666,478.954,0
6.98216,3.32987,-2.10174,0.509367,0.000436946,476.911,0
6.98865,3.32292,-2.07894,0.56228,0.000414919,475.474,0
6.99518,3.31576,-2.04879,0.572463,0.000392266,474.006,0
7.00172,3.3467,-2.05159,0.624955,0.000483693,477.983,0
7.00821,3.3837,-2.04899,0.644745,0.000593059,482.819,0
7.01474,3.35133,-2.06154,0.682122,0.000494334,477.756,0
7.02127,3.32569,-2.03356,0.686033,0.000416196,473.659,0
7.02774,3.30917,-2.03228,0.694523,0.00036556,470.873,0
7.0343,3.28193,-2.036,0.702283,0.00028324,466.56,0
7.04081,3.24029,-2.06198,0.726047,0.000158184,460.216,0
7.04729,3.22714,-2.09007,0.748971,0.000118524,457.926,0
7.05381,3.22043,-2.07529,0.748499,9.82014e-05,456.552,0
7.06035,3.20926,-2.05973,0.771897,6.46354e-05,454.547,0
7.06682,3.21807,-2.05721,0.777842,9.09841e-05,455.377,0
7.07333,3.21908,-2.07002,0.778497,9.38694e-05,455.102,0
7.07984,3.20912,-2.0996,0.773131,6.38956e-05,453.275,0
7.08639,3.20479,-2.11144,0.764586,5.09087e-05,452.246,0
7.0929,3.19736,-2.12066,0.746474,2.86108e-05,450.783,0
7.0994,3.19618,-2.1265,0.731408,2.50544e-05,450.205,0
7.10592,3.1932,-2.12827,0.718365,1.60974e-05,449.372,0
7.11246,3.21272,-2.13005,0.705275,7.45329e-05,451.703,0
7.11899,3.22526,-2.12267,0.678143,0.000111977,453.05,0
7.12553,3.2092,-2.12457,0.680989,6.37543e-05,450.381,0
7.13205,3.1945,-2.13855,0.686574,1.96746e-05,447.908,0
7.13852,3.2052,-2.14519,0.677232,5.17036e-05,449,0
7.14504,3.24117,-2.14824,0.665033,0.000159316,453.624,0
7.15157,3.22791,-2.16606,0.670752,0.000119311,451.356,0
7.15805,3.2267,-2.15318,0.661049,0.000115551,450.78,0
7.1645,3.21694,-2.16046,0.658441,8.61359e-05,449.011,0
7.171,3.20529,-2.15942,0.64721,5.11899e-05,446.98,0
7.17748,3.19805,-2.14665,0.661507,2.94668e-05,445.568,0
7.18402,3.19673,-2.13299,0.672053,2.54703e-05,444.977,0
7.19051,3.21013,-2.11372,0.673353,6.55926e-05,446.439,0
7.19705,3.24272,-2.09493,0.679605,0.000163128,450.563,0
7.20359,3.2457,-2.07916,0.704148,0.000171689,450.567,0
7.21008,3.28458,-2.05027,0.683559,0.000287758,455.553,0
7.21655,3.28173,-2.04042,0.633343,0.000278673,454.751,0
7.22305,3.26777,-2.03224,0.635574,0.000236206,452.408,0
7.22952,3.27902,-2.02103,0.636486,0.000269332,453.56,0
7.23606,3.28905,-2.02436,0.633065,0.000298826,454.536,0
7.24255,3.29619,-2.03517,0.698506,0.000319439,455.115,0
7.24909,3.30858,-2.02476,0.699591,0.000355407,456.413,0
7.2556,3.31351,-2.03538,0.684469,0.000369255,456.684,0
7.26214,3.31305,-2.02333,0.729344,0.000366933,456.208,0
7.26866,3.36855,-2.04213,0.712601,0.000531826,463.434,0
7.27518,3.35121,-2.08664,0.700088,0.000478108,460.636,0
7.28168,3.37778,-2.1017,0.695056,0.000556226,463.874,0
7.28817,3.45165,-2.09433,0.689911,0.000775337,473.597,0
7.29464,3.52005,-2.05468,0.703093,0.000977187,482.552,0
7.30116,3.52489,-2.03252,0.711874,0.000987707,482.784,0
7.30764,3.56495,-1.97382,0.758777,0.00110401,487.839,0
7.31417,3.64073,-1.93659,0.773046,0.00132587,497.764,0
7.32066,3.58604,-1.97343,0.727296,0.0011574,489.851,0
7.32719,3.58923,-2.01297,0.739814,0.00116263,489.851,0
7.33371,3.65054,-2.01381,0.761512,0.00134085,497.776,0
7.3402,3.67117,-2.03446,0.78183,0.00139666,500.146,0
7.34669,3.65875,-2.07215,0.752214,0.00135229,498.013,0
7.35317,3.6289,-2.12901,0.776489,0.00125729,493.516,0
7.35966,3.57982,-2.09861,0.751095,0.00110519,486.411,0
7.36617,3.589,-2.11831,0.727574,0.00112768,487.228,0
7.37269,3.6407,-2.12862,0.737545,0.00127689,493.809,0
7.37917,3.61724,-2.04368,0.766934,0.00120167,490.196,0
7.38568,3.65083,-1.97796,0.73249,0.00129637,494.312,0
7.39216,3.66465,-1.93532,0.751683,0.00133181,495.748,0
7.39865,3.7314,-1.96027,0.785617,0.00152556,504.335,0
7.40517,3.7037,-2.00121,0.74491,0.00143413,500.151,0
7.4117,3.72798,-2.0059,0.776352,0.00149984,502.985,0
7.4182,3.72923,-2.06099,0.791817,0.00149684,502.713,0
7.42467,3.72372,-2.1067,0.864987,0.00147439,501.534,0
7.43117,3.74313,-2.11978,0.768428,0.00152494,503.706,0
7.43769,3.80377,-2.13429,0.740418,0.00169872,511.418,0
7.44419,3.77211,-2.1752,0.769076,0.00159602,506.719,0
7.45071,3.82183,-2.26117,0.761644,0.00173545,512.948,0
7.45724,3.77032,-2.24973,0.777586,0.0015725,505.592,0
7.4637,3.70182,-2.19204,0.764823,0.00136008,495.977,0
7.47025,3.6898,-2.12518,0.705396,0.00131747,493.932,0
7.47674,3.62315,-2.13555,0.665519,0.00111267,484.59,0
7.48322,3.57578,-2.17518,0.607256,0.000965523,477.84,0
7.48973,3.54949,-2.13247,0.566948,0.000883503,473.914,0
7.49624,3.57556,-2.08333,0.54389,0.000957761,476.981,0
7.50274,3.54862,-2.06282,0.506119,0.000873508,472.976,0
7.50924,3.58762,-2.08291,0.554191,0.000986866,477.761,0
7.51574,3.59719,-2.10092,0.522626,0.00101165,478.62,0
7.52222,3.6111,-2.12956,0.555706,0.00105005,480.058,0
7.52874,3.61122,-2.18296,0.578546,0.00104605,479.658,0
7.53522,3.63519,-2.20284,0.564706,0.0011135,482.427,0
7.54175,3.65865,-2.20492,0.522679,0.00117923,485.119,0
7.54826,3.69652,-2.23023,0.482354,0.00128654,489.718,0
7.55477,3.64947,-2.16042,0.528418,0.00113986,483.068,0
7.56127,3.69164,-2.15599,0.578354,0.00126176,488.231,0
7.56775,3.67616,-2.17377,0.632741,0.00121014,485.766,0
7.57427,3.67292,-2.19178,0.656011,0.00119433,484.921,0
7.58075,3.61035,-2.18138,0.659971,0.00100172,476.253,0
7.58724,3.57923,-2.16829,0.673211,0.000904551,471.743,0
7.59379,3.55631,-2.12735,0.727016,0.000832925,468.319,0
7.6003,3.57783,-2.12044,0.695501,0.000893546,470.748,0
7.60683,3.56069,-2.12298,0.694223,0.00083875,468.09,0
7.61335,3.58344,-2.15114,0.733152,0.000903144,470.679,0
7.61983,3.66029,-2.17026,0.73582,0.00112954,480.363,0
7.62633,3.66536,-2.27187,0.773112,0.00113905,480.619,0
7.63279,3.70857,-2.30322,0.710224,0.00126362,485.874,0
7.63932,3.74017,-2.2593,0.71108,0.00135104,489.594,0
7.64577,3.75764,-2.2622,0.629288,0.0013966,491.467,0
7.65225,3.79509,-2.25022,0.548248,0.00150229,495.945,0
7.65875,3.77838,-2.26583,0.504041,0.00144434,493.341,0
7.66524,3.79401,-2.28697,0.486365,0.00148372,494.963,0
7.6717,3.78625,-2.32157,0.490522,0.00145316,493.535,0
7.67821,3.82654,-2.27983,0.487249,0.00156562,498.364,0
7.68469,3.78573,-2.31579,0.529849,0.00143549,492.633,0
7.69117,3.7028,-2.38315,0.544267,0.0011811,481.434,0
7.69767,3.78359,-2.37383,0.581902,0.00141749,491.524,0
7.7042,3.86262,-2.40557,0.526575,0.00164658,501.365,0
7.71071,3.87163,-2.3993,0.560394,0.00166476,502.11,0
7.71716,3.85787,-2.38326,0.57028,0.00161393,499.908,0
7.72367,3.87547,-2.38321,0.590327,0.00165954,501.766,0
7.73024,3.84766,-2.34144,0.623032,0.00156776,497.742,0
7.73678,3.84233,-2.38654,0.610301,0.0015438,496.632,0
7.74327,3.9093,-2.36107,0.600078,0.00173502,504.864,0
7.74977,3.90896,-2.33049,0.568187,0.00172513,504.397,0
7.75622,3.89971,-2.39131,0.558339,0.00168687,502.785,0
7.76277,3.89047,-2.42459,0.554791,0.00164999,501.17,0
7.76932,3.91588,-2.42429,0.593136,0.00171859,504.019,0
7.77586,3.8646,-2.34164,0.606945,0.00155686,496.999,0
7.78236,3.88245,-2.40424,0.598894,0.00160188,498.878,0
7.78884,3.85124,-2.42953,0.601443,0.00150108,494.456,0
7.79534,3.87786,-2.46202,0.60545,0.00157365,497.458,0
7.80186,3.94419,-2.48264,0.607924,0.00176385,505.545,0
7.80832,3.9645,-2.5419,0.669845,0.00181573,507.728,0
7.81483,3.96298,-2.61357,0.666248,0.00180145,507.11,0
7.82135,3.98144,-2.62918,0.637278,0.00184568,509.048,0
7.82782,3.96212,-2.65112,0.546073,0.00177698,506.159,0
7.83431,4.03861,-2.72505,0.491191,0.00199594,515.504,0
7.84087,4.12907,-2.66994,0.47494,0.00225528,526.609,0
7.84736,4.1185,-2.66531,0.481374,0.00220959,524.827,0
7.85384,4.12756,-2.66591,0.503728,0.00222307,525.547,0
7.86033,4.07868,-2.68605,0.504919,0.0020629,518.895,0
7.86683,4.12843,-2.6407,0.582256,0.00220008,524.79,0
7.87331,4.15517,-2.55806,0.610504,0.00226546,527.754,0
7.87982,4.11834,-2.46353,0.615403,0.00214151,522.644,0
7.88633,4.12118,-2.43746,0.684929,0.00213663,522.572,0
7.89285,4.0959,-2.45933,0.70683,0.00204833,518.939,0
7.89933,4.06115,-2.43738,0.71226,0.00193247,514.113,0
7.90584,4.07141,-2.46841,0.660792,0.00195207,514.987,0
7.91239,4.1091,-2.4179,0.626442,0.00205424,519.325,0
7.91894,4.01938,-2.43097,0.563728,0.00177428,507.566,0
7.92547,3.99949,-2.42607,0.529593,0.0017056,504.638,0
7.932,4.0518,-2.42911,0.586448,0.00185184,510.818,0
7.93846,4.0414,-2.48284,0.598421,0.00180909,509.092,0
7.94501,4.10466,-2.50047,0.623755,0.00198856,516.634,0
7.95154,4.10186,-2.52602,0.645851,0.0019673,515.857,0
7.95805,4.07869,-2.54744,0.610319,0.00188805,512.524,0
7.96457,4.12304,-2.55531,0.603938,0.00201,517.672,0
7.97108,4.10555,-2.57402,0.502246,0.00194666,515.056,0
7.97761,4.14714,-2.63008,0.464123,0.00205993,519.847,0
7.98405,4.15077,-2.66314,0.481183,0.00205592,519.883,0
7.99056,4.09814,-2.73225,0.502593,0.00188759,512.873,0
7.99705,4.10584,-2.79501,0.527111,0.00189892,513.42,0
8.00358,4.00588,-2.81921,0.510586,0.00159039,500.512,0
8.01008,4.03688,-2.81809,0.485483,0.00167386,503.975,0
8.01658,4.01631,-2.78995,0.507825,0.00160328,501,0
8.0231,3.97823,-2.78068,0.592543,0.00148184,495.847,0
8.0296,3.99968,-2.78844,0.580538,0.00153706,498.117,0
8.03612,3.97733,-2.77723,0.597584,0.00146209,494.931,0
8.04262,3.99584,-2.80353,0.552278,0.00151074,496.833,0
8.04913,3.93717,-2.83964,0.563291,0.0013286,489.142,0
8.05561,3.93379,-2.85962,0.542006,0.00131216,488.329,0
8.0621,3.92963,-2.85111,0.487591,0.00129324,487.421,0
8.06861,3.93482,-2.90344,0.511768,0.00130324,487.671,0
8.07512,3.93414,-2.91817,0.49722,0.00129416,487.194,0
8.08165,3.91105,-2.92765,0.540282,0.00121853,483.942,0
8.08816,3.94248,-2.90258,0.476669,0.00130677,487.439,0
8.09466,3.94927,-2.8629,0.493298,0.00132185,487.886,0
8.10119,3.9536,-2.89475,0.548116,0.00132914,488.027,0
8.10769,3.90278,-2.95949,0.542934,0.00117138,481.368,0
8.11415,3.86349,-2.97325,0.52807,0.00104858,476.142,0
8.12065,3.86938,-3.00507,0.550126,0.00106191,476.487,0
8.12715,3.83621,-2.99531,0.536277,0.000958353,472.024,0
8.13366,3.85667,-2.98613,0.574783,0.00101574,474.162,0
8.14014,3.83892,-2.95497,0.522206,0.00095831,471.604,0
8.14669,3.84705,-2.9661,0.536615,0.000978069,472.223,0
8.1532,3.82144,-2.95716,0.557037,0.00089717,468.704,0
8.1597,3.88454,-2.97428,0.505956,0.00108224,476.065,0
8.1662,3.818,-2.99672,0.440021,0.000878992,467.537,0
8.17271,3.81835,-3.031,0.395441,0.000876852,467.208,0
8.17919,3.83041,-2.94433,0.412222,0.000909814,468.312,0
8.18568,3.84495,-2.97649,0.390565,0.000949564,469.717,0
8.19224,3.84826,-2.97357,0.393799,0.000955578,469.745,0
8.19874,3.869,-2.96578,0.366284,0.00101312,471.902,0
8.20526,3.82235,-2.99543,0.384223,0.000869487,465.841,0
8.21178,3.79597,-2.99324,0.473838,0.000787273,462.26,0
8.2183,3.78604,-2.9851,0.443623,0.000754813,460.684,0
8.22485,3.77502,-2.9445,0.483658,0.000719587,458.977,0
8.23136,3.73069,-2.94253,0.516712,0.000584607,453.228,0
8.23783,3.80665,-2.95945,0.550099,0.000809986,462.094,0
8.24434,3.79859,-2.96247,0.554001,0.000782667,460.752,0
8.25082,3.81784,-2.95276,0.596417,0.000837428,462.723,0
8.25739,3.79006,-2.89808,0.608761,0.000751489,458.989,0
8.26393,3.82532,-2.87987,0.574066,0.000854638,462.893,0
8.27045,3.86612,-2.84217,0.610998,0.000973468,467.461,0
8.27696,3.85987,-2.86894,0.565047,0.000950298,466.339,0
8.28348,3.85613,-2.84165,0.558899,0.000935838,465.521,0
8.28993,3.86976,-2.82238,0.552328,0.000973238,466.803,0
8.29641,3.91372,-2.73767,0.590268,0.00110052,471.737,0
8.30294,3.92333,-2.6865,0.593067,0.00112442,472.523,0
8.30947,3.96956,-2.71949,0.623906,0.00125789,477.715,0
8.31597,3.92776,-2.67867,0.592758,0.0011278,472.316,0
8.32249,3.97368,-2.61684,0.605144,0.00126,477.462,0
8.32902,4.00877,-2.63733,0.589835,0.00135926,481.301,0
8.33551,3.98611,-2.59562,0.52991,0.00128556,478.209,0
8.34204,3.98743,-2.62683,0.501242,0.00128338,477.992,0
8.34854,4.00432,-2.62516,0.566638,0.00132813,479.643,0
8.35505,3.9886,-2.65925,0.659891,0.00127565,477.388,0
8.36155,3.98738,-2.69715,0.664485,0.00126678,476.871,0
8.36805,3.96987,-2.76333,0.607328,0.00120801,474.408,0
8.37457,3.99046,-2.73509,0.616661,0.00126383,476.498,0
8.38108,4.02637,-2.69269,0.684556,0.0013641,480.411,0
8.38757,3.96816,-2.70328,0.676052,0.00118442,473.1,0
8.39411,4.01028,-2.67488,0.68691,0.00130439,477.749,0
8.40059,4.01377,-2.67812,0.624844,0.00130885,477.796,0
8.40707,4.0054,-2.70778,0.621629,0.00127814,476.432,0
8.4136,3.97807,-2.68042,0.676495,0.00119092,472.814,0
8.42012,3.96708,-2.69077,0.678729,0.00115157,471.144,0
8.42663,3.86938,-2.65924,0.698698,0.000854946,459.185,0
8.43315,3.90651,-2.68401,0.651213,0.000963013,463.233,0
8.43966,3.96861,-2.68727,0.63258,0.00114472,470.233,0
8.44617,3.96242,-2.70276,0.574526,0.00112089,469.138,0
8.45266,3.9517,-2.67999,0.585232,0.00108409,467.51,0
8.45918,3.98616,-2.6864,0.549507,0.00118218,471.223,0
8.46568,4.03358,-2.66512,0.575879,0.00131795,476.462,0
8.47222,4.00477,-2.69212,0.629314,0.00122532,472.694,0
8.47873,4.02969,-2.69017,0.598796,0.0012942,475.271,0
8.48522,4.04764,-2.69103,0.64992,0.00134225,477.023,0
8.49169,4.04883,-2.61669,0.652581,0.00133848,476.799,0
8.49822,4.06918,-2.59639,0.606975,0.00139224,478.828,0
8.50469,4.03958,-2.63974,0.640181,0.00129625,474.983,0
8.51119,4.07011,-2.58327,0.66211,0.00138189,478.207,0
8.51772,4.08925,-2.57575,0.691093,0.00143225,480.087,0
8.52422,4.09173,-2.62346,0.645908,0.00143202,480.013,0
8.53075,4.06029,-2.64888,0.595883,0.00132991,475.96,0
8.53727,4.08889,-2.64372,0.514541,0.00140806,478.945,0
8.54382,4.07874,-2.65955,0.54733,0.00137081,477.391,0
8.55032,4.07627,-2.60701,0.52708,0.00135629,476.739,0
8.55682,4.09139,-2.55122,0.553862,0.00139482,478.144,0
8.5633,4.12712,-2.54051,0.549635,0.00149497,481.955,0
8.56982,4.14347,-2.54363,0.562505,0.00153579,483.496,0
8.57633,4.11767,-2.58113,0.575725,0.00145188,480.12,0
8.58285,4.13215,-2.55317,0.534584,0.00148715,481.443,0
8.58934,4.09906,-2.6119,0.503021,0.00137986,477.227,0
8.59585,4.12288,-2.67999,0.534519,0.00144417,479.636,0
8.60239,4.19786,-2.70011,0.505591,0.001661,487.988,0
8.60887,4.22736,-2.74532,0.508742,0.00174016,491.048,0
8.61534,4.24252,-2.76772,0.465926,0.0017772,492.438,0
8.62184,4.22488,-2.68316,0.491253,0.00171661,490.02,0
8.62837,4.21275,-2.67304,0.482576,0.00167162,488.244,0
8.63489,4.21005,-2.69173,0.473246,0.0016534,487.563,0
8.64139,4.16609,-2.64304,0.444175,0.00151325,482.109,0
8.64789,4.20714,-2.65322,0.45294,0.00162772,486.494,0
8.65441,4.22254,-2.62282,0.416578,0.00166548,487.906,0
8.66092,4.27748,-2.65494,0.425638,0.00182117,493.882,0
8.66747,4.24142,-2.6571,0.458504,0.00170302,489.349,0
8.674,4.21088,-2.62704,0.501043,0.00160384,485.46,0
8.68048,4.21145,-2.61604,0.486203,0.00159668,485.164,0
8.687,4.13593,-2.57678,0.495489,0.00136319,476.105,0
8.69353,4.11402,-2.57535,0.455475,0.00129084,473.228,0
8.69999,4.09678,-2.56079,0.43146,0.00123381,470.894,0
8.70649,4.10306,-2.53732,0.466012,0.00124657,471.265,0
8.71297,4.11022,-2.60253,0.442709,0.00126269,471.736,0
8.7195,4.053,-2.54878,0.477524,0.00108641,464.82,0
8.72599,4.02618,-2.53354,0.499898,0.00100176,461.4,0
8.73254,4.00176,-2.50306,0.470043,0.000923959,458.258,0
8.73904,4.01,-2.51444,0.420485,0.000945012,458.861,0
8.74556,4.02261,-2.53306,0.439708,0.000978801,459.961,0
8.75215,4.02128,-2.51288,0.458925,0.000970996,459.462,0
8.75866,4.02526,-2.54505,0.438193,0.000979054,459.575,0
8.76515,4.05689,-2.53133,0.423583,0.00106857,462.843,0
8.77166,4.06171,-2.54503,0.379584,0.0010783,463.049,0
8.77818,4.06292,-2.56682,0.345479,0.00107712,462.844,0
8.78466,4.07119,-2.62639,0.332543,0.00109705,463.443,0
8.79117,4.04707,-2.61386,0.303685,0.00101998,460.356,0
8.79769,4.03953,-2.61288,0.296741,0.00099259,459.158,0
8.80418,4.03505,-2.62264,0.254927,0.000975851,458.311,0
8.81065,4.02793,-2.61788,0.21356,0.000950788,457.166,0
8.81715,4.02895,-2.55195,0.215006,0.000950456,456.945,0
8.82366,4.01825,-2.61048,0.253628,0.000914249,455.395,0
8.83017,4.03954,-2.64368,0.283924,0.000974467,457.471,0
8.83669,4.0626,-2.65956,0.27087,0.00103922,459.742,0
8.84319,4.00446,-2.62681,0.300569,0.000861221,452.83,0
8.84966,3.97831,-2.59344,0.297033,0.000780089,449.543,0
8.85615,4.02144,-2.5746,0.270714,0.00090578,454.084,0
8.86268,4.03464,-2.5639,0.263811,0.00094133,455.239,0
8.86919,4.04963,-2.55838,0.287769,0.000982706,456.595,0
8.8757,3.99283,-2.60675,0.312621,0.000809383,449.86,0
8.88222,3.94083,-2.58568,0.281204,0.000650559,443.676,0
8.88874,3.88096,-2.60054,0.318524,0.000469248,436.615,0
8.89521,3.84464,-2.58514,0.315446,0.000359312,432.215,0
8.9017,3.86801,-2.55365,0.329059,0.00042846,434.524,0
8.90822,3.88193,-2.52545,0.308081,0.000468876,435.769,0
8.91473,3.89235,-2.54708,0.305864,0.000498465,436.62,0
8.92121,3.88469,-2.50776,0.322151,0.000473908,435.444,0
8.92769,3.89297,-2.54137,0.326365,0.000497486,436.056,0
8.93419,3.88549,-2.59829,0.327473,0.000473186,434.901,0
8.94071,3.88408,-2.58267,0.332491,0.000467861,434.426,0
8.94722,3.89448,-2.57501,0.334874,0.000497568,435.273,0
8.95373,3.91827,-2.57645,0.377527,0.000567332,437.613,0
8.96021,3.90837,-2.55079,0.371004,0.000535896,436.192,0
8.96673,3.92151,-2.53392,0.365236,0.000573384,437.34,0
8.97319,3.95146,-2.53668,0.378916,0.000661126,440.363,0
8.97965,3.93068,-2.50862,0.354806,0.000596888,437.732,0
8.98614,3.90955,-2.48612,0.370915,0.00053201,435.064,0
8.99266,3.95985,-2.53397,0.347302,0.000680967,440.342,0
8.99921,3.98991,-2.54614,0.358119,0.000768686,443.362,0
9.0057,4.03385,-2.55372,0.355186,0.000897431,447.921,0
9.01218,4.08215,-2.55689,0.3519,0.00103768,452.959,0
9.01871,4.09675,-2.60863,0.330754,0.00107671,454.251,0
9.02518,4.04409,-2.64565,0.312665,0.00091486,448.09,0
9.03171,4.04929,-2.62519,0.293282,0.000926281,448.342,0
9.0382,4.0108,-2.6475,0.277045,0.000807995,443.761,0
9.04466,3.9265,-2.63315,0.279882,0.000553101,434.124,0
9.05118,3.90523,-2.62222,0.308292,0.000487734,431.461,0
9.05771,3.89833,-2.57861,0.300234,0.0004657,430.387,0
9.06423,3.90341,-2.51693,0.321729,0.000479518,430.638,0
9.07075,3.90241,-2.53553,0.361894,0.000475051,430.219,0
9.07727,3.90928,-2.57409,0.327128,0.00049427,430.667,0
9.08378,3.94349,-2.53924,0.37075,0.000595398,434.125,0
9.09026,3.96289,-2.54904,0.357555,0.000651676,435.949,0
9.09678,3.97416,-2.5243,0.380308,0.000683209,436.876,0
9.10333,3.96948,-2.49632,0.450249,0.000666943,436.047,0
9.10981,3.96048,-2.48636,0.535142,0.000637999,434.749,0
9.11634,3.97261,-2.4603,0.555696,0.00067229,435.768,0
9.12285,3.98269,-2.48525,0.549862,0.000700361,436.562,0
9.12939,3.95724,-2.50858,0.55622,0.00062183,433.461,0
9.13591,3.92502,-2.49624,0.498396,0.000523443,429.626,0
9.14242,3.91005,-2.50392,0.526397,0.000477133,427.682,0
9.14896,3.9189,-2.57104,0.51644,0.000502128,428.344,0
9.15544,3.88895,-2.59559,0.516544,0.000411199,424.77,0
9.16195,3.86531,-2.61898,0.528401,0.000339271,421.887,0
9.16847,3.84767,-2.66135,0.528103,0.000285616,419.663,0
9.17498,3.87029,-2.66737,0.585407,0.000352614,421.831,0
9.18154,3.89423,-2.65449,0.612643,0.000423317,424.137,0
9.18803,3.91998,-2.66152,0.62957,0.000499228,426.64,0
9.1946,3.93543,-2.61891,0.655269,0.000543923,428.015,0
9.20109,3.9233,-2.59788,0.646861,0.000505825,426.396,0
9.20758,3.91185,-2.58639,0.664061,0.000470153,424.851,0
9.2141,3.95884,-2.55287,0.679318,0.000609438,429.65,0
9.22058,3.98558,-2.5613,0.639176,0.000687833,432.248,0
9.2271,3.95176,-2.54348,0.609401,0.000584901,428.278,0
9.23359,3.9486,-2.57527,0.594245,0.000573552,427.634,0
9.24013,3.91954,-2.5804,0.62704,0.000484828,424.187,0
9.24663,3.92895,-2.5812,0.655774,0.000511491,424.906,0
9.25315,3.92114,-2.57304,0.603496,0.000486579,423.762,0
9.25966,3.85458,-2.56088,0.618155,0.000285805,416.277,0
9.2661,3.85983,-2.54892,0.577042,0.000300888,416.553,0
9.27265,3.86895,-2.55816,0.538689,0.000327364,417.244,0
9.27917,3.85483,-2.5587,0.523396,0.00028426,415.428,0
9.28573,3.90246,-2.55119,0.498304,0.000426316,420.265,0
9.29227,3.93584,-2.58002,0.518918,0.000524989,423.56,0
9.29882,3.93804,-2.60019,0.556967,0.000529871,423.499,0
9.30533,3.92663,-2.57507,0.59209,0.000494023,421.977,0
9.31181,3.89,-2.56281,0.579964,0.000383022,417.749,0
9.31835,3.87588,-2.5993,0.551966,0.000339769,415.941,0
9.32487,3.84923,-2.60762,0.56427,0.000258983,412.792,0
9.33137,3.84649,-2.60374,0.505779,0.00025026,412.211,0
9.33791,3.84458,-2.61099,0.48194,0.000243934,411.718,0
9.34444,3.87779,-2.57873,0.470792,0.000342626,414.983,0
9.35097,3.88427,-2.60509,0.452686,0.000361219,415.387,0
9.35742,3.91301,-2.64517,0.418323,0.000446385,418.172,0
9.36403,3.90364,-2.64776,0.464116,0.000417074,416.876,0
9.37052,3.86608,-2.63729,0.455287,0.000303811,412.579,0
9.37701,3.9185,-2.65064,0.430166,0.000459776,417.884,0
9.38355,3.88144,-2.67549,0.392431,0.000347795,413.643,0
9.39007,3.89997,-2.68491,0.378595,0.000402559,415.329,0
9.39655,3.92407,-2.69976,0.376049,0.000473544,417.608,0
9.4031,3.90852,-2.70382,0.427338,0.000425852,415.663,0
9.40962,3.88506,-2.73529,0.489527,0.000354745,412.882,0
9.41609,3.88551,-2.70721,0.513529,0.000354952,412.646,0
9.42263,3.91113,-2.6778,0.497927,0.000430624,415.079,0
9.42912,3.91986,-2.69457,0.486409,0.000455751,415.718,0
9.43561,3.9176,-2.69596,0.477138,0.00044744,415.193,0
9.44213,3.89325,-2.7431,0.431428,0.000373473,412.328,0
9.44865,3.8996,-2.73242,0.41425,0.000391637,412.715,0
9.45517,3.89941,-2.67837,0.417393,0.000389949,412.41,0
9.46171,3.86718,-2.67181,0.439733,0.00029245,408.719,0
9.46822,3.86448,-2.69551,0.402096,0.000283855,408.153,0
9.4747,3.87866,-2.68583,0.347699,0.000325605,409.37,0
9.48123,3.85714,-2.67956,0.328985,0.000260425,406.819,0
9.4877,3.84856,-2.67581,0.36848,0.000234235,405.637,0
9.4942,3.85966,-2.6719,0.361461,0.000267059,406.528,0
9.50071,3.854,-2.64525,0.371604,0.000249269,405.654,0
9.5072,3.91151,-2.66831,0.343991,0.000420858,411.426,0
9.51373,3.90293,-2.62963,0.318154,0.000394161,410.242,0
9.52023,3.89053,-2.65781,0.27187,0.000355861,408.659,0
9.52672,3.88615,-2.6722,0.254391,0.0003419,407.922,0
9.53322,3.8967,-2.70113,0.268079,0.000372462,408.749,0
9.53973,3.85841,-2.69897,0.218578,0.000257067,404.456,0
9.5463,3.85401,-2.73533,0.2144,0.000243422,403.718,0
9.55282,3.8808,-2.75399,0.220571,0.000322878,406.246,0
9.55932,3.86965,-2.73905,0.193759,0.000288657,404.803,0
9.56582,3.85264,-2.75735,0.158457,0.000237179,402.75,0
9.57235,3.87464,-2.76003,0.160403,0.000302555,404.774,0
9.57885,3.91536,-2.73559,0.149644,0.000423616,408.75,0
9.58532,3.92212,-2.76781,0.144158,0.000442535,409.18,0
9.59178,3.90044,-2.75224,0.105965,0.00037647,406.645,0
9.59832,3.87217,-2.73178,0.0539974,0.000290711,403.421,0
9.6048,3.89798,-2.68843,0.0649574,0.0003675,405.837,0
9.61128,3.8922,-2.67346,0.093316,0.0003491,404.961,0
9.6178,3.90958,-2.6495,0.136206,0.000400166,406.495,0
9.62426,3.92493,-2.60986,0.145336,0.000445065,407.817,0
9.63074,3.94243,-2.62727,0.132681,0.000496192,409.359,0
9.63725,3.92927,-2.63904,0.0919175,0.000455087,407.717,0
9.64372,3.89521,-2.67481,0.0732974,0.000351748,403.911,0
9.65023,3.87531,-2.69592,0.0632068,0.000291379,401.577,0
9.65673,3.90513,-2.65845,0.03656,0.000379848,404.395,0
9.66322,3.9235,-2.68493,0.0524486,0.000433668,406.024,0
9.66973,3.93489,-2.66819,0.0452913,0.000466077,406.929,0
9.67622,3.93572,-2.65922,0.039802,0.000467306,406.741,0
9.68273,3.95841,-2.67116,0.0417387,0.000533783,408.811,0
9.68925,3.93878,-2.69198,-0.00769326,0.000473743,406.51,0
9.69575,3.97526,-2.72525,-0.042859,0.000581754,410,0
9.70221,4.01136,-2.73183,-0.0383506,0.000687696,413.448,0
9.7087,3.98965,-2.71828,-0.0193496,0.000620398,410.935,0
9.71523,4.07679,-2.71995,0.0117088,0.000878642,419.629,0
9.72174,4.06912,-2.74003,-0.021658,0.00085216,418.558,0
9.7283,4.02905,-2.71489,-0.0733843,0.000729206,414.158,0
9.7348,4.09687,-2.75129,-0.0675102,0.000928957,420.848,0
9.74133,4.07134,-2.73278,-0.120986,0.000849334,417.945,0
9.74783,4.06974,-2.7243,-0.087212,0.000841555,417.502,0
9.75432,4.03482,-2.70052,-0.095657,0.000733884,413.644,0
9.7608,4.07191,-2.69166,-0.0517639,0.000842681,417.17,0
9.76729,4.06828,-2.68296,-0.0131659,0.000827691,416.521,0
9.77379,4.12701,-2.69221,0.0163005,0.00100005,422.253,0
9.78026,4.13398,-2.75623,0.0196546,0.00101684,422.686,0
9.78675,4.1235,-2.80154,0.0376239,0.000981843,421.335,0
9.79325,4.06405,-2.76211,0.0611355,0.00080019,414.985,0
9.7998,4.03855,-2.74527,0.0662677,0.000721366,412.106,0
9.80629,4.04962,-2.73885,0.115599,0.000752007,412.962,0
9.81283,4.03414,-2.69658,0.0911178,0.000702909,411.108,0
9.81932,4.06354,-2.74437,0.0868358,0.000788341,413.831,0
9.8258,4.10932,-2.77083,0.083298,0.000921859,418.217,0
9.8323,4.10171,-2.78498,0.128314,0.0008955,417.167,0
9.83881,4.07725,-2.75396,0.120365,0.000818492,414.405,0
9.84528,4.11032,-2.74885,0.0766303,0.000914473,417.491,0
9.8518,4.06822,-2.75417,0.0314575,0.000785391,412.942,0
9.85829,4.05826,-2.80727,0.0302646,0.000753058,411.66,0
9.86479,4.13645,-2.82143,0.0333792,0.000983707,419.315,0
9.87134,4.08524,-2.86556,0.0614317,0.000826353,413.849,0
9.87782,4.09408,-2.87,0.03516,0.000849687,414.472,0
9.88433,4.11799,-2.8525,0.0124088,0.000917824,416.618,0
9.89089,4.07854,-2.89744,-0.0150196,0.000796108,412.353,0
9.89739,4.03689,-2.85914,-0.0598938,0.000668559,407.874,0
9.90387,4.02639,-2.85993,-0.0660685,0.000635021,406.547,0
9.91035,3.97093,-2.81816,-0.0688822,0.000467184,400.685,0
9.91684,3.99052,-2.80276,-0.0093696,0.000524718,402.398,0
9.92334,4.02378,-2.83073,-0.0287949,0.000622378,405.487,0
9.92989,4.03705,-2.82928,-0.0308433,0.000660268,406.555,0
9.93639,4.06448,-2.83259,-0.0703605,0.000739735,409.05,0
9.9429,4.08658,-2.79476,-0.0939139,0.000803063,411.005,0
9.94944,4.0575,-2.76448,-0.116714,0.000713269,407.812,0
9.95595,4.08852,-2.76785,-0.118531,0.000803326,410.661,0
9.96245,4.10625,-2.7693,-0.0782562,0.000853167,412.173,0
9.96896,4.15,-2.80452,-0.0395301,0.00097977,416.292,0
9.97546,4.11471,-2.79803,-0.123356,0.000869999,412.483,0
9.98195,4.08502,-2.80887,-0.0730778,0.000777194,409.241,0
9.98847,4.05367,-2.79285,-0.0562074,0.000680731,405.834,0
9.99496,4.02126,-2.80925,-0.0447662,0.000581736,402.329,0
10,4.03628,-2.80647,-0.0471987,0.000625037,403.628,0
