0.0065192,0.128104,-0.000596636,-0.0448839,0.0254386,19650.2,0
0.0130522,0.201144,-0.126838,-0.168455,0.0394258,15410.8,0
0.0195823,0.127783,-0.084689,-0.197613,0.0242492,6525.46,0
0.0261003,0.0568615,-0.170052,-0.127245,0.00962062,2178.58,0
0.032626,0.126736,-0.0666124,-0.12252,0.0233116,3884.5,0
0.0391307,0.215746,-0.178589,-0.165096,0.0401725,5513.47,0
0.0456435,0.3453,-0.180568,-0.195061,0.0647166,7565.16,0
0.0521529,0.404763,-0.258286,-0.130217,0.0739422,7761.08,0
0.0586757,0.267878,-0.110037,-0.190333,0.044635,4565.4,0
0.0651519,0.248814,-0.127255,-0.0823021,0.0394769,3818.99,0
0.0716456,0.294958,-0.160094,-0.161332,0.0476078,4116.9,0
0.0781287,0.617507,-0.180466,-0.236063,0.10921,7903.72,0
0.0846447,0.596542,-0.350743,-0.208825,0.100495,7047.6,0
0.0911736,0.531362,-0.391904,-0.10829,0.0840121,5828.02,0
0.0977199,0.482045,-0.431654,-0.0510703,0.071313,4932.93,0
0.104242,0.471431,-0.437395,0.00663308,0.0661075,4522.46,0
0.110718,0.531564,-0.307806,0.202732,0.0752493,4801.08,0
0.117238,0.530663,-0.506138,0.139167,0.0724892,4526.36,0
0.123756,0.538699,-0.401537,0.0671904,0.0721575,4352.92,0
0.130268,0.793431,-0.260252,0.194401,0.118437,6090.76,0
0.136776,0.868203,-0.45364,0.389182,0.127772,6347.65,0
0.143231,0.947732,-0.277282,0.438382,0.138079,6616.81,0
0.149733,0.982256,-0.112309,0.533266,0.138647,6560.06,0
0.15623,0.955991,-0.102117,0.629285,0.127159,6119.12,0
0.16274,0.774401,-0.0982903,0.584401,0.0859925,4758.51,0
0.169275,0.829107,-0.099606,0.692125,0.0931434,4898,0
0.175814,0.833205,-0.0629746,0.706838,0.090313,4739.12,0
0.182353,0.914728,-0.13832,0.6561,0.102686,5016.25,0
0.188933,1.30489,-0.110143,0.53384,0.173853,6906.64,0
0.195431,1.26104,0.0696707,0.381585,0.154575,6452.62,0
0.201946,1.47678,0.0937368,0.449488,0.188465,7312.73,0
0.20845,1.54573,0.0161092,0.55195,0.190921,7415.34,0
0.214905,1.55927,0.0155555,0.577304,0.183105,7255.64,0
0.221396,1.51309,0.0264623,0.510735,0.165125,6834.29,0
0.227909,1.69604,0.0234894,0.365078,0.191201,7441.75,0
0.234413,1.77354,-0.00925035,0.518161,0.19585,7565.89,0
0.240906,2.11386,0.0324615,0.600382,0.250326,8774.64,0
0.247428,2.20945,0.0423147,0.622138,0.253403,8929.64,0
0.253938,2.33304,0.0536076,0.538321,0.261852,9187.43,0
0.260433,2.47046,-0.00544897,0.664589,0.271277,9485.97,0
0.266919,2.73097,-0.01923,0.508407,0.30231,10231.4,0
0.273381,2.74855,0.0961166,0.656198,0.286253,10053.9,0
0.279874,2.65032,-0.0216928,0.793289,0.249232,9469.72,0
0.28638,2.65422,0.0157083,0.740989,0.233871,9268.18,0
0.292888,2.90214,-0.133473,0.715511,0.268686,9908.7,0
0.299414,2.95362,-0.177048,0.705644,0.260743,9864.65,0
0.305956,3.2922,-0.17628,0.889005,0.307156,10760.4,0
0.312486,3.45897,-0.339099,0.795534,0.317216,11069.2,0
0.319016,3.89019,-0.243527,1.11114,0.377914,12194.4,0
0.325522,3.71466,-0.407209,1.16707,0.314998,11411.4,0
0.332024,3.74716,-0.451867,0.816947,0.298051,11285.8,0
0.338516,3.85972,-0.333577,0.637337,0.298173,11401.9,0
0.345034,3.8924,-0.156541,1.00567,0.284433,11281.2,0
0.35153,4.12537,-0.20974,1.07708,0.310506,11735.5,0
0.358043,4.31593,-0.179148,0.897884,0.325002,12054.2,0
0.364577,4.43795,-0.19482,1.1405,0.32395,12172.9,0
0.371061,4.53338,-0.197715,1.35361,0.319783,12217.3,0
0.37755,4.43542,-0.246957,1.37876,0.277105,11747.9,0
0.384026,4.54008,-0.337436,1.32622,0.279131,11822.3,0
0.39056,4.39772,-0.278735,1.42025,0.23345,11260,0
0.397065,4.78383,-0.441702,1.4698,0.293758,12048,0
0.403546,4.89619,-0.594022,1.39376,0.296716,12132.9,0
0.410058,5.18316,-0.561482,1.1955,0.330917,12640.1,0
0.41661,4.94622,-0.159088,1.14754,0.263244,11872.5,0
0.423093,5.10162,-0.0064133,0.986266,0.274672,12057.9,0
0.429602,5.16782,-0.111421,1.24911,0.271319,12029.3,0
0.436105,5.1258,0.0800361,1.12666,0.246847,11753.6,0
0.442624,5.16863,0.0750868,1.31973,0.239566,11677.3,0
0.449096,5.04791,0.29154,1.32103,0.201875,11240.1,0
0.455611,4.95925,0.264998,1.24974,0.174135,10884.8,0
0.462138,5.12179,0.438247,1.2502,0.196032,11082.8,0
0.468652,5.0537,0.561324,1.08085,0.172765,10783.5,0
0.475192,5.48265,0.763701,0.96526,0.247078,11537.7,0
0.481723,5.62824,0.545068,0.831387,0.260622,11683.6,0
0.488235,5.62316,0.616838,0.559692,0.242945,11517.3,0
0.494715,5.30201,0.645064,0.792994,0.168011,10717.3,0
0.501208,5.38058,0.852637,0.85884,0.174641,10735.2,0
0.50771,5.46518,1.01331,0.879323,0.181492,10764.4,0
0.514233,5.65633,1.04904,0.849795,0.209196,10999.6,0
0.52075,5.37581,1.05236,0.838394,0.143898,10323.2,0
0.527249,5.3716,0.978438,0.569337,0.135676,10188,0
0.533731,5.37859,0.822363,0.621264,0.131118,10077.3,0
0.540271,5.35687,0.778163,0.829937,0.120614,9915.15,0
0.546831,5.30063,0.580583,1.00832,0.104412,9693.35,0
0.553353,5.40646,0.536544,0.934193,0.120684,9770.37,0
0.559846,5.4304,0.569642,0.817527,0.120858,9699.82,0
0.56635,5.28731,0.687846,0.479215,0.0884518,9335.76,0
0.57286,5.48958,0.48937,0.520611,0.124887,9582.76,0
0.579353,5.31779,0.379569,0.771115,0.0859409,9178.83,0
0.585856,5.27692,0.409031,0.780988,0.074814,9007.2,0
0.592362,5.1514,0.522861,0.883575,0.0480141,8696.38,0
0.598833,5.07957,0.423876,1.01607,0.0323152,8482.45,0
0.605324,5.07001,0.445599,0.993923,0.0299069,8375.7,0
0.611883,5.01584,0.513333,0.922557,0.0184632,8197.38,0
0.618408,5.03283,0.498667,0.946466,0.0215781,8138.36,0
0.624851,5.18052,0.350676,0.990105,0.0502945,8290.82,0
0.631389,5.19915,0.355812,0.876825,0.0523182,8234.47,0
0.637902,5.15605,0.346349,0.860854,0.0426109,8082.81,0
0.644432,5.08659,0.402225,0.874899,0.0275156,7893.14,0
0.650938,5.11433,0.484066,1.00279,0.0323515,7856.86,0
0.657439,5.10698,0.41074,1.05928,0.0300656,7767.99,0
0.663949,5.17253,0.349703,1.16036,0.0422441,7790.56,0
0.670437,5.08835,0.538961,1.17098,0.02473,7589.6,0
0.676953,5.12702,0.564448,1.18088,0.0320189,7573.66,0
0.683455,5.05756,0.545064,1.05664,0.017436,7399.99,0
0.689984,5.05926,0.636047,1.03528,0.0176555,7332.42,0
0.696502,5.05982,0.566889,0.891395,0.0173426,7264.62,0
0.702973,5.03981,0.576134,0.831883,0.0131109,7169.29,0
0.709517,5.22893,0.610172,0.91909,0.0503331,7369.71,0
0.716024,5.32004,0.716798,1.00678,0.0667998,7429.97,0
0.722509,5.44815,0.775234,0.966377,0.0896414,7540.6,0
0.728998,5.65208,0.777592,0.814678,0.125903,7753.22,0
0.735503,5.44052,0.715364,0.767491,0.0799635,7397,0
0.741987,5.51962,0.682871,0.83203,0.0920678,7438.98,0
0.748498,5.59049,0.592319,0.715035,0.102492,7468.93,0
0.755025,5.65944,0.528153,0.644582,0.111871,7495.7,0
0.761588,5.84971,0.544045,0.68663,0.143699,7680.93,0
0.768114,5.84843,0.431693,0.709018,0.13671,7614.01,0
0.774651,5.73604,0.539393,0.65987,0.108235,7404.68,0
0.781154,5.86959,0.535195,0.839897,0.129765,7514,0
0.787671,6.09486,0.607281,0.809878,0.167106,7737.82,0
0.794177,6.01576,0.697844,0.870549,0.144796,7574.83,0
0.800711,6.09532,0.626464,0.766478,0.152695,7612.38,0
0.807234,6.13519,0.517759,0.568333,0.153413,7600.26,0
0.813757,6.10142,0.587928,0.79465,0.138871,7497.84,0
0.820249,5.98982,0.608622,0.620854,0.110302,7302.43,0
0.82678,5.88997,0.480772,0.544456,0.0859201,7123.99,0
0.833282,5.82608,0.431612,0.70344,0.0698855,6991.73,0
0.839846,5.95249,0.424489,0.649986,0.0914934,7087.6,0
0.84639,5.83723,0.555854,0.784124,0.0654682,6896.61,0
0.852909,5.76088,0.551041,0.675862,0.0484833,6754.39,0
0.859444,5.68949,0.370645,0.816602,0.0334151,6619.96,0
0.865976,5.67895,0.392176,0.88768,0.0304936,6557.86,0
0.872495,5.60741,0.367592,0.799838,0.015749,6426.86,0
0.879015,5.5977,0.349111,0.760682,0.0136479,6368.15,0
0.88553,5.6368,0.352818,0.72775,0.0212652,6365.45,0
0.892072,5.61648,0.327117,0.775074,0.0167215,6295.99,0
0.898585,5.64825,0.423794,0.767012,0.022759,6285.71,0
0.905059,5.82546,0.416503,0.769067,0.0568118,6436.55,0
0.911557,5.70731,0.474943,0.907387,0.0318982,6261.06,0
0.91806,5.86289,0.548153,0.883714,0.0619805,6386.17,0
0.924592,6.04885,0.464647,0.878783,0.0967394,6542.19,0
0.931124,6.16743,0.5466,0.824315,0.115678,6623.64,0
0.937626,6.29287,0.619465,0.817222,0.135317,6711.5,0
0.944119,6.21362,0.676565,0.740672,0.113111,6581.4,0
0.950647,6.34991,0.6584,0.750324,0.133693,6679.57,0
0.957124,6.64917,0.378538,0.848382,0.185432,6947.02,0
0.963601,6.6732,0.367581,0.699493,0.179833,6925.28,0
0.970123,6.65883,0.341801,0.773311,0.168146,6863.9,0
0.976622,6.65066,0.484394,0.576248,0.158017,6809.86,0
0.983116,6.74848,0.547334,0.482897,0.169,6864.38,0
0.989638,6.69524,0.658662,0.323315,0.150587,6765.34,0
0.996122,6.83445,0.623429,0.170516,0.1703,6861.06,0
1.00259,6.80634,0.470721,0.311472,0.156765,6788.76,0
1.00911,6.87578,0.45369,0.271631,0.162425,6813.69,0
1.01561,6.81906,0.475764,0.185159,0.143082,6714.27,0
1.02208,6.82352,0.596193,0.325235,0.1364,6676.11,0
1.02859,6.74324,0.713623,0.402467,0.114718,6555.82,0
1.03511,6.74348,0.58674,0.394624,0.109672,6514.75,0
1.04163,6.62973,0.822149,0.628435,0.0835664,6364.77,0
1.04812,6.67397,0.811817,0.742309,0.0887782,6367.57,0
1.0546,6.64264,0.764887,0.589516,0.0789637,6298.71,0
1.06113,6.65178,0.657179,0.537206,0.0777557,6268.58,0
1.06763,6.68967,0.694309,0.543424,0.0826522,6265.89,0
1.07415,6.89616,0.605872,0.476058,0.120128,6420.14,0
1.08068,6.85964,0.66638,0.380633,0.10793,6347.52,0
1.08714,6.97969,0.842181,0.441903,0.126432,6420.2,0
1.09365,6.93397,0.831366,0.175727,0.112104,6340.22,0
1.10015,6.88044,1.01305,0.191976,0.0964044,6254.08,0
1.10664,6.97299,0.925986,0.255362,0.111099,6301.02,0
1.11314,6.89733,0.914844,0.187062,0.0919185,6196.31,0
1.11962,6.98881,0.791157,0.0872775,0.105943,6242.12,0
1.12614,6.9187,0.894377,0.275207,0.0885594,6143.73,0
1.13262,6.98084,0.813252,0.312803,0.0972254,6163.43,0
1.13913,6.881,0.951154,0.113156,0.0734813,6040.58,0
1.14562,6.69626,1.17486,-0.0674787,0.0351472,5845.09,0
1.15216,6.73117,1.29841,-0.0358459,0.0411377,5842.21,0
1.15867,6.699,1.41358,-0.0931644,0.0336879,5781.61,0
1.16513,6.73684,1.47715,-0.113868,0.0398195,5782.07,0
1.17165,6.74438,1.51058,-0.000243096,0.0403749,5756.33,0
1.17816,6.76754,1.58287,-0.134999,0.0438533,5744.17,0
1.18468,6.72655,1.60638,-0.234056,0.0345443,5677.95,0
1.19118,6.65387,1.63227,-0.206293,0.0195131,5585.94,0
1.19767,6.80282,1.79723,-0.290054,0.0483916,5680.05,0
1.20422,6.69956,1.81034,-0.19327,0.0269427,5563.41,0
1.21072,6.71706,1.75716,-0.0890109,0.0297891,5548.01,0
1.21723,6.76371,1.69953,-0.0342243,0.0384811,5556.63,0
1.22373,6.71509,1.74626,-0.0272199,0.0280824,5487.39,0
1.23026,6.75507,1.71099,0.0496884,0.0354788,5490.75,0
1.2368,6.66071,1.81462,0.0507056,0.016017,5385.44,0
1.24331,6.7588,1.64847,-0.0518887,0.035137,5436.13,0
1.24978,6.81911,1.75781,0.00175885,0.0464422,5456.24,0
1.25627,6.89284,1.85265,-0.0686739,0.0596164,5486.76,0
1.26277,6.84176,1.77701,-0.0809617,0.0482667,5418.05,0
1.26927,6.84465,1.92145,-0.139926,0.0474961,5392.57,0
1.27575,6.77553,1.87774,-0.069505,0.0326799,5311.02,0
1.28224,6.70337,1.8464,-0.205331,0.0177195,5227.84,0
1.28878,6.77844,1.85129,-0.13841,0.0320825,5259.58,0
1.29532,6.86504,1.84641,-0.299372,0.0483259,5299.88,0
1.30185,6.87882,1.90152,-0.212725,0.0496189,5283.9,0
1.30837,6.99519,2.14243,-0.175137,0.0705935,5346.48,0
1.31488,6.84104,2.11643,-0.157015,0.0381453,5202.79,0
1.32139,6.9978,1.86343,-0.271667,0.0677964,5295.77,0
1.32791,6.8827,1.91208,-0.358816,0.0429679,5183.09,0
1.33442,6.86905,1.8305,-0.335536,0.0391963,5147.6,0
1.34096,6.94792,1.96392,-0.214782,0.0535421,5181.32,0
1.34749,7.09748,1.77286,0.107461,0.0806403,5267.18,0
1.35397,6.91426,1.74934,0.172058,0.0421996,5106.64,0
1.36049,6.9092,1.68476,0.285126,0.0397494,5078.47,0
1.367,6.84292,1.574,0.327947,0.0257074,5005.78,0
1.37348,6.8023,1.612,0.399109,0.0171402,4952.6,0
1.37996,6.83501,1.56423,0.387715,0.0227748,4953.04,0
1.38646,6.87693,1.57373,0.293886,0.0305818,4960.07,0
1.39298,6.82457,1.51008,0.230686,0.0198167,4899.26,0
1.39951,6.78414,1.59526,0.224791,0.0116031,4847.51,0
1.40601,6.85841,1.5928,0.00961398,0.0261182,4877.91,0
1.41254,6.89877,1.6032,0.0741378,0.0336793,4883.96,0
1.41902,6.93114,1.50443,-0.00654544,0.0391475,4884.44,0
1.42552,6.89292,1.59379,0.00635108,0.0305143,4835.38,0
1.43205,6.79145,1.61418,-0.0471051,0.00986025,4742.48,0
1.43854,6.75374,1.60539,0.0122243,0.00227782,4694.85,0
1.44504,6.85001,1.68791,0.199652,0.021347,4740.36,0
1.45153,6.80933,1.49155,0.05208,0.0129817,4691.14,0
1.45801,6.78444,1.45466,-0.0657932,0.00775098,4653.22,0
1.46449,6.77434,1.48938,-0.145085,0.00564534,4625.72,0
1.47104,6.79041,1.48124,-0.0480659,0.00870754,4616.05,0
1.4776,6.79189,1.50806,-0.0652078,0.00890479,4596.57,0
1.48413,6.78514,1.5781,-0.0731833,0.00741087,4571.79,0
1.49067,6.81478,1.54159,-0.0400567,0.0131944,4571.61,0
1.49717,6.81298,1.60875,-0.0996408,0.0125795,4550.56,0
1.50373,6.78297,1.49814,-0.152309,0.00644912,4510.78,0
1.51023,6.77306,1.48857,-0.218666,0.00438862,4484.79,0
1.51675,6.86886,1.50335,-0.235734,0.0232895,4528.66,0
1.5233,6.80901,1.50392,-0.310721,0.0109701,4469.91,0
1.52979,6.8366,1.54553,-0.277233,0.0161249,4468.99,0
1.53629,6.76934,1.62048,-0.375775,0.00254779,4406.29,0
1.54276,6.8544,1.62882,-0.240669,0.0193878,4442.93,0
1.5493,6.81811,1.75713,-0.229253,0.0117648,4400.78,0
1.55582,6.86934,1.68348,-0.289437,0.0217534,4415.25,0
1.56233,6.7845,1.6112,-0.325271,0.00458263,4342.56,0
1.56883,6.80047,1.64008,-0.362448,0.0077231,4334.73,0
1.57536,6.85506,1.75646,-0.334445,0.0182752,4351.42,0
1.58184,7.22864,1.74003,-0.449107,0.0913447,4569.77,0
1.58835,7.25081,1.73065,-0.5755,0.0924909,4565,0
1.59486,7.08581,1.78001,-0.596145,0.0568904,4442.9,0
1.60136,7.06371,1.66067,-0.696201,0.0503908,4411.05,0
1.60788,7.14839,1.42825,-0.730174,0.0656223,4445.86,0
1.61436,7.2091,1.60097,-0.647384,0.07538,4465.61,0
1.62087,7.45967,1.77273,-0.718526,0.1222,4602.26,0
1.62737,7.5076,1.96284,-0.874051,0.125578,4613.33,0
1.63385,7.67687,2.11844,-1.14253,0.15268,4698.63,0
1.64035,7.87648,2.07912,-1.35683,0.184206,4801.7,0
1.64684,7.70788,2.04474,-1.38952,0.142202,4680.41,0
1.65333,8.04461,2.01226,-1.15417,0.200704,4865.71,0
1.65983,8.1173,1.94383,-1.06205,0.202819,4890.44,0
1.66631,8.12519,1.83963,-1.20363,0.192416,4876.14,0
1.67282,8.1447,2.01306,-1.17861,0.184633,4868.83,0
1.67933,8.1911,1.88735,-1.18064,0.183727,4877.61,0
1.68583,8.28244,1.83166,-1.26721,0.191483,4912.98,0
1.69233,8.35146,2.01733,-1.37109,0.194933,4934.88,0
1.69888,8.40163,2.06915,-1.2817,0.194269,4945.4,0
1.70541,8.2223,2.16941,-1.30448,0.148272,4821.29,0
1.71194,8.33081,2.29462,-1.40008,0.160816,4866.29,0
1.71845,8.27095,2.35809,-1.35012,0.14026,4813.03,0
1.72493,8.37413,2.45534,-1.43775,0.154039,4854.76,0
1.7314,8.49749,2.65553,-1.3411,0.169421,4907.89,0
1.73792,8.49977,2.55625,-1.37183,0.1608,4890.77,0
1.74442,8.3717,2.66529,-1.49174,0.127825,4799.12,0
1.75093,8.48283,2.88037,-1.45906,0.143618,4844.76,0
1.75742,8.19892,2.8675,-1.26442,0.0815525,4665.31,0
1.76392,8.24638,2.6734,-1.31213,0.0878261,4675.03,0
1.77045,8.08985,2.86235,-1.29035,0.0541557,4569.37,0
1.77701,7.99095,2.75731,-1.23363,0.0329003,4496.84,0
1.78353,7.94109,2.64497,-1.28168,0.0222204,4452.45,0
1.78999,7.8436,2.70626,-1.29802,0.00261784,4381.92,0
1.79654,7.86921,2.71316,-1.31728,0.00770804,4380.2,0
1.80311,7.86086,2.69025,-1.3228,0.00600402,4359.62,0
1.80962,7.89713,2.67335,-1.28255,0.013021,4363.97,0
1.81614,7.95411,2.79298,-1.35505,0.0241829,4379.67,0
1.82264,8.08356,2.87958,-1.41441,0.0490093,4435.09,0
1.82913,7.89582,2.87277,-1.31393,0.0109504,4316.71,0
1.83563,7.87997,2.85828,-1.32314,0.00770396,4292.79,0
1.8421,7.88212,2.84837,-1.32481,0.00802845,4278.88,0
1.84864,7.96319,2.83214,-1.21701,0.0241064,4307.58,0
1.85517,8.14498,2.95879,-1.24332,0.0592519,4390.42,0
1.86168,8.2337,3.03245,-1.31755,0.0750811,4422.72,0
1.86822,8.11343,2.87185,-1.43527,0.0488002,4342.86,0
1.87473,8.06891,2.80805,-1.31383,0.0387998,4304.04,0
1.88122,7.95947,2.86574,-1.34048,0.0162115,4231.02,0
1.88773,8.10731,2.89107,-1.47004,0.0450092,4294.75,0
1.89427,8.02043,2.85326,-1.466,0.0266803,4234.04,0
1.90076,7.97959,2.80899,-1.32327,0.0182946,4198.11,0
1.90723,7.9464,2.83851,-1.30258,0.0114023,4166.46,0
1.9137,7.98786,2.89068,-1.28511,0.0194034,4174.04,0
1.92024,7.98217,2.81563,-1.24559,0.0179496,4156.87,0
1.92676,7.96291,2.94807,-1.20135,0.0139018,4132.81,0
1.93324,8.08521,2.89086,-1.26561,0.0379719,4182.2,0
1.93974,8.01317,2.89103,-1.37507,0.0229795,4131.06,0
1.94624,8.17324,2.77961,-1.25385,0.0537859,4199.49,0
1.95274,8.2041,2.75253,-1.25001,0.0583148,4201.32,0
1.95926,8.28019,2.52624,-1.15224,0.0714109,4226.18,0
1.96577,8.29409,2.79428,-1.10495,0.0707007,4219.26,0
1.97225,8.31821,2.76446,-1.25848,0.0725374,4217.62,0
1.97873,8.10654,2.76915,-1.15553,0.0286069,4096.84,0
1.98525,8.00994,2.70238,-1.11503,0.00899481,4034.72,0
1.99178,8.14725,2.65701,-0.960319,0.0356738,4090.44,0
1.99831,8.07319,2.72757,-1.02117,0.0203735,4040.01,0
2.00483,8.0546,2.76608,-1.07674,0.0162228,4017.6,0
2.01135,8.20945,2.82577,-1.12028,0.0462702,4081.57,0
2.01787,8.31484,2.80375,-0.896982,0.065729,4120.61,0
2.02441,8.30848,2.81403,-0.791683,0.0625741,4104.16,0
2.03091,8.1843,2.69147,-0.762213,0.036474,4029.86,0
2.03741,8.30365,2.53838,-0.663075,0.0585963,4075.59,0
2.04391,8.25883,2.6882,-0.758548,0.0478813,4040.71,0
2.05043,8.35195,2.6267,-0.813726,0.0641951,4073.28,0
2.05695,8.31503,2.68445,-0.75017,0.0550275,4042.41,0
2.06344,8.34166,2.67185,-0.777743,0.0586119,4042.6,0
2.06995,8.37002,2.65208,-0.814955,0.0628032,4043.59,0
2.07642,8.40478,2.51414,-0.796191,0.0680977,4047.73,0
2.08291,8.40299,2.5133,-0.973468,0.0657173,4034.26,0
2.08942,8.42356,2.61688,-0.870063,0.0673289,4031.52,0
2.09595,8.46901,2.65411,-0.942874,0.074228,4040.66,0
2.10247,8.49766,2.68264,-1.18202,0.0768454,4041.75,0
2.109,8.5261,2.53805,-1.26185,0.0788872,4042.72,0
2.11552,8.40161,2.73131,-1.30545,0.0517507,3971.42,0
2.12203,8.50418,2.75224,-1.28692,0.069982,4007.57,0
2.12853,8.31252,2.73565,-1.19029,0.0303994,3905.28,0
2.13502,8.3837,2.80523,-1.2112,0.043849,3926.75,0
2.14148,8.31402,2.94331,-1.26305,0.0289696,3882.37,0
2.14798,8.27414,2.98247,-1.23917,0.0206939,3852.06,0
2.15448,8.2961,2.96938,-1.09,0.0243399,3850.63,0
2.16099,8.39178,2.87217,-1.27766,0.0426378,3883.31,0
2.16747,8.47194,2.91874,-1.06793,0.0569725,3908.68,0
2.17397,8.33664,2.86191,-1.22032,0.0288236,3834.75,0
2.18046,8.32349,2.84524,-1.30575,0.025453,3817.31,0
2.18703,8.26556,2.87863,-1.30044,0.0133556,3779.36,0
2.19355,8.23799,2.8785,-1.28069,0.007745,3755.56,0
2.20005,8.27988,2.95437,-1.266,0.0158192,3763.49,0
2.20658,8.31904,2.97677,-1.29508,0.023345,3770.11,0
2.21311,8.32071,3.12968,-1.26284,0.0233772,3759.74,0
2.21962,8.36367,3.27653,-1.13518,0.0315876,3768.06,0
2.22615,8.50001,3.35056,-1.08282,0.0577445,3818.26,0
2.23266,8.64342,3.44931,-0.846067,0.0837115,3871.36,0
2.23914,8.65544,3.45273,-0.819,0.083002,3865.51,0
2.24565,8.67866,3.58006,-0.618528,0.0842749,3864.65,0
2.25215,8.7722,3.50161,-0.620712,0.0994715,3895.03,0
2.25866,8.73125,3.43413,-0.75783,0.0878461,3865.67,0
2.26518,8.89341,3.42338,-0.767836,0.116399,3926.14,0
2.27167,8.91036,3.56777,-0.715619,0.114273,3922.39,0
2.27818,8.90958,3.7541,-0.873575,0.109572,3910.83,0
2.28466,8.94221,3.71443,-0.655493,0.111648,3914.03,0
2.29111,8.91318,3.80015,-0.656294,0.100481,3890.33,0
2.29763,8.98114,3.78606,-0.676016,0.109878,3908.87,0
2.30413,9.03087,3.81103,-0.692749,0.114418,3919.43,0
2.31064,9.2132,4.00285,-0.74195,0.14495,3987.28,0
2.31712,9.06777,3.85375,-0.890611,0.109866,3913.38,0
2.32368,9.19718,3.89662,-0.783345,0.129982,3958.03,0
2.33022,9.13699,3.5631,-0.705534,0.113203,3921.09,0
2.33675,9.2616,3.47138,-1.01872,0.13272,3963.45,0
2.34324,9.19389,3.49675,-1.15024,0.113989,3923.59,0
2.34969,9.18876,3.50287,-1.15882,0.107958,3910.63,0
2.35622,9.26016,3.64603,-1.23878,0.117175,3930.1,0
2.36274,9.18335,3.66485,-1.31225,0.0981953,3886.74,0
2.36923,9.14403,3.63169,-1.25307,0.0869976,3859.49,0
2.3757,9.12453,3.73602,-1.25706,0.0800995,3840.78,0
2.38221,9.00231,3.87863,-1.20417,0.0533503,3778.97,0
2.38871,9.08615,4.04823,-1.05086,0.0684728,3803.79,0
2.3952,9.07235,4.14278,-1.07927,0.063672,3787.72,0
2.40168,9.32765,4.08747,-1.33869,0.111055,3883.8,0
2.40823,9.35776,4.06028,-1.26881,0.112946,3885.74,0
2.41472,9.35113,3.9903,-1.24757,0.10661,3872.55,0
2.42123,9.39077,4.01654,-1.32807,0.110574,3878.51,0
2.42772,9.23891,4.05424,-1.23519,0.0762119,3805.59,0
2.43422,9.36326,4.0308,-1.42306,0.0974273,3846.52,0
2.44071,9.26041,4.07844,-1.4901,0.0738808,3794.15,0
2.44718,9.35439,3.82082,-1.50073,0.0896446,3822.51,0
2.45371,9.38869,3.64678,-1.55707,0.092505,3826.33,0
2.46017,9.38369,3.81028,-1.66759,0.0881375,3814.25,0
2.46665,9.17377,3.8779,-1.80375,0.043536,3719.11,0
2.47312,9.18873,3.81645,-1.86031,0.0451874,3715.44,0
2.47963,9.1657,3.83937,-1.89344,0.0393163,3696.4,0
2.48614,9.14938,3.71993,-2.01444,0.0350797,3680.16,0
2.49263,9.12197,3.73778,-2.12255,0.0287943,3659.58,0
2.49914,9.10216,3.77702,-2.17841,0.0244097,3642.12,0
2.50564,9.27127,3.80065,-2.13246,0.0571029,3700.16,0
2.51214,9.1942,3.71994,-2.14862,0.0400466,3659.91,0
2.51865,9.10159,3.75147,-2.11846,0.0207304,3613.68,0
2.52517,9.0911,3.73394,-2.07984,0.018231,3600.2,0
2.53171,9.1028,3.76611,-2.04641,0.0201789,3595.51,0
2.53823,9.02147,3.8288,-2.06158,0.00376767,3554.23,0
2.54471,9.07533,3.83626,-2.10918,0.0144173,3566.35,0
2.55121,9.03688,3.87999,-2.10861,0.00657244,3542.19,0
2.55768,9.16503,3.8703,-2.08659,0.031759,3583.34,0
2.56418,9.32609,3.85105,-2.07183,0.0621891,3637.06,0
2.57071,9.34856,3.8098,-2.18273,0.0647675,3636.57,0
2.57716,9.32355,3.95641,-2.08442,0.0580191,3617.76,0
2.58364,9.3739,3.88507,-2.01149,0.0659194,3628.17,0
2.59016,9.40884,3.90355,-1.96247,0.0710137,3632.53,0
2.59669,9.33199,3.82734,-1.96143,0.0538591,3593.8,0
2.60324,9.53489,3.74743,-1.84206,0.0915419,3662.7,0
2.60972,9.55374,3.80157,-1.84053,0.0915975,3660.84,0
2.61625,9.55629,3.67472,-1.85451,0.0885681,3652.66,0
2.62279,9.49844,3.75115,-1.80298,0.0742809,3621.5,0
2.6293,9.3608,3.97378,-1.69369,0.0445798,3560.19,0
2.6358,9.45609,4.00675,-1.60137,0.0617778,3587.56,0
2.64231,9.34858,3.85581,-1.52449,0.0384233,3538.04,0
2.64883,9.40762,3.82959,-1.37429,0.0493781,3551.61,0
2.65533,9.6571,3.87899,-1.41174,0.0968834,3636.87,0
2.66187,9.57309,3.92036,-1.51306,0.0771782,3596.38,0
2.66831,9.57758,3.99306,-1.61698,0.0748449,3589.38,0
2.67477,9.63043,4.10809,-1.54269,0.0822874,3600.47,0
2.68127,9.49163,3.96,-1.69207,0.0523182,3539.97,0
2.68776,9.55174,3.86373,-1.74544,0.0623097,3553.79,0
2.69429,9.60748,3.97402,-1.87884,0.0705973,3565.87,0
2.70077,9.56038,3.93534,-1.77739,0.0586172,3539.87,0
2.70724,9.64966,3.9164,-1.7902,0.0737281,3564.39,0
2.71374,9.7683,4.09436,-1.99192,0.0945898,3599.57,0
2.72026,10.0181,4.16784,-2.04509,0.139252,3682.77,0
2.72677,10.0293,4.05389,-2.11166,0.134174,3678.1,0
2.73331,10.1199,3.72424,-2.13537,0.146007,3702.42,0
2.73981,10.0677,3.72197,-2.23158,0.128359,3674.6,0
2.7463,9.98283,3.88293,-2.28292,0.105761,3635.01,0
2.7528,9.90359,3.90441,-2.31569,0.086065,3597.64,0
2.75932,10.0501,4.0074,-2.54365,0.111566,3642.24,0
2.7658,9.98457,3.97669,-2.55569,0.0939495,3610.01,0
2.77229,10.0177,4.22635,-2.67962,0.0972793,3613.5,0
2.77878,10.0013,4.22156,-2.78436,0.0904914,3599.15,0
2.7853,9.92055,4.20083,-2.87531,0.0716293,3561.75,0
2.79183,10.0298,4.22819,-2.89043,0.0901608,3592.57,0
2.79836,10.0649,4.17685,-2.69127,0.0932286,3596.72,0
2.80487,10.0159,4.30693,-2.66783,0.0802125,3570.9,0
2.8114,10.051,4.43844,-2.67198,0.0843257,3575.07,0
2.81793,10.0923,4.34378,-2.55584,0.0890864,3581.46,0
2.82445,10.0872,4.35114,-2.72957,0.084948,3571.37,0
2.83092,10.1013,4.42377,-2.77379,0.084421,3568.2,0
2.83739,10.3059,4.3607,-2.81623,0.120729,3632.18,0
2.84391,10.1771,4.15038,-2.74564,0.0901407,3578.58,0
2.85042,10.0654,4.44023,-2.4959,0.0647948,3531.2,0
2.85696,9.99506,4.29255,-2.30419,0.0487686,3498.49,0
2.86349,9.99921,4.30116,-2.19963,0.0482819,3491.97,0
2.87,9.98489,4.30453,-2.20753,0.0441457,3479.05,0
2.87651,10.0323,4.40912,-2.01316,0.0520426,3487.65,0
2.883,10.1289,4.47668,-1.99013,0.06913,3513.32,0
2.88946,10.0821,4.39459,-1.99878,0.0575313,3489.26,0
2.89597,10.0298,4.40738,-1.9421,0.0458555,3463.36,0
2.90246,10.0881,4.33301,-1.79676,0.0558942,3475.72,0
2.90897,9.95914,4.30744,-1.71123,0.0289726,3423.6,0
2.91548,9.83769,4.21552,-1.76565,0.00446606,3374.3,0
2.92195,9.88391,4.12801,-1.69544,0.0136222,3382.64,0
2.92843,9.94772,4.26051,-1.66735,0.0259719,3396.95,0
2.93491,9.9887,4.25207,-1.56011,0.0335494,3403.41,0
2.94143,10.1383,4.40653,-1.51079,0.061687,3446.74,0
2.94797,10.2618,4.32728,-1.429,0.0837561,3480.98,0
2.95451,10.445,4.30957,-1.38481,0.116475,3535.28,0
2.961,10.626,4.35398,-1.24545,0.146437,3588.65,0
2.96749,10.3921,4.41856,-1.20605,0.0945852,3501.98,0
2.97396,10.3817,4.28201,-1.1388,0.0891817,3490.87,0
2.98047,10.4554,4.52884,-1.2066,0.100249,3507.98,0
2.98699,10.3374,4.48504,-1.24203,0.073365,3460.8,0
2.99345,10.3756,4.3079,-1.18963,0.0780718,3466.1,0
2.99993,10.3888,4.2466,-1.14975,0.0777317,3463,0
3.00647,10.5584,4.23944,-0.959547,0.107663,3511.91,0
3.01293,10.723,4.33219,-0.914438,0.134681,3559,0
3.01944,10.6557,4.25382,-1.00485,0.115564,3529.04,0
3.02594,10.698,4.20728,-1.12652,0.119025,3535.43,0
3.03248,10.89,4.28025,-1.12605,0.150796,3591.12,0
3.03898,11.1344,4.28803,-0.96095,0.189721,3663.85,0
3.04547,11.3186,4.23203,-1.14243,0.213478,3716.54,0
3.05195,11.3569,4.18877,-1.37443,0.207864,3721.17,0
3.05846,11.3886,4.07534,-1.28117,0.202433,3723.62,0
3.06498,11.4908,4.01684,-0.900481,0.210613,3749.05,0
3.07152,11.5068,4.09772,-0.974337,0.202252,3746.27,0
3.07802,11.4176,3.92504,-1.21663,0.174084,3709.4,0
3.08449,11.2238,4.03167,-1.1067,0.128268,3638.78,0
3.09099,11.2474,4.00623,-0.992675,0.126166,3638.78,0
3.09749,11.287,3.67307,-0.972074,0.128568,3643.92,0
3.10397,11.504,3.7175,-0.880195,0.16439,3706.24,0
3.11049,11.573,3.57607,-0.795481,0.170231,3720.64,0
3.11699,11.401,3.30047,-0.647072,0.128436,3657.68,0
3.12346,11.6547,3.22202,-0.621674,0.171612,3731.34,0
3.12994,11.8705,3.53067,-0.581974,0.204377,3792.57,0
3.13647,12.0127,3.49925,-0.59189,0.22068,3830.01,0
3.14298,11.8548,3.59469,-0.900048,0.177827,3771.82,0
3.1495,11.9214,3.59471,-1.0577,0.180628,3785.18,0
3.15603,11.6345,3.74138,-1.186,0.115573,3686.44,0
3.16256,11.3866,3.75659,-1.01844,0.0626113,3600.44,0
3.1691,11.4031,3.77284,-1.05995,0.0639759,3598.2,0
3.17563,11.4845,3.60364,-1.06505,0.0774359,3616.43,0
3.18215,11.9914,3.7439,-0.993876,0.173226,3768.32,0
3.1887,12.1868,3.93193,-1.08815,0.201735,3821.89,0
3.19524,11.9006,4.04658,-0.767682,0.136393,3724.49,0
3.20174,12.1256,4.07592,-1.03721,0.17356,3787.2,0
3.20827,11.9168,4.05216,-1.18163,0.123144,3714.39,0
3.2148,11.9626,4.05932,-1.13369,0.126565,3721.09,0
3.22125,11.9252,4.15386,-1.30758,0.113565,3702.02,0
3.22772,11.9212,4.19845,-1.14749,0.108023,3693.38,0
3.23423,11.9931,4.19065,-1.10319,0.116935,3708.2,0
3.24071,11.9692,4.28931,-1.16765,0.107476,3693.41,0
3.24719,11.9231,4.49632,-1.27775,0.0942533,3671.82,0
3.25366,11.9919,4.77791,-1.40569,0.103997,3685.66,0
3.26022,12.0515,4.77967,-1.57752,0.111405,3696.52,0
3.26673,11.964,4.72628,-1.60025,0.0893628,3662.39,0
3.27321,11.8926,4.61746,-1.60939,0.0725352,3633.32,0
3.27965,11.8661,4.48073,-1.61436,0.0648842,3618.11,0
3.28614,11.6859,4.66633,-1.67268,0.0273192,3556.11,0
3.29263,11.6182,4.63027,-1.64385,0.0134368,3528.55,0
3.29914,11.63,4.58965,-1.60292,0.0155929,3525.17,0
3.30565,11.6665,4.63928,-1.60843,0.0224883,3529.26,0
3.31219,11.7138,4.58147,-1.70328,0.0314717,3536.58,0
3.31867,11.6484,4.56076,-1.71421,0.0181399,3509.95,0
3.32515,11.6036,4.47456,-1.87059,0.00898212,3489.63,0
3.33173,11.5776,4.51952,-1.93535,0.0037347,3474.95,0
3.33822,11.6059,4.45691,-1.86939,0.00928923,3476.67,0
3.34472,11.6881,4.38688,-1.65848,0.0251414,3494.5,0
3.35125,11.6284,4.48429,-1.60507,0.0128589,3469.87,0
3.35774,11.7359,4.59837,-1.78797,0.0337762,3495.18,0
3.36428,11.7926,4.48739,-1.69013,0.0440647,3505.24,0
3.37077,11.9337,4.36754,-1.69576,0.0701966,3540.35,0
3.37726,12.1225,4.35212,-1.66895,0.104382,3589.46,0
3.38375,12.1439,4.43151,-1.62862,0.103972,3588.88,0
3.39028,12.3352,4.33803,-1.58997,0.137236,3638.42,0
3.39678,12.1924,4.44769,-1.58971,0.103737,3589.39,0
3.4033,12.2776,4.36117,-1.44472,0.116223,3607.55,0
3.40977,12.239,4.47846,-1.82951,0.103751,3589.38,0
3.4163,12.1653,4.3807,-1.85415,0.0853329,3560.95,0
3.42279,12.1543,4.2746,-1.83348,0.0798446,3550.98,0
3.42933,12.049,4.3831,-1.80198,0.0570832,3513.5,0
3.43582,12.001,4.3998,-1.79054,0.0453642,3492.91,0
3.44233,12.0875,4.38675,-1.68751,0.0608886,3511.44,0
3.44884,12.0147,4.25507,-1.56463,0.0447341,3483.68,0
3.45534,12.0992,4.21507,-1.59532,0.0596499,3501.58,0
3.46183,12.1589,4.26993,-1.67137,0.0692177,3512.26,0
3.4684,12.011,4.35671,-1.73048,0.03729,3462.97,0
3.47488,11.9211,4.41642,-1.60372,0.0188084,3430.66,0
3.48137,12.0542,4.40839,-1.79278,0.0446355,3462.48,0
3.4879,12.1889,4.34181,-1.81438,0.0699262,3494.62,0
3.49439,12.2605,4.40622,-1.90898,0.0816473,3508.63,0
3.50088,12.2112,4.33089,-1.80018,0.068745,3488.04,0
3.50742,12.1943,4.10669,-1.84576,0.0634914,3476.72,0
3.51395,12.2182,4.23017,-2.04051,0.0665614,3477.07,0
3.52045,12.2645,4.25648,-2.17002,0.0730455,3483.79,0
3.52697,12.1445,4.24817,-2.12326,0.0470388,3443.32,0
3.53348,12.1562,4.08155,-2.0668,0.0476096,3440.31,0
3.54,12.2086,3.96881,-2.08991,0.0567039,3448.75,0
3.54648,12.3147,3.89078,-2.11668,0.0756236,3472.36,0
3.55297,12.2743,3.71082,-2.1505,0.0649961,3454.67,0
3.55948,12.4863,3.61679,-2.28008,0.104085,3507.9,0
3.566,12.5503,3.78658,-2.30238,0.111721,3519.43,0
3.57249,12.5575,3.6352,-2.43963,0.108323,3515.04,0
3.57898,12.5148,3.66746,-2.61101,0.0952594,3496.75,0
3.58549,12.5342,3.72228,-2.45765,0.0956486,3495.82,0
3.59201,12.7246,3.87002,-2.5886,0.128797,3542.48,0
3.59854,12.6027,3.89283,-2.55034,0.0996941,3502.18,0
3.60502,12.4346,3.99523,-2.57412,0.0627088,3449.24,0
3.61155,12.4725,4.04844,-2.63076,0.0678546,3453.49,0
3.61799,12.3869,4.18833,-2.56734,0.0491636,3423.7,0
3.62444,12.4054,4.22842,-2.54056,0.0513344,3422.7,0
3.63095,12.4484,4.38992,-2.52735,0.0583996,3428.4,0
3.63746,12.4538,4.1729,-2.54132,0.0575675,3423.75,0
3.64398,12.55,4.13242,-2.40522,0.0746304,3444.03,0
3.65048,12.4746,4.16781,-2.40011,0.0575478,3417.24,0
3.65699,12.6919,4.13189,-2.38939,0.0978544,3470.59,0
3.6635,12.558,3.92747,-2.38139,0.0681312,3427.87,0
3.66997,12.5894,4.10944,-2.23415,0.0722241,3430.39,0
3.67648,12.4148,4.21549,-2.16078,0.0353898,3376.82,0
3.68295,12.522,4.34266,-2.34414,0.0555671,3400,0
3.68946,12.6772,4.37972,-2.19162,0.0834579,3436.07,0
3.69595,12.6832,4.36711,-2.23359,0.0816856,3431.66,0
3.70246,12.6406,4.24166,-2.13339,0.0696746,3414.11,0
3.70898,12.5677,4.24564,-2.2481,0.0528957,3388.46,0
3.71546,12.5032,4.14563,-2.27906,0.0384588,3365.19,0
3.72196,12.583,4.08215,-2.17274,0.0529206,3380.75,0
3.72848,12.6401,4.01841,-2.09853,0.0628775,3390.15,0
3.73499,12.6756,4.01353,-2.29181,0.0669601,3393.75,0
3.74148,12.5727,3.6398,-2.30321,0.0445927,3360.36,0
3.74796,12.5681,3.73259,-2.22832,0.0426945,3353.32,0
3.75444,12.4378,3.79179,-2.29854,0.0158888,3312.81,0
3.76093,12.4887,3.86271,-2.21002,0.0256529,3320.63,0
3.76747,12.5523,3.82013,-2.20621,0.037587,3331.75,0
3.77396,12.4459,3.7469,-2.24223,0.0157736,3297.84,0
3.78046,12.4505,3.8018,-2.22948,0.0165377,3293.39,0
3.78697,12.587,3.951,-2.26862,0.0431765,3323.77,0
3.79351,12.3854,3.92961,-2.28972,0.00222664,3264.88,0
3.80005,12.4092,4.01157,-2.28908,0.00694526,3265.54,0
3.80656,12.3892,4.01589,-2.24131,0.00288435,3254.69,0
3.81306,12.4427,3.9784,-2.27255,0.0134624,3263.17,0
3.8196,12.5127,3.93471,-2.25258,0.0270618,3275.92,0
3.82605,12.6672,3.76906,-2.31644,0.0567811,3310.78,0
3.83254,12.636,3.81075,-2.17834,0.0487461,3297.04,0
3.83907,12.5854,3.82076,-2.15725,0.0373466,3278.23,0
3.8456,12.5958,3.88019,-2.21341,0.0380029,3275.39,0
3.85209,12.6878,3.96129,-2.12311,0.0543603,3293.74,0
3.85858,12.6783,3.94539,-2.34924,0.0510957,3285.74,0
3.86509,12.5622,3.97788,-2.26191,0.0268909,3250.16,0
3.87164,12.4801,3.90219,-2.35279,0.0101401,3223.46,0
3.87815,12.5201,3.86368,-2.24221,0.0178586,3228.37,0
3.8846,12.6798,4.00791,-2.30575,0.0488605,3264.13,0
3.89109,12.8271,3.98637,-2.33665,0.0757575,3296.52,0
3.89761,12.8226,3.99204,-2.37105,0.071557,3289.87,0
3.90413,12.8793,4.04396,-2.34523,0.0803756,3298.89,0
3.91061,13.0111,4.14449,-2.33381,0.102358,3327.13,0
3.91715,12.9623,4.18267,-2.35138,0.089244,3309.11,0
3.92364,13.2072,4.17018,-2.30775,0.13363,3366.06,0
3.93014,13.3173,4.19534,-2.33961,0.148713,3388.51,0
3.93669,13.5754,4.1164,-2.40229,0.191707,3448.42,0
3.94321,13.5698,4.16797,-2.50207,0.18003,3441.3,0
3.9497,13.4663,4.28078,-2.59309,0.150779,3409.46,0
3.95621,13.5053,4.29047,-2.33622,0.150619,3413.7,0
3.96274,13.3729,4.23825,-2.30325,0.117725,3374.66,0
3.96923,13.255,4.29712,-2.25252,0.0895936,3339.43,0
3.97573,13.2716,4.41611,-2.14328,0.089002,3338.14,0
3.98225,13.2757,4.51106,-2.01816,0.0862209,3333.72,0
3.98875,13.1651,4.70237,-1.94554,0.0615416,3300.56,0
3.99523,13.2865,4.58323,-1.94175,0.0832433,3325.59,0
4.00171,13.4523,4.38113,-1.94271,0.112517,3361.64,0
4.00823,13.4734,4.10736,-1.97629,0.112259,3361.43,0
4.01475,13.4653,4.29772,-1.83885,0.106847,3353.96,0
4.02132,13.3297,4.52845,-1.66626,0.0764077,3314.76,0
4.02783,13.2364,4.74129,-1.82216,0.0551834,3286.25,0
4.0343,13.3192,4.87687,-1.85692,0.0696285,3301.49,0
4.0408,13.4235,4.9537,-1.95768,0.0867437,3322,0
4.04731,13.3072,5.16409,-1.95801,0.0610298,3287.9,0
4.05383,13.237,5.21745,-2.00032,0.0449623,3265.3,0
4.06031,13.2915,5.21614,-1.96807,0.0544892,3273.51,0
4.06685,13.2153,5.22623,-1.97616,0.0377096,3249.51,0
4.07337,13.095,5.23967,-1.82507,0.0131367,3214.78,0
4.07986,13.0974,5.30166,-1.76878,0.0135095,3210.27,0
4.08631,13.0892,5.3015,-1.85964,0.011653,3203.17,0
4.09277,13.0848,5.43794,-1.8306,0.010701,3197.06,0
4.09931,13.0797,5.43382,-1.81266,0.00958344,3190.7,0
4.10584,13.2444,5.29086,-1.76493,0.0417969,3225.75,0
4.11239,13.1074,5.36467,-1.73649,0.0135749,3187.29,0
4.11889,13.1151,5.46047,-1.75029,0.0147711,3184.14,0
4.12541,13.0954,5.44966,-1.69946,0.0106323,3174.31,0
4.13189,13.1819,5.29759,-1.71408,0.0276043,3190.29,0
4.13838,13.3707,5.38921,-1.7879,0.0637456,3230.9,0
4.14491,13.329,5.26792,-1.66823,0.0536015,3215.75,0
4.15143,13.2632,5.27037,-1.6494,0.0392145,3194.85,0
4.15794,13.3675,5.28787,-1.55385,0.0585123,3214.93,0
4.16445,13.4788,5.23505,-1.65804,0.0782967,3236.63,0
4.17095,13.4296,5.30653,-1.80407,0.0662477,3219.8,0
4.17748,13.4122,5.22925,-1.778,0.0604031,3210.59,0
4.18401,13.5337,5.23168,-1.71422,0.0820714,3234.63,0
4.19056,13.6399,5.15578,-1.70675,0.100024,3254.91,0
4.19706,13.7073,5.06495,-1.66688,0.109177,3265.92,0
4.20359,13.7796,5.04374,-1.59848,0.118589,3278.06,0
4.21008,13.7466,5.18882,-1.75168,0.106655,3265.15,0
4.21663,13.9319,5.40394,-1.79245,0.138432,3304.04,0
4.22311,13.8504,5.0988,-1.89089,0.116337,3279.66,0
4.22964,13.7765,5.13514,-1.74463,0.0971232,3257.13,0
4.2362,13.8306,5.04333,-1.70275,0.103954,3264.86,0
4.24272,14.1313,5.20099,-1.79871,0.157942,3330.72,0
4.24929,14.0061,5.09849,-1.8118,0.125797,3296.11,0
4.25582,14.0534,5.24238,-1.98395,0.130047,3302.17,0
4.2623,13.9779,5.33049,-1.96259,0.109751,3279.44,0
4.26877,13.8023,5.2585,-1.84115,0.0714572,3233.32,0
4.27523,14.0901,5.07696,-1.68948,0.124747,3295.74,0
4.28176,14.0335,5.12512,-1.75781,0.108684,3277.52,0
4.28825,13.9339,5.20742,-1.79137,0.0848203,3249.32,0
4.29476,13.8494,5.21762,-2.03125,0.065349,3224.73,0
4.30124,14.0358,5.36997,-1.81547,0.0992803,3263.19,0
4.30774,14.1841,5.52202,-1.86533,0.124009,3292.71,0
4.31425,14.1636,5.38413,-1.8479,0.114018,3282.98,0
4.32072,14.1569,5.34043,-1.80668,0.1074,3276.51,0
4.32718,14.0346,5.21069,-1.70491,0.0795595,3243.36,0
4.33363,13.9766,5.21593,-1.61343,0.0653053,3225.14,0
4.34018,14.1228,5.2516,-1.57225,0.0919197,3253.96,0
4.34669,14.3274,5.51182,-1.6201,0.127973,3296.15,0
4.3532,14.2208,5.59278,-1.63361,0.101524,3266.74,0
4.35967,14.1996,5.5211,-1.59292,0.0934964,3257.03,0
4.3662,14.3516,5.54148,-1.49715,0.119209,3286.99,0
4.37273,14.4044,5.37941,-1.32374,0.125072,3294.14,0
4.37925,14.2178,5.32524,-1.40024,0.083016,3246.62,0
4.38571,14.4006,5.23689,-1.09253,0.115105,3283.52,0
4.39224,14.4599,5.23848,-1.05304,0.121569,3292.13,0
4.39875,14.345,5.27888,-0.957107,0.0947563,3261.16,0
4.40524,14.4044,5.18943,-1.11697,0.102484,3269.84,0
4.41169,14.5004,5.11547,-1.17081,0.116439,3286.82,0
4.41821,14.5973,5.04871,-1.05095,0.13012,3303.9,0
4.42471,14.7686,5.0861,-1.15774,0.15695,3337.75,0
4.43121,14.9319,4.97601,-1.34428,0.180052,3369.72,0
4.43772,14.9229,4.813,-1.63586,0.167722,3362.74,0
4.44417,14.8581,4.65814,-1.49714,0.147212,3343.29,0
4.45068,14.9375,4.80795,-1.43491,0.156343,3356.23,0
4.45718,15.0126,5.02403,-1.41641,0.163365,3368.19,0
4.46367,14.9092,5.17473,-1.24683,0.13471,3340.13,0
4.47012,14.8248,5.34301,-1.12943,0.111318,3316.42,0
4.47665,14.8823,5.39725,-0.973707,0.117827,3324.44,0
4.48314,14.7861,5.23598,-0.810297,0.0937417,3298.15,0
4.48965,14.927,5.22052,-0.886006,0.117841,3324.76,0
4.49609,15.0073,5.38694,-0.982217,0.126749,3337.86,0
4.50263,14.9951,5.30357,-1.04638,0.118849,3330.29,0
4.50914,15.1606,5.29116,-1.01841,0.144872,3362.18,0
4.51566,14.9137,5.39656,-1.0661,0.0904172,3302.66,0
4.52215,14.9084,5.2418,-0.989648,0.085469,3296.76,0
4.52864,15.1153,5.25375,-0.990942,0.122389,3337.71,0
4.53514,15.1538,5.41376,-0.885634,0.124255,3341.42,0
4.54173,15.2354,5.52329,-0.890626,0.135008,3354.53,0
4.54823,15.1239,5.70987,-0.906531,0.10769,3325.23,0
4.55478,15.2996,5.64298,-0.828981,0.136938,3359.01,0
4.56131,15.298,5.6201,-0.7241,0.13055,3353.87,0
4.56786,15.2979,5.70019,-0.809507,0.124684,3349.04,0
4.57438,15.2215,5.68913,-0.646897,0.104789,3327.55,0
4.5809,15.1356,5.66579,-0.570687,0.0839333,3304.06,0
4.5874,15.1758,5.73395,-0.515935,0.088767,3308.14,0
4.59392,15.2008,5.63606,-0.377829,0.0897461,3308.89,0
4.60042,15.3313,5.85511,-0.150973,0.111438,3332.6,0
4.60693,15.3734,5.64771,-0.140629,0.115159,3337.01,0
4.61339,15.4546,5.70195,-0.101319,0.125439,3349.95,0
4.61985,15.2073,5.66179,-0.0820313,0.0722828,3291.72,0
4.62631,15.136,5.57872,-0.0823369,0.0561826,3271.73,0
4.63283,15.129,5.42273,-0.234634,0.0533551,3265.62,0
4.63934,15.2273,5.25916,-0.264484,0.0708591,3282.22,0
4.64589,15.3027,5.2312,-0.391909,0.0825387,3293.82,0
4.65238,15.3099,5.06312,-0.500382,0.080998,3290.76,0
4.6589,15.2901,4.93285,-0.41271,0.073675,3281.9,0
4.6654,15.106,4.77062,-0.401811,0.034634,3237.88,0
4.67187,15.2037,4.69203,-0.51652,0.0527018,3254.3,0
4.67835,15.0813,4.64292,-0.460251,0.027372,3223.63,0
4.68486,15.156,4.67365,-0.356349,0.0408812,3235.09,0
4.69137,15.2611,4.72714,-0.527424,0.0604411,3253.01,0
4.69786,15.2762,4.71162,-0.353823,0.061207,3251.73,0
4.70435,15.4183,4.72652,-0.352777,0.0863323,3277.46,0
4.71084,15.3677,4.76018,-0.208404,0.07274,3262.21,0
4.71731,15.3587,4.6433,-0.410122,0.0680907,3255.81,0
4.72381,15.5527,4.56452,-0.494518,0.103403,3292.41,0
4.73026,15.6478,4.52511,-0.664721,0.117475,3308.02,0
4.73678,15.7323,4.26885,-0.548514,0.128578,3321.3,0
4.74331,15.8493,4.22917,-0.710425,0.145915,3341.39,0
4.74982,15.7424,4.19439,-0.698047,0.119044,3314.32,0
4.75637,15.9122,4.4144,-0.875406,0.146758,3345.44,0
4.76292,15.9436,4.39321,-0.749224,0.145778,3347.45,0
4.76941,16.0318,4.53981,-0.678564,0.156611,3361.39,0
4.77591,16.1589,4.31932,-0.40238,0.173716,3383.42,0
4.78243,16.3984,4.52365,-0.25122,0.211313,3428.88,0
4.78891,16.2201,4.41459,-0.175611,0.164967,3387.02,0
4.79539,16.0903,4.39877,-0.252856,0.130596,3355.38,0
4.80182,16.1252,4.35728,-0.154035,0.132033,3358.15,0
4.80836,16.1777,4.35632,-0.0588053,0.136508,3364.49,0
4.81489,16.0368,4.59166,0.0901955,0.102938,3330.66,0
4.82138,16.0104,4.62247,0.170433,0.0937122,3320.71,0
4.82791,16.1603,4.64039,-0.0144697,0.119087,3347.27,0
4.83443,15.9875,4.76686,-0.0694063,0.0805427,3307.01,0
4.84097,15.9889,4.71338,0.0459978,0.0779555,3302.84,0
4.84745,16.0261,4.89743,0.065338,0.0824198,3306.08,0
4.85396,15.9812,4.6244,0.24902,0.0704273,3292.4,0
4.8605,15.9905,4.70799,0.358388,0.0692297,3289.89,0
4.86701,16.0682,4.71131,0.562316,0.0816314,3301.45,0
4.87347,16.1074,4.54186,0.483718,0.0862732,3305.12,0
4.88002,16.2841,4.76958,0.701664,0.117464,3336.89,0
4.88656,16.7215,4.74169,0.554466,0.196378,3421.94,0
4.89308,16.7331,4.76463,0.585215,0.187359,3419.75,0
4.8996,16.6831,4.66904,0.489045,0.168368,3404.99,0
4.90608,16.5607,4.68998,0.519551,0.1368,3375.55,0
4.9126,16.4133,4.67446,0.395522,0.102158,3341.06,0
4.91911,16.3043,4.69431,0.26743,0.0760922,3314.47,0
4.92564,16.5463,4.47856,0.171475,0.12044,3359.23,0
4.93214,16.4469,4.58774,0.0518891,0.0954566,3334.64,0
4.93864,16.3773,4.73077,0.373779,0.0785637,3316.16,0
4.94517,16.1805,4.60246,0.437393,0.0376994,3271.99,0
4.95166,16.2247,4.52831,0.503146,0.0455737,3276.62,0
4.95819,16.3111,4.36643,0.366741,0.0614672,3289.73,0
4.96466,16.2238,4.29512,0.367632,0.0424388,3267.86,0
4.9712,16.2895,4.20522,0.424096,0.0537863,3276.77,0
4.97769,16.1614,4.29723,0.419565,0.027158,3246.78,0
4.98418,16.2072,4.40672,0.312981,0.0354906,3251.73,0
4.99067,16.1298,4.25558,0.365758,0.0194954,3232,0
4.99716,16.1093,4.23674,0.441889,0.01515,3223.69,0
5.00366,16.1662,4.31308,0.518311,0.0260122,3230.88,0
5.01021,16.2482,4.3106,0.571836,0.0416371,3243.02,0
5.01666,16.2615,4.37619,0.505949,0.0434876,3241.49,0
5.02315,16.4322,4.53704,0.429345,0.0758773,3271.29,0
5.02966,16.4405,4.45655,0.505334,0.0751733,3268.72,0
5.03616,16.5126,4.30047,0.51994,0.0861423,3278.81,0
5.04264,16.4914,4.24117,0.619246,0.0784127,3270.4,0
5.0492,16.2858,4.37409,0.611335,0.0355576,3225.43,0
5.0557,16.5862,4.40709,0.436761,0.0938058,3280.69,0
5.06221,16.5433,4.48327,0.480764,0.0816975,3268,0
5.0687,16.478,4.51415,0.682491,0.0658611,3250.94,0
5.07518,16.6411,4.52531,0.624347,0.0957647,3278.91,0
5.08169,16.6541,4.53941,0.612162,0.0947207,3277.28,0
5.08822,16.5752,4.57396,0.478321,0.075461,3257.57,0
5.09472,16.5876,4.62844,0.366225,0.0756168,3255.84,0
5.10119,16.485,4.71371,0.48592,0.0532995,3231.6,0
5.1077,16.7491,4.75319,0.383213,0.103577,3279.18,0
5.1142,16.3908,4.73239,0.372854,0.0300247,3204.97,0
5.12068,16.4264,4.66384,0.432657,0.0364262,3207.85,0
5.12717,16.324,4.6141,0.551608,0.0154582,3183.82,0
5.13368,16.4533,4.5434,0.624446,0.0405996,3204.97,0
5.14019,16.4272,4.56766,0.598214,0.0344464,3195.83,0
5.1467,16.5283,4.60801,0.811544,0.0533623,3211.44,0
5.15319,16.6233,4.58406,0.823769,0.0703888,3225.82,0
5.15975,16.6587,4.4166,0.967648,0.0749383,3228.59,0
5.16624,16.5579,4.49176,0.901927,0.0527098,3205.02,0
5.17272,16.4037,4.51907,0.983043,0.0210963,3171.19,0
5.17928,16.4321,4.70154,1.0648,0.0264505,3172.67,0
5.18574,16.5776,4.6704,1.20205,0.0546285,3196.76,0
5.19221,16.6784,4.55671,1.19409,0.0728658,3212.2,0
5.19874,16.5636,4.44228,0.99692,0.0479623,3186.09,0
5.20524,16.6975,4.53054,0.922525,0.0728522,3207.82,0
5.21175,16.6562,4.69012,0.978364,0.061221,3195.89,0
5.21826,16.3999,4.61711,0.999783,0.00929222,3142.79,0
5.22476,16.4307,4.69519,0.947616,0.015251,3144.77,0
5.23125,16.4561,4.62666,0.907993,0.0201683,3145.73,0
5.23777,16.441,4.63984,1.01339,0.01662,3138.93,0
5.24426,16.3997,4.73767,1.05858,0.00820063,3127.18,0
5.25076,16.4181,4.72467,1.06144,0.0117782,3126.81,0
5.25727,16.4763,4.65698,1.01416,0.0231642,3134.01,0
5.26379,16.4573,4.61018,1.12289,0.0190059,3126.52,0
5.27029,16.4687,4.6951,1.1619,0.0210851,3124.82,0
5.27679,16.4939,4.68278,1.253,0.0255554,3125.75,0
5.2833,16.5291,4.662,1.25425,0.0318327,3128.57,0
5.28979,16.5527,4.60555,1.28012,0.0356552,3129.17,0
5.29632,16.6643,4.50763,1.23263,0.0570071,3146.39,0
5.30283,16.4098,4.62173,1.32957,0.00559773,3094.54,0
5.30934,16.4236,4.58979,1.30866,0.00811986,3093.35,0
5.31586,16.473,4.55817,1.34289,0.0178803,3098.85,0
5.32234,16.4223,4.59904,1.32483,0.00758106,3085.54,0
5.32885,16.3971,4.57626,1.28006,0.00250736,3077.05,0
5.33537,16.404,4.59196,1.23738,0.00383788,3074.57,0
5.34191,16.4004,4.56698,1.16232,0.00306993,3070.13,0
5.34841,16.5223,4.629,1.15101,0.0272439,3089.19,0
5.3549,16.4946,4.74574,1.09736,0.0212267,3080.27,0
5.36142,16.6162,4.57509,1.00213,0.0446816,3099.22,0
5.36795,16.7272,4.50075,1.10634,0.0648608,3116.12,0
5.37446,16.6542,4.53486,1.05276,0.0484538,3098.77,0
5.381,16.9024,4.67862,1.1334,0.0958312,3141.13,0
5.38749,16.9702,4.59019,1.11438,0.105714,3149.93,0
5.39401,17.0656,4.72096,1.12114,0.120269,3163.8,0
5.40055,16.8709,4.58251,1.02483,0.0765726,3123.92,0
5.40707,16.8386,4.59296,1.08945,0.0676535,3114.19,0
5.41357,16.7462,4.55103,0.9389,0.0471925,3093.38,0
5.4201,16.7043,4.46527,0.769397,0.0376408,3081.91,0
5.4266,16.6461,4.27605,0.622112,0.025249,3067.5,0
5.43314,16.6302,4.24069,0.686542,0.0216101,3060.88,0
5.43967,16.6473,4.25511,0.668926,0.0243467,3060.35,0
5.44614,16.6097,4.19826,0.649917,0.016263,3049.81,0
5.45269,16.58,4.2753,0.521646,0.0100746,3040.7,0
5.45922,16.5484,4.2925,0.523443,0.00369418,3031.27,0
5.46574,16.6245,4.31497,0.589244,0.0187874,3041.57,0
5.47222,16.7113,4.23782,0.664425,0.0355065,3053.83,0
5.47875,16.8149,4.25593,0.813105,0.0543359,3069.11,0
5.48524,16.8815,4.24248,0.893504,0.0657909,3077.62,0
5.49175,16.9669,4.3784,0.783049,0.0803602,3089.52,0
5.49825,17.089,4.42453,0.800486,0.101419,3108.09,0
5.50473,17.0326,4.50747,0.793131,0.0861216,3094.18,0
5.51125,16.9467,4.40185,0.759898,0.0660312,3074.92,0
5.51779,17.0429,4.29295,0.826145,0.0827209,3088.72,0
5.52436,16.9232,4.28566,0.825809,0.056223,3063.37,0
5.53087,16.9253,4.41798,0.876347,0.054542,3060.15,0
5.5374,16.8177,4.34743,0.865029,0.0322476,3037.11,0
5.54388,16.7776,4.33442,0.835427,0.0237882,3026.34,0
5.55038,16.8931,4.36565,0.702624,0.04617,3043.59,0
5.5569,16.9866,4.53392,0.60196,0.063189,3056.85,0
5.5634,16.9524,4.66838,0.864849,0.053884,3047.14,0
5.56988,16.9152,4.72842,0.931977,0.0450878,3036.9,0
5.57637,16.82,4.77289,0.847986,0.025361,3016.29,0
5.58286,16.8719,4.93033,0.732963,0.0351495,3022.1,0
5.58935,16.8709,4.87912,0.679097,0.0342953,3018.41,0
5.59589,16.9189,4.87705,0.596061,0.0430011,3023.45,0
5.6024,16.977,4.96176,0.641661,0.0528282,3030.31,0
5.60886,17.0138,4.83529,0.670833,0.0584733,3033.38,0
5.61531,17.0648,4.77574,0.58467,0.0662164,3038.97,0
5.62183,17.1073,4.673,0.68848,0.072359,3043.01,0
5.62835,17.1247,4.50937,0.646192,0.0732505,3042.57,0
5.63483,17.0034,4.46684,0.672636,0.0470741,3017.56,0
5.64134,16.9974,4.48802,0.787025,0.044514,3013.01,0
5.64784,17.0443,4.44826,0.738192,0.0526037,3017.85,0
5.65433,17.2176,4.41561,0.847086,0.0848286,3045.04,0
5.66081,17.3461,4.42374,0.719711,0.10593,3064.24,0
5.66736,17.4351,4.36586,0.62395,0.118556,3076.4,0
5.67392,17.4962,4.1932,0.631959,0.125068,3083.61,0
5.68045,17.6271,4.35009,0.521413,0.144944,3103.12,0
5.68695,17.6889,4.28762,0.371489,0.149674,3110.43,0
5.69348,17.8893,4.04775,0.0982964,0.180488,3142.06,0
5.69999,17.8499,3.97966,0.100881,0.163407,3131.57,0
5.70653,17.733,4.02306,-0.0332883,0.132755,3107.5,0
5.71308,17.6109,3.76064,0.0107335,0.103057,3082.56,0
5.7196,17.7187,3.75746,0.0214205,0.119863,3097.89,0
5.72611,17.8886,3.74626,0.171355,0.14659,3124.04,0
5.7326,18.0335,3.75063,0.335046,0.167222,3145.77,0
5.7391,17.946,3.78049,0.234379,0.14191,3126.97,0
5.74559,17.8945,3.78099,0.156084,0.124984,3114.47,0
5.75209,17.696,3.77594,0.164075,0.080826,3076.44,0
5.7586,17.6606,3.56477,0.248618,0.0715063,3066.82,0
5.7651,17.5559,3.43155,0.0825697,0.048259,3045.21,0
5.7716,17.4551,3.42901,0.0506417,0.0269248,3024.32,0
5.77808,17.4097,3.46886,0.0766996,0.0175782,3013.06,0
5.78457,17.3978,3.41583,0.092108,0.0148674,3007.62,0
5.79105,17.4398,3.42514,0.0386923,0.0228098,3011.51,0
5.79752,17.5068,3.4426,-0.0157347,0.0353858,3019.7,0
5.80404,17.5925,3.57011,-0.0298983,0.0511177,3031.08,0
5.81053,17.5006,3.48919,-0.083374,0.0316783,3011.87,0
5.81703,17.4126,3.5699,0.0105781,0.0137456,2993.39,0
5.82355,17.401,3.51618,-0.024055,0.0112545,2988.04,0
5.83009,17.4524,3.43891,-0.0584161,0.0212742,2993.5,0
5.83659,17.4222,3.42717,-0.0685111,0.0146708,2984.99,0
5.84314,17.4169,3.37511,-0.0739125,0.0134854,2980.75,0
5.84961,17.3971,3.40174,-0.00925914,0.00936786,2974.06,0
5.85612,17.4046,3.41162,0.0851,0.0107418,2972.04,0
5.86262,17.3593,3.48192,0.0397575,0.00154194,2961.01,0
5.86912,17.3857,3.61499,-0.00130591,0.00672898,2962.23,0
5.87565,17.39,3.57929,0.0539878,0.00752571,2959.68,0
5.88216,17.3697,3.52667,0.0291953,0.00335423,2952.95,0
5.88869,17.383,3.4994,-0.0422732,0.00591037,2951.92,0
5.89522,17.5387,3.51973,-0.0886363,0.0365915,2975.08,0
5.90171,17.6697,3.58809,0.00329212,0.0614955,2993.99,0
5.90823,17.877,3.56328,0.00905604,0.100192,3025.78,0
5.91477,17.9244,3.38003,-0.154814,0.105607,3030.45,0
5.92131,17.9753,3.45798,-0.0697074,0.111296,3035.69,0
5.9278,18.2541,3.49545,-0.102197,0.16101,3079.41,0
5.93429,18.4984,3.28864,-0.227809,0.199658,3117.21,0
5.94078,18.4624,3.3666,-0.41965,0.181348,3107.74,0
5.94725,18.4118,3.21039,-0.0510414,0.161485,3095.86,0
5.95377,18.4752,3.28875,-0.0153654,0.164092,3103.11,0
5.96027,18.6156,3.4331,-0.181267,0.181932,3123.28,0
5.96673,18.5905,3.66854,-0.410117,0.167028,3115.7,0
5.97325,18.6043,3.54951,-0.500645,0.160594,3114.61,0
5.97976,18.6652,3.57113,-0.628384,0.164933,3121.4,0
5.98628,18.4473,3.75389,-0.722504,0.114854,3081.6,0
5.99283,18.6575,3.76792,-0.670277,0.15127,3113.29,0
5.99934,18.559,3.75309,-0.945776,0.124311,3093.51,0
6.00583,18.6636,3.63804,-0.996454,0.139668,3107.58,0
6.01229,18.7468,3.66231,-0.985975,0.14934,3118.08,0
6.01883,18.7557,3.88213,-1.06855,0.144431,3116.16,0
6.02535,19.0175,4.00602,-1.14444,0.18826,3156.25,0
6.03184,19.1339,4.24385,-1.31069,0.200457,3172.15,0
6.03835,19.1843,4.21106,-1.34163,0.199088,3177.07,0
6.04487,19.065,4.37435,-1.22557,0.165267,3153.91,0
6.05142,19.1816,4.41763,-1.37384,0.178965,3169.76,0
6.05787,19.2686,4.32976,-1.75522,0.186062,3180.75,0
6.06434,19.3689,4.19332,-1.88338,0.196694,3193.9,0
6.07088,19.2868,4.09757,-2.16311,0.169854,3176.94,0
6.07742,19.3148,4.27177,-2.0657,0.167254,3178.13,0
6.08386,19.2085,4.17363,-2.00831,0.13837,3157.29,0
6.09034,19.174,4.11157,-1.96138,0.124756,3148.27,0
6.09689,19.2079,4.06767,-1.86763,0.124977,3150.44,0
6.10342,19.279,4.2429,-2.02627,0.132207,3158.73,0
6.10993,19.3162,4.47756,-2.09082,0.133324,3161.44,0
6.11642,19.4331,4.40961,-2.02708,0.149572,3177.21,0
6.12294,19.4355,4.32983,-2.00443,0.143118,3174.21,0
6.12948,19.7755,4.54006,-2.01014,0.202266,3226.3,0
6.13601,19.8124,4.77388,-1.79877,0.197787,3228.88,0
6.14253,19.8627,4.90133,-1.77303,0.195956,3233.63,0
6.14903,19.9365,4.98769,-1.78755,0.198658,3242.22,0
6.15556,19.991,4.79501,-1.64416,0.197733,3247.63,0
6.16207,19.9884,4.45667,-1.44295,0.18535,3243.77,0
6.16859,20.1289,4.53851,-1.65647,0.20306,3263.13,0
6.17508,20.1654,4.39463,-1.69946,0.198306,3265.62,0
6.1816,20.1472,4.35496,-1.4922,0.183621,3259.21,0
6.1881,20.0217,4.30027,-1.46426,0.148999,3235.52,0
6.1946,20.1861,4.25588,-1.32306,0.173632,3258.65,0
6.20109,19.9792,4.39109,-1.2764,0.124045,3221.89,0
6.20761,19.9226,4.35092,-1.44352,0.108356,3209.39,0
6.21411,19.9361,4.49205,-1.31798,0.106199,3208.2,0
6.22056,20.1721,4.33897,-1.27159,0.147565,3242.82,0
6.2271,20.3049,4.33231,-1.40518,0.164732,3260.73,0
6.23362,20.1324,4.45566,-1.49291,0.12184,3229.65,0
6.24011,20.1774,4.55022,-1.4443,0.125128,3233.49,0
6.24663,20.1325,4.5837,-1.17759,0.110648,3222.94,0
6.25317,20.1469,4.45237,-1.19194,0.109431,3221.87,0
6.25971,20.1063,4.39505,-1.03948,0.0968628,3212.03,0
6.2662,19.8529,4.44651,-1.15887,0.0438028,3168.24,0
6.2727,19.8388,4.36104,-1.19524,0.0402332,3162.73,0
6.27921,19.8102,4.37506,-1.15362,0.0334482,3154.89,0
6.28576,19.8855,4.43737,-1.30091,0.0473824,3163.59,0
6.29228,19.9403,4.43504,-1.36936,0.056259,3169.01,0
6.29878,20.1527,4.68632,-1.49562,0.0961058,3199.46,0
6.30528,20.063,4.74465,-1.57971,0.0748641,3181.94,0
6.31177,20.0814,4.68486,-1.65082,0.0757198,3181.58,0
6.3183,20.2779,4.62308,-1.55758,0.112497,3209.39,0
6.32482,20.1331,4.54527,-1.58712,0.0799327,3183.18,0
6.3314,19.9433,4.53554,-1.55073,0.0403968,3149.91,0
6.33789,19.9548,4.69846,-1.4511,0.0416872,3148.49,0
6.34441,19.9345,4.59267,-1.37082,0.0367434,3142.07,0
6.3509,19.8616,4.66355,-1.42601,0.0214954,3127.36,0
6.35742,19.9074,4.59932,-1.4396,0.0302872,3131.37,0
6.36394,19.8471,4.64507,-1.50235,0.0176631,3118.67,0
6.37045,19.8337,4.685,-1.59292,0.01455,3113.39,0
6.37693,19.7924,4.77047,-1.55108,0.00610564,3103.75,0
6.38346,19.8366,4.72123,-1.62975,0.0147609,3107.51,0
6.38995,19.8896,4.81208,-1.68202,0.0249433,3112.63,0
6.39646,20.1014,4.77776,-1.62889,0.0661127,3142.58,0
6.403,20.4166,4.48499,-1.48703,0.125601,3188.6,0
6.40948,20.5291,4.40712,-1.75783,0.141834,3202.93,0
6.41601,20.407,4.39201,-1.82337,0.11225,3180.64,0
6.42249,20.62,4.39709,-1.62073,0.148397,3210.59,0
6.42902,20.7268,4.2409,-1.55965,0.161394,3223.95,0
6.43549,20.8674,4.13216,-1.6868,0.180259,3242.55,0
6.44202,20.9556,4.29173,-1.9574,0.188215,3252.95,0
6.4485,21.3028,4.36533,-1.86239,0.244763,3303.53,0
6.45503,21.3903,4.293,-1.84608,0.247117,3313.74,0
6.46154,21.6831,4.14065,-1.60996,0.287352,3355.72,0
6.46802,21.7553,3.98137,-1.39282,0.282792,3363.51,0
6.47455,21.7267,3.95535,-1.51273,0.258549,3355.71,0
6.48104,21.8314,3.8143,-1.4806,0.261945,3368.49,0
6.48756,21.9276,3.86229,-1.52487,0.264559,3379.94,0
6.49408,21.9181,3.65992,-1.44164,0.244425,3375.09,0
6.50055,22.0601,3.55506,-1.31661,0.256762,3393.58,0
6.50705,22.0603,3.47003,-1.56413,0.24005,3390.22,0
6.51357,22.1143,3.49626,-1.72047,0.236527,3395.12,0
6.52007,21.9092,3.72938,-1.66862,0.182578,3360.27,0
6.5266,21.7461,3.63413,-1.35674,0.140512,3331.92,0
6.5331,21.8595,3.6343,-1.40571,0.156431,3345.95,0
6.5396,21.8019,3.59418,-1.66879,0.138124,3333.83,0
6.54613,21.7612,3.80019,-1.53102,0.12421,3324.29,0
6.55264,21.9052,3.82367,-1.35438,0.146996,3342.96,0
6.55916,22.0369,3.76701,-1.4431,0.165409,3359.71,0
6.56566,22.2149,4.04083,-1.53893,0.192182,3383.5,0
6.5721,22.0657,4.15334,-1.65959,0.153239,3357.48,0
6.5786,22.1113,4.10022,-1.58829,0.153804,3361.1,0
6.58508,22.2184,3.92529,-1.58379,0.166992,3374.05,0
6.59159,22.4783,3.66212,-1.49734,0.208791,3410.15,0
6.59811,22.3051,3.68408,-1.55675,0.163114,3380.54,0
6.60465,22.0845,3.7077,-1.67089,0.113096,3343.78,0
6.61117,22.0836,3.55659,-1.4483,0.108427,3340.34,0
6.61766,22.0767,3.45277,-1.59683,0.103132,3336.02,0
6.62415,22.0936,3.26903,-1.40647,0.101808,3335.32,0
6.63067,21.9449,3.23771,-1.25699,0.0683256,3309.6,0
6.63718,21.8022,3.21063,-1.23139,0.0382401,3284.86,0
6.6437,21.8453,3.16482,-1.25533,0.0457072,3288.12,0
6.65024,21.7977,3.09192,-1.27873,0.0348331,3277.73,0
6.6567,21.8498,3.13209,-1.30495,0.0442635,3282.38,0
6.6632,21.913,3.19796,-1.20498,0.055698,3288.66,0
6.6697,21.8363,3.11957,-1.12604,0.0388541,3273.95,0
6.67622,21.809,3.20093,-1.14475,0.0322581,3266.66,0
6.68271,21.9334,3.08438,-1.10132,0.0558482,3282.12,0
6.68927,22.0674,3.04824,-1.19106,0.0799204,3298.92,0
6.69577,22.1074,3.00137,-1.12839,0.084547,3301.7,0
6.70229,22.1184,3.01085,-0.982244,0.082826,3300.13,0
6.70875,22.1796,2.85723,-1.01121,0.0917263,3306.08,0
6.71525,22.1593,2.99798,-1.04026,0.0835782,3299.85,0
6.72177,22.1051,3.15542,-1.24907,0.0700581,3288.58,0
6.72831,22.0246,3.30795,-1.10601,0.0519629,3273.42,0
6.73483,22.2147,3.33301,-1.13689,0.0877607,3298.48,0
6.74135,22.1902,3.12957,-1.11946,0.0794994,3291.65,0
6.74787,22.1599,3.10049,-1.08163,0.0710916,3283.98,0
6.75433,22.2062,2.98995,-0.865075,0.077824,3287.7,0
6.76089,21.9992,3.15385,-0.911437,0.0349963,3253.89,0
6.76735,22.0963,3.19875,-0.746144,0.0527382,3265.13,0
6.77387,21.9763,3.31726,-0.766435,0.0275926,3244.28,0
6.78037,21.9697,3.30272,-0.674853,0.025535,3240.2,0
6.78687,21.9889,3.10713,-0.659845,0.0287479,3239.91,0
6.79337,21.9788,3.01582,-0.699702,0.0263102,3235.32,0
6.79988,22.0319,3.13986,-0.624992,0.0365775,3240.05,0
6.80645,22.0285,3.12402,-0.617966,0.0350876,3236.41,0
6.81294,22.0207,3.15793,-0.615059,0.0328122,3232.19,0
6.81948,22.0364,3.00984,-0.598382,0.0349522,3231.39,0
6.82599,22.0598,3.04846,-0.530868,0.0388518,3231.74,0
6.83249,22.1786,2.90558,-0.590422,0.0612173,3246.05,0
6.83899,22.1801,2.7389,-0.703936,0.0595589,3243.19,0
6.84556,22.2292,2.55655,-0.746111,0.0670026,3247.25,0
6.85209,22.115,2.39422,-0.608867,0.0423701,3227.48,0
6.8586,22.3718,2.42322,-0.707707,0.0918587,3261.86,0
6.86513,22.2723,2.24402,-0.829816,0.0689516,3244.26,0
6.87162,22.0727,2.1462,-0.910821,0.0274511,3212.16,0
6.87809,22.1199,2.11167,-0.938832,0.0360928,3215.99,0
6.8846,22.0792,2.18913,-0.879441,0.0269837,3207.04,0
6.89111,22.1099,2.11973,-0.928652,0.0324731,3208.46,0
6.89758,22.1572,2.05884,-0.870508,0.0412308,3212.31,0
6.90411,22.0666,2.18011,-0.927305,0.0223729,3196.16,0
6.91059,22.2309,2.06861,-0.802144,0.0539942,3216.93,0
6.91711,22.2189,1.94777,-0.819168,0.0501802,3212.17,0
6.9236,22.2842,1.94789,-0.844596,0.0619414,3218.58,0
6.93015,22.2144,1.94641,-0.864282,0.0466188,3205.47,0
6.93664,22.0666,1.96824,-0.91028,0.0162852,3181.16,0
6.94314,22.0647,1.9297,-0.875579,0.0157574,3177.92,0
6.94966,22.1513,1.8732,-0.885783,0.0325382,3187.4,0
6.95616,22.0874,1.86467,-1.01801,0.0193169,3175.23,0
6.96268,22.0988,1.90144,-1.03673,0.0212321,3173.89,0
6.96918,22.025,1.94067,-1.05414,0.00619516,3160.35,0
6.97566,22.0202,1.96749,-1.05533,0.00521639,3156.72,0
6.98219,22.0979,1.94123,-1.04991,0.0205944,3164.89,0
6.98867,22.2452,2.04232,-1.14991,0.0490996,3183.04,0
6.99519,22.2333,2.076,-1.22853,0.045425,3178.37,0
7.00167,22.2696,2.24069,-1.27644,0.0510085,3180.61,0
7.00819,22.2984,2.26043,-1.16298,0.0552446,3181.77,0
7.01464,22.1422,2.24134,-1.11331,0.0232393,3156.58,0
7.02117,22.3191,2.18493,-1.12492,0.0575974,3178.84,0
7.02763,22.2307,2.15508,-1.18454,0.038182,3163.33,0
7.03414,22.1809,2.25668,-1.23937,0.0275757,3153.32,0
7.04065,22.1759,2.44812,-1.07451,0.0260172,3149.69,0
7.04718,22.231,2.2153,-1.15071,0.0363567,3154.6,0
7.05371,22.1923,2.15802,-1.08434,0.0278912,3146.18,0
7.06025,22.2548,1.95812,-1.02349,0.0397613,3152.13,0
7.06677,22.3632,1.80817,-0.983341,0.0599746,3164.56,0
7.07326,22.2353,1.68647,-1.0417,0.0330953,3143.57,0
7.07979,22.2897,1.70559,-0.828883,0.0425913,3148.36,0
7.08629,22.2174,1.70358,-0.82144,0.0276565,3135.27,0
7.09282,22.3079,1.83016,-0.964969,0.0444954,3145.14,0
7.0993,22.404,1.81989,-0.793773,0.0620962,3155.81,0
7.10581,22.3631,1.69247,-0.695525,0.0521993,3147.15,0
7.11234,22.4754,1.80645,-0.764855,0.0723242,3160.06,0
7.11884,22.4418,1.76287,-0.815268,0.0632881,3152.45,0
7.12536,22.3568,1.82206,-0.598037,0.0446313,3137.63,0
7.13191,22.5306,1.9265,-0.66569,0.0768172,3159.12,0
7.13838,22.5321,2.02038,-0.591581,0.0747025,3156.48,0
7.14488,22.7828,1.92977,-0.510012,0.120284,3188.69,0
7.1514,22.811,1.72105,-0.652631,0.121063,3189.72,0
7.15788,22.9525,1.86255,-0.843534,0.141976,3206.6,0
7.16435,22.876,1.89846,-0.856704,0.121102,3193.04,0
7.17084,22.8976,1.93298,-0.791317,0.1206,3193.15,0
7.17735,22.9809,1.79721,-0.693939,0.131202,3201.87,0
7.18385,22.9144,1.73873,-0.631572,0.112004,3189.71,0
7.19035,22.7356,1.81171,-0.548988,0.07326,3161.95,0
7.19684,22.7484,1.74524,-0.520592,0.0730352,3160.88,0
7.20333,22.6384,1.75652,-0.599765,0.0494809,3142.77,0
7.20978,22.53,1.74313,-0.715563,0.0264881,3124.92,0
7.21629,22.41,1.71795,-0.813289,0.00220332,3105.47,0
7.22281,22.513,1.72665,-0.711606,0.0226184,3116.93,0
7.22927,22.4512,1.67579,-0.704087,0.0100289,3105.6,0
7.23577,22.4683,1.73952,-0.773213,0.0133281,3105.17,0
7.24228,22.4314,1.63529,-0.771568,0.0057357,3097.29,0
7.24878,22.4235,1.56485,-0.739056,0.00402976,3093.41,0
7.25532,22.4383,1.54846,-0.801387,0.00697255,3092.67,0
7.26185,22.5233,1.62465,-0.666105,0.0236695,3101.59,0
7.26835,22.555,1.4899,-0.842776,0.0293212,3103.18,0
7.27487,22.4182,1.52851,-0.784959,0.0018197,3081.6,0
7.28141,22.452,1.42602,-0.753288,0.00847753,3083.47,0
7.2879,22.4529,1.38359,-0.6485,0.00840551,3080.85,0
7.29447,22.4514,1.33949,-0.677705,0.00798477,3077.87,0
7.30098,22.459,1.35981,-0.610318,0.00943015,3076.17,0
7.30747,22.4949,1.40624,-0.687992,0.0162313,3078.33,0
7.31396,22.5554,1.46879,-0.645491,0.0280396,3083.89,0
7.32045,22.777,1.56925,-0.625172,0.0710195,3111.43,0
7.32697,22.9663,1.59036,-0.728049,0.105343,3134.49,0
7.33349,22.8216,1.38241,-0.640332,0.0733769,3111.97,0
7.34006,22.8378,1.37264,-0.520372,0.0738344,3111.39,0
7.34657,22.8372,1.52848,-0.56082,0.070776,3108.56,0
7.3531,22.7917,1.37044,-0.522734,0.0596065,3099.61,0
7.3596,22.8849,1.32357,-0.350072,0.0755445,3109.53,0
7.36614,22.8993,1.26159,-0.501415,0.0757717,3108.72,0
7.37265,23.0418,1.21827,-0.413585,0.101318,3125.31,0
7.37915,23.0849,1.1503,-0.604633,0.105702,3128.39,0
7.38569,23.0363,1.09945,-0.409155,0.0918067,3119.04,0
7.39221,23.0614,1.09737,-0.63891,0.0937651,3119.69,0
7.39872,23.0009,0.835262,-0.553766,0.0783269,3108.77,0
7.4052,22.9635,0.784942,-0.626509,0.0679513,3101,0
7.4117,22.8884,0.670063,-0.548473,0.0506997,3088.14,0
7.41823,22.8236,0.808826,-0.577728,0.0364127,3076.69,0
7.42469,22.8807,0.910435,-0.594744,0.0470277,3081.7,0
7.43121,23.0218,1.03571,-0.516988,0.0732474,3097.98,0
7.43769,23.1343,1.07554,-0.504155,0.0925158,3110.42,0
7.44414,23.2656,1.16429,-0.479089,0.114391,3125.36,0
7.45067,23.2992,1.10068,-0.511931,0.116321,3127.13,0
7.45717,23.2798,1.01485,-0.528083,0.107822,3121.8,0
7.4637,23.4438,0.898999,-0.480088,0.134855,3141.04,0
7.47022,23.2646,0.881417,-0.480306,0.0940886,3114.31,0
7.4767,23.5453,0.848809,-0.374353,0.144788,3149.16,0
7.48318,23.5879,0.719117,-0.25124,0.145969,3152.12,0
7.48969,23.6608,0.706709,-0.407422,0.153065,3159.12,0
7.49619,23.7861,0.637867,-0.453336,0.168622,3173.1,0
7.5027,23.8764,0.726242,-0.59746,0.178386,3182.38,0
7.50924,23.7803,0.729945,-0.502971,0.150354,3166.8,0
7.51575,23.8673,0.71756,-0.497402,0.159175,3175.64,0
7.52225,24.031,0.936226,-0.617581,0.183057,3194.65,0
7.52874,23.9226,0.981851,-0.365244,0.154222,3177.5,0
7.53522,23.9127,1.03716,-0.293272,0.144631,3173.46,0
7.54173,23.793,0.946308,-0.223442,0.114751,3154.85,0
7.54821,23.8026,0.915796,-0.370378,0.112013,3153.42,0
7.55469,23.7629,0.985204,-0.472335,0.0999915,3145.45,0
7.56116,23.7205,0.989735,-0.532578,0.0885352,3137.15,0
7.56762,23.9462,0.951831,-0.614221,0.128242,3164.29,0
7.57414,23.8557,0.882041,-0.674217,0.104435,3149.62,0
7.58061,24.0021,0.858617,-0.5805,0.128356,3166.25,0
7.58713,24.0666,0.789484,-0.543316,0.136381,3172.03,0
7.59365,24.1241,0.688035,-0.55236,0.141481,3176.87,0
7.60019,24.0984,0.966562,-0.591435,0.129986,3170.76,0
7.60666,24.0286,1.03877,-0.515727,0.110554,3158.89,0
7.61315,24.2364,0.826794,-0.731487,0.145927,3183.48,0
7.6197,24.1829,0.648867,-0.581963,0.129273,3173.74,0
7.62624,24.0715,0.568846,-0.474276,0.101325,3156.41,0
7.63274,23.9379,0.524619,-0.380469,0.0708246,3136.22,0
7.63923,23.9577,0.460723,-0.323731,0.072378,3136.13,0
7.64569,23.9711,0.36824,0.0738351,0.0721316,3135.24,0
7.65221,23.9434,0.69989,0.366817,0.0642149,3128.96,0
7.65873,23.9771,0.645934,0.300908,0.0691096,3130.69,0
7.66522,23.8912,0.513063,0.322728,0.0502196,3116.83,0
7.67174,23.9181,0.588965,0.308573,0.0543125,3117.68,0
7.67823,23.6808,0.624019,0.259464,0.00628219,3084.14,0
7.68473,23.822,0.666719,0.296318,0.0341295,3099.91,0
7.69127,23.8429,0.769486,0.243223,0.0375289,3100,0
7.69775,23.8885,0.758294,0.141825,0.0457611,3103.31,0
7.70426,23.951,0.850165,0.123514,0.0568801,3108.8,0
7.71081,24.005,0.785044,0.116702,0.0656111,3113.16,0
7.71732,23.9093,0.590811,0.133739,0.044413,3098.14,0
7.72381,24.0161,0.505197,-0.0414892,0.0639446,3109.36,0
7.73031,24.0735,0.448348,0.200259,0.0730789,3114.18,0
7.73684,24.0411,0.526561,0.268608,0.0639517,3107.36,0
7.74336,24.0543,0.48965,0.130242,0.0645287,3106.44,0
7.74983,24.1689,0.403904,0.129596,0.084582,3118.64,0
7.75638,24.2245,0.183283,-0.136802,0.0918305,3123.17,0
7.7629,24.1489,0.133767,-0.146759,0.073235,3110.81,0
7.7694,24.1407,0.105675,-0.0323088,0.0687308,3107.15,0
7.77592,24.0998,0.167816,0.0851098,0.0587552,3099.29,0
7.78247,24.164,0.0255243,-0.00735026,0.0695561,3104.93,0
7.78897,24.0026,0.0447957,-0.097284,0.0358867,3081.61,0
7.79544,23.9282,0.0765161,-0.128688,0.0205244,3069.51,0
7.80194,23.9253,0.212738,-0.0971355,0.0194799,3066.58,0
7.80842,23.9372,0.275917,0.091835,0.0215367,3065.57,0
7.81492,23.8811,0.254791,0.0115301,0.0101675,3055.83,0
7.82144,23.9356,0.199407,-0.101256,0.0207789,3060.26,0
7.82797,23.9574,0.154277,-0.236094,0.0247356,3060.48,0
7.83444,24.0088,0.177019,-0.146378,0.0344953,3064.52,0
7.84094,23.9769,-0.0105919,-0.111974,0.0272143,3057.92,0
7.84745,23.9243,-0.0164071,-0.0541855,0.016282,3048.67,0
7.85395,23.9531,-0.0118217,-0.0127922,0.0217397,3049.82,0
7.86048,23.8951,-0.015514,0.0913609,0.00988241,3039.9,0
7.86698,23.9134,0.0391943,0.20645,0.013335,3039.72,0
7.87353,23.8632,-0.034028,0.222257,0.00318685,3030.81,0
7.88004,23.8555,-0.123744,0.222153,0.0016314,3027.34,0
7.88657,23.9245,-0.210779,0.172137,0.01519,3033.58,0
7.89311,23.9597,-0.139994,0.274887,0.0217654,3035.52,0
7.89963,23.9179,-0.0272454,0.253932,0.01329,3027.73,0
7.90609,23.8853,0.152352,0.349977,0.00658221,3021.13,0
7.91257,24.1174,0.135248,0.404131,0.0521448,3047.99,0
7.91912,24.1595,0.109496,0.559443,0.0587836,3050.78,0
7.92564,24.2267,0.0898801,0.546421,0.0697245,3056.75,0
7.93213,24.2233,0.152248,0.49784,0.0670513,3053.82,0
7.93862,24.343,0.138335,0.36202,0.0885596,3066.4,0
7.94517,24.4715,0.357951,0.379222,0.110081,3080.04,0
7.95169,24.3786,0.283674,0.543469,0.0877236,3065.84,0
7.95817,24.3895,0.245067,0.457302,0.0863723,3064.72,0
7.96465,24.6001,0.311498,0.365792,0.123348,3088.66,0
7.97117,24.6528,0.322383,0.382243,0.127741,3092.75,0
7.97764,24.5353,0.286673,0.422791,0.0993228,3075.51,0
7.98416,24.4641,0.618601,0.416893,0.08205,3064.07,0
7.99067,24.5314,0.591401,0.459455,0.0921691,3070,0
7.99718,24.8965,0.736877,0.430216,0.158245,3113.16,0
8.00369,24.9242,0.570068,0.444415,0.155334,3114.09,0
8.01021,25.1719,0.53766,0.408266,0.194831,3142.48,0
8.01671,25.4447,0.73777,0.366038,0.23687,3173.96,0
8.02316,25.3325,0.740343,0.584372,0.201031,3157.43,0
8.02964,25.2405,1.00941,0.516097,0.171789,3143.41,0
8.03616,25.3781,1.14091,0.74983,0.189291,3157.99,0
8.04265,25.2941,1.12762,0.608947,0.163436,3144.99,0
8.04916,25.4745,1.04993,0.505338,0.189471,3164.87,0
8.05566,25.6226,0.989204,0.605528,0.207298,3180.69,0
8.06219,25.5738,0.982792,0.918564,0.185429,3172.06,0
8.0687,25.4111,1.28909,0.888022,0.144418,3149.34,0
8.07522,25.772,1.27095,0.844066,0.205895,3191.49,0
8.08172,25.6717,1.49059,0.745885,0.174018,3176.52,0
8.08824,25.5628,1.48072,0.845371,0.143641,3160.49,0
8.09477,25.5338,1.31571,1.03874,0.130897,3154.36,0
8.10131,25.4692,1.30714,1.00746,0.113128,3143.84,0
8.1078,25.4872,1.14029,0.876308,0.111797,3143.54,0
8.11429,25.6765,1.18064,0.894828,0.143167,3164.36,0
8.1208,25.561,1.09544,0.871774,0.113764,3147.6,0
8.12728,25.4643,1.24491,0.827153,0.090211,3133.19,0
8.13378,25.5,1.3334,1.05507,0.0935642,3135.07,0
8.14023,25.5203,1.38919,1.35048,0.0935392,3135.09,0
8.14675,25.719,1.34676,1.4831,0.12801,3156.96,0
8.15326,25.8183,1.254,1.47571,0.140564,3166.62,0
8.15975,25.9546,1.24782,1.56261,0.16074,3180.81,0
8.16625,25.9947,1.08533,1.75904,0.160245,3183.19,0
8.17275,26.0627,1.15675,2.01957,0.165292,3188.97,0
8.17924,25.8531,1.20842,2.1002,0.117262,3160.81,0
8.18575,25.8152,1.23088,2.12831,0.104261,3153.68,0
8.19227,25.792,1.35029,2.24197,0.0957174,3148.33,0
8.19878,25.6819,1.32465,2.21847,0.0706408,3132.41,0
8.20527,25.7258,1.19983,2.34099,0.0764741,3135.27,0
8.21182,25.7637,1.31711,2.18318,0.080386,3137.39,0
8.21834,25.6104,1.29035,2.28979,0.0470481,3116.25,0
8.22486,25.6337,1.13577,2.53599,0.0499867,3116.61,0
8.23136,25.6699,0.985413,2.56238,0.0553231,3118.55,0
8.23788,25.8103,0.799093,2.69119,0.080934,3133.12,0
8.24438,25.7816,0.868613,2.61083,0.0730212,3127.17,0
8.2509,25.8554,0.774427,2.67765,0.0847826,3133.64,0
8.25743,25.791,0.767096,2.75879,0.0692417,3123.36,0
8.26395,25.8938,0.77332,2.95547,0.086981,3133.35,0
8.27048,26.0258,0.592756,2.90343,0.109123,3146.83,0
8.27698,26.2454,0.594021,2.85727,0.147944,3170.9,0
8.28355,26.107,0.555976,2.76604,0.114886,3151.67,0
8.29009,25.9832,0.373899,2.77944,0.0857495,3134.25,0
8.29662,26.0276,0.331872,2.67238,0.0912971,3137.14,0
8.30313,26.0645,0.365076,2.57994,0.0948986,3139.11,0
8.30963,26.0886,0.307687,2.57437,0.0951789,3139.57,0
8.31611,26.0072,0.5132,2.55482,0.0759394,3127.33,0
8.32256,26.0874,0.344778,2.61887,0.0888658,3134.54,0
8.32907,26.0964,0.431393,2.75475,0.0867443,3133.17,0
8.33562,26.1361,0.301773,2.7351,0.0916527,3135.47,0
8.34218,26.0736,0.363799,2.70372,0.0756757,3125.51,0
8.34871,26.2748,0.348295,2.51422,0.112157,3147.17,0
8.3552,26.2581,0.257781,2.74618,0.103608,3142.73,0
8.36168,26.1953,0.314676,2.73305,0.0875739,3132.78,0
8.3682,26.3761,0.426373,2.61145,0.119219,3151.94,0
8.37469,26.4255,0.85475,2.29303,0.12389,3155.4,0
8.38121,26.4106,0.861118,2.232,0.11452,3151.17,0
8.38776,26.4153,0.801229,2.13972,0.110238,3149.26,0
8.39431,26.4173,0.912247,2.18903,0.105492,3147.05,0
8.40081,26.3184,1.18448,2.12733,0.081606,3132.84,0
8.4073,26.4961,1.04083,2.15023,0.113117,3151.56,0
8.4138,26.5639,1.0538,2.19902,0.121223,3157.18,0
8.42035,26.4619,1.03389,2.16188,0.0966654,3142.62,0
8.42692,26.5225,1.08832,2.16738,0.105153,3147.35,0
8.43339,26.611,1.13962,1.97363,0.117698,3155.43,0
8.43989,26.4866,1.09932,1.96644,0.089049,3138.27,0
8.44643,26.5098,1.07293,1.59751,0.0895355,3138.58,0
8.45294,26.5725,1.15472,1.57059,0.0984216,3143.58,0
8.45944,26.6032,1.19322,1.67887,0.100629,3144.8,0
8.46598,26.6068,1.25312,1.78065,0.0969236,3142.79,0
8.47247,26.8103,1.33116,1.80246,0.132388,3164.4,0
8.47899,26.9025,1.04976,1.79092,0.144834,3172.85,0
8.48549,27.0373,0.983554,1.67735,0.164024,3186.29,0
8.49203,27.0159,1.13305,1.65986,0.150712,3181.33,0
8.49853,26.8737,1.09085,1.81717,0.115998,3162.16,0
8.50504,26.9175,1.11309,1.6239,0.11972,3164.89,0
8.51157,26.8567,1.1544,1.5835,0.10289,3155.32,0
8.51807,26.8844,1.23895,1.66999,0.103876,3156.16,0
8.52457,26.9642,1.35122,1.68014,0.115262,3163.11,0
8.53108,27.0414,1.19761,1.7081,0.125134,3169.75,0
8.53757,27.1833,1.05615,1.86447,0.146918,3183.96,0
8.54408,27.3755,1.16627,1.94116,0.176813,3204.03,0
8.55056,27.5604,1.22593,2.01663,0.202712,3223.22,0
8.55705,27.2962,1.11429,1.83896,0.140954,3189.91,0
8.56354,27.4155,1.28826,1.86686,0.157895,3201.42,0
8.57,27.4761,1.36775,1.85663,0.161505,3206.08,0
8.57652,27.5107,1.36504,1.85578,0.159344,3207.68,0
8.583,27.6995,1.59767,1.99384,0.187739,3227.25,0
8.58954,27.7218,1.5418,2.2627,0.181837,3227.39,0
8.59603,27.543,1.61889,2.21873,0.137256,3204.15,0
8.60255,27.65,1.66653,2.20275,0.151623,3214.16,0
8.60909,27.5661,1.63229,2.16285,0.128411,3201.97,0
8.6156,27.7241,1.56755,2.11443,0.15391,3217.9,0
8.62214,27.7033,1.61458,1.98376,0.142977,3213.04,0
8.62865,27.5394,1.51124,2.14343,0.104833,3191.62,0
8.63516,27.3921,1.69475,2.18628,0.0719142,3172.16,0
8.64171,27.4447,1.83105,2.20501,0.0790957,3175.84,0
8.64822,27.5569,1.80944,2.17698,0.0981274,3186.43,0
8.65472,27.5228,1.89533,2.25739,0.0876772,3180.1,0
8.6612,27.6665,1.89268,2.15464,0.112373,3194.3,0
8.66771,27.6002,1.94958,2.01425,0.0938386,3184.25,0
8.67426,27.5548,2.04158,1.98766,0.081831,3176.62,0
8.68075,27.5473,2.13795,2.00927,0.0767391,3173.38,0
8.68727,27.6838,2.17156,1.90425,0.100199,3186.7,0
8.69375,27.7912,2.17757,1.78842,0.115807,3196.68,0
8.70024,27.74,2.10928,2.02316,0.100408,3188.42,0
8.70672,27.6494,2.12137,1.90449,0.0781947,3175.64,0
8.71328,27.7638,2.1855,1.92098,0.0972255,3186.38,0
8.7198,27.709,2.20746,2.01975,0.0830105,3177.71,0
8.72635,27.7242,2.401,1.97148,0.0833528,3177.07,0
8.73287,27.6985,2.55942,2.00553,0.0754987,3171.75,0
8.73936,27.5609,2.60961,1.97166,0.0459433,3153.65,0
8.74587,27.7229,2.74799,2.08791,0.0769432,3169.83,0
8.7524,27.7532,2.78154,2.00664,0.0804879,3170.92,0
8.75887,27.8433,2.96259,1.91173,0.0955065,3178.87,0
8.7654,27.7302,3.06538,1.7402,0.0697984,3163.6,0
8.77192,27.7413,3.09242,1.78359,0.0700064,3162.51,0
8.77844,27.6968,3.04639,1.84945,0.0585842,3155.1,0
8.78488,27.7336,3.22641,1.8371,0.0636868,3156.96,0
8.79137,27.6134,3.50031,1.84434,0.038134,3140.96,0
8.79786,27.7769,3.34342,1.87761,0.069227,3157.23,0
8.80437,27.8756,3.17431,1.74196,0.0864613,3166.11,0
8.81089,27.8616,3.09503,1.68381,0.0803599,3162.18,0
8.81737,27.7132,3.14548,1.52108,0.048062,3143.02,0
8.82389,27.6299,3.16877,1.49444,0.0305415,3131.25,0
8.83038,27.5681,3.35481,1.5478,0.0177452,3121.96,0
8.83685,27.6519,3.23544,1.50887,0.0339046,3129.15,0
8.84333,27.635,3.30703,1.45983,0.0299532,3124.95,0
8.84986,27.5584,3.32776,1.51075,0.014109,3114,0
8.85636,27.5661,3.28409,1.55017,0.0153933,3112.57,0
8.86286,27.8137,3.19013,1.519,0.0636264,3138.23,0
8.86936,27.7136,3.08249,1.47729,0.0423148,3124.64,0
8.87586,27.7658,3.1847,1.38851,0.0515056,3128.24,0
8.88241,27.8381,3.04838,1.56983,0.0639732,3134.07,0
8.8889,27.9999,2.94819,1.70519,0.0935641,3149.98,0
8.89542,28.1477,2.94568,1.48171,0.11871,3164.29,0
8.90194,28.2536,2.96975,1.66602,0.13362,3173.87,0
8.90848,28.3037,3.06729,1.78669,0.13846,3177.17,0
8.91501,28.2549,2.97109,1.91235,0.121843,3169.36,0
8.9215,28.4476,2.79799,2.0727,0.154398,3188.66,0
8.92803,28.5628,2.79089,1.9708,0.168745,3199.23,0
8.93453,28.6736,2.75278,1.99577,0.181263,3209.3,0
8.94101,28.6552,2.73795,2.04577,0.168041,3204.91,0
8.94751,28.6901,2.90997,2.04103,0.167131,3206.49,0
8.95403,28.9578,2.99705,1.98704,0.209455,3234.05,0
8.96053,29.1023,3.01451,1.55308,0.225273,3247.84,0
8.96702,29.2338,2.89271,1.55642,0.23723,3260.14,0
8.97354,29.1351,2.96504,1.62331,0.20372,3246.79,0
8.98007,29.2718,2.91473,1.68591,0.218873,3259.64,0
8.9866,29.0502,3.0581,1.71386,0.163706,3232.61,0
8.99312,29.0165,3.19894,1.83802,0.148375,3226.52,0
8.99964,29.4038,3.35968,1.74512,0.215022,3267.22,0
9.00615,29.5381,3.17189,1.85806,0.22836,3279.77,0
9.01265,29.6007,2.97556,1.83318,0.226914,3284.35,0
9.01913,29.5048,2.79575,1.7175,0.195967,3271.36,0
9.02564,29.3092,2.76613,1.61225,0.147094,3247.32,0
9.03212,29.451,2.8768,1.5297,0.168647,3260.7,0
9.03865,29.4249,2.88578,1.41243,0.154971,3255.45,0
9.04512,29.2828,2.82924,1.33687,0.119802,3237.41,0
9.05161,29.262,2.71445,1.3989,0.110368,3232.8,0
9.05814,29.3368,2.70573,1.18166,0.119894,3238.72,0
9.06463,29.2039,2.66771,1.23527,0.0893196,3221.74,0
9.07115,29.1968,2.742,1.11534,0.0843993,3218.65,0
9.07762,29.1557,2.95862,0.971635,0.0732064,3211.83,0
9.08416,29.1142,2.97395,0.960797,0.0623839,3204.94,0
9.09066,29.0417,3.04595,0.840777,0.0461231,3194.68,0
9.09718,28.9804,3.02131,0.785003,0.0329109,3185.65,0
9.10371,29.0667,3.03135,0.656699,0.0489925,3192.84,0
9.11023,28.9399,2.94262,0.662172,0.0229376,3176.64,0
9.11675,28.9593,2.89092,0.603061,0.0264528,3176.49,0
9.12329,29.0213,2.89263,0.352495,0.0376992,3181.01,0
9.12985,29.066,2.96688,0.376199,0.0454376,3183.62,0
9.13633,29.1829,3.04348,0.231733,0.0668739,3194.15,0
9.14283,29.0215,2.86796,0.233896,0.0329509,3174.24,0
9.14936,28.9532,2.95658,0.261142,0.0186534,3164.51,0
9.15589,28.8965,2.93871,0.249517,0.00721992,3156.06,0
9.16238,28.9421,2.97269,0.317107,0.0159481,3158.8,0
9.16896,29.0078,2.97327,0.320681,0.0286627,3163.7,0
9.17545,29.0386,2.99165,0.145635,0.0342686,3164.82,0
9.18196,29.0066,3.0463,0.014575,0.0272424,3159.08,0
9.18846,28.9889,2.97137,0.070204,0.0232189,3154.93,0
9.19497,29.1749,3.02645,0.131275,0.0593531,3172.92,0
9.20145,29.1846,3.05158,0.0863714,0.0594184,3171.74,0
9.20797,29.0845,3.1868,0.173788,0.038263,3158.63,0
9.21449,29.1943,3.15275,0.210595,0.0585254,3168.3,0
9.22102,29.0248,3.32225,0.317777,0.0238282,3147.68,0
9.22749,29.0891,3.3931,0.211072,0.0362497,3152.44,0
9.234,28.9937,3.49326,0.259511,0.0166819,3139.89,0
9.24054,29.063,3.38694,0.30212,0.0300101,3145.16,0
9.24706,29.2049,3.43367,0.395873,0.0565872,3158.29,0
9.25354,29.197,3.44688,0.458389,0.0536525,3155.22,0
9.26001,29.1456,3.4932,0.453283,0.041787,3147.47,0
9.26655,29.0678,3.62716,0.60903,0.0254231,3136.85,0
9.27303,29.0721,3.58475,0.578599,0.0257949,3135.13,0
9.27949,29.0108,3.69336,0.678107,0.0133249,3126.34,0
9.28597,29.0885,3.81208,0.785932,0.02848,3132.52,0
9.29244,29.0946,3.8909,0.733987,0.0290364,3130.99,0
9.29897,29.1943,3.98666,0.696373,0.0476373,3139.52,0
9.30545,29.1161,3.83904,0.642535,0.0313668,3128.94,0
9.31193,29.1158,3.9264,0.858306,0.0305951,3126.72,0
9.31846,29.0646,3.94039,0.851601,0.0198948,3119.03,0
9.32498,29.2434,4.03618,0.841827,0.0544609,3136.03,0
9.33146,29.4133,4.11193,1.01922,0.085982,3152.06,0
9.33795,29.3233,4.02901,0.902914,0.0655805,3140.23,0
9.34449,29.4814,3.98565,0.921526,0.093759,3154.95,0
9.35101,29.5592,3.85825,1.22685,0.10455,3161.07,0
9.35747,29.6586,3.71299,1.23535,0.120301,3169.52,0
9.364,29.7667,3.76663,1.11903,0.135902,3178.85,0
9.37053,29.8723,3.62518,0.923866,0.15078,3187.9,0
9.37701,29.7981,3.79044,1.24901,0.128585,3177.78,0
9.38351,30.0933,3.84212,1.23986,0.179417,3207.04,0
9.39006,30.2338,4.00618,1.25009,0.197951,3219.76,0
9.39657,30.4201,4.07106,1.22925,0.221775,3237.36,0
9.4031,30.5932,3.95575,1.07349,0.24339,3253.52,0
9.40963,30.6688,4.03979,0.970908,0.242695,3259.3,0
9.41614,30.6926,3.82788,0.813435,0.232115,3259.57,0
9.42269,30.7738,3.65148,0.737454,0.235069,3265.92,0
9.42924,31.1334,3.71683,0.696373,0.287745,3301.79,0
9.43572,31.1153,3.80035,0.81789,0.264059,3297.61,0
9.44228,31.2809,3.94814,0.942504,0.279687,3312.86,0
9.44879,31.2656,3.87707,0.795203,0.258582,3308.95,0
9.45529,31.4963,3.74679,1.16695,0.287187,3331.08,0
9.46177,31.4492,3.50571,1.13574,0.260698,3323.82,0
9.46832,31.2784,3.52814,0.949925,0.211888,3303.48,0
9.47484,31.27,3.284,0.836638,0.197023,3300.32,0
9.48132,31.0587,3.38225,0.816349,0.145716,3275.78,0
9.48783,31.1029,3.44764,0.70283,0.147714,3278.18,0
9.49439,30.9125,3.2631,0.484343,0.104106,3255.87,0
9.5009,30.8536,3.11581,0.21174,0.0885545,3247.44,0
9.5074,30.7496,3.05319,0.157154,0.0654713,3234.28,0
9.51391,30.7461,2.85289,0.105488,0.0627565,3231.69,0
9.52042,30.7192,2.68273,0.13075,0.0556612,3226.66,0
9.52696,30.6616,2.48791,0.0472396,0.0427191,3218.4,0
9.53345,30.589,2.38149,-0.0536749,0.0274628,3208.6,0
9.53996,30.6002,2.41174,-0.050266,0.0288302,3207.58,0
9.5465,30.6408,2.47863,0.0590566,0.0361776,3209.64,0
9.55301,30.5522,2.47129,0.114693,0.0180074,3198.18,0
9.5595,30.5961,2.41315,0.107777,0.0263463,3200.6,0
9.56598,30.575,2.51369,-0.00442307,0.0214583,3196.22,0
9.57252,30.5478,2.53395,-0.0201454,0.0157337,3191.2,0
9.579,30.6301,2.50925,0.12396,0.0317293,3197.63,0
9.58548,30.6313,2.5301,0.124771,0.0312302,3195.59,0
9.59197,30.6573,2.42366,0.19366,0.0358056,3196.14,0
9.59842,30.7654,2.48014,0.425965,0.0560402,3205.25,0
9.60491,30.8791,2.30784,0.421177,0.0766587,3214.93,0
9.61139,30.8826,2.26676,0.394364,0.074805,3213.13,0
9.6179,30.8391,2.27109,0.168031,0.0640145,3206.42,0
9.62439,30.7668,2.31773,0.225795,0.048249,3196.75,0
9.63094,30.8098,2.21794,0.350499,0.0550412,3199.04,0
9.63744,30.8006,2.1854,0.275863,0.0515928,3195.93,0
9.64395,30.6998,2.12314,0.221832,0.0305182,3183.32,0
9.65046,30.9708,2.17474,0.143404,0.0834179,3209.26,0
9.65694,31.0366,2.18667,0.141261,0.0926032,3213.92,0
9.66344,30.9071,2.221,0.152355,0.063573,3198.35,0
9.66992,30.8443,2.41397,0.0496966,0.0494758,3189.72,0
9.67646,30.9603,2.29733,0.0786401,0.0703429,3199.55,0
9.68293,30.9636,2.11215,0.171475,0.0686889,3197.75,0
9.68943,31.0549,2.12304,0.104215,0.0839581,3205.03,0
9.69593,30.9419,2.18861,0.0765822,0.058648,3191.23,0
9.70249,31.0953,2.13168,0.115777,0.0867556,3204.88,0
9.70898,31.3038,2.25537,0.25021,0.123719,3224.21,0
9.71553,31.2101,2.14844,0.2999,0.0997092,3212.39,0
9.72207,31.1364,2.22327,0.293595,0.0811204,3202.65,0
9.72857,31.0349,2.04687,0.222979,0.0589503,3190.07,0
9.73507,31.1574,2.15515,0.205118,0.0807827,3200.54,0
9.74156,31.0217,2.28946,0.157782,0.0514977,3184.47,0
9.74809,31.0016,2.23574,0.318219,0.0463228,3180.27,0
9.75458,31.1191,2.22199,0.413529,0.0675375,3190.2,0
9.7611,31.0196,2.34118,0.451346,0.0456219,3177.88,0
9.7676,31.096,2.30256,0.482216,0.0591747,3183.59,0
9.77406,31.4063,2.29309,0.494937,0.117548,3213.23,0
9.78055,31.3945,2.18548,0.392836,0.110451,3209.89,0
9.7871,31.5256,2.39387,0.154596,0.131293,3221.14,0
9.7936,31.6141,2.34495,0.0201478,0.141638,3228.04,0
9.80013,31.8058,2.1976,-0.106088,0.171415,3245.44,0
9.80667,31.7256,2.21507,-0.0242344,0.147156,3235.1,0
9.81317,31.5741,2.32863,-0.0902275,0.110615,3217.52,0
9.81966,31.6529,2.33635,-0.0991235,0.12179,3223.42,0
9.82618,31.6587,2.6159,-0.0816503,0.11742,3221.88,0
9.83272,31.5025,2.64413,0.0563678,0.0813474,3203.84,0
9.83921,31.7702,2.74251,-0.0516486,0.130225,3228.94,0
9.84572,31.6447,2.91295,-0.0217319,0.100475,3214.05,0
9.85221,31.4517,2.74133,0.177672,0.0585546,3192.35,0
9.85868,31.5416,2.53424,0.272228,0.074098,3199.38,0
9.86521,31.7189,2.47573,0.222983,0.106024,3215.23,0
9.8717,31.7831,2.35787,0.134836,0.114541,3219.62,0
9.87821,31.7615,2.33976,0.0489011,0.104332,3215.31,0
9.88472,31.7085,2.30755,-0.0930976,0.0891244,3207.83,0
9.89125,31.72,2.42669,0.074336,0.0878516,3206.88,0
9.89776,31.7025,2.2607,-0.000879611,0.0809372,3203,0
9.90425,31.6355,2.26997,-0.0487546,0.065133,3194.13,0
9.91081,31.82,2.25413,-0.119889,0.0988977,3210.63,0
9.91731,31.9087,2.36949,-0.121419,0.112377,3217.47,0
9.92379,31.9793,2.22553,-0.0435263,0.120481,3222.49,0
9.9303,32.0692,2.22557,-0.0371704,0.133439,3229.43,0
9.93679,32.0244,2.02723,-0.0755171,0.119397,3222.81,0
9.94326,32.0686,1.8561,-0.188065,0.122268,3225.16,0
9.94976,32.1739,1.76969,-0.249766,0.136796,3233.64,0
9.95621,32.3005,1.6035,-0.216321,0.155086,3244.25,0
9.96272,32.2685,1.47291,-0.35661,0.140722,3238.93,0
9.96921,31.8447,1.39747,-0.49662,0.0513374,3194.3,0
9.9757,31.89,1.31961,-0.603679,0.0588174,3196.77,0
9.9822,31.8272,1.45961,-0.573528,0.0445199,3188.4,0
9.98873,31.6441,1.35977,-0.622031,0.00731129,3167.98,0
9.99523,31.6523,1.41776,-0.664735,0.00880997,3166.74,0
10,31.6227,1.38774,-0.60257,0.00285604,3162.27,0
