0.00651864,0.0564112,-0.0589274,-0.000917612,0.0194546,8653.83,0
0.0130665,0.187404,-0.302512,-0.0750987,0.0646561,14342.4,0
0.0195828,0.11108,-0.305711,-0.0297316,0.0356453,5672.33,0
0.0260984,0.174253,-0.277471,-0.0781479,0.0563261,6676.78,0
0.0326506,0.470334,-0.28629,0.101133,0.155189,14405.1,0
0.0391679,0.567191,-0.189954,0.0652115,0.179023,14481,0
0.045657,0.749376,-0.253827,-0.0659547,0.227005,16413.2,0
0.0521317,0.874657,-0.398277,-0.000938967,0.254495,16777.8,0
0.0587052,0.980375,-0.189935,0.216228,0.274566,16700,0
0.0652011,0.978927,-0.487003,0.363933,0.257137,15014,0
0.0716729,0.967982,-0.401042,0.121244,0.234678,13505.6,0
0.0781772,1.01437,-0.273275,0.144726,0.237377,12975.2,0
0.0846855,1.13633,-0.382547,0.164453,0.262547,13418.2,0
0.0911134,1.31063,-0.222396,0.29728,0.304087,14384.6,0
0.0976175,1.19243,-0.0218424,0.670239,0.245893,12215.3,0
0.104141,1.05396,-0.116921,0.500905,0.184202,10120.5,0
0.110665,0.85182,-0.258319,0.420252,0.108348,7697.29,0
0.117173,0.748008,-0.143254,0.439487,0.0678419,6383.77,0
0.123687,0.819878,0.0420892,0.266302,0.0903897,6628.63,0
0.130198,1.34521,-0.0599672,0.201701,0.262875,10332,0
0.136705,1.17814,0.0267743,0.294404,0.191889,8618.13,0
0.143195,1.29963,0.00768126,0.112876,0.220991,9075.98,0
0.149709,1.156,0.0885076,-0.107013,0.16097,7721.62,0
0.156247,0.942185,-0.125039,-0.104349,0.0818087,6030.08,0
0.162795,0.8597,-0.193627,0.13581,0.0516182,5280.88,0
0.169306,0.846173,-0.166227,0.225455,0.0448172,4997.88,0
0.175826,0.877687,-0.156047,0.152934,0.054554,4991.81,0
0.182356,0.914769,-0.197338,0.0180705,0.0641081,5016.4,0
0.188856,1.01441,-0.326423,-0.00738637,0.0968592,5371.34,0
0.195361,1.02469,-0.439887,-0.0390461,0.0963328,5245.14,0
0.2019,0.991865,-0.584103,0.0279059,0.081021,4912.67,0
0.20844,0.822297,-0.676162,-0.0265255,0.0204275,3945.01,0
0.214947,0.821335,-0.636929,0.00555291,0.019543,3821.1,0
0.221425,0.896907,-0.666573,-0.066146,0.0449075,4050.6,0
0.227888,0.81113,-0.638832,-0.0848438,0.014391,3559.34,0
0.234368,0.867233,-0.676105,-0.0506736,0.0335422,3700.3,0
0.240865,0.82776,-0.655908,-0.0235033,0.019126,3436.62,0
0.247406,0.947837,-0.667843,-0.03116,0.0603738,3831.1,0
0.253914,1.06676,-0.471883,0.0391589,0.0990406,4201.27,0
0.260465,1.17319,-0.464146,0.149686,0.130799,4504.21,0
0.266985,1.14699,-0.716851,0.0714968,0.116873,4296.07,0
0.273441,0.966147,-0.823326,-0.0205504,0.0511269,3533.29,0
0.279972,0.951669,-0.669974,0.0774844,0.0452737,3399.16,0
0.2865,1.04318,-0.648929,0.108005,0.0751192,3641.11,0
0.292988,1.09896,-0.662289,0.279653,0.0910129,3750.85,0
0.299471,0.890114,-0.613829,0.158278,0.0162306,2972.28,0
0.30599,0.903421,-0.744347,0.143749,0.0201401,2952.46,0
0.312495,0.866814,-0.655126,0.0863153,0.0072138,2773.85,0
0.318996,0.989693,-0.605033,0.084372,0.049552,3102.53,0
0.325549,1.19919,-0.558315,0.159028,0.119466,3683.58,0
0.332074,1.26276,-0.386903,0.332339,0.134932,3802.64,0
0.338572,1.3327,-0.384136,0.1752,0.152912,3936.25,0
0.345081,1.28137,-0.438829,-0.128606,0.128674,3713.25,0
0.351589,1.37605,-0.551937,0.109945,0.154062,3913.8,0
0.358132,1.46062,-0.60955,0.0600496,0.176174,4078.45,0
0.364633,1.41788,-0.632313,0.188023,0.153237,3888.51,0
0.37117,1.42045,-0.708312,-0.210618,0.147134,3826.95,0
0.377674,1.3068,-0.853185,-0.0938361,0.100526,3460.13,0
0.384212,1.35807,-0.758236,-0.0645705,0.114051,3534.68,0
0.390758,1.30819,-0.813454,0.0323358,0.0938261,3347.83,0
0.39731,1.33466,-0.931317,-0.0457564,0.100282,3359.24,0
0.403851,1.48139,-1.00003,-0.0143983,0.145619,3668.17,0
0.410393,1.42558,-1.11314,-0.209048,0.119143,3473.68,0
0.416933,1.43164,-0.869028,-0.216591,0.115369,3433.74,0
0.423462,1.65276,-0.968336,-0.287858,0.183875,3902.98,0
0.429965,1.75386,-1.04973,-0.328888,0.207089,4079.07,0
0.436459,1.9146,-0.909647,-0.19395,0.250173,4386.66,0
0.442962,2.12752,-0.667453,-0.390052,0.306861,4802.95,0
0.449493,1.82404,-0.630749,-0.405471,0.184938,4058.01,0
0.456017,1.7035,-0.619764,-0.238104,0.132597,3735.6,0
0.462489,1.56054,-0.629862,-0.335357,0.0786745,3374.23,0
0.468988,1.51666,-0.751356,-0.239949,0.0609747,3233.9,0
0.475514,1.57901,-0.577388,-0.075258,0.0795053,3320.64,0
0.482012,1.55259,-0.548468,0.0293822,0.0684816,3221.06,0
0.4885,1.75079,-0.387295,-0.0517656,0.132887,3584.02,0
0.494986,1.84088,-0.280391,0.030706,0.158334,3719.06,0
0.50153,1.84424,-0.292894,0.117949,0.151254,3677.22,0
0.508049,1.80299,-0.259881,0.152057,0.131237,3548.85,0
0.514591,1.61281,-0.0852054,0.324403,0.059633,3134.16,0
0.521125,1.71607,-0.105099,0.45245,0.0922595,3293.01,0
0.527621,1.86992,0.0657719,0.347668,0.140458,3544.06,0
0.534143,1.84768,0.183666,0.589566,0.126406,3459.15,0
0.540645,2.14825,0.3664,0.20997,0.221171,3973.49,0
0.547094,2.0088,0.338138,0.306196,0.16216,3671.75,0
0.553575,1.94924,0.415621,0.678827,0.133869,3521.18,0
0.56006,1.88697,0.545439,0.515674,0.106856,3369.24,0
0.566613,2.02745,0.613587,0.442855,0.1495,3578.19,0
0.573143,1.89969,0.721667,0.429351,0.100636,3314.52,0
0.579614,2.01813,0.532483,0.295642,0.135474,3481.86,0
0.586103,2.50183,0.286809,0.259876,0.290378,4268.58,0
0.592593,2.75658,0.484783,0.019964,0.355968,4651.73,0
0.5991,2.79156,0.410862,0.187001,0.341905,4659.59,0
0.605614,2.71215,0.648222,0.0750241,0.290109,4478.35,0
0.61211,2.58483,0.919157,-0.114881,0.22988,4222.81,0
0.618586,2.43053,0.922441,-0.194014,0.163854,3929.18,0
0.6251,2.44259,0.841872,-0.268906,0.159575,3907.53,0
0.63163,2.53748,0.690964,-0.277695,0.183431,4017.35,0
0.638141,2.67946,1.00657,-0.0978115,0.216539,4198.85,0
0.644611,2.68657,1.02186,-0.218829,0.207165,4167.74,0
0.651079,2.86965,0.852259,-0.434842,0.255128,4407.52,0
0.657635,2.7864,0.944259,-0.331868,0.210629,4237,0
0.66408,2.89248,0.776286,-0.0802976,0.235003,4355.61,0
0.670594,2.93227,0.878944,0.0918311,0.232735,4372.64,0
0.677149,2.82831,0.536205,0.170132,0.183876,4176.79,0
0.683672,2.64203,0.572933,0.255432,0.112979,3864.47,0
0.690194,2.634,0.61629,0.262769,0.106538,3816.31,0
0.696732,2.63531,0.536032,0.187418,0.101718,3782.38,0
0.703245,2.62445,0.691375,0.214261,0.0947514,3731.92,0
0.709722,2.70267,0.689695,0.416765,0.117804,3808.07,0
0.716238,2.60611,0.435483,0.447645,0.0794794,3638.61,0
0.722726,2.64905,0.217399,0.521839,0.0908731,3665.35,0
0.729213,2.6597,0.385179,0.660767,0.0918749,3647.36,0
0.735699,2.72061,0.400732,0.604991,0.10948,3698,0
0.74224,2.77392,0.4094,0.57068,0.123395,3737.23,0
0.748747,2.75577,0.516077,0.716884,0.112218,3680.51,0
0.755273,2.78782,0.632472,0.604523,0.118552,3691.14,0
0.761789,2.72325,0.623248,0.560181,0.0911025,3574.81,0
0.768246,2.89291,0.772721,0.521551,0.144959,3765.6,0
0.774764,2.80249,0.860249,0.707334,0.106525,3617.22,0
0.781269,2.7643,0.851319,0.663172,0.0889794,3538.21,0
0.787776,2.97147,0.93833,0.602663,0.155703,3771.98,0
0.794295,3.1923,0.791327,0.784323,0.223453,4019.04,0
0.800811,3.35383,1.04317,0.745002,0.264912,4188.03,0
0.807317,3.07153,0.751922,0.730385,0.155559,3804.61,0
0.813802,3.08254,1.08898,0.697442,0.151033,3787.82,0
0.820321,3.1765,0.975448,0.551031,0.177567,3872.27,0
0.826835,3.22898,0.902768,0.594893,0.185232,3905.23,0
0.833337,3.18814,1.01104,0.513956,0.160605,3825.74,0
0.839798,3.05828,1.09866,0.593452,0.109501,3641.69,0
0.8463,3.04344,1.03057,0.700326,0.100861,3596.17,0
0.852814,2.98315,1.21685,0.675055,0.0753975,3498,0
0.859319,3.09975,1.35327,0.704683,0.112534,3607.21,0
0.865818,3.35119,1.38633,0.583513,0.192741,3870.55,0
0.872315,3.19092,1.3123,0.831247,0.128612,3657.99,0
0.878823,3.18897,1.26713,0.854017,0.123018,3628.68,0
0.885343,3.34471,1.27041,0.736433,0.171672,3777.87,0
0.891866,3.50248,1.06048,0.890164,0.216288,3927.14,0
0.898352,3.4559,0.920947,1.01432,0.18749,3846.94,0
0.904841,3.47699,0.790768,0.860863,0.183294,3842.65,0
0.91137,3.60375,0.813408,1.05978,0.216293,3954.21,0
0.917876,3.46705,0.792923,1.11793,0.158116,3777.25,0
0.924387,3.56274,0.695882,1.31454,0.182772,3854.16,0
0.930903,3.58478,0.727592,1.24236,0.181806,3850.87,0
0.937439,3.4807,0.778988,1.37418,0.138068,3712.99,0
0.943923,3.33949,0.84677,1.45868,0.0838357,3537.88,0
0.950438,3.5198,0.725761,1.53616,0.140533,3703.35,0
0.956987,3.51699,0.730851,1.71312,0.134472,3675.07,0
0.963486,3.31624,0.809077,1.71715,0.0603801,3441.92,0
0.969954,3.32228,0.54682,1.57381,0.0603098,3425.2,0
0.976474,3.33467,0.524597,1.72573,0.0623583,3415.01,0
0.982992,3.32455,0.540645,1.80024,0.0570615,3382.07,0
0.989467,3.36006,0.71447,1.75351,0.0676965,3395.83,0
0.995996,3.4279,0.555298,1.90242,0.0885693,3441.68,0
1.00249,3.41001,0.414448,1.96547,0.0797621,3401.54,0
1.009,3.40785,0.387191,2.04384,0.0759339,3377.45,0
1.01551,3.42336,0.438125,2.13992,0.0781847,3371.06,0
1.022,3.43736,0.529309,2.11954,0.0803388,3363.38,0
1.0285,3.42209,0.439346,2.24786,0.0733189,3327.26,0
1.03499,3.38287,0.419264,2.36294,0.057498,3268.51,0
1.0415,3.33814,0.575851,2.42304,0.0406534,3205.12,0
1.04802,3.28466,0.669483,2.4959,0.0215849,3134.15,0
1.05456,3.39051,0.709581,2.22258,0.0570499,3215.08,0
1.0611,3.31051,0.631913,2.12591,0.0278856,3119.88,0
1.06763,3.43521,0.741286,1.97726,0.0701134,3217.59,0
1.07415,3.40815,0.7832,2.02974,0.0571468,3172.88,0
1.08064,3.33462,0.834012,2.07515,0.0307872,3085.77,0
1.08717,3.47738,0.859709,2.14389,0.0790161,3198.55,0
1.09368,3.51736,0.858688,2.17032,0.0892032,3216.08,0
1.10017,3.75663,1.01294,2.14276,0.167049,3414.58,0
1.10674,3.63969,0.987892,2.3779,0.120461,3288.68,0
1.11327,3.59507,0.968052,2.62425,0.0994577,3229.3,0
1.11981,3.73243,1.01083,2.52507,0.142096,3333.09,0
1.12632,3.75752,0.747157,2.58978,0.144387,3336.11,0
1.13283,3.66319,0.851514,2.60839,0.104473,3233.66,0
1.13933,3.64225,0.812044,2.48756,0.0931102,3196.85,0
1.14585,3.70144,0.933895,2.41508,0.108823,3230.31,0
1.15234,3.80326,0.706856,2.51589,0.137561,3300.47,0
1.15888,4.11446,0.680921,2.54232,0.235626,3550.39,0
1.16537,3.9916,0.731269,2.71831,0.179662,3425.17,0
1.17192,4.19712,0.763705,3.09719,0.239178,3581.42,0
1.17847,4.39328,1.01832,3.06294,0.288994,3727.97,0
1.18494,4.43735,0.971779,3.19509,0.285128,3744.78,0
1.19149,4.53511,1.05894,3.31304,0.299239,3806.26,0
1.19798,4.4864,1.11456,3.25186,0.263615,3744.97,0
1.2045,4.34006,1.21432,3.19661,0.197125,3603.21,0
1.21099,4.4905,1.19429,3.08499,0.237084,3708.11,0
1.21751,4.39741,1.32264,3.3309,0.190945,3611.8,0
1.22402,4.17208,1.41215,3.17011,0.104929,3408.51,0
1.23057,3.96637,1.3567,3.16129,0.0309307,3223.19,0
1.23707,4.04305,1.23158,3.18174,0.0571163,3268.25,0
1.24358,4.11809,1.28776,3.20599,0.0816177,3311.48,0
1.25007,4.13807,1.42652,3.23998,0.0858296,3310.28,0
1.25654,4.12758,1.60337,3.18975,0.0786476,3284.87,0
1.26301,3.95196,1.5897,3.18402,0.0147,3129,0
1.26951,4.04035,1.57108,3.29219,0.0449033,3182.6,0
1.27604,4.09324,1.64325,3.29993,0.0615037,3207.77,0
1.28257,4.13794,1.7207,3.18734,0.0752846,3226.3,0
1.2891,4.09828,1.6468,3.15749,0.0591259,3179.19,0
1.29556,4.19254,1.61918,3.2289,0.0892948,3236.09,0
1.30206,4.15595,1.84602,3.21867,0.0734545,3191.84,0
1.30854,4.09987,1.87383,3.14844,0.0508757,3133.16,0
1.31509,4.50205,1.77564,3.33935,0.186077,3423.39,0
1.32158,4.3856,1.6851,3.57564,0.137391,3318.47,0
1.32809,4.33358,1.85463,3.45885,0.113003,3263.02,0
1.33459,4.33674,1.86178,3.42319,0.109331,3249.5,0
1.34109,4.24026,1.82891,3.47329,0.0710682,3161.81,0
1.34767,4.12732,1.82695,3.5255,0.029816,3062.56,0
1.35417,4.07027,1.76572,3.44269,0.00954549,3005.73,0
1.36068,4.18291,1.84328,3.50575,0.0482731,3074.12,0
1.3672,4.21125,1.89109,3.46924,0.0564111,3080.21,0
1.37371,4.15723,2.02429,3.46603,0.0361741,3026.29,0
1.38027,4.26179,2.11039,3.43487,0.0708512,3087.65,0
1.38677,4.30065,2.13484,3.46733,0.0799423,3101.2,0
1.39328,4.53044,2.28334,3.47502,0.154953,3251.64,0
1.39977,4.32338,2.3506,3.50064,0.0760187,3088.63,0
1.40628,4.3923,2.22179,3.6052,0.0975923,3123.34,0
1.41282,4.35713,2.05157,3.5841,0.0822487,3083.99,0
1.41935,4.39676,2.24386,3.78008,0.0923932,3097.72,0
1.42583,4.54615,2.31894,3.85352,0.139997,3188.43,0
1.43234,4.42069,2.24075,4.04413,0.0906207,3086.35,0
1.43883,4.53905,2.17188,4.20175,0.127642,3154.68,0
1.44533,4.5352,1.98183,4.35125,0.120848,3137.83,0
1.45183,4.47001,2.21881,4.41126,0.0926318,3078.89,0
1.45833,4.44778,2.34305,4.43982,0.0819714,3049.91,0
1.46481,4.50259,2.26508,4.54985,0.097346,3073.84,0
1.47132,4.61271,2.10874,4.72083,0.129871,3135.08,0
1.47783,4.69864,2.02947,5.03583,0.153549,3179.42,0
1.48433,4.63866,1.80497,4.73439,0.125867,3125.09,0
1.49087,4.74999,1.78332,4.79009,0.158659,3186.05,0
1.49734,4.71632,1.62173,4.73397,0.138395,3149.79,0
1.50383,4.72527,1.83711,4.73066,0.135277,3142.15,0
1.51037,4.90673,1.67531,4.48651,0.190551,3248.69,0
1.5169,4.56848,1.65815,4.43619,0.066344,3011.73,0
1.52341,4.75222,1.5854,4.44907,0.12589,3119.47,0
1.52992,5.03384,1.6795,4.01816,0.216028,3290.25,0
1.53638,5.15143,1.91803,3.99034,0.244235,3352.97,0
1.54293,5.18352,2.04244,4.17181,0.238913,3359.54,0
1.54945,5.17305,2.24138,4.30198,0.221381,3338.64,0
1.55597,5.12583,2.20178,4.29472,0.192948,3294.29,0
1.56251,5.37314,2.19648,4.14411,0.262929,3438.79,0
1.56898,5.26744,2.10204,4.17981,0.213075,3357.24,0
1.5755,5.38961,2.25249,4.05181,0.240693,3420.88,0
1.58201,5.49276,2.23698,4.2329,0.262442,3472.01,0
1.58852,5.54589,1.95144,4.34694,0.263675,3491.23,0
1.59503,5.62113,2.04452,4.37341,0.271874,3524.14,0
1.60151,5.80877,2.26473,4.47713,0.316997,3627.05,0
1.60799,5.83482,2.48739,4.34988,0.303881,3628.64,0
1.61446,5.69713,2.76514,4.08644,0.236682,3528.82,0
1.62094,5.77381,2.85517,4.00646,0.247154,3562.02,0
1.62744,5.86016,2.61716,3.77254,0.258384,3600.85,0
1.63393,6.17811,2.77891,3.93558,0.351218,3781.14,0
1.64044,6.2119,2.99635,4.11363,0.337024,3786.72,0
1.64695,6.19919,2.80382,4.24605,0.309845,3764.05,0
1.65346,6.25852,2.57769,4.38972,0.307902,3785.11,0
1.65998,6.56498,2.66606,4.53174,0.386852,3954.84,0
1.66649,6.43432,2.90886,4.26006,0.31236,3861,0
1.67303,6.38199,2.84596,4.38946,0.272407,3814.64,0
1.67952,6.23045,3.15643,4.23693,0.203991,3709.67,0
1.68606,6.07866,3.14942,4.44901,0.142504,3605.25,0
1.69259,6.29607,3.09392,4.64013,0.207619,3719.78,0
1.69908,6.40302,3.10325,4.59484,0.230854,3768.51,0
1.70559,6.3849,2.98177,4.60894,0.211661,3743.52,0
1.71207,6.34563,3.00076,4.59901,0.18568,3706.41,0
1.71856,6.29511,3.00482,4.87264,0.159616,3663.02,0
1.72501,6.24366,2.84846,4.91685,0.133805,3619.49,0
1.73158,6.32571,3.01748,4.7462,0.15576,3653.15,0
1.73809,6.58119,3.04306,4.57779,0.234254,3786.45,0
1.74459,6.642,3.03597,4.4779,0.240085,3807.2,0
1.75107,6.54858,3.13043,4.49681,0.196079,3739.76,0
1.75756,6.27189,3.25079,4.32773,0.0922085,3568.53,0
1.76408,6.24397,3.12882,4.16073,0.0797787,3539.51,0
1.77057,6.19878,2.98199,4.01819,0.060736,3501.01,0
1.77709,6.38685,3.14511,3.8462,0.12246,3594,0
1.78359,6.39685,2.94895,3.8241,0.121451,3586.5,0
1.79009,6.43157,3.19176,3.74797,0.127704,3592.88,0
1.79663,6.3933,3.22887,3.76041,0.109541,3558.5,0
1.80308,6.60131,3.23708,3.9134,0.175448,3661.13,0
1.80958,6.8008,3.27442,3.72502,0.233144,3758.21,0
1.81608,6.93444,3.17021,3.83295,0.263928,3818.35,0
1.82262,7.16099,2.99204,3.83273,0.320589,3928.95,0
1.82918,7.18941,3.16571,4.06095,0.304602,3930.41,0
1.83567,7.25847,3.11937,4.09539,0.30483,3954.13,0
1.84217,7.32359,3.05221,4.15416,0.304358,3975.52,0
1.84867,7.34209,2.97173,3.92305,0.288741,3971.54,0
1.85521,7.28236,3.0472,3.96584,0.251267,3925.36,0
1.86171,7.50558,3.16014,3.97319,0.310708,4031.55,0
1.86819,7.44862,3.02427,3.98275,0.272486,3987.07,0
1.87468,7.41917,3.29254,3.90355,0.241943,3957.56,0
1.88118,7.5233,3.19284,4.08118,0.260701,3999.24,0
1.88769,7.60115,3.09848,4.13064,0.268871,4026.69,0
1.89418,7.57243,3.25583,4.14005,0.241274,3997.73,0
1.90067,7.6369,3.25663,4.19562,0.249188,4018.01,0
1.90717,7.52565,3.21023,4.04451,0.196051,3945.98,0
1.91369,7.34507,3.37215,3.81641,0.122994,3838.18,0
1.92024,7.19792,3.26586,3.71112,0.06808,3748.44,0
1.92672,7.21231,3.13108,3.9144,0.0681891,3743.32,0
1.93324,7.29985,3.09008,3.87765,0.0954831,3775.97,0
1.93973,7.23553,3.15743,3.93585,0.0695786,3730.17,0
1.94626,7.36823,3.20861,3.95559,0.112811,3785.84,0
1.95273,7.70637,3.42113,3.82195,0.222742,3946.47,0
1.95921,7.6451,3.49273,3.95761,0.190289,3902.13,0
1.96576,7.75712,3.33262,3.99928,0.218604,3946.12,0
1.97227,7.58089,3.3262,4.00103,0.14618,3843.75,0
1.97877,7.83285,3.31097,3.83491,0.223183,3958.45,0
1.98524,7.78141,3.30334,3.83526,0.19196,3919.63,0
1.99178,8.0197,3.39513,3.78173,0.262923,4026.41,0
1.99827,8.05687,3.23173,3.70026,0.25753,4031.92,0
2.00476,7.97115,3.44748,3.47972,0.214333,3976.1,0
2.01127,7.93125,3.60785,3.68724,0.190114,3943.41,0
2.01775,7.91859,3.62343,3.53403,0.174334,3924.46,0
2.02423,7.9265,3.64789,3.73677,0.167539,3915.82,0
2.03074,7.96566,3.33572,3.99725,0.170431,3922.54,0
2.03725,8.19596,3.4349,4.17803,0.237941,4023.06,0
2.04375,8.4896,3.452,4.17438,0.322234,4153.93,0
2.05028,8.4263,3.41991,4.13145,0.2782,4109.83,0
2.05681,8.32809,3.61199,4.35374,0.226394,4049.04,0
2.0633,8.23468,3.6129,4.57048,0.181695,3991.03,0
2.06978,8.3454,3.55976,4.7237,0.207172,4032.03,0
2.07633,8.3579,3.67343,4.71893,0.199327,4025.32,0
2.08284,8.45296,3.70138,4.83736,0.219619,4058.39,0
2.08935,8.49797,3.73038,4.5659,0.22233,4067.28,0
2.09587,8.63227,3.91488,4.60227,0.254547,4118.7,0
2.1024,8.5999,3.86771,4.60577,0.227852,4090.51,0
2.10894,8.66165,4.01144,4.94908,0.236621,4107.12,0
2.11544,8.38065,4.11033,5.06295,0.129709,3961.66,0
2.12192,8.40317,4.05029,5.08498,0.132465,3960.17,0
2.12843,8.64546,4.17875,5.19379,0.208691,4061.9,0
2.13496,8.52504,4.09246,5.10569,0.156319,3993.06,0
2.1415,8.76148,4.10561,5.13435,0.227706,4091.29,0
2.14797,8.71266,3.84329,5.20195,0.199231,4056.23,0
2.15445,8.69646,3.76617,5.42324,0.183653,4036.52,0
2.16096,8.96133,4.18835,5.62034,0.260998,4146.92,0
2.1675,9.08493,4.10649,5.84938,0.285748,4191.43,0
2.17399,8.96803,4.16085,5.79171,0.229063,4125.15,0
2.18052,8.9318,4.03966,5.62176,0.205222,4096.18,0
2.18699,8.99482,3.96875,5.61424,0.216574,4112.87,0
2.19347,9.05124,3.91783,5.68297,0.223502,4126.44,0
2.19999,9.1224,3.81727,5.44181,0.230976,4146.56,0
2.20649,9.31956,3.77128,5.50886,0.282042,4223.7,0
2.21303,9.35011,3.91102,5.65948,0.273846,4225.03,0
2.21955,9.20038,3.91852,5.74643,0.206777,4145.15,0
2.22606,9.02706,4.18068,5.78356,0.138253,4055.18,0
2.23255,9.15348,4.22676,5.90556,0.174097,4100.01,0
2.23907,9.50935,4.23825,5.80962,0.284028,4247.01,0
2.2456,9.33871,3.95665,5.66969,0.208705,4158.67,0
2.25209,9.26973,3.79542,5.41825,0.174769,4116.05,0
2.2586,9.36936,3.89379,5.39554,0.199573,4148.31,0
2.26512,9.40696,3.99525,5.55784,0.200737,4152.97,0
2.27166,9.53442,4.12281,5.61105,0.23087,4197.12,0
2.27814,9.70773,4.00145,5.66588,0.274095,4261.25,0
2.28466,9.74881,4.08453,5.67399,0.267407,4267.06,0
2.29114,9.7044,3.98726,5.63178,0.236332,4235.62,0
2.2977,9.85014,3.87316,5.96525,0.269968,4286.96,0
2.30418,9.80114,3.9986,6.14639,0.238072,4253.64,0
2.31071,10.0252,4.11228,5.98189,0.29881,4338.59,0
2.31724,10.0386,4.16395,5.95869,0.281606,4332.15,0
2.32374,9.90922,4.39866,5.87656,0.220255,4264.35,0
2.33022,9.94279,4.30174,5.8168,0.217998,4266.88,0
2.33672,10.2012,4.41416,5.80971,0.291322,4365.59,0
2.34327,10.2449,4.47572,5.5952,0.286275,4372.05,0
2.34975,10.2547,4.34913,5.9632,0.272909,4364.18,0
2.35621,10.2237,4.39329,5.98605,0.243216,4339.06,0
2.36272,10.2358,4.23991,5.8813,0.23352,4332.23,0
2.36919,10.3463,4.43902,6.05884,0.2567,4367.01,0
2.37573,10.0069,4.44034,6.13441,0.127129,4212.15,0
2.38224,10.1123,4.52438,6.15461,0.157007,4244.87,0
2.38874,10.1722,4.5334,6.32465,0.170139,4258.39,0
2.39522,10.4113,4.28249,6.20436,0.241433,4346.69,0
2.40172,10.3892,4.19512,6.25315,0.217734,4325.73,0
2.40826,10.5267,4.08447,6.48918,0.24978,4371.06,0
2.4148,10.4928,4.11538,6.61849,0.224292,4345.2,0
2.4213,10.3759,4.08636,6.44871,0.173611,4285.26,0
2.42782,10.4148,4.35112,6.17379,0.179182,4289.79,0
2.43433,10.5938,4.38619,6.03406,0.227393,4351.83,0
2.44086,10.8369,4.36095,5.97814,0.296909,4439.78,0
2.44741,10.7412,4.32176,5.95587,0.242924,4388.79,0
2.45392,10.4265,4.33962,5.90924,0.121986,4248.92,0
2.46041,10.4653,4.30056,5.83746,0.131551,4253.47,0
2.46693,10.3878,4.53376,5.92614,0.099158,4210.84,0
2.47344,10.4067,4.40161,5.84393,0.101834,4207.4,0
2.47993,10.5236,4.52211,5.79991,0.137335,4243.52,0
2.48647,10.4878,4.6934,5.80851,0.119341,4217.96,0
2.49294,10.3968,4.69648,5.81625,0.0835221,4170.5,0
2.49945,10.2663,4.67942,5.71986,0.0359281,4107.41,0
2.50597,10.3841,4.75241,5.68839,0.0741462,4143.74,0
2.51244,10.3277,4.69942,5.68988,0.0526511,4110.61,0
2.51901,10.4106,4.77803,5.89511,0.0800438,4132.8,0
2.52553,10.4813,4.79602,5.84175,0.101247,4150.15,0
2.53204,10.3011,4.78242,5.70262,0.0364167,4068.3,0
2.53855,10.2113,4.84338,5.74448,0.0042981,4022.49,0
2.54508,10.2944,4.81625,5.71751,0.0331558,4044.81,0
2.55161,10.221,4.81857,5.66324,0.00689061,4005.7,0
2.55812,10.3007,4.759,5.61152,0.0340978,4026.65,0
2.56463,10.3095,4.82275,5.61938,0.0358231,4019.87,0
2.57111,10.2869,4.81153,5.64199,0.0273667,4000.96,0
2.57763,10.2873,4.7425,5.69351,0.0270049,3990.97,0
2.58415,10.3148,4.57217,5.81368,0.0357679,3991.55,0
2.59066,10.2566,4.56945,5.84395,0.0151176,3959.06,0
2.59717,10.2555,4.45595,5.78129,0.0141109,3948.73,0
2.60368,10.2894,4.4626,5.76232,0.0256857,3951.88,0
2.61021,10.5059,4.34597,5.8231,0.0992258,4024.94,0
2.61672,10.544,4.38713,5.79399,0.105981,4029.46,0
2.6232,10.5249,4.28406,5.84863,0.0951472,4012.25,0
2.6297,10.538,4.20395,6.00838,0.0970751,4007.3,0
2.63617,10.6099,4.17892,6.0813,0.118004,4024.72,0
2.64268,10.5681,3.94572,6.20831,0.0995493,3999.02,0
2.64921,10.4776,4.00756,6.05177,0.065959,3954.99,0
2.65573,10.5999,3.98348,5.87367,0.105688,3991.33,0
2.66222,10.6233,4.15708,5.9968,0.107849,3990.38,0
2.66873,10.481,4.31743,5.82732,0.0550331,3927.34,0
2.67521,10.6875,4.1636,5.73953,0.123833,3995.01,0
2.68169,10.7697,4.04746,5.83717,0.146674,4016,0
2.68823,10.7035,4.00782,5.90767,0.117102,3981.63,0
2.69472,10.7192,3.75071,5.86409,0.116659,3977.87,0
2.70124,10.7059,3.84207,5.85088,0.107272,3963.33,0
2.70778,10.8289,3.69133,5.79483,0.145229,3999.17,0
2.71437,10.8396,3.59558,5.70153,0.141656,3993.39,0
2.7209,10.9322,3.43764,5.54705,0.166766,4017.87,0
2.72741,10.9479,3.41109,5.55699,0.165278,4014.03,0
2.73393,10.7775,3.33272,5.68756,0.100014,3942.13,0
2.7404,10.8086,3.18395,5.86347,0.107459,3944.17,0
2.74692,10.681,3.45957,5.69552,0.0592889,3888.37,0
2.75339,10.6847,3.62217,5.91725,0.0588505,3880.58,0
2.75989,10.5764,3.676,5.86501,0.0200413,3832.19,0
2.7664,10.6269,3.73746,5.95941,0.0367604,3841.41,0
2.77293,10.6184,3.81949,5.93459,0.0325229,3829.32,0
2.77943,10.6226,3.86103,5.93234,0.0331932,3821.86,0
2.78595,10.6321,3.70295,6.04238,0.035973,3816.32,0
2.79245,10.7898,3.65352,5.76191,0.0894788,3863.91,0
2.79894,10.9141,3.68421,5.67024,0.1287,3899.37,0
2.80544,10.921,3.74538,5.62207,0.124569,3892.8,0
2.81191,10.9813,3.63358,5.60957,0.139123,3905.28,0
2.81844,10.9883,3.6072,5.77365,0.133284,3898.73,0
2.82497,10.9211,3.4822,5.79182,0.103788,3865.89,0
2.83152,10.8024,3.39846,5.7568,0.0597922,3815.03,0
2.83805,10.894,3.44924,5.86298,0.0895792,3838.57,0
2.84458,10.9559,3.37294,5.75116,0.10714,3851.51,0
2.85108,10.9812,3.51396,5.82785,0.111514,3851.59,0
2.85762,11.0474,3.76837,5.75693,0.126626,3865.96,0
2.86414,10.9535,3.89298,5.63465,0.089624,3824.34,0
2.87064,11.1036,3.88536,5.75228,0.135629,3867.97,0
2.87714,11.0337,3.84183,5.83846,0.107485,3834.96,0
2.88363,11.0125,3.80333,5.85355,0.0957442,3818.97,0
2.89013,10.9524,3.79766,5.99668,0.0715691,3789.59,0
2.89663,11.0994,3.74029,5.87655,0.119521,3831.81,0
2.90313,10.9952,3.68476,5.93197,0.0788598,3787.36,0
2.90965,10.9313,3.61957,5.78358,0.0550021,3756.9,0
2.91618,10.9038,3.59665,5.90687,0.0442502,3739.08,0
2.92266,11.0243,3.69004,6.05774,0.0841991,3772.02,0
2.92913,11.1324,3.59091,6.18591,0.116707,3800.58,0
2.93562,10.9853,3.57481,6.23862,0.0626334,3742.07,0
2.94215,11.024,3.63069,6.34469,0.0742323,3746.92,0
2.9487,10.9417,3.71625,6.40215,0.0436868,3710.68,0
2.95519,10.9352,3.51823,6.36779,0.0401811,3700.34,0
2.96172,11.0023,3.63492,6.42962,0.0622625,3714.83,0
2.96824,10.878,3.63896,6.46823,0.0179021,3664.81,0
2.97475,10.8768,3.66593,6.51099,0.0172641,3656.39,0
2.98127,10.9242,3.62048,6.45181,0.0328903,3664.26,0
2.98783,10.8968,3.69739,6.4888,0.0226004,3647.08,0
2.99435,10.8451,3.67227,6.46948,0.00435138,3621.84,0
3.00091,10.9859,3.59737,6.37886,0.0531052,3660.86,0
3.0074,11.1068,3.63021,6.48545,0.0932989,3693.16,0
3.01393,11.0099,3.88016,6.56765,0.0567282,3653.02,0
3.02045,11.0322,4.15102,6.66302,0.0629199,3652.49,0
3.02698,11.0909,4.40799,6.83073,0.0807761,3664.02,0
3.03353,11.0624,4.30225,6.87211,0.0688481,3646.72,0
3.04005,11.0384,4.37133,7.05749,0.0587208,3630.99,0
3.04651,10.8794,4.33464,6.8388,0.00255492,3571.09,0
3.05304,10.8807,4.30601,6.81554,0.00290825,3563.89,0
3.05955,10.9218,4.35884,6.76858,0.0170977,3569.72,0
3.06601,11.0479,4.32659,6.87216,0.0602326,3603.33,0
3.07255,11.1616,4.23211,7.05014,0.0960556,3632.67,0
3.07903,11.0972,4.33113,7.08657,0.0702032,3604.13,0
3.0855,11.2297,4.21501,7.03595,0.11278,3639.51,0
3.09201,11.2351,4.20039,6.9149,0.111002,3633.58,0
3.09848,11.5132,4.17144,6.79051,0.200439,3715.76,0
3.10497,11.6616,4.34306,7.12111,0.238409,3755.79,0
3.11147,11.534,4.32674,6.94275,0.182324,3706.94,0
3.11794,11.2358,4.62499,6.82489,0.0723554,3603.59,0
3.1245,11.3527,4.67629,6.95067,0.109693,3633.46,0
3.13102,11.2396,4.6589,7.07909,0.0665105,3589.77,0
3.13751,11.3489,4.6694,6.99875,0.101425,3617.18,0
3.14403,11.4241,4.66376,6.8301,0.122192,3633.6,0
3.15053,11.4498,4.80019,6.80692,0.125882,3634.24,0
3.15702,11.4587,4.86186,6.88747,0.123777,3629.61,0
3.16352,11.2241,5.05464,6.96405,0.0383719,3547.98,0
3.17002,11.1662,4.98938,6.91955,0.0173058,3522.43,0
3.17653,11.1685,5.09022,6.89606,0.0174003,3515.95,0
3.18305,11.1301,5.02171,6.92334,0.00382123,3496.68,0
3.18958,11.1507,5.011,6.87592,0.0107888,3495.96,0
3.19606,11.1478,5.04274,6.90633,0.0097361,3487.98,0
3.20258,11.418,5.16138,6.99929,0.102344,3565.26,0
3.20908,11.3833,5.11742,6.84851,0.0864488,3547.2,0
3.21561,11.5389,5.19805,6.87289,0.135364,3588.39,0
3.2221,11.5789,5.31541,6.87171,0.141823,3593.58,0
3.22864,11.6373,5.2527,6.74394,0.156099,3604.4,0
3.23514,11.7707,5.17175,6.45749,0.194,3638.4,0
3.24163,11.8481,5.16791,6.42727,0.208165,3654.98,0
3.24815,11.6113,5.31809,6.63169,0.119202,3574.73,0
3.25464,11.4517,5.39287,6.54857,0.060077,3518.58,0
3.26116,11.4508,5.42209,6.80784,0.0575899,3511.27,0
3.26764,11.561,5.34816,6.63188,0.0924196,3538.04,0
3.27413,11.5522,5.15732,6.57918,0.0854798,3528.33,0
3.2806,11.7679,5.33947,6.73071,0.156685,3587.11,0
3.2871,12.0205,5.58324,6.63379,0.233963,3656.86,0
3.29362,11.7805,5.60178,6.72967,0.141106,3576.76,0
3.30016,11.9196,5.56964,6.70075,0.180947,3611.81,0
3.30672,11.8359,5.51997,6.82318,0.143605,3579.35,0
3.3132,11.748,5.4546,6.6642,0.106367,3545.81,0
3.31968,11.8085,5.38166,6.80719,0.122835,3557.12,0
3.32618,11.7235,5.24101,6.67181,0.0896318,3524.63,0
3.33267,11.6171,5.30695,6.70942,0.0494023,3485.83,0
3.33918,11.4955,5.30777,6.68479,0.00623705,3442.6,0
3.34567,11.5868,5.21083,6.86235,0.037659,3463.22,0
3.35217,11.6381,5.29161,6.83213,0.0545236,3471.8,0
3.35868,11.5858,5.1302,6.93482,0.0341586,3449.51,0
3.36518,11.6117,5.20309,6.9541,0.0422729,3450.53,0
3.37168,11.5836,5.105,6.93993,0.0314598,3435.56,0
3.37818,11.7284,5.13517,6.97747,0.0809914,3471.81,0
3.38468,11.8514,5.1765,6.89377,0.120616,3501.48,0
3.39118,11.9048,5.10576,6.98071,0.133992,3510.51,0
3.39768,11.8852,5.00954,6.89153,0.121074,3498.05,0
3.40417,12.1128,5.1837,7.11199,0.192507,3558.22,0
3.41069,12.1771,5.13451,6.91675,0.20207,3570.26,0
3.41722,12.3039,5.28327,6.95324,0.230231,3600.55,0
3.42374,12.217,5.33332,7.31933,0.186305,3568.32,0
3.43026,12.3701,5.48361,7.4247,0.229549,3606.18,0
3.4368,12.5907,5.73454,7.41492,0.290347,3663.51,0
3.44333,12.4607,5.79366,7.56826,0.228513,3618.79,0
3.4498,12.5948,5.88231,7.62559,0.258421,3650.88,0
3.45636,12.7104,5.85319,7.64583,0.28266,3677.38,0
3.46285,12.8958,5.40875,7.62119,0.326255,3724.05,0
3.46933,13.0082,5.24074,7.63176,0.334852,3749.48,0
3.47586,12.7356,5.08348,7.81584,0.221185,3664.02,0
3.4824,12.7455,4.98824,7.86679,0.210026,3659.98,0
3.4889,12.5738,5.44238,7.66818,0.141337,3603.93,0
3.49541,12.664,5.32258,7.74554,0.16593,3623.05,0
3.50186,12.8143,5.41544,7.9742,0.207046,3659.28,0
3.50843,12.7036,5.41221,7.96681,0.158207,3620.87,0
3.51494,12.4518,5.46337,7.90566,0.0660034,3542.53,0
3.52143,12.483,5.48287,8.08384,0.0747779,3544.88,0
3.52796,12.3904,5.51112,8.11828,0.0413948,3512.07,0
3.53445,12.3528,5.46666,8.07625,0.0274526,3494.97,0
3.54095,12.4077,5.32463,8.18551,0.0458739,3504.07,0
3.54744,12.5156,5.45622,8.10032,0.0813513,3528.05,0
3.55393,12.3826,5.53216,8.04894,0.0336006,3484.2,0
3.56038,12.3747,5.58192,8.08206,0.0302757,3475.67,0
3.56686,12.4048,5.57669,7.98,0.0400192,3477.79,0
3.57333,12.5127,5.50649,7.91896,0.0764932,3501.69,0
3.57985,12.5854,5.54033,7.94534,0.098501,3515.63,0
3.58639,12.7602,5.58542,7.77718,0.1537,3557.96,0
3.59288,12.6481,5.67312,7.83232,0.109098,3520.32,0
3.59939,12.6408,5.61769,7.8609,0.101466,3511.91,0
3.60591,12.6227,5.36706,7.89494,0.0907108,3500.57,0
3.61243,12.7136,5.34866,7.95382,0.118087,3519.41,0
3.61895,12.7476,5.07552,8.12139,0.124733,3522.45,0
3.62545,12.7518,5.27905,8.11524,0.119166,3517.3,0
3.63194,12.651,5.023,7.8883,0.0790565,3483.27,0
3.63844,12.6577,5.07323,7.67508,0.0785636,3478.87,0
3.64493,12.4686,5.32352,7.76317,0.01091,3420.82,0
3.6514,12.5093,5.3849,7.71641,0.0249183,3425.88,0
3.65787,12.4591,5.36686,7.64127,0.00727454,3406.11,0
3.66434,12.6035,5.22205,7.65775,0.056481,3439.5,0
3.67083,12.5892,5.25107,7.72486,0.0492363,3429.52,0
3.67736,12.579,5.01933,7.72352,0.044078,3420.66,0
3.68385,12.6017,5.23716,7.77984,0.0503266,3420.8,0
3.69037,12.68,5.32232,7.7256,0.0747426,3435.95,0
3.69691,12.6909,5.30657,7.79195,0.0759544,3432.85,0
3.7034,12.582,5.35007,7.79657,0.035881,3397.41,0
3.70989,12.6105,5.35098,7.75978,0.045037,3399.15,0
3.71641,12.6983,5.37056,7.71573,0.0734118,3416.81,0
3.72292,12.6278,5.22474,7.63084,0.0466512,3391.92,0
3.72938,12.5701,5.26516,7.6051,0.0261385,3370.55,0
3.73584,12.6838,5.3042,7.61841,0.0642254,3395.16,0
3.74235,12.7186,5.21949,7.64127,0.0736265,3398.57,0
3.74884,12.7309,4.9969,7.78742,0.0746502,3395.96,0
3.75538,12.6905,5.01437,7.98365,0.0579197,3379.28,0
3.76188,12.817,4.86685,7.992,0.0988877,3407.07,0
3.7683,12.8136,4.74914,7.96158,0.0944894,3400.37,0
3.77482,12.6948,4.89944,7.90939,0.0500807,3363.01,0
3.78128,12.6793,4.8118,8.03299,0.042819,3353.17,0
3.78779,12.7967,4.80964,7.95964,0.0808824,3378.41,0
3.7943,12.8323,4.69876,7.95385,0.0899777,3381.98,0
3.80082,12.8814,4.81094,7.84875,0.103115,3389.11,0
3.80735,12.8754,4.77903,7.89783,0.096427,3381.72,0
3.81387,12.7944,4.92883,7.92195,0.0660224,3354.7,0
3.82035,12.7061,4.89431,7.85743,0.0338446,3325.9,0
3.82687,12.666,4.90767,7.78226,0.0191783,3309.75,0
3.83339,12.6339,4.9446,7.63519,0.00777237,3295.74,0
3.8399,12.8137,4.92973,7.5355,0.0699146,3336.99,0
3.84641,12.9793,4.81811,7.4758,0.124191,3374.4,0
3.85286,13.0889,4.91313,7.51083,0.155013,3397.18,0
3.85935,13.175,4.86233,7.58673,0.175961,3413.79,0
3.86586,13.2109,4.59774,7.5931,0.179079,3417.31,0
3.87235,13.3465,4.72131,7.55428,0.216936,3446.62,0
3.87883,13.361,4.6667,7.61065,0.208306,3444.59,0
3.88531,13.6181,4.99248,7.6095,0.282113,3505.03,0
3.89186,13.56,5.06109,7.25313,0.240981,3484.18,0
3.89834,13.3657,5.0595,7.42877,0.160468,3428.56,0
3.90488,13.4056,5.10994,7.4225,0.164868,3433.05,0
3.9114,13.4092,5.34074,7.40144,0.157641,3428.22,0
3.91797,13.4687,5.47455,7.29914,0.171953,3437.68,0
3.92447,13.4885,5.40829,7.24693,0.169695,3437.02,0
3.93095,13.5857,5.26637,7.15777,0.191725,3456.09,0
3.93742,13.4758,5.45875,7.33,0.144291,3422.5,0
3.94393,13.55,5.26067,7.35885,0.162721,3435.67,0
3.95041,13.7112,5.33034,7.31524,0.209447,3470.84,0
3.95687,13.9221,5.27486,7.4889,0.269917,3518.46,0
3.96339,13.641,5.18326,7.51984,0.158106,3441.75,0
3.96987,13.6782,5.23131,7.47647,0.162869,3445.51,0
3.97636,13.7171,5.2588,7.50488,0.168281,3449.65,0
3.98286,13.7712,5.31716,7.35842,0.179384,3457.62,0
3.9894,13.7808,5.20509,7.2515,0.173387,3454.37,0
3.9959,13.6026,5.32118,7.26002,0.104522,3404.13,0
4.00241,13.6076,5.38158,7.02096,0.102207,3399.84,0
4.00893,13.7751,5.1914,6.86936,0.15436,3436.1,0
4.01546,13.9347,5.15801,6.99739,0.199918,3470.27,0
4.02199,13.8197,5.22014,7.06531,0.15049,3436.04,0
4.02851,13.6811,5.23329,7.17283,0.0964818,3396.07,0
4.035,13.4753,5.27765,7.07501,0.0228979,3339.61,0
4.04151,13.4566,5.36355,7.09479,0.0159177,3329.59,0
4.04799,13.5881,5.31115,7.06461,0.0614611,3356.76,0
4.05453,13.6951,5.35446,7.14704,0.0960681,3377.73,0
4.061,13.6497,5.43768,7.10009,0.0763877,3361.16,0
4.06754,13.7752,5.4228,7.25388,0.117211,3386.62,0
4.07403,13.8082,5.37404,7.24853,0.12156,3389.31,0
4.08055,13.7449,5.09581,7.33868,0.0930071,3368.39,0
4.08709,13.7623,5.03482,7.35951,0.095087,3367.27,0
4.09359,13.6628,4.70864,7.2329,0.0565943,3337.6,0
4.1001,13.6386,4.89903,7.12469,0.0459544,3326.41,0
4.10661,13.5839,4.85473,7.16905,0.026044,3307.81,0
4.1131,13.5547,4.77331,7.17781,0.0157503,3295.5,0
4.11957,13.5868,4.82747,7.1848,0.0263533,3298.11,0
4.12606,13.6582,4.96015,7.25305,0.0507311,3310.23,0
4.13255,13.6048,4.86236,7.35082,0.0313563,3292.1,0
4.13905,13.6504,4.74711,7.28465,0.0469253,3297.96,0
4.14557,13.6046,4.6755,7.24485,0.0296888,3281.72,0
4.15208,13.6748,4.7095,7.02032,0.0523596,3293.49,0
4.15858,13.7665,4.74448,7.01681,0.0813493,3310.37,0
4.1651,13.6289,4.74586,7.11895,0.0312557,3272.17,0
4.1716,13.583,4.72289,6.99978,0.0149597,3256.07,0
4.17809,13.55,4.80387,7.01457,0.00329757,3243.1,0
4.18458,13.7223,4.90282,6.83096,0.0625372,3279.26,0
4.1911,13.8795,4.75102,6.73719,0.113086,3311.66,0
4.19762,13.8007,4.71111,6.66904,0.082331,3287.75,0
4.2041,13.7196,4.58452,6.89197,0.0514659,3263.39,0
4.21063,13.9581,4.55502,6.85479,0.132148,3314.97,0
4.21714,13.8776,4.63631,6.79416,0.0989336,3290.76,0
4.22367,14.109,4.87391,6.55325,0.171933,3340.46,0
4.23019,13.9654,4.88906,6.43521,0.114231,3301.38,0
4.23668,13.7816,4.86415,6.35717,0.045968,3252.93,0
4.24319,13.7436,4.85018,6.33059,0.0320574,3238.99,0
4.24974,13.8274,4.9394,6.20436,0.0598931,3253.71,0
4.25629,13.7938,5.0393,6.23775,0.0464525,3240.81,0
4.26277,13.826,5.1606,6.10784,0.0559859,3243.43,0
4.26932,13.799,4.94834,6.14932,0.044904,3232.14,0
4.27585,13.9553,4.88544,5.90183,0.0967644,3263.76,0
4.28234,14.1523,4.8769,5.84658,0.159253,3304.81,0
4.28888,14.253,4.91656,6.07574,0.184654,3323.25,0
4.29543,14.3301,4.92777,6.01099,0.201536,3336.14,0
4.30192,14.3075,5.04317,6.07538,0.183894,3325.84,0
4.30845,14.4455,5.21588,5.9421,0.220301,3352.83,0
4.31498,14.3486,5.48358,5.87664,0.175363,3325.3,0
4.32144,14.2202,5.39716,5.73965,0.122599,3290.62,0
4.32793,14.3537,5.37386,5.91466,0.162501,3316.53,0
4.3344,14.3669,5.26614,5.92089,0.156177,3314.61,0
4.34085,14.319,5.53845,5.89911,0.13255,3298.66,0
4.34732,14.4218,5.41847,6.008,0.161178,3317.39,0
4.3538,14.6471,5.48368,5.8571,0.225704,3364.22,0
4.36033,14.5991,5.60119,5.9488,0.193924,3348.17,0
4.36684,14.4685,5.63165,5.9767,0.138412,3313.27,0
4.37333,14.5171,5.79077,5.8519,0.147667,3319.47,0
4.37984,14.4651,5.64777,6.01826,0.122478,3302.65,0
4.38642,14.5267,5.59897,6.29746,0.139092,3311.74,0
4.39295,14.3815,5.59194,6.49727,0.083195,3273.77,0
4.39943,14.3475,5.72924,6.76802,0.0683615,3261.21,0
4.40596,14.4436,5.80696,6.82951,0.0981907,3278.2,0
4.41246,14.3016,5.73826,6.56736,0.047018,3241.18,0
4.41896,14.3285,5.85044,6.85894,0.0547114,3242.51,0
4.42545,14.4319,5.7838,7.09277,0.088234,3261.11,0
4.43195,14.4282,5.79842,7.0981,0.0834022,3255.5,0
4.43847,14.6265,5.84659,7.26031,0.146846,3295.39,0
4.44496,14.7286,6.01015,7.25176,0.17484,3313.54,0
4.45148,14.654,6.11494,7.09146,0.14033,3291.93,0
4.45801,14.631,6.17218,7.26252,0.126002,3281.96,0
4.46451,14.6775,6.33807,7.35734,0.135812,3287.6,0
4.47103,14.8031,6.44854,7.54699,0.173239,3310.9,0
4.47754,14.6732,6.68089,7.5849,0.119471,3277.07,0
4.48406,14.8551,6.77682,7.39386,0.176114,3312.88,0
4.49054,14.8418,6.85245,7.47979,0.161562,3305.12,0
4.49711,14.7213,6.89028,7.33751,0.113777,3273.51,0
4.50361,14.6493,7.03339,7.31549,0.08448,3252.79,0
4.51008,14.6082,6.96509,7.26017,0.0671304,3239.02,0
4.51656,14.5122,6.88963,7.34744,0.0325601,3213.11,0
4.52309,14.5068,7.00176,7.29012,0.0301042,3207.28,0
4.52961,14.623,7.224,7.36005,0.0696351,3228.32,0
4.53614,14.7987,6.99801,7.49775,0.125675,3262.4,0
4.54264,14.8779,6.96233,7.63376,0.147629,3275.17,0
4.54917,15.0759,6.97533,7.51284,0.207482,3313.99,0
4.55566,15.3752,6.82464,7.64316,0.295458,3374.96,0
4.56214,15.1895,6.83738,7.78152,0.215761,3329.47,0
4.56868,15.5043,6.64212,7.92782,0.30977,3393.62,0
4.57518,15.5043,6.92454,8.26122,0.287397,3388.78,0
4.58168,15.3288,7.02644,8.26641,0.212612,3345.68,0
4.5882,15.5399,7.20783,8.36642,0.271873,3386.92,0
4.59469,15.4899,7.06224,8.46304,0.237746,3371.25,0
4.60121,15.4428,7.03737,8.46454,0.209563,3356.25,0
4.6077,15.3817,7.34409,8.54805,0.177328,3338.26,0
4.61423,15.3599,7.22417,8.63968,0.161515,3328.8,0
4.62075,15.5771,7.40366,8.37957,0.225847,3371.12,0
4.62727,15.5363,7.56282,8.40097,0.198848,3357.56,0
4.63381,15.4426,7.70593,8.1473,0.157914,3332.59,0
4.64029,15.4858,7.65818,8.38626,0.16524,3337.24,0
4.64683,15.6382,7.6815,8.33744,0.210194,3365.35,0
4.65331,16.1975,7.55303,8.37398,0.385008,3480.86,0
4.6598,16.0593,7.74902,8.15088,0.310618,3446.35,0
4.66632,16.1939,7.46969,7.91558,0.333822,3470.38,0
4.67278,16.021,7.4293,7.8405,0.25275,3428.58,0
4.67922,16.1792,7.18645,7.6393,0.287966,3457.68,0
4.68574,16.2564,7.19944,7.3033,0.29437,3469.34,0
4.69224,16.0971,7.32914,7.40223,0.222992,3430.58,0
4.69875,16.2375,7.29947,7.65587,0.254889,3455.71,0
4.70524,16.3473,7.0819,7.62596,0.276381,3474.27,0
4.71173,16.1423,7.26924,7.84518,0.190125,3425.98,0
4.71822,16.0806,7.13022,7.96873,0.157775,3408.19,0
4.72473,16.0479,7.08647,8.08874,0.137347,3396.57,0
4.7312,16.1877,7.00325,7.79022,0.176385,3421.47,0
4.73772,16.4464,6.81003,7.99095,0.255316,3471.38,0
4.74428,16.5931,6.63975,7.78733,0.287448,3497.5,0
4.75079,16.6702,6.63778,7.83504,0.294397,3508.94,0
4.75731,16.4444,6.37634,7.71631,0.199807,3456.66,0
4.76379,16.3993,6.53455,7.58399,0.173849,3442.48,0
4.77027,16.4175,6.48697,7.59219,0.172214,3441.63,0
4.7768,16.3075,6.45472,7.58354,0.125867,3413.9,0
4.78329,16.3201,6.69671,7.55565,0.123801,3411.9,0
4.78981,16.3071,6.75835,7.57301,0.1149,3404.55,0
4.79636,16.2759,6.87613,7.50479,0.0994367,3393.38,0
4.80287,16.3517,6.95964,7.59472,0.120903,3404.57,0
4.8094,16.3642,6.81497,7.5406,0.121889,3402.55,0
4.81591,16.5951,6.67922,7.62931,0.195237,3445.89,0
4.82244,16.7299,6.70507,7.73094,0.229174,3469.19,0
4.82896,16.5656,6.79721,7.40558,0.160657,3430.48,0
4.83543,16.7661,6.49382,7.37716,0.220416,3467.33,0
4.84191,16.6934,6.34439,7.50723,0.184814,3447.69,0
4.84836,16.6189,6.28788,7.62391,0.151354,3427.73,0
4.85488,16.8791,6.31212,7.72797,0.2325,3476.73,0
4.86138,16.8643,6.63461,7.5244,0.212783,3469.04,0
4.8679,16.8124,6.5674,7.41795,0.180208,3453.73,0
4.87438,16.7275,6.55504,7.52296,0.14231,3431.73,0
4.8809,16.6884,6.60515,7.45197,0.120612,3419.12,0
4.88736,16.7503,6.60903,7.31688,0.136654,3427.26,0
4.89387,16.7326,6.68877,7.39253,0.125135,3419.11,0
4.9004,16.7802,6.78949,7.34991,0.135735,3424.24,0
4.90692,16.661,6.70727,7.30029,0.0893238,3395.4,0
4.9134,16.7261,6.65239,7.46316,0.107542,3404.18,0
4.91989,16.8624,6.6189,7.44423,0.148434,3427.4,0
4.92638,16.6666,6.62648,7.43123,0.0753793,3383.12,0
4.93285,16.5584,6.35584,7.2086,0.0344792,3356.76,0
4.93936,16.6613,6.36029,7.22517,0.0698369,3373.18,0
4.9459,16.5767,6.30746,7.24185,0.0389265,3351.6,0
4.95242,16.6824,6.36829,7.41692,0.0738785,3368.54,0
4.95896,16.5671,6.37772,7.31321,0.0313317,3340.84,0
4.96548,16.5702,6.34229,7.45102,0.0313091,3337.08,0
4.97197,16.6421,6.33689,7.31851,0.0553458,3347.18,0
4.97847,16.891,6.26785,7.24194,0.13882,3392.8,0
4.98496,16.7906,6.29556,7.25164,0.0983868,3368.25,0
4.99146,16.7292,6.3033,7.36409,0.0738981,3351.56,0
4.99792,16.808,6.13316,7.36022,0.0976948,3363,0
5.00438,16.8225,6.17448,7.26202,0.0981119,3361.55,0
5.01091,16.7091,6.12097,7.10573,0.0561408,3334.54,0
5.01743,16.7318,6.03995,7.01101,0.0626291,3334.74,0
5.02394,16.9087,5.94924,7.07295,0.121436,3365.63,0
5.03041,17.0772,5.84851,7.10213,0.174522,3394.8,0
5.03685,17.1147,5.62095,6.96761,0.177725,3397.91,0
5.04333,17.0123,5.87189,6.94545,0.132295,3373.23,0
5.04982,17.0778,5.87254,6.90629,0.14913,3381.86,0
5.05639,17.2675,5.92449,6.94958,0.207032,3414.99,0
5.06291,17.1716,5.89347,6.85726,0.164668,3391.65,0
5.06945,17.2076,6.09737,6.86544,0.168113,3394.38,0
5.07596,17.1714,6.03529,6.77575,0.146746,3382.89,0
5.08251,17.2234,6.25093,6.68994,0.156579,3388.75,0
5.08902,17.183,6.08437,7.01522,0.135032,3376.49,0
5.0955,17.2221,6.26686,7.0032,0.142517,3379.88,0
5.10201,17.4169,6.23529,7.09418,0.20088,3413.74,0
5.10851,17.7588,6.46746,6.73754,0.302903,3476.31,0
5.11503,17.8644,6.43615,6.8876,0.317607,3492.53,0
5.12155,17.8774,6.48191,7.21766,0.299484,3490.62,0
5.12803,17.7237,6.45195,7.25729,0.228611,3456.25,0
5.13454,17.7644,6.39393,7.40054,0.227564,3459.78,0
5.14109,17.6873,6.53655,7.53721,0.189117,3440.37,0
5.1476,17.7529,6.68832,7.64638,0.201855,3448.76,0
5.15413,17.7653,6.61733,7.69454,0.195083,3446.8,0
5.16062,18.0108,6.65859,7.50692,0.266189,3490.04,0
5.16707,18.1896,6.68184,7.89594,0.309817,3520.29,0
5.17358,18.2831,6.36199,8.28214,0.319564,3533.93,0
5.18007,18.4497,6.29424,8.25541,0.353955,3561.67,0
5.18656,18.6787,6.10413,8.14715,0.405036,3601.37,0
5.19304,18.7198,6.10874,8.15113,0.387519,3604.78,0
5.19953,18.6473,5.81555,8.26881,0.334474,3586.34,0
5.20609,18.6374,5.82423,8.45246,0.306954,3579.93,0
5.21257,18.8734,5.88423,8.52896,0.362796,3620.75,0
5.21908,18.9053,5.64923,8.80369,0.346796,3622.34,0
5.22559,18.8985,5.50183,8.74727,0.315912,3616.53,0
5.23208,18.8076,5.51392,8.80433,0.264847,3594.68,0
5.23856,18.7138,5.44472,8.74934,0.217427,3572.31,0
5.2451,18.7501,5.37153,8.45714,0.218038,3574.78,0
5.25165,18.7596,5.57489,8.22668,0.208708,3572.14,0
5.25814,18.7078,5.89574,8.38275,0.179828,3557.88,0
5.26464,18.5627,5.89661,8.56609,0.120883,3525.92,0
5.27117,18.4726,5.80645,8.62049,0.0854849,3504.46,0
5.2777,18.5161,5.81494,8.57185,0.0974957,3508.37,0
5.28418,18.5232,5.76444,8.33193,0.0951137,3505.41,0
5.29067,18.577,5.63239,8.34084,0.108759,3511.27,0
5.29719,18.6761,5.73289,8.53921,0.137642,3525.66,0
5.30375,18.9479,5.7631,8.5825,0.222066,3572.54,0
5.31022,19.1092,5.90831,8.54304,0.263475,3598.57,0
5.31668,19.0429,5.88457,8.79698,0.22547,3581.73,0
5.32321,19.2578,6.02757,8.31323,0.285389,3617.7,0
5.32972,19.3406,5.94579,8.09379,0.293643,3628.82,0
5.33623,19.0731,5.90574,7.98231,0.185511,3574.27,0
5.34277,19.0794,5.72512,8.02122,0.178835,3571.06,0
5.34928,19.0787,5.51743,7.9695,0.169938,3566.6,0
5.35577,18.9693,5.54932,7.75041,0.124359,3541.84,0
5.36227,19.0463,5.51169,7.87375,0.14449,3551.91,0
5.36881,19.1155,5.67757,7.87794,0.161824,3560.47,0
5.37529,19.0963,5.73375,7.84593,0.147634,3552.62,0
5.38182,19.0085,5.57032,7.63549,0.110148,3531.99,0
5.38833,19.2133,5.46594,7.56513,0.173188,3565.72,0
5.39482,19.2038,5.26121,7.64113,0.160247,3559.67,0
5.40133,19.2416,5.31653,7.73768,0.16377,3562.38,0
5.40784,19.0237,5.39441,7.7261,0.0809643,3517.8,0
5.41435,19.1492,5.37634,7.81832,0.119596,3536.74,0
5.42091,19.3634,5.38281,7.98491,0.185691,3571.99,0
5.42741,19.1726,5.30786,7.99849,0.112171,3532.55,0
5.43388,19.1851,5.32587,8.08538,0.111133,3530.64,0
5.44039,19.3488,5.43086,8.08971,0.161732,3556.5,0
5.44691,19.2432,5.45642,7.96595,0.117456,3532.86,0
5.45342,19.3154,5.57933,8.06073,0.137274,3541.88,0
5.4599,19.1805,5.54665,8.13639,0.0841297,3512.97,0
5.46639,19.3714,5.32713,8.31225,0.144288,3543.73,0
5.47293,19.5943,5.64533,8.03575,0.213258,3580.23,0
5.47947,19.9336,5.77312,8.12944,0.314276,3637.88,0
5.48601,20.0793,5.72668,8.28436,0.342256,3660.09,0
5.49252,19.8584,5.56386,8.31079,0.243544,3615.54,0
5.49903,20.0432,5.4829,8.34137,0.288175,3644.86,0
5.50559,19.906,5.5779,8.19899,0.223215,3615.6,0
5.51208,19.8709,5.37192,8.04845,0.19909,3604.98,0
5.51852,19.8256,5.45532,8.07499,0.174327,3592.56,0
5.52505,19.6244,5.60959,7.97879,0.0959522,3551.89,0
5.53161,19.5497,5.79233,7.8667,0.0665461,3534.18,0
5.53813,19.5896,5.77196,7.75929,0.0783896,3537.22,0
5.54462,19.5522,5.69128,7.78555,0.0625644,3526.35,0
5.55113,19.507,5.77343,7.88463,0.0439383,3514.06,0
5.55765,19.4917,5.71008,8.06803,0.0377729,3507.19,0
5.56418,19.3992,5.78759,8.15296,0.00514512,3486.44,0
5.57071,19.5563,5.71886,8.19498,0.0595527,3510.55,0
5.57723,19.4626,5.69214,8.14455,0.0259524,3489.65,0
5.58372,19.4941,5.69406,8.15962,0.0367405,3491.25,0
5.59024,19.5021,5.66934,8.16763,0.0385484,3488.59,0
5.59678,19.5837,5.74425,8.1695,0.0651658,3499.09,0
5.60325,19.4893,5.65157,8.17157,0.0312254,3478.22,0
5.60971,19.5501,5.56459,8.09034,0.0508633,3485.04,0
5.61621,19.4944,5.38435,8.01568,0.0306606,3471.09,0
5.62269,19.5193,5.31518,8.06768,0.0389197,3471.52,0
5.62926,19.4592,5.2455,8.00517,0.0174174,3456.8,0
5.63577,19.4689,5.24712,8.13161,0.0203408,3454.53,0
5.64229,19.4911,5.16126,8.01602,0.0272186,3454.47,0
5.64883,19.6808,5.11348,8.14402,0.0918147,3484.05,0
5.65531,19.974,5.11205,8.06448,0.186512,3531.9,0
5.66183,20.008,4.90091,8.28712,0.187652,3533.84,0
5.66833,19.9051,4.91108,8.42581,0.142495,3511.64,0
5.67486,19.9343,5.04856,8.38048,0.143681,3512.74,0
5.68139,19.8928,5.10525,8.44899,0.123755,3501.4,0
5.68789,20.0324,5.21202,8.52707,0.165417,3521.94,0
5.69443,19.9778,5.42117,8.46507,0.138926,3508.31,0
5.70093,19.8831,5.38167,8.32233,0.10169,3487.7,0
5.70745,19.7148,5.40897,8.19148,0.0399243,3454.23,0
5.71395,19.8001,5.30025,8.31791,0.067931,3465.22,0
5.72046,20.0652,5.39577,8.14823,0.155312,3507.62,0
5.72696,20.4132,5.30755,8.22434,0.263992,3564.4,0
5.73345,20.8529,5.47208,8.44218,0.392225,3637.06,0
5.73997,20.5499,5.57997,8.45209,0.264225,3580.14,0
5.74652,20.6008,5.43549,8.6456,0.266884,3584.92,0
5.75302,20.5152,5.18434,8.69425,0.221702,3565.99,0
5.75958,20.4853,5.2277,8.71182,0.196098,3556.73,0
5.76606,20.5538,5.15178,8.48633,0.209246,3564.62,0
5.77256,20.6457,5.21407,8.42499,0.226702,3576.53,0
5.77906,20.7894,5.29765,8.59057,0.261617,3597.38,0
5.78556,20.7762,5.26939,8.38315,0.239187,3591.05,0
5.79204,20.6794,5.18199,8.04457,0.190837,3570.31,0
5.79854,20.8221,5.25142,8.11628,0.227291,3590.92,0
5.80506,20.9942,5.41814,8.06253,0.271745,3616.54,0
5.81157,21.0798,5.45292,7.91538,0.279815,3627.22,0
5.81809,20.9081,5.36566,8.05204,0.206554,3593.64,0
5.82461,20.8564,5.18245,7.8872,0.179069,3580.73,0
5.83114,20.7489,5.39022,7.7501,0.132167,3558.28,0
5.83762,20.9546,5.31932,7.8054,0.196462,3589.57,0
5.84416,21.1461,5.35943,7.69539,0.249437,3618.33,0
5.85065,21.1281,5.40515,7.43587,0.228813,3611.23,0
5.85718,21.371,5.31587,7.51904,0.294519,3648.69,0
5.86371,21.2163,5.35967,7.48121,0.222668,3618.24,0
5.87021,21.1666,5.56373,7.56514,0.193495,3605.77,0
5.87669,21.2355,5.52696,7.23985,0.205996,3613.51,0
5.88322,21.1366,5.59322,7.04268,0.161174,3592.7,0
5.88971,21.1278,5.75828,7.11319,0.149259,3587.24,0
5.89624,21.0205,5.67744,6.97503,0.105139,3565.06,0
5.90275,21.1507,5.70159,6.85446,0.144703,3583.2,0
5.90926,21.2958,5.59268,7.03334,0.186238,3603.8,0
5.91576,21.5239,5.44842,6.90803,0.251243,3638.41,0
5.92224,21.6958,5.55915,7.15486,0.293505,3663.44,0
5.92876,21.6089,5.54902,7.15304,0.245293,3644.76,0
5.93527,21.6333,5.48142,7.03558,0.238452,3644.88,0
5.94175,21.7706,5.63908,6.99274,0.267053,3664,0
5.94827,21.659,5.60069,7.13862,0.212434,3641.22,0
5.95477,21.6829,5.48954,7.15625,0.208664,3641.27,0
5.96127,21.5457,5.73863,7.36274,0.15075,3614.29,0
5.96778,21.4716,5.91739,7.43735,0.117237,3597.91,0
5.97427,21.5451,5.80244,7.49577,0.135186,3606.31,0
5.98076,21.543,6.10943,7.5195,0.128044,3602.05,0
5.98728,21.5675,6.28857,7.61491,0.131413,3602.22,0
5.99375,21.484,6.1911,7.73102,0.0969542,3584.4,0
6.00023,21.6148,6.18256,7.98178,0.137749,3602.33,0
6.00671,21.5389,6.13755,8.31227,0.106408,3585.81,0
6.01317,21.4494,6.10485,8.38166,0.0729334,3567.08,0
6.01965,21.422,5.98721,8.55823,0.0619073,3558.68,0
6.02619,21.6319,6.10797,8.64575,0.13004,3589.64,0
6.03272,21.3594,6.05117,8.62777,0.0319738,3540.59,0
6.03922,21.4468,6.02996,8.52074,0.0614167,3551.26,0
6.04573,21.5562,5.98502,8.46773,0.0957111,3565.53,0
6.05225,21.7403,5.96632,8.39113,0.154892,3592.11,0
6.05874,21.9051,5.77222,8.51081,0.200063,3615.46,0
6.06527,22.0363,5.62849,8.22432,0.232606,3633.2,0
6.07175,21.894,5.60776,8.26321,0.169048,3605.88,0
6.07827,22.0437,5.38443,8.0081,0.21095,3626.64,0
6.08478,21.8676,5.42744,7.84638,0.139196,3593.81,0
6.09129,21.8455,5.4775,7.75013,0.125714,3586.35,0
6.09779,21.7731,5.50382,7.76605,0.0968026,3570.66,0
6.10435,21.6728,5.60215,7.72186,0.0590719,3550.38,0
6.11084,21.7605,5.6128,7.74857,0.0871799,3560.97,0
6.11737,21.7681,5.76421,7.67614,0.0867297,3558.41,0
6.12386,22.0006,5.73032,7.72329,0.161439,3592.6,0
6.13042,22.0309,5.47676,7.66919,0.163473,3593.7,0
6.13691,22.2104,5.47456,7.6719,0.217313,3619.15,0
6.14343,22.3114,5.27325,7.66647,0.239739,3631.75,0
6.1499,22.2956,5.39237,7.70636,0.218518,3625.35,0
6.15637,22.4398,5.17778,7.79389,0.252593,3644.98,0
6.1629,22.5751,5.1331,7.94323,0.281368,3663.06,0
6.16939,22.5214,4.79178,7.92746,0.244079,3650.51,0
6.1759,22.4495,4.84906,7.91595,0.204262,3635.01,0
6.18233,22.5441,4.81654,7.94112,0.221351,3646.53,0
6.18887,22.3107,4.71093,7.61562,0.129912,3604.98,0
6.19538,22.6051,4.71697,7.46791,0.224843,3648.7,0
6.20182,22.4109,4.92267,7.35938,0.145428,3613.6,0
6.20833,22.565,5.10813,7.38143,0.191332,3634.63,0
6.2148,22.3135,5.27781,7.2422,0.095823,3590.38,0
6.2213,22.2128,5.2886,7.065,0.0574454,3570.45,0
6.22781,22.1341,5.27593,6.99715,0.028316,3554.08,0
6.23432,22.1115,5.27643,6.95975,0.0200984,3546.73,0
6.24082,22.1526,4.98099,6.91454,0.0336955,3549.62,0
6.2473,22.3873,4.77951,6.88339,0.113209,3583.52,0
6.25383,22.3216,4.76641,6.84362,0.084526,3569.27,0
6.26036,22.3044,4.76532,6.96276,0.0755599,3562.81,0
6.26686,22.4812,4.89318,6.95924,0.132415,3587.31,0
6.27336,22.5535,4.77616,6.88221,0.151154,3595.13,0
6.27988,22.5074,4.7537,6.59665,0.127922,3584.05,0
6.28642,22.387,4.82627,6.5921,0.0807163,3561.16,0
6.29289,22.4677,4.79177,6.57949,0.104722,3570.34,0
6.29944,22.4173,4.85853,6.68196,0.0828576,3558.62,0
6.30594,22.3706,4.78794,6.70813,0.0635765,3547.54,0
6.31242,22.5668,4.79907,6.81094,0.127816,3574.98,0
6.31896,22.4603,4.74842,6.84519,0.0858367,3554.44,0
6.32545,22.3909,4.66608,6.8713,0.0581865,3539.81,0
6.33196,22.5654,4.63698,6.81369,0.113963,3563.73,0
6.33846,22.8002,4.69755,6.70718,0.187492,3597.11,0
6.345,22.9286,4.63938,6.64774,0.218986,3613.65,0
6.35156,22.7186,4.81586,6.46938,0.134692,3576.86,0
6.35807,22.9811,4.65646,6.68907,0.216985,3614.48,0
6.36459,22.9688,4.21794,6.72404,0.200006,3608.84,0
6.37112,23.1334,4.20665,6.80168,0.24252,3630.97,0
6.37765,23.0081,4.24796,6.66577,0.185498,3607.62,0
6.38415,23.0714,4.05999,6.64381,0.196642,3613.85,0
6.39069,23.0287,4.17581,6.75405,0.171687,3603.47,0
6.39723,23.1267,4.28814,7.0152,0.196308,3615.12,0
6.40375,23.3577,4.47623,7.09683,0.263079,3647.5,0
6.41023,23.4409,4.57533,7.10933,0.274602,3656.8,0
6.41671,23.2652,4.43721,7.05377,0.19873,3625.71,0
6.42323,23.3655,4.39092,7.16376,0.218983,3637.66,0
6.42971,23.2328,4.60234,6.96536,0.161421,3613.35,0
6.43626,23.3714,4.4495,6.94497,0.2012,3631.21,0
6.44276,23.6282,4.3901,6.936,0.27783,3667.4,0
6.44929,23.6701,4.36007,7.30001,0.273273,3670.19,0
6.4558,23.6112,4.42506,7.23539,0.235078,3657.35,0
6.46231,23.3842,4.4345,7.30236,0.143851,3618.54,0
6.46879,23.4031,4.25339,7.4518,0.143952,3617.84,0
6.47527,23.3312,4.31364,7.35827,0.11447,3603.12,0
6.48177,23.2725,4.31315,7.24098,0.0906593,3590.45,0
6.48832,23.2518,4.27043,7.23135,0.078271,3583.64,0
6.49481,23.3649,4.31462,7.1886,0.114555,3597.47,0
6.50135,23.4714,4.32445,7.15008,0.146412,3610.24,0
6.50787,23.2883,4.27626,7.02403,0.0791508,3578.48,0
6.5144,23.3051,4.3149,7.20889,0.0820226,3577.47,0
6.52094,23.279,4.19829,7.10717,0.0685956,3569.88,0
6.52745,23.2853,4.27213,7.08662,0.0683233,3567.29,0
6.53393,23.1736,4.38761,6.93199,0.0275817,3546.65,0
6.54043,23.1891,4.35458,6.91621,0.0315916,3545.51,0
6.54695,23.1985,4.49261,6.86182,0.0342103,3543.41,0
6.55347,23.296,4.64115,6.88385,0.0675827,3554.76,0
6.55994,23.2114,4.75892,6.92719,0.0364141,3538.35,0
6.56642,23.1193,4.78728,7.03434,0.00399319,3520.83,0
6.57296,23.2188,4.86196,7.06045,0.0384443,3532.47,0
6.5795,23.3157,4.87919,7.21723,0.0708438,3543.7,0
6.58597,23.264,4.75506,7.09796,0.0507126,3532.36,0
6.59252,23.4401,4.62325,7.16452,0.109933,3555.57,0
6.59901,23.4035,4.72799,7.20392,0.0929042,3546.52,0
6.60549,23.458,4.94485,7.41804,0.108726,3551.28,0
6.61205,23.4951,4.73107,7.45471,0.117222,3553.38,0
6.61862,23.4512,4.8191,7.53752,0.0989823,3543.21,0
6.62517,23.4521,4.88553,7.46807,0.0945733,3539.84,0
6.63163,23.7765,5.34351,7.63257,0.201099,3585.31,0
6.63817,23.699,5.40858,7.84434,0.165575,3570.11,0
6.64472,23.3892,5.23433,7.71545,0.0527555,3519.97,0
6.65124,23.4968,5.26404,7.80255,0.0872156,3532.7,0
6.65774,23.4255,5.30503,7.74142,0.0596436,3518.53,0
6.66426,23.652,5.09435,7.72876,0.134676,3549.08,0
6.67074,23.4477,5.02325,7.78954,0.0595161,3515.01,0
6.67732,23.3962,5.04128,7.83911,0.0398366,3503.83,0
6.68388,23.3909,4.97341,7.74869,0.0370606,3499.59,0
6.69038,23.5416,5.0857,7.82498,0.0876557,3518.72,0
6.69692,23.5811,5.05622,7.91303,0.0971645,3521.18,0
6.70346,23.7577,5.06739,7.69524,0.152595,3544.09,0
6.71,23.7878,5.15445,7.89965,0.15506,3545.12,0
6.71652,23.7455,5.15935,7.91188,0.134555,3535.39,0
6.72302,23.809,5.21507,7.92374,0.149415,3541.42,0
6.7295,23.7191,5.22096,7.48375,0.111121,3524.65,0
6.73604,23.8639,5.10501,7.63958,0.154115,3542.73,0
6.74253,23.7866,5.11625,7.70956,0.119134,3527.84,0
6.74907,23.8745,5.11049,7.35506,0.143396,3537.45,0
6.75556,24.0555,5.05863,7.28163,0.19633,3560.85,0
6.76202,24.2432,5.23134,7.21196,0.248332,3585.2,0
6.76854,23.9626,5.16349,7.12404,0.139779,3540.29,0
6.77505,24.0471,5.11306,7.30386,0.161462,3549.35,0
6.78157,24.2976,5.1408,7.33749,0.238666,3582.89,0
6.78804,24.3655,5.0691,7.3909,0.246896,3589.47,0
6.79453,24.5182,5.1847,7.35731,0.281952,3608.52,0
6.80102,24.4823,5.35425,7.53444,0.250699,3599.8,0
6.8075,24.5982,4.96465,7.45053,0.275024,3613.4,0
6.814,24.4655,4.87022,7.55955,0.212654,3590.47,0
6.82051,24.3155,4.99543,7.70005,0.150708,3565.06,0
6.82702,24.4024,4.62683,7.76864,0.170615,3574.38,0
6.8335,24.4097,4.6113,7.92109,0.163255,3572.06,0
6.84003,24.4599,4.56712,7.92784,0.171351,3575.99,0
6.84651,24.7132,4.4632,7.84833,0.24671,3609.6,0
6.853,24.7531,4.46492,7.70454,0.243541,3612.01,0
6.85953,24.8426,4.39087,7.49517,0.257236,3621.62,0
6.86605,24.7689,4.56828,7.60824,0.216941,3607.45,0
6.87257,24.758,4.50675,7.53471,0.202074,3602.44,0
6.87905,24.9097,4.54336,7.50626,0.240184,3621.1,0
6.88552,24.8533,4.51469,7.74702,0.205643,3609.5,0
6.89199,25.0351,4.55145,7.94152,0.254149,3632.49,0
6.89853,25.0175,4.62317,7.9919,0.232403,3626.5,0
6.90505,25.1124,4.4981,7.94862,0.253284,3636.82,0
6.91157,25.1389,4.35472,7.9646,0.246147,3637.22,0
6.91805,25.2957,4.29503,7.9639,0.283704,3656.47,0
6.92457,25.3364,4.29476,7.71818,0.277242,3658.91,0
6.93105,25.2587,4.19338,7.77976,0.233083,3644.28,0
6.93757,25.2619,4.07862,7.43885,0.222144,3641.31,0
6.94409,25.4113,4.197,7.52487,0.256332,3659.41,0
6.95057,25.5614,4.30488,7.56216,0.29088,3677.6,0
6.95705,25.5527,4.51503,7.49903,0.267891,3672.91,0
6.96353,25.7305,4.46198,7.61047,0.313404,3695.03,0
6.97004,25.9791,4.38167,7.64728,0.372304,3727.25,0
6.97657,26.2784,4.14958,7.53274,0.444396,3766.66,0
6.98309,26.1285,3.93067,7.45344,0.357036,3741.68,0
6.98959,26.5146,3.5931,7.04052,0.458734,3793.44,0
6.99609,26.4839,3.47635,7.26709,0.409013,3785.53,0
7.00261,26.5253,3.36711,7.27996,0.391516,3787.92,0
7.00912,26.6361,2.94191,7.07526,0.397073,3800.21,0
7.01562,26.3569,2.96446,7.53082,0.273254,3756.89,0
7.02212,26.3796,2.92164,7.49028,0.264327,3756.64,0
7.02856,26.5099,2.80429,7.37253,0.288726,3771.74,0
7.03509,26.6979,2.71208,7.28642,0.332315,3794.96,0
7.04154,26.6576,2.64307,7.14488,0.292089,3785.77,0
7.04806,26.5052,2.89238,6.9822,0.222062,3760.64,0
7.0546,26.6444,2.98785,6.8936,0.253588,3776.89,0
7.06107,26.6476,2.97647,6.99219,0.240751,3773.88,0
7.06757,26.6206,3.06862,7.06584,0.216344,3766.58,0
7.07409,26.5685,2.88185,7.15911,0.187823,3755.75,0
7.0806,26.5673,2.70747,7.19994,0.176694,3752.13,0
7.08711,26.558,2.37869,7.19707,0.164983,3747.36,0
7.09359,26.6429,2.38039,7.06599,0.185066,3755.92,0
7.10009,26.5175,2.25692,6.93855,0.13332,3734.81,0
7.10662,26.5998,2.19818,6.8808,0.156264,3742.96,0
7.1131,26.6125,2.36363,6.89499,0.153547,3741.34,0
7.1196,26.6154,2.5002,6.96792,0.147799,3738.33,0
7.12613,26.4101,2.27489,6.94504,0.0704402,3706.08,0
7.13265,26.3403,2.29158,6.89896,0.0438661,3692.92,0
7.13918,26.2754,2.22801,6.74002,0.020487,3680.45,0
7.14567,26.4521,2.0231,6.63991,0.0806752,3701.84,0
7.15217,26.5449,2.1009,6.81063,0.108351,3711.45,0
7.15869,26.658,2.11954,6.75769,0.140529,3723.86,0
7.16519,26.5584,2.09178,6.77042,0.100508,3706.58,0
7.17171,26.7846,1.82954,6.7829,0.172302,3734.76,0
7.17818,26.6141,2.02032,6.87584,0.107348,3707.63,0
7.18468,26.8006,2.05362,6.90854,0.165171,3730.24,0
7.1912,26.7361,1.72929,6.7528,0.135341,3717.89,0
7.19772,26.8116,1.66102,6.80693,0.154555,3725.01,0
7.20422,26.6904,1.84096,6.74559,0.105611,3704.83,0
7.21076,26.5827,1.9512,6.94482,0.063541,3686.53,0
7.21727,26.6663,1.90719,6.96778,0.0898961,3694.78,0
7.22381,26.6492,1.88526,6.84493,0.0806911,3689.07,0
7.23036,26.7091,1.97936,6.97718,0.0984338,3694.02,0
7.23686,27.0867,2.09975,6.92501,0.222555,3742.89,0
7.24336,26.9632,2.21971,7.02283,0.169151,3722.47,0
7.2499,27.064,2.08715,7.04952,0.194821,3733.02,0
7.25637,27.0464,2.16109,7.2503,0.177111,3727.27,0
7.26286,26.8752,2.17612,7.30243,0.111426,3700.35,0
7.26939,26.7202,2.34142,7.19362,0.0540225,3675.72,0
7.27594,26.6711,2.43414,7.20997,0.0358728,3665.65,0
7.28247,26.7173,2.29926,7.20163,0.0510116,3668.71,0
7.28902,26.8797,2.24643,7.24184,0.104741,3687.7,0
7.29552,27.2741,1.92935,7.54927,0.233862,3738.47,0
7.30201,27.37,1.95804,7.57617,0.251508,3748.29,0
7.30851,27.3213,2.00295,7.62343,0.218265,3738.28,0
7.315,27.3451,2.00655,7.41125,0.213938,3738.22,0
7.32157,27.4933,2.17702,7.29393,0.247516,3755.11,0
7.32805,27.5458,2.06867,7.18369,0.25006,3758.95,0
7.33457,27.3576,1.99953,7.14259,0.17031,3729.96,0
7.34108,27.6974,1.98295,7.02076,0.274752,3772.93,0
7.34757,27.7564,1.8419,7.02004,0.277801,3777.64,0
7.35408,27.9123,1.72386,7.19656,0.310584,3795.48,0
7.36057,28.0191,1.70638,7.39188,0.324703,3806.65,0
7.36705,28.1814,1.68921,7.4859,0.353434,3825.33,0
7.37356,28.6102,1.98506,7.58882,0.467742,3880.11,0
7.38005,28.2235,2.08376,7.62786,0.305158,3824.3,0
7.38657,28.3098,1.9176,7.82417,0.312211,3832.61,0
7.39309,28.2327,1.83183,7.55364,0.264833,3818.8,0
7.39957,28.1722,1.60564,7.5105,0.227047,3807.27,0
7.40605,28.1891,1.64243,7.5408,0.219996,3806.23,0
7.41252,28.0986,1.60366,7.55487,0.174767,3790.7,0
7.41903,28.3606,1.72243,7.45707,0.254483,3822.68,0
7.42554,28.2368,1.66901,7.03488,0.197863,3802.66,0
7.43199,28.4842,1.85168,6.74187,0.270484,3832.65,0
7.43848,28.5849,1.85636,6.88506,0.286961,3842.84,0
7.44495,28.5505,1.7797,7.08798,0.257043,3834.89,0
7.45141,28.5187,1.76331,7.12149,0.232304,3827.29,0
7.45793,28.5473,1.75385,6.92794,0.229618,3827.78,0
7.46448,28.659,1.76841,6.94134,0.254496,3839.38,0
7.471,28.5638,1.80461,6.85204,0.207778,3823.29,0
7.47751,28.6521,2.04347,6.77748,0.22536,3831.77,0
7.48408,28.7327,2.17563,6.72164,0.239639,3839.18,0
7.49055,28.8398,2.36173,6.76476,0.259584,3850.16,0
7.49702,28.9666,2.30125,7.07014,0.284074,3863.74,0
7.50354,28.9466,2.47889,6.71311,0.255804,3857.73,0
7.51004,28.9493,2.53918,6.7372,0.23962,3854.75,0
7.51652,29.0483,2.63711,6.51642,0.257293,3864.59,0
7.52308,29.0209,2.65257,6.52305,0.234639,3857.58,0
7.52954,29.337,2.88978,6.60897,0.324319,3896.26,0
7.53604,29.2641,2.84585,6.37862,0.275279,3883.23,0
7.54257,29.4583,2.78091,6.46235,0.317612,3905.6,0
7.54908,29.536,2.70984,6.24067,0.320177,3912.54,0
7.55559,29.6593,2.80498,6.31563,0.337727,3925.48,0
7.5621,29.889,2.88773,6.27364,0.391542,3952.48,0
7.56864,29.7016,2.87834,6.38624,0.30063,3924.3,0
7.57515,29.8122,3.00173,6.29934,0.318778,3935.52,0
7.58164,29.8473,2.48953,6.4491,0.307603,3936.79,0
7.5882,29.9688,2.50912,6.81856,0.32968,3949.4,0
7.59469,30.2363,2.6977,6.73511,0.393226,3981.25,0
7.60119,30.3976,2.67243,6.90658,0.419026,3999.06,0
7.60769,30.7709,2.62626,7.0332,0.508167,4044.71,0
7.61422,30.7809,3.00076,7.1706,0.471228,4042.56,0
7.62075,30.9244,3.05036,7.13218,0.476203,4057.92,0
7.62727,30.7287,3.08173,6.78394,0.370712,4028.79,0
7.63378,30.7387,3.27838,6.63902,0.348197,4026.67,0
7.64027,30.921,3.00651,6.92699,0.38092,4047.11,0
7.64676,31.2138,2.72928,6.77719,0.441801,4081.97,0
7.65326,31.0659,2.844,6.7025,0.356368,4059.17,0
7.65978,31.3127,3.01855,6.80443,0.410689,4087.94,0
7.66628,31.3939,2.78253,6.8521,0.405755,4095.06,0
7.67277,31.3853,2.66469,6.74553,0.373939,4090.48,0
7.67927,31.6316,2.52589,6.77267,0.426234,4119.09,0
7.68581,31.6101,2.29795,6.92097,0.386607,4112.8,0
7.69228,31.8657,2.17729,6.84298,0.444731,4142.55,0
7.69878,31.7251,2.34327,6.90394,0.361554,4120.8,0
7.70528,31.7182,2.29091,6.96537,0.331612,4116.42,0
7.71177,31.843,1.99349,6.68841,0.347662,4129.14,0
7.71825,31.7113,2.07805,7.07008,0.279682,4108.62,0
7.72476,31.8444,2.07628,7.02217,0.308613,4122.38,0
7.73124,31.9427,2.11203,6.96965,0.320372,4131.64,0
7.73775,31.8327,1.76327,7.18747,0.262838,4113.94,0
7.74426,31.8236,2.01092,7.05524,0.24103,4109.32,0
7.75077,31.892,2.06117,7.14278,0.250795,4114.68,0
7.7573,32.0082,1.93013,7.23154,0.27345,4126.21,0
7.76379,32.127,1.74055,7.3954,0.294539,4138.06,0
7.77032,32.0362,1.88713,7.39149,0.244132,4122.89,0
7.77682,32.1488,2.05641,7.36067,0.26611,4133.93,0
7.78333,32.1396,1.82435,7.56368,0.246289,4129.28,0
7.78985,31.9097,2.11483,7.52705,0.153103,4096.31,0
7.79635,31.8674,2.2124,7.66622,0.131627,4087.47,0
7.80287,32.0359,2.03398,7.65248,0.183525,4105.66,0
7.80933,32.2169,1.70528,7.83948,0.233887,4125.43,0
7.81583,32.3492,1.73572,7.89137,0.263329,4138.93,0
7.82234,32.1966,1.58008,7.79241,0.195928,4115.98,0
7.82889,32.2907,1.66965,7.68537,0.21592,4124.56,0
7.83539,32.4935,1.56149,7.54762,0.268443,4147.02,0
7.84192,32.6369,1.57163,7.59451,0.300737,4161.86,0
7.84841,32.7953,1.57019,7.52016,0.33159,4178.59,0
7.85489,32.8298,1.87131,7.76597,0.320474,4179.54,0
7.86139,33.049,2.0297,8.06043,0.371221,4203.96,0
7.86788,33.1583,2.06965,8.3214,0.377632,4214.39,0
7.87441,33.0863,2.26748,8.4573,0.32546,4201.75,0
7.88093,33.3077,2.33911,8.45089,0.375253,4226.37,0
7.88743,32.9496,2.43311,8.40678,0.230093,4177.47,0
7.89392,33.0058,2.46541,8.32245,0.235943,4181.17,0
7.90045,32.9467,2.57516,8.45468,0.204114,4170.23,0
7.90693,32.9091,2.71729,8.62151,0.178762,4162.05,0
7.91341,32.8064,2.69957,8.55994,0.134342,4145.68,0
7.91989,32.8694,2.59809,8.59637,0.149165,4150.23,0
7.92638,32.8916,2.67592,8.7042,0.151291,4149.64,0
7.93293,32.9879,2.73594,8.68317,0.175592,4158.35,0
7.93943,33.1843,2.81914,8.56908,0.234206,4179.68,0
7.94594,33.2974,2.85991,8.33611,0.257725,4190.49,0
7.95249,33.1366,2.85322,8.46704,0.188093,4166.82,0
7.95896,32.865,2.53076,8.66932,0.0867336,4129.31,0
7.96551,32.9496,2.61535,8.66163,0.112313,4136.54,0
7.97203,33.0343,2.71779,8.92879,0.135719,4143.77,0
7.97855,32.9178,2.74163,8.69484,0.0898831,4125.78,0
7.98505,32.895,2.80407,8.71271,0.0795251,4119.58,0
7.99157,32.8384,2.93784,8.7881,0.0579135,4109.13,0
7.99807,32.8509,2.82612,8.86496,0.0609532,4107.35,0
8.00459,32.876,2.82525,8.74827,0.0677588,4107.15,0
8.01111,32.7015,2.75843,8.94876,0.00561964,4082.02,0
8.01762,32.7896,2.88329,8.90612,0.0361386,4089.69,0
8.0241,32.7476,2.83551,8.67777,0.0207309,4081.16,0
8.03062,32.9,2.85942,8.47059,0.0730883,4096.82,0
8.03716,32.8549,2.79589,8.54771,0.0552623,4087.87,0
8.04366,33.0378,2.81288,8.52009,0.116139,4107.32,0
8.05016,33.0197,2.88541,8.67039,0.105641,4101.75,0
8.05664,32.9235,2.90732,8.78201,0.0683683,4086.5,0
8.06311,32.9539,2.8219,8.74869,0.0767617,4086.99,0
8.06959,32.935,2.67394,8.78372,0.0679286,4081.37,0
8.07612,32.9111,2.9111,8.78577,0.0565819,4075.11,0
8.08263,33.0518,3.00449,8.66885,0.103199,4089.24,0
8.08912,32.8864,2.8898,8.69966,0.0424007,4065.51,0
8.09563,32.791,2.87901,8.59834,0.00837729,4050.46,0
8.10216,32.7823,2.85911,8.52338,0.00518586,4046.12,0
8.10867,32.808,2.86336,8.49509,0.0137586,4046.04,0
8.11518,32.9577,2.86548,8.4929,0.0652241,4061.24,0
8.12166,32.9418,2.67413,8.6208,0.0576629,4056.05,0
8.12818,32.9919,2.63276,8.7607,0.0731104,4058.96,0
8.1347,32.9799,2.68691,8.8022,0.0654515,4054.23,0
8.14117,32.9213,2.50996,8.78737,0.0429572,4043.8,0
8.14768,32.9224,2.4937,8.64248,0.0423133,4040.7,0
8.15421,32.8307,2.39261,8.59196,0.00985871,4026.23,0
8.1607,32.9589,2.53463,8.58317,0.0533691,4038.74,0
8.16723,32.9893,2.71339,8.57566,0.0619195,4039.23,0
8.17373,33.1357,2.64572,8.62152,0.110879,4053.93,0
8.18026,33.141,2.36966,8.50301,0.108216,4051.33,0
8.18678,33.2525,2.31651,8.31252,0.14205,4061.73,0
8.19327,33.186,2.68901,8.46629,0.111868,4050.4,0
8.19975,33.2565,2.70229,8.38015,0.130412,4055.79,0
8.20627,33.32,2.72677,8.47439,0.146074,4060.32,0
8.21279,33.2045,2.77074,8.40555,0.100539,4043.02,0
8.21931,33.3175,2.66864,8.31293,0.134175,4053.56,0
8.22584,33.5202,2.71703,8.33636,0.196951,4074.98,0
8.23235,33.5593,3.01497,8.46609,0.197662,4076.52,0
8.23883,33.4072,2.92397,8.29026,0.136185,4054.85,0
8.24532,33.6868,2.95735,8.27415,0.223701,4085.57,0
8.25182,33.7679,2.85128,7.96112,0.237463,4092.18,0
8.25833,33.7698,3.09554,8.14383,0.222024,4089.18,0
8.26487,33.6583,2.96413,8.09886,0.170693,4072.45,0
8.27137,33.7485,2.74716,7.80636,0.191482,4080.16,0
8.27787,33.7667,2.7901,7.85302,0.18505,4079.15,0
8.28435,33.8996,2.87483,7.98321,0.221023,4092.01,0
8.29086,33.7859,2.80131,7.86499,0.170319,4075.07,0
8.29734,33.8275,2.62257,8.01763,0.175175,4076.9,0
8.30384,33.9109,2.64618,8.06018,0.195939,4083.75,0
8.31033,33.819,2.60797,7.88893,0.154066,4069.52,0
8.31689,33.7255,2.53093,7.8616,0.115156,4055.06,0
8.32344,33.5998,2.55392,7.68951,0.0668116,4036.76,0
8.32994,33.7239,2.45873,7.55655,0.105841,4048.52,0
8.33645,33.7014,2.68143,7.73515,0.0934378,4042.66,0
8.34298,33.8408,2.56154,7.61114,0.136236,4056.2,0
8.34948,33.8844,2.55808,7.62151,0.14589,4058.27,0
8.35597,33.848,2.42109,7.54306,0.12764,4050.76,0
8.36249,34.1367,2.41926,7.79127,0.217832,4082.12,0
8.369,34.2146,2.57999,7.86444,0.233044,4088.25,0
8.3755,34.4124,2.74363,8.01393,0.286743,4108.7,0
8.38199,34.4042,2.9084,7.97193,0.265405,4104.54,0
8.38854,34.5081,2.96066,8.16512,0.282119,4113.72,0
8.39507,34.0687,2.83208,8.21247,0.11677,4058.18,0
8.40163,34.179,2.90963,8.33754,0.149696,4068.14,0
8.40816,34.1375,2.9732,8.38246,0.128158,4060.05,0
8.41466,34.0647,2.91453,8.22917,0.0969598,4048.26,0
8.42123,34.087,3.11254,8.23538,0.101341,4047.75,0
8.42777,34.1148,2.95112,8.38385,0.106856,4047.91,0
8.43427,34.3362,2.90101,8.24417,0.177248,4071.03,0
8.44082,34.6924,2.88305,8.30712,0.28679,4110.08,0
8.44732,34.5888,2.86928,7.98125,0.23005,4094.65,0
8.4538,34.5742,2.76807,7.70033,0.213954,4089.79,0
8.46028,34.6116,2.50095,7.95337,0.213756,4091.07,0
8.46678,34.5064,2.34526,8.02998,0.167015,4075.51,0
8.4733,34.5974,2.36335,8.03411,0.19047,4083.11,0
8.4798,34.4763,2.15788,7.8979,0.139282,4065.7,0
8.48632,34.4038,2.04746,7.81613,0.107217,4054.04,0
8.49287,34.3418,2.03587,7.63965,0.0811957,4043.61,0
8.49939,34.4535,2.01813,7.71736,0.116079,4053.65,0
8.50588,34.3091,2.11136,7.71757,0.0621115,4033.57,0
8.5124,34.3762,2.1793,7.5697,0.083193,4038.37,0
8.51888,34.2819,2.02738,7.74998,0.0485223,4024.23,0
8.52537,34.4718,2.17034,7.84546,0.111376,4043.44,0
8.53189,34.4355,2.20712,7.88151,0.0949838,4036.09,0
8.53844,34.4426,2.06623,7.93233,0.0932015,4033.83,0
8.54492,34.5503,2.12795,7.9666,0.126982,4043.37,0
8.5514,34.7414,2.3712,7.83467,0.184587,4062.66,0
8.55786,34.4913,2.40885,7.84407,0.0905838,4030.36,0
8.56435,34.6778,2.43002,7.78228,0.151105,4049.09,0
8.57086,34.5399,2.45942,7.73794,0.0974613,4029.92,0
8.57739,34.5771,2.5221,7.65,0.105481,4031.19,0
8.58387,34.5357,2.57882,7.82372,0.0861766,4023.32,0
8.5904,34.6425,2.52195,7.93665,0.119612,4032.7,0
8.59692,34.6215,2.32284,7.88274,0.107515,4027.2,0
8.6034,34.577,2.17962,7.90929,0.089018,4018.99,0
8.6099,34.6269,2.20151,7.97386,0.100466,4021.75,0
8.61642,34.606,2.39039,7.94238,0.0904318,4016.28,0
8.62296,34.871,2.47749,7.8914,0.17637,4043.97,0
8.62949,35.0516,2.5602,7.59544,0.224843,4061.84,0
8.63599,35.2351,2.62904,7.47837,0.271303,4080.03,0
8.64253,35.5814,2.46908,7.56612,0.370627,4117.01,0
8.649,35.2289,2.60048,7.5141,0.228116,4073.17,0
8.6555,35.1309,2.60177,7.40279,0.18188,4058.8,0
8.662,35.2517,2.77894,7.33378,0.213234,4069.69,0
8.6685,35.2122,3.0257,7.27051,0.187981,4062.08,0
8.67501,35.3768,3.02819,7.11821,0.233214,4078.02,0
8.6815,35.3418,3.15379,7.24432,0.209209,4070.93,0
8.68801,35.3103,3.26685,7.14758,0.187352,4064.26,0
8.69454,35.458,3.15404,7.03924,0.227423,4078.19,0
8.70104,35.5823,3.17732,7.03295,0.255625,4089.42,0
8.70756,35.5685,3.00091,6.98787,0.237024,4084.78,0
8.71409,35.4247,3.06526,6.81017,0.174103,4065.22,0
8.72059,35.5652,3.10233,6.77568,0.212757,4078.31,0
8.7271,35.5485,3.47083,6.87194,0.195491,4073.34,0
8.73361,35.6592,3.50063,7.04587,0.221008,4082.98,0
8.74009,35.954,3.381,7.28066,0.303479,4113.68,0
8.74662,36.0035,3.36904,7.28265,0.301139,4116.28,0
8.75316,35.9912,3.11238,7.30677,0.277243,4111.79,0
8.75968,35.7719,3.10185,7.05039,0.186561,4083.7,0
8.76619,35.6929,3.06273,7.03711,0.149944,4071.66,0
8.77271,35.5843,3.01873,7.11917,0.104311,4056.25,0
8.77925,35.4606,2.92255,6.91985,0.0579352,4039.13,0
8.78576,35.5241,3.07051,6.98151,0.0780743,4043.37,0
8.79225,35.6398,3.12138,6.88873,0.114219,4053.55,0
8.79879,35.7674,3.07561,6.90433,0.151363,4065.04,0
8.8053,35.7977,2.8932,6.72853,0.153808,4065.47,0
8.81185,35.9715,2.79519,6.67537,0.206338,4082.18,0
8.81836,35.9759,2.85612,6.8377,0.195022,4079.66,0
8.82481,35.9231,2.97817,6.82216,0.164588,4070.69,0
8.83133,35.7786,2.53511,6.87021,0.107526,4051.33,0
8.83782,35.8343,2.45851,7.05575,0.120216,4054.65,0
8.84435,35.9876,2.52546,6.99553,0.168622,4068.99,0
8.85085,35.9112,2.40303,6.99363,0.131408,4057.37,0
8.85742,35.7694,2.22235,6.85979,0.0786943,4038.36,0
8.86387,35.8816,2.16523,6.98629,0.114381,4048.07,0
8.87039,35.7873,1.98521,6.9377,0.0780468,4034.47,0
8.87688,35.7229,1.90233,7.07664,0.0529149,4024.27,0
8.88337,35.7841,1.82558,6.91897,0.0713208,4028.21,0
8.88991,35.6983,1.86014,7.02233,0.0399133,4015.6,0
8.89644,35.8735,1.73654,7.09413,0.0981386,4032.34,0
8.90294,35.7883,1.79381,7.11527,0.0653525,4019.83,0
8.90944,35.7288,1.63602,6.95354,0.0425986,4010.22,0
8.91592,35.7509,1.78404,6.90294,0.0490367,4009.78,0
8.92248,35.7979,1.83562,6.75926,0.063517,4012.1,0
8.92898,35.7625,1.92434,6.96713,0.0497961,4005.21,0
8.9355,35.827,1.90667,6.86799,0.0713474,4009.52,0
8.94199,35.743,1.99213,6.7926,0.0404929,3997.22,0
8.94849,35.7728,2.03704,6.70427,0.049896,3997.63,0
8.95496,35.7614,2.06029,6.65498,0.0449971,3993.48,0
8.9615,36.0941,2.05548,6.52371,0.157068,4027.69,0
8.96795,36.0183,2.2038,6.41364,0.124333,4016.33,0
8.97447,36.0102,2.17328,6.2437,0.115879,4012.52,0
8.98097,36.0538,2.23985,6.38126,0.126977,4014.47,0
8.9874,35.9986,2.33502,6.22121,0.102917,4005.45,0
8.99389,35.9682,2.28317,6.33914,0.0883952,3999.18,0
9.00039,36.1152,2.27487,6.50646,0.134704,4012.63,0
9.00691,35.9211,2.42934,6.57916,0.0630138,3988.17,0
9.01338,36.0856,2.38887,6.51801,0.117759,4003.56,0
9.01991,36.095,2.51217,6.39113,0.116315,4001.7,0
9.0264,36.0761,2.54147,6.53008,0.104554,3996.73,0
9.03289,36.0998,2.4349,6.67547,0.109265,3996.49,0
9.03941,36.0924,2.41902,6.77308,0.103464,3992.78,0
9.04592,36.0403,2.3807,6.74249,0.0816716,3984.15,0
9.05245,36.095,2.23121,6.7464,0.0972182,3987.32,0
9.05893,36.1576,2.13558,6.7126,0.114482,3991.38,0
9.06541,36.2579,2.20383,6.47899,0.143273,3999.59,0
9.0719,36.4389,2.08544,6.62182,0.197335,4016.67,0
9.07837,36.2628,2.34466,6.85406,0.126568,3994.42,0
9.0849,36.3863,2.53906,7.02011,0.161548,4005.14,0
9.09141,36.5072,2.55776,6.98854,0.195024,4015.57,0
9.09787,36.7845,2.54924,6.98883,0.278626,4043.2,0
9.10435,36.9783,2.6728,7.02452,0.32707,4061.61,0
9.11086,36.9498,2.82723,7.1718,0.293748,4055.58,0
9.11736,36.6928,2.58211,7.13461,0.189918,4024.5,0
9.12385,36.734,2.46312,7.30952,0.191824,4026.15,0
9.13037,36.9647,2.47561,7.32725,0.258391,4048.54,0
9.13688,37.0401,2.37697,7.41953,0.268217,4053.91,0
9.14343,37.0783,2.50415,7.56122,0.264545,4055.19,0
9.14994,37.2483,2.41513,7.27431,0.305108,4070.88,0
9.15647,37.2222,2.47346,7.23124,0.275624,4065.12,0
9.16303,37.3174,2.48821,7.47219,0.289211,4072.6,0
9.16956,37.2727,2.52716,7.45971,0.254552,4064.83,0
9.17604,37.1417,2.52545,7.51632,0.193747,4047.68,0
9.18253,37.1177,2.74681,7.43621,0.176247,4042.21,0
9.18901,37.2268,2.98637,7.34696,0.203904,4051.23,0
9.1955,37.3562,2.9433,7.4629,0.235357,4062.44,0
9.20196,37.4612,3.06492,7.55301,0.255161,4071.01,0
9.20851,37.575,2.89888,7.74172,0.27654,4080.46,0
9.21503,37.7442,2.89615,7.81847,0.315758,4095.94,0
9.22154,37.747,2.82065,7.76936,0.293601,4093.35,0
9.22802,37.7423,2.70541,7.75363,0.27099,4089.97,0
9.23451,37.6946,2.78728,7.82456,0.237378,4081.93,0
9.241,37.7776,2.55287,7.63668,0.251969,4088.05,0
9.24747,37.779,2.55441,7.71469,0.235682,4085.33,0
9.25397,37.7149,2.51234,7.62854,0.198644,4075.54,0
9.26044,37.7684,2.54123,7.58117,0.203236,4078.46,0
9.26691,37.5522,2.63352,7.58861,0.119885,4052.29,0
9.27343,37.8508,2.47387,7.82154,0.215608,4081.64,0
9.27996,37.6714,2.34183,7.91292,0.143444,4059.44,0
9.28645,37.6843,2.37803,8.09611,0.142467,4057.99,0
9.29294,37.7958,2.40848,8.40526,0.17422,4067.15,0
9.29944,38.0244,2.29989,8.26052,0.241862,4088.89,0
9.3059,37.9146,1.97386,8.20658,0.190629,4074.26,0
9.31238,37.9966,1.93946,8.32863,0.205201,4080.22,0
9.31886,37.9063,1.75271,8.38721,0.162966,4067.7,0
9.32535,37.7531,1.63673,8.4131,0.10129,4048.44,0
9.33186,37.9231,1.52706,8.36871,0.155208,4063.83,0
9.33836,37.7843,1.6213,8.31986,0.10076,4046.14,0
9.34484,37.8629,1.6517,8.13262,0.123863,4051.75,0
9.35133,37.9962,1.66054,7.99377,0.163442,4063.18,0
9.35785,38.0623,1.47332,7.99689,0.178021,4067.42,0
9.36437,37.953,1.47968,8.02919,0.131588,4052.92,0
9.37086,38.1031,1.62857,8.22861,0.176111,4066.13,0
9.37732,38.2712,1.60513,8.38702,0.22357,4081.24,0
9.38384,38.2099,1.53431,8.39896,0.189773,4071.88,0
9.39034,38.1663,1.62302,8.4416,0.164762,4064.42,0
9.39684,37.9822,1.57721,8.45735,0.0945952,4042.02,0
9.40334,37.9583,1.62011,8.42844,0.0838563,4036.68,0
9.40985,38.0152,1.54771,8.41755,0.100957,4039.94,0
9.41632,37.8417,1.60498,8.50098,0.0382949,4018.73,0
9.42287,37.8453,1.69136,8.57739,0.037917,4016.32,0
9.42939,37.8217,1.67786,8.54515,0.028806,4011.04,0
9.43593,37.8843,1.60927,8.57028,0.0497237,4014.9,0
9.44241,37.8594,1.55637,8.47602,0.0388331,4009.51,0
9.44894,37.8872,1.45982,8.54568,0.0482439,4009.68,0
9.45546,37.8233,1.42024,8.4727,0.0251423,4000.15,0
9.46194,37.9637,1.43228,8.47097,0.0731257,4012.25,0
9.46845,37.8877,1.55704,8.44669,0.0452227,4001.47,0
9.47491,37.8963,1.52187,8.31008,0.0471823,3999.64,0
9.48138,37.9562,1.75025,8.27907,0.0656695,4003.23,0
9.48786,37.8617,1.82968,8.2659,0.0316845,3990.54,0
9.49437,37.8451,1.88078,8.3616,0.0246465,3986.06,0
9.50089,37.9045,1.91056,8.33058,0.0450663,3989.57,0
9.50741,38.0114,1.73127,8.22093,0.0797355,3998.08,0
9.5139,38.1873,1.75373,8.23063,0.136638,4013.84,0
9.5204,38.2541,1.61404,8.31119,0.152837,4018.12,0
9.52695,38.1878,1.31926,8.0704,0.122953,4008.39,0
9.53352,38.2674,1.23527,8.15,0.14363,4013.98,0
9.54002,38.0709,1.43112,8.2713,0.0704063,3990.65,0
9.54655,38.2851,1.41351,8.29819,0.140562,4010.36,0
9.55306,38.153,1.39448,8.41607,0.088068,3993.8,0
9.55957,38.1094,1.4801,8.23446,0.0702202,3986.52,0
9.56605,38.0026,1.45397,8.23651,0.0304183,3972.66,0
9.57251,37.9855,1.45175,8.19899,0.0242299,3968.19,0
9.57902,38.02,1.45458,8.16849,0.0354243,3969.09,0
9.58556,38.0812,1.33818,8.14572,0.0555441,3972.77,0
9.59209,38.1101,1.39732,8.19963,0.0638696,3973.08,0
9.59856,38.1449,1.29869,8.17177,0.0724505,3974.02,0
9.60509,38.0486,1.26729,8.10281,0.0378994,3961.3,0
9.61156,37.9971,1.27728,7.98502,0.0191465,3953.27,0
9.61809,38.1091,1.17978,8.09428,0.0575706,3962.24,0
9.62459,38.0564,1.35274,8.16191,0.0361363,3954.08,0
9.63113,37.9881,1.27663,8.08171,0.0120552,3944.31,0
9.63765,38.0358,1.1748,8.06632,0.0282693,3946.59,0
9.64412,38.1773,1.26299,8.01188,0.0766589,3958.61,0
9.65061,38.1807,1.25111,8.0833,0.0744808,3956.3,0
9.65712,38.2051,1.18285,8.18554,0.0802635,3956.16,0
9.66361,38.1824,1.17375,8.25945,0.0704804,3951.15,0
9.67007,38.1256,0.984535,8.26903,0.0480001,3942.64,0
9.67658,38.1774,0.875282,8.2434,0.0648237,3945.34,0
9.6831,38.1088,0.830134,8.2201,0.0396471,3935.6,0
9.68962,38.1654,0.802772,8.06859,0.0576188,3938.8,0
9.69617,38.1758,0.768001,8.02162,0.0592192,3937.2,0
9.70267,38.1817,0.685676,8.05691,0.0597482,3935.18,0
9.70915,38.4935,0.744955,7.96858,0.164718,3964.66,0
9.71562,38.3675,0.589285,7.78538,0.112742,3949.05,0
9.72212,38.4314,0.811669,7.69568,0.129938,3952.99,0
9.72861,38.1625,0.921375,7.66139,0.0332959,3922.71,0
9.7351,38.1105,0.942539,7.62798,0.0148049,3914.75,0
9.74161,38.2016,1.02124,7.66582,0.0459326,3921.49,0
9.74806,38.1917,0.939085,7.61959,0.0410747,3917.88,0
9.75458,38.3684,0.875979,7.61435,0.100322,3933.38,0
9.76108,38.3448,0.935161,7.72602,0.0878386,3928.34,0
9.76763,38.298,0.903863,7.7917,0.0686551,3920.92,0
9.77414,38.3408,0.929996,7.68216,0.0808102,3922.68,0
9.78064,38.5727,0.957523,7.74022,0.157084,3943.78,0
9.78715,38.407,0.977038,7.70318,0.0920771,3924.23,0
9.79369,38.292,0.589258,7.81247,0.0489803,3909.87,0
9.80023,38.2206,0.625423,7.82512,0.0221735,3899.97,0
9.80678,38.2192,0.618529,7.67511,0.0209158,3897.22,0
9.81334,38.2728,0.593285,7.69177,0.0388953,3900.08,0
9.81988,38.2436,0.549784,7.652,0.0279975,3894.51,0
9.82638,38.2713,0.514756,7.65859,0.0369705,3894.75,0
9.83287,38.2318,0.516082,7.61644,0.0227629,3888.16,0
9.83939,38.1719,0.528877,7.69376,0.00175013,3879.5,0
9.84592,38.2263,0.596367,7.69876,0.0204623,3882.46,0
9.85242,38.3852,0.567148,7.73245,0.0749396,3896.02,0
9.85893,38.5008,0.771048,7.6738,0.113039,3905.17,0
9.86541,38.6664,0.77685,7.69288,0.164463,3919.39,0
9.87193,38.514,0.577388,7.85692,0.105016,3901.36,0
9.87844,38.3207,0.579034,7.8441,0.0349276,3879.22,0
9.88494,38.3007,0.60352,7.7309,0.0272859,3874.65,0
9.89142,38.3588,0.746972,7.61717,0.0472211,3877.99,0
9.89794,38.3274,0.724165,7.47381,0.0349096,3872.26,0
9.90446,38.2524,0.717624,7.42688,0.00817063,3862.14,0
9.91096,38.271,0.726691,7.39417,0.0144652,3861.48,0
9.91748,38.3971,0.652781,7.39206,0.0576608,3871.66,0
9.92399,38.4089,0.808352,7.49177,0.0594729,3870.31,0
9.93049,38.5919,0.746848,7.42206,0.120203,3886.2,0
9.937,38.5256,0.717574,7.67706,0.0924844,3876.98,0
9.94356,38.5467,0.494994,7.82693,0.0947099,3876.55,0
9.9501,38.4987,0.460595,7.70743,0.0750356,3869.18,0
9.95659,38.485,0.359227,7.92202,0.0676053,3865.28,0
9.96307,38.4976,0.43714,8.05982,0.069526,3864.03,0
9.96959,38.441,0.325627,8.00624,0.0484681,3855.83,0
9.97606,38.4018,0.421777,8.16511,0.0337243,3849.39,0
9.98257,38.4794,0.485128,8.16163,0.0598204,3854.66,0
9.98908,38.5001,0.647813,8.21222,0.0656296,3854.21,0
9.99561,38.3971,0.671989,8.40806,0.0281098,3841.4,0
10,38.3666,0.58862,8.26752,0.016725,3836.66,0
