0.00653141,0.110699,-0.0398181,-0.131024,0.038383,16948.8,0
0.0130173,0.111552,0.0620006,-0.101764,0.0381546,8569.53,0
0.0195364,0.0652694,0.0631207,-0.16601,0.0214173,3340.91,0
0.0260123,0.172211,0.0595838,-0.097396,0.0573936,6620.38,0
0.0324753,0.309265,-0.0713912,-0.237288,0.102334,9523.08,0
0.0389563,0.430304,-0.0344338,-0.446732,0.139628,11045.8,0
0.0454402,0.438896,-0.174718,-0.557346,0.13562,9658.77,0
0.0519425,0.679937,-0.288424,-0.47344,0.210423,13090.2,0
0.0584626,0.484802,-0.0577929,-0.549052,0.132485,8292.51,0
0.0649882,0.713142,-0.134394,-0.219096,0.204523,10973.4,0
0.0715332,0.863748,-0.0319104,-0.262555,0.241452,12074.8,0
0.0780616,0.653903,-0.126243,-0.246554,0.156907,8376.75,0
0.0845235,0.594405,-0.34723,-0.48746,0.129944,7032.42,0
0.0910153,1.02916,-0.324489,-0.667657,0.268664,11307.6,0
0.0974911,0.839326,-0.0838437,-0.516554,0.189125,8609.26,0
0.103967,0.606145,-0.019465,-0.517007,0.100096,5830.18,0
0.110405,0.770583,-0.114652,-0.648007,0.15163,6979.59,0
0.116918,0.620659,-0.106131,-0.489183,0.0938927,5308.51,0
0.123439,0.753366,-0.28487,-0.68453,0.133785,6103.15,0
0.129996,0.728854,-0.31111,-0.776154,0.120439,5606.74,0
0.136474,0.652489,-0.474992,-0.654928,0.0883081,4781.05,0
0.142973,0.689463,-0.474017,-0.818521,0.0991237,4822.33,0
0.14952,0.617285,-0.341182,-0.908428,0.069991,4128.45,0
0.156009,0.599062,-0.477872,-0.876088,0.0608314,3839.93,0
0.162512,0.670052,-0.428821,-0.76022,0.0824222,4123.09,0
0.168972,0.656116,-0.574414,-0.842686,0.0752554,3882.99,0
0.175523,0.73294,-0.401553,-0.738602,0.0991915,4175.76,0
0.182011,0.654616,-0.500172,-0.788627,0.0691366,3596.58,0
0.188509,0.664423,-0.539624,-0.886477,0.0702955,3524.62,0
0.195014,0.57676,-0.759289,-0.820635,0.0378859,2957.52,0
0.201569,0.574907,-0.811334,-0.896968,0.0361425,2852.16,0
0.20805,0.602105,-0.852277,-0.99725,0.0445198,2894.04,0
0.214576,0.613852,-0.906935,-1.13858,0.0473312,2860.77,0
0.221091,0.703264,-1.02156,-0.976341,0.0765946,3180.88,0
0.22758,0.87417,-0.908173,-0.843177,0.131343,3841.15,0
0.234104,0.899701,-0.998849,-0.90666,0.134581,3843.17,0
0.240572,0.876693,-0.944303,-1.02433,0.119805,3644.2,0
0.247106,0.78628,-0.901864,-1.15231,0.0837826,3181.95,0
0.253598,0.946359,-0.849222,-1.23221,0.134978,3731.74,0
0.260142,0.9738,-0.910119,-1.22957,0.139929,3743.33,0
0.26664,1.09452,-1.01967,-1.02109,0.175859,4104.87,0
0.273127,1.37116,-0.92348,-1.18317,0.259625,5020.24,0
0.27964,1.39302,-0.955662,-1.51359,0.250615,4981.46,0
0.286146,1.57841,-1.05195,-1.43173,0.296445,5516.1,0
0.292652,1.56321,-0.875024,-1.47336,0.272895,5341.52,0
0.299151,1.50101,-0.814883,-1.38656,0.234291,5017.58,0
0.305732,1.50328,-0.825694,-1.22562,0.218807,4916.98,0
0.312222,1.39627,-0.712017,-1.28415,0.170852,4472.04,0
0.318721,1.33602,-0.914739,-1.26189,0.142904,4191.81,0
0.325269,1.32761,-0.919118,-1.25301,0.133781,4081.57,0
0.331776,1.58206,-0.857281,-1.44578,0.213972,4768.46,0
0.338299,1.72276,-1.03205,-1.42439,0.24709,5092.41,0
0.344806,1.67224,-1.00823,-1.47204,0.214354,4849.79,0
0.35134,1.50124,-1.20437,-1.45848,0.146035,4272.9,0
0.357842,1.54468,-0.95784,-1.33166,0.152385,4316.65,0
0.364338,1.52433,-0.869476,-1.28729,0.137733,4183.83,0
0.370834,1.31622,-1.04062,-1.28541,0.0589748,3549.36,0
0.377265,1.34762,-1.21468,-1.5145,0.0673609,3572.07,0
0.38377,1.31086,-1.19676,-1.53516,0.0520352,3415.74,0
0.390239,1.37008,-1.14921,-1.58209,0.071236,3510.87,0
0.396764,1.56249,-1.09782,-1.61114,0.134259,3938.07,0
0.403253,1.85852,-0.854282,-1.68367,0.228647,4608.82,0
0.409774,1.91933,-0.84137,-1.69653,0.231224,4683.87,0
0.41628,2.00159,-1.08649,-1.76547,0.241651,4808.27,0
0.422839,2.02524,-1.18737,-1.75173,0.235791,4789.62,0
0.429321,2.00529,-1.30089,-1.81269,0.213935,4670.84,0
0.435802,1.84047,-1.07729,-1.60696,0.146659,4223.17,0
0.442323,1.76113,-0.982621,-1.61494,0.112073,3981.54,0
0.448843,2.03772,-1.12248,-1.5612,0.201961,4539.95,0
0.455366,1.98542,-1.26039,-1.63234,0.172906,4360.05,0
0.46189,1.97318,-1.17384,-1.73135,0.160049,4271.97,0
0.468371,2.00944,-1.0182,-1.76317,0.165,4290.28,0
0.474917,1.93607,-1.21737,-1.74079,0.132086,4076.64,0
0.481387,1.78291,-1.24777,-1.75376,0.0734263,3703.69,0
0.487903,1.71187,-1.10474,-1.72927,0.0466795,3508.63,0
0.494409,1.7787,-1.27504,-1.53985,0.0680904,3597.62,0
0.500929,1.89944,-1.11059,-1.37188,0.107106,3791.84,0
0.507421,1.88923,-1.25016,-1.3846,0.0998415,3723.21,0
0.51396,1.82131,-1.09805,-1.41536,0.0727818,3543.68,0
0.520505,1.77567,-1.11634,-1.50186,0.0549633,3411.44,0
0.527033,1.70775,-1.17489,-1.5283,0.0299786,3240.32,0
0.533514,1.7841,-1.12429,-1.45932,0.0551623,3344.05,0
0.540043,1.83423,-1.18817,-1.35112,0.0701575,3396.46,0
0.546572,1.87092,-1.06852,-1.38861,0.0809872,3423,0
0.553072,2.03662,-0.878132,-1.29732,0.133541,3682.38,0
0.559639,1.8956,-0.862241,-1.16775,0.0801105,3387.19,0
0.566086,1.97996,-0.643219,-1.05246,0.104944,3497.63,0
0.572581,2.00752,-0.546475,-1.08107,0.110006,3506.09,0
0.579116,2.01785,-0.500668,-1.01822,0.107858,3484.37,0
0.585588,1.97411,-0.475943,-1.07264,0.0882349,3371.16,0
0.592101,1.90195,-0.509292,-1.01759,0.0600451,3212.2,0
0.598567,1.91431,-0.484825,-1.0248,0.0630107,3198.15,0
0.605101,1.90426,-0.540378,-1.17309,0.0567391,3147.01,0
0.611588,1.88674,-0.52794,-1.10643,0.0494232,3084.98,0
0.618118,1.81203,-0.409211,-0.986283,0.0226757,2931.53,0
0.624671,1.8102,-0.503735,-0.949396,0.0213747,2897.84,0
0.631183,1.84419,-0.596081,-0.887503,0.0326091,2921.8,0
0.637679,1.88959,-0.656331,-0.782396,0.0472635,2963.23,0
0.644155,1.81139,-0.639492,-0.652782,0.0189879,2812.05,0
0.650652,1.84229,-0.608075,-0.754972,0.0294089,2831.45,0
0.657142,1.93057,-0.763553,-0.754333,0.0596047,2937.82,0
0.663678,1.93427,-0.650713,-0.777212,0.0592069,2914.47,0
0.670172,1.86282,-0.589553,-0.847465,0.0328791,2779.61,0
0.676675,1.93511,-0.5094,-0.83968,0.056259,2859.73,0
0.683193,2.24926,-0.143896,-0.805195,0.161025,3292.27,0
0.68968,2.41275,-0.154737,-0.736682,0.207026,3498.36,0
0.696149,2.36311,-0.096028,-0.795315,0.179839,3394.55,0
0.702662,2.39606,-0.0136402,-0.929125,0.182554,3409.97,0
0.709145,2.164,0.0784361,-0.790467,0.0945479,3051.57,0
0.715636,2.33883,-0.0374775,-0.697306,0.15024,3268.19,0
0.722133,2.52051,-0.177487,-0.877592,0.203462,3490.37,0
0.728625,2.54166,-0.122462,-0.767464,0.199946,3488.3,0
0.735181,2.38649,-0.0777418,-0.761131,0.137628,3246.12,0
0.741655,2.34154,-0.0823699,-0.531246,0.115076,3157.18,0
0.748171,2.68486,-0.224681,-0.583669,0.226139,3588.57,0
0.754648,2.60454,-0.334049,-0.755013,0.186664,3451.33,0
0.761151,2.62474,0.0382737,-0.574591,0.183548,3448.39,0
0.767591,2.77681,-0.08426,-0.784481,0.223136,3617.56,0
0.774086,2.70626,-0.0181654,-0.653281,0.186981,3496.07,0
0.780558,2.96477,0.0254135,-0.821445,0.266439,3798.26,0
0.787032,2.90016,-0.151777,-0.912408,0.226877,3684.93,0
0.793559,3.23208,-0.0946962,-1.08054,0.324704,4072.9,0
0.800065,3.05348,-0.157586,-1.02251,0.24215,3816.53,0
0.806564,3.2382,-0.371301,-0.598411,0.286514,4014.81,0
0.813087,3.5426,-0.279085,-0.541752,0.369765,4356.97,0
0.819598,3.45331,-0.0797519,-0.424377,0.314332,4213.41,0
0.826111,3.6804,-0.0929694,-0.157915,0.368044,4455.09,0
0.832585,3.64717,-0.0401843,-0.119011,0.327691,4380.53,0
0.839038,3.77908,0.119967,-0.0661655,0.349607,4504.06,0
0.845575,3.62835,0.091038,-0.100197,0.276229,4290.98,0
0.85204,3.58352,-0.0676477,-0.0755932,0.245008,4205.81,0
0.858523,3.52557,0.146263,0.246665,0.210812,4106.55,0
0.865084,3.57402,-0.261165,-0.123214,0.214989,4131.41,0
0.871581,3.34945,-0.279918,0.116232,0.12675,3842.96,0
0.878112,3.37459,-0.319637,0.100329,0.128894,3843.01,0
0.884586,3.35662,-0.312772,0.0280277,0.117539,3794.57,0
0.891104,3.44146,-0.0804003,0.00797093,0.142787,3862.01,0
0.897616,3.3428,-0.00347773,0.000132252,0.103246,3724.08,0
0.904076,3.54286,0.0422763,0.286538,0.166501,3918.76,0
0.910531,3.50698,-0.210446,0.0469594,0.147346,3851.58,0
0.917056,3.51506,0.0479136,-0.12406,0.142207,3832.98,0
0.923554,3.4334,0.0021856,-0.220687,0.107037,3717.59,0
0.930093,3.43607,-0.000932778,-0.592512,0.103648,3694.33,0
0.936578,3.31179,0.173822,-0.9568,0.0560149,3536.05,0
0.943081,3.54962,0.224106,-1.08367,0.134355,3763.85,0
0.949602,3.63569,0.474819,-1.04807,0.157359,3828.64,0
0.956048,3.58478,0.688629,-1.09295,0.133209,3749.58,0
0.962515,3.65564,1.04058,-1.13645,0.150147,3798.01,0
0.969065,3.78397,1.3373,-1.03604,0.18519,3904.76,0
0.97555,3.8287,1.1174,-0.86403,0.189342,3924.66,0
0.982073,3.96294,1.02865,-0.848204,0.223829,4035.28,0
0.988598,4.05066,1.18305,-0.754717,0.240511,4097.37,0
0.995134,4.12918,0.929429,-0.781036,0.250848,4149.37,0
1.00164,4.21146,1.13197,-0.828637,0.264371,4204.58,0
1.00813,4.04989,0.896929,-0.801011,0.193222,4017.25,0
1.01462,3.89151,0.812814,-0.772862,0.130363,3835.42,0
1.0211,4.03676,0.947952,-0.884025,0.175267,3953.35,0
1.02758,3.91513,1.31544,-0.906967,0.126519,3810.05,0
1.03408,4.01999,1.3176,-0.790348,0.153787,3887.51,0
1.04061,4.06923,1.34862,-1.01227,0.16168,3910.43,0
1.04711,4.14076,1.14494,-1.17349,0.180181,3954.48,0
1.05362,4.09049,1.12981,-1.30008,0.155033,3882.34,0
1.06011,4.05856,1.06733,-1.34935,0.138328,3828.42,0
1.06657,3.8235,1.26957,-1.3164,0.0519374,3584.85,0
1.07305,3.95488,1.31455,-1.06367,0.0952536,3685.66,0
1.07953,4.09459,1.2901,-0.963584,0.139312,3792.94,0
1.08608,4.14096,1.34706,-0.985857,0.148154,3812.76,0
1.09258,4.00161,1.2027,-0.860507,0.0937294,3662.54,0
1.09909,4.23221,1.19914,-0.832798,0.168764,3850.64,0
1.10559,4.44302,1.14791,-0.848977,0.23037,4018.67,0
1.11207,4.54095,1.07335,-0.795934,0.248946,4083.32,0
1.11855,4.75773,0.893395,-0.606769,0.306516,4253.48,0
1.12508,4.74159,0.646717,-0.452868,0.279087,4214.44,0
1.13157,4.81387,0.543736,-0.430069,0.284029,4254.14,0
1.13812,4.86693,0.237097,-0.287208,0.282385,4276.28,0
1.14465,5.13567,0.097667,-0.338619,0.353238,4486.68,0
1.15119,5.0881,-0.111214,-0.311098,0.31234,4419.88,0
1.15769,5.24307,0.0709748,-0.00626188,0.34176,4528.89,0
1.16422,5.03176,0.218639,-0.159911,0.244727,4322,0
1.17067,5.19672,0.222692,-0.159503,0.286299,4439.1,0
1.17717,5.25649,0.437999,-0.234222,0.28787,4465.37,0
1.18367,5.36401,0.498003,-0.44484,0.300756,4531.68,0
1.19018,5.03975,0.779793,-0.66622,0.172829,4234.43,0
1.19673,5.14789,0.724999,-0.684223,0.199991,4301.65,0
1.20318,5.25926,0.862198,-0.67964,0.2283,4371.13,0
1.2097,5.13842,0.726453,-0.807236,0.174116,4247.67,0
1.21619,5.42066,0.902103,-1.03571,0.260706,4457.07,0
1.22274,5.80899,0.630199,-1.29271,0.374072,4750.79,0
1.22922,5.62869,0.748614,-1.63379,0.288304,4579.07,0
1.23573,5.79991,0.853383,-1.83775,0.327788,4693.49,0
1.24222,5.75215,1.06065,-1.97149,0.288659,4630.53,0
1.24873,5.78974,1.09781,-1.86547,0.280175,4636.49,0
1.25521,5.54252,1.14363,-2.01229,0.179358,4415.62,0
1.2617,5.60734,1.21526,-2.05367,0.19153,4444.29,0
1.26819,5.68848,1.13515,-1.92315,0.206868,4485.52,0
1.27466,5.88225,1.34752,-2.24827,0.258014,4614.77,0
1.28116,5.95976,1.54004,-2.55282,0.268746,4651.86,0
1.28767,5.81151,1.86994,-2.69729,0.199827,4513.21,0
1.29419,5.71605,2.00402,-2.92797,0.157128,4416.7,0
1.30067,5.75935,1.94375,-2.9345,0.164883,4427.97,0
1.30715,5.69156,1.91198,-2.97176,0.1342,4354.16,0
1.31366,5.64139,2.04354,-2.99621,0.111437,4294.4,0
1.32021,5.80134,1.91692,-2.97904,0.162633,4394.27,0
1.32671,5.99331,1.62391,-3.13,0.217938,4517.42,0
1.33324,6.24634,1.51695,-2.86732,0.287494,4685.1,0
1.33975,6.52479,1.65206,-2.99999,0.361589,4870.17,0
1.34623,6.58528,1.58989,-2.76269,0.359036,4891.66,0
1.35273,6.6219,1.64293,-2.64484,0.346059,4895.22,0
1.35922,7.03355,1.77384,-2.61189,0.457508,5174.7,0
1.36572,7.17404,1.74178,-2.68884,0.466555,5252.94,0
1.37222,7.52698,1.57944,-2.67276,0.542136,5485.26,0
1.37873,7.69061,1.38969,-2.58723,0.544608,5578.04,0
1.38521,7.9744,1.05295,-2.5193,0.587398,5756.8,0
1.39169,8.54889,1.10372,-2.34013,0.719473,6142.81,0
1.39823,8.5076,0.897793,-2.51863,0.63485,6084.55,0
1.40476,8.46323,1.28079,-2.74769,0.558628,6024.68,0
1.41126,8.1657,1.17717,-2.64251,0.410749,5786.1,0
1.41777,7.89342,1.1021,-2.56642,0.283902,5567.51,0
1.42426,7.89371,1.12075,-2.3114,0.263669,5542.31,0
1.43075,7.9158,0.9376,-2.13873,0.252127,5532.62,0
1.43725,7.93465,0.882847,-2.21727,0.241433,5520.7,0
1.44376,7.97649,0.944122,-2.02706,0.23967,5524.8,0
1.45028,7.8709,1.12463,-2.31983,0.189751,5427.15,0
1.45676,8.11177,1.11596,-2.47808,0.259908,5568.37,0
1.46325,8.19638,1.22727,-2.77172,0.272224,5601.5,0
1.46972,8.20734,1.48552,-2.74426,0.258037,5584.31,0
1.47624,8.03628,1.44987,-2.77377,0.185132,5443.73,0
1.48274,8.00556,1.35087,-2.95255,0.16288,5399.16,0
1.48924,8.01419,1.2705,-2.7948,0.157229,5381.39,0
1.49577,7.90474,1.40083,-2.99905,0.111474,5284.72,0
1.50229,8.09067,1.46749,-3.05746,0.169918,5385.57,0
1.5088,7.92777,1.21877,-2.95519,0.105789,5254.34,0
1.51526,8.10284,1.20688,-2.99791,0.160594,5347.49,0
1.52177,7.95161,1.32811,-3.05183,0.101789,5225.23,0
1.52826,8.08453,1.28829,-2.88954,0.141635,5290.02,0
1.53475,7.87104,1.47214,-2.96887,0.062589,5128.53,0
1.54127,7.79061,1.67274,-2.98758,0.0331047,5054.68,0
1.5478,7.7781,1.72042,-2.97483,0.0283167,5025.27,0
1.5543,7.7818,1.657,-2.97592,0.0291379,5006.62,0
1.56084,7.79356,1.69024,-3.09061,0.032694,4993.18,0
1.56736,7.88619,1.67214,-2.92302,0.0635146,5031.5,0
1.57389,8.15518,1.76603,-2.98728,0.153326,5181.55,0
1.58043,8.05817,1.8381,-2.98488,0.113214,5098.72,0
1.58693,8.23941,2.05561,-3.00164,0.169329,5192.06,0
1.59345,8.33996,2.02759,-3.0257,0.192587,5233.9,0
1.59995,8.40579,1.94748,-3.07968,0.204431,5253.78,0
1.60646,8.29975,2.14067,-3.10667,0.155236,5166.48,0
1.61299,8.20357,2.40148,-3.14493,0.114288,5085.94,0
1.61953,8.23753,2.36097,-3.15943,0.119938,5086.37,0
1.62607,8.32065,2.28525,-3.2399,0.143358,5117.03,0
1.63257,8.35899,2.38411,-3.40077,0.147516,5120.12,0
1.63906,8.27148,2.49698,-3.41509,0.110077,5046.49,0
1.64555,8.16858,2.67465,-3.51022,0.0710083,4964.05,0
1.6521,8.18903,2.701,-3.4154,0.0756223,4956.75,0
1.65857,8.48719,2.50386,-3.2655,0.172737,5117.17,0
1.66512,8.55288,2.72675,-3.42531,0.187321,5136.49,0
1.67163,8.7159,2.78626,-3.51755,0.232217,5214.02,0
1.6781,8.71057,2.75295,-3.3845,0.215676,5190.74,0
1.68466,8.47823,2.68899,-3.40434,0.122845,5032.6,0
1.69118,8.52424,2.84295,-3.43709,0.132428,5040.42,0
1.69769,8.60882,2.82281,-3.65707,0.15523,5070.89,0
1.70417,8.59711,2.89174,-3.5659,0.141324,5044.75,0
1.71065,8.62469,2.80079,-3.435,0.143899,5041.75,0
1.71718,8.79834,2.83434,-3.45519,0.195129,5123.71,0
1.72374,9.21503,2.77859,-3.34514,0.323289,5345.96,0
1.7303,9.29253,2.60223,-3.07375,0.324898,5370.49,0
1.73682,9.36069,2.7088,-3.16743,0.325191,5389.55,0
1.7433,9.43131,2.54253,-3.19437,0.327011,5410.04,0
1.74983,9.26148,2.53229,-3.20101,0.245129,5292.79,0
1.75629,9.27982,2.31632,-3.36486,0.236522,5283.76,0
1.76276,9.03359,2.48464,-3.42989,0.140357,5124.7,0
1.76924,9.20076,2.33698,-3.67751,0.189717,5200.4,0
1.77581,9.3478,2.36668,-3.69805,0.227309,5263.98,0
1.78231,9.19948,2.34958,-3.75475,0.164983,5161.55,0
1.78881,9.22917,2.5249,-3.65433,0.167772,5159.4,0
1.7953,9.05253,2.75245,-3.6336,0.0997084,5042.34,0
1.80183,9.07315,2.62795,-3.435,0.102326,5035.53,0
1.80832,9.01234,2.72909,-3.49275,0.0783639,4983.82,0
1.8148,8.95569,2.6379,-3.45717,0.0561615,4934.82,0
1.82133,8.94581,2.78458,-3.45305,0.0508962,4911.69,0
1.82781,8.89833,2.88128,-3.4549,0.0332816,4868.29,0
1.83434,9.02656,2.87459,-3.32079,0.0764422,4920.89,0
1.84081,8.89505,2.86312,-3.24531,0.0294333,4832.13,0
1.84731,8.94625,2.87075,-3.3526,0.0465377,4842.87,0
1.8538,8.90121,2.87391,-3.26673,0.0294024,4801.6,0
1.86036,8.90753,2.86323,-3.36498,0.0308343,4788.06,0
1.86686,8.85746,2.91378,-3.41691,0.0125786,4744.57,0
1.87338,8.95612,2.85653,-3.57971,0.0465539,4780.72,0
1.87992,8.96104,2.78208,-3.37533,0.0468571,4766.72,0
1.88644,8.92361,2.85278,-3.37988,0.033034,4730.4,0
1.89289,8.99837,2.85016,-3.38653,0.0581587,4753.78,0
1.89939,8.99661,2.82575,-3.37567,0.054752,4736.59,0
1.90592,8.96683,2.90189,-3.48371,0.0429381,4704.74,0
1.91242,8.96006,2.90712,-3.40875,0.0388203,4685.2,0
1.91893,9.16261,2.8809,-3.31208,0.107346,4774.85,0
1.92543,9.29413,2.77381,-3.2716,0.147915,4827.04,0
1.932,9.45961,2.83884,-3.36517,0.195981,4896.27,0
1.9385,9.45166,2.82571,-3.18691,0.180722,4875.75,0
1.94499,9.44407,3.10076,-3.29498,0.167649,4855.6,0
1.95146,9.46772,2.9801,-3.40401,0.167995,4851.61,0
1.95796,9.42428,3.10728,-3.39931,0.145618,4813.33,0
1.96449,9.61962,3.35929,-3.41437,0.20392,4896.75,0
1.97094,9.6929,3.60417,-3.88573,0.216284,4917.9,0
1.97747,9.79617,3.35405,-3.87018,0.238071,4953.89,0
1.98397,9.92524,3.00586,-3.96801,0.264923,5002.72,0
1.99048,9.89258,2.9137,-4.10023,0.236037,4969.95,0
1.99697,9.71664,2.9472,-4.23538,0.162887,4865.69,0
2.00349,9.84605,2.79212,-4.05751,0.198134,4914.46,0
2.00994,9.79974,3.05406,-3.93784,0.171443,4875.65,0
2.01643,9.78308,3.10759,-3.86263,0.156968,4851.68,0
2.02295,9.81188,3.1802,-3.7798,0.159472,4850.28,0
2.02948,9.78945,3.24236,-3.68877,0.144207,4823.63,0
2.03588,9.70085,3.19758,-3.73856,0.108203,4764.94,0
2.04236,9.59335,3.12685,-3.66318,0.0685242,4697.18,0
2.04884,9.52801,2.93439,-3.79654,0.0435959,4650.44,0
2.05537,9.55719,2.91231,-3.83532,0.0524828,4649.87,0
2.06186,9.63447,2.91864,-3.74062,0.0771921,4672.72,0
2.06837,9.58408,2.86647,-3.89868,0.0572928,4633.63,0
2.07488,9.63976,2.88191,-3.78839,0.0743533,4645.94,0
2.08139,9.68682,2.90322,-3.83542,0.0876561,4654.01,0
2.08789,9.8101,2.93557,-3.73553,0.126297,4698.56,0
2.09442,9.68547,3.12854,-3.90005,0.0775096,4624.41,0
2.10098,9.50333,3.13411,-3.75756,0.012929,4523.27,0
2.10753,9.79724,3.24203,-3.75926,0.11427,4648.67,0
2.11404,9.85596,3.11349,-3.64471,0.130088,4662.14,0
2.12056,9.91582,3.19357,-3.4874,0.142494,4676.05,0
2.12709,9.89981,3.26171,-3.5034,0.1313,4654.15,0
2.13359,9.87893,3.18036,-3.49976,0.118554,4630.2,0
2.14005,9.91061,3.29398,-3.50871,0.124915,4631.02,0
2.14655,9.99236,3.20502,-3.46137,0.148294,4655.08,0
2.15304,10.3341,3.28863,-3.56643,0.256298,4799.79,0
2.15957,10.3076,3.37957,-3.69153,0.232202,4773.01,0
2.1661,10.4377,3.40876,-3.63614,0.261069,4818.68,0
2.17261,10.3762,3.09947,-3.5337,0.222447,4775.89,0
2.17912,10.1209,3.08653,-3.74024,0.123477,4644.49,0
2.18561,10.1133,3.26053,-3.80188,0.116022,4627.22,0
2.19211,10.0206,3.28414,-3.72367,0.0799522,4571.23,0
2.19862,10.056,3.46366,-3.64798,0.0887154,4573.79,0
2.20511,10.1341,3.531,-3.51594,0.112372,4595.72,0
2.21162,9.99948,3.49587,-3.5716,0.0623964,4521.33,0
2.21814,10.0039,3.55998,-3.47695,0.061854,4510.05,0
2.22464,10.1352,3.66004,-3.40523,0.104527,4555.86,0
2.23115,10.1244,3.45111,-3.24251,0.0972391,4537.74,0
2.23765,10.2863,3.38481,-3.27789,0.148597,4596.92,0
2.24418,10.4051,3.28768,-3.58046,0.180697,4636.49,0
2.25069,10.4084,3.1584,-3.345,0.17211,4624.53,0
2.25721,10.5392,2.98929,-3.37263,0.207315,4669.14,0
2.26369,10.6706,2.86475,-3.25664,0.238737,4713.8,0
2.27023,10.4438,2.73824,-3.06724,0.149218,4600.32,0
2.27674,10.2834,2.64476,-3.03132,0.0887923,4516.7,0
2.28326,10.0803,2.7919,-2.91672,0.0165875,4414.86,0
2.28975,10.0408,2.86672,-2.804,0.00267443,4385.12,0
2.29627,10.0542,2.8017,-2.88161,0.00706502,4378.51,0
2.30273,10.1774,2.83879,-2.71898,0.0490189,4419.72,0
2.3093,10.2777,2.91656,-2.7425,0.0823187,4450.57,0
2.31579,10.1257,2.87311,-2.75932,0.0273458,4372.45,0
2.32228,10.1237,2.78719,-2.72946,0.0260817,4359.37,0
2.32878,10.2485,2.76498,-2.68712,0.0691055,4400.82,0
2.33533,10.3355,2.68283,-2.66749,0.0968277,4425.72,0
2.34183,10.4527,2.62791,-2.55175,0.133088,4463.47,0
2.34837,10.6576,2.4164,-2.44014,0.196699,4538.28,0
2.35483,10.7198,2.34978,-2.54161,0.207472,4552.24,0
2.36136,10.8569,2.30754,-2.63551,0.24233,4597.73,0
2.36784,10.927,2.2935,-2.28284,0.252811,4614.75,0
2.37436,10.9452,1.9377,-2.36448,0.244034,4609.73,0
2.38088,11.3776,1.90476,-2.33937,0.373183,4778.73,0
2.38737,11.2614,1.98988,-2.30593,0.306421,4717.09,0
2.39386,11.4236,2.23112,-2.06435,0.34053,4772.06,0
2.40036,11.426,2.10487,-2.25001,0.321248,4760.12,0
2.40685,11.3985,2.16924,-2.20142,0.2908,4735.85,0
2.41332,11.2456,2.40192,-2.29856,0.22144,4659.79,0
2.41983,11.3121,2.18552,-2.40406,0.2313,4674.74,0
2.42635,11.3157,2.21161,-2.41369,0.219569,4663.67,0
2.43287,11.5132,2.28667,-2.04076,0.274092,4732.34,0
2.43936,11.4757,2.06603,-2.221,0.241672,4704.37,0
2.44587,11.6736,2.17236,-2.34508,0.294018,4772.79,0
2.45234,11.5768,2.10362,-2.37344,0.239576,4720.72,0
2.45881,11.5185,1.94755,-2.26877,0.205278,4684.57,0
2.46532,11.4551,1.869,-2.11121,0.172993,4646.5,0
2.47183,11.5441,1.74287,-2.29654,0.19474,4670.28,0
2.47834,11.4218,1.76253,-2.40385,0.143484,4608.63,0
2.48482,11.5753,2.14541,-2.50002,0.189194,4658.4,0
2.49132,11.4106,2.0138,-2.48786,0.122753,4580.12,0
2.49778,11.2899,1.84497,-2.51904,0.0756409,4520,0
2.50431,11.3047,1.87148,-2.73925,0.0770768,4514.09,0
2.51084,11.6071,2.03722,-3.0722,0.176936,4622.8,0
2.51738,11.7397,2.15433,-3.10714,0.212407,4663.47,0
2.52388,11.7016,2.22925,-3.3618,0.186431,4636.35,0
2.53039,11.9057,1.98808,-3.19858,0.247248,4705.08,0
2.53686,11.8043,1.86965,-3.29692,0.195966,4653.14,0
2.54335,11.7363,1.89102,-3.48409,0.161126,4614.51,0
2.54986,11.7795,2.18597,-3.32283,0.167706,4619.65,0
2.55635,11.8081,1.91276,-3.49437,0.169297,4619.13,0
2.56291,11.5222,1.83322,-3.41555,0.0645243,4495.75,0
2.56943,11.4318,1.70067,-3.44531,0.0315794,4449.16,0
2.57599,11.3875,1.84111,-3.4114,0.0154664,4420.64,0
2.58256,11.4547,1.93633,-3.45948,0.038617,4435.39,0
2.58905,11.489,1.9907,-3.49242,0.0493493,4437.53,0
2.59554,11.4527,2.01363,-3.39782,0.0351538,4412.47,0
2.60203,11.6575,2.04756,-3.39369,0.104546,4480.15,0
2.60853,11.6965,2.05328,-3.45729,0.114149,4483.94,0
2.61502,11.7965,1.98591,-3.50791,0.141816,4511.06,0
2.62155,12.0998,1.98434,-3.0937,0.236664,4615.53,0
2.62803,12.0659,2.18997,-3.23614,0.21255,4591.23,0
2.63453,11.8062,1.91047,-3.17575,0.114983,4481.34,0
2.64106,11.9911,1.79651,-3.34338,0.173271,4540.26,0
2.64759,11.9251,1.74257,-3.22546,0.142832,4504.12,0
2.65414,11.7848,1.63234,-3.25837,0.0892608,4440.17,0
2.66066,11.8437,1.63172,-3.33776,0.104575,4451.42,0
2.66716,11.8397,1.53788,-3.33921,0.0990561,4439.07,0
2.67365,11.9932,1.39149,-3.26417,0.147772,4485.69,0
2.68019,12.198,1.64508,-3.08413,0.210587,4551.19,0
2.68669,12.1219,1.71187,-2.87391,0.173446,4511.83,0
2.69316,12.0525,1.80578,-2.74382,0.142136,4475.23,0
2.69963,11.8522,1.65509,-2.75728,0.0671763,4390.3,0
2.70614,11.946,1.55069,-2.74677,0.0970133,4414.42,0
2.71267,12.1661,1.75709,-2.79381,0.166568,4484.92,0
2.71916,12.0907,1.75982,-2.81593,0.133154,4446.48,0
2.72569,12.0627,1.56573,-2.87764,0.11609,4425.56,0
2.7322,12.1319,1.63848,-2.89169,0.134854,4440.35,0
2.73872,12.1752,1.64457,-2.80314,0.142752,4445.58,0
2.74525,12.1306,1.60535,-2.66685,0.122393,4418.74,0
2.75175,12.2632,1.56328,-2.46944,0.160027,4456.52,0
2.75822,12.2881,1.37041,-2.52411,0.159925,4455.1,0
2.76473,12.3349,1.36857,-2.72435,0.167835,4461.52,0
2.77121,12.4169,1.22172,-2.99962,0.186125,4480.69,0
2.77774,12.383,0.899119,-2.84979,0.163427,4457.95,0
2.78428,12.3352,1.04598,-2.90957,0.139334,4430.28,0
2.7908,12.3565,1.10653,-2.82365,0.14058,4427.58,0
2.7973,12.2909,1.04935,-2.46767,0.112848,4393.84,0
2.80378,12.316,1.21745,-2.46127,0.11749,4392.62,0
2.8103,12.3995,1.21572,-2.42763,0.140409,4412.15,0
2.81679,12.3744,1.34976,-2.37055,0.125119,4393.1,0
2.82327,12.222,1.35693,-2.46954,0.0686808,4329.02,0
2.82978,12.1316,1.48958,-2.42331,0.0355286,4287.1,0
2.83628,12.1534,1.4996,-2.45544,0.0426791,4284.97,0
2.84278,12.0871,1.49968,-2.36598,0.0188447,4251.86,0
2.84931,12.1898,1.49677,-2.36391,0.0541541,4278.14,0
2.85581,12.1127,1.55855,-2.32393,0.026515,4241.43,0
2.86235,12.106,1.53349,-2.41348,0.0235455,4229.38,0
2.86886,12.1564,1.51952,-2.31777,0.0407766,4237.36,0
2.87539,12.2375,1.55388,-2.29087,0.0681247,4255.94,0
2.88191,12.2257,1.81715,-2.25065,0.0614777,4242.24,0
2.88838,12.233,1.93682,-2.27481,0.0614736,4235.24,0
2.89491,12.2858,1.83255,-2.21226,0.0771193,4243.93,0
2.9014,12.2615,1.79535,-2.27583,0.0667706,4226.08,0
2.90788,12.2636,1.56056,-2.25204,0.0650423,4217.38,0
2.9144,12.1298,1.59091,-2.09858,0.0171749,4162.04,0
2.92091,12.205,1.63028,-2.12805,0.042443,4178.48,0
2.92737,12.2285,1.509,-2.09256,0.0495691,4177.31,0
2.93384,12.1014,1.53651,-2.14115,0.00476468,4124.77,0
2.94031,12.1951,1.50954,-2.11903,0.0366791,4147.56,0
2.94681,12.1788,1.63573,-2.14057,0.0305206,4132.86,0
2.95333,12.1918,1.68786,-2.13912,0.0347134,4128.17,0
2.95988,12.2174,1.77029,-2.11362,0.0427359,4127.65,0
2.96643,12.1838,1.865,-2.20938,0.0302567,4107.22,0
2.97297,12.2161,1.81504,-2.28208,0.0404793,4109.04,0
2.97946,12.4152,1.76757,-2.34204,0.10746,4166.93,0
2.98598,12.3887,1.73182,-2.29564,0.0938371,4148.94,0
2.9925,12.3102,1.77992,-2.05035,0.0636442,4113.66,0
2.99905,12.393,1.90577,-2.01869,0.0902778,4132.32,0
3.00554,12.2961,2.05033,-2.03366,0.053575,4091.16,0
3.0121,12.298,1.96593,-1.99007,0.0525587,4082.88,0
3.01859,12.4126,2.05161,-1.90566,0.0903091,4112.04,0
3.02506,12.678,2.05032,-1.84955,0.175824,4190.97,0
3.03154,12.7056,2.03051,-1.89453,0.175544,4191.13,0
3.03802,12.6564,1.92905,-1.78153,0.149477,4165.99,0
3.04456,12.4534,1.70988,-1.97478,0.0711731,4090.37,0
3.05107,12.4327,1.6451,-2.07957,0.0617551,4074.87,0
3.05762,12.3313,1.54303,-2.03378,0.0252413,4032.98,0
3.0641,12.4205,1.47391,-2.15139,0.0553107,4053.54,0
3.07061,12.4045,1.47252,-2.14728,0.0486122,4039.77,0
3.0771,12.4417,1.48462,-2.03013,0.0598662,4043.33,0
3.08363,12.457,1.41128,-1.8229,0.0621402,4039.72,0
3.09015,12.4801,1.50713,-1.83753,0.0681262,4038.68,0
3.09663,12.5132,1.68236,-1.81956,0.0774766,4040.91,0
3.10313,12.4645,1.77338,-1.90203,0.0583561,4016.73,0
3.10965,12.4822,1.85037,-1.99723,0.0629167,4014.03,0
3.11621,12.3494,1.72762,-1.95151,0.0152994,3962.94,0
3.1227,12.5425,1.66267,-1.95507,0.0817045,4016.55,0
3.12925,12.501,1.60302,-1.95068,0.0636846,3994.89,0
3.13576,12.5548,1.57482,-1.79614,0.0805249,4003.77,0
3.14224,12.6121,1.65991,-1.74486,0.0966945,4013.73,0
3.14875,12.577,1.51504,-1.5268,0.0796638,3994.28,0
3.1553,12.5685,1.43706,-1.48756,0.0735711,3983.29,0
3.16177,12.4858,1.29171,-1.64915,0.0433027,3948.98,0
3.16828,12.4621,1.35186,-1.68075,0.0346342,3933.41,0
3.17477,12.3894,1.31459,-1.6633,0.00886285,3902.46,0
3.18132,12.429,1.35642,-1.61409,0.0225164,3906.86,0
3.18782,12.4103,1.33019,-1.63338,0.0156749,3893.03,0
3.19433,12.4738,1.34901,-1.59,0.0376368,3904.98,0
3.20085,12.4453,1.28858,-1.56548,0.0266945,3888.11,0
3.20738,12.3907,1.32972,-1.39121,0.00651505,3863.18,0
3.21385,12.5853,1.23588,-1.47405,0.0733316,3915.95,0
3.22037,12.6615,1.21834,-1.40491,0.097019,3931.69,0
3.22691,12.5002,1.27592,-1.32948,0.0378002,3873.75,0
3.23339,12.606,1.22947,-1.41924,0.0730232,3898.7,0
3.23991,12.4986,1.30577,-1.41096,0.0336116,3857.68,0
3.24639,12.5551,1.3081,-1.30353,0.0526571,3867.42,0
3.25292,12.6307,1.21488,-1.27,0.0757467,3882.87,0
3.25944,12.6716,1.18599,-1.35888,0.0869,3887.66,0
3.26595,12.7682,1.22908,-1.45028,0.117047,3909.49,0
3.27245,12.9583,1.30935,-1.43739,0.176323,3959.81,0
3.27895,13.1434,1.23031,-1.42615,0.22987,4008.43,0
3.28549,13.0789,1.31246,-1.49223,0.196036,3980.8,0
3.292,12.9854,1.37244,-1.75024,0.155558,3944.53,0
3.29856,13.1456,1.4532,-1.88968,0.200472,3985.26,0
3.30502,12.989,1.47394,-2.00489,0.136086,3930.1,0
3.3115,12.7837,1.52213,-2.08595,0.0609754,3860.39,0
3.31803,12.7536,1.50542,-2.05683,0.0474276,3843.72,0
3.32453,12.9813,1.39247,-2.04106,0.123297,3904.7,0
3.33103,12.9952,1.24305,-1.79258,0.122366,3901.26,0
3.33753,13.1525,1.11325,-1.68178,0.169768,3940.79,0
3.34404,13.416,1.15676,-1.44122,0.248765,4011.9,0
3.35058,13.4631,1.43243,-1.38192,0.250282,4018.14,0
3.35712,13.3283,1.41572,-1.36731,0.190214,3970.15,0
3.36362,13.7572,1.62718,-1.21868,0.320955,4090.01,0
3.37009,13.8017,1.46523,-1.30817,0.308697,4095.36,0
3.37659,14.0636,1.17685,-1.16004,0.37413,4165.04,0
3.38308,14.3547,1.18303,-1.15548,0.444942,4243.08,0
3.38952,14.6,1.60852,-1.10365,0.489887,4307.39,0
3.39601,14.4348,1.89003,-1.26889,0.39409,4250.5,0
3.40251,14.4882,2.00167,-1.35202,0.38108,4258.09,0
3.40896,14.4748,2.08856,-1.25731,0.346577,4246.09,0
3.41543,14.5642,2.04308,-1.06275,0.353859,4264.23,0
3.42195,14.4397,1.83902,-0.828971,0.287102,4219.75,0
3.42847,14.28,1.65357,-1.13011,0.213769,4165.13,0
3.43503,14.3228,1.72522,-1.19023,0.215516,4169.62,0
3.44153,14.3157,1.83448,-1.14673,0.201907,4159.7,0
3.44803,14.4463,1.81018,-1.14011,0.234851,4189.71,0
3.45453,14.5031,1.73476,-1.07773,0.238159,4198.29,0
3.46105,14.4304,1.8338,-0.91175,0.19703,4169.39,0
3.46756,14.3532,1.89364,-0.787178,0.161233,4139.28,0
3.47405,14.4128,1.85869,-0.69185,0.174808,4148.72,0
3.48055,14.3239,1.83136,-0.621782,0.136743,4115.4,0
3.48707,14.2977,1.99508,-0.465706,0.122342,4100.21,0
3.49353,14.2826,1.97414,-0.678586,0.112284,4088.31,0
3.49998,14.4124,2.14114,-0.802428,0.150177,4117.85,0
3.50654,14.3371,2.28556,-0.699308,0.117701,4088.68,0
3.51302,14.2878,2.23938,-0.785028,0.0955986,4067.1,0
3.5195,14.3602,2.33256,-0.671843,0.11667,4080.18,0
3.526,14.5454,2.36502,-0.824586,0.172945,4125.19,0
3.53249,14.5082,2.4984,-0.866269,0.150115,4107.07,0
3.53902,14.4344,2.51439,-0.959031,0.117952,4078.64,0
3.54553,14.3313,2.57362,-0.951827,0.0762635,4042.08,0
3.55204,14.2906,2.47807,-0.983555,0.0592841,4023.19,0
3.55855,14.1498,2.45351,-0.920524,0.00912175,3976.28,0
3.56503,14.3881,2.44054,-0.999137,0.0901632,4035.91,0
3.57152,14.507,2.26664,-0.956156,0.126993,4061.85,0
3.57806,14.6049,2.13212,-0.96471,0.154658,4081.81,0
3.58457,14.5986,2.06386,-0.916943,0.144693,4072.61,0
3.59105,14.4803,2.14653,-0.741283,0.0982542,4032.34,0
3.59755,14.6634,2.14991,-0.834013,0.154995,4075.92,0
3.60404,14.4971,2.04341,-0.925194,0.0919271,4022.46,0
3.61056,14.6866,1.74176,-1.02709,0.152986,4067.67,0
3.61706,14.9825,1.87133,-0.8966,0.244777,4142.19,0
3.62353,15.1485,2.11891,-0.961666,0.285691,4180.58,0
3.63006,15.0738,2.34293,-1.41623,0.240216,4152.5,0
3.63658,15.4852,2.44286,-1.50593,0.362185,4258.17,0
3.6431,15.5421,2.72684,-1.38657,0.353428,4266.18,0
3.64962,15.6295,2.60499,-1.51115,0.358764,4282.51,0
3.65611,15.7957,2.55433,-1.4088,0.388137,4320.34,0
3.66267,15.6138,2.68573,-1.38544,0.299239,4262.96,0
3.66918,15.7971,2.7186,-1.40256,0.337951,4305.36,0
3.67574,15.8408,2.84108,-1.39749,0.327155,4309.55,0
3.68229,16.0357,2.49053,-1.37981,0.368168,4354.82,0
3.68877,15.8899,2.59623,-1.35811,0.29101,4307.65,0
3.6953,15.969,2.09391,-1.63653,0.299409,4321.43,0
3.70183,15.9072,2.19858,-1.50178,0.258124,4297.11,0
3.70836,15.8656,2.13443,-1.45485,0.227431,4278.34,0
3.71487,15.9097,2.10538,-1.48872,0.229212,4282.71,0
3.72139,16.0593,2.21394,-1.77152,0.266368,4315.41,0
3.72786,16.207,1.88829,-1.48811,0.300551,4347.53,0
3.73437,16.2101,1.88488,-1.61969,0.279252,4340.8,0
3.74086,16.1399,1.79781,-1.64991,0.238006,4314.49,0
3.74733,15.9255,1.65749,-1.82403,0.151864,4249.83,0
3.75383,15.6136,1.44963,-1.80412,0.0388363,4159.37,0
3.76031,15.6367,1.46995,-1.77483,0.0458982,4158.35,0
3.76682,15.5759,1.55934,-1.79834,0.0237946,4135.03,0
3.77333,15.8816,1.43721,-1.91413,0.127926,4208.9,0
3.77986,16.0229,1.47533,-1.7449,0.170081,4239.02,0
3.78637,16.0991,1.68673,-1.66559,0.18692,4251.85,0
3.79292,16.016,1.95937,-1.53916,0.148567,4222.6,0
3.79943,16.0457,2.11553,-1.5984,0.150426,4223.18,0
3.80593,15.8065,2.12345,-1.62005,0.0627695,4153.12,0
3.81244,15.705,2.11642,-1.71137,0.0266563,4119.4,0
3.81897,15.7083,2.17288,-1.76868,0.0275643,4113.23,0
3.82546,15.7623,2.16946,-1.8697,0.0458524,4120.36,0
3.83194,15.6522,2.16603,-1.82623,0.00694774,4084.67,0
3.83845,15.7311,2.23301,-1.78259,0.0342574,4098.31,0
3.84495,15.671,2.32941,-1.74354,0.0125597,4075.75,0
3.85145,15.7636,2.27836,-1.67599,0.0441805,4092.91,0
3.85796,15.7985,2.28873,-1.64242,0.0553105,4095.04,0
3.86444,15.7603,2.33869,-1.53235,0.0401163,4078.28,0
3.87096,15.7148,2.2095,-1.42924,0.0233656,4059.67,0
3.87738,15.6962,2.27437,-1.28293,0.016596,4048.15,0
3.88386,15.7465,2.31596,-1.21817,0.0337787,4054.36,0
3.89035,15.9695,2.39905,-1.0814,0.108417,4104.91,0
3.89689,16.0501,2.3574,-0.978263,0.130846,4118.7,0
3.9034,16.0518,2.46417,-0.84552,0.126548,4112.27,0
3.9099,16.0115,2.39163,-0.806547,0.106735,4095.11,0
3.91638,16.4785,2.57978,-0.890476,0.25962,4207.58,0
3.92287,16.4982,2.69802,-1.24782,0.249613,4205.64,0
3.92939,16.594,2.75218,-1.5418,0.266817,4223.04,0
3.93594,16.6331,2.76791,-1.26989,0.260858,4225.97,0
3.94242,16.7309,2.56351,-1.18417,0.277726,4243.8,0
3.94891,16.6525,2.44546,-0.966774,0.234276,4216.98,0
3.95542,16.6671,2.50889,-1.15157,0.225548,4213.74,0
3.96194,16.5899,2.77747,-1.2426,0.185739,4187.32,0
3.96843,16.7938,2.90729,-1.19782,0.24408,4231.86,0
3.97491,16.9917,2.92027,-1.19696,0.295433,4274.72,0
3.98139,16.7889,3.023,-1.1218,0.208893,4216.85,0
3.98788,16.7251,3.06073,-1.00687,0.174681,4193.97,0
3.99437,16.6873,2.82752,-1.28549,0.15142,4177.71,0
4.00087,16.4911,3.07243,-1.14227,0.0770263,4121.87,0
4.00736,16.4243,3.11864,-1.11801,0.0511048,4098.53,0
4.01388,16.3662,3.15986,-1.19071,0.0297938,4077.39,0
4.02037,16.3788,3.18775,-0.971792,0.0333588,4073.96,0
4.0269,16.4344,3.01442,-0.863096,0.0515966,4081.16,0
4.03342,16.2984,3.11559,-0.874205,0.00350641,4040.84,0
4.03988,16.3427,3.19959,-0.841214,0.0189001,4045.34,0
4.04637,16.443,3.08805,-0.779124,0.0529595,4063.64,0
4.05287,16.491,2.98347,-0.677842,0.0684713,4068.96,0
4.05939,16.4278,2.99941,-0.574406,0.045734,4046.87,0
4.0659,16.3561,3.05124,-0.518033,0.0197069,4022.75,0
4.0724,16.3105,3.13273,-0.521387,0.00354251,4005.13,0
4.07887,16.3494,3.08445,-0.580142,0.0166978,4008.32,0
4.08538,16.3298,2.96127,-0.573403,0.00961127,3997.14,0
4.0919,16.3555,2.96833,-0.655733,0.0184182,3997.04,0
4.09847,16.3352,3.0165,-0.580664,0.010781,3985.69,0
4.10497,16.3623,2.89865,-0.609405,0.0200147,3985.99,0
4.11144,16.4352,2.93617,-0.788555,0.0447884,3997.44,0
4.11797,16.6558,2.84786,-0.894494,0.119227,4044.65,0
4.12446,16.5535,2.78851,-0.956046,0.0787207,4013.49,0
4.13094,16.6017,2.82097,-0.851844,0.0919586,4018.87,0
4.13745,16.4969,2.77812,-0.806767,0.0517996,3987.22,0
4.14392,16.6925,2.92662,-0.79282,0.117513,4028.19,0
4.15039,16.7179,2.75956,-0.762884,0.120777,4028.03,0
4.15688,16.7801,2.6465,-0.810399,0.13487,4036.71,0
4.16339,16.4833,2.5207,-0.830002,0.0281436,3959.1,0
4.16986,16.4774,2.53188,-0.850404,0.025693,3951.55,0
4.17639,16.4944,2.66449,-0.924127,0.0307672,3949.44,0
4.18291,16.498,2.64431,-0.905483,0.0312446,3944.15,0
4.1894,16.4799,2.55017,-1.03156,0.0240547,3933.7,0
4.19593,16.4695,2.49747,-1.07003,0.0199183,3925.11,0
4.20242,16.5499,2.51174,-1.17622,0.0475351,3938.17,0
4.2089,16.5477,2.48903,-1.0707,0.0463364,3931.61,0
4.21542,16.6603,2.37189,-1.26761,0.0837982,3952.23,0
4.22193,16.6425,2.46348,-1.13867,0.0747494,3941.92,0
4.22848,17.0575,2.48585,-1.04459,0.213036,4033.97,0
4.23493,17.2532,2.43965,-0.966182,0.267908,4074.02,0
4.24144,17.1228,2.39485,-0.90418,0.203845,4037.03,0
4.24794,16.9984,2.39598,-0.716234,0.151137,4001.55,0
4.25448,16.8488,2.58614,-0.658694,0.0908075,3960.24,0
4.26098,16.9123,2.69806,-0.772832,0.109325,3969.11,0
4.26748,17.1429,2.70195,-0.710728,0.180876,4017.1,0
4.27402,17.1764,2.5073,-0.953616,0.183384,4018.79,0
4.28052,17.3015,2.35667,-0.940889,0.21452,4041.92,0
4.28701,17.1611,2.62743,-0.985915,0.15473,4003.05,0
4.29346,17.226,2.34654,-0.707418,0.168753,4012.14,0
4.29997,17.208,2.52892,-0.81539,0.153137,4001.9,0
4.30647,17.2574,2.60979,-0.860366,0.161786,4007.33,0
4.31298,17.26,2.73787,-0.696072,0.155048,4001.86,0
4.31947,17.2451,2.78987,-0.792408,0.142511,3992.4,0
4.32598,17.2639,2.76266,-0.676347,0.143891,3990.74,0
4.33246,17.4011,2.85261,-0.694666,0.183273,4016.44,0
4.33895,17.8241,2.83347,-0.540704,0.317875,4107.93,0
4.34545,17.6766,2.7817,-0.108442,0.247667,4067.83,0
4.35198,17.5259,2.99873,-0.191878,0.182602,4027.12,0
4.35851,17.4219,2.93116,-0.300756,0.136335,3997.21,0
4.36507,17.561,3.11604,-0.239069,0.178237,4023.08,0
4.37158,17.5832,3.42486,-0.192493,0.175603,4022.17,0
4.3781,17.6371,3.52847,-0.217703,0.184025,4028.47,0
4.38457,17.713,3.37993,-0.13116,0.198271,4039.85,0
4.39108,17.6968,3.52429,-0.160175,0.180423,4030.16,0
4.39758,17.6088,3.57997,-0.263721,0.143247,4004.21,0
4.40411,17.8233,3.55072,-0.407955,0.207484,4046.97,0
4.41064,17.7302,3.69579,-0.461993,0.165473,4019.88,0
4.41715,17.6283,3.63386,-0.305748,0.12145,3990.87,0
4.42361,17.8222,3.67259,-0.251957,0.182112,4028.88,0
4.4301,18.1437,3.78532,-0.230094,0.277912,4095.56,0
4.43664,18.1618,3.64087,-0.141508,0.266838,4093.59,0
4.44317,18.2935,3.8865,-0.353601,0.294825,4117.23,0
4.4497,18.3215,3.94839,-0.391095,0.284669,4117.48,0
4.45623,18.3423,3.99888,-0.397723,0.27339,4116.1,0
4.46273,18.0886,4.02426,-0.48615,0.170005,4053.27,0
4.46925,17.9973,4.06442,-0.584971,0.131259,4026.92,0
4.47575,18.0599,4.20893,-0.541738,0.146067,4035.06,0
4.48228,18.1237,4.08765,-0.458238,0.159978,4043.41,0
4.48879,18.1165,4.09242,-0.383388,0.148985,4035.95,0
4.49527,17.9664,3.98902,-0.271829,0.0906447,3996.75,0
4.50176,17.9278,4.05919,-0.195295,0.0734097,3982.39,0
4.50828,17.9467,4.07124,-0.156943,0.0772271,3980.83,0
4.51477,17.9021,4.18031,-0.16735,0.0599882,3965.22,0
4.52127,17.7732,4.136,-0.232502,0.0140822,3931.02,0
4.52778,17.7462,4.16492,-0.305291,0.00451032,3919.41,0
4.53425,17.8258,4.16122,-0.316654,0.032111,3931.37,0
4.54075,17.911,4.09413,-0.2909,0.0603967,3944.51,0
4.54728,18.0113,4.07959,-0.501819,0.0923638,3960.9,0
4.55378,18.1176,4.08199,-0.501852,0.124868,3978.59,0
4.56031,18.0886,4.02079,-0.514057,0.109781,3966.54,0
4.56685,18.2212,4.01356,-0.683396,0.150513,3989.88,0
4.5734,18.3965,4.01315,-0.644571,0.203032,4022.51,0
4.57996,18.8094,3.90798,-0.64197,0.327533,4106.89,0
4.5865,18.6579,3.87646,-0.851664,0.25539,4068,0
4.59296,18.6774,3.89698,-0.65962,0.244947,4066.53,0
4.59945,18.8718,3.83681,-0.758435,0.295609,4103.05,0
4.60594,18.8076,3.5849,-0.674953,0.250182,4083.34,0
4.61246,18.8343,3.34808,-0.519981,0.24194,4083.35,0
4.61897,18.8032,3.31764,-0.411771,0.218326,4070.87,0
4.62547,19.1241,3.10461,-0.343214,0.313341,4134.52,0
4.63197,19.3436,3.01823,-0.443621,0.365578,4176.1,0
4.63852,19.4187,3.26818,-0.389481,0.358299,4186.39,0
4.64503,19.7123,3.2595,-0.237931,0.426509,4243.74,0
4.65156,19.7324,3.18849,-0.471114,0.397283,4242.09,0
4.65806,20.0653,2.85968,-0.305086,0.475759,4307.65,0
4.66457,20.0132,2.75225,-0.418041,0.420382,4290.48,0
4.67107,20.0042,2.64259,-0.40205,0.384993,4282.58,0
4.67758,19.7876,2.41621,-0.629457,0.284898,4230.3,0
4.68408,19.7754,2.48764,-0.877565,0.264674,4221.83,0
4.69061,19.6762,2.54086,-0.52901,0.214393,4194.8,0
4.69715,19.5263,2.69143,-0.418466,0.151309,4157.05,0
4.70365,19.6105,2.60658,-0.461007,0.17222,4169.21,0
4.71012,19.7399,2.52443,-0.263978,0.208774,4190.95,0
4.71669,19.914,2.2425,-0.0605551,0.25536,4222.03,0
4.72316,19.9648,2.41634,-0.191921,0.25656,4227,0
4.72966,19.7497,2.33305,-0.0372819,0.167952,4175.71,0
4.73618,19.4855,2.30842,0.0846589,0.0705117,4114.18,0
4.74273,19.4057,2.38018,0.0591706,0.0394687,4091.67,0
4.74926,19.4374,2.58585,-0.00644347,0.0494977,4092.73,0
4.75579,19.525,2.52317,0.0282169,0.0780547,4105.53,0
4.76232,19.6167,2.65471,0.0512942,0.10626,4119.14,0
4.76883,19.5243,2.54616,-0.110869,0.0699247,4094.14,0
4.77535,19.5663,2.68281,-0.0442012,0.0816219,4097.35,0
4.78187,19.4236,2.61043,0.0906176,0.0303632,4061.92,0
4.78836,19.4765,2.55128,0.208474,0.0472611,4067.47,0
4.79488,19.4531,2.60336,0.266035,0.0381934,4057.05,0
4.80138,19.4409,2.49621,0.291039,0.0329657,4049.02,0
4.80789,19.4528,2.58893,0.306298,0.0362436,4046.02,0
4.81441,19.4775,2.6777,0.272589,0.0440677,4045.67,0
4.82088,19.6042,2.82489,0.228585,0.0857296,4066.52,0
4.82737,19.8143,2.7873,0.220938,0.1537,4104.58,0
4.83385,19.7999,2.78389,0.275579,0.141964,4096.1,0
4.84037,19.9302,2.68611,0.616333,0.179281,4117.51,0
4.84691,20.0194,2.58075,0.784911,0.198832,4130.34,0
4.85348,20.0548,2.52038,0.794063,0.200245,4132.05,0
4.86001,19.9774,2.5517,0.811816,0.16344,4110.57,0
4.86649,19.9017,2.56632,0.713626,0.128571,4089.53,0
4.873,19.9772,2.45383,0.747736,0.148149,4099.57,0
4.87951,19.937,2.42496,0.638847,0.129473,4085.85,0
4.88604,20.2265,2.4218,0.817961,0.221221,4139.66,0
4.89258,20.2051,2.47219,0.640665,0.198583,4129.75,0
4.89912,20.2713,2.4894,0.725046,0.209549,4137.74,0
4.90564,20.2447,2.70356,0.708001,0.187565,4126.82,0
4.9121,20.147,2.60897,0.535291,0.144769,4101.51,0
4.91859,19.9646,2.75942,0.591995,0.0764566,4059.02,0
4.92512,20.2346,2.7495,0.534874,0.164134,4108.45,0
4.93163,20.5134,2.6875,0.645726,0.246648,4159.55,0
4.93814,20.4426,2.74232,0.570626,0.209531,4139.73,0
4.94461,20.572,2.75338,0.508504,0.241494,4160.49,0
4.95113,20.3207,2.50259,0.491549,0.144615,4104.25,0
4.95761,20.3013,2.42833,0.277928,0.129835,4094.97,0
4.96409,20.4186,2.35248,0.0753974,0.164475,4113.25,0
4.97056,20.3539,2.37113,-0.175367,0.134164,4094.89,0
4.97706,20.3412,2.29675,-0.24253,0.122028,4086.98,0
4.98354,20.3799,2.25264,-0.377682,0.130103,4089.44,0
4.9901,20.469,2.07724,-0.278954,0.152335,4101.92,0
4.99658,20.6067,2.20999,-0.363603,0.193257,4124.17,0
5.00312,20.5179,2.22105,-0.315655,0.154788,4101.02,0
5.00965,20.5601,2.30419,-0.243519,0.161092,4104.1,0
5.01621,20.6954,2.42746,-0.263428,0.198767,4125.7,0
5.02271,20.8564,2.48516,0.120955,0.240358,4152.41,0
5.02922,20.9261,2.30206,0.244208,0.250049,4160.9,0
5.03574,20.6829,2.49096,0.201615,0.15404,4107.23,0
5.04221,20.7978,2.5347,0.235161,0.186018,4124.73,0
5.04874,20.91,2.64653,0.179276,0.214185,4141.62,0
5.05526,20.8115,2.83149,0.059187,0.168311,4116.8,0
5.06174,20.7967,2.78523,0.148487,0.153542,4108.61,0
5.06829,20.7502,2.68895,0.125393,0.131528,4094.12,0
5.07478,20.7207,2.67194,0.204156,0.116181,4083.07,0
5.08133,20.749,2.79001,0.14995,0.121378,4083.38,0
5.08779,20.6236,2.56237,0.228291,0.0731792,4053.54,0
5.09429,20.7545,2.50129,0.0400402,0.114692,4074.07,0
5.10077,20.9057,2.57838,0.0484387,0.160247,4098.53,0
5.10724,20.9291,2.50329,-0.00616771,0.161647,4097.92,0
5.11378,20.7807,2.40555,0.0805762,0.103369,4063.66,0
5.1203,20.7611,2.51389,0.190815,0.0913699,4054.67,0
5.1268,20.8507,2.58182,0.338254,0.119332,4067.01,0
5.13329,20.7326,2.64835,0.29965,0.0740652,4038.84,0
5.13982,20.7616,2.53876,0.405591,0.0818841,4039.37,0
5.14635,20.922,2.6711,0.426112,0.134673,4065.41,0
5.15286,20.9115,2.80913,0.42728,0.124424,4058.23,0
5.1594,21.0382,2.84508,0.436631,0.161664,4077.64,0
5.16593,21.0212,2.69183,0.466495,0.14636,4069.2,0
5.17243,20.9229,2.89293,0.476741,0.105775,4045.07,0
5.17892,20.9974,2.82438,0.498984,0.127478,4054.41,0
5.18541,21.0666,2.6679,0.469326,0.143714,4062.67,0
5.1919,21.1518,2.53755,0.618458,0.166021,4074,0
5.19843,21.189,2.38828,0.552749,0.170808,4076.03,0
5.20496,21.2224,2.38521,0.720764,0.173277,4077.34,0
5.21145,21.2278,2.37383,0.739688,0.166222,4073.29,0
5.21793,21.0598,2.28068,0.685169,0.101546,4036.04,0
5.2244,21.0809,2.35633,0.675737,0.105564,4035.09,0
5.23094,20.939,2.37921,0.724238,0.0526367,4002.92,0
5.23745,21.2138,2.33146,0.91558,0.144307,4050.4,0
5.24392,21.1132,2.37565,0.867507,0.102762,4026.22,0
5.25039,21.2002,2.28097,1.19658,0.128242,4037.83,0
5.25691,21.1054,2.21922,1.27503,0.0914297,4014.8,0
5.26342,21.0741,2.34579,1.2886,0.0774848,4003.87,0
5.26998,21.1461,2.13311,1.37801,0.0992669,4012.56,0
5.27646,21.4834,2.30005,1.34071,0.209023,4071.56,0
5.283,21.5638,2.28429,1.25048,0.226065,4081.73,0
5.28948,21.6822,2.48665,1.40122,0.24887,4099.12,0
5.29597,21.7948,2.40967,1.39804,0.268758,4115.34,0
5.3025,21.7956,2.58598,1.34828,0.249779,4110.44,0
5.30902,21.7062,2.88776,1.44714,0.2034,4088.55,0
5.31554,21.4789,2.88719,1.48666,0.113793,4040.78,0
5.32206,21.4288,2.8133,1.60861,0.0925993,4026.41,0
5.32857,21.4416,3.00549,1.40628,0.0930961,4023.89,0
5.33509,21.3538,2.95558,1.38869,0.0587479,4002.52,0
5.3416,21.3246,3.02796,1.65446,0.0471991,3992.17,0
5.34812,21.4438,2.93604,1.83001,0.0872763,4009.6,0
5.35464,21.424,3.05058,1.82093,0.0773662,4001.02,0
5.36117,21.4062,3.13887,2.02672,0.0676877,3992.82,0
5.36773,21.4748,3.04987,2.11556,0.0885764,4000.74,0
5.37425,21.5854,2.98959,2.03781,0.123815,4016.46,0
5.38078,21.7873,3.0304,1.89834,0.186246,4049.1,0
5.38732,22.0968,3.01645,1.72568,0.280604,4101.63,0
5.39389,22.0917,2.83153,1.67635,0.261074,4095.7,0
5.4004,22.5138,2.88985,1.73081,0.385387,4168.91,0
5.40687,22.4042,2.84585,1.61829,0.317328,4143.66,0
5.4134,22.3594,3.04201,1.83154,0.281951,4130.38,0
5.41992,22.2873,3.33248,1.72865,0.239691,4112.12,0
5.42643,22.2654,3.78336,1.78344,0.214961,4103.15,0
5.43295,22.2386,3.7668,1.7957,0.193872,4093.28,0
5.43945,22.5073,3.72676,2.05467,0.273425,4137.79,0
5.44596,22.7218,3.7307,1.86153,0.327166,4172.23,0
5.45246,22.6438,3.83594,1.72055,0.277388,4152.95,0
5.45895,22.823,3.69696,1.90369,0.318658,4180.84,0
5.46548,22.9012,3.8022,1.72356,0.322541,4190.16,0
5.47202,23.0261,3.7362,1.38111,0.338481,4207.97,0
5.47847,23.2016,3.6887,1.47543,0.371205,4235.05,0
5.48496,23.3919,3.58827,1.29054,0.403885,4264.74,0
5.49145,23.439,3.40064,1.3077,0.384791,4268.27,0
5.49787,23.3713,3.10147,1.34839,0.333552,4250.96,0
5.50441,23.1639,2.92955,1.35453,0.240912,4208.25,0
5.51088,23.3044,3.18141,1.28535,0.271758,4228.79,0
5.51738,23.3679,3.27406,1.45934,0.274302,4235.32,0
5.52391,23.4531,3.13073,1.55787,0.285796,4245.74,0
5.53043,23.823,2.97364,1.77729,0.391748,4307.63,0
5.53696,24.1633,2.79514,1.45822,0.471465,4364,0
5.54341,24.2769,2.5583,1.40127,0.471062,4379.42,0
5.54992,23.8745,2.3601,1.37695,0.299557,4301.78,0
5.5564,23.7409,2.48718,1.48586,0.233366,4272.71,0
5.56286,23.9008,2.34689,1.45034,0.271838,4296.49,0
5.56939,23.9705,2.24856,1.25433,0.275547,4303.97,0
5.57588,23.8565,2.12864,1.20078,0.219298,4278.51,0
5.58236,23.9591,2.00628,1.1201,0.240496,4291.92,0
5.58885,23.9506,2.05311,1.14264,0.220586,4285.43,0
5.59535,24.0296,2.00419,1.12624,0.232493,4294.56,0
5.60189,24.2715,1.74162,1.16029,0.301552,4332.72,0
5.6084,24.011,1.87636,1.0712,0.195223,4281.26,0
5.61495,23.9355,1.84585,1.22221,0.161879,4262.82,0
5.62145,23.8163,1.55254,1.29525,0.114058,4236.69,0
5.628,23.9059,1.52242,1.16065,0.140452,4247.66,0
5.63451,24.0474,1.43377,1.14424,0.181376,4267.87,0
5.64103,24.1005,1.45142,1.13178,0.188476,4272.36,0
5.64752,24.1683,1.60315,0.95935,0.200835,4279.46,0
5.65399,24.0959,1.61044,1.15999,0.164666,4261.76,0
5.66052,24.006,1.7292,1.00542,0.124514,4240.95,0
5.66704,23.8672,1.77368,0.947359,0.0724863,4211.58,0
5.6735,23.7655,1.83817,0.959196,0.0349294,4188.86,0
5.67999,23.7472,1.82902,0.951722,0.027969,4180.84,0
5.68647,23.7826,1.8292,1.04029,0.0393646,4182.31,0
5.69295,23.7186,1.89949,1.05514,0.0162623,4166.31,0
5.69942,23.7074,1.88434,0.938899,0.0120518,4159.62,0
5.70596,23.7378,1.86364,0.929231,0.0220106,4160.17,0
5.71247,23.7936,1.89326,0.891965,0.041038,4165.21,0
5.71892,24.0276,1.86686,0.916546,0.119855,4201.43,0
5.72543,23.7974,1.68922,1.00659,0.0369714,4156.44,0
5.73194,23.8161,1.75668,0.957322,0.0420593,4154.97,0
5.73842,23.8407,1.79162,0.909437,0.0488816,4154.58,0
5.74491,23.9646,1.81483,0.802709,0.0893433,4171.45,0
5.75142,23.9568,1.58236,0.711456,0.0826331,4165.37,0
5.75795,23.9517,1.48441,0.650173,0.0781177,4159.76,0
5.76443,24.117,1.44936,0.710281,0.13253,4183.76,0
5.77093,24.1888,1.3656,0.58762,0.150268,4191.49,0
5.77743,24.1589,1.36191,0.631487,0.131651,4181.6,0
5.78398,24.1839,1.22436,0.680097,0.134972,4181.18,0
5.79049,24.1401,1.28316,0.655854,0.114865,4168.92,0
5.79704,24.2261,1.21074,0.515451,0.139072,4179.04,0
5.80356,24.0003,1.10824,0.522511,0.0558548,4135.45,0
5.81011,24.0577,1.12336,0.676136,0.0733127,4140.66,0
5.81666,24.1273,1.19707,0.862574,0.0954098,4147.96,0
5.82316,24.47,1.10973,0.715267,0.208033,4202.18,0
5.82968,24.4548,1.14768,0.744602,0.192836,4194.87,0
5.83618,24.493,1.14158,0.916579,0.196268,4196.75,0
5.84271,24.4121,1.0103,0.63237,0.157032,4178.2,0
5.84924,24.4456,0.761543,0.560383,0.162115,4179.28,0
5.8557,24.5485,0.67981,0.651806,0.187726,4192.24,0
5.86223,24.7975,0.402514,0.552263,0.262128,4230.06,0
5.86868,24.912,0.484601,0.679927,0.284065,4244.9,0
5.87515,24.538,0.534942,0.607327,0.14111,4176.57,0
5.88162,24.2957,0.516991,0.510461,0.0526445,4130.78,0
5.88817,24.278,0.506586,0.382336,0.0450336,4123.17,0
5.89469,24.2977,0.450134,0.38455,0.0505765,4121.96,0
5.9012,24.3101,0.315105,0.34363,0.0530915,4119.52,0
5.9077,24.3571,0.421881,0.219514,0.0677225,4122.95,0
5.91422,24.6205,0.303859,0.34074,0.154604,4162.93,0
5.92073,24.6042,0.213857,0.230915,0.143393,4155.6,0
5.92725,24.5268,0.181189,0.220077,0.111076,4137.97,0
5.93377,24.6561,0.310686,0.307249,0.15114,4155.22,0
5.94022,24.6048,0.0850019,0.154809,0.125365,4142.06,0
5.94677,24.4256,0.0332137,0.23972,0.0589586,4107.37,0
5.9533,24.3141,-0.0929865,0.147295,0.0187857,4084.14,0
5.95978,24.3126,-0.0545578,0.112326,0.0176455,4079.44,0
5.96628,24.3143,-0.0352905,0.209646,0.0181011,4075.28,0
5.97281,24.4429,-0.108696,0.231332,0.0619903,4092.36,0
5.97933,24.3344,-0.0248015,0.348952,0.0229204,4069.76,0
5.98585,24.511,-0.0957758,0.324243,0.0832457,4094.83,0
5.99234,24.5541,-0.0384896,0.370063,0.0964091,4097.58,0
5.99884,24.6926,-0.280861,0.348144,0.138954,4116.23,0
6.00533,24.6149,-0.266101,0.165762,0.106525,4098.85,0
6.01182,24.6289,-0.264015,0.0532783,0.107205,4096.74,0
6.01837,24.4284,-0.499244,0.25015,0.0347717,4058.97,0
6.0249,24.4142,-0.498637,0.253121,0.0288695,4052.22,0
6.03143,24.3759,-0.407621,0.242726,0.0149894,4041.49,0
6.03791,24.4534,-0.478528,0.337254,0.0414115,4049.98,0
6.0444,24.4934,-0.561067,0.481181,0.0537039,4052.24,0
6.05091,24.434,-0.651848,0.453217,0.0317739,4038.06,0
6.05743,24.4173,-0.724811,0.39437,0.0255325,4030.97,0
6.06393,24.4191,-0.771166,0.307036,0.0253193,4026.94,0
6.07045,24.4599,-0.793074,0.217634,0.0390757,4029.34,0
6.07693,24.4313,-0.836731,0.0194941,0.028186,4020.34,0
6.08341,24.4938,-0.732884,0.106597,0.0490508,4026.33,0
6.08994,24.7832,-0.74199,-0.00938989,0.146226,4069.52,0
6.09647,24.67,-0.815354,-0.00188319,0.102186,4046.61,0
6.10299,24.7112,-0.643942,-0.0454515,0.111858,4049.03,0
6.10945,24.6517,-0.667887,-0.0191634,0.0876512,4035.02,0
6.11598,24.8134,-0.518912,0.00716078,0.139396,4057.14,0
6.12251,24.6394,-0.435175,-0.128079,0.0728869,4024.4,0
6.12903,24.7852,-0.46763,-0.0273389,0.119494,4043.91,0
6.13559,24.5793,-0.555899,-0.163861,0.0451268,4006.01,0
6.14214,24.5079,-0.346717,-0.0647136,0.0189147,3990.12,0
6.14862,24.5763,-0.374652,-0.192777,0.0414659,3997.04,0
6.15514,24.7175,-0.138255,-0.211004,0.0883036,4015.75,0
6.16164,24.7303,-0.300257,-0.394914,0.089113,4013.59,0
6.16813,24.9062,-0.164816,-0.293975,0.1445,4037.89,0
6.17462,24.9299,-0.141958,-0.172883,0.146559,4037.47,0
6.18116,24.9045,-0.0666807,-0.0685275,0.130274,4029.1,0
6.18767,24.849,0.229562,0.0438493,0.104608,4015.9,0
6.19419,24.9446,0.11053,0.105957,0.132004,4027.09,0
6.20067,24.9258,0.106322,0.00772164,0.120402,4019.86,0
6.2072,24.9346,0.0467862,-0.0357183,0.118034,4017.04,0
6.21368,25.0249,-0.0545293,0.035434,0.143105,4027.39,0
6.22021,24.93,-0.136257,-0.000157753,0.102451,4007.91,0
6.22671,24.8177,-0.390358,0.104805,0.060678,3985.69,0
6.23323,24.8351,-0.510372,0.0705336,0.0650438,3984.31,0
6.23975,24.6937,-0.422671,0.15943,0.014785,3957.48,0
6.24625,24.763,-0.510476,0.0983982,0.0387357,3964.46,0
6.25275,24.8739,-0.443877,0.175874,0.0759758,3978.07,0
6.25924,24.9682,-0.584675,0.254733,0.10464,3989.02,0
6.26575,24.9226,-0.639417,0.187993,0.0844518,3977.6,0
6.27229,25.1066,-0.739506,0.182239,0.14289,4002.78,0
6.2788,25.0383,-0.756851,0.238675,0.113134,3987.75,0
6.2853,25.1567,-0.514347,0.175046,0.148162,4002.47,0
6.29181,25.0448,-0.649017,0.120811,0.103541,3980.54,0
6.29835,25.1499,-0.910802,0.154516,0.134288,3993.1,0
6.30487,25.3456,-0.860458,0.0239739,0.193927,4020,0
6.31137,25.2874,-0.877937,-0.0490086,0.162863,4006.64,0
6.31792,25.1535,-0.672239,-0.290626,0.111518,3981.29,0
6.32442,25.0863,-0.444606,-0.292367,0.0842049,3966.57,0
6.33095,24.9437,-0.593115,-0.179824,0.032836,3939.97,0
6.33743,24.8762,-0.721977,-0.107924,0.00889037,3925.28,0
6.34394,24.9029,-0.672824,-0.293945,0.0177564,3925.46,0
6.35044,25.0054,-0.768489,-0.241958,0.0522997,3937.59,0
6.35697,25.023,-0.96021,-0.302151,0.0559531,3936.31,0
6.36352,24.9808,-0.933846,-0.344935,0.0399555,3925.62,0
6.37006,25.0709,-0.901071,-0.459675,0.0703066,3935.74,0
6.37658,24.998,-0.879347,-0.609898,0.0435171,3920.29,0
6.3831,24.9522,-0.839639,-0.413181,0.0265218,3909.1,0
6.38959,24.9344,-0.700467,-0.380122,0.0198052,3902.34,0
6.39611,24.9698,-0.659441,-0.43095,0.0317211,3903.91,0
6.40259,24.977,-0.663907,-0.556422,0.0328258,3901.07,0
6.40911,25.0807,-0.730063,-0.57482,0.0676429,3913.29,0
6.41562,25.2153,-0.805178,-0.58428,0.111285,3930.3,0
6.42211,25.0858,-0.860207,-0.644331,0.0622365,3906.17,0
6.42865,25.088,-0.956758,-0.544771,0.0606805,3902.53,0
6.43516,25.097,-1.01819,-0.758113,0.0612338,3899.98,0
6.44168,25.0762,-1.11753,-0.799221,0.0521121,3892.81,0
6.44821,25.0857,-1.02222,-0.821748,0.0540616,3890.34,0
6.45472,25.1712,-0.875753,-0.698187,0.0818381,3899.65,0
6.46117,25.0862,-0.949684,-0.853809,0.0500449,3882.6,0
6.46766,24.9775,-1.06344,-0.809528,0.0117106,3861.9,0
6.47415,25.1805,-1.13844,-0.78797,0.080987,3889.4,0
6.48065,25.1452,-1.01808,-1.02279,0.0661314,3880.04,0
6.48715,25.1378,-1.04204,-1.03481,0.061424,3875.02,0
6.49368,25.1756,-1.03286,-0.982528,0.0724928,3876.94,0
6.50022,25.2321,-1.15782,-0.991756,0.0902253,3881.73,0
6.50674,25.1796,-1.24702,-0.964755,0.0684659,3869.76,0
6.51324,25.2418,-1.35073,-1.03942,0.0874942,3875.46,0
6.51977,25.4118,-1.29723,-0.818921,0.142052,3897.66,0
6.52632,25.4311,-1.17359,-0.79161,0.139554,3896.69,0
6.53283,25.5877,-1.1467,-0.646029,0.185644,3916.78,0
6.53933,25.5404,-1.3524,-0.511737,0.159244,3905.66,0
6.54584,25.4956,-1.29412,-0.400677,0.135109,3894.93,0
6.55236,25.6878,-1.39032,-0.358635,0.194518,3920.38,0
6.55892,25.8899,-1.13358,-0.464812,0.253137,3947.27,0
6.56544,25.9763,-1.34392,-0.361655,0.269349,3956.52,0
6.57196,25.8305,-1.40211,-0.422969,0.203621,3930.41,0
6.57845,25.5658,-1.3229,-0.599753,0.103396,3886.29,0
6.58501,25.5406,-1.4233,-0.706934,0.0911565,3878.6,0
6.59151,25.4177,-1.42766,-0.469293,0.0453695,3856.13,0
6.59804,25.4197,-1.25796,-0.471226,0.0451655,3852.62,0
6.60459,25.4189,-1.18273,-0.420251,0.0437082,3848.67,0
6.61113,25.3753,-1.14234,-0.382016,0.0275326,3838.27,0
6.61766,25.5189,-1.11361,-0.518178,0.0759271,3856.18,0
6.62418,25.6177,-1.1147,-0.582659,0.10722,3867.3,0
6.63065,25.6896,-1.1457,-0.622962,0.126642,3874.37,0
6.63716,25.762,-1.07524,-0.691393,0.144006,3881.47,0
6.64366,25.8524,-1.03303,-0.747735,0.168371,3891.29,0
6.65016,25.7919,-0.926502,-0.69046,0.140064,3878.38,0
6.65667,25.8765,-1.14631,-0.651008,0.160733,3887.3,0
6.6632,25.8652,-1.16979,-0.92068,0.149364,3881.8,0
6.66967,25.7941,-1.12143,-0.792082,0.117609,3867.37,0
6.67615,25.9207,-1.21203,-0.77934,0.156042,3882.59,0
6.68265,25.9543,-1.17228,-0.698924,0.160207,3883.83,0
6.68918,26.1963,-1.10002,-0.563533,0.235679,3916.22,0
6.69569,26.3854,-0.993129,-0.778829,0.286389,3940.66,0
6.70222,26.3344,-1.24493,-0.647351,0.250366,3929.2,0
6.7087,26.425,-1.18797,-0.631274,0.266286,3938.92,0
6.71516,26.6087,-1.11049,-0.484335,0.308992,3962.48,0
6.72167,26.508,-1.23915,-0.321255,0.254943,3943.67,0
6.72817,26.7055,-1.30304,-0.480616,0.304308,3969.21,0
6.73467,26.8842,-1.1662,-0.161365,0.343745,3991.92,0
6.74114,26.8487,-1.26918,-0.385587,0.305635,3982.81,0
6.74768,26.8237,-1.25673,-0.170803,0.278237,3975.25,0
6.75418,27.0416,-1.23932,-0.151342,0.330127,4003.68,0
6.76073,27.0271,-1.04067,0.00776354,0.303343,3997.65,0
6.7672,27.1254,-1.28274,-0.00357146,0.313638,4008.36,0
6.77372,26.7073,-0.911301,0.11595,0.151619,3942.78,0
6.78024,27.0152,-0.965536,0.351123,0.247779,3984.41,0
6.78674,26.9636,-1.08645,0.344582,0.217552,3972.99,0
6.79323,26.8562,-1.26462,0.451807,0.16922,3953.38,0
6.79968,26.7444,-1.28032,0.478114,0.122214,3933.18,0
6.80617,26.8515,-1.25402,0.434825,0.151803,3945.17,0
6.81269,26.8264,-1.41525,0.331244,0.135686,3937.71,0
6.81924,26.8361,-1.36448,0.379757,0.130335,3935.35,0
6.82575,26.6404,-1.37674,0.463055,0.0577689,3902.93,0
6.83228,26.7236,-1.26826,0.478923,0.0832484,3911.38,0
6.83881,26.9878,-1.39987,0.273051,0.171814,3946.28,0
6.84534,27.1938,-1.47438,0.282469,0.232099,3972.6,0
6.85182,27.1976,-1.19693,0.2769,0.219753,3969.39,0
6.85836,27.3216,-1.10889,0.313005,0.248143,3983.69,0
6.86485,27.4633,-0.983387,0.145146,0.278475,4000.57,0
6.87138,27.3548,-1.1347,-0.0150233,0.223465,3980.98,0
6.87791,27.4573,-1.23318,-0.162142,0.245024,3992.1,0
6.8844,27.5811,-1.24896,-0.159526,0.271634,4006.32,0
6.89086,27.6499,-1.33683,-0.153391,0.274442,4012.55,0
6.89741,27.6993,-1.26771,-0.215682,0.269492,4015.89,0
6.90391,27.8721,-1.25137,0.160851,0.311093,4037.14,0
6.91041,27.6086,-1.2715,0.544307,0.203318,3995.23,0
6.91694,27.5403,-1.04556,0.709529,0.170478,3981.58,0
6.92346,27.7314,-1.12348,0.926354,0.226336,4005.43,0
6.92998,27.6224,-1.31781,1.03764,0.177642,3985.93,0
6.93651,27.3393,-1.41358,0.911177,0.0739566,3941.36,0
6.94302,27.4638,-1.41006,0.986649,0.113023,3955.59,0
6.94952,27.3458,-1.31331,1.06424,0.06878,3934.92,0
6.95603,27.2518,-1.40543,1.11067,0.0344336,3917.73,0
6.96252,27.3791,-1.35875,1.02927,0.0767191,3932.35,0
6.96903,27.3931,-1.32334,0.922653,0.0798478,3930.69,0
6.97559,27.529,-1.21642,1.07591,0.12317,3946.48,0
6.98206,27.7679,-1.35918,1.20345,0.197542,3977.03,0
6.9886,27.7038,-1.36081,1.10465,0.165482,3964.14,0
6.99511,27.6631,-1.48061,0.931542,0.142641,3954.64,0
7.00164,27.9974,-1.31701,1.25148,0.247424,3998.7,0
7.00813,28.0902,-1.3549,1.08812,0.266353,4008.23,0
7.01465,28.0201,-0.952944,0.942814,0.227127,3994.52,0
7.02113,27.9411,-1.00395,0.739555,0.189382,3979.57,0
7.02762,27.8528,-0.958982,0.959729,0.149402,3963.33,0
7.03417,27.7876,-0.830354,0.836148,0.120978,3950.37,0
7.04067,27.8895,-0.822363,0.711456,0.150216,3961.2,0
7.0472,27.7384,-0.841361,0.914121,0.0926914,3936.09,0
7.05372,27.7783,-1.00867,0.771317,0.102424,3938.11,0
7.06019,27.7192,-0.98622,0.901754,0.0784756,3926.13,0
7.06671,27.8103,-0.787736,0.88394,0.106516,3935.39,0
7.07322,27.9206,-0.942536,0.956427,0.139312,3947.36,0
7.07973,27.9718,-0.915829,1.04414,0.150669,3950.97,0
7.08622,27.9984,-0.906388,0.844055,0.152464,3951.1,0
7.09272,27.9132,-0.791875,0.912335,0.115872,3935.48,0
7.09921,27.6955,-0.790386,1.00779,0.0361206,3901.2,0
7.10569,27.8563,-0.756418,1.12328,0.0895324,3920.28,0
7.1122,27.8327,-0.605211,1.16901,0.0784801,3913.37,0
7.11872,27.7428,-0.676538,1.25402,0.0452787,3897.16,0
7.12525,27.7897,-0.510885,1.28722,0.0603976,3900.18,0
7.13175,27.7962,-0.602748,1.29948,0.0610113,3897.53,0
7.13824,27.7669,-0.650137,1.42568,0.0486922,3889.88,0
7.14471,27.7115,-0.562885,1.36422,0.0288934,3878.6,0
7.15123,27.7233,-0.506307,1.40358,0.0320319,3876.72,0
7.15775,27.7263,-0.427389,1.44369,0.0323059,3873.6,0
7.16425,27.7113,-0.310399,1.41452,0.0263941,3868,0
7.17071,27.8847,-0.191918,1.36155,0.0853859,3888.7,0
7.17721,27.8069,-0.0952801,1.14783,0.0556847,3874.33,0
7.18372,27.8567,-0.156666,1.09845,0.0720879,3877.76,0
7.19024,27.9205,0.0715177,1.06335,0.0899813,3883.11,0
7.19678,27.9345,0.0620343,1.00474,0.0920794,3881.53,0
7.20333,27.8958,-0.140381,1.02453,0.0757443,3872.63,0
7.20983,28.0355,-0.0817214,0.895073,0.119284,3888.51,0
7.21633,27.8557,-0.0585207,0.873805,0.0530428,3860.1,0
7.22284,27.983,0.129628,0.815324,0.0949727,3874.24,0
7.22936,28.0666,-0.0416967,0.808885,0.120009,3882.31,0
7.23589,28.0881,-0.289132,0.883991,0.121555,3881.78,0
7.24237,27.8401,-0.316842,0.865298,0.0322638,3844.06,0
7.24886,27.9505,-0.529535,0.884037,0.069962,3855.84,0
7.25534,27.9473,-0.509837,0.986338,0.0664749,3851.97,0
7.26186,28.1507,-0.710116,0.979338,0.133667,3876.52,0
7.26837,28.194,-0.528822,0.957045,0.140682,3879,0
7.27485,28.3072,-0.619131,1.25114,0.172311,3891.11,0
7.28138,28.1526,-0.926815,1.22403,0.111318,3866.38,0
7.28792,28.1798,-0.721351,1.18004,0.11486,3866.64,0
7.29443,28.4561,-0.738879,1.19549,0.20516,3901.08,0
7.30089,28.5316,-1.16664,1.19611,0.218202,3907.97,0
7.30738,28.5276,-1.10433,1.02155,0.201969,3903.94,0
7.31389,28.5429,-1.0832,0.957462,0.196295,3902.56,0
7.32039,28.465,-1.00097,1.24171,0.160162,3888.45,0
7.32691,28.4041,-0.848367,1.19079,0.131772,3876.69,0
7.33345,28.547,-0.713211,1.21638,0.173039,3892.71,0
7.3399,28.2871,-0.760215,1.05375,0.0756078,3853.88,0
7.3464,28.3075,-0.866919,1.09116,0.0799818,3853.25,0
7.35289,28.3888,-0.745671,0.930492,0.103735,3860.91,0
7.35939,28.5408,-0.83826,1.02747,0.151068,3878.14,0
7.36585,28.6179,-0.949321,0.97312,0.170353,3885.21,0
7.37237,28.4849,-0.699371,1.09181,0.115884,3863.73,0
7.37888,28.4456,-0.896842,0.958533,0.0978459,3855,0
7.38535,28.3782,-0.977165,0.85749,0.0710745,3842.5,0
7.39184,28.5345,-1.21956,0.937837,0.122221,3860.27,0
7.39837,28.5089,-1.18326,0.945943,0.108395,3853.41,0
7.40493,28.7679,-1.51562,0.957419,0.190328,3884.97,0
7.4114,28.5074,-1.73532,0.707673,0.092796,3846.42,0
7.41796,28.3925,-1.59429,0.738655,0.0493824,3827.53,0
7.42448,28.3787,-1.62738,0.65076,0.0431649,3822.32,0
7.43099,28.4924,-1.49515,0.682741,0.0796775,3834.26,0
7.43753,28.4101,-1.40564,0.697752,0.0485316,3819.83,0
7.44404,28.4124,-1.29457,0.751503,0.0481046,3816.81,0
7.4505,28.5571,-1.6105,0.631817,0.0953624,3832.91,0
7.45701,28.6,-1.40945,0.377934,0.106243,3835.32,0
7.46354,28.6529,-1.17884,0.269305,0.121129,3839.05,0
7.47001,28.6867,-1.18166,0.462997,0.126498,3840.25,0
7.47651,28.4722,-1.26684,0.557207,0.0479953,3808.22,0
7.483,28.3764,-1.18403,0.431464,0.0140956,3792.12,0
7.4895,28.4656,-1.2136,0.493454,0.0441328,3800.73,0
7.49599,28.5157,-1.05929,0.503504,0.0597678,3804.13,0
7.50246,28.5139,-1.10491,0.408971,0.0566842,3800.61,0
7.50896,28.4464,-1.12027,0.461241,0.0322526,3788.33,0
7.51547,28.456,-1.16974,0.461669,0.0347094,3786.33,0
7.52197,28.5326,-1.12818,0.408713,0.0589981,3793.23,0
7.52846,28.5314,-1.3517,0.616486,0.0563874,3789.8,0
7.53492,28.5871,-1.49058,0.645307,0.0741526,3793.96,0
7.54143,28.6324,-1.6449,0.545378,0.0872324,3796.68,0
7.54792,28.6274,-1.57874,0.355669,0.0822981,3792.75,0
7.5544,28.6807,-1.72093,0.471556,0.0969673,3796.56,0
7.56092,28.7482,-1.64783,0.533525,0.116736,3802.21,0
7.56742,28.7226,-1.62968,0.370333,0.103623,3795.56,0
7.57392,28.6169,-1.65066,0.259484,0.0641624,3778.35,0
7.58042,28.6259,-1.48828,0.281048,0.06575,3776.29,0
7.58693,28.6312,-1.52255,0.3719,0.0655771,3773.75,0
7.59343,28.6021,-1.30643,0.366359,0.0526293,3766.69,0
7.59995,28.6639,-1.30367,0.30017,0.0715195,3771.59,0
7.60646,28.7424,-1.24829,0.416399,0.0958588,3778.68,0
7.61296,28.9039,-1.22782,0.17313,0.146928,3796.68,0
7.61949,28.8566,-1.21447,0.323723,0.122014,3787.21,0
7.62601,28.9295,-1.01607,-0.0362826,0.141057,3793.53,0
7.6325,29.0125,-1.13534,-0.212537,0.162591,3801.18,0
7.63899,28.852,-1.29126,-0.137863,0.100294,3776.93,0
7.64554,28.9262,-0.944742,-0.19398,0.121429,3783.41,0
7.65201,28.914,-0.789102,-0.255203,0.111911,3778.62,0
7.65852,28.869,-0.771797,-0.421723,0.0923677,3769.53,0
7.66503,28.9615,-0.591754,-0.282334,0.119427,3778.4,0
7.67157,29.2231,-0.677593,-0.233274,0.202544,3809.28,0
7.6781,29.2586,-0.71471,-0.174767,0.203652,3810.66,0
7.6846,29.1618,-0.703444,0.0420152,0.159725,3794.83,0
7.69107,28.9543,-0.58406,0.285703,0.082944,3764.67,0
7.69756,28.8557,-0.537732,0.423197,0.0456514,3748.68,0
7.70406,28.9223,-0.404117,0.336168,0.066935,3754.16,0
7.71056,29.0316,-0.356579,0.50068,0.102874,3765.17,0
7.71707,29.0295,-0.524889,0.429481,0.0989555,3761.73,0
7.72362,28.9528,-0.609276,0.246468,0.0690288,3748.61,0
7.73014,28.8442,-0.518206,0.124117,0.0300524,3731.39,0
7.73664,28.7745,-0.627414,0.0169266,0.00441005,3719.25,0
7.74317,28.9482,-0.596462,0.0627593,0.0642983,3738.55,0
7.74971,28.989,-0.786994,0.00645242,0.0763318,3740.66,0
7.75617,29.0678,-0.787041,-0.0242082,0.0991633,3747.7,0
7.76269,28.9967,-0.701938,0.00852942,0.0709769,3735.4,0
7.76918,29.1217,-0.631302,0.0402273,0.11098,3748.36,0
7.77568,29.1566,-0.46963,-0.030677,0.118709,3749.72,0
7.78221,29.1462,-0.246014,-0.233049,0.109712,3745.23,0
7.78874,29.0408,-0.208442,-0.300731,0.0693737,3728.56,0
7.79522,29.0825,-0.0634656,-0.521177,0.080317,3730.81,0
7.80173,29.2124,-0.0730561,-0.467657,0.12144,3744.34,0
7.80825,29.2398,0.112795,-0.409546,0.125442,3744.73,0
7.81476,29.2305,0.0440567,-0.268736,0.115966,3740.42,0
7.8213,29.1641,-0.069095,-0.253736,0.0883128,3728.8,0
7.82783,29.2052,-0.16612,-0.142752,0.0988214,3730.94,0
7.83433,29.354,-0.212311,-0.0635223,0.144896,3746.84,0
7.84085,29.1268,-0.125903,-0.0237396,0.0595683,3714.75,0
7.84737,29.2775,0.140245,-0.00349328,0.109056,3730.87,0
7.85388,29.3235,-0.00504682,0.090857,0.12113,3733.63,0
7.86033,29.447,-0.126148,0.160064,0.156169,3746.28,0
7.86682,29.5036,-0.11838,0.120543,0.167512,3750.38,0
7.87339,29.4988,-0.265465,-0.0668039,0.155552,3746.64,0
7.8799,29.4336,-0.340858,0.180808,0.125905,3735.28,0
7.88638,29.2743,-0.330524,0.199632,0.0663885,3712,0
7.89287,29.2911,-0.310571,0.131222,0.0692743,3711.08,0
7.89937,29.3515,-0.233168,0.250247,0.0879584,3715.68,0
7.90587,29.2461,-0.288215,0.285479,0.0489876,3699.29,0
7.91234,29.3492,-0.227486,0.218378,0.0830045,3709.3,0
7.91884,29.4023,-0.329634,0.140327,0.096924,3712.95,0
7.92536,29.5296,-0.328278,-0.0674764,0.136819,3725.97,0
7.93181,29.3757,-0.238052,-0.0861783,0.0795189,3703.53,0
7.9383,29.2761,-0.169433,-0.231652,0.0423675,3687.95,0
7.94483,29.2671,-0.33001,-0.290755,0.0381311,3683.8,0
7.95132,29.3711,-0.394113,-0.283916,0.0724676,3693.87,0
7.95781,29.2197,-0.265787,-0.340393,0.0185108,3671.83,0
7.96433,29.2649,-0.195112,-0.375287,0.0337109,3674.49,0
7.97081,29.4332,-0.270812,-0.494025,0.0901235,3692.62,0
7.97728,29.6755,-0.365962,-0.335262,0.169484,3720,0
7.98376,29.632,-0.257725,-0.122739,0.146074,3711.54,0
7.9903,29.5413,-0.0430456,-0.144731,0.109151,3697.15,0
7.99683,29.3994,0.177365,-0.199199,0.0568357,3676.39,0
8.00334,29.6279,0.158043,-0.386652,0.133074,3701.94,0
8.00983,29.6223,-0.0367382,-0.427167,0.125015,3698.24,0
8.01634,29.8204,0.000777288,-0.263849,0.186412,3719.96,0
8.02285,30.1094,-0.00919646,-0.310686,0.274609,3752.96,0
8.02936,30.1932,-0.0172633,-0.359326,0.283857,3760.34,0
8.03583,30.2932,-0.183554,-0.339249,0.296626,3769.77,0
8.04231,30.2163,-0.210585,-0.190073,0.248809,3757.17,0
8.04885,30.209,-0.303898,-0.112529,0.228889,3753.21,0
8.05534,30.4662,-0.352255,-0.288286,0.302099,3782.11,0
8.06186,30.6856,-0.475065,-0.414088,0.353248,3806.27,0
8.06842,31.0641,-0.605818,-0.479402,0.452863,3850.08,0
8.07495,31.1886,-0.321008,-0.474848,0.451936,3862.38,0
8.08144,31.0199,-0.0535787,-0.418822,0.356222,3838.42,0
8.08799,30.986,-0.107688,-0.0994366,0.321699,3831.11,0
8.09447,31.0811,0.0190413,-0.1317,0.329337,3839.79,0
8.10098,30.9787,-0.0309887,-0.325897,0.273653,3824.07,0
8.10747,30.8325,-0.297989,-0.71568,0.204224,3802.97,0
8.11392,30.6416,-0.362302,-0.512813,0.12816,3776.43,0
8.12042,30.6968,-0.337386,-0.510677,0.140215,3780.19,0
8.12689,30.5563,-0.287259,-0.289981,0.0866323,3759.9,0
8.13337,30.5589,-0.223464,-0.205517,0.0844525,3757.23,0
8.13992,30.4925,-0.169924,-0.288012,0.0574554,3746.04,0
8.14645,30.3463,-0.241637,-0.229061,0.00501595,3725.1,0
8.15299,30.3403,-0.247661,-0.293514,0.00272337,3721.37,0
8.1595,30.3725,-0.234998,-0.28801,0.0138889,3722.35,0
8.16596,30.3579,-0.339632,-0.268549,0.0085174,3717.61,0
8.17251,30.3528,-0.331268,-0.275062,0.00664555,3714.01,0
8.17904,30.4467,-0.396742,-0.325931,0.0386172,3722.53,0
8.18553,30.4167,-0.389878,-0.253995,0.0272062,3715.91,0
8.19202,30.3874,-0.319489,-0.176269,0.0162991,3709.39,0
8.19852,30.521,-0.403815,-0.252384,0.0618619,3722.75,0
8.20503,30.5786,-0.546832,-0.213031,0.080355,3726.81,0
8.21153,30.4659,-0.408314,-0.16889,0.0389173,3710.13,0
8.21807,30.7605,-0.223774,-0.220878,0.138088,3743.03,0
8.22457,31.0959,-0.183246,0.136153,0.242881,3780.86,0
8.23109,30.9802,-0.349751,0.0166498,0.18816,3763.8,0
8.23762,30.8598,-0.403716,-0.0313275,0.138204,3746.21,0
8.24412,30.7644,-0.1807,-0.0969985,0.0998101,3731.68,0
8.25062,30.7562,-0.116408,0.192837,0.0923169,3727.75,0
8.25716,31.0256,-0.357308,0.00293371,0.17917,3757.42,0
8.26364,30.882,-0.287089,-0.0660711,0.120937,3737.09,0
8.27014,30.9128,-0.304148,-0.132548,0.125563,3737.89,0
8.27661,31.0073,-0.378412,-0.062291,0.152002,3746.38,0
8.28308,31.2919,-0.302194,-0.108289,0.238763,3777.81,0
8.28958,31.343,-0.110399,-0.129795,0.241839,3781.02,0
8.29606,31.4775,-0.114438,0.157613,0.270777,3794.27,0
8.30258,31.3755,0.222372,0.565747,0.218736,3779,0
8.30913,31.5853,0.227311,0.821308,0.277645,3801.28,0
8.3156,31.6763,0.072408,0.67265,0.290824,3809.27,0
8.32204,31.4451,0.0198195,0.621414,0.193487,3778.53,0
8.32859,31.2321,0.153218,0.673738,0.111898,3749.99,0
8.33513,31.4395,0.390239,0.778363,0.177893,3771.93,0
8.34165,31.4777,0.474995,0.742536,0.179428,3773.55,0
8.34815,31.3275,0.710671,0.651526,0.119856,3752.62,0
8.35465,31.4747,0.687578,0.720875,0.165229,3767.33,0
8.36114,31.568,0.471464,0.323619,0.189755,3775.56,0
8.36768,31.4837,0.731112,0.408594,0.149742,3762.54,0
8.37419,31.4934,0.695621,0.324146,0.145479,3760.77,0
8.38065,31.62,0.888611,0.20408,0.182372,3772.97,0
8.38718,31.7061,0.894969,-0.0622202,0.201962,3780.3,0
8.39366,31.5003,0.974499,0.0256479,0.121693,3752.86,0
8.40014,31.5365,0.850476,-0.247425,0.128421,3754.28,0
8.40669,31.5291,1.02275,-0.289582,0.120175,3750.48,0
8.41318,31.6332,1.18111,-0.355885,0.149741,3759.95,0
8.41969,31.394,1.35938,-0.49735,0.0613018,3728.65,0
8.4262,31.3815,1.33941,-0.554857,0.0555438,3724.27,0
8.43271,31.3068,1.26966,-0.684597,0.0274171,3712.54,0
8.43924,31.4314,1.31688,-0.575972,0.0696327,3724.44,0
8.44574,31.4315,1.24879,-0.61312,0.0674058,3721.58,0
8.45223,31.4203,1.29857,-0.760564,0.0612788,3717.4,0
8.45873,31.6873,1.45908,-0.763991,0.150367,3746.1,0
8.46528,31.7584,1.50229,-0.710139,0.167147,3751.61,0
8.47177,31.7065,1.55233,-0.665358,0.143325,3742.6,0
8.47827,31.6653,1.50757,-0.540962,0.123986,3734.88,0
8.48482,31.7226,1.33165,-0.667611,0.13817,3738.75,0
8.49127,31.9495,1.20792,-0.832563,0.208723,3762.63,0
8.49778,31.8089,1.42565,-0.795993,0.150949,3743.2,0
8.50427,31.7958,1.47732,-0.837338,0.137591,3738.81,0
8.51076,31.7673,1.65979,-0.9705,0.122149,3732.6,0
8.51726,31.8648,1.66439,-0.790025,0.151576,3741.21,0
8.5238,31.9568,1.92096,-1.03529,0.176377,3749.12,0
8.53029,31.9386,1.85246,-1.07384,0.161567,3744.14,0
8.53677,32.0873,1.73298,-0.983207,0.205203,3758.72,0
8.54324,32.0131,1.65292,-1.06756,0.167476,3747.19,0
8.54974,32.0111,1.63903,-1.10387,0.157657,3744.11,0
8.55627,31.8372,1.58076,-0.993677,0.0919681,3720.92,0
8.56274,31.8223,1.50367,-1.19069,0.0836266,3716.37,0
8.56926,32.0335,1.3682,-1.43222,0.151222,3738.19,0
8.57574,32.2254,1.32877,-1.61824,0.208959,3757.74,0
8.58224,32.1451,1.34269,-1.6809,0.169987,3745.54,0
8.58879,32.1286,1.36193,-2.03727,0.156346,3740.76,0
8.59532,32.4145,1.45738,-2.15954,0.244648,3771.18,0
8.6018,32.4843,1.68721,-2.24544,0.254001,3776.46,0
8.60832,32.3853,1.7948,-2.30766,0.202656,3762.1,0
8.61481,32.4597,1.68641,-2.30776,0.214832,3767.9,0
8.62127,32.5196,1.53478,-2.23474,0.221457,3772.02,0
8.62778,32.5799,1.46283,-2.20754,0.22937,3776.17,0
8.63432,32.6903,1.4211,-2.20239,0.254297,3786.09,0
8.64084,32.8796,1.32089,-2.29648,0.301312,3805.14,0
8.64738,32.9421,1.48003,-2.16411,0.297961,3809.49,0
8.65389,33.1502,1.59769,-2.13443,0.345442,3830.67,0
8.6604,33.5545,1.71295,-2.01616,0.455272,3874.48,0
8.66692,33.6898,1.52102,-1.89746,0.46386,3887.17,0
8.67344,33.8526,1.25766,-1.86634,0.476725,3903.02,0
8.67995,33.9689,1.35941,-1.7898,0.472732,3913.49,0
8.68648,33.9536,1.47726,-1.84921,0.428095,3908.78,0
8.69301,33.8561,1.63277,-1.67309,0.356911,3894.64,0
8.69955,34.0701,1.63923,-1.90795,0.401114,3916.3,0
8.70605,34.028,1.71571,-1.86747,0.356772,3908.55,0
8.71256,34.3741,1.68555,-1.85258,0.444321,3945.35,0
8.71907,34.2855,1.65477,-1.56703,0.383057,3932.24,0
8.72559,34.2771,1.94979,-1.45526,0.347213,3928.34,0
8.73207,34.2625,2.0181,-1.60113,0.319133,3923.75,0
8.73857,34.0686,1.85452,-1.67264,0.232534,3898.65,0
8.74503,34.0165,1.88292,-1.88116,0.199088,3889.81,0
8.75157,33.936,1.89151,-1.85637,0.162286,3877.7,0
8.75806,33.7824,1.95304,-1.88415,0.101236,3857.3,0
8.76456,33.8739,1.87912,-1.62948,0.126571,3864.87,0
8.77105,33.8358,1.86714,-1.53281,0.108958,3857.67,0
8.77756,33.8532,1.96094,-1.58276,0.110312,3856.79,0
8.7841,33.9531,1.87882,-1.28973,0.139556,3865.29,0
8.79065,34.0863,1.77666,-1.47115,0.177381,3877.57,0
8.79711,33.9467,1.8248,-1.34873,0.121276,3858.85,0
8.80361,33.9388,1.83861,-1.33593,0.11317,3855.1,0
8.81009,34.0297,1.90186,-1.4062,0.137022,3862.58,0
8.81658,34.2147,1.81299,-1.35612,0.192095,3880.73,0
8.8231,34.2338,1.89151,-1.50836,0.187333,3880.02,0
8.82963,33.957,1.72049,-1.58321,0.0841748,3845.8,0
8.83613,33.8141,1.66774,-1.76932,0.0319015,3826.8,0
8.84266,33.7918,1.60926,-1.71512,0.0233447,3821.45,0
8.84909,33.7985,1.63755,-1.63599,0.0253362,3819.43,0
8.85562,33.9199,1.56864,-1.4777,0.0659834,3830.33,0
8.86214,34.1674,1.46131,-1.55813,0.147343,3855.43,0
8.86865,34.2969,0.974229,-1.62065,0.184488,3867.21,0
8.87514,34.0359,0.667678,-1.57783,0.0869736,3834.97,0
8.88167,34.1489,0.711965,-1.60349,0.121822,3844.87,0
8.88817,34.2386,0.561148,-1.55197,0.145963,3852.15,0
8.89465,34.3254,0.635885,-1.54353,0.167627,3859.11,0
8.90113,34.1765,0.859459,-1.53878,0.109299,3839.56,0
8.90763,34.1741,0.853879,-1.55567,0.103369,3836.5,0
8.91414,34.0965,0.665532,-1.60025,0.0734315,3824.99,0
8.92063,33.9733,0.678009,-1.49787,0.0289054,3808.4,0
8.92713,34.0912,0.753689,-1.29668,0.0689418,3818.83,0
8.93361,34.1885,0.880574,-1.41393,0.100437,3826.95,0
8.94013,34.2269,0.894175,-1.38493,0.109085,3828.46,0
8.94666,34.1422,0.888977,-1.47478,0.0763927,3816.19,0
8.95317,34.2227,0.804622,-1.52734,0.101286,3822.42,0
8.95968,34.1432,0.858384,-1.517,0.0695107,3810.76,0
8.96617,33.9941,0.815933,-1.56139,0.0166443,3791.37,0
8.97266,34.2157,0.859653,-1.49931,0.0923779,3813.33,0
8.9792,34.1484,0.932306,-1.57804,0.0658987,3803.06,0
8.98572,34.2459,1.08381,-1.65901,0.0956894,3811.14,0
8.99226,34.2252,0.851759,-1.7295,0.0848603,3806.07,0
8.99878,34.1997,1.01214,-1.95971,0.0726584,3800.48,0
9.00527,34.049,0.980806,-1.98377,0.0194697,3781,0
9.01179,34.0617,1.06284,-1.9952,0.0233743,3779.68,0
9.01828,34.1239,0.903211,-2.04284,0.04434,3783.86,0
9.02479,34.3116,0.886037,-2.0488,0.106995,3801.93,0
9.03131,34.4514,0.900712,-1.95542,0.149905,3814.67,0
9.03783,34.4447,0.768258,-2.02729,0.139938,3811.17,0
9.04434,34.3809,0.964969,-2.10937,0.110682,3801.38,0
9.0508,34.4567,1.23752,-1.82215,0.133089,3807.03,0
9.0573,34.3844,1.27706,-1.8121,0.101817,3796.31,0
9.06377,34.3319,1.39002,-1.95018,0.0802111,3787.82,0
9.07023,34.2725,1.41012,-1.98623,0.0569385,3778.57,0
9.07673,34.254,1.33082,-2.06786,0.0492005,3773.82,0
9.08322,34.2577,1.18808,-2.16435,0.0488407,3771.54,0
9.08975,34.2759,1.23071,-2.21567,0.0534326,3770.83,0
9.09623,34.3217,1.1806,-2.15192,0.0669024,3773.18,0
9.10271,34.4675,1.244,-1.96153,0.114615,3786.5,0
9.10924,34.3113,1.40628,-2.15985,0.0574401,3766.64,0
9.11577,34.3863,1.40851,-1.96384,0.0816332,3772.17,0
9.12231,34.4611,1.44081,-1.88211,0.104561,3777.67,0
9.12881,34.3601,1.53601,-2.00973,0.0665462,3763.92,0
9.13531,34.3967,1.64372,-1.96345,0.076432,3765.24,0
9.14176,34.302,1.63051,-1.96662,0.04146,3752.24,0
9.14827,34.2259,1.77722,-2.02817,0.0144701,3741.25,0
9.15479,34.4086,1.69222,-2.02212,0.0767176,3758.54,0
9.16132,34.4385,1.54286,-2.1167,0.0846939,3759.12,0
9.16781,34.4942,1.50927,-2.2088,0.101509,3762.53,0
9.17428,34.2888,1.4919,-2.21207,0.0272107,3737.5,0
9.18079,34.3206,1.39165,-2.34093,0.0373749,3738.31,0
9.18728,34.4072,1.40632,-2.38894,0.0659872,3745.09,0
9.19377,34.6299,1.60953,-2.3135,0.139074,3766.67,0
9.2003,34.8032,1.41972,-2.60298,0.191857,3782.84,0
9.20683,35.0194,1.65182,-2.62605,0.255407,3803.64,0
9.21337,35.1452,1.92879,-2.50161,0.282383,3814.58,0
9.21991,34.9782,1.87661,-2.58391,0.209641,3793.77,0
9.22639,35.0098,1.86927,-2.52444,0.206369,3794.53,0
9.23292,34.873,1.91592,-2.57432,0.147077,3777.02,0
9.23945,34.7209,1.98192,-2.41126,0.090465,3757.9,0
9.24592,34.7397,2.01895,-2.26564,0.0928444,3757.3,0
9.25241,34.6323,1.94274,-2.34796,0.0526125,3743.06,0
9.2589,34.7897,1.98024,-2.3224,0.104948,3757.43,0
9.26543,34.8097,2.01955,-2.29104,0.107309,3756.95,0
9.27199,34.9077,1.99655,-2.24102,0.135169,3764.85,0
9.2785,35.0313,2.2946,-2.13637,0.171163,3775.53,0
9.28505,35.1529,2.05857,-2.1295,0.203234,3785.97,0
9.29157,35.0575,2.15874,-2.12142,0.16051,3773.04,0
9.29805,34.9404,2.30312,-2.32581,0.112259,3757.82,0
9.30456,34.9059,2.11504,-2.3929,0.0958192,3751.49,0
9.31107,35.0327,2.21029,-2.59437,0.133718,3762.48,0
9.31754,35.1301,2.50514,-2.73519,0.161072,3770.32,0
9.32404,34.9537,2.76877,-2.74066,0.0931138,3748.77,0
9.33053,35.0285,2.79916,-2.66442,0.114839,3754.18,0
9.33703,34.9342,2.83532,-2.60651,0.0789083,3741.46,0
9.34357,35.0022,2.84116,-2.61453,0.0993425,3746.12,0
9.35008,35.1086,2.86502,-2.66407,0.131913,3754.9,0
9.35663,34.942,3.01405,-2.65184,0.0697402,3734.47,0
9.36314,35.0877,2.94002,-2.71587,0.118104,3747.43,0
9.36967,35.0256,2.94015,-2.81183,0.0919882,3738.19,0
9.37619,35.1875,2.65295,-2.60018,0.144656,3752.86,0
9.3827,35.3675,2.62178,-2.56956,0.19864,3769.43,0
9.38922,35.3178,2.95563,-3.04064,0.170937,3761.52,0
9.39569,35.1741,2.88579,-3.29529,0.11414,3743.64,0
9.40223,35.1609,2.78683,-3.29591,0.104832,3739.63,0
9.40875,35.0374,2.6563,-3.41481,0.0569979,3723.91,0
9.41528,35.2003,2.4604,-3.28181,0.110579,3738.63,0
9.42178,35.2525,2.52674,-3.28303,0.12291,3741.59,0
9.4283,35.0995,2.51579,-3.29991,0.0654938,3722.78,0
9.4348,35.0151,2.63159,-3.11486,0.0338929,3711.27,0
9.44132,34.9322,2.67675,-3.06491,0.00445467,3699.93,0
9.44779,35.0396,2.68731,-3.08405,0.0414174,3708.76,0
9.4543,35.1263,2.68198,-2.95439,0.0707643,3715.38,0
9.46078,35.1999,2.87532,-2.77976,0.0926444,3720.62,0
9.46728,35.2184,2.78972,-2.64427,0.0955916,3720.02,0
9.47381,35.1367,2.91238,-2.56865,0.06462,3708.82,0
9.48028,35.0772,2.80194,-2.44398,0.0415701,3700.02,0
9.48681,35.0768,2.67454,-2.31386,0.0405321,3697.43,0
9.49326,35.166,2.81663,-2.39072,0.0701294,3704.31,0
9.49973,35.6305,2.88222,-2.34833,0.22495,3750.69,0
9.50624,35.6391,2.84336,-2.69428,0.213223,3749.02,0
9.51278,35.6807,2.64521,-2.80167,0.216582,3750.82,0
9.51931,35.7785,2.61395,-2.73675,0.23855,3758.52,0
9.52576,35.8872,2.52453,-2.68351,0.260169,3767.38,0
9.53224,35.7803,2.46684,-2.44286,0.207611,3753.61,0
9.53873,35.8615,2.58145,-2.31142,0.224343,3759.57,0
9.54524,35.7906,2.57767,-2.4866,0.188778,3749.57,0
9.55174,35.8467,2.8786,-2.60392,0.196865,3752.9,0
9.55825,35.7188,3.00267,-2.66083,0.14366,3736.96,0
9.56475,35.6851,3.00363,-2.69217,0.124405,3730.89,0
9.57126,35.8046,3.19652,-2.61031,0.159523,3740.85,0
9.57775,35.9364,3.25021,-2.49434,0.196189,3752.07,0
9.58426,35.8744,3.33265,-2.66511,0.163658,3743.06,0
9.59079,36.033,3.1792,-2.59274,0.208961,3757.04,0
9.5973,36.1772,2.85347,-2.62199,0.244947,3769.52,0
9.60375,36.0712,2.84452,-2.51255,0.199004,3755.95,0
9.61026,35.8978,2.90881,-2.41969,0.129354,3735.36,0
9.61676,36.0686,2.94052,-2.2478,0.181073,3750.59,0
9.62322,36.2976,2.96326,-2.12453,0.249573,3771.88,0
9.62973,36.116,2.88711,-2.18077,0.172449,3750.47,0
9.63621,36.0555,2.80244,-1.97391,0.142879,3741.67,0
9.64269,36.1585,2.86754,-1.96595,0.172513,3749.83,0
9.64918,36.4761,2.80301,-2.17095,0.270331,3780.22,0
9.65567,36.5064,2.91047,-2.07533,0.263863,3780.83,0
9.66222,36.4966,3.18177,-1.74703,0.243441,3777.25,0
9.66871,36.4328,3.37721,-1.71098,0.20457,3768.11,0
9.67522,36.388,3.46315,-1.72459,0.177898,3760.94,0
9.68175,36.666,3.51893,-1.60685,0.260079,3787.12,0
9.68825,36.482,3.36571,-1.69572,0.183095,3765.59,0
9.69473,36.4546,3.04331,-1.94289,0.162872,3760.24,0
9.70129,36.5123,2.98495,-2.00259,0.174375,3763.65,0
9.70782,36.3834,2.81905,-2.00629,0.12333,3747.85,0
9.71436,36.2598,2.85743,-2.22813,0.0750489,3732.59,0
9.72086,36.5804,2.81627,-2.16211,0.180614,3763.08,0
9.72735,36.4037,2.75738,-2.14912,0.111599,3742.41,0
9.73383,36.2536,2.8565,-2.1249,0.0544592,3724.5,0
9.74033,36.3108,2.91615,-2.21495,0.0727917,3727.88,0
9.74682,36.3153,2.82282,-2.03361,0.0720147,3725.86,0
9.75334,36.3218,2.90786,-2.02092,0.071219,3724.04,0
9.75986,36.3042,2.76725,-1.87456,0.0617988,3719.75,0
9.7664,36.1967,2.68423,-1.897,0.0229752,3706.25,0
9.77291,36.1863,2.62106,-1.7307,0.0187481,3702.71,0
9.77938,36.183,2.60077,-1.88447,0.0172715,3699.92,0
9.78585,36.1879,2.63223,-1.94298,0.0184251,3697.98,0
9.79237,36.1825,2.59787,-1.75766,0.0163529,3694.97,0
9.79886,36.295,2.3489,-1.75641,0.0541019,3704.01,0
9.80538,36.3513,2.48039,-1.78712,0.0714456,3707.28,0
9.81188,36.3919,2.53979,-1.59459,0.0825663,3708.96,0
9.81838,36.3231,2.54287,-1.53613,0.0561191,3699.5,0
9.82487,36.2327,2.737,-1.43865,0.0222786,3687.85,0
9.83141,36.4052,2.65168,-1.42127,0.0812882,3702.95,0
9.83789,36.4596,2.73431,-1.34182,0.0961002,3706.04,0
9.84443,36.5233,2.57105,-1.42196,0.114194,3710.05,0
9.85094,36.3146,2.50325,-1.37169,0.0383693,3686.41,0
9.85747,36.4401,2.56516,-1.38904,0.0804065,3696.7,0
9.86396,36.5553,2.55477,-1.18973,0.115886,3705.95,0
9.87046,36.5061,2.47194,-1.20053,0.094542,3698.52,0
9.87699,36.505,2.44406,-1.31175,0.0906251,3695.96,0
9.88352,36.448,2.61964,-1.45094,0.0677292,3687.75,0
9.89002,36.5259,2.55475,-1.4481,0.091782,3693.21,0
9.89656,36.4369,2.62506,-1.4567,0.0582106,3681.77,0
9.90306,36.4516,2.74288,-1.56136,0.0619672,3680.84,0
9.90962,36.5518,2.52604,-1.5407,0.0938232,3688.52,0
9.91609,36.555,2.37922,-1.65295,0.0919278,3686.43,0
9.92261,36.6252,2.23236,-1.78404,0.112472,3691.09,0
9.92905,36.7545,2.22087,-1.62834,0.150341,3701.71,0
9.93552,36.7622,2.19432,-1.66916,0.146839,3700.07,0
9.94208,37.0452,2.18259,-1.66643,0.236334,3726.1,0
9.94862,36.8848,2.39213,-1.7071,0.170615,3707.53,0
9.95516,36.7677,2.33362,-1.76622,0.121713,3693.33,0
9.96171,36.9948,2.3597,-1.6112,0.191834,3713.7,0
9.96822,37.0345,2.70814,-1.56265,0.193236,3715.26,0
9.97472,37.032,2.74428,-1.55809,0.18153,3712.58,0
9.98125,37.2107,3.18283,-1.60444,0.232142,3728.06,0
9.98776,36.9986,3.0429,-1.60528,0.147912,3704.4,0
9.99423,37.281,2.80098,-1.56991,0.234024,3730.25,0
10,37.0639,2.94824,-1.76409,0.149513,3706.39,0
