0.00650995,0.0396301,0.0224481,0.0138595,0.0136453,6087.62,0
0.0129708,0.104402,-0.0260141,-0.0485178,0.036049,8049.01,0
0.019506,0.0906297,0.0086334,0.0486447,0.0302756,4646.24,0
0.0259823,0.194424,-0.0488389,0.00190416,0.0647625,7482.94,0
0.0324789,0.407736,-0.152799,-0.0510923,0.135123,12553.9,0
0.0389867,0.433169,-0.257983,-0.156382,0.137043,11110.7,0
0.0454717,0.332521,-0.134281,0.140688,0.0971709,7312.71,0
0.0519486,0.514466,-0.194376,-0.0300745,0.153073,9903.36,0
0.0584318,0.525789,-0.322597,-0.0728882,0.147373,8998.35,0
0.064913,0.58931,-0.281089,-0.0368387,0.160299,9078.46,0
0.0714464,0.519087,-0.311571,-0.0229537,0.12903,7265.4,0
0.0779468,0.420292,-0.461181,0.0180674,0.0908631,5392.03,0
0.0844532,0.279897,-0.510141,0.0280693,0.0401536,3314.22,0
0.0909025,0.270382,-0.462514,0.186654,0.0354238,2974.42,0
0.0974019,0.29877,-0.39568,0.228399,0.0441278,3067.39,0
0.103885,0.205047,-0.188586,0.240983,0.0106391,1973.78,0
0.110397,0.290653,-0.333005,0.160108,0.0397326,2632.79,0
0.116908,0.418328,-0.486074,0.118246,0.0826376,3578.25,0
0.123362,0.545416,-0.44251,0.194447,0.123089,4421.25,0
0.129839,0.661129,-0.622218,0.260829,0.156958,5091.93,0
0.136321,0.82914,-0.678521,-0.000482223,0.20737,6082.28,0
0.14285,0.773687,-0.594098,0.0067267,0.175554,5416.08,0
0.149376,0.781223,-0.623547,-0.0784297,0.168775,5229.9,0
0.155895,0.778317,-0.492166,0.0326942,0.159277,4992.57,0
0.16242,0.992558,-0.440717,0.139522,0.223019,6111.05,0
0.168919,0.968967,-0.512758,0.152419,0.19977,5736.28,0
0.175426,0.784411,-0.444885,0.170932,0.12711,4471.46,0
0.181963,0.774601,-0.473594,0.0245053,0.118645,4256.92,0
0.18844,0.821041,-0.440456,0.00488507,0.129076,4357.05,0
0.19494,0.823608,-0.192774,-0.0964684,0.124809,4224.92,0
0.201469,0.729232,-0.322265,-0.0568383,0.0864719,3619.58,0
0.207968,0.842307,-0.396738,-0.322197,0.120774,4050.18,0
0.214467,0.783827,-0.360643,-0.447,0.0942518,3654.78,0
0.220961,0.84472,-0.326898,-0.512733,0.111166,3822.93,0
0.22751,0.756266,-0.564909,-0.715279,0.076044,3324.1,0
0.23401,0.89148,-0.680957,-0.66682,0.119919,3809.59,0
0.240546,0.798006,-0.707211,-0.926652,0.08302,3317.47,0
0.247081,0.647389,-0.763243,-1.01251,0.0286396,2620.14,0
0.253576,0.76628,-0.599208,-0.95993,0.0673511,3021.89,0
0.260084,0.788415,-0.49449,-0.944784,0.0720245,3031.39,0
0.266587,0.709758,-0.573376,-0.970733,0.0427861,2662.39,0
0.27308,0.62747,-0.670411,-0.853627,0.0130876,2297.75,0
0.279594,0.703834,-0.726876,-0.748467,0.0391505,2517.34,0
0.286106,0.609391,-0.703095,-0.73317,0.0057984,2129.95,0
0.292625,0.601291,-0.659967,-0.723882,0.00291127,2054.82,0
0.299116,0.737317,-0.624962,-0.80381,0.049789,2464.99,0
0.305597,0.649835,-0.580737,-0.779408,0.0179259,2126.44,0
0.312149,0.716462,-0.530509,-0.733059,0.0409855,2295.26,0
0.31865,0.778459,-0.643204,-0.611565,0.0612318,2442.99,0
0.325165,0.88468,-0.763854,-0.500487,0.0960823,2720.71,0
0.331683,0.920614,-0.681756,-0.552588,0.104512,2775.59,0
0.338147,0.701977,-0.520969,-0.639818,0.0263624,2075.95,0
0.344655,0.809801,-0.551938,-0.812503,0.0614578,2349.6,0
0.351163,0.923089,-0.509241,-0.706831,0.0975201,2628.66,0
0.357659,1.01009,-0.469898,-0.693864,0.123454,2824.19,0
0.364155,0.903362,-0.436221,-0.670018,0.0819878,2480.71,0
0.370658,1.06484,-0.23019,-0.696339,0.134314,2872.83,0
0.377178,0.885339,-0.176856,-0.821189,0.0670237,2347.27,0
0.383668,0.855859,-0.258607,-0.726947,0.0550807,2230.73,0
0.39019,0.922303,-0.382401,-0.68107,0.0755721,2363.73,0
0.396741,0.90264,-0.513873,-0.851395,0.0663854,2275.14,0
0.403246,1.01675,-0.634084,-0.93979,0.103644,2521.42,0
0.409755,0.95868,-0.534282,-0.919406,0.0803032,2339.64,0
0.416247,1.22603,-0.380034,-0.9302,0.167261,2945.43,0
0.422721,1.3255,-0.492104,-1.03982,0.19053,3135.65,0
0.429215,1.54893,-0.890596,-1.10806,0.254266,3608.76,0
0.435725,1.6744,-0.899427,-1.09479,0.280294,3842.79,0
0.442199,1.79506,-1.17715,-0.855184,0.29949,4059.39,0
0.448674,2.28155,-1.31522,-0.654563,0.443626,5085.1,0
0.455219,1.72844,-1.54097,-0.311572,0.228459,3796.94,0
0.461775,1.90262,-1.66289,-0.237048,0.27464,4120.24,0
0.468255,2.11405,-1.51062,-0.261272,0.326206,4514.74,0
0.474741,1.92379,-1.71488,-0.0681132,0.239105,4052.29,0
0.481167,1.73627,-1.64347,0.0910316,0.163099,3608.45,0
0.487697,1.78846,-1.68656,0.325864,0.172202,3667.15,0
0.494216,1.93148,-1.45083,0.384111,0.213178,3908.18,0
0.500757,2.18669,-1.68403,0.429425,0.284719,4366.76,0
0.507268,2.21662,-1.83803,0.358465,0.276688,4369.73,0
0.513762,2.29627,-1.72771,0.344767,0.285461,4469.53,0
0.520247,2.15142,-1.93631,0.380237,0.218174,4135.38,0
0.526741,2.03025,-1.67416,0.309359,0.165976,3854.36,0
0.533267,1.91049,-1.56084,0.267212,0.11708,3582.62,0
0.539757,1.93453,-1.74457,0.220577,0.120686,3584.07,0
0.546317,1.99658,-1.62,0.455999,0.136363,3654.62,0
0.552824,1.99892,-1.66312,0.581694,0.131417,3615.83,0
0.559372,1.75428,-1.61387,0.62307,0.043,3136.16,0
0.565848,1.72014,-1.71528,0.589134,0.030067,3039.94,0
0.572334,1.77361,-1.83515,0.512583,0.0474568,3098.9,0
0.578834,1.87474,-1.77847,0.496325,0.0808176,3238.82,0
0.585357,1.83741,-1.7935,0.301795,0.0643794,3138.96,0
0.591872,1.8532,-1.85787,0.272962,0.0677979,3131.08,0
0.598364,1.86755,-1.95845,0.18237,0.0703046,3121.1,0
0.604857,2.14934,-2.00844,0.26082,0.163783,3553.47,0
0.611407,2.2835,-1.89614,0.0868274,0.201476,3734.83,0
0.61787,2.20778,-1.80888,0.391052,0.164347,3573.21,0
0.624371,2.32127,-1.62687,0.171963,0.192541,3717.77,0
0.63088,2.20338,-1.70269,0.063939,0.142044,3492.55,0
0.637416,2.31242,-1.78836,0.0188042,0.173443,3627.81,0
0.643903,2.34029,-1.89866,0.0651477,0.172441,3634.54,0
0.650447,2.54667,-1.95042,0.0246498,0.233155,3915.27,0
0.656971,2.51362,-1.91596,0.0761784,0.205137,3826.08,0
0.663497,2.57581,-1.82932,0.182445,0.213491,3882.17,0
0.670056,2.69809,-1.73807,0.463075,0.240871,4026.66,0
0.676555,2.70182,-2.04009,0.615781,0.223736,3993.5,0
0.683042,2.88366,-1.94173,0.828512,0.272492,4221.79,0
0.689526,3.09762,-2.06378,0.709323,0.324138,4492.39,0
0.696004,2.84012,-2.09953,0.615617,0.214913,4080.61,0
0.702499,2.73153,-1.89067,0.823551,0.166052,3888.3,0
0.708981,2.61379,-1.93158,0.578004,0.118585,3686.68,0
0.715446,2.62884,-1.87153,0.59939,0.118117,3674.41,0
0.721927,3.03239,-1.84462,0.50373,0.249575,4200.41,0
0.728444,3.06338,-1.74198,0.617074,0.243485,4205.38,0
0.734919,3.39909,-1.86845,0.31578,0.336476,4625.13,0
0.741432,3.30665,-1.82582,0.528886,0.28217,4459.81,0
0.747941,3.30112,-2.17653,0.535633,0.262281,4413.61,0
0.754497,3.50102,-2.29986,0.441661,0.314802,4640.21,0
0.761045,3.67342,-2.61422,0.427968,0.349277,4826.81,0
0.767556,3.84426,-2.69855,0.556785,0.382639,5008.44,0
0.774061,3.89685,-2.97659,0.839524,0.370985,5034.29,0
0.78058,3.76099,-2.77782,0.891449,0.296184,4818.2,0
0.787062,3.99173,-2.52425,0.873658,0.354897,5071.68,0
0.793566,4.19714,-2.6069,0.568506,0.395625,5288.96,0
0.800079,4.27811,-2.16632,0.239425,0.393048,5347.11,0
0.806598,4.3888,-2.28046,0.346361,0.398693,5441.12,0
0.813102,4.3302,-2.27178,0.238579,0.347947,5325.53,0
0.819618,4.48673,-2.4912,0.189047,0.373308,5474.17,0
0.82608,4.20836,-2.62547,0.25339,0.254396,5094.37,0
0.832607,4.22866,-2.6064,0.18515,0.244956,5078.82,0
0.839105,4.21283,-2.55728,0.394867,0.225585,5020.63,0
0.845615,4.30387,-2.59332,0.400614,0.242408,5089.63,0
0.852126,4.45141,-2.69993,0.527343,0.278089,5223.89,0
0.858661,4.67092,-2.64841,0.351306,0.329472,5439.77,0
0.86515,4.58016,-2.63867,0.197309,0.275973,5294.06,0
0.871657,4.56846,-2.68667,0.0387249,0.254731,5241.12,0
0.878169,4.67006,-2.75501,0.0580027,0.268363,5317.95,0
0.884683,4.59175,-2.57987,0.0393475,0.22486,5190.28,0
0.891191,4.73146,-2.50991,-0.117374,0.258755,5309.14,0
0.897667,4.87385,-2.31014,-0.222533,0.289884,5429.46,0
0.904174,4.76511,-2.4057,0.0533398,0.233829,5270.12,0
0.910697,4.85247,-2.57133,0.0691201,0.24858,5328.3,0
0.917202,4.75302,-2.49905,0.119868,0.199229,5182.09,0
0.923722,4.662,-2.64663,-0.115127,0.157166,5046.97,0
0.930254,4.59119,-2.69439,0.058219,0.124565,4935.41,0
0.936816,4.69092,-2.59845,-0.12672,0.152615,5007.3,0
0.943342,4.53597,-2.58193,0.0231157,0.0925753,4808.4,0
0.949868,4.49232,-2.52588,-0.159649,0.0742205,4729.42,0
0.956335,4.5181,-2.41792,-0.204382,0.0808075,4724.39,0
0.96282,4.37563,-2.4027,-0.295572,0.0291423,4544.6,0
0.969317,4.33135,-2.399,-0.268048,0.013294,4468.45,0
0.975818,4.37365,-2.55339,-0.225788,0.0275363,4482.04,0
0.982297,4.48997,-2.61653,-0.284908,0.0674242,4570.88,0
0.988794,4.43905,-2.51948,-0.201479,0.0479551,4489.36,0
0.995339,4.36015,-2.48266,-0.245109,0.0196972,4380.56,0
1.00187,4.44717,-2.635,-0.203488,0.0492383,4438.87,0
1.00837,4.55332,-2.69664,-0.0110669,0.08412,4515.52,0
1.01486,4.65278,-2.66046,0.200274,0.113854,4584.65,0
1.02137,4.59742,-2.72291,0.161016,0.0911244,4501.21,0
1.02787,4.61056,-2.58703,0.247798,0.0918021,4485.56,0
1.03438,4.53536,-2.66679,0.222423,0.0621845,4384.64,0
1.04087,4.644,-2.65427,0.390597,0.0970744,4461.64,0
1.04736,4.78411,-2.48052,0.191021,0.140331,4567.79,0
1.05385,4.9989,-2.32219,0.107636,0.205291,4743.45,0
1.06037,5.31456,-2.20774,0.256087,0.300124,5011.98,0
1.06689,5.58592,-2.22777,0.0676143,0.368619,5235.69,0
1.07344,5.67871,-2.36174,0.0152106,0.375663,5290.19,0
1.07996,5.9946,-2.63783,-0.100601,0.448458,5550.78,0
1.08647,6.34677,-2.57313,0.121621,0.528029,5841.65,0
1.09299,6.21591,-2.61098,0.086277,0.438447,5687.09,0
1.09951,6.14639,-2.55095,0.211314,0.380112,5590.1,0
1.10601,5.99395,-2.6928,0.353948,0.301812,5419.44,0
1.11249,6.06828,-2.64484,0.330113,0.308199,5454.68,0
1.11905,6.3041,-2.43716,0.447045,0.364578,5633.42,0
1.12552,6.19852,-2.28517,0.458785,0.3029,5507.25,0
1.13204,6.03671,-2.39508,0.356943,0.226987,5332.58,0
1.13854,6.00784,-2.46851,0.188838,0.202961,5276.78,0
1.14508,5.81443,-2.39289,0.205792,0.127882,5077.75,0
1.15155,5.81791,-2.20023,0.335833,0.122983,5052.25,0
1.15803,5.84855,-2.33503,0.188188,0.128717,5050.41,0
1.16457,5.83312,-2.20184,0.276039,0.11745,5008.82,0
1.17111,5.77587,-2.31025,0.319669,0.0928453,4931.98,0
1.17761,5.77693,-2.39571,0.158586,0.0903808,4905.66,0
1.18415,5.9072,-2.45182,0.0914978,0.1319,4988.58,0
1.19066,6.21589,-2.75644,0.245893,0.229818,5220.54,0
1.19714,6.25187,-2.64096,0.148918,0.22698,5222.32,0
1.20366,6.3866,-2.54282,-0.0223498,0.257995,5306,0
1.21015,6.26089,-2.5532,-0.236621,0.199243,5173.66,0
1.21662,6.13185,-2.27306,-0.454905,0.144476,5040.08,0
1.22312,6.29378,-2.41709,-0.457204,0.191143,5145.68,0
1.22963,6.36846,-2.37768,-0.635725,0.206204,5179.16,0
1.23613,6.39053,-2.14079,-0.828999,0.20235,5169.8,0
1.24265,6.52932,-1.88145,-0.799299,0.239559,5254.35,0
1.24919,6.36718,-1.62992,-0.419002,0.171127,5097.06,0
1.25568,6.47963,-1.65343,-0.249981,0.200083,5160.25,0
1.26217,6.56726,-1.7544,-0.108404,0.219385,5203.16,0
1.26869,6.34799,-1.91639,-0.0326668,0.130187,5003.58,0
1.27523,6.30973,-1.78548,0.0915011,0.109455,4947.92,0
1.28173,6.14873,-1.7452,0.168883,0.050593,4797.23,0
1.28826,6.14387,-1.62014,0.269887,0.047731,4769.1,0
1.29477,6.22804,-1.66548,0.46561,0.0754102,4810.15,0
1.30132,6.34644,-1.7162,0.624443,0.114314,4876.93,0
1.30782,6.45173,-1.7246,0.830885,0.144011,4933.21,0
1.31433,6.40663,-1.67321,0.846028,0.123385,4874.44,0
1.32082,6.17928,-1.63997,0.96308,0.0409624,4678.37,0
1.32736,6.12029,-1.63498,1.05812,0.0201477,4610.86,0
1.3339,6.13609,-1.55173,1.11393,0.0251577,4600.12,0
1.34036,6.18858,-1.58318,1.12935,0.0423743,4617.1,0
1.34687,6.27051,-1.60912,1.20952,0.0693422,4655.61,0
1.3534,6.48385,-1.57469,1.15123,0.140801,4790.78,0
1.35989,6.35793,-1.54703,1.21607,0.0916687,4675.33,0
1.36646,6.45186,-1.34213,1.22636,0.12007,4721.59,0
1.37296,6.42222,-1.60649,1.29924,0.104378,4677.63,0
1.37951,6.51104,-1.70807,1.39569,0.130328,4719.82,0
1.38602,6.31261,-1.79781,1.20776,0.0575791,4554.49,0
1.39255,6.26716,-1.75156,1.23529,0.0406699,4500.49,0
1.39904,6.39582,-1.70777,1.24946,0.0838674,4571.58,0
1.40554,6.40049,-1.42449,1.3288,0.0811299,4553.77,0
1.41204,6.57992,-1.41024,1.29413,0.140473,4659.88,0
1.41858,6.69757,-1.48436,1.19664,0.172133,4721.32,0
1.42509,6.6236,-1.50571,1.2403,0.139944,4647.86,0
1.43161,6.9146,-1.45111,1.34084,0.231917,4829.96,0
1.4381,7.20129,-1.2945,1.23268,0.312258,5007.48,0
1.44463,7.42971,-0.798349,1.23136,0.368149,5142.98,0
1.45117,7.48248,-0.501979,1.33275,0.355983,5156.16,0
1.45773,7.47676,-0.617051,1.12437,0.328807,5129.02,0
1.46422,7.57014,-0.637322,1.28012,0.339464,5170.07,0
1.47072,7.54158,-0.59625,1.41109,0.304208,5127.83,0
1.4772,7.62851,-0.46049,1.57717,0.312917,5164.18,0
1.48373,7.5468,-0.605505,1.63112,0.266981,5086.38,0
1.49026,7.8753,-0.733261,1.92204,0.359313,5284.53,0
1.49673,7.62243,-0.581716,1.57269,0.246642,5092.72,0
1.50322,7.47946,-0.660989,1.38978,0.182537,4975.63,0
1.5097,7.44733,-0.468813,1.52561,0.161915,4932.99,0
1.51621,7.48757,-0.419057,1.3229,0.167261,4938.35,0
1.52269,7.61175,-0.362811,1.37127,0.199515,4998.87,0
1.52919,7.77008,-0.363099,1.54292,0.243262,5081.17,0
1.53568,7.85243,-0.236596,1.61983,0.256932,5113.32,0
1.54217,8.1123,-0.397273,1.64146,0.327372,5260.31,0
1.5487,8.14187,-0.292467,1.58315,0.315946,5257.21,0
1.5552,8.05298,-0.185026,1.76437,0.261669,5178.1,0
1.56171,7.78966,-0.0906386,1.83873,0.157792,4987.91,0
1.56823,7.85027,0.0250831,1.76164,0.171505,5005.83,0
1.57472,7.99983,0.101972,1.654,0.210581,5080.17,0
1.58124,8.17292,-0.0649422,1.57427,0.258217,5168.66,0
1.58774,8.18255,-0.13147,1.63694,0.246758,5153.58,0
1.59426,8.31559,-0.334924,1.86472,0.274485,5215.97,0
1.60076,8.26856,-0.319881,2.06096,0.241262,5165.38,0
1.60731,8.24624,-0.348551,1.9643,0.220255,5130.46,0
1.6138,8.43994,-0.141076,2.0456,0.272732,5229.86,0
1.62031,8.54332,0.0598251,2.18919,0.291603,5272.64,0
1.62683,8.20074,0.418634,1.86069,0.158991,5040.94,0
1.6333,8.15411,0.562708,1.88651,0.134498,4992.43,0
1.63982,8.29587,0.509198,1.70346,0.176607,5059.02,0
1.64633,8.22077,0.329985,1.63475,0.142908,4993.41,0
1.65284,8.33415,0.582815,1.40586,0.174248,5042.33,0
1.65936,8.34039,0.510777,1.25267,0.168417,5026.26,0
1.66586,8.38979,0.609228,0.991058,0.175678,5036.32,0
1.67234,8.33083,0.323261,0.928933,0.145314,4981.55,0
1.6789,8.35848,0.21115,0.780494,0.149403,4978.56,0
1.68543,8.2781,0.314054,0.589774,0.114655,4911.56,0
1.69192,8.21592,0.512758,0.563965,0.0889601,4855.97,0
1.69843,8.27875,0.437187,0.553615,0.107639,4874.34,0
1.70495,8.33573,0.472748,0.381516,0.12291,4889.12,0
1.71145,8.2857,0.52121,0.543469,0.100056,4841.34,0
1.71794,8.10547,0.456541,0.748642,0.0344332,4718.12,0
1.72446,8.27923,0.455432,0.780706,0.0928576,4801.05,0
1.73099,8.14474,0.359371,0.815792,0.0429404,4705.25,0
1.73749,8.11333,0.41239,0.806794,0.0303425,4669.58,0
1.74405,8.05894,0.445053,0.854832,0.0110116,4620.81,0
1.75056,8.1442,0.493783,0.841267,0.0405442,4652.34,0
1.7571,8.18029,0.468435,0.787725,0.0520856,4655.57,0
1.76359,8.13634,0.550834,0.679019,0.0353182,4613.5,0
1.77009,8.15891,0.553911,0.711109,0.0416703,4609.31,0
1.77664,8.20376,0.502401,0.694138,0.0560045,4617.57,0
1.78315,8.23814,0.580804,0.664602,0.066868,4620,0
1.7897,8.19077,0.598875,0.564921,0.0486821,4576.62,0
1.79622,8.30733,0.679705,0.627051,0.0870617,4624.89,0
1.80272,8.45243,0.701174,0.748938,0.133711,4688.71,0
1.80921,8.46054,0.647292,0.715854,0.130685,4676.38,0
1.8157,8.38345,0.518858,0.54748,0.0993617,4617.21,0
1.82216,8.4232,0.737519,0.524164,0.109393,4622.65,0
1.82862,8.44557,0.670545,0.546332,0.111203,4618.55,0
1.83511,8.37974,0.721812,0.689391,0.08527,4566.33,0
1.84165,8.63211,0.573924,0.716209,0.167145,4687.17,0
1.84819,8.56075,0.534861,0.758238,0.134702,4631.97,0
1.85466,8.82858,0.266656,0.601676,0.21948,4760.22,0
1.86115,8.8149,0.346987,0.438447,0.203001,4736.26,0
1.86763,8.91339,0.396472,0.628457,0.224751,4772.58,0
1.87419,9.0913,0.197626,0.422118,0.269743,4850.79,0
1.8807,9.29361,0.32851,0.585846,0.320081,4941.57,0
1.88723,9.37565,0.593366,0.270749,0.325486,4967.95,0
1.89374,9.57051,0.576648,0.377548,0.368294,5053.77,0
1.90027,9.65417,0.810177,0.246505,0.368472,5080.41,0
1.90678,9.56953,0.850007,0.103643,0.315513,5018.69,0
1.91329,9.64657,0.979012,0.129616,0.320301,5041.88,0
1.9198,9.57149,1.13846,0.274167,0.269961,4985.67,0
1.9263,9.58225,1.26449,0.349316,0.260157,4974.44,0
1.93276,9.66755,1.02691,0.202485,0.273222,5001.95,0
1.93925,9.79357,1.21481,0.158954,0.296613,5050.18,0
1.94569,9.86412,1.15808,0.300196,0.300863,5069.72,0
1.95222,10.0713,1.19593,0.145436,0.348252,5158.86,0
1.95873,9.89911,1.09946,0.0221583,0.266538,5053.85,0
1.96521,10.0808,1.12886,0.0586106,0.309543,5129.62,0
1.97172,10.0346,1.12192,-0.0410958,0.272163,5089.26,0
1.97826,9.9729,1.1985,-0.309357,0.231868,5041.25,0
1.98476,9.77288,1.18082,-0.230889,0.151904,4923.96,0
1.99129,9.54039,1.47772,-0.316634,0.0652728,4791.05,0
1.99777,9.46893,1.48853,-0.288338,0.0389487,4739.75,0
2.00428,9.47618,1.46713,-0.309455,0.040715,4727.96,0
2.01077,9.4921,1.541,-0.213569,0.0446413,4720.62,0
2.01729,9.54748,1.59596,-0.220158,0.0626885,4732.82,0
2.02382,9.54895,1.68308,-0.261884,0.0616156,4718.29,0
2.03035,9.42771,1.56805,-0.283889,0.0181554,4643.4,0
2.03685,9.40448,1.54358,-0.252839,0.00952069,4617.17,0
2.04332,9.44501,1.55535,-0.236067,0.0235298,4622.39,0
2.04984,9.49089,1.67269,-0.287635,0.03847,4630.05,0
2.05634,9.46538,1.82756,-0.373476,0.0290553,4603.02,0
2.06289,9.49152,1.92319,-0.483798,0.0370991,4601.08,0
2.06935,9.46117,1.73003,-0.385016,0.0256197,4572.05,0
2.07586,9.76041,1.69767,-0.364055,0.127445,4701.87,0
2.08238,9.63383,1.77237,-0.226786,0.079573,4626.36,0
2.08892,9.82437,1.74106,-0.149997,0.141042,4703.09,0
2.09544,9.92321,1.99586,0.00410229,0.167994,4735.62,0
2.10194,9.81497,1.91733,0.0866907,0.121636,4669.48,0
2.10846,9.6729,1.94671,0.0889249,0.0685116,4587.65,0
2.11492,9.51362,2.05105,0.207359,0.0119039,4498.34,0
2.12142,9.63005,2.22648,0.0492749,0.0518149,4539.44,0
2.12792,9.88805,2.439,0.12277,0.139136,4646.81,0
2.13441,9.87238,2.50267,-0.0409316,0.127716,4625.34,0
2.14093,10.031,2.52663,-0.01674,0.176155,4685.36,0
2.14741,10.4983,2.4743,-0.19093,0.324277,4888.8,0
2.15393,10.4392,2.41669,-0.297566,0.280612,4846.58,0
2.16039,10.2758,2.35497,-0.388767,0.205731,4756.45,0
2.16693,10.5103,2.292,-0.308686,0.272468,4850.32,0
2.17344,10.4479,2.18631,-0.376415,0.232391,4807.09,0
2.17993,10.4611,2.3192,-0.196228,0.224669,4798.85,0
2.18642,10.4324,2.55636,-0.0979538,0.203402,4771.47,0
2.19291,10.3306,2.4561,0.0234181,0.15746,4710.92,0
2.19941,10.2142,2.27931,-0.101669,0.110102,4644.07,0
2.20588,10.2266,2.16231,-0.144144,0.110266,4636.06,0
2.21241,10.2139,2.13305,-0.296188,0.101429,4616.64,0
2.21893,10.0877,2.24774,-0.106825,0.0546256,4546.22,0
2.22543,10.2723,2.48108,-0.329506,0.115269,4615.84,0
2.23196,10.1852,2.56655,-0.388334,0.0821048,4563.35,0
2.23844,10.0208,2.33111,-0.291434,0.0231508,4476.7,0
2.24498,10.0034,2.48234,-0.274772,0.0167516,4455.92,0
2.2515,9.97352,2.53508,-0.238352,0.00621623,4429.72,0
2.25802,10.0803,2.54445,-0.297502,0.0432755,4464.19,0
2.26455,10.0965,2.39664,-0.40945,0.0477094,4458.48,0
2.27103,10.1501,2.33168,-0.353062,0.0644549,4469.4,0
2.27758,10.2486,2.38371,-0.362863,0.0970111,4499.79,0
2.28408,10.1248,2.23341,-0.448254,0.051635,4432.8,0
2.29059,10.1434,2.39824,-0.500855,0.0563526,4428.29,0
2.29713,10.084,2.29135,-0.507359,0.0351935,4389.84,0
2.30365,10.066,2.30319,-0.661491,0.0277755,4369.59,0
2.31015,10.058,2.37557,-0.612933,0.0244188,4353.82,0
2.31663,10.0712,2.4304,-0.582361,0.0288262,4347.36,0
2.32312,10.1085,2.33608,-0.481586,0.0410446,4351.25,0
2.32966,10.0581,2.30441,-0.512357,0.022901,4317.4,0
2.33619,10.0557,2.45552,-0.649956,0.0217984,4304.31,0
2.3427,10.1793,2.36014,-0.668125,0.0637969,4345.09,0
2.34926,10.0857,2.22968,-0.815702,0.0291721,4293.12,0
2.35575,10.1443,2.22586,-0.718236,0.048818,4306.21,0
2.36226,10.2978,2.26412,-0.838659,0.0998859,4359.31,0
2.36879,10.4435,2.30586,-0.797778,0.14364,4408.8,0
2.37528,10.5919,2.18661,-0.729248,0.185619,4459.22,0
2.38181,10.4874,2.21343,-0.696027,0.139659,4403.12,0
2.38833,10.4549,2.16759,-0.863512,0.12273,4377.51,0
2.39482,10.4203,2.00947,-0.830912,0.104592,4351.17,0
2.40132,10.6241,1.9845,-0.705052,0.168792,4424.27,0
2.40785,10.4404,1.98037,-0.566666,0.0981046,4335.99,0
2.41441,10.4557,1.8748,-0.522692,0.099616,4330.53,0
2.42092,10.4348,1.77689,-0.658454,0.0893716,4310.26,0
2.42743,10.5234,1.77035,-0.548718,0.115576,4335.2,0
2.43393,10.5535,1.49689,-0.622795,0.119891,4335.99,0
2.44045,10.5061,1.60451,-0.658691,0.0982825,4304.97,0
2.44698,10.6961,1.48835,-0.723396,0.158106,4371.14,0
2.45349,10.5613,1.4233,-0.781702,0.103556,4304.58,0
2.46003,10.58,1.30467,-0.969201,0.105469,4300.78,0
2.46656,10.6587,1.25015,-0.955943,0.12656,4321.28,0
2.47307,10.6043,1.24681,-0.969928,0.102804,4287.93,0
2.4796,10.8283,1.31715,-1.06583,0.174324,4366.97,0
2.48611,10.6703,1.3489,-1.11233,0.111611,4291.99,0
2.4926,10.6349,1.32624,-1.20466,0.0938068,4266.59,0
2.49918,10.6583,1.18128,-0.928222,0.0969166,4264.73,0
2.5057,10.9051,1.07903,-1.04946,0.174868,4352.13,0
2.51223,10.9206,0.913669,-1.09178,0.171224,4346.97,0
2.51878,11.0503,1.02461,-1.11146,0.204635,4387.17,0
2.52528,11.0207,0.867624,-1.19065,0.183869,4364.18,0
2.53181,11.0047,0.951084,-1.14695,0.168666,4346.59,0
2.53831,11.0596,0.967736,-1.06848,0.177708,4357.1,0
2.54482,11.095,0.967781,-0.748937,0.180524,4359.84,0
2.55135,11.26,1.01309,-0.634492,0.227889,4413.35,0
2.55788,11.3765,1.10077,-0.659761,0.254361,4447.62,0
2.56436,11.3962,1.09157,-0.915588,0.24505,4444.06,0
2.57086,11.247,1.0513,-1.00653,0.182452,4374.79,0
2.57741,11.3476,1.19592,-1.17537,0.205703,4402.73,0
2.58392,11.2996,1.02253,-0.976893,0.177868,4373.06,0
2.59048,11.0801,0.981541,-0.758839,0.0951615,4277.24,0
2.597,11.1449,0.949612,-0.974555,0.114772,4291.46,0
2.60349,11.2492,0.958105,-1.00271,0.145017,4320.8,0
2.61003,11.1799,0.885844,-0.948645,0.115217,4283.43,0
2.61658,11.355,0.914868,-1.00401,0.168576,4339.63,0
2.62306,11.2155,0.684823,-0.95218,0.112851,4275.71,0
2.62961,11.3152,0.966932,-1.05774,0.143153,4303.01,0
2.63611,11.2056,1.09358,-1.21259,0.0983118,4250.8,0
2.64261,11.321,0.963839,-1.11146,0.132439,4284.03,0
2.6491,11.2348,0.987021,-1.04505,0.0977102,4241,0
2.65558,11.2973,0.900044,-1.01656,0.116023,4254.2,0
2.66211,11.248,0.88697,-1.11103,0.094031,4225.24,0
2.66861,11.1779,0.888757,-1.07691,0.0671859,4188.67,0
2.6751,11.2192,0.88689,-1.25294,0.0793552,4193.94,0
2.68159,11.3877,0.851621,-1.16432,0.132659,4246.6,0
2.68808,11.2957,0.807647,-1.3527,0.0964678,4202.15,0
2.69464,11.2095,0.762919,-1.42506,0.0641824,4159.92,0
2.70112,11.1755,0.635652,-1.52084,0.0495878,4137.35,0
2.70765,11.1442,0.610522,-1.63147,0.03766,4115.82,0
2.71412,11.1484,0.689537,-1.6723,0.0380813,4107.54,0
2.72065,11.3597,0.699988,-1.76472,0.110448,4175.38,0
2.72712,11.4415,0.736102,-1.8958,0.133762,4195.44,0
2.73367,11.4928,0.688463,-1.90076,0.145184,4204.18,0
2.74016,11.3332,0.728057,-1.79701,0.0844372,4135.98,0
2.74672,11.3723,0.836736,-1.80329,0.0948337,4140.3,0
2.75322,11.3676,0.720186,-1.70975,0.0901025,4128.85,0
2.75971,11.3573,0.67602,-1.87822,0.0836124,4115.41,0
2.76623,11.5391,0.501541,-1.78303,0.141962,4171.4,0
2.7727,11.6795,0.442153,-1.73884,0.180794,4212.32,0
2.7792,11.6587,0.182715,-1.62681,0.163379,4194.99,0
2.78572,11.7253,0.205116,-1.73069,0.176923,4209.06,0
2.79225,11.8503,0.278701,-1.82354,0.211078,4244.01,0
2.79877,11.9476,0.208494,-1.53287,0.231702,4268.87,0
2.8053,11.953,0.316668,-1.70454,0.219594,4260.87,0
2.8118,11.815,0.468819,-1.86922,0.15879,4201.93,0
2.81831,11.8564,0.259862,-1.75244,0.164712,4206.92,0
2.82485,11.7143,-0.00407193,-1.73568,0.108362,4146.87,0
2.83134,11.7937,-0.049297,-1.86238,0.131682,4165.41,0
2.83785,11.8024,-0.0848194,-1.96134,0.128129,4158.93,0
2.84437,11.6274,0.0287623,-1.90491,0.0634973,4087.86,0
2.85086,11.7035,0.0554067,-2.02901,0.0875249,4105.26,0
2.85737,11.7137,0.0892777,-1.84127,0.0878261,4099.46,0
2.86382,11.7374,0.120372,-1.93069,0.0915499,4098.51,0
2.87033,11.6528,0.18199,-1.86935,0.0599941,4059.76,0
2.87683,11.6833,0.0811905,-1.89667,0.0682713,4061.17,0
2.88333,11.6615,-0.0156604,-1.72584,0.0587736,4044.46,0
2.88985,11.6622,-0.0479942,-1.66692,0.0568261,4035.57,0
2.8964,11.632,-0.020229,-1.75112,0.0448337,4016.02,0
2.90288,11.6857,-0.0534712,-1.89864,0.0607503,4025.55,0
2.90938,11.8707,0.174254,-1.82852,0.120801,4080.15,0
2.91586,11.8459,0.513366,-1.70376,0.106766,4062.57,0
2.9224,11.9104,0.569081,-1.64111,0.123269,4075.56,0
2.92894,11.9365,0.424002,-1.78683,0.128196,4075.36,0
2.93548,11.8604,0.322143,-1.82759,0.0970779,4040.36,0
2.94201,11.7655,0.339363,-1.94637,0.0611939,3999.14,0
2.94853,11.7884,0.362242,-1.92484,0.0673065,3998.06,0
2.95507,11.7518,0.272948,-2.062,0.0523291,3976.81,0
2.96158,11.9949,0.151632,-2.27948,0.135041,4050.17,0
2.96812,11.9622,0.033641,-2.34261,0.116351,4030.25,0
2.97465,11.8917,0.223595,-2.25582,0.0875879,3997.69,0
2.98115,12.0545,0.364497,-2.29315,0.137882,4043.58,0
2.98765,11.9235,0.305031,-2.38377,0.0875143,3990.94,0
2.99416,12.1006,0.459108,-2.36553,0.143693,4041.42,0
3.00065,12.1298,0.542762,-2.42039,0.145038,4042.4,0
3.0072,12.2008,0.582501,-2.5316,0.161297,4057.2,0
3.01367,12.2381,0.627193,-2.96195,0.162951,4060.85,0
3.02016,12.1756,0.641402,-3.03027,0.134435,4031.43,0
3.02667,12.2815,0.611403,-3.29084,0.162812,4057.77,0
3.03316,12.3467,0.559654,-2.98841,0.175312,4070.59,0
3.03965,12.3695,0.564735,-2.84987,0.17342,4069.38,0
3.04618,12.4764,0.645414,-2.99908,0.199906,4095.74,0
3.0527,12.693,0.80451,-2.86199,0.261111,4157.97,0
3.05923,12.5797,0.732575,-2.85938,0.206869,4112.06,0
3.06571,12.4416,0.867124,-2.6068,0.148891,4058.31,0
3.07221,12.4264,0.892812,-2.54298,0.138305,4044.79,0
3.07869,12.4762,0.852264,-2.89761,0.147937,4052.45,0
3.08518,12.3635,0.821225,-2.79677,0.103243,4007.38,0
3.09165,12.2675,0.712264,-2.8154,0.0646319,3967.94,0
3.09816,12.3722,0.853316,-2.85421,0.0983562,3993.42,0
3.10464,12.4705,0.869808,-2.69954,0.127922,4016.73,0
3.11114,12.6099,0.898719,-2.63314,0.171083,4053.16,0
3.11769,12.5486,1.12002,-2.53996,0.143707,4024.98,0
3.12421,12.7898,1.25136,-2.34839,0.217569,4093.77,0
3.13073,12.8813,1.48615,-2.02616,0.236176,4114.48,0
3.13723,12.5736,1.85047,-2.06574,0.118363,4007.88,0
3.14372,12.8385,1.78486,-1.95916,0.20427,4083.84,0
3.15024,12.8422,1.5915,-1.98444,0.194807,4076.57,0
3.15674,12.7559,1.52004,-1.82973,0.15769,4040.85,0
3.16322,12.596,1.53414,-1.94306,0.0955391,3982.01,0
3.16973,12.7165,1.61775,-1.7152,0.133377,4011.85,0
3.17622,12.8662,1.5214,-1.75177,0.177853,4050.79,0
3.1827,12.9909,1.70387,-2.02034,0.208845,4081.71,0
3.18926,13.0378,1.34524,-1.87307,0.212024,4088.05,0
3.19578,12.8121,1.31628,-1.87836,0.123668,4009.07,0
3.20231,12.6604,1.1823,-1.80064,0.0660983,3953.52,0
3.20881,12.5494,1.09441,-1.86461,0.026314,3910.92,0
3.21531,12.5611,1.09129,-1.90451,0.029534,3906.66,0
3.22178,12.636,0.977864,-1.9836,0.0546659,3922.04,0
3.22826,12.5216,1.02467,-1.96598,0.0135537,3878.74,0
3.23479,12.5138,0.900881,-2.08152,0.0106745,3868.52,0
3.24131,12.5358,0.942227,-2.11643,0.0178659,3867.52,0
3.2478,12.6434,0.945097,-2.20879,0.0547907,3892.9,0
3.25432,12.5321,0.801117,-2.11974,0.0148713,3850.91,0
3.26084,12.6034,0.726432,-2.2149,0.0392479,3865.07,0
3.26732,12.7247,0.767702,-2.23748,0.0789147,3894.53,0
3.27381,12.6239,0.710932,-1.96241,0.0421333,3856.03,0
3.28033,12.6547,0.84122,-2.15005,0.0512634,3857.74,0
3.28688,12.7758,0.940625,-2.06897,0.0906765,3886.89,0
3.29339,12.8924,0.831336,-1.9879,0.126409,3914.64,0
3.29985,12.9314,0.994367,-1.89268,0.134128,3918.77,0
3.30632,12.8041,0.965236,-2.0155,0.0847687,3872.6,0
3.31282,13.1087,0.93879,-1.97437,0.185086,3956.96,0
3.31934,12.9807,1.05367,-2.041,0.130496,3910.61,0
3.32585,12.7166,1.05446,-1.9928,0.0349747,3823.58,0
3.33242,12.7454,1.08345,-2.01396,0.0439179,3824.68,0
3.33894,12.787,1.14907,-2.03342,0.0566844,3829.66,0
3.34542,12.7794,1.22531,-1.78714,0.0519938,3819.96,0
3.35189,12.6939,1.06505,-1.76028,0.0207804,3787.08,0
3.35839,12.7538,1.09133,-1.87708,0.040918,3797.6,0
3.36488,12.7505,1.00973,-1.84263,0.0385857,3789.29,0
3.37134,12.6876,1.01538,-1.94013,0.0162638,3763.39,0
3.37788,12.7983,0.995961,-2.02522,0.0541484,3788.86,0
3.38434,12.8207,1.01002,-2.17,0.0598639,3788.24,0
3.39082,12.8821,0.972584,-2.18626,0.0787591,3799.11,0
3.3973,12.8685,0.919994,-2.12299,0.072195,3787.86,0
3.40383,13.0146,1.11874,-2.13495,0.118982,3823.53,0
3.41035,13.0296,1.12027,-2.09858,0.118898,3820.62,0
3.41685,13.1082,1.21594,-2.61817,0.13819,3836.33,0
3.42336,13.1723,1.22614,-2.47645,0.15371,3847.77,0
3.4299,13.4198,1.1647,-2.44001,0.229377,3912.58,0
3.4364,13.4352,1.27175,-2.30259,0.221868,3909.68,0
3.44292,13.414,1.13048,-2.3543,0.201572,3896.12,0
3.44946,13.3292,1.13817,-2.26946,0.161456,3864.12,0
3.45599,13.4,1.22209,-2.07314,0.178102,3877.33,0
3.46251,13.4436,1.09054,-2.1648,0.183553,3882.61,0
3.46896,13.2972,1.03931,-2.19334,0.123482,3833.19,0
3.47546,13.3861,0.890534,-2.32036,0.147378,3851.62,0
3.48196,13.4112,0.866403,-2.15849,0.149438,3851.63,0
3.48845,13.2743,1.00079,-2.04011,0.0969295,3805.21,0
3.49496,13.3452,1.06938,-1.99601,0.116136,3818.4,0
3.50143,13.2808,1.20904,-1.96433,0.0912279,3792.95,0
3.50794,13.2441,1.32259,-1.84529,0.075668,3775.45,0
3.51443,13.2782,1.45841,-1.79133,0.0852592,3778.19,0
3.52092,13.182,1.39055,-1.78952,0.0491478,3743.91,0
3.52742,13.2511,1.26951,-1.85902,0.0716335,3756.6,0
3.53392,13.4836,1.26985,-1.55134,0.147919,3815.47,0
3.54041,13.3973,1.22909,-1.63854,0.112444,3784.1,0
3.5469,13.5376,1.2437,-1.76367,0.155284,3816.73,0
3.55344,13.6765,1.25363,-1.64102,0.195779,3848.8,0
3.55993,13.6629,1.14362,-1.72095,0.181569,3837.98,0
3.56645,13.666,1.31739,-1.93491,0.172852,3831.81,0
3.57296,13.6019,1.35766,-2.14581,0.144014,3806.9,0
3.57948,13.7535,1.47047,-2.06344,0.187342,3842.33,0
3.58605,13.8057,1.2989,-1.90102,0.192651,3849.83,0
3.59255,13.8558,1.30525,-1.777,0.198341,3856.83,0
3.59906,13.6664,1.14151,-1.6793,0.124293,3797.21,0
3.60552,13.6821,1.22386,-1.72834,0.125209,3794.77,0
3.612,13.8128,1.14477,-1.74203,0.164297,3824.15,0
3.61852,13.671,1.35943,-1.79937,0.106799,3778.06,0
3.62503,13.7414,1.44037,-1.76893,0.12533,3790.7,0
3.63155,13.6066,1.38701,-1.70474,0.0744866,3746.78,0
3.63806,13.5524,1.27396,-1.75702,0.0530762,3725.18,0
3.64454,13.6324,1.39034,-1.67298,0.078684,3740.51,0
3.65107,13.7665,1.31676,-1.33849,0.121205,3770.53,0
3.65763,13.617,1.17603,-1.46246,0.0652065,3722.91,0
3.66415,13.5106,1.2026,-1.43722,0.0266656,3687.23,0
3.67065,13.533,0.982018,-1.38238,0.0335491,3686.81,0
3.67718,13.4699,1.00384,-1.51291,0.0108465,3663.11,0
3.68369,13.5256,1.07128,-1.51598,0.0296718,3671.74,0
3.69021,13.7465,1.13802,-1.54015,0.104001,3725.12,0
3.69673,13.754,1.30366,-1.67499,0.100063,3720.59,0
3.70325,13.6698,1.53742,-1.61526,0.0679939,3691.3,0
3.70974,13.6671,1.78212,-1.66175,0.065566,3684.1,0
3.71628,13.6368,1.94769,-1.61705,0.0538953,3669.49,0
3.72277,13.7288,1.89492,-1.49754,0.0840025,3687.79,0
3.72928,13.6965,1.79694,-1.47402,0.0698459,3672.7,0
3.73575,13.8371,1.87432,-1.41049,0.115835,3703.96,0
3.74227,13.624,2.0333,-1.34726,0.0392315,3640.58,0
3.74876,13.7427,2.21591,-1.37131,0.0783188,3665.92,0
3.75526,13.6956,2.1881,-1.30917,0.0590125,3647.05,0
3.76181,13.8718,2.42212,-1.27044,0.117513,3687.54,0
3.76833,13.8744,2.36724,-1.11672,0.112307,3681.85,0
3.77481,14.0732,2.47813,-1.25058,0.173087,3728.17,0
3.78128,14.0826,2.49543,-1.41116,0.166695,3724.28,0
3.78778,14.0934,2.52419,-1.14643,0.15993,3720.75,0
3.79431,13.9549,2.38047,-1.05716,0.104751,3677.86,0
3.80085,13.9578,2.48041,-1.09501,0.10187,3672.3,0
3.80738,13.9053,2.52246,-1.09854,0.0804881,3652.21,0
3.81389,14.0546,2.42476,-1.14705,0.127084,3685.12,0
3.82041,13.9869,2.39678,-1.23384,0.0998284,3661.1,0
3.82689,13.9887,2.39318,-1.14473,0.0946628,3655.35,0
3.83339,13.928,2.41307,-1.31534,0.068778,3633.33,0
3.83987,13.9235,2.23486,-1.34904,0.0640205,3626.05,0
3.84635,14.145,2.33486,-1.05927,0.137163,3677.51,0
3.85288,14.0419,2.16739,-0.829586,0.0952876,3644.52,0
3.85943,14.1191,2.03293,-0.921482,0.119326,3658.34,0
3.86591,14.2466,2.16434,-1.04839,0.156757,3685.19,0
3.87241,14.1288,2.03161,-1.04825,0.109464,3648.57,0
3.87891,14.0829,2.00252,-1.01559,0.0886953,3630.62,0
3.88542,13.9129,2.11021,-1.03484,0.0271527,3580.8,0
3.89193,13.9982,2.13668,-0.923918,0.0555598,3596.72,0
3.89846,14.0635,2.15601,-0.827088,0.0768331,3607.46,0
3.90495,14.2229,2.20937,-1.0054,0.128685,3642.26,0
3.91143,14.5656,2.02563,-0.742222,0.236544,3723.86,0
3.91797,14.7032,1.83147,-0.61919,0.266264,3752.75,0
3.92441,14.817,2.08924,-0.71792,0.286908,3775.61,0
3.9309,14.8369,1.8343,-0.795287,0.274623,3774.44,0
3.93742,14.8374,1.9028,-0.834994,0.254132,3768.32,0
3.94394,14.621,2.04842,-0.84064,0.166813,3707.21,0
3.95047,14.7745,2.02033,-0.985129,0.211463,3739.92,0
3.95695,14.9156,1.97382,-0.89487,0.246768,3769.47,0
3.9635,14.8863,1.75212,-0.877756,0.221555,3755.86,0
3.97,15.0298,1.55584,-0.918001,0.254122,3785.85,0
3.97652,14.966,1.71158,-0.989406,0.217763,3763.58,0
3.98301,15.1191,1.80987,-1.01374,0.25595,3795.9,0
3.98954,15.019,2.19323,-0.956427,0.204992,3764.6,0
3.99604,15.0249,2.13275,-1.17776,0.193398,3759.94,0
4.00253,14.8326,1.99922,-0.921527,0.119177,3705.8,0
4.00904,14.8944,1.90455,-0.899742,0.134869,3715.2,0
4.01555,14.8033,1.84644,-0.827621,0.0976289,3686.51,0
4.02201,14.7118,1.83903,-0.941008,0.0617662,3657.81,0
4.02856,14.7631,1.70683,-0.776333,0.0772263,3664.6,0
4.03509,14.7257,1.80857,-0.753234,0.0620898,3649.42,0
4.04156,14.5974,1.81976,-0.812322,0.016321,3611.82,0
4.04806,14.6651,1.7266,-0.882898,0.0394063,3622.75,0
4.05453,14.7482,1.71535,-0.884093,0.0672078,3637.45,0
4.06102,14.6815,1.67023,-0.983224,0.042444,3615.23,0
4.06755,14.6403,1.55373,-0.803278,0.0265831,3599.29,0
4.07411,14.7402,1.55965,-0.943743,0.0605368,3618.02,0
4.08064,14.6798,1.37034,-1.19381,0.0371726,3597.43,0
4.08717,14.7274,1.39677,-1.2193,0.0523563,3603.33,0
4.09366,14.7152,1.59313,-1.08649,0.0456971,3594.64,0
4.10014,14.6479,1.58488,-1.15374,0.0212866,3572.54,0
4.10666,14.7077,1.6594,-1.1352,0.0417696,3581.44,0
4.11312,14.7899,1.67033,-1.07483,0.0684079,3595.79,0
4.11963,14.8875,1.64362,-1.15011,0.0997601,3613.79,0
4.12614,14.8271,1.75196,-1.13372,0.0748796,3593.46,0
4.13264,14.693,1.70858,-1.08727,0.0267556,3555.36,0
4.13917,14.7435,1.70101,-1.08794,0.0435206,3561.95,0
4.14567,14.7986,1.75939,-1.11928,0.0609001,3569.65,0
4.15217,14.8483,1.74322,-1.24355,0.0764695,3576.05,0
4.15867,14.9114,1.71827,-1.10737,0.0952086,3585.62,0
4.16515,14.7684,1.9634,-1.08305,0.0432931,3545.69,0
4.17168,14.706,2.04136,-1.05712,0.0207366,3525.19,0
4.17822,14.6747,2.07,-0.987689,0.00947488,3512.18,0
4.18471,14.7486,1.97769,-0.986022,0.0347915,3524.41,0
4.19123,15.0172,2.07134,-0.979309,0.125882,3583.01,0
4.19772,15.0911,1.96366,-0.904559,0.14597,3595.07,0
4.20422,14.9153,2.03893,-0.95649,0.0796434,3547.7,0
4.21073,14.7287,2.05579,-0.903673,0.0128053,3497.9,0
4.21721,14.7092,2.0459,-0.940526,0.00565669,3487.9,0
4.22371,14.7374,2.10079,-0.874083,0.0151858,3489.21,0
4.23028,14.7131,2.16444,-0.791555,0.00641538,3478.06,0
4.23678,14.7884,2.14859,-0.744968,0.0323747,3490.48,0
4.24327,14.8769,2.33284,-0.586573,0.0622308,3505.99,0
4.24975,14.8304,2.37524,-0.871367,0.0441774,3489.72,0
4.25624,14.7983,2.50137,-0.962053,0.0316679,3476.85,0
4.26273,14.7578,2.46151,-0.921197,0.0168016,3462.06,0
4.26924,14.7848,2.58514,-0.966673,0.0259432,3463.11,0
4.27574,14.7989,2.55532,-0.991279,0.0298607,3461.13,0
4.28225,14.762,2.57657,-1.02148,0.0161238,3447.26,0
4.28877,14.7645,2.55192,-0.929822,0.0168304,3442.6,0
4.29521,14.7821,2.6114,-0.975443,0.0226455,3441.54,0
4.30174,14.7549,2.65684,-0.900443,0.0128654,3429.98,0
4.3083,14.7859,2.58871,-0.892587,0.023372,3431.95,0
4.31483,14.758,2.65342,-1.04381,0.0132309,3420.3,0
4.32131,15.0008,2.64435,-1.08982,0.0966557,3471.35,0
4.32783,15.0698,2.53794,-0.955112,0.116973,3482.07,0
4.33428,15.0413,2.5897,-0.83622,0.101135,3470.3,0
4.3408,15.133,2.62488,-0.875344,0.128005,3486.23,0
4.34733,15.2046,2.54925,-0.964837,0.146838,3497.46,0
4.35385,15.4094,2.3869,-1.00405,0.209239,3539.26,0
4.36034,15.6218,2.34443,-1.13711,0.267481,3582.71,0
4.36686,15.6584,2.52659,-1.25941,0.262929,3585.74,0
4.37338,15.7488,2.46139,-1.17082,0.27636,3601.06,0
4.37989,15.6569,2.35348,-1.06722,0.22608,3574.71,0
4.38641,15.6921,2.24058,-1.16702,0.222287,3577.43,0
4.39297,15.4428,2.19714,-1.48517,0.124659,3515.34,0
4.39946,15.5412,2.166,-1.56326,0.153109,3532.52,0
4.40597,15.4788,2.07269,-1.41237,0.124465,3513.15,0
4.4125,15.2843,1.91754,-1.41084,0.0529488,3463.86,0
4.41898,15.2045,1.86029,-1.34695,0.0239948,3440.74,0
4.42548,15.1515,1.87593,-1.38638,0.00537236,3423.7,0
4.43201,15.2229,1.9409,-1.24287,0.0297798,3434.77,0
4.43854,15.2632,1.81269,-1.27745,0.0423449,3438.78,0
4.44501,15.2558,1.70726,-1.21632,0.0388692,3432.12,0
4.4515,15.305,1.83363,-1.15076,0.0550027,3438.16,0
4.45801,15.2571,1.73857,-1.10652,0.0361859,3422.4,0
4.46451,15.2508,1.57785,-1.2895,0.0333767,3416,0
4.471,15.5227,1.47395,-1.2604,0.126025,3471.85,0
4.47753,15.4666,1.31117,-1.44089,0.101041,3454.26,0
4.48399,15.378,1.20194,-1.25005,0.066434,3429.53,0
4.49051,15.2725,1.25871,-1.43201,0.0285948,3401.06,0
4.49705,15.2025,1.31259,-1.45361,0.00382035,3380.55,0
4.50356,15.2429,1.22228,-1.42592,0.0178328,3384.65,0
4.51007,15.2668,1.16424,-1.3163,0.025634,3385.05,0
4.51659,15.4444,1.22258,-1.18517,0.0858538,3419.49,0
4.52314,15.6186,1.19613,-1.09497,0.141071,3453.05,0
4.52964,15.7155,1.24614,-1.06942,0.164718,3469.47,0
4.53614,15.8239,1.34302,-1.05941,0.191345,3488.42,0
4.54265,16.0726,1.23588,-1.11899,0.261622,3538.16,0
4.54916,16.3267,1.09488,-0.975494,0.328737,3588.94,0
4.55566,16.389,1.05566,-1.27807,0.328773,3597.49,0
4.56218,16.3073,0.959179,-1.4176,0.274854,3574.45,0
4.56867,16.4121,0.879977,-1.60405,0.293524,3592.31,0
4.57521,16.4681,0.726168,-1.72107,0.291715,3599.41,0
4.5817,16.4035,0.84139,-1.88275,0.251394,3580.22,0
4.58822,16.3469,1.02947,-2.02401,0.214399,3562.79,0
4.59472,16.4488,1.33615,-1.97715,0.232736,3579.94,0
4.60125,16.3794,1.44673,-2.03254,0.197222,3559.78,0
4.60777,16.2636,1.65431,-1.68141,0.146739,3529.61,0
4.61426,16.1578,1.52238,-1.57594,0.104218,3501.71,0
4.62075,16.502,1.36497,-1.54039,0.216303,3571.28,0
4.62724,16.5447,1.39607,-1.30321,0.218135,3575.5,0
4.63374,16.6328,1.56706,-1.59194,0.235559,3589.5,0
4.64027,16.4468,1.39301,-1.75447,0.159221,3544.37,0
4.64678,16.2259,1.20128,-1.93622,0.0775951,3491.87,0
4.6533,16.3277,1.1306,-1.86379,0.110841,3508.84,0
4.65979,16.5537,1.24322,-2.22554,0.182543,3552.46,0
4.66626,16.4997,1.09013,-2.13306,0.155406,3535.96,0
4.67279,16.647,1.06105,-2.16135,0.19835,3562.53,0
4.67927,16.5137,1.12033,-2.22678,0.142337,3529.11,0
4.68578,16.4863,1.26805,-2.00088,0.127518,3518.36,0
4.69224,16.4203,1.11822,-2.03384,0.0993605,3499.46,0
4.69879,16.5586,0.855079,-2.25483,0.14102,3524.02,0
4.7053,16.6633,1.12786,-2.11527,0.16723,3541.39,0
4.71178,16.4094,1.20524,-2.21312,0.0712466,3482.62,0
4.71827,16.4036,1.12547,-2.22328,0.066944,3476.61,0
4.72477,16.4511,1.15685,-2.00505,0.0811856,3481.89,0
4.73129,16.5354,1.27012,-1.90572,0.105556,3494.89,0
4.73781,16.6822,1.17049,-1.83819,0.151432,3521.08,0
4.74432,16.8052,1.17568,-1.96935,0.184969,3542.18,0
4.7508,16.8042,1.09802,-1.95653,0.174863,3537.14,0
4.75731,16.7592,1.15707,-2.22719,0.151329,3522.84,0
4.76379,16.7228,1.23977,-2.06852,0.130787,3510.4,0
4.77035,16.6716,1.51962,-2.00958,0.107753,3494.84,0
4.77688,16.6166,1.43052,-1.92248,0.0856479,3478.55,0
4.78338,16.626,1.51149,-1.83606,0.0850922,3475.79,0
4.78986,16.5991,1.58544,-1.89535,0.0731869,3465.47,0
4.7964,16.5207,1.71502,-1.95186,0.0444125,3444.4,0
4.80289,16.5924,1.77445,-1.95872,0.0679096,3454.67,0
4.80939,16.6267,1.73292,-1.97891,0.0772155,3457.14,0
4.81587,16.8321,1.64776,-1.87696,0.144451,3495.14,0
4.82236,16.6747,1.89926,-1.89185,0.0854061,3457.79,0
4.82885,16.6199,1.90483,-1.76155,0.0635646,3441.79,0
4.83541,16.7193,1.93671,-1.96254,0.0942088,3457.68,0
4.84193,16.6702,1.89545,-2.1784,0.0731509,3442.88,0
4.84845,16.8534,1.83518,-2.27401,0.134109,3476.05,0
4.85497,16.8588,1.73648,-2.24227,0.129166,3472.5,0
4.86145,17.0556,1.43479,-1.9886,0.188564,3508.33,0
4.86801,17.1532,1.45725,-2.01189,0.211367,3523.65,0
4.8745,17.2234,1.67646,-1.86925,0.221956,3533.36,0
4.88101,17.3384,1.79493,-1.79567,0.247954,3552.22,0
4.8875,17.0237,1.91432,-1.62296,0.127623,3483.11,0
4.89404,17.0744,1.88366,-1.57149,0.138457,3488.82,0
4.90052,17.0571,1.96692,-1.40925,0.126949,3480.68,0
4.90706,17.0367,2.08633,-1.27378,0.11474,3471.88,0
4.91357,17.0199,2.17658,-1.39449,0.104381,3463.85,0
4.92012,17.0794,2.2514,-1.49949,0.119666,3471.34,0
4.92661,17.2731,2.39382,-1.45145,0.179708,3506.08,0
4.93312,17.0768,2.49234,-1.22679,0.104637,3461.66,0
4.93962,17.196,2.41825,-1.31239,0.140507,3481.23,0
4.94615,17.2598,2.11424,-1.20946,0.155607,3489.54,0
4.95265,17.7503,2.06039,-1.29506,0.313868,3584.01,0
4.95917,17.913,2.23821,-1.35442,0.343425,3612.1,0
4.96571,18.1105,1.76234,-1.40034,0.384901,3647.1,0
4.97224,18.1327,1.96142,-1.22605,0.365027,3646.78,0
4.9788,18.2976,1.95647,-1.12353,0.393008,3675.1,0
4.98527,18.4281,2.16897,-1.16146,0.404628,3696.51,0
4.99175,18.131,2.30069,-1.18639,0.274591,3632.2,0
4.99827,18.3682,2.20275,-1.38676,0.334267,3674.91,0
5.00475,18.5236,2.14984,-1.55912,0.361917,3701.19,0
5.01125,18.6059,2.3722,-1.37499,0.36513,3712.82,0
5.01772,18.673,2.22655,-1.56864,0.358567,3721.41,0
5.02424,18.7615,2.21005,-1.41781,0.358383,3734.19,0
5.03075,18.7613,2.1113,-1.26368,0.33466,3729.33,0
5.03728,18.8797,1.9634,-1.36449,0.348061,3748,0
5.0438,19.0244,1.95861,-1.57576,0.368908,3771.85,0
5.05028,19.0273,1.91148,-1.57036,0.341669,3767.57,0
5.05678,19.2321,2.07326,-1.58228,0.387229,3803.23,0
5.06334,19.1664,1.81151,-1.91113,0.339431,3785.33,0
5.06986,19.1258,1.9583,-1.64927,0.301332,3772.46,0
5.07634,19.3569,1.97834,-1.79636,0.35802,3813.15,0
5.08283,19.3924,2.11383,-1.71285,0.339127,3815.28,0
5.08934,19.4064,2.25446,-1.53753,0.319993,3813.15,0
5.09585,19.488,2.19801,-1.6764,0.326639,3824.28,0
5.10236,19.5076,2.43227,-1.50587,0.30454,3823.25,0
5.10889,19.8196,2.65813,-1.40839,0.388536,3879.44,0
5.11537,19.7848,2.78624,-1.61992,0.344019,3867.72,0
5.12184,19.9182,2.87294,-1.58941,0.36412,3888.88,0
5.12832,19.9878,2.98907,-1.54397,0.358969,3897.54,0
5.13484,20.3175,2.76076,-1.43702,0.438269,3956.79,0
5.14135,20.1228,2.49702,-1.52423,0.3379,3913.91,0
5.14786,20.1933,2.50112,-1.47621,0.338075,3922.66,0
5.15436,20.3844,2.52202,-1.55603,0.377908,3954.79,0
5.16087,20.0546,2.60679,-1.53513,0.241568,3885.89,0
5.16737,20.1935,2.69022,-1.53083,0.275679,3907.88,0
5.1739,20.2406,2.67568,-1.43685,0.276638,3912.05,0
5.18041,20.1963,2.49325,-1.7103,0.24245,3898.59,0
5.18696,19.9857,2.30239,-1.68262,0.157713,3853.08,0
5.19345,20.1887,2.29049,-1.56006,0.217967,3887.34,0
5.19998,20.1914,2.25605,-1.34564,0.206506,3882.97,0
5.2065,20.1822,2.27426,-1.3001,0.191106,3876.35,0
5.213,20.2532,1.93627,-1.26207,0.205619,3885.12,0
5.21946,20.3831,1.85713,-1.26646,0.238399,3905.21,0
5.22601,20.5829,1.65424,-1.37178,0.293111,3938.54,0
5.23254,20.4025,1.54877,-1.10115,0.212308,3899.15,0
5.23903,20.2353,1.2528,-1.01915,0.143391,3862.42,0
5.24552,20.1965,1.29867,-0.88669,0.122275,3850.24,0
5.25199,20.1358,1.24268,-0.759705,0.0977272,3833.94,0
5.25853,20.4077,1.20643,-0.694712,0.185665,3880.87,0
5.26503,20.3035,1.17083,-0.458445,0.141121,3856.29,0
5.27155,20.4774,1.04744,-0.451675,0.193367,3884.51,0
5.27799,20.6942,0.926747,-0.410873,0.257867,3920.85,0
5.28446,20.7159,0.92153,-0.29524,0.248031,3920.14,0
5.29093,20.659,1.02522,-0.308683,0.212056,3904.61,0
5.29748,20.9412,0.8842,-0.201928,0.29399,3953.05,0
5.30395,21.033,0.805918,0.0174571,0.305757,3965.54,0
5.31045,20.9698,0.927835,-0.199365,0.260882,3948.78,0
5.31692,21.0406,0.940658,-0.228682,0.268013,3957.29,0
5.32343,21.0544,0.972875,-0.244907,0.255987,3955.05,0
5.32997,21.0322,1.0215,-0.232495,0.233998,3946.03,0
5.33651,21.1554,0.913712,-0.234824,0.258552,3964.27,0
5.343,21.0943,1.02234,-0.150914,0.223218,3948.03,0
5.3495,21.1025,1.07333,-0.321589,0.213507,3944.76,0
5.356,21.171,1.07163,-0.418215,0.221581,3952.76,0
5.3625,21.3749,1.19766,-0.417379,0.27647,3986,0
5.36905,21.0411,0.946948,-0.333315,0.147753,3918.96,0
5.37555,20.9821,0.93215,-0.345493,0.121074,3903.25,0
5.38203,20.9717,0.728376,-0.43951,0.11087,3896.62,0
5.38856,21.0594,0.639307,-0.529845,0.135614,3908.17,0
5.39503,21.11,0.451463,-0.359681,0.146405,3912.87,0
5.40155,21.1645,0.571455,-0.41436,0.156696,3918.22,0
5.40808,21.0772,0.631545,-0.241893,0.12027,3897.35,0
5.41464,21.1165,0.62517,-0.158301,0.128177,3899.89,0
5.42118,21.1875,0.763153,-0.45958,0.144981,3908.29,0
5.42769,21.1032,0.852184,-0.371438,0.108495,3888.06,0
5.43423,21.1534,0.593238,-0.387199,0.121608,3892.62,0
5.44072,21.2831,0.585548,-0.453928,0.160932,3911.82,0
5.4472,21.3559,0.773054,-0.408476,0.176777,3920.52,0
5.45372,21.764,0.625139,-0.117255,0.303745,3990.67,0
5.46018,21.7694,0.729058,-0.189422,0.284415,3986.93,0
5.46668,21.6686,0.830255,-0.202237,0.233534,3963.75,0
5.47318,21.5163,1.02172,-0.0468286,0.167422,3931.22,0
5.47968,21.5309,0.964459,0.066315,0.161022,3929.22,0
5.48616,21.2991,0.981458,0.0497413,0.0737337,3882.34,0
5.4927,21.2853,1.02602,-0.123186,0.0668566,3875.2,0
5.49923,21.2629,1.1555,-0.34223,0.0572674,3866.53,0
5.50576,21.2882,1.0959,-0.337968,0.0648755,3866.53,0
5.51227,21.2474,1.2987,-0.240113,0.0482484,3854.57,0
5.51875,21.2565,1.31322,-0.328752,0.0507147,3851.68,0
5.5253,21.3472,1.29812,-0.333067,0.0807606,3863.53,0
5.53176,21.4528,1.38777,-0.478988,0.113335,3878.12,0
5.53825,21.4365,1.31477,-0.831659,0.102251,3870.63,0
5.54478,21.4399,1.19866,-0.797432,0.0997202,3866.68,0
5.5513,21.3707,1.27665,-0.707393,0.0725424,3849.67,0
5.55786,21.3678,1.25264,-0.708698,0.069244,3844.6,0
5.56433,21.3255,1.35944,-0.950846,0.0513296,3832.53,0
5.57078,21.3806,1.32776,-0.994627,0.0695084,3838,0
5.57723,21.4415,1.28968,-0.984933,0.0889501,3844.46,0
5.5837,21.6376,1.29452,-0.967227,0.152892,3875.14,0
5.59025,21.6731,1.417,-1.11381,0.157218,3876.95,0
5.59677,21.822,1.42351,-1.05539,0.199105,3899.04,0
5.6033,21.8035,1.4114,-1.20275,0.183051,3891.19,0
5.60986,21.8833,1.39829,-1.04542,0.199352,3900.87,0
5.61635,21.8071,1.46269,-1.23589,0.162729,3882.78,0
5.62289,21.9869,1.45597,-1.08564,0.218171,3910.25,0
5.62943,22.0549,1.58274,-1.26404,0.227131,3917.78,0
5.63594,22.0174,1.67966,-1.03912,0.200367,3906.6,0
5.64242,22.2152,1.79153,-1.0437,0.253899,3937.18,0
5.64896,22.1626,1.49255,-0.746135,0.2194,3923.3,0
5.65545,22.3702,1.49854,-0.492822,0.275867,3955.51,0
5.66193,22.3402,1.56277,-0.713074,0.246918,3945.69,0
5.66846,22.5343,1.50299,-0.616425,0.296151,3975.37,0
5.67496,22.6568,1.28681,-0.711666,0.318557,3992.42,0
5.68146,22.8884,1.07506,-0.927474,0.372663,4028.62,0
5.68799,22.814,0.903177,-0.833389,0.319765,4010.92,0
5.69453,22.8862,0.846418,-0.643234,0.321921,4018.98,0
5.70105,22.9958,0.586071,-0.68773,0.337892,4033.61,0
5.70756,23.3116,0.439469,-0.320438,0.416737,4084.33,0
5.71406,23.6707,0.555831,-0.314345,0.49661,4142.54,0
5.72059,23.6513,0.840552,-0.243427,0.445394,4134.42,0
5.72711,23.7371,0.62589,-0.479999,0.438148,4144.69,0
5.73362,23.7977,0.632293,-0.738469,0.422837,4150.56,0
5.7401,23.659,0.838228,-0.504758,0.342593,4121.7,0
5.74664,23.4383,0.695416,-0.189834,0.245541,4078.6,0
5.75312,23.5621,0.453398,-0.455457,0.268501,4095.54,0
5.75965,23.6113,0.452168,-0.279677,0.270032,4099.43,0
5.76616,23.6539,0.419724,-0.27293,0.266807,4102.19,0
5.77264,23.6828,0.398308,-0.191484,0.260615,4102.59,0
5.77916,23.4635,0.283695,0.0119267,0.167413,4060.02,0
5.78567,23.2969,0.229734,0.224974,0.103573,4026.66,0
5.79216,23.2378,0.351546,0.320636,0.0798938,4011.93,0
5.79867,23.358,0.432188,0.374441,0.117278,4028.17,0
5.80519,23.3255,0.24035,0.346566,0.100892,4018.04,0
5.81177,23.5009,0.299997,0.381794,0.15415,4043.68,0
5.81829,23.4255,0.285338,0.393552,0.121507,4026.18,0
5.82478,23.518,0.105858,0.503809,0.147616,4037.58,0
5.83131,23.5732,-0.0212305,0.606274,0.157727,4042.53,0
5.83782,23.8296,-0.143871,0.473254,0.236604,4081.94,0
5.84433,23.6962,-0.296209,0.390435,0.17827,4054.56,0
5.85085,23.9607,-0.42845,-0.0292753,0.259294,4095.25,0
5.85737,24.0963,-0.414971,-0.353424,0.2887,4113.85,0
5.86387,23.9605,-0.605174,-0.364071,0.224944,4086.12,0
5.8704,23.9693,-0.425655,-0.571416,0.215211,4083.08,0
5.87693,23.8102,-0.615878,-0.4525,0.151038,4051.48,0
5.88341,23.9237,-0.501163,-0.284213,0.182631,4066.31,0
5.8899,24.2943,-0.554282,-0.496224,0.29666,4124.73,0
5.89644,24.3403,-0.95308,-0.266929,0.29101,4127.96,0
5.90296,24.3143,-0.930038,-0.410608,0.265292,4118.99,0
5.90947,24.4585,-1.12392,-0.218769,0.298965,4138.86,0
5.91598,24.4744,-1.08089,-0.32071,0.283956,4136.99,0
5.92248,24.2718,-1.02853,-0.114731,0.198638,4098.24,0
5.92897,24.1782,-1.13241,-0.184501,0.15675,4077.98,0
5.93549,24.0991,-1.30769,-0.159638,0.121134,4060.17,0
5.94199,24.3847,-1.23262,-0.286843,0.21278,4103.8,0
5.94849,24.2178,-1.11909,-0.463971,0.143591,4071.24,0
5.955,24.3216,-1.33777,-0.291628,0.171149,4084.23,0
5.96151,24.1779,-1.45882,-0.189564,0.113286,4055.66,0
5.968,24.398,-1.59776,-0.0881905,0.180877,4088.13,0
5.97443,24.3663,-1.42187,-0.0171386,0.159193,4078.43,0
5.98094,24.3611,-1.54057,0.0769295,0.149815,4073.12,0
5.98748,24.4289,-1.57546,0.041269,0.165364,4079.99,0
5.99402,24.3766,-1.79311,0.0735171,0.139733,4066.81,0
6.00053,24.4823,-1.83139,0.202006,0.169883,4080.02,0
6.00702,24.4177,-1.48618,-0.0224237,0.138763,4064.86,0
6.0135,24.6139,-1.36499,-0.0614353,0.198122,4093.1,0
6.02002,24.7253,-1.33371,-0.144236,0.226983,4107.17,0
6.02656,24.6673,-1.37773,-0.337627,0.194414,4093.1,0
6.03308,24.5611,-1.4613,-0.192446,0.148249,4071.08,0
6.03959,24.4111,-1.35287,-0.0793883,0.0908523,4041.85,0
6.04612,24.5605,-1.40238,-0.236501,0.13706,4062.19,0
6.05267,24.5359,-1.46272,-0.469568,0.123168,4053.72,0
6.05922,24.4199,-1.63575,-0.482334,0.078628,4030.2,0
6.06575,24.6037,-1.74854,-0.537343,0.138254,4056.18,0
6.07225,24.4854,-1.75481,-0.631064,0.0919609,4032.35,0
6.07877,24.4308,-1.64579,-0.551941,0.0692414,4019.03,0
6.08529,24.3444,-1.74645,-0.615426,0.0376802,4000.53,0
6.0918,24.2885,-1.83836,-0.584454,0.0174124,3987.08,0
6.09832,24.3799,-1.97376,-0.619808,0.0489901,3997.81,0
6.10485,24.451,-1.93503,-0.519628,0.0720422,4005.18,0
6.11138,24.6375,-1.69789,-0.650219,0.132941,4031.42,0
6.1179,24.5213,-1.70481,-0.537815,0.0876847,4008.13,0
6.12438,24.4533,-1.72237,-0.368813,0.0607986,3992.78,0
6.13085,24.5844,-1.84071,-0.496841,0.104555,4009.95,0
6.13739,24.6269,-1.81877,-0.246949,0.114122,4012.61,0
6.14387,24.8005,-1.96766,-0.581076,0.167387,4036.63,0
6.15038,25.0783,-1.90642,-0.557306,0.253606,4077.51,0
6.15692,25.0914,-1.89154,-0.550569,0.238755,4075.33,0
6.16346,25.3644,-1.79792,-0.691945,0.314927,4115.28,0
6.16998,25.2651,-1.89152,-0.768261,0.257716,4094.85,0
6.17648,25.3602,-1.80979,-1.09012,0.273531,4105.93,0
6.18297,25.4679,-1.71188,-1.04066,0.290562,4119.04,0
6.1895,25.4337,-1.83243,-1.43869,0.257389,4109.18,0
6.19604,25.832,-2.00903,-1.2341,0.374706,4169.12,0
6.20253,25.8682,-1.99906,-1.26382,0.359646,4170.59,0
6.20903,26.0013,-2.23168,-1.56018,0.380723,4187.65,0
6.21555,25.8254,-2.20062,-1.25729,0.291363,4154.97,0
6.22208,26.0236,-2.16036,-0.994306,0.337775,4182.46,0
6.22859,26.1489,-2.4963,-1.09088,0.356743,4198.21,0
6.2351,25.9844,-2.45273,-1.32239,0.277599,4167.44,0
6.24163,26.0809,-2.73819,-1.35517,0.293036,4178.54,0
6.24813,26.1957,-2.87116,-1.466,0.310489,4192.56,0
6.25461,26.1078,-2.97777,-1.56469,0.259687,4174.17,0
6.26111,26.2562,-3.24623,-1.21069,0.292101,4193.53,0
6.2676,26.7276,-3.30236,-1.15328,0.425355,4264.41,0
6.2741,26.6464,-3.64828,-1.0249,0.365229,4247.04,0
6.28063,26.4471,-3.66504,-0.868459,0.273039,4210.9,0
6.28709,26.1888,-3.56868,-0.725984,0.17063,4165.48,0
6.29366,25.993,-3.52513,-0.709317,0.0960506,4130.04,0
6.30017,25.9953,-3.38595,-0.813606,0.0935884,4126.13,0
6.3067,25.9098,-3.45549,-0.781743,0.0610881,4108.29,0
6.31318,25.8739,-3.44428,-0.773269,0.0469827,4098.39,0
6.31972,26.0399,-3.70761,-0.756182,0.102514,4120.42,0
6.32622,26.1139,-3.74807,-0.813778,0.123595,4127.89,0
6.33271,26.2392,-3.78313,-0.917379,0.161744,4143.44,0
6.33922,26.2876,-3.8926,-0.709389,0.170792,4146.82,0
6.34575,26.1823,-4.0958,-0.554222,0.123802,4125.96,0
6.35226,26.3379,-4.33389,-0.435418,0.170765,4146.23,0
6.35875,26.3913,-4.12591,-0.397457,0.179012,4150.39,0
6.36522,26.6625,-4.11475,-0.151583,0.26125,4188.78,0
6.37175,26.7292,-4.05618,-0.123938,0.268783,4194.95,0
6.37828,26.952,-4.06102,-0.157392,0.323104,4225.6,0
6.3848,26.8591,-4.14682,0.172522,0.271234,4206.73,0
6.3913,26.7918,-4.08185,0.0983309,0.231841,4191.92,0
6.39777,27.0839,-4.18412,-0.0349248,0.316884,4233.34,0
6.4043,27.105,-4.11791,0.101459,0.299484,4232.32,0
6.41082,27.2319,-4.29556,-0.053379,0.321518,4247.8,0
6.41731,27.1193,-4.56836,-0.120101,0.261282,4225.96,0
6.42379,27.273,-4.47385,-0.178411,0.295967,4245.62,0
6.43032,27.4221,-4.6317,-0.171259,0.326659,4264.5,0
6.43676,27.2987,-4.39967,-0.368566,0.262234,4241.06,0
6.44326,27.3026,-4.37073,-0.11719,0.248287,4237.39,0
6.4498,27.3414,-4.46509,-0.00864881,0.245635,4239.11,0
6.45631,27.3888,-4.25044,-0.0665344,0.247621,4242.17,0
6.46287,27.4226,-4.27696,-0.264587,0.242304,4243.1,0
6.46936,27.3482,-4.42236,-0.271245,0.201334,4227.35,0
6.47587,27.3961,-4.65936,-0.22956,0.206013,4230.48,0
6.48239,27.468,-4.54429,-0.244732,0.215718,4237.33,0
6.48885,27.5645,-4.58279,-0.468374,0.23548,4247.97,0
6.49534,27.5208,-4.71593,-0.500711,0.206947,4237.01,0
6.50188,27.5991,-4.89185,-0.434366,0.222295,4244.79,0
6.50836,27.3574,-5.11657,-0.338898,0.12854,4203.42,0
6.51477,27.4045,-5.20147,-0.0227448,0.137843,4206.52,0
6.52128,27.2992,-5.18962,-0.0280195,0.0950834,4186.17,0
6.52777,27.3288,-5.1235,0.199532,0.101404,4186.54,0
6.53429,27.5058,-5.15641,0.447354,0.156561,4209.46,0
6.54083,27.943,-5.23092,0.272091,0.295229,4272.08,0
6.5473,27.8505,-5.46221,0.173409,0.244623,4253.73,0
6.55381,27.5541,-5.45027,-0.0840459,0.131173,4204.29,0
6.56029,27.7594,-5.31314,-0.146879,0.194346,4231.43,0
6.56677,27.7444,-5.40825,-0.274324,0.177677,4224.97,0
6.5733,27.6204,-5.49469,-0.444128,0.126013,4201.91,0
6.57982,27.4791,-5.68003,-0.306208,0.073007,4176.26,0
6.58632,27.3678,-5.5907,-0.256607,0.0322608,4155.24,0
6.59284,27.4563,-5.66067,-0.202074,0.0625725,4164.56,0
6.59938,27.4848,-5.85668,-0.0578502,0.0700187,4164.75,0
6.60585,27.4032,-5.70447,-0.0784036,0.0393824,4148.32,0
6.6124,27.3839,-5.61225,-0.201194,0.0316264,4141.29,0
6.61889,27.4486,-5.67586,-0.0853452,0.0536126,4147.01,0
6.62534,27.503,-5.77878,0.245199,0.0702988,4151.18,0
6.63186,27.5911,-5.68418,0.186546,0.0979277,4160.38,0
6.63838,27.522,-5.65644,0.140672,0.0718018,4145.89,0
6.6449,27.3661,-5.66709,0.227127,0.0164319,4118.36,0
6.65142,27.4281,-5.72638,0.0842952,0.0373275,4123.65,0
6.65793,27.5709,-5.58291,-0.0620696,0.0855215,4141.06,0
6.66444,27.3865,-5.47002,-0.22263,0.0197062,4109.35,0
6.67095,27.3949,-5.44007,-0.282527,0.0223385,4106.6,0
6.67743,27.5156,-5.37475,-0.197169,0.0626178,4120.69,0
6.68398,27.4578,-5.33869,-0.156815,0.0415264,4108.01,0
6.69047,27.4995,-5.30914,-0.111124,0.0554031,4110.25,0
6.69699,27.6348,-5.21227,-0.185257,0.0998849,4126.45,0
6.70348,27.8072,-5.1771,-0.219325,0.15468,4148.18,0
6.70993,27.9627,-5.15748,-0.320461,0.198349,4167.37,0
6.71641,27.8652,-5.13929,-0.437616,0.153278,4148.82,0
6.72295,28.0521,-5.08101,-0.423559,0.210904,4172.58,0
6.72946,27.8548,-5.19944,-0.72425,0.132926,4139.23,0
6.73592,27.8973,-5.38043,-0.690066,0.14098,4141.58,0
6.74242,27.8801,-5.40266,-0.423456,0.129222,4135.03,0
6.74895,27.9216,-5.19632,-0.328659,0.13646,4137.18,0
6.75545,27.9713,-5.08837,-0.300736,0.146167,4140.56,0
6.76196,28.202,-5.1689,-0.331594,0.217503,4170.68,0
6.76847,28.1494,-5.0733,-0.50212,0.188815,4158.9,0
6.775,28.0439,-5.22022,-0.395475,0.143756,4139.32,0
6.78152,28.1622,-5.34171,-0.547514,0.178068,4152.79,0
6.788,28.1582,-5.19566,-0.582031,0.168077,4148.24,0
6.79454,28.1731,-4.93577,-0.479829,0.165659,4146.43,0
6.80106,28.1091,-5.10148,-0.256614,0.133908,4133.05,0
6.80754,28.0226,-5.04604,-0.317531,0.0990224,4116.4,0
6.81406,27.9905,-4.99578,-0.179772,0.0836497,4107.75,0
6.82056,27.968,-4.85034,-0.287196,0.072601,4100.54,0
6.82704,27.9564,-4.92698,-0.284383,0.0669023,4094.96,0
6.83352,27.9759,-4.96277,-0.383384,0.0715791,4093.93,0
6.84002,28.0612,-4.7796,-0.302232,0.0990485,4102.5,0
6.84651,28.1949,-4.79338,-0.468704,0.141218,4118.15,0
6.85296,28.2687,-4.67647,-0.255313,0.159285,4125.04,0
6.85943,28.4838,-4.56089,-0.199827,0.225886,4152.5,0
6.86595,28.6301,-4.47011,-0.335359,0.261923,4169.86,0
6.87249,28.5617,-4.42359,-0.35788,0.222302,4155.94,0
6.87901,28.4149,-4.48001,-0.375578,0.158987,4130.67,0
6.88553,28.4298,-4.22375,-0.662034,0.15607,4128.91,0
6.89201,28.292,-4.33521,-0.553828,0.102248,4105.05,0
6.8985,28.2986,-4.34396,-0.541763,0.101613,4102.13,0
6.90502,28.3334,-4.27347,-0.571379,0.109145,4103.3,0
6.91151,28.4591,-4.27256,-0.515481,0.14669,4117.64,0
6.91805,28.4031,-4.19931,-0.643251,0.122332,4105.66,0
6.92457,28.4437,-4.10625,-0.398849,0.129765,4107.65,0
6.93107,28.6972,-4.09083,-0.475561,0.209587,4140.38,0
6.93759,28.6471,-4.12567,-0.501583,0.179317,4129.25,0
6.94406,28.7347,-4.18112,-0.225627,0.197316,4138.02,0
6.95055,28.8281,-4.094,-0.214831,0.217513,4147.59,0
6.95708,28.773,-4.23374,-0.0647155,0.184052,4135.78,0
6.96358,28.6974,-4.20606,-0.0467706,0.150036,4121.07,0
6.97013,28.5974,-4.39685,-0.0988121,0.108443,4102.85,0
6.97661,28.6759,-4.44722,-0.125901,0.132369,4110.3,0
6.9831,28.5589,-4.70173,0.0263121,0.0863502,4089.71,0
6.9896,28.6183,-4.64624,-0.00766723,0.10348,4094.42,0
6.99608,28.5608,-4.65798,0.0484487,0.0796364,4082.4,0
7.00263,28.6463,-4.71578,-0.0096334,0.10618,4090.79,0
7.00913,28.5728,-5.07762,0.101414,0.0773695,4076.52,0
7.01565,28.6538,-5.05861,0.00473807,0.102133,4084.27,0
7.02218,28.5854,-5.06405,-0.143313,0.0742325,4070.73,0
7.02873,28.5354,-5.16819,-0.136605,0.0554164,4059.82,0
7.03527,28.6346,-5.13763,-0.116631,0.0866475,4070.15,0
7.04176,28.6588,-4.9823,-0.219437,0.0918635,4069.83,0
7.04825,28.7264,-5.04992,-0.317842,0.110225,4075.67,0
7.05478,28.8428,-5.1359,-0.249803,0.145615,4088.4,0
7.06133,28.7531,-5.20199,-0.163068,0.108677,4071.91,0
7.06782,28.6776,-5.22841,-0.154094,0.0785322,4057.49,0
7.07435,28.8552,-5.08575,-0.247486,0.134921,4078.85,0
7.08087,28.7658,-5.20473,-0.341309,0.0990749,4062.47,0
7.08733,28.7045,-4.9768,-0.392543,0.0750324,4050.12,0
7.09384,28.6774,-4.8962,-0.551658,0.0631094,4042.58,0
7.1004,28.7707,-5.01253,-0.321188,0.0928575,4051.98,0
7.10692,28.7879,-5.05041,-0.358878,0.0953503,4050.68,0
7.11344,28.8006,-5.04052,-0.227136,0.0953207,4048.75,0
7.11991,28.7697,-5.23775,-0.21095,0.0812841,4040.74,0
7.12641,28.6704,-5.34516,-0.299604,0.0439557,4023.11,0
7.13295,28.7026,-5.22818,-0.411669,0.052718,4023.94,0
7.13942,28.7757,-5.26932,-0.315039,0.076379,4030.53,0
7.14594,28.913,-5.15608,-0.338368,0.120352,4046.07,0
7.15245,29.2282,-5.02422,-0.251368,0.222399,4086.45,0
7.15892,29.2019,-4.91638,-0.581005,0.199533,4079.09,0
7.16544,29.2895,-4.99447,-0.71778,0.218443,4087.6,0
7.17193,29.2173,-4.91508,-0.863653,0.181192,4073.84,0
7.17845,29.2892,-4.81686,-0.985479,0.194113,4080.15,0
7.18493,29.3093,-4.69709,-1.03259,0.189954,4079.28,0
7.19145,29.4239,-4.73813,-1.05298,0.216596,4091.51,0
7.19796,29.5078,-4.78252,-0.966596,0.232582,4099.47,0
7.20446,29.4618,-4.96025,-1.03462,0.204427,4089.39,0
7.21095,29.6033,-4.95423,-0.93786,0.240597,4105.33,0
7.21745,29.5028,-5.18899,-1.01812,0.191098,4087.7,0
7.22396,29.6703,-5.01121,-1.10504,0.236783,4107.2,0
7.23051,29.6998,-5.03741,-1.07422,0.232205,4107.56,0
7.23707,29.7263,-5.23233,-1.39868,0.226235,4107.51,0
7.24355,29.834,-5.55181,-1.26741,0.24747,4118.69,0
7.25004,29.5787,-5.64674,-1.24288,0.146877,4079.8,0
7.25656,29.6218,-5.57111,-1.19672,0.155362,4082.08,0
7.26308,29.629,-5.54908,-1.09088,0.150359,4079.4,0
7.26954,29.4848,-5.73306,-1.18389,0.094638,4055.94,0
7.27609,29.4999,-5.65324,-1.37497,0.0958604,4054.37,0
7.28257,29.5853,-5.65287,-1.41331,0.121624,4062.48,0
7.28903,29.5416,-5.5112,-1.55007,0.101452,4052.89,0
7.29553,29.6208,-5.66243,-1.41255,0.123518,4060.13,0
7.30203,29.5606,-5.90038,-1.50369,0.0989405,4048.28,0
7.30856,29.5827,-5.9434,-1.44708,0.10244,4047.68,0
7.31506,29.5486,-6.00241,-1.44032,0.0865079,4039.42,0
7.32159,29.657,-6.04457,-1.3981,0.119204,4050.61,0
7.32812,29.5574,-5.96191,-1.30134,0.0809745,4033.42,0
7.33466,29.485,-5.78804,-1.23668,0.0536516,4019.95,0
7.34115,29.4894,-5.60719,-1.30136,0.0537574,4017,0
7.34765,29.4732,-5.70033,-1.21365,0.0467455,4011.24,0
7.35417,29.5236,-5.82687,-1.24518,0.0626766,4014.54,0
7.36068,29.5163,-5.91102,-1.33792,0.0584607,4010,0
7.36723,29.4565,-6.1193,-1.37581,0.0365381,3998.31,0
7.37375,29.4233,-6.07463,-1.30057,0.0244255,3990.28,0
7.38021,29.4071,-6.20941,-1.20461,0.0179363,3984.59,0
7.38672,29.4568,-6.07628,-1.34941,0.0350198,3987.8,0
7.39324,29.6315,-6.14271,-1.38031,0.093508,4007.92,0
7.39975,29.5597,-6.09556,-1.211,0.0650818,3994.69,0
7.40625,29.617,-6.04752,-1.15253,0.0826259,3998.92,0
7.41275,29.7345,-5.99276,-1.02145,0.11994,4011.27,0
7.41925,29.8403,-6.03819,-1.09708,0.150211,4022.01,0
7.42574,29.8408,-6.08927,-1.29157,0.143211,4018.57,0
7.43226,29.8478,-5.7895,-1.3465,0.138297,4015.97,0
7.43875,29.7426,-5.80642,-1.37694,0.0951036,3998.33,0
7.44527,29.7046,-5.7411,-1.42953,0.077302,3989.73,0
7.4518,29.6484,-5.8024,-1.43381,0.0559155,3978.69,0
7.45828,29.6412,-5.81158,-1.47411,0.0515124,3974.27,0
7.46478,29.6294,-5.74953,-1.48485,0.0463344,3969.23,0
7.47127,29.5129,-5.83562,-1.51351,0.00504258,3950.18,0
7.47782,29.6233,-5.88357,-1.50451,0.0432352,3961.5,0
7.48435,29.6465,-5.89476,-1.67126,0.0500319,3961.13,0
7.49085,29.6711,-5.80712,-1.55013,0.0569706,3960.98,0
7.49733,29.7165,-5.69302,-1.55242,0.0705652,3963.62,0
7.50384,29.5771,-5.60044,-1.49064,0.0208751,3941.6,0
7.51031,29.5402,-5.66779,-1.51172,0.00774509,3933.28,0
7.51686,29.5374,-5.66987,-1.47605,0.00665724,3929.49,0
7.52336,29.566,-5.66422,-1.5387,0.0164734,3929.89,0
7.52987,29.6232,-5.56266,-1.5247,0.0361837,3934.1,0
7.53637,29.6281,-5.5503,-1.35236,0.0373287,3931.35,0
7.54286,29.8072,-5.59396,-1.33676,0.097999,3951.71,0
7.54937,29.8352,-5.64666,-1.27446,0.102912,3952.02,0
7.55584,29.9466,-5.59124,-1.51846,0.136117,3963.37,0
7.56238,29.9412,-5.73897,-1.60183,0.127603,3959.23,0
7.56888,29.8827,-5.56946,-1.58954,0.101868,3948.09,0
7.5754,29.7154,-5.51271,-1.48616,0.0416985,3922.61,0
7.58189,29.7655,-5.44553,-1.48965,0.0578485,3925.88,0
7.58837,29.765,-5.254,-1.51791,0.0555165,3922.45,0
7.59488,29.8828,-5.28494,-1.55578,0.0943687,3934.6,0
7.60138,29.7694,-5.20724,-1.67779,0.0518994,3916.32,0
7.6079,29.7075,-5.27828,-1.6979,0.0288876,3904.82,0
7.61443,29.8211,-5.29499,-1.72684,0.0675978,3916.4,0
7.62093,29.7983,-5.28462,-1.71659,0.0582838,3910.06,0
7.62742,29.7803,-5.25068,-1.69447,0.0506106,3904.37,0
7.63394,29.9181,-5.28896,-1.55444,0.096926,3919.09,0
7.64044,30.0543,-5.30496,-1.36688,0.138943,3933.59,0
7.64694,30.0642,-5.53077,-1.53351,0.136654,3931.53,0
7.65341,29.9546,-5.62752,-1.38696,0.0934614,3913.89,0
7.65995,30.0587,-5.76311,-1.35588,0.124481,3924.13,0
7.66647,30.0295,-5.50268,-1.23043,0.108881,3916.99,0
7.67296,30.0425,-5.42128,-1.15979,0.10994,3915.37,0
7.67947,30.0413,-5.18437,-1.22392,0.105005,3911.9,0
7.68595,29.8559,-4.95101,-1.24655,0.0375145,3884.47,0
7.69243,29.9851,-5.00391,-1.23653,0.0810216,3898,0
7.69897,29.7777,-5.11587,-1.08084,0.00722331,3867.75,0
7.70549,29.9537,-5.26846,-1.02726,0.0677944,3887.32,0
7.712,29.949,-5.1422,-0.963781,0.0648296,3883.43,0
7.71856,29.962,-5.12702,-1.07744,0.0672344,3881.81,0
7.72509,30.0712,-5.16664,-1.09408,0.1023,3892.67,0
7.7316,30.0277,-5.2172,-1.00497,0.0840993,3883.76,0
7.7381,30.0198,-5.38221,-0.932654,0.0772789,3879.48,0
7.74462,29.9817,-5.22425,-0.846313,0.0615591,3871.29,0
7.75113,29.9873,-5.07169,-0.697661,0.0616543,3868.76,0
7.75765,30.0745,-4.90483,-0.645772,0.0900001,3876.76,0
7.76412,30.0537,-5.02258,-0.630824,0.0788848,3870.85,0
7.77064,29.8448,-5.07932,-0.551549,0.00517723,3840.71,0
7.77718,29.9439,-5.00839,-0.449931,0.039395,3850.23,0
7.78364,30.1249,-4.999,-0.536038,0.0995801,3870.28,0
7.79019,30.1487,-5.00464,-0.595186,0.104163,3870.09,0
7.79668,30.3238,-4.90838,-0.719358,0.159325,3889.32,0
7.80315,30.4248,-4.84628,-0.708403,0.185741,3899.05,0
7.80967,30.5041,-4.86421,-0.804558,0.202845,3905.95,0
7.81615,30.6299,-4.64883,-0.758087,0.234946,3918.8,0
7.82271,30.58,-4.65743,-0.922597,0.201665,3909.14,0
7.82924,30.3961,-4.6153,-0.841514,0.129448,3882.37,0
7.83573,30.3326,-4.63186,-0.988823,0.101696,3871.06,0
7.84224,30.5195,-4.59277,-0.852633,0.160587,3891.68,0
7.84876,30.5737,-4.52376,-0.973082,0.171374,3895.35,0
7.85521,30.5102,-4.48041,-0.996251,0.143016,3884.07,0
7.86171,30.2705,-4.53441,-0.75485,0.0549124,3850.37,0
7.86826,30.2535,-4.37363,-0.877462,0.0472592,3845.01,0
7.87478,30.2433,-4.1974,-0.878408,0.0423523,3840.52,0
7.88129,30.2805,-4.20062,-0.858619,0.0537985,3842.07,0
7.8878,30.3207,-3.98828,-0.89246,0.0663351,3844,0
7.89425,30.556,-3.95263,-0.920806,0.143356,3870.66,0
7.90077,30.5638,-3.90593,-1.13412,0.137248,3868.45,0
7.90722,30.5974,-3.96757,-1.21034,0.143209,3869.56,0
7.91371,30.6915,-3.96517,-1.33844,0.168716,3878.27,0
7.92016,30.8628,-4.11504,-1.50316,0.218449,3896.74,0
7.92665,30.8452,-4.01026,-1.47426,0.198661,3891.33,0
7.93321,30.5791,-3.86527,-1.34274,0.0968148,3854.57,0
7.93974,30.814,-4.00716,-1.20608,0.171992,3880.98,0
7.94628,31.2161,-4.04333,-1.0902,0.296894,3928.39,0
7.95281,31.2586,-4.24667,-1.24058,0.291284,3930.51,0
7.95929,31.0108,-4.20641,-1.24304,0.184921,3896.18,0
7.96581,31.2262,-4.16157,-1.34552,0.247158,3920.03,0
7.97232,31.2271,-4.20623,-1.28342,0.228746,3916.94,0
7.97879,31.3172,-4.26134,-1.71538,0.245033,3925.06,0
7.98529,31.2379,-4.16885,-1.68356,0.203544,3911.94,0
7.99177,31.2901,-4.22798,-1.57282,0.208144,3915.29,0
7.99824,31.1726,-4.18946,-1.52437,0.155788,3897.43,0
8.00476,31.0662,-4.05537,-1.40747,0.112029,3880.97,0
8.01128,31.0159,-4.10752,-1.30248,0.0901843,3871.53,0
8.01779,30.9449,-4.04386,-1.32785,0.0630017,3859.54,0
8.02429,30.8395,-4.02477,-1.11682,0.0246962,3843.27,0
8.03078,30.799,-4.01225,-1.00799,0.0103546,3835.11,0
8.03732,30.844,-3.96081,-0.88611,0.0256083,3837.6,0
8.0438,31.0663,-4.13613,-0.75967,0.101246,3862.14,0
8.05035,31.0127,-4.11788,-0.947265,0.0786176,3852.35,0
8.05684,31.1361,-4.12701,-0.884506,0.117212,3864.55,0
8.06335,31.2439,-4.09025,-0.807037,0.148491,3874.81,0
8.06984,31.1799,-3.82481,-0.778503,0.120134,3863.76,0
8.07636,31.2821,-3.66556,-0.603784,0.147613,3873.3,0
8.08288,31.148,-3.58782,-0.64083,0.0949404,3853.58,0
8.08937,31.1595,-3.72594,-0.45972,0.0958085,3851.91,0
8.09591,31.0636,-3.64026,-0.438924,0.059383,3836.95,0
8.10237,31.1348,-3.4304,-0.547386,0.0812938,3842.67,0
8.10887,31.229,-3.48206,-0.556406,0.112155,3851.21,0
8.11532,31.1192,-3.36328,-0.330664,0.0694835,3834.63,0
8.12183,31.2981,-3.36814,-0.390663,0.128877,3853.58,0
8.12833,31.5827,-3.414,-0.279565,0.220796,3885.51,0
8.13488,31.5409,-3.39104,-0.30779,0.193042,3877.25,0
8.14134,31.6023,-3.40982,-0.437756,0.20465,3881.71,0
8.14781,31.5243,-3.25104,-0.604724,0.167451,3869.06,0
8.15432,31.7372,-2.98272,-0.40077,0.228839,3892.08,0
8.16084,31.9599,-3.1374,-0.724194,0.291137,3916.26,0
8.16738,31.7001,-3.37574,-0.68587,0.185874,3881.3,0
8.17385,31.5778,-3.4005,-0.723329,0.13439,3863.27,0
8.18038,31.8003,-3.34768,-0.951226,0.204714,3887.38,0
8.18693,31.6818,-3.38323,-0.803555,0.15302,3869.8,0
8.19345,31.5849,-3.63848,-0.796166,0.112874,3854.9,0
8.19994,31.587,-3.69095,-0.837972,0.110448,3852.1,0
8.2064,31.7445,-3.73926,-0.863765,0.157757,3868.26,0
8.21288,31.9466,-3.54266,-1.02826,0.21943,3889.81,0
8.21938,31.8242,-3.56069,-1.10968,0.165824,3871.85,0
8.22589,31.7119,-3.46829,-1.23188,0.117348,3855.14,0
8.23245,31.5265,-3.43564,-1.30128,0.0493689,3829.55,0
8.23894,31.5294,-3.32922,-1.42315,0.0496024,3826.87,0
8.24546,31.4597,-3.37931,-1.27866,0.0238366,3815.4,0
8.25194,31.5091,-3.52634,-1.31872,0.0399451,3818.39,0
8.25844,31.6256,-3.46597,-1.25025,0.0790558,3829.49,0
8.26497,31.6026,-3.21738,-1.07283,0.0692009,3823.68,0
8.2715,31.7541,-3.28462,-0.9723,0.11776,3838.98,0
8.278,31.9597,-3.50128,-0.715793,0.1818,3860.8,0
8.28455,31.8421,-3.5816,-0.640506,0.134321,3843.55,0
8.29107,31.8436,-3.72487,-0.52506,0.128114,3840.71,0
8.29755,31.9455,-3.9397,-0.481771,0.157707,3849.99,0
8.30405,31.7892,-3.93133,-0.584057,0.097153,3828.15,0
8.31058,31.7469,-3.73306,-0.387743,0.0791238,3820.06,0
8.31712,31.9395,-3.87488,-0.37543,0.142405,3840.21,0
8.32365,32.2486,-4.0207,-0.492466,0.238628,3874.33,0
8.33011,32.3532,-4.25728,-0.476456,0.257404,3883.88,0
8.33664,32.3687,-4.22741,-0.542035,0.245531,3882.71,0
8.34314,32.2317,-4.20737,-0.494827,0.186006,3863.25,0
8.34964,32.34,-4.1727,-0.615191,0.210918,3873.22,0
8.35616,32.3127,-4.37266,-0.3775,0.189857,3866.93,0
8.36268,32.2683,-4.52183,-0.460769,0.165352,3858.61,0
8.36916,32.148,-4.42932,-0.399923,0.116741,3841.24,0
8.37565,31.9868,-4.37634,-0.637314,0.0572234,3819.02,0
8.38215,32.2035,-4.50189,-0.596152,0.128301,3841.91,0
8.38866,32.1485,-4.54828,-0.558966,0.104778,3832.38,0
8.39518,32.2383,-4.50289,-0.528211,0.13077,3840.1,0
8.40168,32.2334,-4.52059,-0.439355,0.121447,3836.54,0
8.40819,32.4488,-4.41015,-0.487153,0.18865,3859.19,0
8.4147,32.7162,-4.43804,-0.452483,0.266083,3887.98,0
8.42119,32.6086,-4.27962,-0.237076,0.212454,3872.21,0
8.4277,32.5672,-4.51826,-0.268863,0.187023,3864.3,0
8.43422,32.5546,-4.3818,-0.197292,0.174746,3859.82,0
8.4407,32.5303,-4.33216,0.0960716,0.15656,3853.98,0
8.44722,32.4162,-4.27211,0.176852,0.110859,3837.5,0
8.45373,32.4034,-4.26945,0.191866,0.10176,3833.03,0
8.46027,32.5993,-4.22585,0.217035,0.161599,3853.22,0
8.46677,32.6576,-4.29708,0.148137,0.173812,3857.15,0
8.47329,33.0019,-4.27915,0.230277,0.281494,3894.82,0
8.47982,33.1237,-4.16552,0.166704,0.305628,3906.18,0
8.48629,33.0305,-4.00861,0.0802676,0.254452,3892.22,0
8.49278,32.9257,-3.89217,-0.123312,0.203126,3876.9,0
8.49929,32.9327,-3.90105,-0.310373,0.192625,3874.76,0
8.50583,32.7125,-3.65901,-0.355983,0.108341,3845.89,0
8.51236,32.8408,-3.46466,-0.533413,0.148183,3858.02,0
8.51887,32.763,-3.35841,-0.538241,0.11624,3845.93,0
8.52537,32.6697,-3.30302,-0.428778,0.0783302,3832.06,0
8.53189,32.9546,-3.47299,-0.604665,0.171443,3862.52,0
8.53836,33.2577,-3.50685,-0.458397,0.264827,3895.09,0
8.54485,33.3547,-3.64567,-0.338263,0.278314,3903.49,0
8.55137,33.8269,-3.89098,-0.327542,0.415901,3955.72,0
8.55785,34.0753,-3.68798,-0.223209,0.461135,3981.75,0
8.56438,33.9201,-3.60845,-0.260621,0.373123,3960.6,0
8.57092,34.057,-3.58034,-0.286531,0.391087,3973.55,0
8.57742,34.0586,-3.3741,-0.18544,0.360109,3970.74,0
8.5839,34.029,-3.31449,-0.172951,0.323044,3964.28,0
8.59042,34.039,-3.56965,-0.181384,0.301537,3962.43,0
8.59692,34.2453,-3.648,-0.146072,0.352594,3983.44,0
8.60344,34.0042,-3.57262,-0.225175,0.245346,3952.4,0
8.60996,33.9678,-3.7501,-0.100788,0.217444,3945.17,0
8.61648,34.3106,-3.90267,0.381856,0.317162,3981.97,0
8.62299,34.2601,-4.04871,0.589674,0.276409,3973.11,0
8.62949,34.3537,-3.83418,0.426624,0.28994,3980.97,0
8.63603,34.3561,-3.82609,0.707598,0.271769,3978.23,0
8.64253,34.5055,-3.92544,0.744802,0.303617,3992.52,0
8.64909,34.3718,-3.87986,0.560962,0.241107,3974.04,0
8.65559,34.2318,-4.10427,0.509034,0.181912,3954.88,0
8.6621,34.3798,-3.79643,0.066195,0.22196,3968.99,0
8.66857,34.3977,-3.93101,0.0812266,0.216616,3968.09,0
8.67506,34.3238,-3.70499,0.0390222,0.179635,3956.6,0
8.6816,34.0807,-3.78193,-0.211756,0.0890129,3925.63,0
8.68809,34.2194,-3.92457,-0.167831,0.132619,3938.66,0
8.69457,34.0528,-3.90703,-0.201779,0.0701445,3916.56,0
8.70108,34.1915,-3.90802,-0.0581324,0.11474,3929.57,0
8.70758,34.132,-3.86038,0.26775,0.0888519,3919.8,0
8.71416,34.1447,-3.86772,0.225857,0.0902795,3918.3,0
8.7207,34.4045,-3.89586,-0.0302914,0.175702,3945.15,0
8.72717,34.5499,-4.15933,-0.101987,0.214028,3958.89,0
8.73369,34.5342,-4.04992,-0.163827,0.195989,3954.14,0
8.74019,34.4195,-3.91259,-0.14631,0.144426,3938.07,0
8.74667,34.7112,-3.91139,-0.100549,0.234313,3968.5,0
8.75318,34.4486,-4.20939,0.0235547,0.132805,3935.55,0
8.75974,34.7077,-4.0873,-0.175306,0.211634,3962.18,0
8.76626,34.7138,-3.90753,0.0239885,0.199565,3959.93,0
8.77275,34.8745,-3.86031,0.0166353,0.242926,3975.32,0
8.77929,34.8394,-4.01583,0.0652811,0.212465,3968.37,0
8.78578,34.7121,-3.88271,0.129333,0.155747,3950.94,0
8.79234,34.5738,-3.92775,-0.069834,0.102068,3932.27,0
8.79883,34.6254,-4.03215,-0.129166,0.115929,3935.23,0
8.80537,34.6422,-3.9589,-0.0682087,0.115666,3934.21,0
8.81185,34.5923,-4.1292,-0.0568987,0.0937336,3925.66,0
8.81836,34.6235,-4.30712,-0.0921039,0.100319,3926.29,0
8.82483,34.4577,-4.3241,-0.148039,0.0391406,3904.63,0
8.8313,34.4776,-4.32364,-0.0822386,0.0442166,3904.02,0
8.83782,34.5612,-4.13642,-0.192715,0.0709648,3910.6,0
8.84433,34.371,-4.00003,-0.202518,0.00391095,3886.22,0
8.85087,34.4058,-4.10798,-0.197516,0.0160089,3887.28,0
8.8574,34.4184,-4.16937,-0.21212,0.020268,3885.83,0
8.86388,34.4803,-4.13708,-0.211722,0.0411184,3889.98,0
8.87041,34.5388,-4.05389,-0.00618616,0.0592712,3893.71,0
8.87696,34.4667,-4.04212,-0.0110891,0.0330375,3882.71,0
8.8835,34.5903,-3.94724,-0.0857011,0.074019,3893.77,0
8.88997,34.5868,-3.97,-0.241789,0.0714065,3890.54,0
8.89646,34.5752,-3.86544,-0.282083,0.0650813,3886.4,0
8.90298,34.6019,-3.90267,-0.253247,0.0720985,3886.55,0
8.90949,34.6822,-4.00741,-0.443611,0.0968804,3892.73,0
8.91601,34.7042,-4.02441,-0.521085,0.0994735,3892.35,0
8.92253,34.8135,-3.8951,-0.513488,0.131893,3901.76,0
8.92909,34.9384,-3.90741,-0.837804,0.168616,3912.87,0
8.93557,35.1021,-4.02048,-0.792725,0.212995,3928.36,0
8.94206,35.2332,-3.80634,-0.747137,0.240852,3940.16,0
8.94856,35.3867,-3.82667,-0.760447,0.279204,3954.45,0
8.95509,35.6234,-3.77932,-0.834396,0.339183,3978.01,0
8.9616,35.3531,-3.56356,-0.883444,0.226146,3944.96,0
8.96812,35.3217,-3.49785,-0.906059,0.202263,3938.59,0
8.9746,35.4654,-3.61208,-0.659035,0.241435,3951.75,0
8.9811,35.5588,-3.7058,-0.725065,0.258612,3959.29,0
8.98757,35.5067,-3.74495,-0.598366,0.223137,3950.64,0
8.99408,35.6905,-3.78421,-0.535355,0.274481,3968.22,0
9.0006,35.7456,-3.66793,-0.761802,0.275371,3971.47,0
9.00709,35.7232,-3.48732,-0.530058,0.250426,3966.12,0
9.01361,36.0429,-3.45381,-0.562874,0.340174,3998.72,0
9.02014,36.0824,-3.38701,-0.587774,0.324236,4000.21,0
9.02662,35.9689,-3.49383,-0.488197,0.263303,3984.76,0
9.03316,35.8635,-3.42131,-0.424479,0.210848,3970.2,0
9.03967,35.896,-3.73291,-0.492061,0.210819,3970.94,0
9.0462,35.9966,-3.70927,-0.682583,0.233339,3979.2,0
9.05271,36.0196,-3.77462,-0.883014,0.227139,3978.88,0
9.0592,36.0455,-4.16325,-0.9514,0.222107,3978.88,0
9.06568,35.9295,-4.04798,-0.820948,0.169506,3963.25,0
9.07219,35.9447,-4.18668,-0.681144,0.166931,3962.08,0
9.0787,35.618,-4.13998,-0.697462,0.0486683,3923.25,0
9.08518,35.8727,-4.06905,-0.753057,0.134248,3948.49,0
9.09168,35.8541,-4.10946,-0.866527,0.121719,3943.62,0
9.09822,36.0354,-4.09104,-0.782675,0.178382,3960.71,0
9.10472,35.9818,-4.03066,-0.780323,0.15141,3952,0
9.11128,36.0292,-4.03487,-0.758952,0.158323,3954.35,0
9.11782,36.0434,-4.1291,-0.593336,0.1559,3953.07,0
9.12433,35.8352,-4.02879,-0.705394,0.0767593,3927.43,0
9.13078,35.7883,-4.25409,-0.806725,0.0577199,3919.52,0
9.1373,35.7783,-4.27399,-0.754517,0.0516819,3915.63,0
9.14381,35.7975,-4.17777,-0.707915,0.0561481,3914.95,0
9.15038,36.0499,-4.25075,-0.71939,0.140134,3939.72,0
9.15687,36.1096,-3.92367,-0.685146,0.153768,3943.44,0
9.1634,36.0289,-4.28987,-0.634212,0.119543,3931.82,0
9.16994,35.9438,-4.27281,-0.515956,0.0860368,3919.75,0
9.17648,35.9272,-4.38062,-0.403721,0.0776019,3915.14,0
9.18298,35.9801,-4.42606,-0.277557,0.0932181,3918.13,0
9.18948,36.1594,-4.27384,-0.237007,0.150602,3934.87,0
9.196,36.1207,-4.35414,-0.398375,0.131341,3927.87,0
9.20249,36.187,-4.4174,-0.177148,0.146323,3932.3,0
9.20901,36.1081,-4.3882,-0.41014,0.112523,3920.95,0
9.21551,36.1501,-4.31131,-0.447244,0.121406,3922.74,0
9.222,36.1517,-4.22495,-0.420656,0.11735,3920.15,0
9.2285,36.2933,-4.05144,-0.399171,0.159335,3932.74,0
9.23503,36.2063,-4.07476,-0.405238,0.122451,3920.54,0
9.24154,36.1847,-4.08386,-0.306897,0.109025,3915.45,0
9.24809,36.3635,-4.21889,-0.313189,0.165786,3932,0
9.25462,36.4537,-4.28417,0.100116,0.188188,3938.97,0
9.26116,36.5802,-4.31567,0.187674,0.222159,3949.84,0
9.26768,36.5148,-4.11681,0.337484,0.187533,3940.01,0
9.27417,36.6321,-4.26347,0.459907,0.217554,3949.91,0
9.28068,36.7808,-4.20924,0.38828,0.253194,3963.16,0
9.28719,36.9638,-4.25567,0.161458,0.297956,3980.08,0
9.29367,37.1513,-4.1789,-0.0442903,0.340426,3997.48,0
9.30019,36.7962,-4.18995,-0.116181,0.194576,3956.5,0
9.30669,36.9657,-3.92893,-0.177444,0.240905,3971.95,0
9.31324,36.9402,-3.88766,-0.263522,0.216862,3966.41,0
9.31972,36.7812,-4.11801,-0.312252,0.151576,3946.6,0
9.3262,36.9191,-4.12874,-0.479413,0.191638,3958.64,0
9.33272,36.8933,-4.21011,-0.344375,0.171127,3953.11,0
9.33925,36.9288,-4.14517,-0.579312,0.174988,3954.15,0
9.34578,36.8316,-4.00143,-0.603953,0.133019,3940.99,0
9.35224,36.8547,-3.97765,-0.68608,0.13419,3940.74,0
9.35874,36.882,-4.20356,-0.524184,0.137447,3940.92,0
9.36523,37.0514,-4.30966,-0.60212,0.188209,3956.27,0
9.37175,36.9461,-4.45763,-0.801606,0.14345,3942.29,0
9.3783,37.1899,-4.64924,-0.785706,0.21927,3965.53,0
9.38476,37.3215,-4.48559,-0.889058,0.249749,3976.82,0
9.39129,37.5435,-4.45249,-0.997709,0.310217,3997.69,0
9.39781,37.5195,-4.46118,-1.07545,0.280946,3992.36,0
9.40431,37.3113,-4.57682,-1.1857,0.190889,3967.46,0
9.41083,37.4369,-4.5117,-1.21668,0.221355,3978.07,0
9.41738,37.4966,-4.47415,-1.25622,0.226127,3981.64,0
9.4239,37.4643,-4.74855,-1.06904,0.203229,3975.46,0
9.43039,37.4543,-4.64319,-1.01407,0.188796,3971.66,0
9.43691,37.5971,-4.56412,-1.03944,0.226362,3984.05,0
9.4434,37.5819,-4.68754,-0.954857,0.207152,3979.7,0
9.44994,37.4508,-4.65675,-1.06742,0.150617,3963.07,0
9.45647,37.3131,-4.64586,-0.994564,0.0971931,3945.77,0
9.46293,37.4918,-4.71625,-1.08085,0.152818,3961.96,0
9.46938,37.576,-4.77979,-1.0878,0.175832,3968.16,0
9.47588,37.7905,-4.81565,-1.03543,0.238702,3988.07,0
9.48238,37.7271,-4.71964,-1.19958,0.202942,3978.65,0
9.4889,37.7462,-4.63164,-1.41591,0.198648,3977.93,0
9.49541,37.5923,-4.44256,-1.4374,0.136494,3958.99,0
9.50195,37.7749,-4.37344,-1.41531,0.192904,3975.49,0
9.50844,37.648,-4.58122,-1.28523,0.140506,3959.43,0
9.51493,37.644,-4.67541,-1.08366,0.13333,3956.31,0
9.52142,37.4605,-4.63399,-1.05133,0.0652928,3934.34,0
9.52792,37.5411,-4.87719,-1.20217,0.0898354,3940.11,0
9.53445,37.6575,-4.91268,-1.27294,0.12437,3949.62,0
9.54098,37.6871,-4.94156,-1.30357,0.130239,3950.03,0
9.54753,37.8262,-4.88696,-1.40372,0.171973,3961.88,0
9.55402,38.1609,-4.71035,-1.57197,0.275644,3994.23,0
9.56049,38.3392,-4.80141,-1.44786,0.316584,4010.18,0
9.567,38.1423,-4.70051,-1.498,0.229839,3986.86,0
9.57353,37.8666,-4.57966,-1.39154,0.124046,3955.34,0
9.58001,37.9356,-4.66347,-1.14311,0.142582,3959.87,0
9.58653,37.907,-4.74685,-1.01174,0.12611,3954.19,0
9.59303,37.7181,-4.69225,-0.995709,0.0558374,3931.83,0
9.59952,37.6268,-4.69673,-1.0224,0.0225476,3919.66,0
9.60602,37.7018,-4.73879,-1.05323,0.0477639,3924.81,0
9.61254,37.6526,-4.73958,-1.09491,0.0292942,3917.02,0
9.61902,37.7552,-4.73826,-0.986459,0.0642338,3925.06,0
9.62554,37.9323,-4.54175,-0.925978,0.121229,3940.79,0
9.63206,37.9242,-4.65449,-0.935938,0.114591,3937.29,0
9.63857,38.1175,-4.82799,-1.03411,0.174412,3954.68,0
9.64507,38.1485,-4.81666,-1.16021,0.176472,3955.24,0
9.65157,38.5299,-4.82814,-1.18276,0.290183,3992.08,0
9.65805,38.5512,-5.01964,-1.19979,0.280219,3991.61,0
9.66458,38.6438,-5.21137,-1.29491,0.291888,3998.5,0
9.67104,38.679,-5.1664,-1.44521,0.282406,3999.46,0
9.67759,38.5784,-4.8688,-1.44897,0.229873,3986.36,0
9.68409,38.6162,-4.75824,-1.53149,0.230149,3987.59,0
9.69062,38.6782,-4.57687,-1.66347,0.236274,3991.3,0
9.69712,38.6563,-4.72361,-1.68498,0.21487,3986.37,0
9.70361,38.6985,-4.63975,-1.60701,0.21677,3988.05,0
9.71011,38.7853,-4.76324,-1.44987,0.231159,3994.32,0
9.71663,38.7106,-4.8105,-1.51369,0.193057,3983.96,0
9.72316,38.5961,-4.89934,-1.38279,0.143557,3969.5,0
9.72965,38.7299,-4.77873,-1.45302,0.18127,3980.61,0
9.73615,38.8695,-4.85872,-1.59147,0.219345,3992.29,0
9.74266,39.0421,-4.80493,-1.53618,0.264268,4007.33,0
9.74916,38.9912,-4.65216,-1.77752,0.228707,3999.45,0
9.75564,39.1564,-5.20749,-2.07429,0.270908,4013.72,0
9.76219,39.0162,-5.33259,-2.0232,0.205571,3996.66,0
9.76871,38.9043,-5.68762,-2.17242,0.156737,3982.54,0
9.77522,38.831,-5.52443,-2.46175,0.126219,3972.39,0
9.78175,38.7625,-5.36467,-2.49261,0.096959,3962.73,0
9.7883,38.7049,-5.56869,-2.44241,0.0735885,3954.2,0
9.79482,38.8226,-5.41073,-2.47836,0.111258,3963.58,0
9.80133,38.8277,-5.23129,-2.56832,0.108958,3961.48,0
9.80786,38.8131,-5.24213,-2.42782,0.0991925,3957.35,0
9.81437,38.6725,-5.3884,-2.59621,0.0471034,3940.4,0
9.82092,38.5755,-5.30579,-2.64232,0.012351,3927.89,0
9.82743,38.6467,-5.36037,-2.64737,0.036791,3932.53,0
9.83395,38.8159,-5.30298,-2.694,0.0942466,3947.13,0
9.84051,38.7054,-5.24143,-2.77149,0.053507,3933.27,0
9.84698,38.8564,-5.10842,-2.67877,0.103598,3946.02,0
9.8535,38.755,-5.11126,-2.6162,0.0652212,3933.12,0
9.85998,38.7516,-5.02183,-2.67244,0.0610556,3930.19,0
9.86647,38.7526,-5.05916,-2.63582,0.0587529,3927.7,0
9.87295,38.7244,-5.12984,-2.67674,0.0461179,3922.27,0
9.87947,38.7245,-5.28851,-2.76173,0.0444856,3919.69,0
9.88595,38.7064,-5.20315,-2.90834,0.0367659,3915.29,0
9.89244,38.7354,-5.32712,-2.77676,0.0456886,3915.66,0
9.89894,38.8284,-5.18472,-2.7047,0.0763956,3922.49,0
9.9054,38.6621,-5.19583,-2.68553,0.01698,3903.14,0
9.91191,38.8361,-5.21671,-2.71237,0.0765024,3918.13,0
9.91835,39.1409,-5.1648,-2.6855,0.177515,3946.31,0
9.9249,39.1003,-5.18081,-2.45779,0.155121,3939.62,0
9.93141,39.1159,-5.48068,-2.46991,0.152978,3938.61,0
9.93792,39.1352,-5.47061,-2.37242,0.15142,3937.96,0
9.94443,39.0644,-5.61355,-2.28244,0.120081,3928.27,0
9.95095,39.0585,-5.79815,-2.23744,0.113465,3925.1,0
9.95746,39.2772,-5.80629,-2.52848,0.182736,3944.49,0
9.964,39.3844,-5.60987,-2.38448,0.209409,3952.67,0
9.97054,39.5011,-5.55008,-2.2423,0.236822,3961.79,0
9.977,39.5891,-5.39862,-2.07201,0.250878,3968.04,0
9.98349,39.6811,-5.57872,-2.04356,0.265982,3974.67,0
9.98996,39.7345,-5.80691,-2.19213,0.264871,3977.45,0
9.99644,39.8252,-5.77359,-1.95675,0.277871,3983.94,0
10,39.663,-5.71529,-1.94827,0.212657,3966.3,0
