0.00648766,0.195088,-0.00485064,-0.0282208,0.0671134,30070.6,0
0.0129719,0.0699775,0.0552479,-0.0204285,0.0221744,5394.55,0
0.0194865,0.0148109,0.0811729,-0.0136728,0.00265847,760.062,0
0.0260016,0.0757998,0.197918,0.0342876,0.0237454,2915.2,0
0.0324901,0.0884158,0.233639,0.00305448,0.0277606,2721.31,0
0.038998,0.0682844,0.228914,-0.135369,0.0202587,1750.97,0
0.045497,0.0690171,0.255591,-0.0875302,0.0198682,1516.96,0
0.0519852,0.0970171,0.407059,-0.0276391,0.0291725,1866.25,0
0.058522,0.236248,0.265702,-0.0624302,0.0754543,4036.91,0
0.065017,0.24281,0.16503,0.101734,0.0744309,3734.57,0
0.0715328,0.192708,0.15207,0.0575747,0.0545851,2693.98,0
0.0780803,0.191851,0.112924,-0.256476,0.0523644,2457.1,0
0.0845649,0.219658,0.137494,-0.322702,0.0608583,2597.5,0
0.0910455,0.371112,-0.00359449,-0.556996,0.109944,4076.12,0
0.0975195,0.561655,-0.218067,-0.859059,0.168728,5759.42,0
0.104015,0.532561,-0.344572,-0.662086,0.149295,5120.06,0
0.110532,0.623261,-0.49234,-0.857896,0.174235,5638.73,0
0.117064,0.432727,-0.527729,-0.63027,0.101365,3696.48,0
0.123569,0.423275,-0.520775,-0.615175,0.0947659,3425.42,0
0.130061,0.462649,-0.211652,-0.56546,0.104288,3557.18,0
0.13661,0.291076,-0.30075,-0.513033,0.0422645,2130.71,0
0.1431,0.262197,-0.381819,-0.394046,0.031347,1832.26,0
0.149612,0.196431,-0.286293,-0.298762,0.00775564,1312.94,0
0.156135,0.237786,-0.293777,-0.220467,0.0219714,1522.95,0
0.162627,0.237421,-0.235478,-0.300206,0.0216558,1459.91,0
0.169111,0.403296,-0.38179,-0.180967,0.0779445,2384.79,0
0.1756,0.349328,-0.424653,-0.284743,0.0560324,1989.34,0
0.182088,0.339507,-0.391118,-0.4234,0.0510713,1864.53,0
0.188585,0.323788,-0.357842,-0.545265,0.0436956,1716.93,0
0.195084,0.370317,-0.383387,-0.593446,0.0589224,1898.24,0
0.201557,0.428038,-0.419262,-0.698138,0.0766932,2123.66,0
0.208086,0.45736,-0.337742,-0.862275,0.0832994,2197.94,0
0.21454,0.455562,-0.236772,-0.936652,0.0806968,2123.44,0
0.221028,0.370582,-0.233991,-0.871415,0.0478465,1676.63,0
0.227542,0.481503,-0.153459,-0.88988,0.0847058,2116.11,0
0.234097,0.417423,-0.208333,-0.548718,0.0593319,1783.12,0
0.240605,0.433278,-0.146256,-0.539158,0.0630776,1800.79,0
0.247103,0.477984,0.0278476,-0.493073,0.0757008,1934.35,0
0.253647,0.612472,0.0708535,-0.502762,0.119036,2414.66,0
0.26018,0.567222,0.230459,-0.294433,0.098625,2180.11,0
0.266714,0.578967,0.300892,-0.424894,0.0990637,2170.74,0
0.27323,0.796626,0.233965,-0.493774,0.168097,2915.59,0
0.279752,0.995627,0.449797,-0.378698,0.226192,3558.96,0
0.286279,1.11037,0.262596,-0.353518,0.248503,3878.63,0
0.292779,1.22816,0.262345,-0.476106,0.271569,4194.82,0
0.299316,1.29163,0.22271,-0.363712,0.271403,4315.29,0
0.305828,1.51283,0.0827412,-0.526713,0.3273,4946.66,0
0.312349,1.62485,0.0750959,-0.543989,0.339175,5202.05,0
0.318873,1.58742,-0.0284268,-0.76773,0.302621,4978.22,0
0.325413,1.38039,-0.111048,-0.942206,0.211491,4241.96,0
0.331897,1.28645,-0.0566289,-0.581788,0.167097,3876.06,0
0.338428,1.3398,-0.00353655,-0.576264,0.175657,3958.89,0
0.344941,1.3539,0.0231994,-0.51133,0.170904,3925.03,0
0.351417,1.60634,-0.00636324,-0.67228,0.24534,4571.03,0
0.357915,1.56492,0.0747307,-0.653769,0.214287,4372.32,0
0.364395,1.51019,0.0461293,-0.597704,0.184871,4144.38,0
0.370868,1.57081,-0.163813,-0.481896,0.195109,4235.51,0
0.377411,1.54091,-0.289435,-0.732742,0.173825,4082.84,0
0.383897,1.41985,-0.2436,-0.742508,0.124149,3698.53,0
0.390398,1.24126,-0.0799123,-0.624684,0.0574888,3179.47,0
0.396882,1.45257,-0.164827,-0.692542,0.126582,3659.96,0
0.403356,1.53165,-0.0616614,-0.413297,0.14675,3797.26,0
0.409904,1.7188,-0.208178,-0.250787,0.204482,4193.17,0
0.416379,1.77209,0.0260152,-0.362905,0.210039,4255.96,0
0.422888,1.92802,0.245155,-0.201547,0.250302,4559.18,0
0.429375,1.96809,0.366365,-0.2504,0.250897,4583.61,0
0.435877,1.9124,0.295173,-0.239177,0.216654,4387.48,0
0.442386,1.92105,0.05802,-0.000692825,0.207703,4342.49,0
0.448896,1.8057,-0.00382914,0.0406727,0.158778,4022.53,0
0.455391,1.80273,0.258723,0.0201498,0.150426,3958.66,0
0.461915,2.11431,0.28198,0.0637805,0.24575,4577.27,0
0.46845,2.34031,0.314501,0.161309,0.306469,4995.85,0
0.474927,2.34522,0.510149,0.12424,0.288748,4938.05,0
0.48143,2.22041,0.341288,0.213305,0.229514,4612.11,0
0.487941,2.06967,0.190891,0.30097,0.167154,4241.63,0
0.494432,2.13028,0.0979766,0.490581,0.178566,4308.55,0
0.500982,2.11338,0.0229608,0.217702,0.162907,4218.47,0
0.507509,2.17245,0.226161,0.479239,0.174447,4280.62,0
0.513996,2.18723,0.420733,0.379969,0.171217,4255.33,0
0.520492,2.08134,0.41778,0.39191,0.127179,3998.78,0
0.527014,2.05823,0.497555,0.414034,0.115045,3905.46,0
0.533519,2.14601,0.430706,0.412749,0.140982,4022.38,0
0.539993,2.16449,0.334968,0.279467,0.139597,4008.37,0
0.5465,2.28286,0.425033,0.15068,0.172572,4177.24,0
0.553005,2.30948,0.459823,-0.0022015,0.172795,4176.24,0
0.559524,2.36362,0.326852,-0.112408,0.181786,4224.34,0
0.566018,2.40136,0.491919,-0.186329,0.183393,4242.55,0
0.572523,2.31823,0.570106,-0.0171248,0.145846,4049.14,0
0.57903,2.39133,0.460879,0.0353044,0.161689,4129.89,0
0.585517,2.46333,0.472831,-0.163335,0.177594,4207.09,0
0.592026,2.17089,0.659207,-0.132924,0.0699635,3666.89,0
0.598543,2.37069,0.60973,0.108932,0.13655,3960.77,0
0.605065,2.25537,0.725259,0.0545351,0.0906403,3727.49,0
0.611627,2.2853,0.632997,0.131229,0.0978791,3736.42,0
0.618111,2.39875,0.757231,0.213505,0.132158,3880.77,0
0.624582,2.5762,0.690611,0.182597,0.18486,4124.67,0
0.631093,2.76058,0.455414,0.0282077,0.234072,4374.29,0
0.637636,2.70628,0.554728,0.155813,0.201621,4244.25,0
0.644107,2.57912,0.411571,0.150293,0.149723,4004.17,0
0.650621,2.55324,0.320756,0.0842194,0.133928,3924.3,0
0.657124,2.74855,0.263193,-0.264727,0.193334,4182.69,0
0.663677,2.76305,0.554384,-0.237234,0.186445,4163.25,0
0.670196,3.03047,0.632669,-0.377863,0.267141,4521.77,0
0.676693,3.10017,0.278081,-0.420796,0.273444,4581.35,0
0.68318,3.14286,0.136767,-0.377459,0.270208,4600.34,0
0.689696,3.19362,0.173471,-0.316233,0.26947,4630.47,0
0.696219,3.28803,0.508702,-0.414806,0.286088,4722.7,0
0.702755,3.16977,0.358006,-0.359988,0.227645,4510.49,0
0.709242,3.20761,0.119759,-0.312266,0.226738,4522.59,0
0.715748,3.65562,0.0755807,-0.402149,0.359806,5107.42,0
0.722275,3.65771,0.07994,-0.343435,0.335123,5064.15,0
0.728749,3.88545,0.0434292,-0.49165,0.383773,5331.67,0
0.735211,3.74429,-0.196762,-0.931553,0.305083,5092.81,0
0.74174,3.52704,-0.358233,-0.994607,0.211512,4755.1,0
0.748259,3.62323,-0.592591,-1.05624,0.231082,4842.21,0
0.754811,3.8674,-0.525267,-1.01215,0.299552,5123.67,0
0.76134,3.97523,-0.434087,-0.868321,0.315337,5221.35,0
0.767803,4.12409,-0.292771,-0.530717,0.344498,5371.29,0
0.774296,4.24883,-0.313322,-0.500815,0.360553,5487.35,0
0.780821,4.29089,-0.247344,-0.550312,0.343846,5495.35,0
0.787345,4.32224,-0.0752213,-0.576479,0.331147,5489.64,0
0.793898,4.58269,0.253374,-0.549421,0.395062,5772.39,0
0.800406,4.98992,0.348676,-0.61174,0.49639,6234.23,0
0.806931,4.96102,0.593747,-0.586062,0.445149,6148.01,0
0.813458,5.19766,0.488198,-0.590403,0.485706,6389.58,0
0.819951,5.26555,0.132737,-0.758169,0.464787,6421.78,0
0.826422,5.24287,0.237459,-0.723492,0.420926,6344.06,0
0.832903,5.38646,0.526494,-0.581627,0.433463,6467.09,0
0.839411,5.35293,0.608999,-0.687128,0.387904,6377.01,0
0.845979,5.38759,0.517124,-0.594146,0.369785,6368.47,0
0.852462,5.40617,0.674486,-0.707207,0.351615,6341.83,0
0.858979,5.50813,0.576045,-0.66337,0.357372,6412.42,0
0.865464,5.52416,0.531777,-0.786454,0.331857,6382.88,0
0.871989,5.27157,0.515354,-0.872072,0.222503,6045.46,0
0.878533,5.35937,0.484835,-0.721687,0.237431,6100.36,0
0.885049,5.12633,0.48111,-0.567573,0.14418,5792.14,0
0.891598,4.77703,0.407089,-0.428465,0.0190944,5357.83,0
0.898129,4.94516,0.334722,-0.534244,0.0758065,5506.07,0
0.904622,5.1575,0.255476,-0.589206,0.145683,5701.28,0
0.911162,5.27498,0.308907,-0.891629,0.178098,5789.29,0
0.917656,5.15984,0.357989,-0.93837,0.130349,5622.85,0
0.924177,5.12838,0.551112,-1.00347,0.113083,5549.13,0
0.93071,5.26377,0.634118,-1.1514,0.153088,5655.65,0
0.937193,5.39562,0.726321,-1.26603,0.189899,5757.22,0
0.943693,5.45623,0.529288,-1.33951,0.201592,5781.78,0
0.950225,5.22223,0.655556,-1.42643,0.111805,5495.79,0
0.956738,5.35128,0.915641,-1.45773,0.150226,5593.26,0
0.963218,5.31256,0.848823,-1.38855,0.130178,5515.43,0
0.9697,5.60376,0.721056,-1.46768,0.22072,5778.86,0
0.976229,5.43631,0.819252,-1.38929,0.153134,5568.68,0
0.982788,5.51569,0.865565,-1.32859,0.172462,5612.29,0
0.989333,5.70352,0.91681,-1.43928,0.22674,5765.01,0
0.995863,5.69028,1.08329,-1.1764,0.208449,5713.92,0
1.00234,5.79693,1.34804,-1.18631,0.230217,5783.41,0
1.00887,5.72662,1.61024,-1.33465,0.192779,5676.27,0
1.01538,5.65688,1.77597,-1.23464,0.158159,5571.2,0
1.02188,5.85638,1.55992,-1.53174,0.216985,5730.98,0
1.02838,5.79146,1.7978,-1.17626,0.182218,5631.64,0
1.03487,5.6577,1.67896,-0.99696,0.127712,5467.07,0
1.04141,5.64623,1.61938,-0.935815,0.11927,5421.72,0
1.04791,5.66821,1.47866,-1.07,0.12234,5409.05,0
1.05446,5.63927,1.38034,-1.07455,0.107306,5348.04,0
1.06099,5.61092,1.49393,-1.26464,0.0927084,5288.38,0
1.06754,5.79085,1.23463,-1.36598,0.148869,5424.49,0
1.07406,5.70144,1.35308,-1.42878,0.110777,5308.33,0
1.08053,5.77049,1.55145,-1.34258,0.128815,5340.43,0
1.08706,5.87056,1.49098,-1.30356,0.157264,5400.38,0
1.09357,5.78972,1.44028,-1.59857,0.121439,5294.32,0
1.10001,5.78498,1.49804,-1.68706,0.113654,5259.04,0
1.10655,5.87494,1.46892,-1.62317,0.13974,5309.23,0
1.11302,5.77021,1.43097,-1.50576,0.097168,5184.3,0
1.11951,5.54546,1.42559,-1.43914,0.0174167,4953.45,0
1.12599,5.61836,1.467,-1.34234,0.042271,4989.72,0
1.13245,5.73868,1.61507,-1.35458,0.0814729,5067.51,0
1.13895,5.86453,1.52187,-1.3063,0.121734,5149.08,0
1.14544,5.75551,1.74337,-1.32652,0.0807976,5024.72,0
1.152,5.72806,1.67516,-1.26183,0.0689749,4972.26,0
1.15847,5.62122,1.66241,-1.25403,0.0298368,4852.27,0
1.16495,5.56303,1.6937,-1.36956,0.00917171,4775.33,0
1.17144,5.57044,1.69916,-1.3983,0.0116592,4755.19,0
1.17793,5.56605,1.68814,-1.42667,0.00993644,4725.27,0
1.18442,5.6625,1.61606,-1.5315,0.0430686,4780.82,0
1.19096,5.72289,1.70784,-1.60902,0.063151,4805.29,0
1.19741,5.63127,1.77892,-1.70339,0.0295939,4702.87,0
1.20387,5.66899,1.87452,-1.49354,0.0410651,4708.97,0
1.2104,5.72993,1.99843,-1.45555,0.060487,4733.92,0
1.21686,5.82387,1.91739,-1.57239,0.090747,4785.98,0
1.22333,5.75683,1.75443,-1.46648,0.0643511,4705.88,0
1.22978,5.65383,1.60134,-1.52959,0.0266313,4597.42,0
1.23628,5.62735,1.63571,-1.60515,0.0169109,4551.83,0
1.24279,5.81719,1.77467,-1.54901,0.0817943,4680.75,0
1.24933,5.80557,1.76622,-1.39965,0.0752012,4646.93,0
1.25581,5.74923,1.72549,-1.34007,0.0528144,4578.09,0
1.26231,5.6756,1.76122,-1.24939,0.0257537,4496.22,0
1.26881,5.68663,1.96332,-1.29493,0.0292538,4481.88,0
1.27528,5.64753,1.76676,-1.41527,0.0148467,4428.47,0
1.28182,5.84202,1.92355,-1.6515,0.0816989,4557.61,0
1.28832,5.83534,1.9263,-1.6983,0.0769715,4529.4,0
1.29484,5.94112,1.9994,-1.74361,0.10901,4588.31,0
1.30139,5.96228,1.79619,-1.66765,0.111053,4581.45,0
1.30787,6.04079,1.86788,-1.6631,0.132163,4618.81,0
1.31433,6.15072,1.70161,-1.65091,0.164484,4679.72,0
1.32084,6.24916,1.64186,-1.68632,0.187387,4731.22,0
1.32734,6.38852,1.49586,-1.69298,0.224296,4813.02,0
1.33386,6.42836,1.30978,-1.72077,0.225568,4819.37,0
1.34038,6.43088,1.33767,-1.58925,0.215055,4797.82,0
1.34684,6.3815,1.47436,-1.7985,0.185657,4738.13,0
1.35337,6.45317,1.50441,-1.92032,0.199174,4768.21,0
1.35989,6.49295,1.52117,-1.93384,0.203147,4774.6,0
1.36635,6.41969,1.49104,-1.91255,0.167787,4698.42,0
1.37283,6.45525,1.51382,-1.90362,0.171725,4702.13,0
1.37932,6.71317,1.52963,-1.92399,0.247252,4867.02,0
1.3858,6.74706,1.39495,-2.14031,0.245043,4868.71,0
1.39235,6.74967,1.49632,-2.13977,0.230422,4847.69,0
1.39884,6.9007,1.66469,-1.99816,0.268246,4933.16,0
1.40534,6.81719,1.94753,-2.11168,0.223905,4850.93,0
1.41179,7.18269,2.12423,-2.20889,0.331037,5087.63,0
1.41832,7.22689,2.10348,-2.3846,0.323314,5095.39,0
1.42486,7.01112,2.05838,-2.46895,0.230676,4920.58,0
1.4314,7.19057,2.27653,-2.31733,0.274388,5023.45,0
1.43794,7.18175,2.16964,-2.29518,0.252748,4994.47,0
1.44451,7.18996,2.09229,-2.25921,0.241577,4977.44,0
1.45104,7.19779,2.12257,-2.42258,0.22977,4960.44,0
1.45754,7.08753,2.33501,-2.46328,0.178983,4862.66,0
1.46404,7.25356,2.31789,-2.37991,0.226227,4954.47,0
1.47056,7.54224,2.21083,-2.33623,0.31034,5128.8,0
1.47708,7.63518,2.11265,-2.41305,0.321492,5169.1,0
1.48363,7.33243,2.05233,-2.47411,0.198485,4942.23,0
1.49009,7.32937,1.96212,-2.48119,0.186285,4918.73,0
1.4966,7.29338,1.74118,-2.39594,0.165179,4873.29,0
1.50315,7.22218,1.64219,-2.4709,0.132111,4804.68,0
1.50965,7.12428,1.40757,-2.40057,0.0914945,4719.14,0
1.51616,7.23748,1.66336,-2.46967,0.126624,4773.56,0
1.5227,7.36401,1.71187,-2.39383,0.16458,4836.17,0
1.52919,7.29287,1.64376,-2.26303,0.133692,4769.11,0
1.53567,7.2536,1.54404,-2.22775,0.113037,4723.4,0
1.54217,7.29307,1.66116,-2.16559,0.121236,4729.1,0
1.54865,7.49652,1.42003,-2.28921,0.182975,4840.68,0
1.55517,7.60611,1.43893,-2.22687,0.209672,4890.85,0
1.56169,7.76705,1.55048,-1.96834,0.250976,4973.49,0
1.56821,7.69534,1.31538,-2.05566,0.213728,4907.1,0
1.57472,7.67641,1.16222,-2.07184,0.195895,4874.78,0
1.58124,7.89555,1.15176,-2.21956,0.25956,4993.26,0
1.58776,7.87916,1.34833,-2.09088,0.240417,4962.44,0
1.59429,7.91284,1.21693,-2.08578,0.235004,4963.23,0
1.60086,8.00985,1.07666,-2.09888,0.253063,5003.47,0
1.60732,7.99813,0.823404,-2.11453,0.229732,4976.07,0
1.61389,7.86953,1.00791,-2.10216,0.173506,4876.11,0
1.6204,7.94109,1.07063,-2.09603,0.1883,4900.7,0
1.62693,7.90184,1.06978,-2.09294,0.16466,4856.91,0
1.63341,7.79365,0.936182,-1.74636,0.118804,4771.39,0
1.63992,7.6862,0.875187,-1.8531,0.0765862,4686.94,0
1.64649,7.7571,0.925141,-1.83053,0.098204,4711.28,0
1.65296,7.7778,0.869897,-1.7303,0.102156,4705.38,0
1.65948,7.70272,0.747462,-1.83102,0.0724535,4641.65,0
1.66599,7.85601,0.655913,-1.72107,0.12228,4715.52,0
1.67251,7.75729,0.684063,-1.76347,0.0828641,4638.12,0
1.67903,7.77737,0.654797,-1.87703,0.0866564,4632.08,0
1.68557,7.78571,0.751523,-1.87189,0.0860146,4619.04,0
1.69205,7.73283,0.642473,-1.98815,0.0649892,4570.1,0
1.69855,7.85069,0.512774,-2.04512,0.103157,4621.98,0
1.70506,7.86928,0.448886,-2.01245,0.104857,4615.24,0
1.71156,7.80503,0.660908,-2.19019,0.0790273,4560.19,0
1.71808,7.94912,0.745907,-2.16126,0.125853,4626.74,0
1.72465,8.08323,0.424244,-2.1668,0.165802,4686.88,0
1.73115,8.00613,0.255503,-2.02136,0.1299,4624.75,0
1.73763,7.94312,0.282844,-1.75391,0.104007,4571.23,0
1.74411,8.14738,0.303114,-1.76806,0.16987,4671.37,0
1.75062,8.13146,0.579792,-1.6678,0.156553,4644.89,0
1.75714,8.35939,0.603199,-1.63962,0.226974,4757.39,0
1.76362,8.32102,0.546619,-1.51088,0.199191,4718.14,0
1.77006,8.23219,0.649766,-1.60051,0.158834,4650.79,0
1.77654,8.13573,0.760575,-1.53955,0.118674,4579.53,0
1.78305,8.0079,0.843737,-1.46948,0.0704898,4491.13,0
1.78958,8.01577,0.831972,-1.65685,0.0704383,4479.14,0
1.79608,8.08998,0.880248,-1.75067,0.0928432,4504.23,0
1.80254,8.23352,0.927982,-1.97043,0.138059,4567.73,0
1.80903,8.19659,1.05504,-2.07599,0.119871,4530.93,0
1.81557,8.11356,1.13789,-2.21027,0.0878463,4468.89,0
1.82208,8.24093,0.982373,-2.33945,0.128988,4522.81,0
1.82857,8.19759,1.1187,-2.21175,0.108037,4483.06,0
1.83508,8.21125,1.14708,-2.21638,0.108749,4474.6,0
1.8416,8.47463,1.27723,-2.07183,0.192553,4601.77,0
1.84809,8.23555,1.30634,-2.18914,0.101497,4456.26,0
1.85458,8.31506,1.46919,-2.14731,0.124279,4483.52,0
1.86111,8.38101,1.42121,-2.03748,0.140791,4503.24,0
1.86761,8.47977,1.45683,-2.0512,0.167397,4540.43,0
1.87416,8.43721,1.65717,-2.02532,0.144164,4501.86,0
1.88066,8.4507,1.59866,-1.99487,0.142636,4493.47,0
1.88718,8.42116,1.67017,-2.05811,0.125558,4462.3,0
1.89369,8.32267,1.68174,-2.08887,0.0862222,4394.95,0
1.90019,8.44987,1.6193,-2.07533,0.126779,4446.84,0
1.90671,8.24097,1.46868,-2.11935,0.0505839,4322.09,0
1.91323,8.37585,1.43903,-1.80552,0.0938396,4377.86,0
1.91971,8.48152,1.43955,-1.5857,0.124263,4418.13,0
1.92618,8.31471,1.34545,-1.55109,0.0624301,4316.68,0
1.93271,8.25769,1.4496,-1.58905,0.0412317,4272.59,0
1.93923,8.17425,1.5696,-1.60925,0.0112866,4215.2,0
1.94576,8.19595,1.64539,-1.58016,0.0184638,4212.22,0
1.95224,8.31302,1.64235,-1.51446,0.058218,4258.19,0
1.95874,8.35241,1.76639,-1.33141,0.0702055,4264.18,0
1.96525,8.46853,2.04288,-1.50741,0.107588,4309.13,0
1.97175,8.23955,2.05196,-1.53799,0.0261527,4178.8,0
1.97825,8.24882,2.0727,-1.52858,0.0284073,4169.76,0
1.98475,8.26795,2.11169,-1.50707,0.0345547,4165.73,0
1.99128,8.37207,2.289,-1.28561,0.0693008,4204.36,0
1.9978,8.43152,2.36566,-1.21477,0.0873936,4220.4,0
2.0043,8.47494,2.23518,-1.20415,0.097715,4228.39,0
2.01083,8.34602,2.19976,-1.16121,0.0491851,4150.54,0
2.01733,8.50879,2.08102,-1.1593,0.10414,4217.85,0
2.02383,8.74528,1.68506,-1.28054,0.178782,4321.14,0
2.03034,8.92916,1.87079,-1.29121,0.232025,4397.87,0
2.03686,8.86598,1.9397,-1.43883,0.196129,4352.77,0
2.04335,8.87497,2.01501,-1.45904,0.189256,4343.34,0
2.04989,8.63994,1.81712,-1.34478,0.0996134,4214.84,0
2.05643,8.60581,1.78921,-1.29421,0.0845099,4184.82,0
2.06294,8.58233,1.80005,-1.31749,0.0724441,4160.24,0
2.06949,8.78946,1.67196,-1.39187,0.140191,4247.17,0
2.07599,8.97824,1.64914,-1.26495,0.196798,4324.8,0
2.08249,9.11595,1.78924,-1.1905,0.234049,4377.42,0
2.089,9.08846,1.43115,-1.28453,0.208001,4350.64,0
2.09552,9.12144,1.52944,-1.05035,0.206398,4352.83,0
2.10196,8.86728,1.6307,-1.00501,0.109554,4218.57,0
2.10847,8.9953,1.81271,-0.97189,0.148213,4266.28,0
2.11498,9.11134,1.55626,-0.824438,0.178688,4308,0
2.12143,8.84391,1.45227,-0.900255,0.0779502,4168.84,0
2.12794,8.88192,1.40905,-0.747164,0.0875405,4173.95,0
2.13441,8.84958,1.0764,-0.657404,0.0724259,4146.14,0
2.14092,9.01613,1.20715,-0.602412,0.12752,4211.33,0
2.14742,9.0242,1.15963,-0.453243,0.1258,4202.35,0
2.15388,8.98142,1.28631,-0.244147,0.106792,4169.89,0
2.1604,9.02053,1.36544,-0.208927,0.114953,4175.39,0
2.16686,9.15732,1.45434,-0.173249,0.155118,4226.09,0
2.17337,9.28674,1.60639,0.0288628,0.190186,4272.96,0
2.17985,9.3222,1.55642,0.131935,0.192629,4276.54,0
2.18635,9.42598,1.38395,-0.200124,0.21495,4311.28,0
2.19292,9.52328,1.29515,-0.190033,0.234937,4342.74,0
2.19939,9.31059,1.17302,-0.167884,0.151467,4233.25,0
2.20594,9.40457,1.05746,-0.341248,0.175681,4263.29,0
2.21248,9.38433,1.0682,-0.242511,0.159921,4241.54,0
2.21896,9.22678,1.25439,-0.379182,0.0988556,4158.15,0
2.22549,9.28572,0.874368,-0.437872,0.114545,4172.45,0
2.23199,9.24903,0.801727,-0.322854,0.0981737,4143.86,0
2.23847,9.15229,0.841435,-0.236569,0.0613596,4088.63,0
2.24498,9.11722,0.748189,-0.267814,0.0473465,4061.15,0
2.25149,9.12022,0.754029,-0.17234,0.0468169,4050.75,0
2.25803,9.1228,0.72541,-0.0996887,0.0468956,4040.16,0
2.26455,9.12747,0.5452,-0.166936,0.0468848,4030.59,0
2.27109,9.1105,0.600563,-0.131648,0.039444,4011.51,0
2.27758,9.12686,0.635901,-0.0162777,0.0436498,4007.26,0
2.28407,9.02542,0.63404,-0.171219,0.00727945,3951.46,0
2.29055,9.10085,0.521451,-0.308023,0.0333753,3973.22,0
2.29706,9.20375,0.619115,-0.286917,0.0678708,4006.75,0
2.30357,9.21445,0.724497,-0.242709,0.0685309,4000.08,0
2.31006,9.24256,0.502358,-0.113018,0.0766861,4001,0
2.31657,9.18502,0.644251,-0.0716158,0.0539913,3964.93,0
2.32305,9.22585,0.59927,-0.0630678,0.0663227,3971.43,0
2.32953,9.22487,0.618413,-0.063677,0.064348,3959.97,0
2.33599,9.29984,0.444172,-0.190447,0.0869001,3981.11,0
2.3425,9.20068,0.431662,-0.222463,0.0494845,3927.72,0
2.34897,9.29051,0.389892,0.0478538,0.0779749,3955.13,0
2.35547,9.3062,0.19094,0.175033,0.0806134,3950.89,0
2.36198,9.30887,0.166922,0.0647857,0.0787287,3941.13,0
2.36851,9.43957,0.0816762,0.117316,0.119037,3985.45,0
2.37502,9.15554,-0.113963,0.0399247,0.0172535,3854.92,0
2.3815,9.20828,-0.0466075,0.0854049,0.0351859,3866.58,0
2.38799,9.28026,-0.17388,-0.218912,0.0580945,3886.23,0
2.39452,9.28339,0.101214,-0.11509,0.0575233,3876.94,0
2.401,9.36649,0.00662067,-0.165131,0.0846634,3901.07,0
2.40752,9.37797,-0.13329,-0.122792,0.0852235,3895.28,0
2.41403,9.48361,-0.129392,0.0269311,0.117819,3928.53,0
2.42051,9.46226,-0.104112,0.0374832,0.105127,3909.21,0
2.42699,9.58531,0.0125258,0.0709593,0.140322,3949.47,0
2.43349,9.66143,0.245688,0.044019,0.15956,3970.2,0
2.44002,9.68954,0.212146,0.083854,0.160985,3971.09,0
2.4465,9.5776,0.117194,0.00838994,0.114935,3914.81,0
2.453,9.42525,0.0151217,0.0818162,0.0585036,3842.33,0
2.45949,9.26977,-0.0293036,-0.0221746,0.00304089,3768.98,0
2.46596,9.33391,-0.0106024,-0.129101,0.0250633,3785.11,0
2.4725,9.3827,0.0111695,-0.289764,0.0413218,3794.83,0
2.47901,9.4036,0.153312,-0.305582,0.0463233,3793.29,0
2.48551,9.38255,0.0885049,-0.21881,0.0377512,3774.9,0
2.49202,9.34235,0.0257842,-0.238893,0.0233152,3748.9,0
2.49855,9.31319,-0.100457,-0.198798,0.0127455,3727.44,0
2.50508,9.28601,-0.0768898,-0.288379,0.00308784,3706.87,0
2.51157,9.47374,-0.162561,-0.40967,0.0681173,3772.04,0
2.51814,9.49859,-0.355583,-0.411384,0.075074,3772.07,0
2.52462,9.41668,-0.506373,-0.522298,0.0438028,3729.93,0
2.53111,9.45244,-0.573201,-0.606949,0.0548908,3734.5,0
2.53763,9.41696,-0.712951,-0.719557,0.0404012,3710.92,0
2.54418,9.46007,-0.803208,-0.732111,0.0536351,3718.31,0
2.55071,9.47613,-0.852676,-0.790835,0.0575131,3715.1,0
2.55723,9.44433,-0.656696,-0.785049,0.0449167,3693.19,0
2.56374,9.42143,-0.540616,-0.83531,0.0358081,3674.88,0
2.57026,9.49646,-0.594309,-1.01266,0.0605215,3694.74,0
2.57679,9.79399,-0.629501,-0.943482,0.160574,3800.84,0
2.58331,9.76502,-0.560674,-1.02416,0.143172,3780.04,0
2.58985,9.63838,-0.423097,-1.02156,0.0939329,3721.61,0
2.59634,9.56696,-0.558643,-1.14919,0.0656354,3684.78,0
2.60285,9.60429,-0.467471,-1.30124,0.0767298,3689.91,0
2.60934,9.66139,-0.379157,-1.15202,0.0926788,3702.62,0
2.61585,9.69872,-0.367689,-1.31312,0.101552,3707.67,0
2.62231,9.80125,-0.382966,-1.348,0.132924,3737.64,0
2.62886,9.84202,-0.295961,-1.40928,0.14196,3743.83,0
2.63534,9.82585,-0.268896,-1.30102,0.128928,3728.49,0
2.64185,9.81728,-0.346499,-1.38,0.120671,3716.07,0
2.64834,9.73994,-0.36013,-1.58929,0.0884085,3677.75,0
2.65487,9.73632,-0.258751,-1.62102,0.0845947,3667.34,0
2.6614,9.56779,-0.40838,-1.47683,0.023832,3595.02,0
2.66793,9.61899,-0.409814,-1.47579,0.040779,3605.41,0
2.6744,9.64078,-0.64611,-1.48636,0.0474135,3604.84,0
2.68089,9.69409,-0.969037,-1.51179,0.0634704,3616,0
2.68739,9.71923,-1.08957,-1.53306,0.0698666,3616.61,0
2.69389,9.82916,-1.21407,-1.55883,0.104796,3648.69,0
2.70037,9.68365,-1.21604,-1.51612,0.0508051,3586.04,0
2.70693,9.63047,-1.50654,-1.49386,0.031272,3557.7,0
2.71347,9.63638,-1.49918,-1.46448,0.0327609,3551.31,0
2.71998,9.73609,-1.64909,-1.62034,0.0657949,3579.47,0
2.72648,9.71905,-1.5025,-1.49074,0.0577022,3564.68,0
2.733,9.59427,-1.66502,-1.54748,0.0135363,3510.52,0
2.73952,9.63885,-1.61004,-1.51739,0.0284386,3518.44,0
2.74606,9.59846,-1.49203,-1.56661,0.0141424,3495.35,0
2.75252,9.69234,-1.46968,-1.50787,0.0463776,3521.26,0
2.75903,9.70826,-1.35789,-1.65359,0.0508305,3518.72,0
2.76552,9.70427,-1.40244,-1.65432,0.0482965,3509.02,0
2.77203,9.72273,-1.47251,-1.6729,0.0534276,3507.43,0
2.77858,9.8119,-1.37844,-1.69172,0.0813029,3531.27,0
2.78508,9.67525,-1.29546,-1.74212,0.0319309,3473.95,0
2.79165,9.58957,-1.33794,-1.72263,0.00151052,3435.09,0
2.79812,9.65817,-1.21926,-1.72857,0.0253072,3451.67,0
2.8046,9.79577,-1.18681,-1.83791,0.0719187,3492.75,0
2.81113,9.82919,-1.30813,-1.86928,0.0806622,3496.52,0
2.81767,9.92283,-1.42302,-1.95158,0.108841,3521.65,0
2.82418,10.0827,-1.33761,-1.91892,0.157759,3570.14,0
2.83067,10.2344,-1.31884,-1.77351,0.198573,3615.54,0
2.83718,10.3416,-1.28324,-1.79954,0.223636,3645.02,0
2.84368,10.4483,-1.28199,-1.64205,0.247758,3674.21,0
2.85015,10.2773,-1.18496,-1.38338,0.175267,3605.89,0
2.85668,10.2542,-1.06213,-1.23699,0.157184,3589.54,0
2.86321,10.2509,-1.18558,-1.2424,0.148285,3580.22,0
2.86975,10.5434,-1.33059,-1.42714,0.237239,3673.98,0
2.87627,10.2294,-1.42567,-1.31169,0.118628,3556.48,0
2.88284,10.2117,-1.49119,-1.32545,0.106659,3542.22,0
2.88935,10.3439,-1.69189,-1.30092,0.147502,3580,0
2.89586,10.2861,-1.8032,-1.13417,0.119257,3552.02,0
2.90232,10.4708,-1.59072,-0.978822,0.175664,3607.72,0
2.90882,10.3775,-1.8263,-1.19099,0.134449,3567.59,0
2.91533,10.2454,-1.90967,-1.17432,0.0837012,3514.33,0
2.92185,10.1819,-1.68747,-1.11336,0.0591857,3484.73,0
2.92836,10.2863,-1.65775,-1.18995,0.0931611,3512.66,0
2.9349,10.384,-1.65525,-1.30607,0.122549,3538.09,0
2.94141,10.3607,-1.65951,-1.39673,0.109253,3522.37,0
2.94794,10.4065,-1.6557,-1.25194,0.120867,3530.1,0
2.95447,10.6345,-1.65055,-1.11771,0.192828,3599.47,0
2.96101,10.4984,-1.71087,-1.0241,0.136668,3545.53,0
2.96748,10.3102,-1.80526,-1.11846,0.0677317,3474.41,0
2.97405,10.2433,-1.74684,-1.15088,0.0421811,3444.24,0
2.98054,10.2504,-1.6611,-1.14666,0.0435047,3439.1,0
2.98707,10.2794,-1.60813,-1.21453,0.05154,3441.32,0
2.99354,10.2733,-1.64179,-1.28249,0.0483198,3431.81,0
3.00001,10.2023,-1.71184,-1.41051,0.022694,3400.76,0
3.00651,10.2697,-1.58958,-1.39833,0.0449481,3415.83,0
3.01301,10.4059,-1.63985,-1.38906,0.0905249,3453.66,0
3.01953,10.3306,-1.65415,-1.53285,0.061525,3421.25,0
3.02602,10.2192,-1.76478,-1.70525,0.0217395,3377.11,0
3.03254,10.2212,-1.79474,-1.7695,0.0220517,3370.52,0
3.03908,10.2574,-1.78566,-1.71265,0.0338825,3375.15,0
3.04559,10.3447,-1.76664,-1.74309,0.0630761,3396.63,0
3.05208,10.2686,-1.6416,-1.91079,0.0350428,3364.46,0
3.05859,10.2978,-1.68238,-1.96601,0.0447978,3366.84,0
3.0651,10.4107,-1.64648,-1.92541,0.0821004,3396.52,0
3.07164,10.4582,-1.77388,-2.02589,0.0957307,3404.76,0
3.07812,10.7708,-1.82827,-2.06667,0.196528,3499.15,0
3.0846,10.738,-1.671,-2.04314,0.173146,3481.16,0
3.09105,10.9524,-1.63439,-2.15005,0.235316,3543.25,0
3.09753,10.9159,-1.54585,-2.20215,0.207167,3524.07,0
3.10405,10.7369,-1.58266,-2.20624,0.135557,3458.99,0
3.11057,10.6541,-1.66256,-2.15868,0.101999,3425.13,0
3.1171,10.7019,-1.88456,-2.33773,0.114445,3433.3,0
3.12364,10.6273,-1.94742,-2.50773,0.0831214,3402.2,0
3.13017,10.6083,-2.05035,-2.21722,0.0725021,3389.04,0
3.13669,10.6603,-2.12122,-2.31442,0.0870095,3398.59,0
3.14317,10.7468,-2.20426,-2.36488,0.113213,3419.1,0
3.14969,11.003,-2.1548,-2.27026,0.192427,3493.35,0
3.15621,10.9445,-2.22636,-2.40221,0.161301,3467.62,0
3.16273,10.8469,-2.27705,-2.19986,0.119414,3429.59,0
3.16924,10.9028,-1.98659,-2.18013,0.133817,3440.2,0
3.17573,10.9772,-1.99663,-2.26983,0.151277,3456.59,0
3.18223,11.0059,-1.87079,-2.38686,0.154337,3458.55,0
3.18877,11.1443,-1.80237,-2.13621,0.192316,3494.85,0
3.19529,11.1282,-1.72078,-2.07551,0.17704,3482.69,0
3.20181,11.0065,-1.90495,-2.05101,0.127712,3437.6,0
3.20829,10.9821,-1.84408,-2.03555,0.112522,3423.05,0
3.21478,10.8557,-1.54137,-1.92684,0.0651217,3376.81,0
3.2213,10.8184,-1.57456,-1.93598,0.050208,3358.39,0
3.22783,10.7776,-1.51891,-1.85007,0.0350403,3338.94,0
3.23435,10.7188,-1.62661,-1.92638,0.0137387,3314.05,0
3.24083,10.7958,-1.55006,-1.94402,0.0402825,3331.18,0
3.24732,11.0196,-1.53197,-1.94869,0.115212,3393.45,0
3.25381,10.8906,-1.75471,-1.99198,0.0670916,3347.05,0
3.26032,10.806,-1.77811,-1.94744,0.0356781,3314.39,0
3.26678,10.8963,-1.74658,-2.12586,0.0663353,3335.49,0
3.2733,11.0539,-1.81864,-1.91866,0.117324,3377,0
3.27984,11.2472,-1.91442,-1.87416,0.178371,3429.21,0
3.28633,11.3314,-2.01734,-1.63307,0.196805,3448.03,0
3.29284,11.3431,-2.09932,-1.92738,0.190301,3444.78,0
3.29932,11.2551,-2.44472,-2.09009,0.149681,3411.33,0
3.30583,11.1899,-2.25417,-2.11859,0.119263,3384.9,0
3.31231,11.1307,-2.18419,-2.07095,0.094535,3360.39,0
3.31881,11.2336,-2.29825,-2.13607,0.125322,3384.84,0
3.32533,11.0939,-2.2468,-1.9026,0.072597,3336.18,0
3.33185,11.0029,-2.40909,-1.9542,0.0394268,3302.32,0
3.33837,10.9256,-2.36581,-1.96542,0.0117567,3272.74,0
3.3449,10.9768,-2.34631,-2.14045,0.0292787,3281.66,0
3.35139,11.2035,-2.43215,-2.18947,0.106455,3342.94,0
3.35792,11.1443,-2.53255,-2.20853,0.081856,3318.81,0
3.36441,11.0145,-2.51564,-2.15455,0.0349402,3273.83,0
3.37093,11.0375,-2.46534,-2.04943,0.0420414,3274.32,0
3.37743,11.0014,-2.41595,-1.99651,0.0287139,3257.34,0
3.38392,11.136,-2.25016,-1.94366,0.0733769,3290.87,0
3.39043,11.04,-2.37445,-1.90833,0.0381482,3256.23,0
3.39696,10.9813,-2.37616,-1.87304,0.0173822,3232.68,0
3.40347,10.9767,-2.34823,-1.8882,0.0156152,3225.14,0
3.41,11.105,-2.21715,-1.92709,0.0591316,3256.61,0
3.41651,10.969,-2.28775,-1.93099,0.0109264,3210.57,0
3.42306,11.0464,-2.30639,-1.7985,0.0375224,3227.06,0
3.42955,10.976,-2.34686,-1.83117,0.0119406,3200.42,0
3.43607,11.075,-2.36463,-1.85428,0.0457583,3223.16,0
3.44256,11.1179,-2.42833,-1.72216,0.0596856,3229.53,0
3.44907,11.1993,-2.25809,-1.8852,0.0849064,3247.05,0
3.45556,11.315,-2.26936,-1.79439,0.120659,3274.44,0
3.46207,11.2562,-2.42475,-1.68121,0.095308,3251.3,0
3.46862,11.4258,-2.6012,-1.73342,0.148223,3294.04,0
3.4751,11.386,-2.79382,-1.68269,0.127654,3276.47,0
3.4816,11.4012,-2.8961,-1.68351,0.125786,3274.69,0
3.48804,11.4025,-2.8082,-1.72388,0.121242,3269.04,0
3.49457,11.4001,-2.77358,-1.48881,0.114553,3262.23,0
3.50112,11.6998,-3.16328,-1.56103,0.209853,3341.72,0
3.50761,11.6678,-3.03829,-1.4713,0.187966,3326.44,0
3.51406,11.682,-3.10709,-1.26631,0.181932,3324.35,0
3.5206,11.8452,-3.2217,-1.32772,0.227991,3364.53,0
3.52709,12.2256,-3.29566,-1.42607,0.342284,3466.2,0
3.5336,12.3058,-3.19093,-1.35976,0.344073,3482.52,0
3.54011,12.16,-3.19674,-1.21733,0.269941,3434.92,0
3.54664,12.3964,-3.33143,-1.06149,0.330032,3495.26,0
3.55315,12.4531,-3.7116,-0.931889,0.32389,3504.82,0
3.55967,12.374,-3.76451,-0.931067,0.274146,3476.17,0
3.56619,12.2745,-3.86096,-0.902451,0.220291,3441.91,0
3.57272,12.4377,-3.82258,-0.74225,0.262035,3481.28,0
3.57918,12.4933,-3.67651,-0.786366,0.265496,3490.54,0
3.58567,12.8829,-3.62019,-0.789394,0.376701,3592.88,0
3.59214,12.7388,-3.3005,-0.489122,0.300489,3546.29,0
3.59866,12.7055,-3.20927,-0.319144,0.270994,3530.62,0
3.60518,12.5591,-3.09831,-0.346286,0.205117,3483.64,0
3.61164,12.601,-3.1112,-0.248432,0.206484,3488.99,0
3.61813,12.5278,-3.44107,-0.439254,0.170269,3462.5,0
3.62468,12.3023,-3.44048,-0.503032,0.0848264,3394.04,0
3.63121,12.2911,-3.39781,-0.446229,0.0786232,3384.86,0
3.6377,12.2702,-3.49614,-0.420797,0.06795,3373.05,0
3.64423,12.2377,-3.5469,-0.509343,0.054349,3358.1,0
3.65081,12.2677,-3.39385,-0.485648,0.0625623,3360.27,0
3.65731,12.1575,-3.48746,-0.6406,0.02329,3324.16,0
3.66382,12.1013,-3.48802,-0.61549,0.00347011,3302.91,0
3.67034,12.1176,-3.49104,-0.628634,0.00914755,3301.51,0
3.67684,12.2354,-3.41778,-0.665164,0.0498891,3327.7,0
3.68331,12.263,-3.24853,-0.649595,0.0582089,3329.34,0
3.68981,12.3253,-3.15833,-0.490956,0.0767418,3340.37,0
3.69631,12.2748,-3.26167,-0.484785,0.0575144,3320.82,0
3.7028,12.5716,-3.24042,-0.561018,0.15632,3395.16,0
3.70925,12.3881,-3.28097,-0.664719,0.086476,3339.79,0
3.71573,12.4637,-3.14424,-0.684901,0.108739,3354.29,0
3.7222,12.769,-3.33831,-0.600082,0.207289,3430.5,0
3.72868,12.8382,-3.49892,-0.883223,0.217293,3443.09,0
3.73516,12.9077,-3.46811,-1.01352,0.226729,3455.73,0
3.74165,13.0677,-3.28919,-0.799415,0.265692,3492.49,0
3.74821,13.1797,-3.11315,-1.00553,0.284499,3516.26,0
3.75473,13.0281,-3.17388,-1.01817,0.214922,3469.78,0
3.76117,12.9251,-3.36345,-1.43286,0.168637,3436.46,0
3.76768,13.0921,-3.18053,-1.73436,0.21578,3474.84,0
3.77417,12.9423,-3.15086,-1.62734,0.15365,3429.18,0
3.78063,13.0623,-3.1928,-1.68087,0.18546,3455.06,0
3.78712,13.0345,-3.16154,-1.87707,0.16623,3441.8,0
3.79363,13.0092,-3.33557,-1.75584,0.150187,3429.21,0
3.8001,13.0681,-3.48837,-1.719,0.164137,3438.88,0
3.80658,12.9922,-3.55781,-1.71847,0.130792,3413.09,0
3.81307,13.1093,-3.50252,-1.67377,0.164571,3438,0
3.81956,13.0195,-3.41273,-1.69664,0.126196,3408.63,0
3.8261,12.8576,-3.5632,-1.71446,0.0656725,3360.5,0
3.83261,12.7736,-3.5593,-1.65143,0.0340638,3332.87,0
3.8392,12.8092,-3.525,-1.62972,0.0458204,3336.42,0
3.8457,13.0512,-3.42861,-1.69289,0.126617,3393.71,0
3.85225,13.1381,-3.48913,-1.41389,0.15006,3410.5,0
3.85872,13.2513,-3.65176,-1.24879,0.179778,3434.13,0
3.86526,13.0439,-3.70703,-1.17897,0.10056,3374.65,0
3.87176,13.0201,-3.80844,-0.990021,0.0884075,3362.83,0
3.87828,12.8783,-3.74588,-1.07664,0.0370784,3320.62,0
3.88477,12.9073,-3.64056,-1.0331,0.0454482,3322.54,0
3.89129,12.8959,-3.73786,-1.24287,0.0402188,3314.03,0
3.89779,13.0056,-3.75349,-1.24944,0.0768747,3336.66,0
3.90432,13.2324,-3.79448,-1.13741,0.151178,3389.17,0
3.91079,13.2415,-3.98154,-1.32427,0.146962,3385.9,0
3.91729,13.04,-4.12888,-1.42003,0.0726245,3328.83,0
3.92378,13.0323,-4.12626,-1.44924,0.0670841,3321.36,0
3.9303,13.278,-4.08213,-1.26817,0.14819,3378.37,0
3.93677,13.405,-4.14351,-1.38761,0.184531,3405.09,0
3.94327,13.3746,-4.13003,-1.28066,0.165836,3391.75,0
3.94981,13.464,-4.01446,-1.52724,0.187178,3408.76,0
3.95633,13.3329,-4.16124,-1.72075,0.131795,3370.01,0
3.96285,13.3858,-4.123,-1.78688,0.144492,3377.82,0
3.96938,13.5162,-4.14866,-2.01543,0.18117,3405.11,0
3.97588,13.6313,-4.11874,-2.20498,0.210074,3428.5,0
3.98237,13.7904,-4.23466,-2.05253,0.252351,3462.86,0
3.98888,14.0485,-4.14523,-2.12944,0.324896,3521.93,0
3.99536,14.1039,-4.06909,-2.11601,0.320705,3530.08,0
4.00188,14.2892,-4.28988,-2.13383,0.355643,3570.62,0
4.00837,14.5141,-4.16088,-2.0421,0.402488,3620.94,0
4.01491,14.7734,-4.0198,-1.78313,0.45684,3679.63,0
4.02141,14.5908,-3.98473,-1.63936,0.359441,3628.27,0
4.0279,14.4236,-3.77189,-1.45887,0.278551,3580.94,0
4.03444,14.3785,-3.65274,-1.66971,0.245358,3563.93,0
4.04095,14.2633,-3.38691,-1.65044,0.193571,3529.69,0
4.04746,14.4062,-3.32504,-1.78026,0.229,3559.32,0
4.05396,14.3324,-3.35514,-1.85991,0.191058,3535.42,0
4.06049,14.3727,-3.45011,-1.85667,0.194898,3539.64,0
4.06692,14.3241,-3.46184,-1.64607,0.168037,3522.09,0
4.0734,14.4055,-3.51435,-1.64878,0.186666,3536.47,0
4.07992,14.4538,-3.49234,-1.57425,0.193433,3542.67,0
4.08641,14.4617,-3.55758,-1.57279,0.184793,3538.97,0
4.09289,14.6326,-3.3698,-1.75575,0.232146,3575.13,0
4.09936,14.4347,-3.14965,-1.74572,0.150422,3521.22,0
4.10591,14.3592,-3.25715,-1.79616,0.117685,3497.2,0
4.11244,14.3748,-3.2424,-1.66309,0.117838,3495.45,0
4.1189,14.3935,-3.19435,-1.60121,0.119435,3494.49,0
4.12539,14.1985,-2.94595,-1.73577,0.0480453,3441.75,0
4.13187,14.113,-3.02258,-1.78869,0.0174665,3415.65,0
4.13843,14.1448,-2.87086,-1.82689,0.0278954,3417.92,0
4.14492,14.1776,-2.83176,-1.76304,0.0386075,3420.48,0
4.15142,14.2049,-2.80719,-1.87312,0.0469131,3421.71,0
4.15795,14.239,-2.79959,-1.91958,0.0570093,3424.52,0
4.16448,14.2541,-2.84917,-1.85277,0.0599587,3422.78,0
4.17098,14.1851,-2.84611,-1.82976,0.0343587,3400.91,0
4.17746,14.0956,-2.91769,-1.80341,0.00259134,3374.2,0
4.18391,14.223,-2.98594,-1.71831,0.0466783,3399.44,0
4.19042,14.2216,-3.07962,-1.7669,0.0450537,3393.84,0
4.19696,14.1901,-3.1052,-1.78049,0.032429,3381.04,0
4.20345,14.2695,-3.22079,-1.74579,0.0591077,3394.72,0
4.20992,14.2566,-3.34614,-1.57436,0.0525249,3386.44,0
4.21641,14.2589,-3.41658,-1.43997,0.0511184,3381.75,0
4.2229,14.4842,-3.33301,-1.39222,0.126616,3429.91,0
4.22942,14.5478,-3.48251,-1.35801,0.143729,3439.67,0
4.23589,14.4711,-3.46571,-1.21444,0.112864,3416.3,0
4.24237,14.6927,-3.22449,-1.3122,0.182766,3463.33,0
4.24887,14.7705,-3.14401,-1.16362,0.201056,3476.34,0
4.25539,14.6907,-3.17958,-1.02945,0.16151,3452.26,0
4.26191,14.6622,-3.10589,-1.25019,0.143285,3440.29,0
4.26845,14.7012,-3.04105,-1.11618,0.149129,3444.15,0
4.27498,14.747,-2.90061,-1.15513,0.15691,3449.6,0
4.28153,14.7057,-2.93352,-1.0003,0.133378,3434.68,0
4.28804,14.9293,-2.90984,-1.12663,0.202493,3481.62,0
4.29454,15.0615,-2.92533,-1.16163,0.234927,3507.12,0
4.30104,14.9076,-2.85416,-1.16862,0.171611,3466.06,0
4.30752,15.0804,-2.76169,-1.31064,0.220688,3500.96,0
4.31404,15.1562,-2.98135,-1.41808,0.233824,3513.23,0
4.32055,15.2049,-3.15591,-1.44481,0.234843,3519.2,0
4.32705,15.2847,-3.15392,-1.30334,0.247474,3532.35,0
4.33357,15.2947,-3.3173,-1.50699,0.236943,3529.36,0
4.34006,15.3253,-3.25405,-1.52953,0.231137,3531.13,0
4.34656,15.3386,-3.34086,-1.62896,0.222078,3528.91,0
4.35309,15.2575,-3.3419,-1.78088,0.181787,3504.97,0
4.3596,15.4148,-3.16278,-1.80556,0.223568,3535.84,0
4.3661,15.6568,-3.35867,-1.91141,0.290794,3586,0
4.37259,15.4237,-3.37514,-1.82164,0.194474,3527.36,0
4.37909,15.4428,-3.27825,-2.03163,0.190112,3526.48,0
4.38559,15.2675,-3.02258,-1.64286,0.119928,3481.28,0
4.39207,15.4086,-2.76999,-1.61289,0.161191,3508.27,0
4.39855,15.4672,-2.59694,-1.72262,0.174438,3516.44,0
4.40504,15.3748,-2.65366,-1.77539,0.134364,3490.28,0
4.41157,15.6223,-2.31991,-1.66756,0.21215,3541.21,0
4.41804,15.5573,-2.4329,-1.81844,0.177915,3521.32,0
4.42454,15.5185,-2.64841,-1.98596,0.154947,3507.37,0
4.43105,15.3109,-2.86381,-2.23784,0.0757085,3455.37,0
4.43756,15.3082,-2.84926,-2.07703,0.0725712,3449.69,0
4.44406,15.3245,-2.71712,-2.10624,0.075367,3448.31,0
4.45059,15.5239,-2.89614,-2.01823,0.14166,3488.05,0
4.45711,15.5719,-2.94312,-2.13095,0.150442,3493.71,0
4.46363,15.658,-2.64077,-2.08082,0.169611,3507.91,0
4.47015,15.7526,-2.67622,-2.13534,0.193699,3523.96,0
4.47669,15.6758,-2.64382,-2.24903,0.157797,3501.66,0
4.48319,15.5493,-2.55669,-2.35583,0.106813,3468.36,0
4.48967,15.4765,-2.39048,-2.21611,0.0780614,3447.15,0
4.49617,15.5871,-2.43079,-2.16039,0.113108,3466.75,0
4.50271,15.7984,-2.44725,-1.98857,0.179111,3508.65,0
4.50922,15.8311,-2.55256,-2.07059,0.178398,3510.82,0
4.51575,15.7139,-2.52685,-2.08833,0.130592,3479.8,0
4.52225,15.9696,-2.4501,-2.21497,0.211696,3531.34,0
4.52875,16.0641,-2.5344,-2.25477,0.229684,3547.15,0
4.53526,16.37,-2.3985,-2.30461,0.319552,3609.5,0
4.54178,16.4163,-2.37524,-2.53617,0.313699,3614.51,0
4.54826,16.3248,-2.3633,-2.43924,0.259619,3589.24,0
4.55472,16.3682,-2.19365,-2.36343,0.257788,3593.68,0
4.56126,16.4889,-2.10695,-2.16322,0.282441,3615,0
4.56775,16.6513,-2.01961,-2.15381,0.317967,3645.39,0
4.57427,16.6468,-2.01958,-2.24844,0.291633,3639.22,0
4.5808,16.5256,-2.06426,-2.1005,0.232875,3607.57,0
4.58727,16.7415,-1.96874,-2.05827,0.291084,3649.56,0
4.59376,16.721,-1.87077,-1.70807,0.264435,3639.95,0
4.60024,16.7662,-1.76664,-1.66058,0.264032,3644.63,0
4.60678,16.8409,-1.65115,-1.7398,0.272129,3655.67,0
4.61328,16.7636,-1.67497,-1.55381,0.226773,3633.76,0
4.61976,16.6892,-1.66634,-1.44905,0.189629,3612.56,0
4.62632,16.6892,-1.49226,-1.7375,0.180188,3607.44,0
4.63284,16.6287,-1.43555,-1.90787,0.148249,3589.31,0
4.63933,16.6796,-1.5343,-1.71953,0.157333,3595.27,0
4.64584,16.5865,-1.7924,-1.49853,0.119115,3570.19,0
4.65231,16.6348,-1.75065,-1.5396,0.130423,3575.6,0
4.65879,16.4486,-1.53331,-1.62047,0.0620903,3530.67,0
4.66529,16.7714,-1.52248,-1.73549,0.169407,3594.93,0
4.67177,17.1804,-1.44613,-1.75738,0.297823,3677.49,0
4.67824,16.9987,-1.63386,-1.6717,0.218157,3633.58,0
4.68477,16.9266,-1.55767,-1.7577,0.179663,3613.12,0
4.69126,16.8582,-1.79855,-1.70938,0.147647,3593.54,0
4.69778,16.8731,-2.00114,-1.66671,0.146544,3591.71,0
4.70429,16.7205,-1.9097,-1.59803,0.0869462,3554.32,0
4.71079,16.6816,-1.9184,-1.55062,0.0711302,3541.14,0
4.71729,16.6592,-2.0708,-1.48212,0.0606275,3531.52,0
4.72382,16.8516,-2.25099,-1.34509,0.124034,3567.37,0
4.73032,16.7584,-1.92814,-1.17505,0.0870974,3542.76,0
4.73687,16.7862,-1.876,-1.46554,0.091825,3543.72,0
4.74336,16.9995,-1.78368,-1.48913,0.160577,3583.85,0
4.74987,16.8026,-1.92577,-1.46585,0.0845896,3537.5,0
4.75638,16.8144,-2.06684,-1.44164,0.0862045,3535.13,0
4.76287,16.6812,-2.17286,-1.51921,0.0372466,3502.34,0
4.76934,16.6388,-2.20322,-1.42051,0.0222197,3488.71,0
4.77581,16.6811,-2.08025,-1.38987,0.0361523,3492.84,0
4.7823,16.8118,-2.08287,-1.38045,0.0805309,3515.42,0
4.78884,17.0034,-2.05687,-1.33445,0.14246,3550.63,0
4.79533,16.9679,-2.13516,-1.24735,0.122956,3538.42,0
4.80178,16.8733,-2.2031,-1.44804,0.0847816,3513.97,0
4.80828,16.7938,-2.34382,-1.62416,0.0535636,3492.68,0
4.8148,16.889,-2.26656,-1.76069,0.0849983,3507.74,0
4.82129,17.0225,-2.35802,-1.84409,0.127043,3530.69,0
4.8278,17.0173,-2.14044,-1.99954,0.119779,3524.86,0
4.83433,17.0468,-2.05644,-2.12729,0.125736,3526.2,0
4.84087,17.1226,-2.07806,-2.09954,0.145624,3537.1,0
4.84735,17.0962,-2.10657,-2.15226,0.130255,3526.92,0
4.85386,17.2579,-1.98558,-2.18661,0.178299,3555.51,0
4.86034,17.1585,-1.9617,-1.9599,0.134883,3530.32,0
4.86687,17.2414,-2.19656,-1.92107,0.158192,3542.61,0
4.87335,17.2226,-2.18152,-2.00098,0.143213,3534.04,0
4.87984,17.288,-2.07515,-2.05991,0.159083,3542.74,0
4.88636,17.1571,-2.10388,-2.01223,0.106879,3511.22,0
4.89285,17.2711,-2.12191,-2.00246,0.139987,3529.87,0
4.89932,17.4114,-2.2214,-2.14332,0.179078,3553.84,0
4.90582,17.299,-2.24181,-2.2393,0.132182,3526.23,0
4.91233,17.37,-2.47952,-2.0137,0.150721,3536.01,0
4.91883,17.1623,-2.47738,-1.90981,0.0726857,3489.11,0
4.92539,17.0483,-2.4644,-1.97586,0.0316682,3461.31,0
4.93185,17.0594,-2.5365,-2.06209,0.0345629,3459.03,0
4.93834,16.9945,-2.57618,-2.14024,0.0112491,3441.35,0
4.94487,17.1097,-2.54121,-2.21287,0.0506654,3460.09,0
4.95138,17.0524,-2.6663,-2.13424,0.0290212,3443.96,0
4.95788,17.0124,-2.63402,-2.03041,0.0147112,3431.39,0
4.96441,17.1056,-2.6498,-2.03607,0.0463584,3445.64,0
4.97091,17.093,-2.73264,-2.07026,0.0406595,3438.6,0
4.97744,17.2229,-2.75194,-2.06267,0.0841955,3460.19,0
4.98395,17.2286,-2.95705,-2.14502,0.0833866,3456.83,0
4.99044,17.2596,-3.11447,-2.17185,0.0917043,3458.53,0
4.99691,17.2709,-2.99982,-2.20867,0.0922304,3456.31,0
5.00343,17.21,-2.81316,-2.35163,0.0681841,3439.64,0
5.00992,17.4579,-2.86496,-2.27025,0.150976,3484.66,0
5.01639,17.3593,-2.9108,-2.4171,0.109489,3460.51,0
5.0229,17.3692,-2.96472,-2.51813,0.108481,3458,0
5.02937,17.4827,-3.06834,-2.73701,0.142682,3476.12,0
5.03583,17.4086,-3.15502,-2.63769,0.111861,3456.96,0
5.0423,17.4796,-3.09404,-2.64594,0.129348,3466.58,0
5.04883,17.5299,-2.85422,-2.54237,0.140672,3472.08,0
5.05532,17.4579,-2.82534,-2.55912,0.110736,3453.36,0
5.06183,17.2863,-2.90698,-2.612,0.0483724,3415.04,0
5.06832,17.2137,-3.05314,-2.55397,0.022074,3396.34,0
5.07484,17.2722,-3.11518,-2.64011,0.0415354,3403.5,0
5.08136,17.2663,-3.18568,-2.64558,0.0384435,3397.97,0
5.08786,17.2404,-3.13746,-2.6197,0.0287695,3388.54,0
5.09437,17.3034,-3.18104,-2.52451,0.0500271,3396.57,0
5.10086,17.2455,-3.27582,-2.50999,0.0284604,3380.9,0
5.10737,17.2333,-3.37388,-2.5601,0.0238693,3374.2,0
5.11394,17.2826,-3.48677,-2.51716,0.0405236,3379.5,0
5.12046,17.3385,-3.71564,-2.62446,0.0587607,3386.12,0
5.12701,17.3568,-3.72383,-2.88027,0.0635133,3385.36,0
5.13348,17.3282,-3.65449,-3.06956,0.0517178,3375.52,0
5.14001,17.311,-3.7408,-3.14635,0.0444031,3367.89,0
5.14649,17.333,-3.91822,-3.20241,0.0503917,3367.93,0
5.15297,17.5749,-3.73254,-3.24536,0.132016,3410.63,0
5.15952,17.5309,-3.77883,-3.19198,0.110709,3397.79,0
5.166,17.7521,-3.83088,-3.20501,0.1809,3436.32,0
5.17252,17.9523,-3.71963,-3.17996,0.240378,3470.72,0
5.17903,17.8307,-3.79328,-3.18304,0.185268,3442.87,0
5.18557,17.7321,-4.0008,-2.98725,0.142345,3419.5,0
5.1921,17.7107,-3.87883,-2.85402,0.127011,3411.09,0
5.19866,17.6619,-3.77085,-2.80257,0.104624,3397.4,0
5.20514,17.6873,-3.82837,-2.70086,0.109495,3398.06,0
5.21165,17.6544,-3.76884,-2.74603,0.0940889,3387.48,0
5.21811,17.5917,-3.74575,-2.87184,0.0686026,3371.27,0
5.22464,17.5147,-3.73182,-3.04052,0.0398637,3352.32,0
5.23115,17.4442,-3.74588,-3.01366,0.0145846,3334.67,0
5.23767,17.4452,-3.75383,-3.12452,0.0146981,3330.72,0
5.24419,17.4518,-3.67924,-3.2337,0.0168647,3327.84,0
5.25073,17.5392,-3.56438,-3.14675,0.0466178,3340.33,0
5.25722,17.5253,-3.64823,-3.14829,0.0406292,3333.57,0
5.26376,17.6645,-3.65291,-3.12251,0.086857,3355.86,0
5.27024,17.5979,-3.74207,-3.08201,0.0617259,3339.1,0
5.27675,17.57,-3.6996,-3.10067,0.0492622,3329.7,0
5.28332,17.5591,-3.64711,-3.19354,0.0441207,3323.49,0
5.28988,17.5271,-3.50434,-3.1002,0.0319658,3313.33,0
5.29636,17.4701,-3.50352,-3.07398,0.0116441,3298.51,0
5.30287,17.5162,-3.53515,-3.05698,0.0270944,3303.15,0
5.30937,17.5643,-3.57649,-3.12753,0.0430203,3308.17,0
5.31584,17.5108,-3.60971,-3.16946,0.0235494,3294.08,0
5.32236,17.6793,-3.61079,-3.17284,0.0803844,3321.7,0
5.32887,17.7641,-3.53935,-3.28291,0.106438,3333.56,0
5.33539,17.6703,-3.67851,-3.26595,0.0699692,3311.91,0
5.34189,17.7503,-3.8829,-3.22559,0.0956847,3322.85,0
5.34844,17.8451,-3.97298,-3.19653,0.12461,3336.51,0
5.35498,17.8544,-3.83076,-3.17149,0.123203,3334.16,0
5.36147,17.6362,-3.82877,-3.1855,0.0426407,3289.43,0
5.36796,17.5438,-3.71143,-3.16325,0.00960907,3268.24,0
5.37445,17.5609,-3.58276,-3.02136,0.0149985,3267.48,0
5.38095,17.795,-3.47246,-2.9596,0.0953989,3307.04,0
5.38747,18.0525,-3.50613,-2.67917,0.178548,3350.83,0
5.39396,17.8727,-3.50034,-2.65491,0.108029,3313.46,0
5.40046,17.8787,-3.38351,-2.63396,0.106577,3310.58,0
5.40702,17.9529,-3.41436,-2.59036,0.127716,3320.29,0
5.41356,17.7786,-3.4768,-2.60602,0.062758,3284.09,0
5.42006,17.893,-3.67029,-2.56169,0.100628,3301.25,0
5.42655,17.859,-3.4941,-2.54607,0.0849899,3291.04,0
5.43304,17.7637,-3.51866,-2.49433,0.0495047,3269.57,0
5.43953,17.8095,-3.70215,-2.60749,0.062392,3274.08,0
5.44602,17.8365,-3.54335,-2.67501,0.0696064,3275.14,0
5.45252,17.7211,-3.39224,-2.77586,0.0279859,3250.08,0
5.45905,17.7681,-3.36648,-2.8074,0.0436638,3254.8,0
5.4656,17.7986,-3.34051,-2.82008,0.0521174,3256.47,0
5.47212,17.7868,-3.42952,-2.80373,0.0467229,3250.44,0
5.47871,18.0329,-3.38012,-2.94006,0.128237,3291.46,0
5.48524,18.0355,-3.6521,-2.80397,0.123796,3288.01,0
5.49174,18.0538,-3.55466,-2.96011,0.124957,3287.45,0
5.49823,17.9449,-3.61703,-3.02138,0.0831384,3263.76,0
5.50474,17.999,-3.62341,-2.97125,0.0987582,3269.74,0
5.51126,18.2254,-3.56336,-3.22736,0.171856,3306.93,0
5.51777,18.2887,-3.5331,-3.31851,0.18492,3314.52,0
5.52426,18.5405,-3.40313,-3.51583,0.260846,3356.2,0
5.5308,18.4997,-3.37739,-3.73907,0.232845,3344.85,0
5.53728,18.413,-3.61419,-3.72115,0.190804,3325.27,0
5.54377,18.5886,-3.43192,-3.65004,0.236587,3353.05,0
5.55025,18.6247,-3.17343,-3.72812,0.233212,3355.64,0
5.55673,18.6806,-3.35697,-3.25334,0.238459,3361.79,0
5.56324,18.6246,-3.13629,-3.1887,0.202629,3347.79,0
5.5698,18.794,-2.93955,-3.2621,0.248216,3374.28,0
5.57632,18.8268,-2.81256,-3.29893,0.243144,3376.2,0
5.58278,18.9679,-2.9732,-3.26356,0.273893,3397.56,0
5.5893,18.9428,-3.15401,-3.49167,0.247201,3389.13,0
5.59576,19.1416,-3.26898,-3.56528,0.297824,3420.72,0
5.60226,19.3597,-2.93518,-3.51075,0.351376,3455.7,0
5.60874,19.2266,-2.91272,-3.46108,0.282954,3427.98,0
5.61525,19.2823,-2.6421,-3.54292,0.283855,3433.92,0
5.62176,19.266,-2.59064,-3.57628,0.25779,3427.04,0
5.62829,19.2889,-2.76289,-3.46487,0.249176,3427.13,0
5.63477,19.2444,-2.85132,-3.37967,0.220727,3415.29,0
5.64129,19.0825,-2.97394,-3.14352,0.153379,3382.66,0
5.64782,18.9117,-2.79597,-3.24449,0.0885145,3348.49,0
5.65435,18.9592,-2.79008,-3.14326,0.101245,3353.03,0
5.66085,18.9112,-2.9161,-3.28236,0.0813141,3340.7,0
5.66736,18.8578,-3.05508,-3.32703,0.0598084,3327.44,0
5.67387,18.9224,-2.98404,-3.08101,0.0804825,3335,0
5.68041,19.0449,-2.93696,-3.1627,0.120047,3352.73,0
5.68693,18.9117,-2.95923,-3.0046,0.0694956,3325.46,0
5.69345,18.8643,-2.94376,-2.8735,0.0508674,3313.34,0
5.69998,18.8677,-3.04094,-2.82019,0.0507229,3310.13,0
5.70651,18.7865,-3.1157,-2.74352,0.0213347,3292.11,0
5.713,18.828,-3.17076,-2.79694,0.0351898,3295.65,0
5.71948,18.7963,-3.15482,-2.82506,0.0237003,3286.36,0
5.72598,18.9748,-3.16217,-3.05753,0.0846345,3313.81,0
5.73253,19.1145,-3.18457,-3.1439,0.129946,3334.4,0
5.73905,19.2327,-3.08872,-3.2905,0.162672,3351.2,0
5.74554,19.1197,-2.95404,-3.50825,0.114005,3327.75,0
5.75205,19.0602,-3.10588,-3.51601,0.0906062,3313.63,0
5.75855,19.1412,-2.92939,-3.46246,0.114135,3323.96,0
5.76506,19.1455,-3.04337,-3.42375,0.109317,3320.95,0
5.77153,19.1271,-3.18623,-3.43496,0.0988136,3314.04,0
5.77805,19.2587,-3.26582,-3.24993,0.138536,3333.08,0
5.7845,19.1345,-3.15831,-3.17447,0.0897012,3307.89,0
5.79099,19.2912,-3.14388,-3.10472,0.139703,3331.25,0
5.79748,19.3569,-3.0726,-2.99011,0.155964,3338.85,0
5.80401,19.3969,-3.10132,-3.05624,0.161488,3341.98,0
5.81055,19.7022,-3.01899,-3.14425,0.257285,3390.77,0
5.81703,19.8882,-3.0244,-3.16042,0.304845,3418.96,0
5.82352,19.6824,-2.91758,-3.04485,0.217268,3379.82,0
5.82999,19.925,-2.98948,-2.89714,0.286094,3417.68,0
5.83652,19.9181,-3.0993,-2.91755,0.265506,3412.67,0
5.84301,20.0807,-3.25729,-3.08782,0.302816,3436.71,0
5.84948,20.2216,-3.40806,-3.01341,0.330758,3456.99,0
5.85595,20.0865,-3.22255,-2.98696,0.264521,3430.11,0
5.86242,20.091,-3.10879,-3.01156,0.248974,3427.09,0
5.86895,20.1796,-2.83672,-3.07327,0.262692,3438.37,0
5.87549,20.4311,-3.00132,-2.80739,0.329964,3477.34,0
5.88201,20.4737,-3.00543,-2.99741,0.322653,3480.73,0
5.88851,20.6925,-3.17218,-3.24344,0.373288,3514.05,0
5.89501,20.566,-3.1612,-3.07556,0.303352,3488.71,0
5.90151,20.4414,-3.17204,-3.13915,0.241602,3463.75,0
5.90799,20.3172,-3.27546,-3.30579,0.185021,3438.93,0
5.9145,20.5327,-3.25764,-3.40762,0.246838,3471.59,0
5.92097,20.6822,-3.39988,-3.22186,0.279897,3493.05,0
5.92746,20.555,-3.79262,-3.23415,0.21748,3467.76,0
5.93396,20.628,-3.82438,-3.27537,0.228889,3476.27,0
5.94045,20.5883,-3.93103,-3.28285,0.200802,3465.78,0
5.9469,20.4638,-4.00198,-3.19921,0.149046,3441.09,0
5.9534,20.2789,-3.72228,-3.03827,0.0787657,3406.27,0
5.95994,20.5926,-3.94667,-3.12291,0.180505,3455.16,0
5.96648,20.7008,-3.92126,-2.9447,0.205212,3469.52,0
5.973,20.6938,-4.04233,-2.98151,0.190808,3464.55,0
5.97952,20.7139,-3.96522,-3.10436,0.18756,3464.14,0
5.98603,20.7783,-4.19353,-3.24377,0.198489,3471.13,0
5.99255,20.6391,-4.12645,-3.25463,0.142057,3444.13,0
5.99911,20.411,-4.16122,-3.25312,0.0579605,3402.33,0
6.00561,20.5419,-4.2155,-3.24342,0.100078,3420.45,0
6.01214,20.3107,-4.17556,-3.19208,0.0172679,3378.28,0
6.01864,20.4453,-4.14009,-3.25164,0.0629999,3396.99,0
6.02514,20.3525,-4.2357,-3.23524,0.030012,3377.94,0
6.03163,20.4452,-4.14157,-3.28034,0.0608455,3389.67,0
6.03813,20.6719,-4.18219,-3.06606,0.135689,3423.55,0
6.04465,20.6662,-4.13321,-3.27745,0.125998,3418.93,0
6.05115,20.8181,-3.8963,-3.56876,0.169821,3440.36,0
6.05768,20.9537,-3.95917,-3.60875,0.206451,3459.03,0
6.06416,21.0343,-3.97022,-3.72465,0.22233,3468.62,0
6.0707,20.7995,-3.92509,-3.70772,0.130095,3426.22,0
6.07721,20.7923,-3.87784,-3.79515,0.120558,3421.35,0
6.08369,20.761,-3.91499,-3.81489,0.103759,3412.56,0
6.09013,20.96,-3.96379,-3.77794,0.165166,3441.63,0
6.09662,21.1497,-4.11771,-3.83269,0.221437,3469.08,0
6.10314,20.9017,-4.29778,-3.94453,0.125202,3424.74,0
6.10963,20.9507,-4.48137,-3.96652,0.137268,3429.13,0
6.11613,20.9569,-4.32791,-3.97785,0.132619,3426.5,0
6.12266,20.8421,-4.31065,-4.01419,0.0873715,3404.09,0
6.12915,20.8576,-4.36038,-3.96971,0.0895722,3403.01,0
6.13567,20.8292,-4.39541,-4.2328,0.0755866,3394.77,0
6.14221,20.8712,-4.42127,-4.29231,0.0869943,3397.99,0
6.14868,20.8413,-4.46149,-4.1437,0.0735511,3389.56,0
6.15519,20.8867,-4.60005,-4.04066,0.086645,3393.35,0
6.16169,21.0226,-4.64515,-4.05396,0.129442,3411.83,0
6.16818,21.072,-4.65559,-4.02593,0.140142,3416.24,0
6.17471,21.1228,-4.38323,-3.94384,0.150524,3420.86,0
6.18121,21.1973,-4.20159,-3.83356,0.169252,3429.31,0
6.1877,21.3359,-3.97292,-3.68753,0.206195,3448.12,0
6.1942,21.2796,-4.13316,-3.64033,0.176642,3435.41,0
6.20074,21.3996,-3.98362,-3.72494,0.209734,3451.14,0
6.20727,21.3984,-3.97945,-3.76007,0.196312,3447.32,0
6.21377,21.1821,-3.85738,-3.62862,0.112112,3408.89,0
6.22027,21.1356,-3.87385,-3.66275,0.090486,3397.86,0
6.22675,21.3065,-4.16651,-3.82662,0.145991,3421.78,0
6.23324,21.4403,-4.00047,-3.85092,0.183735,3439.67,0
6.23972,21.4332,-4.11357,-3.75844,0.17178,3434.96,0
6.24626,21.4394,-4.15439,-3.75427,0.164519,3432.36,0
6.25278,21.4609,-4.23481,-3.60757,0.16399,3432.21,0
6.25931,21.4783,-4.1301,-3.43007,0.160826,3431.42,0
6.26582,21.5163,-4.06523,-3.46006,0.163892,3433.91,0
6.27229,21.2319,-4.15208,-3.4139,0.0601306,3385.02,0
6.27883,21.1591,-4.17744,-3.50744,0.0335004,3369.91,0
6.28531,21.4399,-4.08773,-3.58975,0.128847,3411.12,0
6.29179,21.5074,-4.04422,-3.78117,0.143951,3418.33,0
6.29827,21.4111,-3.858,-3.71167,0.104444,3399.52,0
6.30482,21.3806,-3.81846,-3.67581,0.0903622,3391.16,0
6.31127,21.3162,-3.7674,-3.6213,0.0651271,3377.49,0
6.31778,21.2757,-3.69468,-3.47236,0.0488022,3367.59,0
6.32428,21.2134,-3.69493,-3.35951,0.0261837,3354.27,0
6.33082,21.1827,-3.81699,-3.3734,0.0146894,3345.96,0
6.33732,21.1659,-3.90885,-3.37708,0.00856584,3339.89,0
6.34386,21.3715,-3.90272,-3.39086,0.0788644,3368.84,0
6.35031,21.3346,-3.97089,-3.39207,0.0634314,3359.62,0
6.35683,21.4516,-3.97188,-3.46496,0.101404,3374.57,0
6.36335,21.2978,-4.05728,-3.49492,0.0441655,3346.95,0
6.36986,21.4458,-4.10891,-3.43896,0.0928041,3366.76,0
6.37637,21.3356,-4.04851,-3.23377,0.0514039,3346.03,0
6.38283,21.4175,-3.98897,-3.12521,0.0780201,3355.49,0
6.38934,21.4561,-3.96066,-3.3235,0.0879087,3358.11,0
6.39583,21.647,-4.05734,-3.42566,0.146686,3384.55,0
6.40234,21.5857,-4.12145,-3.43876,0.118624,3371.54,0
6.40887,21.7195,-4.23832,-3.51498,0.15881,3388.97,0
6.41538,21.7659,-4.56608,-3.63743,0.167877,3392.76,0
6.42188,21.6893,-4.78273,-3.60225,0.132163,3377.41,0
6.42832,21.8375,-4.73274,-3.48056,0.17736,3397.08,0
6.43483,21.7728,-4.95185,-3.33729,0.146956,3383.59,0
6.44137,21.7023,-4.97224,-3.28586,0.115389,3369.2,0
6.44789,21.6052,-5.15894,-3.33749,0.076546,3350.73,0
6.45439,21.5106,-5.03115,-3.41622,0.0414648,3332.71,0
6.46085,21.6653,-4.93442,-3.54217,0.0925593,3353.32,0
6.46734,21.9513,-5.098,-3.52502,0.186946,3394.18,0
6.47384,21.9947,-4.98192,-3.32684,0.191122,3397.47,0
6.48033,22.0856,-4.96589,-3.58413,0.210867,3408.09,0
6.48682,21.9655,-4.8973,-3.6161,0.159066,3386.17,0
6.49337,21.8831,-4.98736,-3.48517,0.123542,3370.07,0
6.49992,21.9145,-4.95418,-3.51986,0.127887,3371.5,0
6.50643,21.7326,-5.00926,-3.40235,0.0611772,3340.17,0
6.51292,21.7429,-4.9065,-3.3632,0.0619915,3338.42,0
6.51936,21.814,-4.9908,-3.451,0.0844969,3346.04,0
6.52586,21.6722,-4.9309,-3.40674,0.0328552,3320.98,0
6.53236,21.779,-4.93405,-3.50448,0.068599,3334.02,0
6.53886,21.812,-5.06306,-3.49161,0.0772845,3335.75,0
6.54538,21.9683,-5.07296,-3.58659,0.128389,3356.3,0
6.55185,22.0979,-4.94116,-3.61828,0.166783,3372.77,0
6.55837,22.1825,-5.21423,-3.49366,0.186363,3382.31,0
6.56488,22.1407,-5.2806,-3.38209,0.160973,3372.6,0
6.57138,22.2737,-5.32553,-3.22894,0.198226,3389.5,0
6.57789,22.0842,-5.39476,-2.93383,0.123548,3357.34,0
6.58437,22.153,-5.64071,-2.79131,0.141642,3364.48,0
6.59089,22.104,-5.70652,-2.90007,0.1179,3353.72,0
6.59739,22.3288,-5.87668,-3.14843,0.187109,3384.49,0
6.60394,22.3543,-5.86986,-3.3148,0.185423,3384.99,0
6.61046,22.2729,-5.82685,-3.5533,0.149833,3369.34,0
6.61696,22.4022,-5.84727,-3.63069,0.185874,3385.57,0
6.62348,22.557,-6.08094,-3.49847,0.227158,3405.61,0
6.62996,22.3993,-6.18649,-3.33403,0.160718,3378.5,0
6.63646,22.3266,-6.08487,-3.23787,0.128761,3364.23,0
6.64296,22.2069,-5.85593,-3.18628,0.0813541,3342.91,0
6.64946,22.0332,-5.93362,-3.2272,0.0192501,3313.53,0
6.65598,22.0182,-5.95772,-3.2792,0.0137136,3308.04,0
6.66247,22.1375,-5.79283,-3.44465,0.0540012,3322.72,0
6.669,22.1191,-5.84627,-3.43499,0.0464827,3316.71,0
6.67549,22.0952,-5.89011,-3.40518,0.0371547,3309.9,0
6.68198,22.1182,-5.7284,-3.36525,0.0444862,3310.13,0
6.68848,22.1145,-5.7144,-3.57874,0.0415558,3306.36,0
6.69497,22.0445,-5.70867,-3.4971,0.0163736,3292.7,0
6.7015,22.1131,-5.63801,-3.57735,0.0399422,3299.72,0
6.70804,22.1502,-5.72083,-3.61079,0.051499,3302.03,0
6.71453,22.0761,-5.73128,-3.54967,0.024976,3287.8,0
6.72101,22.1188,-5.68491,-3.65464,0.0389785,3290.99,0
6.72743,22.1963,-5.68029,-3.79143,0.0644277,3299.38,0
6.73395,22.0595,-5.7938,-3.64136,0.0152221,3275.85,0
6.74045,22.0574,-5.89557,-3.6906,0.0143456,3272.39,0
6.74695,22.0974,-5.82573,-3.61349,0.0279291,3275.17,0
6.75345,22.1234,-5.64391,-3.65818,0.0357644,3275.87,0
6.75997,22.2049,-5.65045,-3.69054,0.0635383,3284.77,0
6.76652,22.5301,-5.74769,-3.79296,0.170413,3329.64,0
6.77307,22.6161,-5.96389,-3.85509,0.190411,3339.12,0
6.77957,22.491,-5.69889,-4.06691,0.138305,3317.46,0
6.78606,22.535,-5.6141,-3.94197,0.145371,3320.77,0
6.79256,22.5175,-5.77326,-3.61435,0.132229,3315.03,0
6.79907,22.6436,-5.77417,-3.60738,0.168532,3330.4,0
6.8056,22.7692,-5.89105,-3.60613,0.202141,3345.65,0
6.81205,22.8561,-5.94961,-3.77907,0.218932,3355.24,0
6.81855,22.7338,-6.06841,-4.00627,0.165587,3334.11,0
6.82507,22.7693,-6.22022,-3.89635,0.169531,3336.13,0
6.83154,22.9591,-6.1265,-3.95589,0.226262,3360.75,0
6.838,22.8349,-6.09131,-4.17437,0.171988,3339.42,0
6.84447,22.8039,-5.99479,-4.24071,0.152836,3331.73,0
6.85098,22.8133,-5.9918,-4.38588,0.148471,3329.94,0
6.85745,22.6459,-6.03778,-4.42989,0.0843554,3302.38,0
6.86398,22.4788,-6.06222,-4.37413,0.0241139,3274.89,0
6.8705,22.5996,-6.13039,-4.42956,0.0655245,3289.37,0
6.87703,22.8161,-6.14841,-4.34744,0.137243,3317.73,0
6.88353,22.855,-6.20906,-4.35218,0.143365,3320.24,0
6.89005,22.654,-6.24398,-4.25727,0.0688322,3287.93,0
6.89656,22.6786,-6.2219,-4.33769,0.073983,3288.39,0
6.90305,22.7507,-6.32317,-4.29134,0.0964432,3295.74,0
6.90954,22.6709,-6.41803,-4.38314,0.0657023,3281.1,0
6.91607,22.7633,-6.52388,-4.45715,0.096038,3291.37,0
6.92256,22.8495,-6.39726,-4.58552,0.120163,3300.73,0
6.92904,22.7666,-6.44053,-4.54653,0.0860633,3285.68,0
6.93562,22.7889,-6.39783,-4.58277,0.0892903,3285.78,0
6.94207,22.7492,-6.46871,-4.61172,0.0719247,3277.01,0
6.94861,22.6016,-6.51867,-4.43974,0.0189444,3252.67,0
6.95511,22.6541,-6.52425,-4.49431,0.0366363,3257.19,0
6.96162,22.7399,-6.30306,-4.6171,0.0651409,3266.47,0
6.96815,22.8704,-6.34515,-4.44301,0.10706,3282.13,0
6.97468,22.8617,-6.33967,-4.49151,0.100332,3277.82,0
6.98124,22.9219,-6.37914,-4.59867,0.115809,3283.36,0
6.98772,22.972,-6.23818,-4.4741,0.127945,3287.48,0
6.99423,22.8153,-6.49417,-4.33538,0.0690809,3262.02,0
7.00074,22.7488,-6.53433,-4.35038,0.044582,3249.49,0
7.00719,22.7798,-6.66687,-4.28884,0.0540583,3250.92,0
7.01362,22.8303,-6.72224,-4.2443,0.0700527,3255.13,0
7.02013,22.9037,-6.58518,-4.17547,0.092778,3262.58,0
7.02662,23.1743,-6.59202,-4.29047,0.180982,3298.07,0
7.03314,23.2287,-6.71492,-4.21631,0.189378,3302.75,0
7.03966,22.9898,-6.6297,-4.01926,0.0990933,3265.75,0
7.04615,22.9601,-6.70988,-3.74932,0.0848337,3258.53,0
7.05267,22.808,-6.75938,-3.93868,0.0296145,3233.95,0
7.05917,22.9963,-6.65065,-3.96774,0.093167,3257.64,0
7.06568,23.1068,-6.6981,-3.94988,0.127254,3270.28,0
7.07219,23.2416,-6.56852,-3.97976,0.16537,3286.34,0
7.0787,23.1169,-6.53416,-3.88864,0.116941,3265.7,0
7.0852,23.4444,-6.59022,-3.90821,0.222367,3308.93,0
7.09171,23.4997,-6.79147,-3.87068,0.227584,3313.68,0
7.09824,23.4242,-6.71991,-3.6924,0.189256,3300,0
7.10478,23.4162,-6.6604,-3.29984,0.175264,3295.83,0
7.11128,23.1993,-6.66831,-3.29571,0.0934125,3262.32,0
7.1178,23.0853,-6.72763,-3.28303,0.0502722,3243.32,0
7.12433,23.0197,-6.65603,-3.36989,0.0264076,3231.14,0
7.13082,23.0309,-6.47067,-3.47791,0.0298284,3229.77,0
7.13734,23.1158,-6.48304,-3.49622,0.0585556,3238.71,0
7.14388,23.0876,-6.43647,-3.36064,0.0478385,3231.81,0
7.15039,23.1804,-6.30346,-3.34752,0.0776696,3241.84,0
7.15689,23.0822,-6.28253,-3.3015,0.0403723,3225.16,0
7.16342,23.1967,-6.29219,-3.19722,0.0780638,3238.21,0
7.16991,23.1523,-6.34088,-3.24293,0.0610565,3229.1,0
7.17641,23.3559,-6.33111,-3.26157,0.128945,3254.54,0
7.18293,23.4587,-6.35235,-3.40787,0.158031,3265.9,0
7.1895,23.4542,-6.2369,-3.46037,0.148187,3262.29,0
7.19601,23.4857,-6.33595,-3.41946,0.152243,3263.71,0
7.20247,23.8227,-6.4271,-3.56502,0.257752,3307.57,0
7.20896,24.001,-6.56951,-3.66764,0.303216,3329.33,0
7.21548,24.0681,-6.78401,-3.54507,0.307075,3335.62,0
7.22202,23.9129,-6.77223,-3.47225,0.234286,3311.11,0
7.22856,23.9888,-7.1305,-3.24765,0.244431,3318.62,0
7.2351,24.1411,-7.04555,-3.30792,0.278205,3336.67,0
7.2416,24.0075,-7.1093,-3.13338,0.216962,3315.22,0
7.24811,23.6935,-7.12523,-3.21234,0.0994564,3268.92,0
7.25465,23.6572,-7.17373,-3.1215,0.0830977,3260.98,0
7.26111,23.6468,-6.97271,-3.01275,0.0771694,3256.63,0
7.26765,23.6784,-6.74863,-3.06466,0.0864832,3258.05,0
7.27415,23.5711,-6.58838,-3.13413,0.0454158,3240.39,0
7.2807,23.625,-6.75097,-3.16721,0.0617942,3244.88,0
7.28722,23.585,-6.60347,-3.09638,0.0465817,3236.49,0
7.2937,23.59,-6.68464,-2.94871,0.0462304,3234.3,0
7.30018,23.8666,-6.83968,-3.06323,0.139112,3269.32,0
7.30673,23.8267,-6.91298,-2.9362,0.120376,3260.92,0
7.31323,23.8779,-6.8014,-2.81331,0.132009,3265.03,0
7.31973,24.1004,-6.7537,-3.01654,0.201799,3292.53,0
7.32622,24.1292,-6.63966,-2.89021,0.199125,3293.54,0
7.33272,24.1339,-6.66549,-3.03827,0.187226,3291.26,0
7.33926,24.2447,-6.51387,-3.0259,0.213802,3303.43,0
7.34582,24.6781,-6.30275,-2.81512,0.348347,3359.47,0
7.35237,24.5842,-6.08728,-2.73615,0.289546,3343.71,0
7.3589,24.8054,-5.97311,-2.67929,0.341331,3370.8,0
7.36541,24.7024,-5.99824,-2.48621,0.284406,3353.85,0
7.3719,24.6494,-5.8495,-2.72941,0.248323,3343.7,0
7.37842,24.7158,-6.18474,-2.4779,0.256104,3349.74,0
7.3849,24.8135,-6.05011,-2.54559,0.271464,3360.02,0
7.39145,24.6378,-6.10341,-2.31613,0.194074,3333.28,0
7.39795,24.5517,-6.13846,-2.41823,0.155501,3318.72,0
7.40445,24.6702,-5.95369,-2.3991,0.187571,3331.8,0
7.41098,24.7775,-6.00175,-2.4822,0.212361,3343.35,0
7.41747,24.7208,-5.91122,-2.66032,0.18105,3332.78,0
7.42398,24.8454,-5.89685,-2.68812,0.212713,3346.65,0
7.43051,25.1098,-5.88691,-2.55676,0.290694,3379.29,0
7.43705,25.3485,-5.60614,-2.66081,0.351306,3408.41,0
7.44353,25.5515,-5.5989,-2.34119,0.393829,3432.72,0
7.45005,25.443,-5.77751,-2.22491,0.32599,3415.15,0
7.45657,25.5743,-5.36921,-2.31163,0.347295,3429.77,0
7.4631,25.9488,-5.34719,-2.24179,0.443608,3476.95,0
7.46961,25.7018,-5.35775,-2.25189,0.327646,3440.85,0
7.47612,25.7773,-5.55073,-2.37719,0.330607,3447.95,0
7.4826,25.9817,-5.85069,-2.37421,0.375749,3472.28,0
7.48905,25.9648,-5.89818,-2.47282,0.340695,3467.04,0
7.49561,26.029,-6.29794,-2.4035,0.337538,3472.57,0
7.50213,25.9983,-6.03513,-2.44973,0.303939,3465.46,0
7.50862,25.7451,-6.196,-2.55732,0.198345,3428.74,0
7.51512,25.5935,-6.25408,-2.69604,0.137207,3405.6,0
7.52161,25.507,-6.18241,-2.76324,0.101692,3391.17,0
7.5281,25.6613,-6.18224,-2.92981,0.149064,3408.74,0
7.53461,25.641,-6.20765,-2.99135,0.135273,3403.09,0
7.54112,25.4508,-6.00686,-2.86249,0.0642143,3374.94,0
7.54764,25.6224,-6.06133,-2.65445,0.119223,3394.76,0
7.55414,25.5622,-5.9959,-2.65419,0.0929684,3383.86,0
7.56068,25.5107,-6.03316,-2.51855,0.0726119,3374.13,0
7.56719,25.4287,-6.12849,-2.37785,0.042634,3360.4,0
7.57374,25.4078,-6.17468,-2.36846,0.034112,3354.73,0
7.58025,25.4086,-6.22258,-2.30139,0.0336534,3351.94,0
7.58677,25.4697,-6.16292,-2.20159,0.0539564,3357.12,0
7.59329,25.7028,-6.07126,-2.15418,0.13145,3384.93,0
7.59981,25.8745,-5.97445,-2.42614,0.182206,3404.63,0
7.6063,25.7631,-5.77683,-2.49731,0.132177,3387.08,0
7.6128,25.557,-5.63632,-2.53251,0.0560556,3357.11,0
7.6193,25.6384,-6.03555,-2.48455,0.082896,3364.93,0
7.62582,25.7235,-6.00749,-2.44708,0.108516,3373.21,0
7.63233,25.7059,-6.0657,-2.68357,0.0980488,3368.03,0
7.63886,25.9614,-5.94731,-2.71361,0.181128,3398.6,0
7.64536,25.874,-6.21683,-2.71655,0.141903,3384.28,0
7.65186,25.9275,-6.33158,-2.76276,0.154334,3388.39,0
7.65841,25.8928,-6.32098,-2.76891,0.136826,3380.97,0
7.6649,25.8139,-6.33792,-2.67215,0.105005,3367.8,0
7.67145,25.7717,-6.23742,-2.80811,0.0867001,3359.43,0
7.67799,25.6446,-6.47237,-2.79037,0.0399829,3340.01,0
7.68448,25.6912,-6.51827,-2.74946,0.0548529,3343.26,0
7.69099,25.7113,-6.66187,-2.69792,0.0600107,3343.04,0
7.69743,25.9196,-6.65143,-2.63535,0.127952,3367.3,0
7.70395,25.931,-6.60158,-2.67169,0.125998,3365.94,0
7.71043,25.93,-6.52557,-2.59441,0.119911,3362.98,0
7.71693,25.8915,-6.61809,-2.69592,0.102923,3355.16,0
7.72339,26.0072,-6.55794,-2.7601,0.13775,3367.33,0
7.72993,25.8887,-6.44406,-2.6711,0.091057,3349.15,0
7.73644,26.0978,-6.19369,-2.86593,0.159107,3373.36,0
7.7429,25.8407,-6.11972,-2.86854,0.0635831,3337.34,0
7.74944,25.8388,-6.04144,-3.00775,0.061646,3334.28,0
7.75592,25.7701,-5.97093,-3.04059,0.0366146,3322.64,0
7.76246,25.757,-6.00217,-3.11802,0.0311929,3318.15,0
7.76895,25.6866,-5.9707,-3.18051,0.00608936,3306.32,0
7.77546,25.7363,-5.92579,-3.06689,0.0229552,3309.94,0
7.78199,25.9152,-5.872,-3.07788,0.0840547,3330.14,0
7.78851,25.9451,-6.09265,-3.18338,0.0914734,3331.21,0
7.79505,25.9926,-5.93167,-3.13154,0.104176,3334.51,0
7.80156,26.0761,-5.9128,-3.08813,0.128542,3342.42,0
7.80809,26.2291,-5.63158,-3.23295,0.173714,3359.22,0
7.81457,26.4023,-5.52566,-3.34647,0.223098,3378.6,0
7.82106,26.3846,-5.79578,-3.05882,0.203494,3373.53,0
7.82754,26.4123,-5.71172,-2.99928,0.202985,3374.28,0
7.83406,26.4778,-5.67702,-3.12296,0.212547,3379.84,0
7.84057,26.3937,-5.82588,-3.15088,0.173372,3366.3,0
7.84704,26.3877,-5.71516,-3.08854,0.162787,3362.76,0
7.85355,26.3113,-5.60078,-3.05505,0.127149,3350.24,0
7.86007,26.7321,-5.62854,-2.95374,0.263806,3401,0
7.86656,26.6973,-5.52427,-2.75165,0.236071,3393.77,0
7.87309,26.5407,-5.62622,-2.87387,0.168487,3371.06,0
7.87955,26.6931,-5.47348,-3.15074,0.209505,3387.64,0
7.88608,26.7176,-5.6695,-3.20479,0.20737,3387.94,0
7.89256,26.5284,-5.6105,-2.86052,0.132228,3361.19,0
7.89907,26.6725,-5.61118,-2.70441,0.174699,3376.66,0
7.90559,26.5915,-5.55516,-2.89579,0.139241,3363.64,0
7.91207,26.8557,-5.45748,-2.53974,0.219779,3394.28,0
7.91858,26.9472,-5.3945,-2.39456,0.23841,3403.03,0
7.92511,26.7224,-5.39134,-2.32929,0.149735,3371.86,0
7.93164,26.6273,-5.64143,-2.3303,0.109396,3357.1,0
7.93818,26.6499,-5.45845,-2.05436,0.113337,3357.19,0
7.94469,26.5527,-5.49774,-2.27113,0.0760135,3342.2,0
7.95123,26.5039,-5.63544,-2.22453,0.0563651,3333.3,0
7.95774,26.5628,-5.63469,-2.04252,0.0746347,3337.99,0
7.96424,26.4171,-5.61898,-2.01858,0.021804,3316.97,0
7.97076,26.4037,-5.7467,-1.86139,0.0163841,3312.57,0
7.97725,26.5275,-5.74547,-1.91172,0.0585145,3325.39,0
7.98374,26.5544,-5.72967,-1.83507,0.0656935,3326.06,0
7.99022,26.487,-5.61977,-1.83662,0.0393092,3314.92,0
7.99676,26.5509,-5.57255,-2.00065,0.0604156,3320.21,0
8.00327,26.6714,-5.54051,-1.83955,0.0998731,3332.56,0
8.00979,26.736,-5.69633,-1.689,0.118157,3337.91,0
8.01625,26.5628,-5.75281,-1.85103,0.0545272,3313.62,0
8.02277,26.5102,-5.6384,-1.86412,0.0341418,3304.38,0
8.02927,26.5437,-5.85226,-1.77567,0.0446074,3305.86,0
8.03579,26.4982,-5.86289,-1.78123,0.0282511,3297.53,0
8.0423,26.5373,-5.96115,-1.63866,0.0414903,3299.72,0
8.04882,26.6961,-5.89386,-1.79319,0.0946758,3316.78,0
8.05529,26.6763,-5.88877,-1.90872,0.084403,3311.65,0
8.06177,26.5397,-6.02402,-1.70481,0.0346197,3292.04,0
8.06827,26.56,-6.00419,-1.72076,0.0410187,3291.9,0
8.07476,26.7223,-5.95043,-1.69629,0.0950977,3309.36,0
8.08129,26.7128,-5.93277,-1.95116,0.0879583,3305.51,0
8.08777,26.7603,-6.04308,-1.79911,0.10185,3308.73,0
8.09428,26.9888,-5.9683,-1.70233,0.173027,3334.31,0
8.10074,26.6645,-5.82303,-1.79185,0.0542908,3291.61,0
8.10724,26.6027,-5.68477,-1.81515,0.0319987,3281.35,0
8.1138,26.7432,-5.62567,-1.80184,0.079799,3296.02,0
8.1203,26.64,-5.57438,-1.73321,0.0414714,3280.67,0
8.1268,26.6759,-5.59433,-1.73055,0.0524912,3282.46,0
8.13331,26.991,-5.55753,-1.81881,0.157747,3318.58,0
8.13981,27.1226,-5.58984,-1.81195,0.19411,3332.09,0
8.1463,26.969,-5.45653,-1.80481,0.133453,3310.58,0
8.15277,26.9642,-5.55603,-1.65994,0.124081,3307.36,0
8.15932,27.1806,-5.75402,-2.01438,0.189258,3331.23,0
8.16585,27.1169,-5.64251,-2.15505,0.158152,3320.77,0
8.17235,27.1758,-5.58582,-2.25804,0.171213,3325.33,0
8.17885,27.1138,-5.71956,-2.24834,0.142517,3315.11,0
8.18536,27.0995,-5.75777,-2.12896,0.130359,3310.72,0
8.19188,27.0827,-5.73688,-1.97467,0.119594,3306.04,0
8.19837,27.1641,-5.84689,-2.14014,0.142301,3313.35,0
8.2049,27.0569,-5.79885,-1.91539,0.0997815,3297.64,0
8.21138,27.1252,-6.11482,-1.9208,0.119109,3303.37,0
8.21791,27.302,-6.07997,-1.7093,0.172858,3322.25,0
8.22442,27.2625,-6.09734,-1.84814,0.150812,3314.83,0
8.23091,27.4066,-6.38727,-1.79158,0.191356,3329.72,0
8.23745,27.3182,-6.23613,-1.55124,0.14768,3316.34,0
8.24396,27.358,-6.59557,-1.4255,0.155528,3318.55,0
8.25047,27.1831,-6.60002,-1.37416,0.0901125,3294.74,0
8.25694,26.9975,-6.54319,-1.18821,0.0240442,3269.67,0
8.26342,26.9891,-6.48746,-1.07418,0.020787,3266.1,0
8.26996,26.9936,-6.5103,-1.00114,0.0220348,3264.05,0
8.27645,26.9746,-6.56093,-0.987095,0.0151658,3259.19,0
8.28298,27.0074,-6.57306,-0.991471,0.0263637,3260.59,0
8.28951,26.9774,-6.54298,-1.03101,0.015584,3254.4,0
8.29598,26.9573,-6.5274,-1.07183,0.00843919,3249.44,0
8.30244,26.9898,-6.60586,-1.09308,0.0197161,3250.82,0
8.30896,27.0809,-6.63195,-1.05506,0.0506488,3259.24,0
8.31546,27.0917,-6.72124,-0.851101,0.052068,3257.99,0
8.32193,27.2182,-6.69077,-0.753775,0.0940742,3270.66,0
8.32842,27.2515,-6.6631,-0.892666,0.100913,3272.1,0
8.33494,27.3551,-6.68758,-0.803914,0.13181,3281.98,0
8.34141,27.2762,-6.52473,-0.885525,0.0992811,3269.97,0
8.34792,27.234,-6.57644,-0.86155,0.0809387,3262.36,0
8.35442,27.5967,-6.45398,-0.864723,0.199461,3303.24,0
8.36094,27.4704,-6.44547,-0.784009,0.146494,3285.56,0
8.36746,27.4829,-6.30259,-0.835741,0.143069,3284.5,0
8.37393,27.6475,-6.24766,-0.783484,0.191896,3301.62,0
8.38042,27.6433,-6.35186,-0.729886,0.179348,3298.56,0
8.38691,27.7365,-6.55549,-0.96178,0.2007,3307.12,0
8.39342,27.698,-6.59876,-1.13847,0.175726,3299.97,0
8.39992,27.4964,-6.61786,-0.99797,0.0989676,3273.41,0
8.40646,27.4705,-6.4824,-0.899261,0.0870644,3267.79,0
8.41298,27.5221,-6.36239,-0.81297,0.100022,3271.39,0
8.41948,27.7172,-6.449,-0.90664,0.16299,3292.03,0
8.42595,28.0169,-6.40511,-1.04482,0.255363,3325.07,0
8.43248,28.0237,-6.40765,-0.902337,0.241092,3323.3,0
8.43906,28.045,-6.38907,-0.950673,0.232497,3323.24,0
8.44563,28.1018,-6.65858,-1.08355,0.237584,3327.38,0
8.45214,28.1558,-6.61744,-1.18989,0.240986,3331.2,0
8.45862,28.4649,-6.67012,-1.32662,0.32794,3365.19,0
8.46511,28.4421,-6.71282,-1.07872,0.29948,3359.92,0
8.47157,28.4399,-6.74677,-0.976316,0.280342,3357.1,0
8.47815,28.6578,-6.88931,-0.926857,0.335205,3380.2,0
8.48463,28.6497,-7.08766,-1.0655,0.311475,3376.66,0
8.49112,28.6418,-6.98746,-0.973236,0.287596,3373.14,0
8.49765,28.4749,-7.05792,-0.930462,0.216902,3350.92,0
8.50413,28.6081,-7.12647,-0.916754,0.24821,3364.03,0
8.51063,28.7562,-7.22154,-0.918796,0.28106,3378.85,0
8.51718,28.6738,-7.12386,-0.961331,0.23491,3366.59,0
8.52365,28.3176,-7.36677,-1.08347,0.101206,3322.24,0
8.53014,28.454,-7.35648,-1.02329,0.143233,3335.7,0
8.53667,28.4639,-7.32352,-0.988053,0.1382,3334.31,0
8.54321,28.5311,-7.42086,-0.923614,0.153456,3339.62,0
8.54972,28.6322,-7.22991,-0.892761,0.179054,3348.91,0
8.55627,28.6817,-7.00156,-0.854662,0.186036,3352.12,0
8.56278,28.6606,-7.09924,-0.907339,0.168635,3347.11,0
8.56933,28.8331,-7.25505,-0.945812,0.217737,3364.68,0
8.57585,28.6414,-7.38252,-1.05009,0.140699,3339.78,0
8.58238,28.6764,-7.49827,-0.725907,0.146266,3341.31,0
8.5889,28.5825,-7.60379,-0.624112,0.106708,3327.85,0
8.59542,28.8787,-7.65498,-0.675304,0.201491,3359.78,0
8.60195,28.7764,-7.78734,-0.786111,0.156221,3345.34,0
8.60847,28.606,-7.85423,-0.779136,0.0917049,3323,0
8.61496,28.9519,-7.75049,-0.788559,0.204137,3360.66,0
8.6215,28.9295,-7.66029,-0.925361,0.185158,3355.51,0
8.62801,28.9362,-7.82023,-0.96447,0.178498,3353.75,0
8.63449,28.6475,-7.97225,-0.839859,0.0718859,3317.8,0
8.64102,28.545,-7.82159,-0.767368,0.0350572,3303.43,0
8.64752,28.4674,-7.88522,-0.732388,0.00741361,3291.97,0
8.65403,28.601,-7.88513,-0.674465,0.0534014,3304.93,0
8.66056,28.4783,-7.9554,-0.603078,0.00894718,3288.28,0
8.66707,28.4891,-7.85999,-0.667792,0.0124247,3287.05,0
8.67362,28.642,-7.91091,-0.618024,0.0645361,3302.2,0
8.68014,28.6112,-7.80075,-0.741354,0.0511387,3296.17,0
8.68665,28.706,-7.87871,-0.731728,0.0813472,3304.6,0
8.69314,28.7089,-7.84586,-0.704424,0.0803053,3302.48,0
8.69963,28.6391,-7.81549,-0.484411,0.0540205,3291.99,0
8.7061,28.6522,-7.68188,-0.645498,0.0568653,3291.05,0
8.7126,28.8215,-7.53766,-0.861273,0.111833,3308.03,0
8.71911,28.7158,-7.57805,-0.868591,0.0718573,3293.43,0
8.72567,28.7197,-7.81115,-0.773893,0.0711283,3291.41,0
8.73217,28.7181,-7.79696,-0.961314,0.0686947,3288.78,0
8.73867,28.7942,-7.69386,-1.10675,0.092048,3295.03,0
8.74519,28.8369,-7.73191,-1.0349,0.103934,3297.46,0
8.75173,28.798,-7.72038,-1.01917,0.0849363,3290.54,0
8.75821,28.8623,-7.66888,-1.13129,0.103948,3295.46,0
8.76476,28.7004,-7.86173,-1.12429,0.0448013,3274.53,0
8.77131,28.712,-7.84392,-0.959991,0.0475889,3273.4,0
8.77783,28.869,-7.67969,-1.10001,0.100568,3288.85,0
8.78431,28.8693,-7.75262,-1.20979,0.0962303,3286.46,0
8.79079,28.7399,-7.73985,-1.23067,0.0476035,3269.31,0
8.79732,28.8522,-7.72447,-1.237,0.0852956,3279.66,0
8.80385,28.7973,-7.83849,-1.24052,0.0634948,3270.99,0
8.81034,28.6752,-7.9592,-1.25035,0.0198938,3254.73,0
8.81689,28.7122,-7.95986,-1.14832,0.0325784,3256.51,0
8.82342,28.7594,-7.81427,-1.14272,0.0481644,3259.44,0
8.82993,28.9908,-7.73946,-1.24391,0.126087,3283.24,0
8.83647,28.9574,-7.80396,-0.933327,0.109834,3277.04,0
8.84295,29.0095,-7.76436,-0.97043,0.123593,3280.52,0
8.84949,28.9836,-8.0149,-0.968413,0.109776,3275.17,0
8.85597,29.0448,-8.02899,-1.08806,0.126336,3279.68,0
8.86243,28.9839,-8.00116,-1.06815,0.100638,3270.42,0
8.86893,29.0226,-8.16677,-1.15121,0.107336,3272.39,0
8.87543,28.999,-8.04784,-1.09836,0.094712,3267.34,0
8.88194,28.9519,-8.03996,-0.96258,0.0753679,3259.64,0
8.88841,28.9382,-8.03005,-0.951153,0.0683634,3255.72,0
8.8949,29.1391,-7.88384,-1.0485,0.134342,3275.93,0
8.90138,29.263,-7.84114,-0.99151,0.172569,3287.47,0
8.90794,29.262,-7.74001,-1.14932,0.162108,3284.94,0
8.91446,29.2412,-7.90414,-1.54893,0.146285,3280.19,0
8.921,29.1969,-8.01839,-1.5593,0.125217,3272.83,0
8.92751,29.152,-8.01371,-1.53445,0.103396,3265.41,0
8.93402,29.2896,-8.243,-1.79028,0.145723,3278.43,0
8.94054,29.2459,-8.30527,-2.0427,0.122329,3271.16,0
8.94706,29.1208,-8.27369,-2.15741,0.0748422,3254.79,0
8.95359,29.0448,-8.20837,-2.18962,0.0467368,3243.93,0
8.9601,28.9965,-8.12748,-2.20412,0.0287374,3236.18,0
8.96662,29.1102,-8.10046,-2.24144,0.0666792,3246.5,0
8.97314,29.2065,-8.28457,-2.14419,0.097794,3254.88,0
8.97966,29.224,-8.49563,-2.07528,0.099946,3254.47,0
8.98616,29.2045,-8.5048,-2.16151,0.0874166,3249.95,0
8.99269,29.2453,-8.3897,-1.84483,0.098648,3252.12,0
8.99918,29.2685,-8.32939,-1.87517,0.10098,3252.35,0
9.00566,29.3269,-8.41708,-1.80255,0.117509,3256.5,0
9.01216,29.4029,-8.29525,-1.82829,0.13765,3262.59,0
9.01868,29.5348,-8.51783,-1.61967,0.175766,3274.85,0
9.02521,29.6041,-8.57902,-1.7125,0.189164,3280.16,0
9.03173,29.6928,-8.63498,-1.65929,0.20958,3287.62,0
9.03828,29.9061,-8.5805,-1.61679,0.267286,3308.82,0
9.0448,29.7234,-8.61102,-1.79024,0.188094,3286.24,0
9.05127,29.7103,-8.60322,-1.91524,0.173516,3282.45,0
9.05778,29.7822,-8.70816,-1.91682,0.188002,3288.02,0
9.06427,29.7647,-8.72013,-2.00776,0.171936,3283.74,0
9.0708,29.762,-8.89728,-1.86047,0.162661,3281.07,0
9.07736,29.7319,-8.95272,-1.76423,0.144787,3275.39,0
9.08387,29.7286,-9.07779,-1.91465,0.135719,3272.69,0
9.09039,29.6664,-9.02845,-1.76776,0.107097,3263.49,0
9.0969,29.6925,-9.15091,-1.90644,0.111144,3264.02,0
9.10353,29.9562,-9.09824,-1.68778,0.196086,3290.61,0
9.11004,29.7762,-8.89245,-1.82283,0.124283,3268.5,0
9.11657,29.7839,-8.80906,-1.78963,0.121883,3267.01,0
9.12305,30.0103,-8.95855,-1.83815,0.192998,3289.5,0
9.12956,30.1905,-8.91267,-2.19386,0.246228,3306.9,0
9.136,30.0671,-8.89347,-2.2428,0.190364,3291.06,0
9.14251,30.027,-8.93319,-2.27677,0.165392,3284.32,0
9.14902,29.7692,-9.0829,-2.47556,0.0712529,3253.81,0
9.15552,29.7488,-9.01952,-2.46526,0.0617171,3249.27,0
9.162,29.7249,-8.90706,-2.48973,0.0514065,3244.36,0
9.16851,29.6198,-8.92777,-2.41765,0.0142064,3230.6,0
9.175,29.667,-8.83612,-2.47893,0.0300636,3233.46,0
9.18153,29.7312,-8.93371,-2.53902,0.0504185,3238.15,0
9.18801,29.8126,-8.99814,-2.442,0.07661,3244.73,0
9.1945,29.7172,-9.06297,-2.54853,0.0411214,3232.06,0
9.201,29.6598,-8.88075,-2.666,0.0203168,3223.54,0
9.20756,29.6327,-8.9665,-2.75964,0.0105628,3218.3,0
9.21406,29.7884,-8.95757,-2.93269,0.0641919,3232.92,0
9.22056,29.8579,-8.81206,-2.90396,0.0859424,3238.19,0
9.22704,29.8374,-8.89858,-3.00878,0.0755508,3233.69,0
9.23352,29.8511,-9.0583,-3.14575,0.0778963,3232.91,0
9.24003,30.0121,-8.9786,-3.23529,0.130741,3248.06,0
9.24655,30.0501,-9.10323,-3.22503,0.137186,3249.88,0
9.25308,30.2338,-9.03787,-3.55898,0.191883,3267.43,0
9.25959,30.422,-9.26873,-3.39749,0.244153,3285.46,0
9.26612,30.2444,-9.22307,-3.31329,0.16849,3263.98,0
9.27261,30.4307,-9.07935,-3.1356,0.223341,3281.79,0
9.27908,30.6922,-9.21388,-3.19483,0.295901,3307.68,0
9.28558,30.9443,-9.2148,-3.14391,0.358003,3332.51,0
9.29208,30.9751,-9.14501,-3.22453,0.340136,3333.5,0
9.29857,31.009,-8.73359,-3.33321,0.324397,3334.82,0
9.30511,30.7351,-8.90567,-3.42085,0.211576,3303.04,0
9.31162,30.7116,-9.0498,-3.59731,0.192639,3298.2,0
9.31809,30.4696,-9.25363,-3.49701,0.101139,3269.94,0
9.3246,30.4718,-9.19849,-3.18078,0.0983203,3267.89,0
9.33111,30.8637,-9.12424,-3.0394,0.226167,3307.61,0
9.3376,30.7417,-9.20959,-3.1495,0.1737,3292.25,0
9.34413,30.5519,-9.31327,-3.04467,0.100067,3269.64,0
9.35064,30.4946,-9.30111,-2.931,0.077002,3261.23,0
9.35717,30.5638,-9.17671,-2.97003,0.0976082,3266.35,0
9.36368,30.5448,-9.379,-3.20014,0.0870868,3262.05,0
9.37017,30.617,-9.37638,-3.07115,0.108531,3267.5,0
9.3767,30.6536,-9.39491,-2.82545,0.114754,3269.13,0
9.38321,30.6134,-9.50706,-2.86355,0.0965442,3262.58,0
9.38968,30.503,-9.37521,-2.85662,0.0552677,3248.57,0
9.3962,30.4801,-9.36339,-2.68781,0.0459713,3243.88,0
9.40274,30.5482,-9.31527,-2.83145,0.0685696,3248.87,0
9.4092,30.7472,-9.27599,-2.96127,0.134025,3267.78,0
9.41573,30.7092,-9.5393,-2.88621,0.113754,3261.48,0
9.42223,30.6878,-9.45564,-2.7833,0.102271,3256.95,0
9.42873,30.7236,-9.4277,-2.71343,0.109601,3258.52,0
9.43523,30.6915,-9.56175,-2.66771,0.0949641,3252.86,0
9.44169,30.6691,-9.54002,-2.92376,0.0841585,3248.27,0
9.4482,30.5639,-9.88897,-3.06203,0.045613,3234.9,0
9.45473,30.6967,-9.96805,-3.09506,0.0886623,3246.71,0
9.46131,30.6846,-10.0512,-3.00102,0.0816803,3243.17,0
9.46781,30.8417,-10.1961,-3.08349,0.131584,3257.54,0
9.47433,30.8747,-10.2113,-3.27195,0.135799,3258.77,0
9.48081,30.9156,-10.1186,-3.21546,0.142327,3260.86,0
9.48731,31.1388,-10.1839,-3.42457,0.211655,3282.16,0
9.49385,31.083,-10.0051,-3.4143,0.17994,3274.01,0
9.50036,31.0651,-10.3214,-3.44375,0.165018,3269.89,0
9.50687,30.8864,-10.071,-3.42469,0.0960162,3248.85,0
9.51338,30.8167,-10.123,-3.44617,0.0683365,3239.3,0
9.51986,30.7187,-10.0769,-3.47607,0.032294,3226.8,0
9.52633,30.7794,-9.962,-3.54867,0.0526243,3230.99,0
9.53287,30.7393,-9.9019,-3.61746,0.0374937,3224.56,0
9.53933,30.8164,-9.70291,-3.7966,0.0629038,3230.46,0
9.54588,30.7408,-9.89005,-3.61827,0.0351936,3220.32,0
9.55241,30.7526,-9.88808,-3.65098,0.038583,3219.36,0
9.55891,30.8777,-9.93436,-3.73759,0.0799875,3230.25,0
9.56543,30.9206,-10.0954,-3.87842,0.0922344,3232.53,0
9.57194,30.8867,-10.2194,-3.8189,0.0771076,3226.79,0
9.57844,30.7447,-10.2418,-3.71062,0.025635,3209.78,0
9.58495,30.6967,-10.2039,-3.71188,0.00864182,3202.6,0
9.59145,30.7114,-10.1689,-3.65259,0.0136326,3201.95,0
9.59796,30.7908,-10.1787,-3.54008,0.0406326,3208.06,0
9.60447,30.9201,-10.1515,-3.61052,0.0834405,3219.34,0
9.61099,30.9687,-10.1573,-3.37735,0.0974157,3222.22,0
9.6175,30.8768,-10.1286,-3.30061,0.0638491,3210.48,0
9.62395,30.9874,-10.1587,-3.20498,0.0997588,3219.83,0
9.63049,30.7202,-10.1659,-3.35041,0.00510975,3189.89,0
9.637,30.8079,-10.1663,-3.34118,0.0351563,3196.83,0
9.64351,30.8158,-10.0629,-3.35551,0.0367619,3195.5,0
9.64994,30.8964,-10.1065,-3.34475,0.0637754,3201.71,0
9.65646,30.8344,-9.90007,-3.38462,0.0411954,3193.13,0
9.66298,30.8863,-9.85778,-3.51574,0.0583984,3196.35,0
9.66949,30.8304,-9.76804,-3.38606,0.0374486,3188.42,0
9.67601,30.7508,-9.83174,-3.44103,0.00930667,3178.04,0
9.68249,30.8029,-9.80804,-3.33897,0.0271165,3181.3,0
9.689,31.0104,-9.82788,-3.35432,0.0974425,3200.58,0
9.6955,30.9727,-9.72143,-3.33812,0.0803756,3194.54,0
9.70201,30.9389,-9.99737,-3.29206,0.0661773,3188.92,0
9.70852,31.0266,-9.93927,-3.35156,0.0939007,3195.82,0
9.71503,30.9868,-9.99624,-3.15948,0.0755239,3189.58,0
9.72154,30.8502,-10.1246,-3.44326,0.0258493,3173.38,0
9.72806,30.8392,-9.92906,-3.35033,0.0216932,3170.12,0
9.73455,30.919,-9.81697,-3.16531,0.0487708,3176.21,0
9.74107,30.9,-9.75542,-3.30091,0.0403079,3172.14,0
9.74754,30.9707,-9.69171,-3.23463,0.0637243,3177.28,0
9.75407,31.0652,-9.69036,-3.29897,0.0933361,3184.84,0
9.76052,31.5238,-9.92452,-3.54716,0.245783,3229.73,0
9.76703,31.5072,-9.91862,-3.42003,0.223105,3225.87,0
9.77354,31.5229,-9.85663,-3.30038,0.217534,3225.33,0
9.78002,31.5596,-9.62166,-3.34622,0.216908,3226.95,0
9.78654,31.8255,-9.93498,-3.48261,0.292177,3251.97,0
9.79309,31.7225,-9.89795,-3.14542,0.237111,3239.27,0
9.79965,31.7883,-9.78828,-3.48598,0.242957,3243.82,0
9.80614,31.4078,-9.83374,-3.59206,0.099088,3202.87,0
9.81264,31.2546,-9.6586,-3.5323,0.0421823,3185.14,0
9.81914,31.3361,-9.70265,-3.5845,0.0683822,3191.32,0
9.82564,31.5488,-9.71045,-3.53115,0.138031,3210.86,0
9.83214,31.4956,-9.6488,-3.41141,0.11533,3203.33,0
9.8386,31.5538,-9.78428,-3.37653,0.130196,3207.14,0
9.84508,31.4401,-9.77807,-3.42338,0.0855165,3193.49,0
9.85159,31.3566,-9.72545,-3.54944,0.0537831,3182.9,0
9.85807,31.3896,-9.82466,-3.55933,0.063295,3184.15,0
9.86453,31.4744,-9.76531,-3.55574,0.0892553,3190.66,0
9.87108,31.4569,-9.89074,-3.60467,0.0810723,3186.77,0
9.87759,31.6307,-10.0136,-3.5012,0.137287,3202.27,0
9.8841,31.5818,-9.94768,-3.41367,0.112171,3195.21,0
9.89063,31.6405,-10.0087,-3.62583,0.126867,3199.04,0
9.89714,31.6805,-10.0275,-3.54338,0.13442,3200.98,0
9.90363,31.5078,-10.0208,-3.6489,0.0693346,3181.44,0
9.91015,31.5488,-9.99117,-3.31943,0.0805927,3183.49,0
9.91667,31.464,-9.99832,-3.38312,0.0486244,3172.84,0
9.92318,31.4787,-9.98898,-3.42266,0.0522863,3172.24,0
9.9297,31.5114,-10.084,-3.24722,0.0620075,3173.45,0
9.93621,31.5485,-10.1625,-3.25393,0.0732049,3175.11,0
9.94269,31.7756,-10.1688,-3.35501,0.147732,3195.88,0
9.94925,31.8023,-10.3619,-3.40216,0.149985,3196.45,0
9.95578,31.8742,-10.3326,-3.37171,0.165943,3201.58,0
9.96226,32.0213,-10.2497,-3.47364,0.208164,3214.26,0
9.96879,31.8219,-10.2636,-3.37023,0.131637,3192.16,0
9.97533,31.9469,-10.3335,-3.23568,0.166834,3202.59,0
9.98186,31.8343,-10.2196,-2.87778,0.122517,3189.21,0
9.9884,31.7539,-10.2958,-2.78615,0.0893087,3179.08,0
9.99487,31.8244,-10.3582,-2.71363,0.109155,3184.07,0
10,31.8528,-10.1617,-2.72497,0.11579,3185.28,0
