0.00649967,0.180182,0.0852333,-0.101829,0.341464,27721.7,0
0.0130018,0.166236,0.166647,-0.181245,0.298731,12785.6,0
0.0195193,0.12771,0.281709,-0.156842,0.209204,6542.79,0
0.0260453,0.30088,0.355161,-0.182563,0.522215,11552.2,0
0.0325455,0.457409,0.281624,0.0615689,0.766009,14054.5,0
0.0390529,0.659862,0.633005,-0.0450209,1.07641,16896.6,0
0.0455489,0.70171,0.954615,-0.00132535,1.024,15405.6,0
0.0520269,0.71214,1.18405,-0.010086,0.90589,13687.9,0
0.05853,0.492732,1.07863,-0.244293,0.403303,8418.46,0
0.0650495,0.485642,0.966212,-0.0831682,0.362226,7465.72,0
0.0715266,0.666099,1.04491,-0.165556,0.687319,9312.6,0
0.0780185,0.927441,0.962254,-0.413913,1.10145,11887.5,0
0.0844773,1.14265,1.15211,-0.182094,1.33093,13526.1,0
0.0910449,1.3572,0.948707,-0.506846,1.51519,14906.9,0
0.0975617,1.38581,0.973359,-0.237177,1.30988,14204.4,0
0.104036,0.98015,0.735433,-0.0861178,0.353398,9421.26,0
0.110526,1.15548,0.722539,-0.350469,0.665859,10454.4,0
0.117042,0.893339,0.909795,-0.402883,0.120344,7632.66,0
0.123576,1.16857,0.908369,-0.395985,0.655054,9456.34,0
0.130106,1.05999,1.02922,-0.254082,0.405385,8147.14,0
0.136581,0.983262,1.3062,-0.60221,0.235587,7199.12,0
0.143084,1.08692,1.15591,-0.449442,0.410826,7596.35,0
0.149578,1.13952,0.89589,-0.18102,0.480683,7618.22,0
0.156057,1.26667,0.642531,0.132862,0.653303,8116.68,0
0.162581,1.13223,0.679701,0.33405,0.35678,6964.08,0
0.169095,1.12293,0.391204,0.326099,0.317188,6640.83,0
0.175587,1.15511,0.486932,-0.0809533,0.350415,6578.55,0
0.182127,1.41029,0.322371,-0.121649,0.799486,7743.42,0
0.188636,1.68451,0.301818,-0.25062,1.18675,8929.96,0
0.195169,1.73972,0.462475,-0.419486,1.08735,8913.93,0
0.201735,1.80328,0.696648,-0.419395,1.06983,8938.88,0
0.20826,2.05693,0.831356,-0.46469,1.39063,9876.78,0
0.214763,2.38798,1.00854,-0.611034,1.79089,11119.1,0
0.221285,2.23238,0.787162,-0.42993,1.19919,10088.3,0
0.227834,2.16849,0.768204,-0.143315,0.935108,9517.85,0
0.234362,2.18788,0.544917,-0.0762591,0.845966,9335.47,0
0.240875,2.3347,0.48689,0.256761,1.02284,9692.59,0
0.247365,2.66022,0.356987,0.230716,1.49742,10754.2,0
0.253881,2.90672,0.276544,0.311049,1.72902,11449.2,0
0.260389,2.87685,0.390565,0.512856,1.3815,11048.3,0
0.266878,2.88648,0.0475935,0.503578,1.22662,10815.7,0
0.273391,2.67954,0.130953,0.433601,0.676312,9801.11,0
0.279944,2.64483,0.0974859,0.28113,0.545688,9447.69,0
0.286447,2.62434,0.374691,0.355956,0.466592,9161.68,0
0.292949,2.49328,0.331415,0.526926,0.190016,8510.98,0
0.299421,2.65156,0.419089,0.410431,0.483083,8855.63,0
0.305938,2.74761,0.404755,0.32722,0.632374,8980.93,0
0.312437,2.82934,0.353603,0.3268,0.714469,9055.7,0
0.318952,2.75922,0.089299,0.567633,0.532403,8650.87,0
0.325454,2.88494,0.146784,0.346119,0.720449,8864.37,0
0.332002,2.94201,-0.00352513,0.340101,0.753717,8861.4,0
0.338516,2.72064,0.139226,0.145713,0.269475,8036.96,0
0.345015,2.91726,-0.0679733,0.525778,0.60723,8455.46,0
0.351532,3.46024,0.0538822,0.457889,1.54906,9843.31,0
0.358024,3.36743,-0.193404,0.330633,1.20218,9405.58,0
0.364545,3.51413,-0.533339,-0.0271878,1.27103,9639.78,0
0.371068,3.21635,-0.814002,-0.126291,0.556151,8667.83,0
0.377524,3.27919,-0.815866,-0.10788,0.622787,8686.05,0
0.384083,3.2213,-0.651123,0.153764,0.467403,8386.99,0
0.390604,3.08916,-0.46369,0.279263,0.185519,7908.69,0
0.397089,3.45192,-0.267852,0.453865,0.853447,8693.06,0
0.403592,3.58012,-0.22448,0.608821,0.996682,8870.64,0
0.410104,3.63614,-0.368159,0.32347,0.969898,8866.38,0
0.416595,3.40591,-0.114386,0.178106,0.433652,8175.59,0
0.42311,3.70741,-0.379126,-0.1616,0.969138,8762.28,0
0.429625,3.48095,-0.127729,-0.484056,0.445177,8102.29,0
0.436145,3.5835,0.0307549,-0.465464,0.58441,8216.31,0
0.442642,3.95275,0.0780702,-0.456369,1.24348,8929.92,0
0.449171,4.00709,0.247291,-0.478461,1.13563,8921.09,0
0.455701,3.89237,0.243795,-0.371256,0.732447,8541.49,0
0.462241,3.6807,0.179399,-0.159077,0.270897,7962.73,0
0.468749,3.92651,0.153036,-0.328701,0.71843,8376.57,0
0.475232,3.98578,-0.216839,-0.25766,0.734964,8387.01,0
0.481753,4.02824,-0.290085,-0.467697,0.731818,8361.62,0
0.488302,3.82756,-0.397222,-0.538882,0.294141,7838.52,0
0.494766,3.79238,-0.142595,-0.619713,0.217067,7664.99,0
0.501262,3.79707,-0.0848315,-0.634044,0.220911,7575.02,0
0.507769,3.74469,-0.0944486,-0.800673,0.108009,7374.79,0
0.514263,3.75145,-0.121911,-0.742009,0.112807,7294.82,0
0.520766,3.80895,0.088042,-0.928556,0.2114,7314.12,0
0.527282,3.72642,-0.00979061,-0.684658,0.0282445,7067.24,0
0.533794,3.8737,0.0742869,-0.666801,0.318192,7256.92,0
0.540327,3.97157,0.17637,-0.761195,0.463703,7350.32,0
0.54682,4.13726,-0.00706212,-0.360524,0.753946,7566.03,0
0.553272,4.29242,-0.167913,-0.165928,0.986272,7758.23,0
0.55973,4.08621,-0.326815,-0.40319,0.494545,7300.32,0
0.566238,4.08786,-0.177923,-0.528219,0.46084,7219.34,0
0.572733,4.21551,-0.290055,-0.163921,0.651455,7360.33,0
0.579228,4.52164,-0.410754,-0.0836752,1.15157,7806.33,0
0.585759,4.78302,-0.0784402,-0.156627,1.45829,8165.51,0
0.592304,4.98896,-0.0335437,-0.391434,1.57465,8422.98,0
0.598789,4.76209,-0.158876,-0.526772,0.921807,7952.86,0
0.605304,4.9251,-0.116913,-0.47203,1.08528,8136.56,0
0.611864,5.1203,-0.248594,-0.324063,1.2908,8368.35,0
0.61838,5.40909,-0.474198,-0.139706,1.61785,8747.2,0
0.624907,5.13479,-0.191946,0.0695583,0.908743,8216.89,0
0.631483,5.35767,-0.0828548,0.0921666,1.19581,8484.27,0
0.637996,5.34642,-0.156967,0.099126,1.03441,8380.01,0
0.64452,5.46055,-0.167699,-0.180419,1.12785,8472.28,0
0.651009,5.35287,-0.243612,-0.444826,0.76905,8222.41,0
0.657517,5.49223,0.0374023,-0.633292,0.929068,8352.98,0
0.664016,5.46128,-0.199021,-0.775481,0.80885,8224.62,0
0.670491,5.82075,-0.208429,-0.482796,1.3613,8681.33,0
0.677014,5.6778,-0.318238,-0.294166,0.952445,8386.53,0
0.683478,5.92252,-0.312824,-0.264477,1.28157,8665.27,0
0.690006,5.98626,-0.229248,-0.217422,1.22314,8675.66,0
0.6965,5.92859,-0.809539,-0.00349393,1.00066,8511.98,0
0.702994,5.73305,-0.995375,-0.0831035,0.500297,8155.19,0
0.709519,5.6214,-0.987105,-0.292593,0.265388,7922.83,0
0.716046,5.7675,-0.95135,-0.372167,0.529668,8054.65,0
0.722573,5.97722,-1.11023,-0.396954,0.863522,8272.13,0
0.729073,5.91503,-1.09825,-0.642568,0.678726,8113.09,0
0.735541,6.25928,-0.858973,-0.713874,1.23799,8509.76,0
0.742106,6.35194,-0.834008,-0.872702,1.24082,8559.34,0
0.74862,6.46575,-0.85735,-0.914558,1.27422,8636.89,0
0.755144,6.52472,-0.616571,-0.85001,1.20945,8640.36,0
0.761641,6.4419,-0.503381,-0.660825,0.932194,8457.92,0
0.768158,6.23922,-0.658533,-0.71801,0.480052,8122.32,0
0.774648,6.32302,-0.902367,-0.630313,0.589886,8162.44,0
0.781147,6.37982,-1.18451,-1.11939,0.659451,8167.25,0
0.787658,6.42274,-1.28672,-0.685079,0.704975,8154.22,0
0.794122,6.43441,-1.4273,-0.567463,0.666553,8102.55,0
0.800615,6.44147,-1.3286,-0.492887,0.62795,8045.65,0
0.80713,6.32822,-1.26262,-0.306653,0.344954,7840.4,0
0.813652,6.5482,-1.13602,-0.477169,0.733545,8047.92,0
0.820143,6.49517,-1.22689,-0.649584,0.563224,7919.56,0
0.826651,6.66348,-1.32656,-0.391684,0.813641,8060.81,0
0.833104,6.54813,-1.11854,-0.28174,0.51285,7859.91,0
0.839614,6.8313,-1.09945,-0.536045,0.973298,8136.24,0
0.846082,6.65642,-1.40594,-0.387954,0.55118,7867.35,0
0.852622,6.55,-1.3907,-0.435283,0.302464,7682.19,0
0.85915,6.60067,-1.7132,-0.492241,0.388922,7682.78,0
0.865612,6.65147,-1.82205,-0.343607,0.442504,7684.12,0
0.872108,6.52964,-2.01957,-0.365194,0.184677,7487.2,0
0.878611,6.66456,-2.06801,-0.262604,0.432267,7585.33,0
0.88512,6.72031,-2.32261,-0.534094,0.497304,7592.54,0
0.891608,6.79261,-2.26312,-0.678615,0.609498,7618.38,0
0.898126,6.74558,-2.07062,-0.839651,0.47904,7510.74,0
0.904612,7.09328,-2.34142,-0.672535,1.06981,7841.24,0
0.9111,7.36462,-2.24716,-0.837232,1.43258,8083.22,0
0.917578,7.48663,-2.00386,-0.830112,1.4532,8159.13,0
0.924104,7.49961,-2.08891,-0.676748,1.30123,8115.55,0
0.930597,7.52125,-1.997,-0.805279,1.15878,8082.18,0
0.937087,7.3437,-1.9616,-0.764092,0.686246,7836.73,0
0.943611,7.65681,-1.94627,-0.911709,1.19973,8114.37,0
0.950086,7.93586,-2.01858,-0.833226,1.54391,8352.78,0
0.956575,8.08133,-2.34214,-0.929605,1.56772,8448.2,0
0.963089,8.10111,-1.94233,-0.803804,1.36846,8411.59,0
0.969596,8.24964,-2.15778,-0.812675,1.44243,8508.33,0
0.976126,8.32731,-2.127,-0.769057,1.37528,8530.98,0
0.982649,8.47379,-2.24394,-0.94331,1.46167,8623.42,0
0.989183,8.65192,-2.25336,-0.764612,1.55494,8746.53,0
0.995657,8.99116,-2.16615,-0.953316,1.94144,9030.37,0
1.00217,9.0465,-2.23412,-0.882384,1.72558,9026.94,0
1.00865,9.13294,-2.0203,-1.04427,1.6016,9054.59,0
1.01515,9.30779,-1.98137,-1.10453,1.69556,9168.89,0
1.02163,9.49318,-2.06521,-1.14277,1.7189,9292.15,0
1.02818,9.37807,-1.96347,-1.11826,1.22186,9121.06,0
1.03467,9.27537,-2.27425,-0.633664,0.878348,8964.6,0
1.04117,9.31099,-1.88947,-0.50791,0.834939,8942.84,0
1.04763,9.30351,-1.87697,-0.257759,0.721919,8880.55,0
1.05413,9.21003,-2.06709,-0.301264,0.457695,8737.11,0
1.06066,9.28878,-2.37191,-0.546549,0.557877,8757.56,0
1.06715,9.44342,-2.37388,-0.440007,0.783683,8849.21,0
1.07365,9.43879,-2.23992,-0.549622,0.698443,8791.32,0
1.08017,9.55006,-2.00578,-0.330235,0.829121,8841.22,0
1.0867,9.59415,-1.80153,-0.598378,0.811888,8828.69,0
1.09324,9.4437,-1.55404,-0.761036,0.432347,8638.24,0
1.09974,9.43931,-1.6075,-0.996751,0.387201,8583.23,0
1.1062,9.3843,-1.80464,-1.17985,0.254163,8483.35,0
1.11271,9.49966,-1.92562,-1.24716,0.443223,8537.39,0
1.11924,9.41463,-1.79241,-1.08011,0.253267,8411.6,0
1.12574,9.32627,-1.66681,-1.01154,0.0714445,8284.55,0
1.13226,9.37529,-1.60734,-0.740716,0.165428,8280.13,0
1.13872,9.39223,-1.57878,-0.915701,0.193192,8248.04,0
1.14523,9.71749,-1.4115,-1.08041,0.799899,8485.2,0
1.15176,9.94776,-1.14124,-0.614149,1.12662,8637.05,0
1.15824,10.0639,-1.40126,-0.363694,1.168,8688.92,0
1.16481,10.068,-1.59673,-0.200346,1.00311,8643.52,0
1.17128,10.3783,-1.33957,-0.282073,1.43371,8860.63,0
1.17781,10.2127,-1.27606,-0.761784,0.91851,8670.91,0
1.18434,9.77837,-1.23635,-0.61616,0.0129821,8256.41,0
1.19086,10.0375,-1.09699,-0.513573,0.51838,8428.8,0
1.19737,10.2578,-1.27763,-0.547783,0.890524,8566.91,0
1.20386,10.4075,-1.26307,-0.404196,1.05561,8645.12,0
1.2104,10.203,-1.03865,-0.497944,0.552591,8429.44,0
1.21693,10.4959,-0.917073,-0.67634,1.07068,8624.92,0
1.22345,10.6083,-0.910854,-0.615395,1.13435,8670.85,0
1.22993,10.6496,-0.825743,-0.46151,1.07492,8658.71,0
1.23644,10.6842,-0.802638,-0.298969,1.01676,8641.16,0
1.24291,10.5202,-0.885726,-0.266743,0.589637,8464.17,0
1.24943,10.8888,-0.783722,-0.609083,1.19729,8715.02,0
1.25595,10.8164,-0.880699,-0.490007,0.890427,8612.14,0
1.26243,10.9755,-0.87696,-0.470221,1.07555,8693.9,0
1.26891,10.9758,-0.804299,-0.422163,0.991182,8649.75,0
1.27544,11.166,-0.45058,-0.263466,1.20423,8754.62,0
1.28192,11.2836,-0.536797,0.0253022,1.26271,8802.11,0
1.28849,11.6045,-0.603131,-0.184088,1.63994,9006.28,0
1.29502,11.2779,-0.783422,-0.297952,0.826954,8708.71,0
1.30152,11.6697,-1.07558,-0.261591,1.43627,8966.21,0
1.30807,11.7022,-1.18416,-0.511575,1.32228,8946.17,0
1.31456,11.5672,-1.24245,-0.318551,0.895142,8799.25,0
1.32107,11.7062,-1.16485,-0.0831064,1.01715,8861.17,0
1.32758,11.637,-1.06963,-0.03623,0.778893,8765.6,0
1.33405,11.5189,-1.04077,0.0653765,0.492034,8634.53,0
1.34056,11.4002,-1.02337,0.170088,0.232832,8504.07,0
1.34706,11.3245,-0.975435,0.233754,0.0753967,8406.83,0
1.35356,11.4632,-0.848542,-0.0191273,0.331805,8468.9,0
1.36007,11.6972,-0.945291,-0.271764,0.730214,8600.4,0
1.36655,11.5778,-0.967879,-0.1293,0.438293,8472.3,0
1.37307,11.5788,-1.08036,-0.0443329,0.415171,8432.74,0
1.37957,11.7482,-1.15726,0.0707079,0.6942,8515.83,0
1.38613,11.6223,-0.899147,0.0937312,0.386437,8384.72,0
1.39268,11.6809,-1.02517,-0.00836693,0.471273,8387.36,0
1.39917,11.8351,-0.854091,0.364303,0.729789,8458.68,0
1.40565,11.989,-1.0216,0.392261,0.945247,8529.14,0
1.41216,11.9893,-0.513019,0.343884,0.844669,8490.07,0
1.41869,11.7922,-0.491696,0.208067,0.400931,8312.03,0
1.42518,12.0106,-0.541432,0.0119304,0.762116,8427.45,0
1.43167,12.1513,-0.366905,-0.134717,0.931122,8487.45,0
1.4382,12.5505,0.0497924,-0.149479,1.50223,8726.56,0
1.44468,12.8416,0.156916,-0.078727,1.80188,8888.93,0
1.4512,12.8358,0.215734,-0.414465,1.52024,8844.93,0
1.45773,12.3689,0.172424,-0.765989,0.48152,8485.07,0
1.46422,12.7431,-0.116926,-0.869445,1.11042,8702.97,0
1.47069,12.7325,-0.0567292,-0.732629,0.936426,8657.52,0
1.47726,12.6699,0.24462,-0.784466,0.71482,8576.62,0
1.4838,12.8067,0.211186,-0.669406,0.913957,8631,0
1.49033,12.9664,0.495741,-0.565038,1.07653,8700.38,0
1.49684,12.8049,0.101753,-0.73929,0.649663,8554.59,0
1.50337,12.9138,0.196136,-0.64871,0.775283,8589.94,0
1.50984,12.7701,0.329663,-0.4211,0.412575,8457.91,0
1.51632,12.8806,0.0666902,-0.590246,0.613042,8494.69,0
1.52282,13.0279,0.089149,-0.679142,0.811439,8555.13,0
1.52929,12.9212,0.0791593,-0.783084,0.523357,8449.12,0
1.53586,12.8356,-0.0938535,-0.723858,0.313801,8357.24,0
1.54234,13.0333,0.1617,-0.865808,0.649959,8450.38,0
1.54882,13.1286,0.0804837,-0.441995,0.750413,8476.48,0
1.55531,13.3723,0.292379,-0.297742,1.13421,8597.87,0
1.5618,13.0616,0.552292,-0.368247,0.398644,8363.17,0
1.56832,13.0228,0.791879,-0.346726,0.287842,8303.65,0
1.57481,13.15,0.835799,-0.507634,0.509361,8350.26,0
1.58129,13.0685,0.796302,-0.271369,0.313224,8264.46,0
1.58783,12.9469,0.863234,-0.0282424,0.0619603,8153.82,0
1.59431,13.1458,0.660138,-0.00106125,0.444636,8245.47,0
1.60077,13.2332,0.625099,0.062257,0.57128,8266.76,0
1.60731,13.0544,0.340872,-0.169239,0.194071,8121.9,0
1.61387,13.0614,0.358744,0.0331163,0.19138,8093.23,0
1.62037,13.0572,0.516788,0.164849,0.168534,8058.16,0
1.62687,13.1196,0.268912,0.144218,0.281764,8064.35,0
1.63338,13.5228,0.326196,0.318543,1.02771,8279.03,0
1.63984,13.609,0.330141,0.633502,1.02754,8298.97,0
1.64635,13.5584,0.454465,0.901219,0.816592,8235.4,0
1.65288,13.507,0.829912,0.647279,0.608734,8171.81,0
1.65937,13.6049,1.01214,0.807666,0.75351,8198.83,0
1.66587,13.4251,0.902654,0.900711,0.306574,8058.96,0
1.67235,13.6027,0.777072,0.783623,0.623328,8133.88,0
1.67884,13.4866,0.888451,0.887131,0.331284,8033.29,0
1.68538,13.595,0.880332,0.835404,0.518913,8066.4,0
1.6919,13.5683,0.932163,0.708499,0.414858,8019.55,0
1.69839,13.4798,1.03807,0.813598,0.219253,7936.8,0
1.70489,13.3842,1.13365,0.893964,0.0246839,7850.5,0
1.71137,13.4589,1.0955,0.821917,0.157791,7864.4,0
1.71789,13.5483,1.06692,0.920115,0.314889,7886.61,0
1.72443,13.8384,1.27515,1.07137,0.825287,8024.93,0
1.73095,13.7101,1.14401,0.666506,0.49768,7920.56,0
1.73748,13.8732,1.05137,0.797212,0.766398,7984.66,0
1.74392,13.7234,0.842106,1.04111,0.400984,7869.29,0
1.7504,14.0875,1.00793,0.821216,1.06476,8048.12,0
1.7569,14.2,1.41367,0.813186,1.10546,8082.42,0
1.76341,14.3667,1.39458,0.929239,1.25276,8147.11,0
1.76991,14.3688,1.37609,0.730893,1.11348,8118.36,0
1.77644,14.1868,1.4014,0.679078,0.636055,7986.04,0
1.78297,14.2341,1.20432,0.38959,0.676829,7983.38,0
1.78944,14.4548,1.68889,0.573407,1.01201,8077.81,0
1.79595,14.8274,1.7868,0.702146,1.57723,8256.03,0
1.80245,14.7942,1.73055,0.559408,1.30057,8207.8,0
1.80897,14.7049,1.91446,0.666261,0.952687,8128.91,0
1.8155,14.882,2.25231,0.835677,1.14652,8197.18,0
1.82203,14.891,2.17875,0.806671,1.02288,8172.76,0
1.82856,15.155,2.18005,0.940702,1.37244,8287.95,0
1.83511,15.0728,2.22693,0.86594,1.02875,8213.57,0
1.84165,14.9816,2.03797,1.0244,0.761463,8134.87,0
1.84813,14.7536,2.03792,1.05424,0.269474,7982.98,0
1.85459,14.7995,1.79928,1.28772,0.324163,7979.92,0
1.8611,14.7812,1.84583,1.19291,0.256077,7942.2,0
1.86756,14.9296,1.47132,0.980835,0.52961,7994.16,0
1.87409,15.1316,1.42507,1.01702,0.866333,8074.14,0
1.88058,14.9835,1.27647,0.824197,0.511517,7967.5,0
1.88708,14.8155,1.18358,0.815642,0.156802,7851.03,0
1.89357,14.9881,1.10912,0.857172,0.472352,7915.29,0
1.90011,15.0712,1.2134,0.909056,0.593584,7931.73,0
1.90656,15.0751,1.03172,0.767934,0.5349,7906.95,0
1.91305,15.1308,1.0557,0.85544,0.591222,7909.26,0
1.91953,15.2641,0.811327,1.10068,0.76378,7952.01,0
1.92602,15.2801,1.05903,1.08031,0.725062,7933.53,0
1.93254,15.391,1.11229,1.03111,0.821014,7964.17,0
1.93904,15.5939,1.23872,1.08221,1.121,8042.05,0
1.94553,15.623,0.820375,1.17649,1.04018,8030.17,0
1.95206,15.6293,0.7203,1.44063,0.939506,8006.61,0
1.95854,15.6027,0.466707,1.58532,0.792516,7966.5,0
1.96508,15.5541,0.583014,1.65918,0.627231,7915.25,0
1.9716,15.8424,0.636774,1.60634,1.07804,8035.3,0
1.97812,15.888,0.739198,1.71103,1.02061,8031.87,0
1.98465,15.9814,0.600262,1.63953,1.07342,8052.55,0
1.99113,16.1669,0.268935,1.68571,1.30056,8119.5,0
1.99759,16.1905,0.134202,1.70009,1.15745,8105,0
2.00417,16.3826,-0.115651,1.55472,1.35257,8174.28,0
2.01065,16.5768,0.00129981,1.61849,1.51742,8244.48,0
2.01714,16.3619,0.251474,1.89556,0.93756,8111.43,0
2.02366,16.5073,0.961537,1.8462,1.10697,8157.14,0
2.03016,16.3337,1.03571,1.77494,0.667679,8045.53,0
2.03667,16.6579,1.02686,1.92503,1.18814,8178.98,0
2.04315,16.69,0.983005,2.09162,1.08426,8168.77,0
2.04963,16.53,0.752787,2.16745,0.656559,8064.85,0
2.05608,16.6777,0.56713,1.86995,0.885955,8111.42,0
2.06261,17.0566,0.373577,1.93249,1.51195,8269.47,0
2.06913,17.1704,0.518756,1.85402,1.52869,8298.37,0
2.07562,17.3401,0.408006,1.76053,1.60524,8354.17,0
2.08215,17.3401,0.721239,1.80588,1.35754,8327.99,0
2.08862,17.5196,0.486013,1.60009,1.49059,8388.13,0
2.09515,17.4135,0.274623,1.49541,1.08212,8311.35,0
2.10166,17.4101,0.605671,1.75924,0.927825,8283.98,0
2.10814,17.335,0.494387,1.53388,0.641584,8222.87,0
2.11465,17.447,1.04814,1.39729,0.773248,8250.51,0
2.12112,17.6703,1.13788,1.38764,1.08011,8330.62,0
2.12767,17.4696,1.08327,1.29289,0.60666,8210.68,0
2.13423,17.8088,1.05535,0.905023,1.15946,8344.37,0
2.14074,17.8572,1.31169,0.913926,1.08751,8341.62,0
2.14727,17.9172,1.00484,0.713339,1.04644,8344.16,0
2.15379,17.8243,1.22743,0.874931,0.768085,8275.76,0
2.16029,17.7122,1.30916,1.05339,0.463659,8198.99,0
2.16679,17.6193,1.34673,1.11003,0.258455,8131.52,0
2.17329,17.6461,1.30074,1.37105,0.290474,8119.53,0
2.17979,17.7735,1.35494,1.52742,0.503214,8153.75,0
2.18632,18.1298,1.382,1.66177,1.04446,8292.4,0
2.19282,18.2353,1.62072,1.75021,1.08359,8315.88,0
2.19934,18.3147,1.5057,1.68801,1.09497,8327.36,0
2.20581,17.9952,1.58409,1.51107,0.384566,8158.11,0
2.21232,18.1507,1.59953,1.44641,0.651974,8204.39,0
2.21884,18.3391,1.42241,1.47178,0.914549,8265.14,0
2.22532,18.3487,1.79375,1.51296,0.827219,8245.41,0
2.2318,18.5723,2.14878,1.61899,1.15939,8321.68,0
2.23828,18.8301,2.06771,1.87944,1.45853,8412.76,0
2.24479,19.0385,2.09147,1.97138,1.61759,8481.19,0
2.25129,19.0126,1.76628,2.07176,1.33986,8445.19,0
2.25778,19.209,1.92891,2.11957,1.51281,8507.9,0
2.26425,19.4608,2.10824,2.00939,1.7271,8594.82,0
2.27077,19.3886,2.36386,2.04364,1.32211,8538.34,0
2.27732,19.7114,2.5312,1.66951,1.74692,8655.55,0
2.28385,19.8304,2.46834,1.55492,1.71639,8682.9,0
2.2904,19.485,2.63326,1.37151,0.846604,8507.25,0
2.29691,19.5532,2.63725,1.21423,0.893295,8512.83,0
2.30342,19.8791,2.73776,1.07044,1.39575,8630.23,0
2.30993,19.6934,2.85577,0.862943,0.878815,8525.52,0
2.31646,19.7344,2.7325,0.888224,0.886578,8519.21,0
2.32298,19.4256,2.82693,0.899065,0.233787,8362.35,0
2.32946,19.5649,2.71838,0.948725,0.490107,8398.89,0
2.33601,19.5933,2.31537,0.720688,0.519605,8387.49,0
2.34253,19.6004,2.06821,0.487697,0.500611,8367.22,0
2.34904,19.5713,2.20348,0.376799,0.414772,8331.6,0
2.35559,19.8805,2.26731,0.394237,0.975025,8439.73,0
2.36213,19.8545,2.45624,0.571098,0.817501,8405.31,0
2.36868,19.9323,2.34162,0.689428,0.880714,8414.97,0
2.37524,19.8436,2.30578,0.587112,0.602138,8354.36,0
2.38173,20.3316,2.38801,0.296088,1.39041,8536.47,0
2.38825,20.47,2.51685,0.418532,1.43487,8571.14,0
2.39479,20.181,2.65343,0.556491,0.700756,8427.03,0
2.40131,20.1076,2.43702,0.533059,0.497829,8373.61,0
2.40784,20.0901,2.45247,0.519881,0.435383,8343.6,0
2.41433,20.5441,2.36595,0.243706,1.23859,8509.23,0
2.42083,20.4914,2.21807,0.452472,0.958999,8464.6,0
2.42734,20.8811,2.03443,0.582361,1.57892,8602.48,0
2.43383,20.8576,2.09449,0.675395,1.30599,8569.89,0
2.44033,20.5402,2.16605,0.721683,0.525342,8416.99,0
2.44689,20.7918,2.45781,0.390263,0.93734,8497.2,0
2.45333,20.7265,2.56459,0.659965,0.695485,8448.31,0
2.4599,20.796,2.52357,0.70795,0.755386,8454,0
2.46644,20.9397,2.48527,0.562043,0.911952,8489.83,0
2.47296,21.167,3.06205,0.58496,1.20203,8559.39,0
2.4795,21.2565,3.17331,0.436741,1.23475,8572.89,0
2.48603,21.3199,3.30835,0.234248,1.16892,8575.88,0
2.49255,21.3724,3.15714,0.51745,1.12396,8574.49,0
2.49908,21.2387,3.18965,0.18118,0.739543,8498.59,0
2.50564,21.0136,3.06909,0.0747177,0.213059,8386.51,0
2.5121,21.1034,3.16804,0.364429,0.375859,8400.69,0
2.51857,21.3455,3.30169,0.463675,0.799845,8475.25,0
2.52508,21.5507,3.64056,0.516386,1.05465,8534.65,0
2.53161,21.967,4.02311,0.466721,1.64763,8677.08,0
2.53817,21.8033,3.69138,0.35079,1.14637,8590.14,0
2.54467,21.9018,3.92498,0.43725,1.18119,8606.94,0
2.55119,22.0381,4.0307,0.363115,1.24662,8638.37,0
2.55769,22.1453,3.95812,0.22412,1.29098,8658.3,0
2.56418,22.2728,3.94816,0.19184,1.31771,8686.14,0
2.5707,22.4398,4.3577,-0.135679,1.43749,8729.06,0
2.57724,22.4801,4.28937,-0.281523,1.32668,8722.57,0
2.58374,22.543,4.28777,-0.0679258,1.23369,8724.94,0
2.59023,22.6117,4.67296,-0.111238,1.19977,8729.6,0
2.59672,22.9063,4.64197,0.328546,1.57809,8821.23,0
2.60324,22.5717,4.53885,0.287617,0.729532,8670.62,0
2.60973,22.6011,4.62309,-0.128975,0.722214,8660.3,0
2.61622,22.7431,4.36584,-0.324057,0.906781,8693.11,0
2.6227,22.6186,4.58735,-0.128007,0.561086,8624.14,0
2.6292,22.6433,4.4716,-0.0329044,0.544146,8612.24,0
2.63566,22.6992,4.49062,-0.00360824,0.608352,8612.35,0
2.64218,22.9248,4.70943,0.144604,0.969331,8676.48,0
2.64867,22.9891,4.92978,-0.0498529,0.937363,8679.5,0
2.65517,23.0025,5.01233,-0.0279405,0.833115,8663.28,0
2.66166,23.0812,4.86655,0.222294,0.866321,8671.73,0
2.66814,22.7354,4.72179,0.0219688,0.142468,8521.05,0
2.67465,22.795,4.75216,0.0563978,0.255248,8522.62,0
2.68114,23.0953,4.71094,-0.063194,0.768599,8613.98,0
2.68766,23.1433,5.16363,0.116625,0.765964,8610.95,0
2.69415,23.04,5.30915,-0.0811363,0.48968,8551.86,0
2.70066,23.1985,5.35478,-0.116101,0.714918,8589.94,0
2.70717,23.2599,5.3483,-0.116733,0.757671,8591.99,0
2.71367,23.4344,5.55326,-0.106161,1.02317,8635.7,0
2.72015,23.3445,5.51793,0.0177551,0.744139,8582.04,0
2.72664,23.2848,5.55112,0.280939,0.54995,8539.76,0
2.73314,23.5836,5.32263,0.689269,1.05069,8628.74,0
2.73966,23.4679,5.54124,0.459548,0.71759,8565.98,0
2.74618,23.4176,5.56232,0.574389,0.543367,8527.32,0
2.75264,23.4179,5.54792,0.497543,0.515452,8507.42,0
2.75921,23.1965,5.44781,0.306035,0.0532992,8406.93,0
2.76569,23.3409,5.44304,0.101197,0.32479,8439.46,0
2.7722,23.5107,5.60918,0.0910149,0.617593,8480.88,0
2.77868,23.5032,5.59789,0.378929,0.521496,8458.41,0
2.7852,23.5898,5.73818,0.365855,0.646044,8469.72,0
2.79172,23.6029,5.71134,0.299862,0.601113,8454.62,0
2.79824,23.7038,5.49529,0.130894,0.742209,8470.95,0
2.80475,23.7631,5.72178,-0.014267,0.769396,8472.42,0
2.81126,23.838,5.42639,-0.0359027,0.776807,8479.46,0
2.81779,23.9743,5.53761,0.0954864,0.942431,8508.18,0
2.82432,24.0301,5.29873,-0.446366,0.950358,8508.28,0
2.83083,24.095,5.08985,-0.591485,0.930909,8511.66,0
2.83732,24.125,5.06283,-0.608098,0.87379,8502.76,0
2.84379,24.0652,5.05718,-0.496111,0.667306,8462.37,0
2.85029,24.0674,4.68198,-0.501474,0.621524,8443.84,0
2.85678,24.3234,4.88099,-0.293462,1.03935,8514.27,0
2.86328,24.4502,5.11627,-0.386262,1.13685,8539.23,0
2.86979,24.3264,5.10043,-0.422589,0.760063,8476.73,0
2.87632,24.4134,4.91616,-0.613322,0.866466,8487.7,0
2.88284,24.4367,5.06955,-0.832263,0.82351,8476.63,0
2.88935,24.552,5.27688,-1.31599,0.938919,8497.4,0
2.89585,24.7067,5.31649,-1.45524,1.11383,8531.75,0
2.90233,24.4836,5.18903,-1.49764,0.557363,8435.84,0
2.90886,24.4326,5.02027,-1.3349,0.398623,8399.37,0
2.9154,24.5965,4.84968,-0.731685,0.672382,8436.73,0
2.9219,24.5615,4.79986,-0.911461,0.515721,8406.02,0
2.92838,24.5944,4.96505,-1.00318,0.524772,8398.62,0
2.93484,24.8072,5.19867,-1.07796,0.867177,8452.66,0
2.94129,24.9617,5.02138,-0.910925,1.05853,8486.66,0
2.94774,25.0342,5.20546,-1.21165,1.0735,8492.67,0
2.95428,25.0127,5.37038,-1.20472,0.910128,8466.6,0
2.96077,25.0089,5.14992,-1.3148,0.767135,8446.76,0
2.9673,25.0942,4.988,-1.50844,0.818011,8456.93,0
2.97378,25.2109,4.92702,-1.30566,0.964902,8477.73,0
2.98027,25.1208,4.86635,-1.14092,0.713103,8429.04,0
2.9868,24.8676,4.95365,-1.26123,0.192649,8325.83,0
2.99334,24.9174,4.93817,-1.2198,0.279743,8324.29,0
2.99979,25.04,4.96997,-0.982641,0.48732,8347.27,0
3.00626,25.2352,5.018,-1.27527,0.800807,8394.22,0
3.01274,25.2119,5.03423,-1.56131,0.676521,8368.43,0
3.01925,25.1548,4.95411,-1.41952,0.483875,8331.47,0
3.02575,25.197,4.84461,-1.14141,0.531755,8327.53,0
3.03227,25.335,4.61489,-1.12056,0.740595,8355.15,0
3.03873,26.0013,4.72839,-0.98454,1.87732,8556.65,0
3.04525,26.1742,4.54762,-1.01775,1.88274,8595.08,0
3.05178,26.1333,4.66787,-1.14819,1.4938,8563.32,0
3.05824,26.3266,4.84684,-1.1309,1.65463,8608.41,0
3.06471,26.2707,5.01937,-1.17861,1.30912,8571.99,0
3.07118,25.9242,5.06829,-1.56206,0.513699,8441.13,0
3.07771,25.9488,5.37092,-1.40838,0.51646,8431.2,0
3.0842,25.7847,5.2095,-1.63239,0.171788,8360.26,0
3.09072,25.7148,5.38358,-1.58811,0.0292939,8320,0
3.09722,25.8139,5.34423,-1.67472,0.21986,8334.54,0
3.10373,25.8853,5.46466,-1.30835,0.345429,8340.05,0
3.1102,25.8702,5.24495,-1.33256,0.299042,8317.86,0
3.11668,26.2555,5.20904,-1.54386,0.995692,8424.19,0
3.12319,26.1544,5.34411,-1.72606,0.700829,8374.23,0
3.12972,26.4295,5.23322,-1.8659,1.14472,8444.68,0
3.13624,26.7455,5.39777,-1.93392,1.56378,8527.87,0
3.14273,26.5333,5.52353,-1.94019,0.96561,8442.74,0
3.14921,26.7173,5.46056,-1.63993,1.17629,8483.8,0
3.15575,26.6736,5.07821,-1.47941,0.927044,8452.38,0
3.16222,26.8575,5.15507,-1.73729,1.14595,8493.25,0
3.16876,26.5605,4.90683,-1.95407,0.456111,8381.98,0
3.17526,26.6194,4.76833,-1.81016,0.527512,8383.38,0
3.18176,26.5453,4.80602,-1.7742,0.32523,8342.98,0
3.18826,26.5513,4.80191,-2.12026,0.29892,8327.84,0
3.19476,26.6491,4.99963,-2.02535,0.469791,8341.49,0
3.2013,26.6795,4.94041,-2.05653,0.501317,8333.97,0
3.20779,26.9492,4.80928,-1.61459,0.94006,8401.17,0
3.21434,26.6869,5.05823,-1.4117,0.348692,8302.45,0
3.22088,26.6583,5.1205,-1.01264,0.265033,8276.7,0
3.22738,26.5499,4.84772,-1.292,0.0445023,8226.45,0
3.23394,26.622,4.85138,-1.52712,0.177823,8232.06,0
3.24045,26.8051,4.72285,-1.64562,0.522863,8272.04,0
3.24697,26.905,4.75778,-2.01016,0.658694,8286.18,0
3.25347,26.7083,4.59737,-2.19986,0.226201,8209.16,0
3.25994,26.9763,4.62167,-2.04742,0.700449,8275.11,0
3.26648,27.0479,4.67505,-2.08157,0.771458,8280.46,0
3.27301,27.2505,4.90641,-2.25539,1.08699,8325.82,0
3.27951,27.1597,4.85789,-2.39028,0.768992,8281.62,0
3.28605,27.2185,4.81837,-2.31125,0.822295,8283.06,0
3.29255,27.3913,4.82652,-2.36851,1.03368,8319.18,0
3.29908,27.0998,5.14318,-2.15224,0.362097,8214.33,0
3.30559,27.1644,5.0559,-2.23844,0.479969,8217.71,0
3.31208,27.3114,5.41668,-2.23081,0.749281,8246,0
3.31857,27.4889,5.43568,-2.15919,1.02128,8283.35,0
3.32509,27.5658,5.49751,-2.18586,1.05222,8290.25,0
3.33159,27.5924,5.22189,-2.74677,0.991827,8282.03,0
3.33812,27.5798,5.02133,-2.80383,0.869578,8262.08,0
3.34465,27.7079,4.88957,-2.67435,1.04552,8284.25,0
3.3512,27.8147,4.61524,-2.804,1.14253,8299.92,0
3.3577,27.9298,4.55788,-2.8392,1.19296,8318.13,0
3.36423,28.2341,5.07769,-3.14009,1.5651,8392.45,0
3.37074,28.302,5.16632,-3.24825,1.44837,8396.4,0
3.37725,28.2603,5.28067,-3.17115,1.18597,8367.84,0
3.38376,28.2045,5.47395,-3.04074,0.922687,8335.24,0
3.39024,28.2609,5.27384,-3.02943,0.924025,8335.97,0
3.39677,28.4158,5.06945,-3.48748,1.09195,8365.56,0
3.40327,28.5959,4.97541,-3.65456,1.30061,8402.49,0
3.40981,28.7542,5.02106,-4.0043,1.40011,8432.78,0
3.41632,28.8185,4.9898,-3.86807,1.31221,8435.52,0
3.42282,29.0886,4.89694,-3.98443,1.61441,8498.44,0
3.42936,29.0044,4.99315,-3.69727,1.24874,8457.67,0
3.43581,29.1538,4.88982,-3.42753,1.34836,8485.28,0
3.44235,28.9631,4.97771,-3.16911,0.822946,8413.76,0
3.44888,29.2379,5.05346,-3.13069,1.22342,8477.52,0
3.45544,29.0541,5.10856,-3.19846,0.695534,8408.21,0
3.46195,29.1759,5.26283,-3.10126,0.864755,8427.6,0
3.46843,29.2748,5.43553,-3.2115,0.954897,8440.36,0
3.47494,29.3676,5.43889,-3.38319,1.0373,8451.25,0
3.4814,29.4617,5.21782,-3.16703,1.065,8462.61,0
3.48788,29.4018,5.31611,-3.14035,0.823429,8429.69,0
3.49436,29.2595,5.26609,-3.19713,0.457683,8373.35,0
3.50084,29.3382,5.47858,-3.15626,0.577826,8380.33,0
3.50734,29.2203,5.52099,-3.05739,0.293857,8331.17,0
3.51387,29.5111,5.60588,-2.63127,0.82746,8398.48,0
3.52038,29.5529,5.37478,-2.52305,0.816575,8394.81,0
3.52691,29.5597,5.3631,-2.88653,0.77126,8381.21,0
3.53343,29.8765,5.18164,-3.28258,1.24409,8455.38,0
3.53995,29.6334,5.29986,-3.2671,0.639115,8371.14,0
3.54645,30.2151,5.37132,-3.11036,1.63534,8519.82,0
3.55297,30.2987,5.42864,-3.44401,1.56059,8527.71,0
3.55946,30.3536,5.37911,-3.22425,1.4377,8527.59,0
3.56591,30.6243,5.21985,-3.04031,1.70386,8588.08,0
3.57242,30.3156,5.32769,-2.96394,0.91903,8486.01,0
3.57893,30.0188,5.39242,-2.99607,0.269706,8387.65,0
3.58544,30.2733,5.73837,-2.99113,0.718487,8443.41,0
3.5919,30.7349,5.66437,-2.92462,1.51297,8556.71,0
3.59844,30.8363,5.75545,-2.78828,1.48496,8569.35,0
3.60495,30.9714,5.94393,-2.64874,1.51178,8591.33,0
3.61151,30.9609,5.97071,-2.68301,1.25895,8572.84,0
3.61804,30.9417,5.80455,-2.63333,1.04923,8552.04,0
3.62453,31.2269,5.66743,-2.62643,1.41527,8615.44,0
3.631,31.5678,5.78025,-2.47093,1.83609,8693.98,0
3.63748,31.4593,5.97396,-2.61147,1.30752,8648.67,0
3.64396,31.5286,6.02422,-2.76935,1.29041,8652.29,0
3.65047,31.6966,5.93923,-2.58128,1.44529,8682.88,0
3.657,31.8968,6.01142,-2.31405,1.62724,8722.14,0
3.66347,32.0822,5.88294,-2.23545,1.69286,8757.33,0
3.66993,32.1654,5.84539,-2.1325,1.57962,8764.58,0
3.67649,32.1765,5.87098,-2.19448,1.37663,8751.95,0
3.68301,32.395,5.70903,-2.02809,1.57196,8795.79,0
3.68954,32.7242,5.75327,-1.90763,1.9017,8869.45,0
3.69601,32.614,5.48866,-2.13118,1.42304,8824.12,0
3.70251,32.771,5.65083,-2.30636,1.49883,8851.03,0
3.70904,32.7322,5.72023,-2.48513,1.21165,8824.97,0
3.71557,32.8921,5.83429,-2.45718,1.36821,8852.51,0
3.7221,32.915,5.39181,-2.47121,1.23414,8843.13,0
3.72861,32.738,5.83054,-2.53406,0.788939,8780.22,0
3.7351,32.925,5.99691,-2.49864,1.04858,8815.02,0
3.74162,33.2635,6.16482,-2.31779,1.50741,8890.12,0
3.74815,32.8306,6.10545,-2.5824,0.472194,8759.13,0
3.75468,32.851,5.8318,-2.81287,0.47013,8749.34,0
3.76118,32.8795,6.02939,-2.91848,0.474078,8741.81,0
3.76766,33.1782,6.07387,-3.13506,0.996847,8806.05,0
3.7742,33.1678,5.84519,-3.09336,0.872025,8788.02,0
3.78074,33.4429,5.82068,-2.90609,1.28168,8845.61,0
3.78725,33.3096,5.88961,-3.01533,0.83672,8795.18,0
3.79376,33.4895,6.03993,-2.90996,1.07708,8827.53,0
3.80026,33.6908,5.76538,-3.29783,1.29328,8865.4,0
3.80677,33.809,5.56924,-3.43309,1.29301,8881.29,0
3.81331,34.1544,5.47452,-3.49105,1.74863,8956.63,0
3.81981,34.3698,5.48121,-3.51034,1.8899,8997.8,0
3.82625,34.3707,5.17928,-3.45219,1.59221,8982.89,0
3.83274,34.6122,5.26603,-3.67115,1.77358,9030.65,0
3.83923,34.7372,5.23829,-3.41171,1.73133,9047.94,0
3.84572,34.465,5.32089,-3.21749,0.981823,8961.9,0
3.85224,34.7991,5.52083,-2.85813,1.4682,9033.46,0
3.85876,34.9152,5.4668,-2.93843,1.46119,9048.31,0
3.86526,34.9983,5.38103,-3.12941,1.39357,9054.58,0
3.87177,35.1407,5.19193,-3.15603,1.46607,9076.15,0
3.87831,35.2589,4.86098,-2.96996,1.48618,9091.31,0
3.88481,35.5074,4.67469,-2.73806,1.69649,9140.07,0
3.89131,35.4584,4.7299,-2.53258,1.38576,9112.18,0
3.8978,35.6491,4.81172,-2.66607,1.55885,9145.95,0
3.90428,35.5883,4.9719,-2.48855,1.21335,9115.21,0
3.91077,35.5138,5.35512,-2.69007,0.919026,9081.03,0
3.91723,35.6371,5.37318,-2.74942,1.0531,9097.53,0
3.92373,35.7097,5.49119,-2.82097,1.06648,9100.97,0
3.93024,35.9001,5.54418,-2.99157,1.27219,9134.32,0
3.93678,35.7743,5.79453,-3.25223,0.893142,9087.19,0
3.94328,35.5254,6.04948,-3.54303,0.350329,9009.1,0
3.94981,35.6506,6.09856,-3.40223,0.563424,9025.88,0
3.95631,35.9702,6.00525,-3.24863,1.11296,9091.85,0
3.96278,36.1342,5.8842,-3.19125,1.23415,9118.4,0
3.96933,36.3834,5.96744,-3.08784,1.52603,9166.13,0
3.97587,36.6184,5.80285,-2.98717,1.67938,9210.14,0
3.98237,36.6466,5.83893,-2.90989,1.48985,9202.21,0
3.98887,36.7563,5.74955,-2.68176,1.45976,9214.72,0
3.99541,37.0024,5.66345,-2.4961,1.63653,9261.23,0
4.00194,36.8906,5.35588,-2.52985,1.24494,9218.18,0
4.00849,37.0555,5.17259,-2.2702,1.38411,9244.25,0
4.01498,37.0815,5.34488,-2.27559,1.20368,9235.77,0
4.02149,36.8793,5.59464,-2.1652,0.705933,9170.56,0
4.02796,37.1487,5.48601,-2.15615,1.16302,9222.72,0
4.03444,37.5226,5.23484,-2.22968,1.7407,9300.57,0
4.04099,37.7469,5.3444,-2.07488,1.85721,9341.02,0
4.04749,37.6035,5.21643,-2.04663,1.33208,9290.57,0
4.05404,37.8498,5.29254,-2.01594,1.60531,9336.32,0
4.06056,37.8861,5.2086,-1.69581,1.39128,9330.28,0
4.06707,37.7315,4.86499,-1.98078,0.948814,9277.31,0
4.07356,37.9615,5.09954,-1.96542,1.28457,9319.01,0
4.08006,37.8132,5.16974,-1.93788,0.83954,9267.81,0
4.08655,38.0308,5.39455,-1.75344,1.11185,9306.33,0
4.09311,38.2941,5.7107,-1.71168,1.44726,9355.74,0
4.09959,38.2776,5.16217,-1.67235,1.22697,9336.95,0
4.1061,38.1964,5.514,-1.45713,0.909033,9302.37,0
4.11258,38.2551,5.92199,-1.25733,0.887314,9301.97,0
4.11908,38.1952,5.68667,-1.24369,0.67299,9272.75,0
4.12559,38.3743,5.67939,-1.56126,0.929578,9301.52,0
4.13212,38.6411,5.54768,-1.8117,1.27756,9351.4,0
4.13861,38.5573,5.68381,-1.76529,0.916214,9316.47,0
4.14515,38.7594,5.91845,-1.78693,1.16389,9350.54,0
4.15165,38.8595,5.94325,-1.49465,1.20299,9360.01,0
4.15815,39.1215,5.76318,-1.56856,1.53434,9408.41,0
4.16469,38.9881,5.86226,-1.61933,1.0438,9361.6,0
4.17116,38.724,5.70704,-1.65406,0.450714,9283.75,0
4.17769,38.8246,5.94659,-1.87149,0.582231,9293.31,0
4.1842,38.6779,5.7296,-1.92723,0.252056,9243.81,0
4.19073,38.6258,5.58773,-1.92834,0.137487,9216.96,0
4.19724,38.6525,5.67318,-2.2042,0.180989,9209.04,0
4.20375,38.8762,5.64516,-2.07768,0.57552,9247.99,0
4.21025,38.9146,5.64795,-2.29086,0.582318,9242.83,0
4.21675,39.0619,5.73128,-2.32894,0.793308,9263.51,0
4.2233,39.331,5.98414,-2.59294,1.20896,9312.87,0
4.22985,39.2282,5.9148,-2.39796,0.824435,9274.15,0
4.23638,39.1799,6.02834,-2.52862,0.618887,9248.44,0
4.24289,39.3375,5.9099,-2.7509,0.889493,9271.39,0
4.24936,39.0531,5.77191,-2.80746,0.233775,9190.35,0
4.25585,39.1777,5.49303,-2.69571,0.474105,9205.62,0
4.26237,39.4216,5.73014,-2.67795,0.866176,9248.75,0
4.26888,39.2494,5.71439,-2.49025,0.469404,9194.31,0
4.27536,39.3654,5.45476,-2.45793,0.647166,9207.51,0
4.28185,39.7618,5.17167,-2.38061,1.33592,9286.11,0
4.28836,40.0903,4.95083,-2.13551,1.75815,9348.62,0
4.29489,40.1045,4.52769,-2.00305,1.47874,9337.72,0
4.30138,39.9951,4.63451,-2.11937,1.07129,9298.21,0
4.30793,40.049,4.68962,-2.11492,1.01041,9296.57,0
4.31446,40.0819,4.57535,-2.26693,0.93821,9290.13,0
4.32097,39.9484,4.76429,-2.31398,0.575837,9245.24,0
4.3275,39.779,4.49134,-2.16992,0.2025,9192.14,0
4.33399,39.9538,4.41195,-2.14482,0.529573,9218.71,0
4.34052,40.0791,4.40718,-1.74032,0.710038,9233.71,0
4.34702,39.7787,4.38223,-1.76577,0.0757701,9150.78,0
4.35359,39.8909,4.54535,-2.00407,0.291107,9162.76,0
4.36008,39.8269,4.45663,-2.01326,0.139696,9134.44,0
4.36658,39.9257,4.40265,-1.85229,0.316525,9143.48,0
4.37314,39.8157,4.40909,-1.88674,0.0716812,9104.59,0
4.37964,39.9427,4.49521,-1.91215,0.31715,9120.09,0
4.38617,40.1432,4.19777,-1.84104,0.68468,9152.21,0
4.39272,39.938,4.20232,-2.04088,0.228187,9091.85,0
4.39925,40.1348,4.28981,-2.19705,0.559068,9123.1,0
4.40575,40.0305,4.26211,-2.45,0.328378,9085.97,0
4.41226,40.2914,4.23619,-2.63782,0.789561,9131.68,0
4.41876,40.506,4.44099,-2.57115,1.10149,9166.82,0
4.42528,40.2951,4.47082,-2.43789,0.574954,9105.68,0
4.43179,40.056,4.43868,-2.50035,0.0700667,9038.34,0
4.43831,40.1045,4.47832,-2.62491,0.16207,9035.98,0
4.44482,40.4989,4.4161,-2.55868,0.92326,9111.47,0
4.45137,40.5371,4.49818,-2.41029,0.889423,9106.68,0
4.45786,40.6292,4.65528,-2.93422,0.952197,9114.06,0
4.46438,40.8096,4.81962,-2.53934,1.17082,9141.17,0
4.47096,41.189,5.00991,-2.25924,1.71439,9212.56,0
4.47744,40.9823,5.02717,-1.9951,1.06795,9153.07,0
4.48395,41.0643,5.18391,-2.07202,1.07301,9158.05,0
4.49049,41.3041,5.52027,-2.02856,1.38867,9198.11,0
4.49701,41.2158,5.47985,-2.0004,1.0361,9165.15,0
4.50351,41.1987,5.79109,-1.97482,0.861131,9148.13,0
4.50996,41.1385,5.89724,-2.14429,0.641671,9121.7,0
4.51646,41.3073,6.11564,-1.77225,0.892601,9145.95,0
4.52299,41.226,6.17029,-1.86787,0.649429,9114.77,0
4.52946,41.3303,5.99774,-1.85543,0.784698,9124.77,0
4.53598,41.6207,5.87089,-1.773,1.25473,9175.67,0
4.54253,41.7565,5.85433,-1.86393,1.32315,9192.35,0
4.54904,41.7372,5.71728,-1.6184,1.11143,9174.95,0
4.55553,42.0348,5.82073,-1.57386,1.50634,9227.2,0
4.562,42.3159,5.59796,-1.21701,1.82356,9275.73,0
4.56855,42.5204,5.63236,-1.24381,1.90692,9307.2,0
4.57505,42.5435,5.49111,-1.13585,1.66472,9299.03,0
4.58148,42.7834,5.72084,-1.35246,1.86763,9338.34,0
4.588,42.846,5.64556,-1.18778,1.66267,9338.72,0
4.5945,42.9894,5.59714,-1.08768,1.65044,9356.71,0
4.60101,42.7853,5.49555,-1.28358,1.04374,9299.11,0
4.60754,42.8033,5.63082,-1.06976,0.973938,9289.84,0
4.61408,43.016,5.543,-1.00505,1.25973,9322.76,0
4.62058,42.9987,5.16066,-1.05895,1.05638,9305.92,0
4.62712,42.7951,5.06445,-1.21689,0.535188,9248.77,0
4.63365,42.8787,5.35386,-1.28729,0.659195,9253.78,0
4.64017,42.6872,5.30709,-1.29944,0.253863,9199.5,0
4.64669,42.9605,5.3161,-1.22436,0.749809,9245.4,0
4.6532,42.9952,5.45731,-1.61303,0.728216,9239.91,0
4.65971,42.9023,5.49014,-1.75296,0.492432,9207.09,0
4.66618,42.9037,5.69118,-1.79205,0.422125,9194.61,0
4.67268,43.0625,5.98771,-1.59617,0.673032,9215.81,0
4.67925,42.9073,5.68103,-1.61015,0.303238,9169.7,0
4.68577,43.0393,5.66934,-1.66889,0.516733,9185.11,0
4.69227,43.1106,5.80655,-1.68498,0.586812,9187.58,0
4.6988,43.2183,5.70205,-1.64116,0.748675,9197.73,0
4.70528,43.4411,5.81676,-1.65284,1.05835,9232.41,0
4.71177,43.7207,5.33924,-1.87669,1.45826,9279.05,0
4.7183,43.8406,5.46167,-1.97184,1.52995,9291.61,0
4.7248,43.7993,5.70855,-2.1983,1.24549,9270.07,0
4.73134,43.9803,5.57386,-2.28246,1.42692,9295.51,0
4.73786,44.017,5.69956,-2.34068,1.31507,9290.5,0
4.74433,44.1168,5.73044,-2.38195,1.29397,9298.84,0
4.75085,44.0588,5.77505,-2.41321,1.00944,9273.87,0
4.75737,43.9176,5.32179,-2.57105,0.641606,9231.49,0
4.76382,43.9362,5.05057,-2.36658,0.618319,9222.88,0
4.77037,43.8833,4.83405,-2.2566,0.476074,9199.15,0
4.77684,43.9408,4.64511,-2.20107,0.538065,9198.7,0
4.78339,43.9518,4.7853,-2.0317,0.514554,9188.4,0
4.78995,43.9979,4.52963,-2.29463,0.545131,9185.47,0
4.79646,43.8553,4.40798,-2.17196,0.237131,9143.26,0
4.80297,44.0108,4.30919,-1.8968,0.495383,9163.24,0
4.80952,44.0432,4.19969,-1.90855,0.495368,9157.51,0
4.81601,43.9718,4.0165,-1.71376,0.315795,9130.33,0
4.8225,44.1677,4.22814,-1.76019,0.659702,9158.67,0
4.82903,44.4243,3.94025,-1.76941,0.994629,9199.42,0
4.83558,44.5864,4.00984,-1.36058,1.16176,9220.49,0
4.84205,44.5465,3.89705,-1.27005,0.972935,9199.91,0
4.84856,44.612,3.76699,-1.53283,0.97063,9201.08,0
4.85506,44.5489,3.80183,-1.70277,0.722391,9175.75,0
4.86156,44.5494,3.38423,-1.63233,0.662896,9163.6,0
4.86809,44.4125,3.19736,-2.01629,0.363448,9123.18,0
4.87465,44.3275,3.33638,-2.08347,0.184276,9093.48,0
4.88117,44.5082,2.99241,-1.81703,0.497661,9118.34,0
4.8877,44.4913,3.11196,-1.32241,0.419375,9102.71,0
4.89422,44.8286,3.09424,-1.43263,1.00318,9159.51,0
4.9007,45.0703,2.87525,-1.45289,1.3002,9196.7,0
4.90719,45.3173,2.69065,-1.39042,1.54516,9234.87,0
4.91367,45.1173,2.61788,-1.21962,0.962508,9182,0
4.92015,45.2118,2.60165,-1.04397,1.00519,9189.11,0
4.92663,45.2934,2.33994,-1.50509,1.0395,9193.58,0
4.93312,45.6229,2.20021,-1.288,1.5395,9248.29,0
4.93958,45.6652,2.08346,-1.0603,1.40144,9244.76,0
4.94608,45.7944,1.94437,-1.07618,1.46288,9258.75,0
4.95256,45.7603,2.16383,-0.88296,1.21409,9239.73,0
4.95906,46.3129,2.06568,-0.607907,2.05194,9339.05,0
4.96556,46.3338,1.83236,-0.334057,1.74006,9331.03,0
4.9721,45.952,1.89074,-0.352035,0.800447,9241.97,0
4.97858,46.2734,2.03908,-0.231332,1.26576,9294.51,0
4.98506,46.2444,2.00281,-0.192058,1.09221,9276.61,0
4.99156,46.314,1.81567,-0.132757,1.052,9278.46,0
4.99803,46.2839,2.13325,-0.0399795,0.872944,9260.43,0
5.00451,46.3622,2.36954,0.294703,0.902089,9264.08,0
5.01102,46.4941,2.27695,0.488378,1.01356,9278.37,0
5.01749,46.5272,2.63462,0.442871,0.961386,9273.01,0
5.02397,46.6188,2.78193,0.485036,1.01064,9279.27,0
5.03047,46.7427,2.58358,0.467752,1.09791,9291.93,0
5.03694,46.7202,2.29789,0.345235,0.93491,9275.51,0
5.04351,46.7052,2.68213,0.52731,0.803904,9260.46,0
5.04999,47.0129,2.93256,0.25613,1.28565,9309.49,0
5.05651,47.0984,3.05934,0.129702,1.26595,9314.42,0
5.06304,46.9052,2.90054,-0.15676,0.781595,9264.24,0
5.06955,47.1243,2.82853,0.138011,1.0895,9295.57,0
5.07601,46.938,2.84998,0.179024,0.634679,9247.02,0
5.0825,46.9064,2.69395,0.184647,0.481376,9229.01,0
5.08901,46.8132,2.78365,0.253449,0.273597,9198.88,0
5.09551,46.9756,2.77397,0.600295,0.551327,9219.01,0
5.10202,46.8315,2.39304,0.907062,0.2285,9179.01,0
5.10855,47.0539,2.72018,0.992852,0.638012,9210.82,0
5.11506,47.2029,2.69484,1.20251,0.833435,9228.21,0
5.12161,46.9997,2.51043,1.24354,0.359965,9176.75,0
5.12812,46.9715,2.57116,1.15864,0.280033,9159.58,0
5.13462,47.1072,2.62427,1.17774,0.528393,9174.42,0
5.14115,47.2793,2.53496,1.42994,0.80964,9196.26,0
5.14767,47.6717,2.56288,1.29272,1.44527,9260.83,0
5.15414,47.6851,2.39455,1.55152,1.28928,9251.82,0
5.1606,47.6152,2.7174,1.61258,1.02964,9226.67,0
5.16715,47.572,2.68934,1.64933,0.838201,9206.61,0
5.17366,47.4202,2.83748,1.89323,0.459307,9165.7,0
5.18015,47.295,2.82045,1.91914,0.187415,9130.05,0
5.18665,47.426,3.00443,1.95314,0.428499,9143.87,0
5.19315,47.3075,3.30837,1.94562,0.179183,9109.6,0
5.1997,47.6008,3.04076,2.14199,0.739844,9154.53,0
5.20617,47.6731,3.0334,2.44456,0.756347,9157.04,0
5.21267,47.5467,3.26479,2.6415,0.447613,9121.38,0
5.21917,47.7078,3.43081,2.68463,0.719071,9140.88,0
5.22568,47.9888,3.47869,2.95361,1.17991,9183.28,0
5.23217,47.8334,3.48499,2.71204,0.750688,9142.16,0
5.23867,47.7634,3.30825,2.81075,0.54445,9117.47,0
5.24519,47.8191,3.26113,2.82084,0.607986,9116.74,0
5.25171,47.7088,3.05133,2.49685,0.349371,9084.43,0
5.25822,47.5871,3.14141,2.67425,0.0870025,9050.03,0
5.26475,47.7069,3.25878,2.72505,0.306192,9061.58,0
5.27124,48.0114,2.96835,2.44052,0.835981,9108.18,0
5.27776,47.9884,2.97093,2.41946,0.694358,9092.58,0
5.28425,48.3612,3.05867,2.39927,1.27516,9151.95,0
5.29069,48.2502,3.00859,2.43152,0.936502,9119.84,0
5.29722,48.0215,2.89007,2.56456,0.426626,9065.41,0
5.3037,48.0731,2.87778,2.53794,0.473541,9064.07,0
5.3102,48.2417,2.72148,2.58898,0.737798,9084.72,0
5.31671,48.0486,2.57978,2.94246,0.312686,9037.27,0
5.32328,48.1392,2.54697,2.92892,0.456306,9043.15,0
5.32976,48.2521,2.46576,2.93833,0.627282,9053.33,0
5.3363,48.0258,2.29813,2.84321,0.149172,8999.83,0
5.34276,48.2888,2.54327,2.99082,0.650912,9038.17,0
5.3493,48.4141,2.60987,3.31286,0.823175,9050.54,0
5.35577,48.9613,2.48926,3.09435,1.74135,9141.78,0
5.36227,48.8435,2.46885,2.89633,1.27793,9108.75,0
5.36879,49.0513,2.31486,3.04192,1.49241,9136.38,0
5.37529,49.0214,2.19567,3.0549,1.22201,9119.76,0
5.38173,48.9596,1.79544,3.14733,0.94153,9097.37,0
5.38823,49.0126,1.88408,3.04582,0.919754,9096.23,0
5.39472,49.0717,1.72224,3.11128,0.899246,9096.23,0
5.4012,49.0487,1.84246,3.12814,0.784511,9081.07,0
5.40766,49.0498,1.97777,3.01511,0.703668,9070.41,0
5.41415,48.7886,2.06196,2.95246,0.145255,9011.32,0
5.42067,48.8164,1.90368,2.923,0.189734,9005.6,0
5.42718,48.9802,1.73679,2.88121,0.487227,9024.98,0
5.43372,49.1829,1.36,2.78639,0.8464,9051.42,0
5.44024,49.1131,1.46725,2.32669,0.599109,9027.74,0
5.44676,48.9255,1.46209,2.33265,0.203763,8982.49,0
5.45332,48.9822,1.46537,2.08267,0.305506,8982.09,0
5.45985,49.2762,1.19429,2.14212,0.844576,9025.2,0
5.46634,49.1456,1.57762,2.08379,0.528126,8990.59,0
5.47282,49.2817,1.89651,2.08435,0.718435,9004.81,0
5.47934,49.4553,2.29381,2.08309,0.929752,9025.77,0
5.48589,49.9299,2.04598,2.13069,1.67884,9101.52,0
5.4924,49.7061,2.35797,1.9745,0.965,9049.97,0
5.49895,49.7543,2.05865,2.00438,0.936586,9047.96,0
5.50546,49.4726,1.83195,1.92599,0.323637,8986.1,0
5.51199,49.3751,2.00458,1.85998,0.118344,8957.75,0
5.51854,49.5647,2.05345,1.89739,0.473929,8981.49,0
5.52507,49.7795,2.26409,1.68277,0.8379,9009.75,0
5.53157,49.8377,1.95414,1.4445,0.872733,9009.68,0
5.53809,50.0493,1.71173,1.52307,1.14599,9037.28,0
5.54453,50.0032,1.85459,1.612,0.905584,9018.47,0
5.551,49.6764,2.10258,1.79902,0.194732,8949.09,0
5.55746,50.1307,1.82556,1.78439,1.01945,9020.43,0
5.56394,50.0512,1.30737,1.95874,0.734977,8995.63,0
5.57042,50.2081,1.63231,2.12281,0.916738,9013.35,0
5.57687,50.3605,1.55744,2.07695,1.07965,9030.25,0
5.58335,50.1411,1.37491,2.14856,0.548859,8980.48,0
5.58985,50.3824,1.56457,2.16706,0.961753,9013.18,0
5.59636,50.5258,1.57329,2.16873,1.09658,9028.33,0
5.60286,50.6821,1.49177,2.29335,1.2391,9045.75,0
5.60936,50.7002,1.5255,2.29285,1.07421,9038.5,0
5.61583,50.7107,1.98662,2.13664,0.926525,9029.96,0
5.62235,50.7978,2.00154,1.75789,0.991048,9034.98,0
5.62888,50.6043,2.04164,1.86458,0.539318,8990.12,0
5.6354,50.5066,1.99376,1.84115,0.304174,8962.37,0
5.64195,50.5528,2.1657,2.11446,0.345484,8960.16,0
5.6485,50.6237,1.96349,1.93002,0.453605,8962.33,0
5.65497,50.6296,2.17681,1.87247,0.410701,8953.11,0
5.6615,50.5746,2.1417,1.68288,0.282071,8933.08,0
5.66801,50.8247,2.15326,1.5493,0.74987,8966.93,0
5.67455,51.0724,2.2399,1.41088,1.0962,9000.26,0
5.68103,51.0108,2.06355,1.49232,0.846453,8979.14,0
5.68754,51.2398,2.15098,1.42373,1.16958,9009.14,0
5.69408,51.5345,2.31349,1.4129,1.52793,9050.54,0
5.70057,51.4719,2.14308,1.0255,1.23229,9029.25,0
5.70709,51.2598,1.98709,0.966403,0.697828,8981.77,0
5.71363,51.3029,2.29728,1.1532,0.716892,8979.04,0
5.72016,51.4318,2.41133,1.20402,0.898264,8991.32,0
5.72671,51.3688,2.21579,1.22139,0.648741,8970.04,0
5.73324,51.5105,2.34256,1.02922,0.837029,8984.54,0
5.73975,51.2583,2.40885,1.5336,0.264271,8930.41,0
5.74622,51.2069,2.47751,1.48913,0.147925,8911.41,0
5.75273,51.2249,2.57355,1.29338,0.169699,8904.46,0
5.75921,51.1679,2.56863,1.48984,0.0469862,8884.54,0
5.76568,51.2686,2.75521,1.61682,0.242841,8892.03,0
5.77218,51.5846,3.04292,1.83718,0.838432,8936.76,0
5.77868,51.6262,2.92404,1.72222,0.828356,8933.91,0
5.78517,51.7386,2.82857,1.79396,0.914736,8943.31,0
5.79166,51.8206,3.0852,1.77874,0.966677,8947.46,0
5.79813,52.1958,2.77916,2.05019,1.56245,9002.19,0
5.80464,52.0328,2.94221,1.82976,1.03721,8964,0
5.81115,52.1848,3.03725,2.08039,1.18187,8980.11,0
5.8177,52.4178,2.98542,1.93317,1.44769,9010.06,0
5.82423,52.3594,2.78366,1.8341,1.1062,8989.93,0
5.83071,52.3888,2.49502,1.9391,1.0293,8984.99,0
5.83714,52.1422,2.41088,1.97219,0.407996,8932.83,0
5.84369,52.3976,2.42278,2.08269,0.833559,8966.52,0
5.85018,52.8201,2.5093,2.07093,1.50734,9028.79,0
5.85668,52.856,2.28209,1.89995,1.4061,9024.92,0
5.8632,53.0309,1.95372,1.90419,1.53118,9044.7,0
5.86971,52.9122,1.83734,1.70953,1.08242,9014.45,0
5.87627,52.9381,1.78575,1.65503,1.00219,9008.8,0
5.88278,52.7563,1.97487,1.66479,0.558788,8967.91,0
5.88927,52.7377,1.61806,2.01297,0.475817,8954.88,0
5.8958,53.0375,1.62592,1.86918,0.978399,8995.8,0
5.90229,52.8161,1.59645,1.16909,0.447326,8948.42,0
5.90878,52.6644,1.66838,1.19122,0.133866,8912.9,0
5.91533,52.7957,1.58565,1.23329,0.387057,8925.23,0
5.92182,52.6897,1.61719,1.55659,0.164972,8897.55,0
5.92835,52.9617,1.76676,1.46858,0.67706,8933.63,0
5.93487,53.2168,1.89549,1.54787,1.05384,8966.81,0
5.94136,53.2488,2.10695,1.68891,0.978391,8962.39,0
5.94788,53.2186,2.05629,1.86852,0.791976,8947.48,0
5.95443,53.0254,2.14963,2.02453,0.369643,8905.21,0
5.96091,52.9567,2.0763,1.97245,0.209066,8884,0
5.96739,52.9393,1.75511,1.9933,0.15349,8871.43,0
5.97389,52.9873,1.6462,1.94006,0.239707,8869.82,0
5.98043,53.2941,1.99536,1.85154,0.79156,8911.41,0
5.98694,53.2159,2.0494,1.92398,0.563262,8888.67,0
5.99345,53.3469,2.15512,1.97437,0.753768,8900.86,0
5.99994,53.3782,2.15381,1.87786,0.696198,8896.45,0
6.00644,53.1784,2.16416,1.92701,0.245717,8853.56,0
6.01296,53.2612,2.11111,1.89639,0.398024,8857.73,0
6.01945,53.3619,2.06402,1.93051,0.515623,8864.9,0
6.02596,53.2275,2.14794,1.738,0.227186,8833.03,0
6.03245,53.3699,2.11412,1.52796,0.477648,8847.12,0
6.03896,53.5589,1.89517,1.46904,0.724423,8868.89,0
6.04548,53.4632,1.81805,1.65991,0.477661,8843.5,0
6.05197,53.6046,1.92202,1.45325,0.716452,8857.37,0
6.05847,53.428,1.80273,1.6241,0.340398,8818.72,0
6.06493,53.6486,1.88517,1.27685,0.731289,8845.71,0
6.07146,53.4789,2.14905,1.06194,0.328348,8808.23,0
6.078,53.9987,1.77547,0.853846,1.27716,8884.28,0
6.08451,54.2475,1.3823,0.965246,1.48275,8915.69,0
6.09101,54.2953,1.40034,1.18986,1.34259,8914,0
6.09749,54.5373,1.935,1.29093,1.59594,8944.21,0
6.10404,54.42,1.78047,1.41764,1.14942,8915.42,0
6.11049,54.1094,1.60879,1.60591,0.403812,8855.17,0
6.11705,54.1312,1.74008,1.51639,0.417026,8849.23,0
6.12355,54.1398,1.76467,1.47575,0.41276,8841.25,0
6.13006,54.0852,1.78846,1.4924,0.280186,8822.94,0
6.13653,54.0188,1.63791,1.60853,0.132766,8802.82,0
6.14306,54.2494,1.57179,1.4801,0.569821,8831.01,0
6.14955,54.2322,1.38672,1.17657,0.48909,8818.89,0
6.15604,54.4329,1.36139,1.26661,0.819579,8842.19,0
6.16256,54.2851,1.5736,1.29351,0.448312,8808.85,0
6.16907,54.4855,1.55676,1.1923,0.755851,8832.04,0
6.17556,54.4982,1.69915,1.16604,0.684033,8824.82,0
6.18204,54.5365,1.75294,0.963071,0.691336,8821.77,0
6.18852,54.4433,1.60492,0.809555,0.458405,8797.48,0
6.19504,54.2615,1.67119,0.68762,0.0804242,8758.86,0
6.20154,54.2465,1.65091,0.841981,0.0483417,8747.26,0
6.20805,54.344,1.64427,1.11464,0.236452,8753.8,0
6.21459,54.8075,1.46556,1.20856,1.10273,8819.17,0
6.22109,54.834,1.43422,1.39122,1.00295,8814.21,0
6.22762,55.2279,1.65224,1.03369,1.61546,8868.23,0
6.23414,55.2762,1.69341,1.45691,1.45159,8866.68,0
6.24069,55.3926,1.6155,1.69722,1.48281,8876.04,0
6.24718,55.0232,1.76964,1.58145,0.622076,8807.68,0
6.2537,55.0892,1.72376,1.53525,0.686766,8809.05,0
6.26019,55.0124,1.79138,1.03364,0.474493,8787.66,0
6.26667,55.2346,1.98245,0.971044,0.822152,8814.04,0
6.27318,55.1206,1.95179,0.747352,0.510014,8786.7,0
6.27967,55.5878,1.93373,0.85748,1.31159,8852.03,0
6.28618,55.868,1.94849,0.734616,1.62547,8887.44,0
6.2927,55.8695,1.69786,0.955083,1.42403,8878.45,0
6.29918,55.7119,1.83709,0.904678,0.959119,8844.3,0
6.30573,55.5915,1.83969,0.9478,0.609254,8816.03,0
6.3123,55.6674,1.9923,0.813194,0.650063,8818.88,0
6.31883,55.7634,1.9651,0.739198,0.788818,8824.95,0
6.32535,55.7486,1.88674,0.8735,0.70909,8813.53,0
6.33186,56.0312,1.9932,0.443045,1.16315,8849.09,0
6.33838,55.7754,1.65806,0.473239,0.528822,8799.63,0
6.34489,55.8843,1.38835,0.673156,0.693365,8807.76,0
6.35139,55.6156,1.77031,0.448565,0.118051,8756.45,0
6.35791,55.6136,1.66059,0.265718,0.108466,8747.15,0
6.36445,55.6736,1.82401,0.306696,0.221354,8747.6,0
6.37098,55.6728,1.8235,0.118926,0.21295,8738.49,0
6.37748,55.6414,1.87336,0.135558,0.141603,8724.67,0
6.38397,55.6535,2.08967,0.113708,0.151519,8717.69,0
6.3905,55.6175,2.14751,-0.0103202,0.0656464,8703.15,0
6.39701,55.7052,2.12704,-0.0284801,0.234207,8708.01,0
6.40354,55.6594,2.28803,-0.0554151,0.137658,8691.98,0
6.41002,55.6449,2.20331,-0.211657,0.10384,8680.91,0
6.41654,56.0047,2.33526,-0.146267,0.771479,8728.18,0
6.42308,56.1807,2.15317,-0.18315,1.0016,8746.69,0
6.42956,56.2439,2.38954,-0.274334,1.01834,8747.71,0
6.43605,56.3749,2.22318,-0.447916,1.15256,8759.24,0
6.4426,56.3099,2.37407,-0.762335,0.904812,8740.24,0
6.44913,56.2535,2.57774,-0.954383,0.70379,8722.65,0
6.45565,56.201,2.75983,-0.867054,0.540807,8705.71,0
6.46212,56.4566,2.92544,-0.9595,0.969584,8736.54,0
6.46867,56.5723,2.98929,-1.11173,1.04893,8745.59,0
6.47519,56.9254,3.08444,-1.3603,1.56095,8791.3,0
6.48172,57.0081,3.34895,-1.65034,1.47059,8795.21,0
6.48827,57.0577,3.37967,-1.92466,1.31036,8793.98,0
6.49477,57.2582,3.55943,-1.97944,1.49368,8816.05,0
6.50131,57.2171,3.34514,-1.6474,1.15171,8800.85,0
6.50782,57.3145,3.3566,-1.4317,1.20246,8807.01,0
6.51431,57.3162,3.22519,-1.36496,1.03218,8798.51,0
6.52081,57.1966,2.84186,-1.53491,0.692596,8771.4,0
6.52731,56.9718,3.11238,-1.39507,0.191811,8728.22,0
6.53377,56.8944,3.11237,-1.53986,0.0334166,8707.74,0
6.54031,57.0066,3.08177,-1.73591,0.254348,8716.19,0
6.54678,57.1181,3.09374,-1.72468,0.451832,8724.61,0
6.5533,57.1842,3.14893,-1.69489,0.534202,8726.02,0
6.55978,57.3021,3.11928,-1.70789,0.726601,8735.37,0
6.56627,57.2284,3.29763,-1.93346,0.53267,8715.5,0
6.57279,57.3483,3.57634,-2.02937,0.717801,8725.1,0
6.57928,57.3377,3.63947,-2.17621,0.620632,8714.89,0
6.58578,57.5911,3.13406,-1.97251,1.03334,8744.77,0
6.59228,57.7205,2.99942,-2.3383,1.17701,8755.77,0
6.59875,57.3798,3.36188,-2.21676,0.423861,8695.56,0
6.60528,57.2129,3.52175,-2.38737,0.0779992,8661.69,0
6.61178,57.6637,3.41762,-2.41272,0.937252,8721.36,0
6.61831,57.6265,3.4967,-2.37617,0.758076,8707.13,0
6.62483,57.8857,3.46996,-2.36433,1.16139,8737.68,0
6.63133,57.9951,3.43017,-2.23443,1.22177,8745.62,0
6.63783,57.7237,3.7877,-1.85797,0.563105,8696.18,0
6.64431,57.6365,3.72263,-1.96167,0.327215,8674.57,0
6.65084,57.824,3.65895,-1.96849,0.625333,8694.24,0
6.65732,57.7196,3.66001,-1.71269,0.354243,8670.09,0
6.66383,57.7478,3.73844,-1.39851,0.384494,8665.86,0
6.67036,57.7474,4.23426,-1.45838,0.33018,8657.31,0
6.67689,57.7838,4.07462,-1.41645,0.392522,8654.3,0
6.68341,58.0552,4.19382,-1.11666,0.893338,8686.46,0
6.6899,57.8523,4.27986,-1.17959,0.409709,8647.7,0
6.69639,57.7594,4.27283,-1.16145,0.206371,8625.45,0
6.70285,57.7496,4.50838,-1.10612,0.179753,8615.68,0
6.70934,57.7154,4.58492,-1.05184,0.103585,8602.24,0
6.71583,57.7759,4.73298,-1.09898,0.211263,8602.94,0
6.72232,58.0769,4.61948,-1.25966,0.778391,8639.41,0
6.72884,58.0321,4.73717,-1.44455,0.633826,8624.38,0
6.73535,58.1982,4.54823,-1.57199,0.87259,8640.71,0
6.74189,58.3307,4.51472,-1.526,1.03609,8651.99,0
6.7484,58.1079,4.73747,-1.18124,0.504483,8610.62,0
6.75496,58.4625,4.75623,-0.84989,1.11337,8654.75,0
6.76142,58.4462,4.37418,-0.949493,0.918318,8644.08,0
6.76793,58.8065,4.207,-0.684264,1.47251,8689,0
6.77441,58.3773,4.13479,-0.823684,0.518309,8617.33,0
6.78093,58.3401,3.92667,-0.651096,0.409101,8603.55,0
6.78745,58.2954,3.94095,-0.516339,0.262261,8588.7,0
6.79401,58.4085,4.26663,-0.334521,0.46687,8597.06,0
6.80049,58.6756,4.55073,-0.593054,0.912218,8628.14,0
6.80703,58.7297,4.48384,-0.677329,0.909378,8627.8,0
6.81355,58.4683,4.45682,-0.581193,0.289235,8581.18,0
6.82006,58.5057,4.5676,-0.895822,0.347812,8578.48,0
6.82661,58.7464,4.27222,-1.19046,0.787111,8605.51,0
6.8331,58.6563,3.92383,-1.33285,0.513521,8584.14,0
6.8396,58.9877,3.69539,-1.07452,1.08186,8624.43,0
6.8461,59.2566,3.64658,-1.08239,1.39161,8655.53,0
6.85261,59.3089,3.78428,-0.817755,1.27736,8654.94,0
6.85903,59.2118,3.86971,-0.556334,0.958774,8632.68,0
6.8655,59.3628,3.71834,-0.551619,1.11972,8646.53,0
6.87203,59.729,3.58772,-0.626754,1.61255,8691.61,0
6.87852,59.9228,3.50329,-0.680954,1.74244,8711.58,0
6.88498,59.7796,3.18021,-0.620302,1.22327,8682.62,0
6.89149,60.1952,3.40127,-0.671081,1.83473,8734.72,0
6.898,60.2712,3.23037,-0.766158,1.64809,8737.5,0
6.90451,60.4738,2.8536,-0.609961,1.79604,8758.59,0
6.911,60.6583,2.75424,-0.811138,1.80741,8777.07,0
6.9175,60.6272,2.85456,-0.648592,1.45573,8764.32,0
6.924,60.3417,2.93002,-0.655126,0.716607,8714.87,0
6.93056,60.6044,2.97314,-0.623677,1.10775,8744.52,0
6.93709,60.658,3.09215,-0.788824,1.0337,8744.01,0
6.94358,60.69,3.27661,-0.823998,0.955374,8740.45,0
6.95007,60.6421,3.26235,-0.45578,0.783201,8725.4,0
6.95655,60.6419,3.07888,-0.762212,0.707962,8717.24,0
6.96306,60.4891,3.10459,-0.965521,0.342025,8687.14,0
6.96956,60.5922,3.1842,-0.878389,0.484456,8693.83,0
6.97608,60.7587,3.65295,-0.734884,0.753591,8709.57,0
6.9826,60.6744,3.41242,-0.658817,0.519287,8689.38,0
6.98912,60.7618,3.43845,-0.5764,0.636622,8693.77,0
6.9956,60.726,3.25484,-0.759244,0.518282,8680.59,0
7.00209,60.7842,3.05716,-0.934747,0.611102,8680.87,0
7.0086,60.6636,3.2205,-0.898053,0.328548,8655.59,0
7.01508,60.7748,3.42798,-0.989312,0.52884,8663.45,0
7.02163,60.7347,3.45025,-0.915535,0.409557,8649.66,0
7.02816,60.5342,3.59,-0.827897,0.00322208,8613.09,0
7.0347,60.58,3.34815,-0.805301,0.0782315,8611.6,0
7.0412,60.6965,3.42278,-0.715218,0.307801,8620.2,0
7.04772,60.6416,3.35779,-0.787153,0.185062,8604.43,0
7.05424,60.8869,3.44222,-0.673652,0.627002,8631.25,0
7.06072,60.8558,3.7543,-0.744671,0.504702,8618.92,0
7.06727,60.6938,3.8396,-0.616216,0.173208,8588.02,0
7.07375,60.7335,4.12332,-0.852773,0.236984,8585.76,0
7.08025,61.0111,4.21111,-0.843506,0.746181,8617.08,0
7.08675,60.9957,3.89252,-0.796327,0.650652,8607.01,0
7.0932,60.7599,3.83737,-0.813389,0.138047,8565.93,0
7.09966,60.9111,3.77155,-0.732236,0.425093,8579.43,0
7.10617,61.1367,3.49888,-0.603267,0.798387,8603.32,0
7.11271,61.2037,3.29923,-0.767233,0.85128,8604.84,0
7.11922,61.342,3.21248,-0.770658,1.00041,8616.4,0
7.1257,61.4407,3.06497,-0.813603,1.03756,8622.4,0
7.1322,61.6758,3.10093,-0.838651,1.33342,8647.51,0
7.13873,61.8009,2.97408,-0.775758,1.38362,8657.13,0
7.14525,61.8436,3.00752,-0.789423,1.26404,8655.21,0
7.15179,61.5913,2.838,-0.555357,0.64424,8612.02,0
7.15831,62.0095,3.10775,-0.532121,1.31051,8662.59,0
7.16477,62.1049,3.29622,-0.435342,1.34211,8668.09,0
7.17128,61.7541,3.09997,-0.508042,0.54221,8611.31,0
7.17779,61.6383,2.91978,-0.450499,0.288671,8587.37,0
7.18425,61.7339,2.98494,-0.549141,0.429995,8592.95,0
7.19076,61.7942,3.1076,-0.270414,0.517262,8593.56,0
7.19724,61.9091,3.15218,-0.234171,0.665716,8601.78,0
7.20371,62.2716,3.22587,-0.348861,1.23741,8644.38,0
7.21016,62.3919,3.30166,-0.336828,1.27323,8653.33,0
7.21666,62.2706,3.5231,-0.46392,0.876002,8628.72,0
7.22317,62.2573,3.84604,-0.620866,0.73603,8619.1,0
7.22961,62.4071,4.00687,-0.55141,0.892962,8632.15,0
7.23614,62.7374,4.13992,-0.620552,1.38035,8670,0
7.24264,62.924,4.16642,-0.597192,1.53096,8688,0
7.24914,62.9947,3.86793,-0.791231,1.43913,8689.95,0
7.25564,62.9865,4.0193,-0.60774,1.20901,8681.03,0
7.26214,62.9032,4.06194,-0.797065,0.898622,8661.79,0
7.26872,62.8252,4.57221,-0.827256,0.674935,8643.22,0
7.27525,62.7579,4.62829,-0.797792,0.481365,8626.22,0
7.28173,62.6644,4.77675,-0.921705,0.26452,8605.69,0
7.28821,62.6875,4.98334,-0.705303,0.296396,8601.23,0
7.29474,62.7409,5.06555,-0.57564,0.393447,8600.84,0
7.30129,62.965,5.53804,-0.692048,0.77236,8623.82,0
7.30781,63.0809,5.30628,-0.586103,0.841672,8631.98,0
7.31434,63.0035,5.36639,-0.458663,0.597914,8613.68,0
7.32089,63.1159,5.20297,-0.282363,0.750097,8621.35,0
7.32738,63.0564,5.03657,-0.586969,0.573462,8605.59,0
7.33387,62.9536,4.85657,-0.562604,0.338883,8583.96,0
7.34039,63.0218,4.62885,-0.657093,0.431845,8585.62,0
7.3469,63.3186,4.70043,-0.562183,0.959988,8618.41,0
7.35343,63.1729,4.58513,-0.566828,0.612637,8590.95,0
7.35994,63.271,4.44419,-0.64195,0.733014,8596.68,0
7.36642,63.33,4.56939,-0.624935,0.768049,8597.12,0
7.37295,63.3195,4.8421,-0.801949,0.63447,8588.09,0
7.37948,63.5636,5.08955,-0.823837,0.992551,8613.55,0
7.386,63.5776,5.15285,-0.640592,0.877891,8607.86,0
7.39249,63.5338,5.36005,-0.444403,0.688359,8594.36,0
7.39899,63.6067,5.15381,-0.412036,0.766899,8596.67,0
7.4055,63.5489,5.23678,-0.0372825,0.551645,8581.3,0
7.41202,63.4777,5.09878,0.17908,0.375581,8564.15,0
7.41851,63.5304,5.17776,-0.0404153,0.453271,8563.77,0
7.42496,63.4484,5.1827,-0.318378,0.275411,8545.28,0
7.4315,63.5891,5.24458,-0.438522,0.508879,8556.7,0
7.43797,63.8792,4.98652,-0.713654,0.976089,8588.26,0
7.44448,63.7764,5.01066,-1.02403,0.652433,8566.94,0
7.45099,63.6709,4.90452,-0.810021,0.412102,8545.29,0
7.45753,63.5543,4.90753,-0.784633,0.163674,8522.16,0
7.46402,63.9155,5.00422,-1.15903,0.81833,8563.16,0
7.47053,63.827,5.04326,-1.13352,0.578415,8543.83,0
7.47707,63.7756,5.04258,-0.945499,0.436256,8529.49,0
7.48354,63.9892,5.21262,-0.980827,0.795666,8550.66,0
7.49007,64.0299,5.62917,-1.41709,0.799699,8548.64,0
7.49656,63.8645,5.64792,-1.28553,0.386147,8519.17,0
7.50306,64.1164,5.6338,-1.22715,0.841801,8545.37,0
7.50957,63.9027,5.45529,-1.40581,0.353864,8509.5,0
7.51607,63.7947,5.61248,-1.39675,0.104351,8487.77,0
7.52258,63.8744,5.20659,-1.25469,0.245497,8491.02,0
7.5291,63.8969,5.22383,-1.28055,0.265511,8486.66,0
7.53566,63.7795,5.22901,-1.42497,0.0258854,8463.7,0
7.54224,63.9984,5.11528,-1.43932,0.44027,8485.34,0
7.54874,63.9963,5.7232,-1.26568,0.383362,8477.74,0
7.55525,64.0208,5.80266,-1.29827,0.408308,8473.68,0
7.56175,64.2918,5.92587,-1.14826,0.877568,8502.24,0
7.56826,64.4612,6.19408,-0.89752,1.09939,8517.31,0
7.57478,64.5637,5.92984,-0.861336,1.14037,8523.51,0
7.58134,64.596,5.94495,-0.504788,1.03907,8520.4,0
7.58783,64.6412,5.99674,-0.235513,1.00715,8519.06,0
7.59433,64.9239,5.89763,-0.0791702,1.38403,8549.01,0
7.6008,65.3071,5.95551,0.20468,1.87933,8592.14,0
7.6073,64.9457,6.0771,0.413971,0.915885,8537.29,0
7.61381,64.8955,6.24651,0.478113,0.714068,8523.38,0
7.62032,64.9156,6.28131,0.177537,0.669434,8518.75,0
7.62682,64.9702,6.19581,0.243282,0.729891,8518.64,0
7.63336,64.912,6.06705,0.45945,0.512028,8503.73,0
7.6399,65.1651,6.17549,0.671299,0.924945,8529.57,0
7.64638,65.0473,5.93709,0.634453,0.579096,8506.94,0
7.65289,65.156,5.69056,0.549286,0.732774,8513.91,0
7.65937,65.445,5.44183,0.76559,1.17122,8544.44,0
7.6659,65.4374,5.5518,0.844245,0.986837,8536.17,0
7.67241,65.6989,5.65335,0.826199,1.34121,8563.01,0
7.67891,65.922,6.01967,0.806825,1.56612,8584.82,0
7.6854,65.7817,6.01,0.694465,1.10622,8559.31,0
7.69188,66.1108,6.25735,0.638486,1.58061,8594.88,0
7.69837,65.8636,6.42616,0.381566,0.932734,8555.54,0
7.70492,65.8971,6.08678,0.577388,0.858234,8552.61,0
7.71142,66.3372,6.02607,0.470739,1.55817,8602.47,0
7.71789,66.4639,6.30014,0.651367,1.56115,8611.66,0
7.72443,66.4863,6.18671,0.629015,1.38051,8607.28,0
7.73091,66.2591,6.02248,0.856661,0.729468,8570.67,0
7.73743,66.3403,6.25624,0.751144,0.832106,8573.94,0
7.74396,66.1702,6.10875,0.80222,0.404986,8544.74,0
7.75048,66.2083,5.96945,0.577786,0.454845,8542.48,0
7.757,66.2038,6.19221,0.506848,0.410842,8534.72,0
7.76353,66.3427,6.17858,0.556327,0.640366,8545.44,0
7.77006,66.3227,6.11906,0.618981,0.5321,8535.67,0
7.77655,66.6373,6.11235,0.770803,1.06251,8569,0
7.78306,66.5139,5.90125,0.882403,0.70598,8545.97,0
7.78952,66.3146,6.09883,1.07121,0.267819,8513.31,0
7.79603,66.2986,5.92324,0.787243,0.214677,8504.14,0
7.80258,66.2419,6.24338,0.735532,0.0815713,8489.75,0
7.80906,66.2534,6.0313,0.864981,0.0923288,8484.18,0
7.81555,66.35,6.15345,0.774462,0.271443,8489.48,0
7.82203,66.4509,5.97521,1.09455,0.434795,8495.35,0
7.82851,66.7685,5.81882,0.933065,0.970434,8528.89,0
7.83497,66.7351,5.44164,0.935023,0.80845,8517.6,0
7.84151,66.8012,5.58125,1.09458,0.8682,8518.92,0
7.84806,66.8912,5.32027,1.43276,0.954733,8523.29,0
7.85454,66.7926,5.26359,1.50439,0.679356,8503.69,0
7.86105,67.0674,5.27423,1.65429,1.1193,8531.61,0
7.86754,66.8571,5.45862,1.53307,0.599704,8497.84,0
7.87406,66.5852,5.24833,1.57982,0.0405,8456.27,0
7.88057,66.6725,5.44034,1.9452,0.19085,8460.37,0
7.88706,66.5934,5.51283,1.95693,0.0240844,8443.37,0
7.89356,66.8009,5.57838,2.06112,0.400203,8462.71,0
7.90007,66.6889,5.70344,2.10852,0.138303,8441.55,0
7.90654,66.678,5.57018,2.21711,0.113815,8433.27,0
7.91299,66.6567,5.52567,2.3624,0.0630366,8423.7,0
7.91953,66.6806,5.68519,2.59803,0.107227,8419.76,0
7.92603,66.7823,5.84233,2.50082,0.292306,8425.7,0
7.93253,67.0678,5.85909,2.59167,0.801242,8454.78,0
7.93906,67.1641,5.59284,2.50497,0.871608,8459.95,0
7.94556,66.8178,5.49397,2.71002,0.141695,8409.46,0
7.95206,66.8329,5.49349,2.73127,0.159303,8404.48,0
7.95856,66.955,5.27737,2.94256,0.388523,8412.95,0
7.96511,67.2351,5.56008,2.66533,0.887253,8441.2,0
7.97158,67.2688,5.36572,2.7783,0.860885,8438.58,0
7.9781,67.2555,5.62818,3.0598,0.736987,8430.01,0
7.98463,67.2279,5.56078,3.02531,0.606431,8419.67,0
7.99112,67.2906,5.7779,2.98963,0.663531,8420.67,0
7.99767,67.5587,5.49068,2.91189,1.09613,8447.3,0
8.00421,67.778,5.81706,2.96988,1.38912,8467.79,0
8.01073,67.7235,5.40937,2.78304,1.10727,8454.1,0
8.01726,67.7717,5.6869,2.81898,1.04271,8453.23,0
8.02375,68.1048,5.60413,2.60034,1.46556,8487.91,0
8.03024,68.2367,5.44643,2.31169,1.53766,8497.46,0
8.03674,68.3941,5.41035,2.33696,1.61539,8510.18,0
8.04328,68.2563,5.34537,2.29975,1.10304,8486.13,0
8.04978,68.3021,5.17475,2.26548,1.04556,8484.96,0
8.05632,68.4162,5.0822,2.52013,1.10525,8492.24,0
8.06281,68.0707,5.25911,2.80583,0.353454,8442.55,0
8.06937,68.1515,4.85221,2.66447,0.472548,8445.7,0
8.07584,68.2884,4.75864,2.51099,0.683483,8455.9,0
8.08236,68.2356,4.89867,2.76841,0.486729,8442.54,0
8.08886,68.4367,4.85176,2.96604,0.829634,8460.61,0
8.09535,68.5609,4.69931,2.65748,0.984374,8469.17,0
8.10187,68.9977,4.8739,2.81263,1.69895,8516.27,0
8.10836,68.9387,4.79909,2.821,1.29161,8502.17,0
8.1149,68.9461,4.59463,2.94456,1.1541,8496.24,0
8.12137,68.8362,4.40485,2.96607,0.814612,8475.94,0
8.12786,69.1645,4.3178,2.85752,1.31409,8509.56,0
8.13439,69.106,4.54945,3.06075,1.00673,8495.53,0
8.14088,68.9612,4.81216,3.04773,0.650633,8470.97,0
8.14739,69.2803,5.00581,3.09497,1.18296,8503.37,0
8.15392,69.3783,5.01692,3.13265,1.20084,8508.59,0
8.16036,69.4606,5.20835,2.92374,1.20496,8511.95,0
8.16687,69.5891,5.30075,2.60335,1.29409,8520.91,0
8.17337,69.6371,4.93261,2.57959,1.17999,8519.99,0
8.17988,69.6285,4.96635,2.54411,1.01778,8512.17,0
8.1864,69.8123,4.81477,2.55425,1.25131,8527.84,0
8.19287,70.0199,4.79988,2.80179,1.44835,8546.44,0
8.1994,69.843,4.88052,2.63543,0.924269,8518.06,0
8.20591,70.0759,4.78147,2.76634,1.23979,8539.68,0
8.21246,69.9047,4.6715,2.51245,0.731619,8512.03,0
8.21893,70.1399,5.0892,2.7076,1.08166,8533.94,0
8.22542,70.1298,5.11466,2.77618,0.916021,8525.99,0
8.23192,70.0334,5.3007,2.7407,0.662299,8507.55,0
8.23843,70.1555,5.54288,2.6322,0.788859,8515.64,0
8.24494,70.0382,5.50078,2.60592,0.495844,8494.69,0
8.25146,70.091,5.62567,2.76817,0.553409,8494.38,0
8.25799,70.1697,5.65352,2.6612,0.645817,8497.19,0
8.26449,70.0929,5.44991,2.60928,0.41748,8481.2,0
8.27101,70.0892,5.84281,2.7451,0.386096,8474.08,0
8.27748,70.1527,6.12983,2.6735,0.466181,8475.12,0
8.28403,70.0486,6.31694,2.85231,0.239856,8455.86,0
8.29055,70.0494,6.42471,2.9343,0.231742,8449.31,0
8.29707,69.9934,6.40187,2.76405,0.111094,8435.91,0
8.30359,70.3422,6.6066,3.00484,0.769656,8471.3,0
8.31009,70.7598,6.65234,2.94154,1.43939,8514.93,0
8.31656,70.6296,6.72876,3.12072,0.961324,8492.65,0
8.32306,70.6308,6.62072,2.98033,0.848992,8486.15,0
8.32962,70.5023,6.69797,2.803,0.492052,8464.05,0
8.33617,70.481,6.62193,2.97483,0.413582,8454.85,0
8.34266,70.7055,6.78948,3.02286,0.806572,8475.18,0
8.34915,70.7125,6.49615,2.84158,0.74968,8469.42,0
8.35567,70.8316,6.64814,2.97082,0.914882,8477.07,0
8.36218,70.9411,6.7491,2.87312,1.0257,8483.56,0
8.36868,70.8775,6.55822,3.00279,0.807214,8469.38,0
8.37521,71.0896,6.7512,2.99712,1.11,8488.1,0
8.38172,71.1222,6.75758,2.98546,1.02665,8485.39,0
8.38821,71.3463,6.67271,3.05585,1.30826,8505.55,0
8.39475,71.2641,6.51328,3.01306,0.972832,8489.13,0
8.40123,71.2414,6.40252,3.20684,0.813375,8479.88,0
8.40773,71.5469,6.22182,2.72944,1.30461,8509.66,0
8.41423,71.3756,6.19181,2.86822,0.848755,8482.72,0
8.42076,71.6274,6.31132,2.81263,1.22332,8506.04,0
8.42729,71.5911,6.4417,2.49768,0.988412,8495.15,0
8.43376,71.316,6.41464,2.49114,0.332564,8456.02,0
8.44025,71.3511,6.20111,2.30447,0.377472,8453.67,0
8.44672,71.6752,6.31147,2.28104,0.954505,8485.57,0
8.45321,71.7542,6.34217,2.14413,1.00503,8488.4,0
8.45971,71.5523,6.41922,1.92716,0.528015,8458.01,0
8.46616,71.7878,6.57497,2.11035,0.92385,8479.38,0
8.47266,71.7894,6.4834,2.11226,0.80525,8473.06,0
8.47916,71.9059,6.38223,2.17578,0.911032,8480.31,0
8.48568,71.7848,6.55001,2.31371,0.551018,8459.52,0
8.4922,72.012,6.70539,2.74934,0.91102,8479.79,0
8.49871,72.0247,6.72725,2.74214,0.825841,8474.77,0
8.50518,72.0663,6.61325,2.49251,0.81193,8473.23,0
8.51166,72.0646,6.6156,2.59796,0.712852,8466.58,0
8.51816,72.0941,6.78437,2.64151,0.678723,8463.57,0
8.52469,72.244,7.01592,3.02316,0.872178,8474.68,0
8.53121,72.4166,6.78362,3.16065,1.11992,8488.44,0
8.53771,72.5844,6.82568,2.97111,1.25431,8501.63,0
8.54423,72.8708,6.70985,2.94691,1.63308,8528.65,0
8.55068,72.8745,6.65972,2.76136,1.41306,8522.66,0
8.55717,72.7955,6.50739,2.86193,1.08321,8506.96,0
8.56365,72.7464,6.56934,2.88694,0.847838,8494.8,0
8.57019,72.659,6.54255,3.07442,0.566278,8478.11,0
8.57666,72.4485,6.16718,3.07798,0.111019,8447.18,0
8.58319,72.5328,6.18791,3.08527,0.268064,8450.56,0
8.58973,72.5492,6.47947,2.99085,0.275064,8446.05,0
8.59622,72.6773,6.37591,2.79948,0.495077,8454.56,0
8.60272,72.7302,6.45003,2.76617,0.548878,8454.33,0
8.6092,72.7105,6.32235,2.92915,0.459134,8445.67,0
8.61569,72.7041,6.43629,2.96983,0.404672,8438.57,0
8.62222,72.872,6.40215,2.79571,0.694725,8451.66,0
8.62871,72.6607,6.59085,3.01085,0.215591,8420.81,0
8.63525,72.6546,6.91784,2.6701,0.176179,8413.72,0
8.64177,72.6445,7.03144,2.55068,0.154504,8406.21,0
8.64829,72.7445,7.04527,2.55397,0.33591,8411.42,0
8.65478,72.8508,6.83723,2.71616,0.533156,8417.4,0
8.66125,72.9237,6.78375,2.72707,0.604196,8419.54,0
8.66772,72.9518,6.80064,2.57141,0.569447,8416.49,0
8.67422,73.1722,6.84454,2.71512,0.943711,8435.6,0
8.68072,73.1289,6.85168,2.5993,0.770539,8424.29,0
8.68723,73.204,6.97859,2.41911,0.842597,8426.62,0
8.69374,73.1515,7.38457,2.19164,0.651082,8414.27,0
8.70028,73.1674,7.29501,2.41358,0.612836,8409.78,0
8.70679,73.2701,7.32663,2.47103,0.729042,8415.28,0
8.71325,73.4828,7.39453,2.07785,1.01655,8433.45,0
8.71976,73.4439,7.01303,2.21989,0.846646,8422.69,0
8.72629,73.711,7.4694,2.45986,1.2525,8447,0
8.73282,73.7937,7.36121,2.43214,1.2692,8450.16,0
8.73935,73.4878,7.46212,2.15785,0.545994,8408.84,0
8.74582,73.6639,7.29793,2.177,0.83395,8422.76,0
8.75234,73.8374,7.30785,2.31959,1.06118,8436.3,0
8.75882,73.7742,7.35,2.29068,0.830691,8422.85,0
8.76533,73.8988,7.02399,2.23362,0.961652,8430.81,0
8.77187,74.3533,7.01659,2.03135,1.7099,8476.33,0
8.77835,74.4781,7.15386,1.83782,1.64937,8484.29,0
8.78485,74.6084,6.86432,2.20076,1.66914,8492.84,0
8.79135,74.9208,6.74259,1.86796,1.99073,8522.11,0
8.79783,74.7569,6.86472,1.7647,1.34638,8497.2,0
8.80435,74.8469,6.93363,1.69985,1.34559,8501.13,0
8.81084,75.0013,6.71441,1.79452,1.42458,8512.39,0
8.81733,75.0921,6.81595,1.95448,1.40281,8516.42,0
8.82386,75.433,6.86896,1.81328,1.81144,8548.75,0
8.8304,75.5181,6.73955,1.49879,1.6642,8552.05,0
8.83695,75.4047,6.51231,1.75075,1.22055,8532.88,0
8.84351,75.3649,6.43227,1.77826,0.985826,8522.05,0
8.85005,75.5498,6.41591,1.91995,1.18621,8536.65,0
8.85655,75.5267,6.47569,2.12528,0.988014,8527.78,0
8.86304,75.4944,6.60892,2.17677,0.829727,8517.88,0
8.86953,75.4418,6.64019,2.02503,0.619275,8505.72,0
8.87605,75.6505,6.73725,1.82854,0.948931,8522.99,0
8.88254,75.8057,6.28568,1.76225,1.11688,8534.24,0
8.88901,75.859,6.25932,1.74048,1.0678,8534.02,0
8.89553,75.7233,6.23657,1.64987,0.657962,8512.51,0
8.90204,75.7715,6.00074,1.43088,0.70263,8511.7,0
8.90851,75.8291,6.05073,1.49544,0.751645,8511.99,0
8.91494,75.6587,6.11436,1.76003,0.354866,8486.73,0
8.92144,75.7224,6.11959,1.89044,0.454157,8487.69,0
8.92795,75.6706,6.19848,1.96871,0.309849,8475.7,0
8.93444,76.0775,6.05157,1.73605,1.05294,8515.09,0
8.94093,75.9617,6.02895,1.65614,0.738423,8495.95,0
8.94746,75.9989,6.07443,1.38611,0.749665,8493.92,0
8.95399,76.3304,6.29644,1.12588,1.28827,8524.73,0
8.96048,76.6289,6.13282,0.958394,1.64351,8551.87,0
8.96703,76.6895,5.89119,1.01266,1.48178,8552.39,0
8.97352,76.8204,5.97398,1.00509,1.4581,8560.79,0
8.98,76.9803,6.08562,1.28207,1.50231,8572.41,0
8.98654,77.2565,6.42123,1.13123,1.7677,8596.91,0
8.99305,77.4403,6.81297,1.02965,1.80875,8611.13,0
8.99956,77.3837,6.78817,1.09039,1.4178,8598.61,0
9.00603,77.4428,6.54057,1.16836,1.32904,8598.99,0
9.01257,77.2799,6.55413,1.28901,0.846612,8574.69,0
9.01909,77.2993,6.93655,1.50307,0.786808,8570.63,0
9.02561,77.323,6.94385,1.55212,0.70021,8567.06,0
9.03211,77.5566,6.78979,1.7791,1.0555,8586.77,0
9.03862,77.6809,6.75214,2.05834,1.1654,8594.33,0
9.04513,77.7899,6.39751,1.97493,1.22894,8600.19,0
9.05167,77.9494,6.62656,1.69558,1.35932,8611.61,0
9.05817,77.7467,6.63412,2.05356,0.812365,8583.05,0
9.06464,77.8586,5.99445,1.94042,0.948616,8589.27,0
9.07117,77.7407,5.91346,1.76814,0.623466,8570.08,0
9.0777,78.0081,6.0493,1.61446,1.07715,8593.38,0
9.08423,78.0814,6.30563,1.93737,1.04951,8595.27,0
9.09073,78.0435,6.60637,1.79248,0.881638,8584.96,0
9.09723,78.1207,6.8548,2.07125,0.943863,8587.31,0
9.10372,78.3063,6.47451,2.15321,1.15349,8601.57,0
9.11024,78.1219,6.31665,2.3838,0.676931,8575.18,0
9.11675,78.1771,6.11344,2.13292,0.71333,8575.1,0
9.12328,78.1801,5.98566,2.09302,0.638256,8569.3,0
9.1298,78.2835,5.98572,1.98393,0.759419,8574.5,0
9.13638,78.0202,5.76646,2.00107,0.195526,8539.51,0
9.14291,78.0534,5.87556,2.02885,0.256079,8537.05,0
9.14938,78.1459,6.11138,2.10359,0.40966,8541.11,0
9.1559,78.1258,6.25661,2.32069,0.337194,8532.84,0
9.16241,78.0404,6.1775,2.24012,0.154272,8517.46,0
9.16892,78.145,6.50141,2.21411,0.346595,8522.82,0
9.17535,78.164,6.49068,2.20836,0.371337,8518.91,0
9.18184,78.1166,6.7084,2.37057,0.232192,8507.73,0
9.1883,78.182,6.62464,2.40499,0.35179,8508.86,0
9.19484,78.2491,6.46699,2.52338,0.451879,8510.11,0
9.20133,78.3578,6.48723,2.64542,0.621197,8515.93,0
9.20785,78.3307,6.80996,2.57854,0.524691,8506.95,0
9.21431,78.6531,6.91446,2.80027,1.07825,8535.96,0
9.22087,78.8053,6.9889,2.33203,1.2254,8546.41,0
9.22735,78.9843,6.76257,2.33848,1.35801,8559.8,0
9.23386,78.8482,6.94486,2.35706,0.942433,8539.03,0
9.24035,78.9833,7.26188,2.13962,1.08155,8547.65,0
9.24686,79.2038,7.27601,2.46427,1.32125,8565.48,0
9.25337,79.1086,7.18211,2.36731,0.983285,8549.17,0
9.25981,78.9288,7.31556,2.3301,0.532236,8523.8,0
9.26633,79.2171,7.42734,2.34492,1.0461,8548.92,0
9.27281,79.2833,7.24458,2.42548,1.05228,8550.08,0
9.27931,78.987,7.31789,2.30586,0.393373,8512.16,0
9.2858,79.0304,7.39568,2.31673,0.427564,8510.89,0
9.2923,79.2001,7.31381,2.05892,0.70725,8523.19,0
9.29883,79.0479,7.47582,2.10387,0.33885,8500.84,0
9.30533,79.1508,7.66191,2.38512,0.51492,8505.96,0
9.31181,79.233,8.07561,2.41738,0.610845,8508.87,0
9.31826,79.5109,8.04025,2.45649,1.00477,8532.8,0
9.32473,79.3436,7.94243,2.34872,0.546444,8508.94,0
9.33126,79.4876,8.07002,2.3684,0.737641,8518.43,0
9.33773,79.4195,8.27964,2.33516,0.534504,8505.22,0
9.34426,79.5551,8.4237,2.31663,0.744688,8513.79,0
9.35074,79.5493,8.51895,2.21306,0.641779,8507.27,0
9.35726,79.7687,8.12679,2.0776,0.993187,8524.8,0
9.36372,79.8129,8.45746,1.84975,0.962554,8523.64,0
9.37019,79.5555,8.45679,1.77993,0.380464,8490.27,0
9.37666,79.4588,8.38937,1.86195,0.173776,8474.1,0
9.38318,79.5613,8.46614,1.89175,0.367646,8479.14,0
9.38972,79.6615,8.27454,1.91488,0.549466,8483.9,0
9.39623,79.8186,8.58567,2.08191,0.770576,8494.75,0
9.40273,79.786,8.9511,2.02473,0.638579,8485.41,0
9.40922,79.8897,9.20385,1.92806,0.787961,8490.57,0
9.41574,80.0705,9.51081,2.09083,1.03307,8503.89,0
9.42225,80.3587,9.61293,2.52358,1.4457,8528.61,0
9.42874,80.1146,9.45871,2.61873,0.82295,8496.85,0
9.4353,79.9345,9.28393,2.70338,0.398724,8471.85,0
9.44181,79.775,9.03178,2.73982,0.0626488,8449.12,0
9.44831,79.8659,8.84033,2.80967,0.229336,8452.93,0
9.45482,79.9977,8.73055,2.89083,0.464993,8461.05,0
9.46132,80.2343,8.78989,2.7891,0.861751,8480.25,0
9.46781,80.3263,8.43962,2.65091,0.919069,8484.14,0
9.47434,80.4718,8.38177,2.40881,1.07376,8493.66,0
9.48086,80.6465,8.27675,2.48384,1.24853,8506.24,0
9.48737,80.6137,8.22489,2.57153,1.02902,8496.96,0
9.49385,80.6015,8.22693,2.39379,0.873569,8489.87,0
9.50037,80.4643,8.36212,2.50018,0.520503,8469.6,0
9.50689,80.2157,8.33121,2.47754,0.00655236,8437.64,0
9.51338,80.2413,8.15489,2.43725,0.0544114,8434.57,0
9.5199,80.2706,8.22429,2.49018,0.106505,8431.88,0
9.52639,80.4286,8.21424,2.60953,0.397916,8442.71,0
9.53287,80.4071,8.10481,2.60361,0.324703,8434.72,0
9.53937,80.6911,7.90225,2.47749,0.855198,8458.74,0
9.54592,81.033,7.77527,2.12523,1.36205,8488.76,0
9.55242,81.0797,7.51863,1.9219,1.32739,8487.87,0
9.55893,80.7328,7.41917,1.47703,0.53137,8445.79,0
9.56549,80.6944,7.25055,1.45388,0.411717,8435.99,0
9.57197,80.7836,7.08503,1.46452,0.54934,8439.61,0
9.5785,80.7579,7.18927,1.62058,0.462291,8431.16,0
9.58501,80.6925,6.93761,1.48193,0.293465,8418.62,0
9.59155,80.7721,7.20865,1.5812,0.424327,8421.17,0
9.59805,80.9056,6.94298,1.60629,0.629341,8429.38,0
9.60455,81.0995,6.9799,1.80355,0.941225,8443.86,0
9.61106,81.1792,7.1508,1.91055,0.997316,8446.44,0
9.61757,81.2283,7.33266,1.96829,0.986963,8445.83,0
9.62409,81.1878,7.45403,2.15874,0.800124,8435.9,0
9.63061,81.6202,7.45017,1.78455,1.51083,8475.08,0
9.63714,81.8636,7.30102,1.67255,1.70882,8494.6,0
9.64361,81.9975,7.31807,1.76413,1.66456,8502.77,0
9.65011,82.1018,7.46839,1.79507,1.63022,8507.87,0
9.65661,81.972,7.12318,1.86945,1.16875,8488.69,0
9.66314,81.6404,6.81731,2.03073,0.378586,8448.64,0
9.66966,81.6751,6.67503,2.08176,0.42256,8446.54,0
9.67618,81.6061,6.56283,2.09239,0.27102,8433.71,0
9.68267,81.5438,6.39708,2.04238,0.136193,8421.62,0
9.68914,81.743,6.13053,2.21073,0.503896,8436.57,0
9.69566,81.7415,5.74126,2.3964,0.472195,8430.73,0
9.70218,82.0123,5.79602,2.34685,0.890158,8452.98,0
9.70869,81.7864,5.80595,2.32174,0.369823,8424.04,0
9.71525,81.8331,5.83037,2.61199,0.397492,8423.16,0
9.72176,81.8464,5.51078,2.49413,0.392248,8418.89,0
9.72833,81.7827,5.47676,2.521,0.237059,8406.65,0
9.73482,81.8696,5.23133,2.62059,0.391045,8409.98,0
9.74131,82.1869,5.29118,2.97235,0.944742,8436.95,0
9.74785,82.2416,4.85975,2.72561,0.929559,8436.9,0
9.75437,82.2195,5.20876,2.55291,0.802478,8428.99,0
9.76089,82.4629,5.16605,2.40212,1.20125,8448.29,0
9.76742,82.2525,4.78485,2.6321,0.673796,8421.11,0
9.77394,82.1869,4.69216,2.33889,0.490204,8408.78,0
9.78049,82.538,4.94296,1.95537,1.05497,8439.05,0
9.78703,82.8197,4.88075,1.81665,1.45623,8462.19,0
9.79353,82.8763,4.85104,1.86288,1.35124,8462.35,0
9.80004,82.6751,4.51388,2.05938,0.807461,8436.2,0
9.80658,82.417,4.34125,1.81388,0.236061,8404.26,0
9.81308,82.4323,4.48666,1.8785,0.257323,8400.25,0
9.81956,82.436,4.73864,2.01983,0.244201,8395.08,0
9.82603,82.3877,4.65441,2.2081,0.135853,8384.64,0
9.83251,82.4046,4.6632,2.00624,0.161048,8380.84,0
9.83899,82.3516,4.62029,1.88471,0.0517602,8369.92,0
9.84554,82.4777,4.66267,1.95163,0.292905,8377.16,0
9.85203,82.4909,4.76878,1.95581,0.307304,8372.99,0
9.85854,82.6714,4.77782,1.72515,0.615071,8385.77,0
9.86502,82.8065,4.93204,1.60389,0.79995,8393.96,0
9.87153,82.6376,4.93533,1.7138,0.398231,8371.3,0
9.87806,82.789,5.15816,1.71295,0.647473,8381.11,0
9.88459,82.8129,5.2655,1.74199,0.619161,8377.98,0
9.89112,82.8016,5.17625,1.83748,0.554135,8371.31,0
9.89765,82.9185,5.27458,1.972,0.699326,8377.6,0
9.90415,82.8818,5.43582,1.82088,0.548839,8368.39,0
9.91067,82.7752,5.52457,1.7267,0.315178,8352.13,0
9.91715,82.6611,5.53908,1.87409,0.0825167,8335.16,0
9.92367,82.6298,5.52839,1.9324,0.0183172,8326.53,0
9.9302,82.9245,5.64996,1.76312,0.589946,8350.74,0
9.9367,82.9687,5.46966,1.93516,0.619746,8349.72,0
9.94324,82.9441,5.579,1.8753,0.524364,8341.76,0
9.94977,83.1433,5.52175,1.67613,0.855656,8356.31,0
9.95633,83.4128,5.41544,1.73766,1.23269,8377.86,0
9.96283,83.2513,5.00258,1.53728,0.770321,8356.19,0
9.96937,83.4895,4.99079,1.69912,1.13914,8374.61,0
9.97587,83.4201,4.84474,1.74728,0.87825,8362.19,0
9.98238,83.5266,4.98224,1.69551,0.995016,8367.4,0
9.98887,83.5985,5.01654,1.55525,1.01373,8369.17,0
9.99538,83.6547,4.95095,1.4342,1.01195,8369.34,0
10,83.763,4.80276,1.43515,1.12249,8376.3,0
