1.26932,3623.05,-51.6341,-23.6635,1.01366,-21235.2,0
2.54992,3635.91,-71.213,-67.2696,0.245119,-5524.73,0
3.82718,3594.77,-91.9634,-90.5971,1.3496,-14432,0
5.09965,3570.37,-72.6766,-83.1047,2.48338,-15613.8,0
6.38401,3573.17,-78.6315,-63.1251,2.29738,-12034.5,0
7.65872,3577.57,-73.0183,-73.7057,1.88744,-9456.69,0
8.91914,3579.13,-44.9353,-114.741,1.40948,-7946.3,0
10.1973,3595.16,-48.6012,-107.266,0.798888,-5378.1,0
11.4701,3593.17,-39.9337,-130.687,0.666334,-4954.92,0
12.7447,3582.77,-37.0339,-124.273,1.19534,-5274.95,0
14.0187,3606.28,-29.2049,-117.107,0.333002,-3118.79,0
15.2836,3604.41,-50.8313,-83.7113,0.62966,-2983.21,0
16.5588,3589.71,-30.1031,-69.5441,1.45815,-3641.25,0
17.8384,3557.63,-46.0893,-52.845,2.92244,-5178.22,0
19.118,3563.17,-34.5365,-64.2439,2.09449,-4541.75,0
20.3994,3576.16,-16.8187,-81.1917,1.238,-3619.67,0
21.6638,3572.72,-10.5193,-90.1228,1.23195,-3567.34,0
22.9412,3577.9,-20.5602,-101.786,0.820199,-3142.8,0
24.2214,3578.79,-9.82071,-71.1735,1.2326,-2939.87,0
25.5061,3583.09,12.5319,-94.2026,0.665858,-2623.1,0
26.7747,3576.07,-15.3516,-65.7689,1.35153,-2761.22,0
28.0617,3573.5,1.98859,-71.8324,1.33621,-2726.15,0
29.3308,3571.72,22.2386,-57.2452,1.53541,-2668.82,0
30.5999,3577.36,4.6858,-83.9063,0.905697,-2373.85,0
31.8687,3564.6,-32.2817,-75.8015,1.45408,-2679.82,0
33.1396,3535.16,-4.52168,-79.2181,2.8783,-3465.47,0
34.4291,3547.34,34.9432,-99.1683,1.45926,-2981.87,0
35.7154,3535.21,45.2178,-71.6647,2.38994,-3213.93,0
36.9905,3524.38,55.4915,-109.271,1.83226,-3396.12,0
38.2668,3493.02,62.0168,-122.378,2.6102,-4102.14,0
39.552,3498.93,56.7374,-117.373,2.34221,-3819.4,0
40.8291,3495.76,40.4323,-117.792,2.45396,-3777.69,0
42.0998,3524.56,1.09293,-129.183,0.754003,-2979.48,0
43.3698,3499.6,2.48494,-153.205,1.15931,-3467.95,0
44.6498,3480.41,-9.92097,-159.758,1.95861,-3798.29,0
45.9255,3480.63,-30.9516,-173.509,0.975797,-3687.86,0
47.2051,3487.54,-31.3185,-173.005,0.545359,-3441.48,0
48.491,3449.99,-16.796,-200.764,1.2295,-4124.78,0
