1.28734,3652,-13.6795,53.9174,0.0179672,1557.32,0
2.56941,3625.79,12.3472,3.53797,1.12039,-9423.68,0
3.84758,3592.62,16.9969,-35.3465,2.38225,-14912.6,0
5.12195,3572.45,7.60228,-34.7725,3.09546,-15140.5,0
6.4,3590.14,15.9688,-4.18521,2.01746,-9353.36,0
7.6772,3584.21,28.9119,-13.6525,2.16485,-8569.19,0
8.95251,3618.04,23.4528,-15.0488,0.528101,-3570.24,0
10.2223,3588.77,28.54,2.43454,1.82676,-5989.51,0
11.4933,3577.57,19.2842,16.6976,2.30918,-6302.13,0
12.7726,3573.41,21.9394,-12.8689,2.29771,-5996.69,0
14.053,3592.58,17.7452,-37.7795,1.07528,-4086.24,0
15.3205,3601.5,38.3065,-52.8501,0.446737,-3165.8,0
16.5955,3592.32,-0.492054,-45.9978,1.02564,-3475.59,0
17.8609,3579.14,-1.58535,-77.8215,1.23861,-3967.57,0
19.1308,3562,9.49242,-98.5325,1.57383,-4599.84,0
20.4039,3555.84,26.7054,-83.7615,1.91061,-4615.02,0
21.6811,3519.7,29.7937,-93.2714,3.24836,-6009.8,0
22.9509,3519.8,32.7975,-69.6596,3.34516,-5672.98,0
24.2354,3494.98,37.5013,-76.7393,3.89561,-6396.32,0
25.516,3496.35,52.3126,-74.8142,2.9994,-6021.72,0
26.7924,3501.12,40.8402,-82.6786,2.34519,-5556.61,0
28.0604,3499.47,20.453,-91.3865,2.16955,-5364.34,0
29.3322,3497.12,0.399703,-84.2506,2.45584,-5211.97,0
30.6175,3506.88,1.83092,-81.2716,1.63296,-4674.47,0
31.8934,3479.82,13.9629,-89.0247,2.68332,-5336.03,0
33.1775,3475.37,-0.797784,-112.16,1.69414,-5263.58,0
33.5669,3449.97,-3.95792,-108.871,3.15507,-5959.12,0
