1.2649,3621.58,-68.8706,115.205,0.449634,-22468.7,0
2.54032,3630.18,-69.3873,109.847,0.183964,-7803.72,0
3.81268,3595.19,-84.9886,83.13,1.54913,-14375.6,0
5.08655,3600.31,-108.964,68.2893,1.24588,-9769.32,0
6.36162,3600.28,-70.0651,55.0822,1.63995,-7815.23,0
7.62944,3611.52,-71.9248,61.4911,1.10737,-5043.5,0
8.9072,3604.62,-99.2946,51.2659,1.11933,-5094.65,0
10.1756,3582.58,-116.973,48.954,1.7096,-6625.73,0
11.45,3582.33,-87.0817,73.6593,1.81145,-5909.72,0
12.7201,3613.52,-65.877,107.618,0.372634,-2868.13,0
14.0066,3614.67,-32.2289,116.9,0.361253,-2522.58,0
15.2836,3591.61,-24.6646,150.609,0.909482,-3820.45,0
16.554,3604.25,0.861472,146.865,0.45618,-2763.54,0
17.8317,3615.88,13.0165,129.731,0.218869,-1913.25,0
19.1003,3589.06,40.0029,122.163,1.24639,-3190.59,0
20.3804,3613.33,40.806,116.074,0.366443,-1799.38,0
21.6518,3585.91,78.6023,103.183,1.27347,-2960.19,0
22.9264,3592.32,57.8753,56.557,1.61013,-2515.93,0
24.1927,3581.42,54.5371,42.6023,2.10495,-2834.88,0
25.4632,3575.89,42.7869,65.8639,2.01852,-2910.59,0
26.733,3562.68,18.7426,92.2932,2.22171,-3266.33,0
28.0087,3561.41,-12.3144,115.984,1.76113,-3162.99,0
29.2841,3561.18,-28.7625,100.046,1.86519,-3033.15,0
30.5515,3544.88,-46.5325,94.4658,2.4696,-3440.63,0
31.8213,3548.36,-23.0599,62.6847,2.93718,-3194.02,0
33.0959,3536.76,-24.629,71.5951,2.90707,-3421.42,0
34.3858,3529.37,-43.0362,69.9576,2.80747,-3508.22,0
35.6564,3532.66,-52.7633,77.4307,2.02683,-3290.73,0
36.9334,3532.42,-40.3867,78.4089,2.09168,-3183.63,0
38.2183,3524.38,-50.4187,127.693,1.2689,-3287.03,0
39.4868,3476.47,-94.8955,139.486,2.35434,-4394.59,0
40.6644,3449.96,-148.783,168.785,0.956403,-4919.23,0
