1.27007,3626.46,-80.2462,-8.07573,0.65392,-18537.9,0
2.5379,3613.34,-63.4026,-27.5113,1.23412,-14445.7,0
3.82418,3596.5,-67.3262,-38.5317,1.73983,-13989,0
5.10283,3627.14,-64.1904,-14.0319,0.601667,-4480.06,0
6.36319,3641.18,-54.577,1.91965,0.149487,-1386.72,0
7.64332,3622.24,-53.5807,-17.3114,0.827067,-3631.51,0
8.92476,3612.1,-81.6968,-23.0255,0.953426,-4246.96,0
10.2014,3604.81,-99.629,-30.0569,1.0159,-4429.87,0
11.4769,3595.86,-84.9401,-25.4135,1.51238,-4717.69,0
12.7582,3605.63,-104.581,-9.5217,0.91605,-3477.92,0
14.036,3621.33,-107.784,-2.46378,0.316189,-2042.73,0
15.3223,3617.81,-108.039,-56.3123,0.273733,-2100.69,0
16.6102,3588.07,-67.9218,-68.3707,1.62314,-3728.36,0
17.8775,3593.3,-50.2907,-42.6411,1.66385,-3171.68,0
19.1661,3588.08,-61.6283,-39.0781,1.7397,-3230.53,0
20.4431,3586.24,-84.3081,-46.1278,1.44651,-3118.9,0
21.7245,3592.29,-64.1104,-17.3328,1.46633,-2656.67,0
22.9875,3605.26,-82.6315,19.9594,0.672283,-1946.11,0
24.2548,3576.05,-134.838,20.7733,1.22467,-3048.73,0
25.5204,3578.04,-129.758,12.719,1.17228,-2819.66,0
26.7933,3574.19,-104.829,3.33773,1.6728,-2829.36,0
28.0694,3595.72,-116.352,-7.67559,0.529714,-1933.79,0
29.346,3571.38,-105.146,-13.4022,1.59106,-2679.02,0
30.6212,3577.78,-106.077,-3.61398,1.22452,-2358.34,0
31.8938,3592.21,-136.218,17.4634,0.117472,-1812.09,0
33.1681,3578.96,-133.687,35.3169,0.565004,-2141.69,0
34.4502,3540.06,-125.395,86.0359,2.04205,-3191.37,0
35.7331,3547.47,-125.041,91.7761,1.47964,-2869.41,0
37.0027,3556.19,-82.9468,61.1613,2.04563,-2535.16,0
38.278,3533.55,-86.3467,61.8555,2.77642,-3042.18,0
39.5507,3537.64,-98.9804,74.3932,1.95519,-2840.79,0
40.8326,3507.89,-115.643,67.7113,2.73762,-3480.25,0
42.1126,3510.68,-118.144,30.0647,2.7592,-3308.37,0
43.3927,3515.45,-119.4,26.4933,2.24585,-3100.71,0
44.6719,3513.59,-105.684,38.1929,2.38589,-3053.49,0
45.9551,3554.93,-96.7774,22.7875,0.636349,-2068.79,0
47.2275,3558.6,-91.6038,-12.6583,0.577481,-1935.27,0
48.4965,3554.11,-66.6154,-4.64467,1.31191,-1977.18,0
49.7825,3547.96,-93.6667,-14.2801,1.00859,-2049.71,0
51.0631,3537.54,-133.505,-44.2083,0.505186,-2202.35,0
52.3425,3556.59,-85.1595,-45.5472,0.638587,-1784.59,0
53.6174,3540.63,-86.32,-27.9906,1.50261,-2039.82,0
54.8819,3554.78,-61.5426,-36.3846,1.16456,-1734.94,0
56.1511,3523.53,-54.1553,-13.0582,3.23246,-2252.34,0
57.4319,3531.28,-62.4798,-11.2089,2.11697,-2067.16,0
58.7128,3540.74,-94.1627,14.5568,0.653542,-1860.95,0
59.9904,3506.29,-108.889,-1.87283,1.83489,-2395.47,0
61.2635,3503.31,-125.417,14.0454,1.199,-2394.4,0
62.5377,3499.72,-101.262,-17.7895,2.08512,-2403.1,0
63.8138,3519.4,-93.4209,-17.1697,1.16256,-2046.59,0
65.0889,3514.39,-51.6539,-46.2179,2.29262,-2083.42,0
66.371,3525.04,-53.3967,-38.3556,1.4895,-1882.73,0
67.6359,3499.12,-75.8483,-46.6835,2.11107,-2230.84,0
68.9165,3474.49,-85.1937,-36.8404,3.20004,-2546.72,0
70.1957,3490.33,-85.6675,-49.537,1.56389,-2274.67,0
71.4694,3467.58,-70.103,-37.299,3.44463,-2552.4,0
72.7472,3490.75,-74.2789,-27.7759,1.72294,-2189.09,0
74.0219,3485.09,-92.7222,-34.5444,1.06317,-2227.88,0
75.3001,3469.39,-126.565,-54.0129,0.056537,-2398.51,0
76.5736,3460.96,-110.044,-48.1054,1.36807,-2468.72,0
77.8461,3464.97,-115.141,-53.0536,0.836147,-2376.88,0
78.3285,3450,-105.915,-41.1119,2.33255,-2553.38,0
