1.27833,3612.04,-35.0636,-55.1087,1.24582,-29691.4,0
2.55456,3632.84,8.75812,-44.0659,0.547242,-6716.85,0
3.83727,3625.53,20.1487,-8.20869,0.912979,-6375.99,0
5.13009,3613.3,1.8963,18.7225,1.415,-7153.86,0
6.40544,3580.95,24.9025,31.4844,2.66856,-10779.6,0
7.68343,3563.03,29.8803,60.7286,2.90254,-11319.5,0
8.96331,3553.21,29.8865,73.1458,2.692,-10798.4,0
10.2377,3565.1,5.62557,87.2927,1.80934,-8293.34,0
11.5148,3568.64,-10.7347,67.9132,1.88248,-7066.02,0
12.7877,3584.04,16.9541,53.9894,1.21327,-5158.25,0
14.0664,3581.56,49.5284,30.882,1.24252,-4865.83,0
15.3535,3579.91,61.8852,-12.6953,1.24497,-4565.34,0
16.6354,3566.24,60.5218,17.9097,1.90492,-5035.08,0
17.9153,3548.07,63.0071,-17.1103,2.62556,-5689.32,0
19.1913,3538.02,58.8343,-15.9449,2.95044,-5835.15,0
20.4681,3526.67,25.9677,-39.1641,3.46944,-6025.31,0
21.7401,3507.28,-5.95228,-49.9107,4.29807,-6564.93,0
23.0129,3485.4,-15.8274,-58.9355,4.46968,-7152.4,0
24.2871,3487.54,-4.87385,-54.0676,3.92297,-6689.2,0
25.5658,3490.55,-18.7383,-54.1237,2.76384,-6236.86,0
26.8493,3477.96,-27.7182,-32.9427,4.63912,-6407.51,0
28.1228,3484.82,-17.9087,-38.3663,3.2413,-5873.44,0
29.3924,3468.9,-12.2785,-70.2783,1.75987,-6161.43,0
30.6703,3462.27,21.0053,-68.5941,2.07334,-6121.02,0
30.9645,3449.96,37.7543,-67.2876,2.39808,-6460.26,0
