1.26804,3610.36,11.7711,-0.976405,1.56739,-31259.2,0
2.54358,3632.93,40.3655,1.64851,0.517421,-6709.65,0
3.82402,3623.11,72.555,-12.3737,0.688318,-7030.72,0
5.10212,3596.98,59.6095,-23.9722,1.72523,-10392.4,0
6.36916,3572.71,22.2787,-18.7699,2.92847,-12135.4,0
7.64322,3569.09,22.7934,-13.7315,2.63486,-10585.7,0
8.91533,3533.53,44.0629,-28.6396,3.97849,-13064.4,0
10.2016,3566.65,33.8403,-21.8495,1.55893,-8169.91,0
11.4842,3582.2,33.7542,17.1484,0.690584,-5904.05,0
12.7572,3565.96,8.24531,16.743,1.73937,-6587.81,0
14.0347,3554.43,-33.0314,-16.6978,2.16796,-6809.7,0
15.3078,3565.34,-30.593,-19.8982,1.28779,-5530.48,0
16.5849,3577.94,-10.6268,-10.5708,0.68423,-4344.65,0
17.8645,3561.98,-17.3719,-13.3825,1.60915,-4927.28,0
19.1398,3557.89,-11.809,-21.4318,1.61762,-4812.6,0
20.4192,3555.77,0.244321,18.5325,1.76496,-4614.83,0
21.696,3533.6,35.3089,34.372,2.57167,-5365.11,0
22.9632,3517.43,36.0639,13.6601,3.91222,-5773.08,0
24.2411,3513.98,15.6385,8.5999,4.39893,-5611.03,0
25.5154,3521.44,47.5702,-7.67899,1.0139,-5038.5,0
26.7924,3520.88,44.141,-12.5987,1.12463,-4819.45,0
28.0648,3499.77,65.282,-5.44357,1.69889,-5353.01,0
29.3388,3481.9,65.7131,6.94519,2.58759,-5729.5,0
30.6179,3473.99,45.2078,-2.68134,4.23203,-5748.47,0
31.8884,3485.99,41.1844,12.496,2.57391,-5143.33,0
33.1527,3455.21,41.0194,54.2892,2.57778,-5875.47,0
33.2501,3449.97,41.2348,50.3379,3.18338,-6015.9,0
