1.28007,3638.84,3.10051,-55.5236,0.577356,-8716.39,0
2.55834,3607.44,18.577,-44.1348,1.77298,-16637.2,0
3.84086,3617.79,10.8954,-48.2893,1.22678,-8387.13,0
5.12491,3607.81,13.2133,-74.6934,1.36479,-8232.46,0
6.39623,3607.22,-4.81493,-63.6778,1.44625,-6689.08,0
7.66182,3613.28,-25.9266,-60.4856,1.16483,-4792.78,0
8.93581,3627.62,-44.4428,-42.7573,0.621309,-2505.05,0
10.2211,3555.26,-56.5581,-27.0233,3.65345,-9269.57,0
11.4976,3562.72,-52.2363,-20.6199,2.78647,-7591.31,0
12.771,3551.79,-51.1521,-40.6707,2.78082,-7690.08,0
14.0507,3562.16,-40.458,-41.3882,2.06829,-6251.87,0
15.3393,3539.76,-34.7601,-23.9417,3.45655,-7187.05,0
16.6113,3544.88,-17.8175,6.99544,3.18312,-6328.39,0
17.8731,3530.46,-27.6475,0.653778,3.68389,-6688.42,0
19.1487,3543.07,-45.0475,-10.2996,1.53895,-5583.98,0
20.4285,3531.63,-50.2092,3.44209,2.12471,-5794.55,0
21.705,3530.17,-66.3451,-15.8565,1.47632,-5520.66,0
22.9783,3516.88,-94.4856,-37.7369,1.11275,-5793.1,0
24.2549,3510.23,-115.663,-29.6364,0.906039,-5762.41,0
25.518,3514.81,-96.6974,-35.1519,1.10078,-5297.93,0
26.792,3506.15,-63.5408,-30.2697,2.68893,-5369.17,0
28.0737,3493.95,-88.2844,-35.8443,2.08759,-5558.64,0
29.3463,3489,-127.165,-27.813,0.786427,-5486.35,0
30.6235,3463.38,-139.331,-2.18867,1.53097,-6094.11,0
31.908,3460.72,-138.261,8.81204,1.5865,-5932.11,0
32.0794,3449.96,-134.254,9.17066,2.36787,-6235.75,0
