1.28179,3627.03,29.4466,-12.4387,0.825891,-17921.5,0
2.55803,3617.52,15.4066,-49.7914,1.10125,-12698.5,0
3.83007,3614.45,3.39585,-66.3567,1.05007,-9281.78,0
5.11285,3598.25,21.9228,-76.2608,1.50668,-10122.2,0
6.38485,3593.01,29.8808,-57.4749,1.81853,-8925.76,0
7.6669,3630.3,40.0244,-48.4268,0.27639,-2569.73,0
8.94352,3617.42,36.064,-50.5751,0.761377,-3643.06,0
10.2219,3610.74,93.0415,23.4588,0.716945,-3840.79,0
11.5046,3607.78,79.0115,29.0389,0.91275,-3669.78,0
12.7727,3603.62,79.2444,53.3446,0.932172,-3631.29,0
14.0515,3581.23,62.1474,20.8505,2.11283,-4894.48,0
15.3241,3560.86,73.5294,21.3016,2.70246,-5816.97,0
16.6004,3569.19,120.377,0.140838,1.4033,-4868.13,0
17.8848,3570.26,125.997,-13.1312,1.18624,-4458.73,0
19.1648,3576.9,135.075,29.7392,0.717593,-3814.15,0
20.4282,3544.05,119.641,54.2445,2.18832,-5186.67,0
21.7077,3549.51,117.877,51.1946,1.83436,-4629.11,0
22.9916,3569.45,86.6258,32.166,1.4935,-3503.57,0
24.2625,3593.93,61.57,48.3886,0.609453,-2311.13,0
25.5427,3572.74,38.7627,29.581,1.95168,-3024.66,0
26.8152,3567.15,29.6417,28.4142,2.2453,-3089.63,0
28.0944,3582.33,55.2308,12.9512,1.16661,-2408.82,0
29.3752,3571.08,34.4378,-5.0916,1.87225,-2686.48,0
30.6424,3575.99,51.8278,15.1394,1.28562,-2415.29,0
31.9197,3593.66,33.4369,59.2714,0.229461,-1765.09,0
33.1959,3561.36,34.2662,66.641,1.63479,-2670.11,0
34.4694,3548.94,51.0367,120.301,1.02823,-2931.79,0
35.744,3560.73,25.9783,130.149,0.448532,-2497.61,0
37.0204,3535.54,15.0313,154.551,1.0881,-3091.77,0
38.2972,3533.55,20.9812,148.077,1.32495,-3040.81,0
39.5818,3556.14,-4.23849,152.17,0.150844,-2371.38,0
40.8473,3532.34,-12.633,139.136,1.41317,-2880.47,0
42.138,3568.19,-17.2872,108.555,0.29594,-1941.58,0
43.4127,3531.69,-35.237,155.943,0.906137,-2725.22,0
44.6906,3532.82,-63.4079,112.025,1.61265,-2622.1,0
45.9683,3551.03,-95.217,92.5836,0.63915,-2152.94,0
47.2461,3538.77,-70.5446,55.7476,2.10687,-2354.36,0
48.5156,3575.14,-48.6609,49.4649,0.615092,-1543.08,0
49.7936,3530.79,-46.3558,75.3835,2.42605,-2394.01,0
51.0704,3531.68,-47.2733,61.1241,2.29018,-2316.82,0
52.3487,3532.4,-28.1968,64.228,2.32424,-2246.47,0
53.6315,3550.74,-69.0946,35.9379,1.01772,-1850.78,0
54.9067,3557.83,-54.5998,51.5267,0.694632,-1678.7,0
56.1841,3547.73,-82.0022,50.5603,0.734348,-1820.24,0
57.4571,3547.14,-64.9858,47.1581,1.0949,-1790.24,0
58.7378,3547.32,-48.7084,53.4219,1.24181,-1748.04,0
60.0086,3570.16,-47.9703,22.2155,0.332665,-1330.41,0
61.2845,3536.81,-99.9248,45.6482,0.88736,-1846.92,0
62.5625,3496.81,-108.513,41.7538,2.5122,-2448.65,0
63.8439,3500.18,-81.9612,66.4097,2.52247,-2346.66,0
65.1232,3491.78,-38.9976,54.1171,4.39431,-2429.57,0
66.399,3482.45,-51.831,59.6879,3.40922,-2523.39,0
67.6789,3512.98,-41.2364,56.2961,1.6679,-2024.58,0
68.963,3500.18,-33.4159,75.949,1.80518,-2172.51,0
70.2392,3502.99,-31.8687,60.9136,2.07252,-2093.03,0
71.5138,3520.35,-11.4299,53.43,1.38948,-1812.93,0
72.7939,3509.44,-23.3965,49.1726,2.21062,-1930.95,0
74.0603,3510.78,-28.427,33.0916,2.50799,-1879.81,0
75.3387,3514.94,-26.5304,71.2987,0.496458,-1792.74,0
76.6218,3507.47,-4.70299,74.7476,1.00119,-1860.23,0
77.8998,3494.81,17.5624,94.4445,0.799461,-1992.17,0
79.1854,3493.82,-1.24558,81.4954,1.46795,-1972.39,0
80.463,3498.67,1.24017,72.9508,1.46307,-1880.79,0
81.7356,3500.08,10.2382,52.3279,2.42741,-1834.21,0
83.0022,3521.76,-5.11526,21.8941,1.86604,-1545.01,0
84.2637,3492.03,10.2073,36.437,4.05809,-1874.76,0
85.5501,3485.29,17.6593,30.8442,3.88157,-1925.32,0
86.8223,3487.34,15.7632,37.4562,2.36841,-1873.43,0
88.1068,3467.28,11.9828,67.9833,1.16232,-2073.88,0
89.3892,3462.53,-19.0334,78.4333,0.561803,-2097.2,0
90.663,3468.61,-12.3814,51.6365,2.35073,-2000.74,0
91.7702,3449.95,-12.8395,84.0299,0.763022,-2179.94,0
