1.27827,3628.11,-89.3829,-51.0827,0.45132,-17120.9,0
2.55181,3611.5,-97.4431,-53.4099,0.905877,-15088.5,0
3.82981,3611.23,-82.0994,-29.9526,1.11549,-10123,0
5.10617,3606.27,-98.1666,-44.3776,1.07778,-8564.52,0
6.37926,3588.37,-99.6981,-53.9946,1.61908,-9660.73,0
7.65499,3591.12,-121.766,-38.9739,1.31765,-7691.36,0
8.92803,3576.26,-124.343,-39.1032,1.78017,-8258.84,0
10.2063,3605.42,-141.776,-36.9089,0.368535,-4367.85,0
11.4836,3608.59,-144.068,-22.9228,0.281765,-3606.28,0
12.7709,3569.3,-133.319,26.9181,1.88181,-6318.69,0
14.0448,3557.06,-130.722,18.6087,2.31362,-6617.31,0
15.3308,3562.04,-113.31,34.9848,2.17057,-5737.39,0
16.5922,3565.76,-118.008,24.5706,1.82269,-5077.26,0
17.8643,3571.84,-136.163,28.5953,1.12881,-4375.25,0
19.1353,3569.93,-101.681,27.569,1.63947,-4184.17,0
20.4106,3579.56,-85.3721,4.04186,1.47198,-3451.01,0
21.6863,3586.16,-80.7206,19.0132,1.0777,-2943.73,0
22.9641,3564.38,-53.327,7.32264,2.43604,-3728.25,0
24.2389,3570.59,-53.1959,15.6972,1.97403,-3276.29,0
25.5254,3587.29,-50.8704,5.79506,1.00389,-2456.67,0
26.7949,3579.95,-65.5987,1.74232,1.05864,-2614.23,0
28.0743,3566.86,-79.785,-8.80979,1.41917,-2961.33,0
29.3543,3558.02,-104.155,5.50661,1.30635,-3133.39,0
30.6292,3563.01,-92.9852,23.4888,1.20985,-2840.07,0
31.8949,3562.63,-140.248,46.014,0.331581,-2739.2,0
33.1777,3550.23,-144.031,63.1564,0.691808,-3007.27,0
34.4631,3545.33,-169.831,39.2178,0.575086,-3037.2,0
35.7352,3543.27,-128.867,64.258,1.31798,-2986.79,0
37.0097,3535.86,-161.715,98.8248,0.518836,-3083.93,0
38.2777,3532.67,-145.521,77.4575,1.25535,-3065.24,0
39.5531,3512.43,-146.162,75.8369,2.18195,-3478.05,0
40.8267,3511.59,-160.836,120.335,0.871579,-3390.22,0
42.1026,3517.15,-93.2218,134.598,1.74144,-3155.49,0
43.3853,3504.3,-117.27,145.6,1.51542,-3358.18,0
44.6612,3519.18,-125.946,145.83,0.55191,-2929.08,0
45.9452,3509.37,-137.242,112.433,1.55054,-3060.89,0
47.2292,3510.09,-139.413,75.3333,2.04521,-2962.34,0
48.5101,3536.4,-141.985,96.0904,0.182667,-2341.69,0
49.788,3527.36,-157.123,61.2375,0.759827,-2463.34,0
51.0648,3486.97,-168.895,76.2839,2.44524,-3192.63,0
52.335,3472.1,-163.49,72.8295,3.15186,-3399.2,0
53.603,3456.1,-162.189,70.004,3.5975,-3617.39,0
54.0989,3449.96,-161.021,63.2049,3.88112,-3697.71,0
