1.26917,3591.39,-14.4104,-57.9,2.28041,-46176.9,0
2.54045,3590.74,19.2889,-52.0805,2.1281,-23325.2,0
3.8216,3593.25,6.93164,-56.732,1.9464,-14850.6,0
5.10666,3607.99,7.7109,-63.3827,1.15153,-8226.45,0
6.38667,3612.62,-44.3327,-67.4983,0.809989,-5852.82,0
7.65609,3628.67,-46.5979,-46.4722,0.312724,-2786.47,0
8.92775,3591.61,-58.4917,-49.5649,1.66101,-6540.05,0
10.2053,3603.62,-64.7533,-49.4889,1.01926,-4544.59,0
11.4789,3604.5,-23.0009,-18.5341,1.35686,-3963.74,0
12.7652,3593.67,17.2363,7.16035,1.86049,-4412.69,0
14.0456,3595.83,31.1122,-15.3762,1.5554,-3856.94,0
15.3169,3618.26,23.7556,-36.7911,0.47479,-2072.27,0
16.5947,3616.11,30.2787,20.9859,0.59357,-2042.3,0
17.8681,3601.95,23.912,58.7279,0.989245,-2689.1,0
19.1467,3612.34,25.5441,95.4504,0.221282,-1967,0
20.4252,3574.38,-0.983901,110.101,1.57107,-3702.37,0
21.699,3586.01,-1.40329,141.993,0.670823,-2948.89,0
22.9775,3568,-33.5787,168.472,1.02817,-3568.75,0
24.2629,3564.06,17.956,184.07,0.884369,-3541.88,0
25.5439,3554.97,26.1648,202.086,0.776864,-3720.12,0
26.8105,3555.68,49.0352,163.343,1.38602,-3517.97,0
28.0935,3569.12,98.0221,179.864,0.143703,-2879.13,0
29.3659,3555.95,74.5961,135.045,1.53678,-3202.7,0
30.6499,3562.07,27.9541,141.238,1.4082,-2868.8,0
31.932,3551.49,48.2863,153.892,1.5014,-3084.96,0
33.204,3526.22,57.6439,163.642,2.38929,-3727.93,0
34.4703,3540.43,45.7904,137.222,2.2414,-3178.65,0
35.7425,3517.17,49.4082,121.099,3.50587,-3716.39,0
37.0178,3526.56,59.2793,117.879,2.52028,-3334.54,0
38.2899,3489.57,56.7561,141.467,3.39811,-4189.76,0
39.5657,3506.91,49.3241,150.682,2.04592,-3616.54,0
40.8413,3486.56,84.7643,147.808,2.4386,-4001.82,0
42.1232,3462.81,94.5208,171.167,2.45187,-4443.84,0
43.3916,3478.7,79.0143,181.178,1.31881,-3947.73,0
44.6718,3479.44,49.2212,170.745,2.0493,-3817.96,0
45.9387,3467.96,44.4989,216.74,0.62661,-3962.73,0
47.2153,3485.85,28.5732,186.639,1.16118,-3476.56,0
48.4937,3499.93,64.3352,146.462,1.59249,-3094.57,0
49.7579,3508.75,56.7012,160.598,0.532519,-2838.81,0
51.0301,3482.05,78.5787,181.807,0.807643,-3291.15,0
52.3134,3487.67,61.0447,160.304,1.62599,-3103.04,0
53.5954,3521.43,68.5926,141.36,0.446855,-2398.98,0
54.8742,3506.8,106.06,133.653,0.695738,-2609.54,0
56.15,3495.56,110.938,116.98,1.55049,-2750.43,0
57.4304,3477.61,104.528,138.373,1.75027,-3001.74,0
58.7159,3490.94,97.8218,141.022,1.07943,-2708.92,0
59.9943,3498.41,90.8745,130.392,1.18426,-2526.77,0
61.2795,3491.63,95.7369,95.692,2.4847,-2584.45,0
62.5517,3507.99,104.504,120.334,0.492759,-2270.28,0
63.8279,3477.29,100.004,110.445,2.33405,-2705.94,0
65.1009,3476.73,89.3248,139.246,1.54895,-2661.61,0
65.7144,3449.96,86.263,132.142,3.24978,-3044.07,0
