1.27925,3635.37,37.0549,-44.868,0.625778,-11434.5,0
2.55099,3611.19,28.8836,-24.3976,1.63011,-15213.7,0
3.82825,3634.12,-1.23709,-40.4358,0.62407,-4148.92,0
5.10315,3606.19,-7.17668,-38.8986,1.7016,-8584.24,0
6.37404,3622.29,-20.6117,-8.17719,1.02091,-4347.64,0
7.64351,3623.87,-35.3543,38.3602,0.803503,-3418.05,0
8.91905,3621.23,-58.5373,-39.9708,0.772288,-3225.84,0
10.1981,3624.36,-45.0813,-35.0373,0.734006,-2514.58,0
11.473,3616.88,-45.3285,1.5013,1.08207,-2887.09,0
12.7431,3593.74,-1.62988,-7.41608,2.19182,-4414.93,0
14.0143,3594.22,-9.76742,7.09435,2.01434,-3980.35,0
15.2847,3584.49,-6.2514,-9.14794,2.28557,-4285.79,0
16.5588,3563.5,-25.7929,-13.1824,3.20425,-5224.1,0
17.8349,3566.83,-44.3076,-23.9632,2.37572,-4663.29,0
19.1093,3541.68,-76.7848,21.1947,2.68922,-5668.53,0
20.3866,3556.48,-84.6682,29.9595,1.55577,-4587.2,0
21.6657,3547.19,-87.7137,33.6056,1.76575,-4745.38,0
22.9376,3563.66,-82.7179,28.7929,0.975028,-3763.99,0
24.2141,3555.58,-52.1566,43.8904,1.69969,-3899.55,0
25.4966,3539.59,-34.2108,59.4255,2.48178,-4330.5,0
26.7626,3537.94,-30.2421,45.0647,2.67087,-4187.34,0
28.0414,3525.85,3.57365,19.626,4.36365,-4427.4,0
29.3148,3507.96,9.26406,16.7643,5.13624,-4845.44,0
30.5912,3512.86,20.8502,23.8848,2.60472,-4482.87,0
31.8658,3499.23,47.6296,7.26646,2.51791,-4731.3,0
33.1479,3500.65,70.5056,8.25382,0.963425,-4505.65,0
34.4206,3504.52,53.2963,4.09738,1.58846,-4226.4,0
35.7021,3492.96,47.5983,-0.911337,2.51623,-4398.55,0
36.9786,3490.71,27.2822,-0.153383,4.54317,-4307.67,0
38.2535,3490.01,43.9721,12.6541,1.75042,-4182.38,0
39.522,3476.83,39.8563,36.9577,2.01312,-4381.67,0
40.8112,3451.8,54.3191,8.2677,3.7937,-4856.47,0
40.9503,3449.99,55.0035,12.6951,3.67969,-4884.21,0
