1.2701,3619.11,-23.2654,-74.748,0.905983,-24322.9,0
2.54244,3603.62,-9.89007,-157.89,0.715522,-18243.1,0
3.82636,3582.93,-36.3367,-131.152,1.71726,-17527.8,0
5.10442,3598.14,-27.0151,-123.627,1.17656,-10159.3,0
6.38007,3593.63,-32.7149,-102.296,1.51431,-8835.83,0
7.65433,3588.03,-18.2994,-117.856,1.48017,-8096.2,0
8.92538,3601.52,-24.6489,-118.979,0.882935,-5431.89,0
10.2091,3574.58,-20.1578,-131.51,1.74642,-7387.06,0
11.4849,3591.34,-27.5486,-146.614,0.799985,-5107.36,0
12.763,3559.19,-27.5168,-156.224,2.00291,-7115.26,0
14.0378,3564.11,-21.3724,-166.59,1.44917,-6118.34,0
15.3089,3568.39,-24.5223,-194.507,0.780434,-5330.76,0
16.5918,3560.9,-31.7635,-225.782,0.4666,-5369.85,0
17.8677,3559.8,-53.3207,-182.81,1.1921,-5048.28,0
19.1435,3584.18,-48.8035,-172.581,0.293968,-3438.15,0
20.4179,3567.32,-71.1889,-178.782,0.777455,-4049.16,0
21.6896,3559.66,-70.7361,-163.399,1.30482,-4165.36,0
22.965,3589.26,-62.1809,-151.296,0.28721,-2644.82,0
24.2463,3545.08,-59.4175,-156.46,2.2126,-4327.27,0
25.5086,3595.38,-58.8732,-149.618,0.114514,-2141.17,0
26.7829,3583.47,-53.8035,-178.347,0.179738,-2484.13,0
28.0525,3573.71,-50.3621,-191.563,0.394945,-2719.45,0
29.3285,3571.51,8.13103,-163.141,0.976642,-2676.4,0
30.5968,3574.7,5.71333,-166.751,0.809791,-2461.13,0
31.8621,3566.76,8.37925,-221.091,0.33115,-2612.42,0
33.1369,3549.92,18.8072,-255.715,0.33582,-3020.06,0
34.4046,3558.15,-16.967,-190.844,1.16428,-2669.57,0
35.6827,3564.17,-28.4181,-154.257,1.39571,-2405.24,0
36.9658,3561.14,-53.8748,-138.904,1.6157,-2403.83,0
38.2432,3539.32,-35.3323,-150.931,2.36135,-2894.05,0
39.5179,3569.92,2.18496,-153.113,0.986948,-2026.48,0
40.7888,3564.44,-23.5553,-122.618,1.67674,-2097.75,0
42.0622,3569.24,-61.9826,-111.59,1.35013,-1920.09,0
43.3298,3573.59,-69.7792,-103.618,1.17756,-1763.39,0
44.5971,3552.2,-62.5797,-85.7292,2.28675,-2192.92,0
45.8816,3570.92,-76.4042,-59.4083,1.45296,-1723.66,0
47.1618,3561.64,-87.4206,-63.3724,1.5924,-1873.57,0
48.4392,3534.35,-103.285,-65.4371,2.19599,-2387.5,0
49.7122,3542.4,-122.26,-76.4564,1.22464,-2164.52,0
51.0054,3569.5,-87.3359,-84.6935,0.396907,-1578.32,0
52.2924,3566.37,-107.127,-63.1874,0.483555,-1599.3,0
53.5694,3551.93,-95.3681,-63.6849,1.27882,-1830.66,0
54.84,3579.59,-65.7756,-50.0124,0.54598,-1283.86,0
56.118,3584.78,-40.8957,-44.1378,0.591726,-1162.23,0
57.3844,3551.51,-52.556,-28.7639,2.32063,-1716.29,0
58.6688,3535.49,-68.0655,-39.03,2.5631,-1951.76,0
59.9494,3516.22,-51.8806,-30.2367,3.98929,-2231.54,0
61.2153,3522.7,-48.708,-18.509,3.09227,-2079.52,0
62.4867,3544.66,-79.4195,-27.1922,0.642063,-1685.75,0
63.7699,3534.93,-83.3157,-42.3014,0.90683,-1804.48,0
65.0525,3501.15,-70.2359,-48.3257,2.88101,-2288.13,0
66.3293,3491.61,-65.4283,-50.7524,3.13289,-2387.9,0
67.5972,3488.85,-54.2724,-17.625,3.85667,-2383.97,0
68.8794,3458.04,-75.81,-14.143,3.79801,-2786.92,0
70.153,3463.58,-98.4615,-30.4488,1.53106,-2657.39,0
70.3906,3449.98,-97.4444,-31.2493,2.24087,-2841.61,0
