1.36747,3631.77,28.3826,-32.5581,0.408203,-13330.2,0
2.7266,3623.41,-58.2536,-63.9713,0.422672,-9753.47,0
4.09547,3629.48,-6.27967,-7.80011,0.51258,-5009.64,0
5.46367,3596.13,37.7829,60.1747,1.10517,-9859.05,0
6.83924,3611.37,-15.1168,103.983,0.554395,-5648.31,0
8.20627,3637.48,-41.8951,25.8615,0.250736,-1525.38,0
9.58064,3633.95,-47.2684,11.4772,0.318979,-1675.11,0
10.9538,3628.48,-33.8995,65.8341,0.344941,-1964.28,0
12.3175,3617.11,-35.6775,75.7451,0.54267,-2670.36,0
13.683,3624.79,-26.3025,66.9889,0.433086,-1842.11,0
15.0589,3602.37,12.3964,22.4053,1.12052,-3162.63,0
16.4101,3622.41,15.1005,40.1048,0.560802,-1681.57,0
17.7766,3578,-2.62636,83.6077,1.41251,-4050.04,0
19.1422,3549.63,12.4623,106.603,1.87508,-5243.57,0
20.5099,3533.9,16.9384,108.364,2.1923,-5660.48,0
21.8669,3509.47,16.8009,119.016,2.67121,-6426.77,0
23.2362,3501.71,31.37,97.5459,3.1386,-6381.76,0
24.5908,3496.22,53.8614,117.974,2.45108,-6253.37,0
25.9432,3528.07,40.7259,106.957,1.76463,-4700.01,0
27.2999,3517.74,34.3752,124.806,1.69967,-4844.67,0
28.6652,3474.89,-6.1246,181.059,1.9415,-6108.67,0
30.0442,3468.25,-22.4274,209.135,1.30686,-6049.37,0
31.4094,3485.75,-7.68595,234.533,0.0896273,-5229.2,0
32.7787,3463.51,-27.5251,211.089,1.36744,-5689.45,0
34.1432,3469.39,-63.4279,191.746,1.55085,-5289.79,0
34.4221,3450,-83.2931,205.143,1.49755,-5810.33,0
