1.3558,3583.26,-41.09,95.6415,1.20612,-49226,0
2.71225,3555.27,-44.9672,122.617,1.61942,-34926,0
4.0722,3545.41,-72.7659,107.801,1.84187,-25683.6,0
5.44419,3607.73,-53.5309,69.9618,0.656869,-7763.59,0
6.81576,3620.71,-9.54879,63.1929,0.484367,-4297.34,0
8.18524,3610.65,5.94298,68.3444,0.688335,-4807.76,0
9.54554,3594.55,-15.1083,77.5685,1.00395,-5809.34,0
10.9176,3615.42,-26.7747,140.463,0.166396,-3167.48,0
12.3024,3606.21,-25.2961,130.697,0.417434,-3559.59,0
13.6712,3586.34,-1.91728,121.504,0.916189,-4656.54,0
15.0353,3562.99,12.5673,166.148,1.19224,-5787.25,0
16.3996,3530.52,45.8842,211.069,1.37705,-7285.83,0
17.7766,3515.74,61.8465,254.755,1.10675,-7552.48,0
19.1376,3512.08,15.2837,235.66,1.71724,-7206.81,0
20.5071,3497,-9.42888,212.128,2.56929,-7460.83,0
21.8762,3551.1,40.4705,232.719,0.309186,-4521.04,0
23.2451,3564.22,29.4115,193.99,0.422419,-3690.12,0
24.6304,3564.02,-10.8774,129.982,1.28535,-3490.92,0
25.9809,3617.39,27.085,107.676,0.236527,-1255.01,0
27.347,3586.39,11.2536,97.1876,0.96427,-2325.88,0
28.7146,3610.19,20.2422,64.0802,0.596534,-1386.37,0
30.0706,3615.37,31.3536,54.4073,0.497719,-1151.65,0
31.4265,3629.94,-3.58182,45.1454,0.226364,-638.253,0
32.7952,3577.03,50.7492,25.8101,1.49161,-2225.03,0
34.1649,3617.37,63.5285,41.2054,0.35741,-955.214,0
35.5347,3574.92,79.5057,43.0219,1.23101,-2112.89,0
36.9098,3553.98,57.2808,22.9326,2.07321,-2601.47,0
38.2684,3536.78,80.8055,39.2083,2.08736,-2958.46,0
39.6347,3544.61,51.1883,0.817824,2.31458,-2659.02,0
41.0111,3551.18,55.7622,43.2024,1.72331,-2409.67,0
42.3733,3545.69,58.5392,57.496,1.69738,-2461.63,0
43.7324,3552.96,63.5394,90.4776,1.08962,-2218.89,0
45.094,3544.35,56.5788,56.92,1.66747,-2342.89,0
46.4608,3518.97,58.282,33.5941,2.65788,-2820.21,0
47.8194,3536.39,32.6579,29.8512,2.25268,-2375.82,0
49.1832,3571.05,52.0963,6.83991,0.841057,-1605.18,0
50.5369,3585.02,12.458,24.4205,0.551252,-1285.89,0
51.8994,3573.88,-37.2929,11.1358,0.835628,-1466.63,0
53.2678,3522.24,15.4801,23.2977,3.19579,-2398.45,0
54.6341,3542.52,-48.7975,-20.9069,1.58929,-1967.23,0
55.9976,3524.34,-14.8088,-23.2846,2.83614,-2244.1,0
57.3618,3544.87,-28.3626,16.0032,1.59229,-1832.83,0
58.7439,3562.38,-56.6266,10.7018,0.648551,-1491.5,0
60.1043,3549.27,-59.4525,3.26715,1.05085,-1675.93,0
61.4794,3547.04,-55.5217,5.89098,1.15456,-1674.79,0
62.843,3571.12,-23.2702,-78.4943,0.117639,-1255.21,0
64.2081,3503.75,-17.1252,-58.1636,2.69455,-2277.82,0
65.5636,3480.42,-0.751439,-46.1976,4.00588,-2586.51,0
66.9246,3467.24,49.8228,-60.0471,2.73618,-2730.89,0
68.2956,3519.14,33.7855,-63.6161,0.853679,-1916.13,0
69.6614,3495.34,-0.889081,-62.4585,2.03854,-2220.22,0
71.0368,3464.82,22.9252,-49.4476,3.36791,-2606.88,0
72.3978,3471.05,-18.7049,-76.9949,1.78506,-2471.75,0
73.4826,3449.9,-3.50465,-76.3788,2.59505,-2723.16,0
