1.36743,3645.48,22.311,16.8555,0.223321,-3305.17,0
2.72516,3602.65,18.6338,-24.178,1.20051,-17374.6,0
4.09535,3566.65,38.2999,-15.9402,2.18707,-20353.2,0
5.46826,3601.13,75.5591,24.4128,0.937639,-8936.8,0
6.82745,3621.01,152.285,25.1583,0.0409697,-4246.08,0
8.19906,3569.34,221.632,-113.126,0.419549,-9837.8,0
9.57877,3536.44,257.917,-55.9551,1.08985,-11855.5,0
10.9479,3571.88,225.261,0.0178584,0.441403,-7135.77,0
12.3115,3590.41,213.363,16.5438,0.103177,-4840.53,0
13.6762,3617.67,143.284,-17.5245,0.0335708,-2363.62,0
15.0521,3561.57,159.093,-25.2953,1.20337,-5874.68,0
16.4298,3540.22,213.829,-43.3488,1.126,-6681.88,0
17.7994,3512.58,268.403,-35.3637,1.12518,-7720.39,0
19.1593,3505.42,285.32,-80.5788,0.937056,-7546.21,0
20.5188,3569.41,208.654,-68.2636,0.268182,-3927.38,0
21.8915,3543.58,201.069,-99.8946,0.878069,-4861.17,0
23.251,3570.9,143.697,-130.633,0.430627,-3401.98,0
24.6261,3543.88,142.027,-126.477,1.0273,-4309.34,0
25.999,3561.8,148.82,-172.598,0.0546078,-3392.31,0
27.3638,3526.55,159.437,-135.767,1.34629,-4511.3,0
28.7246,3519.42,206.315,-152.154,0.837678,-4545.82,0
30.0877,3506.28,221.925,-138.037,1.07904,-4776.57,0
31.4496,3542,205.674,-142.432,0.35493,-3433.94,0
32.8234,3511.46,238.95,-116.121,0.895156,-4220.61,0
34.1793,3477.48,282.035,-165.63,0.474728,-5047.38,0
34.351,3449.95,274.927,-175.214,1.3191,-5823.56,0
