1.36822,3601.81,41.7616,90.6646,0.837548,-35219.8,0
2.73711,3576.91,80.5701,65.9753,1.34424,-26702.9,0
4.121,3567.63,90.4693,29.6118,1.63209,-19988,0
5.47443,3610.62,85.0271,-95.8647,0.350718,-7193.32,0
6.84684,3617.44,90.2363,-52.9105,0.359328,-4755.45,0
8.20479,3587.39,1.98366,-53.4966,1.34008,-7630.38,0
9.5751,3588.99,-50.3717,-57.6337,1.14166,-6371.72,0
10.9393,3578.54,-52.0653,-20.3376,1.53535,-6532.88,0
12.2988,3566.06,-73.1646,-49.57,1.57961,-6824.83,0
13.6644,3565,-90.2542,-19.8883,1.48526,-6220.47,0
15.0316,3574.27,-115.416,-27.7688,0.974824,-5038.31,0
16.4068,3572.85,-185.163,-18.599,0.398366,-4702.55,0
17.7737,3553.88,-255.21,-1.03363,0.162664,-5408.11,0
19.1319,3532.05,-253.886,20.1933,0.726256,-6164.96,0
20.504,3543.09,-216.067,-62.9853,0.761315,-5213.87,0
21.8729,3550.38,-212.504,-108.166,0.358269,-4554.49,0
23.2377,3514.58,-212.064,-50.8776,1.46536,-5827.66,0
24.6104,3528.2,-190.744,-117.969,0.995653,-4949,0
25.9749,3532.41,-209.053,-106.806,0.654878,-4526.97,0
27.3505,3495.65,-192.592,-87.571,2.06601,-5643.26,0
28.7202,3530.95,-187.446,-90.2421,1.04773,-4145.3,0
30.0851,3532.5,-172.446,-86.2762,1.22974,-3905.48,0
31.4578,3526.89,-185.188,-76.1222,1.28053,-3913.41,0
32.8201,3496.22,-204.727,-79.5447,1.90522,-4685.49,0
34.1836,3502.7,-188.519,-86.619,1.98507,-4309.19,0
35.5561,3524.82,-248.784,-109.823,0.0137524,-3520.74,0
36.9349,3491.37,-260.474,-88.2875,0.964647,-4294.96,0
38.2987,3472.29,-257.015,-132.503,1.24596,-4640.12,0
39.1321,3449.95,-251.399,-112.391,2.34658,-5112.11,0
