1.36351,3636.15,-30.1872,19.5562,0.334799,-10160,0
2.74768,3648.24,-56.7712,27.2576,0.0145226,-641.109,0
4.12314,3586.95,-77.7746,21.7261,1.27625,-15292.3,0
5.48306,3607.65,-74.0731,81.0024,0.62492,-7724.49,0
6.84348,3589.33,-92.569,88.3227,0.90401,-8866.01,0
8.20458,3603.86,-53.3014,75.9443,0.821265,-5623.41,0
9.56751,3623.02,-24.2821,113.402,0.296746,-2819.8,0
10.9257,3611.76,-8.93286,47.4994,0.867104,-3499.74,0
12.305,3636.06,-24.938,86.2016,0.170279,-1132.47,0
13.6642,3592.83,52.7011,97.3347,0.977367,-4184.16,0
15.0422,3593.18,-7.44523,104.241,0.987911,-3777.26,0
16.397,3615.87,46.5918,65.9909,0.621089,-2081.75,0
17.7699,3646.31,23.2056,57.6576,0.0791173,-207.76,0
19.1389,3623.68,-20.7646,100.883,0.358095,-1375.2,0
20.4999,3587.5,-50.3198,123.669,0.95306,-3048.69,0
21.8586,3553.81,-57.7519,71.3822,2.15478,-4400.36,0
23.2356,3587.92,-14.5154,75.7856,1.35856,-2671.86,0
24.5938,3580.61,-20.0532,113.918,1.18313,-2821.61,0
25.9636,3552.75,-2.67282,123.605,1.7177,-3745.62,0
27.3372,3542.99,-27.7048,118.634,1.92098,-3914.34,0
28.7089,3553.82,-41.1606,101.11,1.72539,-3350.2,0
30.0808,3560.16,-34.074,122.926,1.31124,-2986.61,0
31.4545,3567.99,-43.8694,142.843,0.897626,-2607.1,0
32.8282,3568.43,-32.7718,159.538,0.783633,-2484.79,0
34.1978,3593.09,-12.1595,90.3441,0.686869,-1664.16,0
35.5622,3581.11,-7.88094,93.377,0.928399,-1937.17,0
36.9268,3573.56,10.3161,87.5275,1.14595,-2070.07,0
38.2822,3604.72,32.4657,36.7399,0.589113,-1182.9,0
39.6384,3578.76,75.8228,60.1168,0.912958,-1797.18,0
41.0018,3584.63,38.1737,97.8418,0.697425,-1594.23,0
42.3489,3585.5,58.7492,19.8206,0.995378,-1522.99,0
43.7058,3559.72,121.414,-16.9061,1.13162,-2065.58,0
45.0819,3580.41,69.1248,33.0126,1.02722,-1543.65,0
46.4432,3553.21,47.0649,-11.0268,2.06792,-2084.09,0
47.8111,3536.46,50.523,18.7829,2.49026,-2374.83,0
49.1689,3567.12,45.1056,26.9821,1.29917,-1685.53,0
50.5325,3587.74,113.656,26.1027,0.19092,-1232.02,0
51.8933,3559.16,109.778,-41.5544,0.869078,-1750.58,0
53.2616,3554.65,92.545,-75.6281,1.02848,-1790.22,0
54.6169,3543.55,126.551,-72.7046,0.922283,-1949.06,0
55.9811,3538.74,158.352,-60.327,0.743284,-1987.52,0
57.3455,3548.52,163.86,-77.5321,0.420304,-1769.63,0
58.7026,3514.62,169.916,-131.725,0.786962,-2306.2,0
60.0724,3516.06,153.567,-127.304,0.989871,-2229.7,0
61.4372,3487.14,187.734,-97.9754,1.62456,-2650.83,0
62.8049,3474.52,125.978,-148.063,2.31514,-2794.05,0
64.1746,3501.4,120.462,-169.283,1.13947,-2315.57,0
65.2066,3449.89,103.886,-170.821,2.81458,-3068.81,0
