1.37305,3633.97,29.6387,58.0623,0.232491,-11678,0
2.73523,3632.04,38.4446,20.2801,0.33908,-6566.72,0
4.11257,3597.92,71.1051,-10.1516,1.0038,-12664.6,0
5.48368,3586.56,46.5673,-30.777,1.36711,-11569.4,0
6.83369,3573.61,55.4167,-19.4412,1.68434,-11178.2,0
8.1984,3635.77,45.252,-19.1102,0.15528,-1735.25,0
9.56158,3610.26,64.2659,-78.8497,0.463622,-4155.74,0
10.9207,3587.96,41.7234,-53.9225,1.18091,-5680.79,0
12.276,3558.7,87.0555,-62.0119,1.54003,-7437.14,0
13.6382,3574.01,88.5762,14.3506,1.28243,-5572.07,0
15.0007,3582.7,159.461,40.4981,0.476064,-4486.43,0
16.3541,3531.77,227.763,79.8727,0.941932,-7229.23,0
17.7299,3542.78,255.561,30.088,0.45705,-6047.64,0
19.1093,3509.27,281.439,22.8943,1.0013,-7364.35,0
20.4592,3545.9,244.658,7.95601,0.527035,-5087.98,0
21.8425,3511.75,292.594,-80.6328,0.587415,-6329.55,0
22.7279,3449.86,318.947,-42.2159,1.88095,-8806.04,0
