1.38364,3632.84,6.42928,-114.056,0.16971,-12404.9,0
2.75463,3571.97,40.152,-75.7444,1.74053,-28327.9,0
4.12273,3554.14,38.6313,-124.123,1.70851,-23251.3,0
5.49003,3544.73,15.7751,-136.889,1.76955,-19175,0
6.84453,3576.88,36.1333,-119.991,1.02346,-10683.5,0
8.22689,3545.6,27.7879,-95.4795,2.02748,-12689.8,0
9.5955,3540.44,42.4354,-68.2492,2.29993,-11418.1,0
10.9546,3510.27,71.9791,-99.6243,2.19885,-12755.8,0
12.3175,3494.49,88.4578,-129.82,2.05528,-12624.9,0
13.6931,3548.43,111.269,-111.396,0.367662,-7417.91,0
15.0603,3506.12,158.189,-124.041,0.748578,-9553.61,0
16.4174,3491.27,172.952,-105.83,1.13809,-9668.63,0
17.7754,3476.91,216.026,-91.0374,0.687292,-9737.75,0
18.4476,3449.92,193.665,-91.8388,2.12592,-10845.8,0
