1.36017,3643.11,-41.206,19.4022,0.0878992,-5063.5,0
2.73316,3623.75,-108.913,-33.1879,0.203422,-9603.08,0
4.08571,3593.5,-74.369,-40.3753,0.99977,-13827.5,0
5.46315,3625.58,-35.6198,-11.8821,0.464374,-4469.36,0
6.83275,3598.01,-80.0412,-29.6347,0.872569,-7608.87,0
8.1869,3587.6,-12.7831,45.7819,1.3401,-7622.21,0
9.54947,3561.35,2.62184,73.2841,1.85676,-9282.87,0
10.9205,3532.18,21.3261,35.9677,3.15538,-10788.8,0
12.2838,3530.03,-13.0776,44.7921,2.9407,-9766.51,0
13.6554,3531.29,-5.60753,36.5638,2.67455,-8693.14,0
15.0233,3521.12,-19.839,1.47049,3.33091,-8578.93,0
16.396,3507.71,-61.3642,20.6522,2.58375,-8678.26,0
17.7723,3478.82,-83.9123,6.19497,2.95379,-9631.97,0
19.1406,3468.62,-39.5787,-26.3193,4.74564,-9476.04,0
20.5003,3476.12,-29.1797,-38.4793,3.88347,-8481.76,0
21.8608,3469.48,-51.172,-46.6466,2.79708,-8257.67,0
23.2237,3465.26,-77.8974,-39.9656,2.15562,-7954.98,0
24.5863,3468.09,-58.1591,-41.7507,2.53444,-7398.81,0
25.9484,3516.72,-96.8329,-18.3676,0.0393831,-5136.51,0
27.3061,3514.93,-63.0759,-56.0418,0.343597,-4946.62,0
28.6727,3507.29,-62.9365,-55.3467,0.608317,-4977.21,0
30.038,3506.58,-15.7097,-65.8015,1.04613,-4774.48,0
31.4027,3538.61,-4.92348,-47.9061,0.131466,-3547.04,0
32.7791,3503.52,26.7763,-53.322,1.38831,-4468.75,0
34.1507,3469.4,-19.2215,-80.955,1.87913,-5288.37,0
35.5045,3479.64,-40.8489,-87.0427,1.10512,-4798.19,0
36.8834,3469.96,-96.7815,-81.4086,0.535819,-4881.2,0
38.2467,3498.08,-56.3229,-49.1201,0.999388,-3972.11,0
39.6194,3504.42,-18.7565,-64.3456,0.951518,-3674.36,0
40.9881,3498.88,-29.4236,-90.7628,0.374193,-3686.95,0
42.1627,3449.94,-70.4508,-113.933,0.832564,-4744.9,0
