1.3498,3623.63,27.744,-62.3326,0.484391,-19535.2,0
2.73093,3551.01,9.98044,-46.5976,2.58585,-36246.3,0
4.08677,3550.7,20.4692,-31.4627,2.57093,-24296.9,0
5.45173,3532.22,-3.46201,-38.0212,3.23174,-21603.5,0
6.81774,3553.69,-17.3843,-44.672,2.00338,-14126.3,0
8.1971,3559.66,-19.112,-12.8381,1.93484,-11021.1,0
9.55352,3588.24,-58.8417,-37.4485,0.680057,-6464.21,0
10.9278,3569.59,-28.0963,-134.923,0.593006,-7357.88,0
12.294,3530.3,45.0353,-153.979,1.2402,-9736.36,0
13.6673,3511.69,39.1366,-160.336,1.62406,-10119.5,0
14.9955,3449.89,61.4092,-184.656,2.63077,-13344.7,0
