1.36759,3622.06,17.688,39.4205,0.587764,-20430.3,0
2.72476,3624.2,41.6587,16.5837,0.530215,-9467.18,0
4.09386,3595.28,81.6596,66.3647,0.884231,-13366.8,0
5.46566,3625.15,46.2708,34.527,0.478169,-4546.61,0
6.8248,3591.48,67.3627,24.9193,1.18592,-8575.19,0
8.1876,3637.52,85.181,23.0748,0.0903668,-1524.31,0
9.54706,3630.37,73.4685,-40.1024,0.244148,-2055.82,0
10.9182,3591.59,-5.95204,-86.7547,1.0679,-5349.99,0
12.2845,3566.57,1.34382,-26.9342,2.16808,-6791.46,0
13.6441,3564.72,29.1247,-79.8445,1.66576,-6250.44,0
15.0238,3570.03,-27.6389,-58.3339,1.64545,-5323.17,0
16.382,3522.14,-26.951,-52.4021,3.25393,-7804.59,0
17.7553,3510.77,-27.814,-55.1732,3.36171,-7841.41,0
19.1207,3532.43,6.34173,-71.8932,2.19684,-6148.89,0
20.4871,3496.18,26.9159,-64.5191,3.33533,-7507.92,0
21.8534,3499.15,-1.82754,-25.4886,4.89382,-6902.86,0
23.2226,3501.98,-22.409,-60.1823,2.47694,-6374.12,0
24.5815,3532.48,-46.1472,-51.5625,1.10553,-4780.95,0
25.9509,3495.43,-36.9023,-55.4148,2.52655,-5956.17,0
27.3147,3515.46,-14.9895,-68.3047,1.58976,-4925.46,0
28.6698,3500.34,-28.6847,-40.8526,2.75221,-5219.98,0
30.0433,3501.12,2.56172,-36.1727,3.00063,-4955.41,0
31.4036,3496.34,-10.2884,-20.8643,3.82863,-4893.22,0
32.7604,3465.15,12.2973,-44.3541,3.82714,-5642.51,0
34.1339,3469.47,12.9248,-84.3004,1.55772,-5288.85,0
35.5101,3516.06,-20.2471,-52.6648,0.625694,-3772.01,0
36.8825,3477.3,60.0322,-54.0722,1.33592,-4682.4,0
38.1451,3449.97,74.3303,-48.0699,1.93622,-5243.84,0
