1.37437,3602.38,11.0422,-5.4251,1.0976,-34650.8,0
2.71398,3609.28,40.9317,10.4911,0.793777,-15005.5,0
4.07405,3574.75,98.6841,-29.8811,1.23807,-18471.1,0
5.45284,3558.78,68.5633,-2.07872,1.9787,-16728.7,0
6.82112,3543.78,38.6479,-49.7941,2.42675,-15571.6,0
8.18152,3581.85,17.4939,-68.2779,1.14122,-8329.64,0
9.54373,3536.65,-13.0978,-75.2038,2.35793,-11876.7,0
10.9195,3603.65,-42.1633,-52.0528,0.519115,-4244.48,0
12.2745,3588.43,-51.6952,-2.72938,0.990574,-5015.8,0
13.6467,3580.83,-144.833,44.4049,0.461155,-5068.45,0
15.0082,3565.57,-152.831,57.2662,0.794263,-5625.79,0
16.383,3551.81,-94.7657,5.44386,1.77759,-5993.57,0
17.7631,3552.09,-159.34,-24.1413,1.04086,-5511.77,0
19.1097,3571.57,-122.885,-8.88754,0.975382,-4103.99,0
20.4755,3565.87,-126.168,-3.58716,1.06768,-4108.7,0
21.8563,3564.55,-161.267,-18.0739,0.786206,-3909.62,0
23.2185,3570.16,-148.685,-9.18799,0.739508,-3438.8,0
24.5785,3572.96,-155.786,-12.8062,0.62046,-3134.32,0
25.9386,3589.94,-101.055,42.2028,0.569792,-2315.62,0
27.3009,3575.06,-70.2484,31.7484,1.17545,-2745.02,0
28.6715,3618,-5.4259,2.4377,0.332073,-1116.2,0
30.0341,3584,-48.0888,-34.2452,1.04822,-2197.56,0
31.4115,3600.32,-36.6638,44.9376,0.619752,-1581.73,0
32.7784,3625.06,-12.4309,19.6328,0.130901,-760.807,0
34.1354,3545.27,-23.9173,24.7175,2.50995,-3068.06,0
35.4887,3585.38,4.02308,26.8768,1.04,-1820.79,0
36.8555,3558.39,-14.6991,40.957,1.80924,-2485.59,0
38.2263,3571.11,-1.85734,37.9048,1.36978,-2063.67,0
39.5746,3583.45,-4.37594,40.1764,0.941587,-1681.61,0
40.9482,3549.15,-16.6257,32.5339,2.13499,-2462.9,0
42.2939,3552.7,-11.3178,20.6142,2.03818,-2300.57,0
43.6632,3531.8,0.409915,8.78449,3.14572,-2707.11,0
45.0257,3518.36,-3.04757,-2.10773,3.8004,-2923.62,0
46.3931,3511.69,-32.4397,-4.24127,3.15175,-2981.34,0
47.7532,3494.57,-39.8396,-20.3009,3.34646,-3254.92,0
49.1178,3467.04,-34.6361,-20.2818,4.81907,-3724.95,0
50.4815,3465.81,-25.792,4.79044,5.3263,-3648.73,0
51.2577,3449.9,-16.4065,11.5393,6.60234,-3903.81,0
