1.27608,3643,10.7776,18.4086,0.0387291,-5483.96,0
2.54894,3638.43,21.7077,19.8086,0.0594517,-4541.1,0
3.82899,3644.28,17.8368,37.789,0.0233577,-1495.01,0
5.09826,3630.86,33.2207,62.4695,0.0697516,-3754.45,0
6.3776,3567.14,13.2101,60.0165,0.471472,-12991.9,0
7.64404,3534.12,5.68515,11.4143,0.932773,-15159.1,0
8.91155,3530.54,39.2363,15.5683,0.838836,-13405.4,0
10.1834,3546.36,12.1246,21.6797,0.704113,-10176.8,0
11.4616,3559.69,23.9857,-16.5786,0.552084,-7879.49,0
12.7336,3535.02,64.5149,24.717,0.650085,-9029.46,0
14.0073,3525.65,72.4674,21.5561,0.68847,-8877.37,0
15.2875,3504.2,79.376,-2.67589,0.839993,-9537.3,0
16.567,3468.97,59.9812,9.87682,1.32234,-10927,0
17.8135,3449.96,58.5304,6.84193,1.48255,-11229.5,0
