1.28208,3648.58,-22.3718,-100.164,0.00247694,-1108.72,0
2.5584,3647.21,-23.5044,-105.282,0.00332293,-1089.58,0
3.83654,3646.89,-24.9569,-107.027,0.0026656,-809.67,0
5.11748,3642.57,-28.7845,-113.291,0.0150246,-1451.43,0
6.39653,3628.99,-28.9095,-114.335,0.0763504,-3283.92,0
7.67883,3560.25,-95.8293,-160.338,0.33753,-11688,0
8.9636,3549.11,-62.8889,-133.328,0.510585,-11255.1,0
10.2383,3528.29,-61.6652,-106.09,0.756686,-11887.8,0
11.5223,3526.36,-49.0357,-79.683,0.871364,-10730.5,0
12.7938,3547.82,-76.3588,-69.6835,0.67333,-7986.61,0
14.062,3562.55,-132.806,-97.4816,0.401596,-6219.08,0
15.3317,3581.71,-70.4012,-66.9651,0.381008,-4454.15,0
16.6063,3579.29,-58.7014,-74.0585,0.398368,-4258.18,0
17.8905,3612.64,-18.8636,-123.037,0.155241,-2088.07,0
19.1654,3615.47,-17.1853,-149.668,0.103065,-1801.9,0
20.4409,3628.56,-20.9269,-155.133,0.0311127,-1048.67,0
21.7124,3578.69,-3.86077,-136.869,0.325024,-3284.14,0
22.9853,3527.84,-19.927,-154.566,0.590757,-5314.83,0
24.2612,3550.02,-16.5242,-121.903,0.555958,-4120.79,0
25.5329,3594.57,-25.9923,-121.402,0.294582,-2171.12,0
26.8103,3510.69,-32.4426,-123.164,0.810639,-5196.31,0
28.0812,3488.1,-59.3487,-147.964,0.7666,-5765.51,0
29.3555,3465.67,-70.9485,-117.769,1.04757,-6279.38,0
29.5236,3449.95,-62.9353,-114.696,1.20669,-6775.96,0
