1.26614,3636.49,-3.14988,-2.55976,0.0705819,-10672.7,0
2.54229,3641.6,18.1259,-11.8038,0.040087,-3304.02,0
3.82,3640.44,21.4291,-18.055,0.043668,-2502.99,0
5.09302,3619.8,4.15727,-17.5471,0.161049,-5928.95,0
6.35982,3631.85,15.7329,-76.0525,0.0521655,-2854.59,0
7.63303,3633.41,27.7951,-60.9197,0.0540295,-2173.71,0
8.91245,3616.14,38.4418,-45.5787,0.15251,-3799.51,0
10.1848,3593.68,48.6781,-51.6745,0.269094,-5529.31,0
11.4635,3573.61,4.76809,-26.7936,0.473606,-6663.77,0
12.7312,3556,-10.5294,-6.30793,0.648752,-7383.32,0
14.0044,3557.83,-44.5659,-12.6259,0.558661,-6581.54,0
15.2773,3582.72,20.5031,-32.2371,0.369394,-4403.92,0
16.5565,3600.92,42.11,-79.8796,0.176365,-2964.35,0
17.8273,3613.44,56.249,-79.9619,0.0985739,-2050.92,0
19.1112,3609.87,62.638,-81.9209,0.10836,-2099.6,0
20.3855,3609.17,70.012,-93.7287,0.0923899,-2002.73,0
21.6602,3601.08,91.9053,-103.571,0.0990822,-2258.56,0
22.9322,3557.2,56.1714,-68.3811,0.45702,-4046.55,0
24.2078,3524.46,87.0829,-56.4499,0.640377,-5186.12,0
25.4901,3560.76,112.357,-53.1352,0.303063,-3500.9,0
26.7721,3570.9,119.599,-24.5117,0.249048,-2954.55,0
28.0473,3548.21,141.103,-24.6361,0.350326,-3629.15,0
29.3212,3521.82,126.103,5.26352,0.59838,-4371.74,0
30.6042,3535.1,121.18,-3.10077,0.505946,-3754.49,0
31.8792,3512.36,99.0163,32.8711,0.748044,-4317.42,0
33.1523,3513,115.288,49.6863,0.632364,-4132.4,0
34.4315,3490.33,115.301,34.015,0.812864,-4637.35,0
35.6966,3513.4,122.847,35.1683,0.574944,-3826.8,0
36.9712,3488.55,125.271,76.8025,0.650619,-4366.9,0
38.2552,3504.26,166.176,51.4459,0.394651,-3809.71,0
39.5308,3484.25,138.541,66.4526,0.649354,-4193.05,0
40.8028,3500.8,126.267,102.729,0.46304,-3656.72,0
42.0815,3489.5,135.104,173.357,0.245027,-3814.08,0
43.3553,3555.55,81.2547,80.6871,0.261967,-2178.51,0
44.6205,3492.74,78.4728,56.4574,0.760392,-3524.34,0
45.8948,3470.1,77.1974,77.6584,0.843678,-3919.74,0
47.1684,3464.01,65.0328,52.0449,1.07032,-3943.04,0
47.596,3449.99,83.8164,51.3602,1.03755,-4202.28,0
