1.27491,3648.32,-56.5739,-5.51669,0.00876577,-1316.06,0
2.56009,3648.6,-54.8998,-6.57538,0.00833598,-545.362,0
3.83239,3649.09,-51.9346,-2.76719,0.00788781,-236.76,0
5.1143,3648.49,-48.7007,0.102629,0.0126594,-295.097,0
6.3951,3648,-47.9826,6.82033,0.0150913,-312.516,0
7.67855,3640.12,-46.514,13.8096,0.0542159,-1286.92,0
8.95699,3638.84,-46.9707,14.2367,0.0600509,-1245.59,0
10.2275,3588.17,-32.1087,-7.62046,0.376122,-6045.23,0
11.5079,3629.79,-15.7189,-11.3757,0.1217,-1756,0
12.7807,3641.32,-3.16349,-15.0728,0.0602661,-679.223,0
14.0589,3572.42,8.98178,-26.9167,0.500774,-5518.34,0
15.3455,3616.17,-32.3251,-60.6882,0.158556,-2204.77,0
16.6277,3609.25,-115.042,-30.898,0.122969,-2450.97,0
17.908,3556.3,-138.859,-3.02167,0.39596,-5232.31,0
19.1893,3522.43,-181.801,-1.57935,0.522536,-6647.94,0
20.4687,3522.36,-146.077,-6.68984,0.644599,-6236.1,0
21.746,3541.69,-106.069,-15.8878,0.669732,-4980.55,0
23.0289,3514.12,-92.0037,-22.2676,0.90677,-5900.4,0
24.3056,3491.86,-87.8889,-49.0965,1.03293,-6506.24,0
25.582,3496.18,-81.4757,-25.8209,1.0666,-6012.65,0
26.859,3503.78,-98.0097,-11.6212,0.907376,-5443.95,0
28.1322,3518.41,-111.684,-29.9606,0.697039,-4677.52,0
29.4027,3550.52,-105.281,4.14072,0.524977,-3383.21,0
30.686,3533.8,-115.116,-20.8529,0.601283,-3786.79,0
31.959,3583.62,-98.143,47.8035,0.320077,-2077.06,0
33.2321,3578.26,-137.181,120.715,0.160019,-2158.68,0
34.5007,3591.26,-154.895,117.943,0.0639723,-1702.66,0
35.7674,3581.5,-146.807,109.932,0.14107,-1915.06,0
37.0475,3580.41,-143.209,106.621,0.15943,-1878.4,0
38.3148,3586.68,-156.908,73.4091,0.124047,-1652.75,0
39.5959,3570.96,-166.94,104.995,0.148999,-1996.29,0
40.8666,3544.18,-177.258,45.8289,0.39311,-2589.51,0
42.1345,3530.87,-169.378,33.5452,0.511759,-2827.33,0
43.4098,3498.23,-180.718,35.816,0.705582,-3496.11,0
44.6857,3496.25,-170.521,37.5726,0.765877,-3440.71,0
45.9523,3510.87,-178.161,14.1564,0.631625,-3027.62,0
47.2387,3519.34,-198.585,43.7596,0.42901,-2765.93,0
48.5175,3500.85,-191.153,49.7692,0.583165,-3074.11,0
49.7993,3548.75,-165.412,40.4013,0.370051,-2033.12,0
51.0689,3542.93,-181.134,59.4848,0.322931,-2096.62,0
52.3423,3540.06,-209.146,56.5691,0.2488,-2100.37,0
53.6139,3495.81,-178.392,49.7783,0.734933,-2875.86,0
54.8991,3498.03,-186.719,61.8762,0.643055,-2768.13,0
56.1831,3538.91,-214.497,76.4697,0.19632,-1977.27,0
57.4528,3509.51,-221.095,139.022,0.26537,-2445.32,0
58.7263,3474.47,-263.608,105.827,0.408342,-2989.03,0
60.0143,3485.42,-228.026,133.106,0.461923,-2742.26,0
61.2945,3511.59,-229.655,189.932,0.0932468,-2258.14,0
62.5758,3474.94,-242.79,159.621,0.386993,-2797.55,0
63.6612,3449.99,-280.764,149.082,0.339911,-3141.76,0
