1.27409,3642.93,-57.1936,-39.5169,0.0316623,-5552.42,0
2.5527,3642.42,-53.6452,-45.9732,0.0329353,-2970.46,0
3.83735,3639.8,-38.5278,-41.8175,0.0562584,-2657.83,0
5.1173,3642.16,-53.9167,-52.6001,0.0296193,-1531.15,0
6.39248,3625.57,-45.7677,-67.25,0.105238,-3821.45,0
7.66987,3614.47,46.0738,-4.16867,0.200049,-4632.96,0
8.95406,3601.86,85.3757,-11.4924,0.223786,-5376.02,0
10.2268,3581.02,68.0721,-29.3275,0.367786,-6745.22,0
11.5001,3551.09,71.3317,-18.0482,0.574654,-8600.43,0
12.7765,3530.85,59.3191,-13.8717,0.787802,-9325.85,0
14.0476,3525.75,66.7228,2.20277,0.795523,-8845.09,0
15.3181,3527.9,86.3883,-4.78366,0.6738,-7970.97,0
16.6013,3523.77,74.5449,3.56595,0.750215,-7603.69,0
17.8837,3521.8,46.4825,4.49252,0.904647,-7168.32,0
19.1582,3570.47,56.2655,-12.2509,0.402415,-4151.11,0
20.4345,3606.85,112.433,16.0181,0.0801247,-2111.71,0
21.7078,3567.05,134.358,53.5302,0.226349,-3821.18,0
22.9886,3582.98,115.597,108.646,0.137657,-2915.34,0
24.2773,3544.5,91.4889,50.308,0.480436,-4345.43,0
25.5509,3537.72,65.7172,30.7904,0.63615,-4394.33,0
26.8272,3554.35,79.3391,82.3679,0.382776,-3565.4,0
28.1054,3562.47,93.7049,130.969,0.192126,-3114.3,0
29.3824,3497.93,89.7149,178.375,0.525814,-5175.72,0
30.6545,3529.08,53.9103,160.633,0.437827,-3944.72,0
31.9301,3573.8,67.3632,184.556,0.0523062,-2386.45,0
33.2153,3575.15,68.0157,180.09,0.0526285,-2253.4,0
34.4978,3537.6,132.387,175.774,0.173388,-3258.25,0
35.7699,3482.06,127.462,231.141,0.336786,-4695.04,0
37.0445,3491.16,120.102,221.462,0.315621,-4287.78,0
38.3154,3562.85,137.18,90.9403,0.18642,-2274.63,0
39.5936,3544.24,150.136,59.8955,0.323782,-2671.18,0
40.8699,3532.42,109.764,101.876,0.425068,-2876.89,0
42.146,3509.56,118.367,80.0287,0.591196,-3332.21,0
43.4221,3544.86,142.459,60.535,0.295652,-2421.43,0
44.7037,3504.32,132.303,32.9417,0.633176,-3258.78,0
45.9853,3514.39,122.542,52.2171,0.562096,-2949.07,0
47.2682,3513.43,127.926,37.1688,0.571099,-2889.26,0
48.548,3495.96,171.024,8.63895,0.499599,-3172.99,0
49.8276,3484.12,161.846,38.0765,0.611973,-3329.11,0
51.0992,3470.89,166.55,47.068,0.626931,-3505.1,0
52.3714,3483.39,133.625,66.1867,0.658762,-3181.38,0
53.6487,3469.67,154.419,57.4593,0.636209,-3361.37,0
54.92,3466.04,164.511,52.5444,0.604507,-3349.68,0
56.2003,3472.11,140.349,99.2784,0.563368,-3165.29,0
57.4851,3474.73,157.193,109.787,0.396886,-3049.01,0
58.7319,3449.98,150.328,133.796,0.500173,-3405.71,0
