1.28544,3648.79,-40.1696,36.9047,0.00242515,-943.24,0
2.55706,3643.93,-40.1089,38.1639,0.0255376,-2373.85,0
3.82402,3636.8,-40.4248,30.7265,0.0642574,-3451.56,0
5.1024,3617.92,0.269167,68.8121,0.14789,-6286.32,0
6.37765,3598.66,-44.7915,-5.25847,0.286738,-8049.31,0
7.66098,3601.35,-7.15546,-41.9026,0.27182,-6350.56,0
8.93388,3566.01,-19.4826,-37.7442,0.524851,-9400.91,0
10.2069,3591.18,-26.1514,-58.479,0.30312,-5762.69,0
11.483,3584.01,-80.1081,-136.345,0.1482,-5747.16,0
12.7593,3559.37,-64.8447,-157.304,0.263899,-7102.91,0
14.0366,3525.2,-41.3009,-144.156,0.588198,-8890.74,0
15.3071,3507.55,-34.5182,-155.682,0.650504,-9305.94,0
16.5935,3594.18,18.1566,-106.353,0.238815,-3364.24,0
17.8738,3572.89,90.5704,-118.821,0.290501,-4314.08,0
19.1482,3545.22,130.208,-131.853,0.360466,-5471.94,0
20.4107,3543.3,124.361,-173.573,0.272469,-5227.47,0
21.6886,3490.04,149.853,-266.872,0.0886226,-7375.18,0
22.5263,3449.99,118.337,-290.815,0.313758,-8879.17,0
