1.26826,3644.86,7.03948,-5.38235,0.0255638,-4054,0
2.54594,3640.71,9.54579,-1.34822,0.0467818,-3647.38,0
3.82723,3641.21,-1.65451,-6.01688,0.0442229,-2296.18,0
5.0968,3612.6,-4.31422,-30.4806,0.19762,-7337.01,0
6.36355,3637.48,26.192,-28.081,0.0532673,-1968.09,0
7.63817,3626.96,23.4182,-13.3803,0.115371,-3016.89,0
8.91131,3596.29,-12.2584,-33.2604,0.296961,-6026.96,0
10.1947,3572.66,-41.0928,-78.1831,0.365822,-7586.77,0
11.4746,3587.45,-44.8054,-85.1379,0.25567,-5451.56,0
12.753,3569.22,-17.4281,-90.523,0.373855,-6334.11,0
14.0311,3533.53,-17.1809,-113.081,0.536793,-8300.74,0
15.3013,3545.38,5.74201,-114.589,0.456514,-6837.66,0
16.5742,3587.91,19.0902,-105.373,0.185984,-3746.2,0
17.8487,3540.31,74.9779,-74.266,0.493059,-6145.33,0
19.1253,3573.54,85.5879,-91.8353,0.233137,-3997.86,0
20.3996,3553.43,104.444,-106.362,0.303305,-4733.72,0
21.672,3541.44,115.369,-72.1119,0.429393,-5009.13,0
22.9458,3559.07,45.2846,-83.0022,0.406732,-3962.69,0
24.225,3607.38,113.807,-62.0699,0.069136,-1759.35,0
25.5013,3561.63,71.0954,-71.5206,0.396373,-3465.33,0
26.7772,3614.03,24.9948,-23.7363,0.177071,-1343.4,0
28.0448,3610.68,21.6749,-4.58429,0.204017,-1401.92,0
29.3194,3594.84,14.9304,-17.4061,0.307493,-1881.38,0
30.5906,3549.46,-21.0237,-52.7638,0.60634,-3286.77,0
31.8682,3562.88,3.98479,-103,0.376518,-2733.65,0
33.1388,3602.4,-23.7203,-122.591,0.0896053,-1436.48,0
34.4118,3595.88,-14.5584,-141.96,0.0911085,-1572.82,0
35.6847,3583.89,-13.9929,-122.828,0.206406,-1852.48,0
36.9714,3582.64,24.6558,-114.113,0.219426,-1822.05,0
38.2473,3544.74,94.3628,-83.1118,0.421555,-2752.19,0
39.5165,3573.77,118.863,-53.7273,0.26577,-1928.98,0
40.7795,3575.13,148.899,-58.9569,0.188393,-1835.87,0
42.0495,3549.51,84.7525,-92.0303,0.432446,-2389.75,0
43.328,3523.46,76.8545,-190.962,0.274689,-2920.45,0
44.6013,3528.75,92.4862,-134.121,0.388033,-2718.52,0
45.8876,3574.03,91.543,-153.366,0.0550534,-1655.56,0
47.1652,3562.78,94.4768,-151.86,0.1214,-1849.32,0
48.4364,3510.63,103.038,-152.55,0.47433,-2877.34,0
49.7176,3484.94,151.699,-234.154,0.172578,-3320.02,0
50.228,3449.99,152.172,-241.04,0.375766,-3982.09,0
