1.28034,3649.25,24.9118,21.4083,0.00312508,-586.258,0
2.55959,3648.75,21.4112,26.1989,0.00514556,-487.378,0
3.82719,3646.11,25.4219,27.172,0.0167123,-1015.9,0
5.09201,3637.65,21.3182,20.6065,0.0632772,-2425.96,0
6.37281,3624.65,10.0925,57.753,0.113468,-3978.38,0
7.63966,3598.11,64.3978,75.5638,0.203744,-6792.11,0
8.9209,3598.05,122.963,83.3296,0.112124,-5823.2,0
10.2056,3606.13,102.592,87.2254,0.0961397,-4299,0
11.4807,3563.75,66.2517,120.374,0.325078,-7512.81,0
12.7638,3540.45,73.5216,82.3721,0.555338,-8582.8,0
14.0371,3545.18,117.202,155.746,0.245161,-7467.31,0
15.3094,3534.25,134.568,163.844,0.242255,-7560.9,0
16.5936,3486.43,136.277,200.51,0.460601,-9857.57,0
17.8708,3484.24,150.522,169.445,0.563258,-9275.17,0
19.145,3499.67,176.188,112.304,0.555724,-7852.08,0
20.417,3513.76,162.592,142.963,0.40195,-6672.82,0
21.6905,3515.86,131.318,176.101,0.383941,-6184.28,0
22.9604,3554.95,175.66,164.372,0.0546244,-4139.69,0
24.2308,3549.17,143.632,135.138,0.218172,-4161.18,0
25.5044,3535.57,112.485,75.7604,0.516224,-4486.81,0
26.7701,3572.96,113.896,51.7435,0.298281,-2877.95,0
28.0505,3579.18,114.623,67.2247,0.251417,-2524.57,0
29.3249,3598.1,114.158,43.868,0.173962,-1769.94,0
30.5983,3581.44,107.389,58.5369,0.263768,-2240.56,0
31.8749,3538.22,98.1913,105.474,0.454737,-3506.76,0
33.1524,3509.77,116.155,120.32,0.542798,-4229.77,0
34.4345,3508.51,77.6378,127.889,0.623619,-4108.91,0
35.7214,3499.51,73.3533,163.585,0.566152,-4212.95,0
36.9965,3525.2,82.5999,179.593,0.279997,-3373.35,0
38.2764,3479.57,105.963,182.689,0.617593,-4452.7,0
39.5508,3480.65,107.947,202.616,0.517951,-4281.75,0
40.8326,3512.99,74.627,234.471,0.211132,-3355.29,0
42.1105,3485.68,101.231,251.182,0.261951,-3902.13,0
43.0137,3449.99,69.2966,273.819,0.403345,-4649.8,0
