1.27529,3636.68,13.2426,-93.1893,0.0603624,-10446.5,0
2.55797,3644.77,6.40393,-96.1443,0.0203174,-2046.09,0
3.83033,3640.07,1.80016,-92.9802,0.0451258,-2593.33,0
5.10876,3646.87,-7.61964,-85.3094,0.0204188,-612.551,0
6.3876,3640.98,-2.51321,-77.3641,0.0551836,-1412.77,0
7.66593,3604.82,29.8793,-51.9119,0.265043,-5894.18,0
8.93988,3613.84,61.4377,-7.35627,0.210108,-4044.64,0
10.2152,3592.59,15.9189,-14.951,0.380115,-5619.64,0
11.4996,3576.91,-22.037,-6.10166,0.497309,-6355.76,0
12.7776,3591.48,-37.7596,-3.3355,0.370852,-4579.54,0
14.052,3598.36,-76.1025,-7.98409,0.275621,-3674.9,0
15.3313,3555.48,-117.667,-16.0595,0.444468,-6165.15,0
16.5968,3494.42,-149.296,-7.21182,0.716566,-9374.07,0
17.8767,3479.06,-147.497,-6.05516,0.839182,-9562.15,0
19.1559,3468.36,-146.269,-16.3749,0.900553,-9482.34,0
20.364,3449.97,-149.251,-48.1915,0.941424,-9822.93,0
