1.36454,3581.75,69.6219,-37.6807,1.94385,-50016.5,0
2.72657,3581.51,51.5685,10.0538,2.16107,-25118.5,0
4.09811,3576.84,74.3489,16.649,2.00173,-17851,0
5.45437,3611.68,40.5562,19.8116,1.02919,-7026.24,0
6.82429,3598.97,15.8628,32.6861,1.47414,-7478.32,0
8.20543,3536.81,12.8085,-6.45743,4.40173,-13794,0
9.57077,3558.28,-11.2774,17.6777,2.24014,-9582.92,0
10.9465,3551.86,-22.6558,-40.9777,2.16455,-8965.87,0
12.2982,3552.55,-21.2102,-35.1798,2.13377,-7923.92,0
13.6714,3561.47,-19.0431,-12.5487,1.76832,-6475.78,0
15.047,3567.65,2.1577,-13.7402,1.47591,-5473.06,0
16.404,3548.42,64.8039,-64.978,1.31542,-6192.48,0
17.7775,3517.29,60.39,-54.5902,2.70555,-7465.1,0
19.1343,3531.79,138.539,-85.729,0.308762,-6178.16,0
20.4904,3494.85,194.136,-98.3414,0.207721,-7571.64,0
21.8492,3500.05,176.456,-77.8522,0.814142,-6862.72,0
23.2181,3471.68,127.193,-104.527,2.75652,-7680.04,0
24.5725,3472.31,147.109,-70.6943,2.6392,-7231.16,0
25.9385,3466.44,171.972,-97.7441,1.59324,-7076.56,0
26.0507,3449.95,171.661,-99.9952,2.19561,-7679.15,0
