1.37281,3603.44,-31.8036,30.4194,1.34249,-33918.6,0
2.74291,3622.36,-48.1247,26.3413,0.669336,-10077.9,0
4.11616,3614.71,-79.5003,20.9584,0.724124,-8572.48,0
5.47633,3593.51,-96.891,43.2138,1.14113,-10314.4,0
6.83539,3572.48,-94.8544,50.1362,1.74306,-11341.2,0
8.20221,3614.31,-56.9129,21.3636,0.811505,-4351.62,0
9.57447,3630,-90.8535,-14.7362,0.180264,-2088.64,0
10.9581,3628.62,-120.619,1.72334,0.0279255,-1951.45,0
12.314,3593.14,-94.1056,90.5897,0.863222,-4617.48,0
13.675,3593.78,-109.928,140.819,0.245223,-4111.12,0
15.0467,3589.47,-86.2074,123.42,0.634976,-4023.01,0
16.4062,3570.1,-94.5211,54.9567,1.7298,-4870.25,0
17.7795,3602.23,-90.0104,17.3086,0.930904,-2686.62,0
19.1556,3619.84,-71.9802,16.1407,0.539077,-1574.69,0
20.5171,3615.36,37.2913,-1.67523,0.85428,-1688.4,0
21.8793,3585.15,45.6491,19.2051,1.81073,-2964.04,0
23.2553,3576.18,85.2203,-18.4255,1.71786,-3174.48,0
24.6028,3580.36,134.391,-0.835178,0.982862,-2830.49,0
25.9662,3570.68,184.556,-15.4358,0.611197,-3054.79,0
27.3472,3519.67,153.862,-52.6909,2.75168,-4765.74,0
28.7008,3529.83,134.945,-66.227,2.50821,-4186.85,0
30.0581,3506.14,136.583,-73.0179,3.25107,-4785.93,0
31.4194,3495.21,106.736,-58.9188,4.30445,-4926.58,0
32.7799,3509.32,99.745,-47.2167,3.52717,-4291.52,0
34.1539,3545.29,134.897,-35.5617,1.39004,-3065.72,0
35.533,3561.03,66.0005,-66.376,1.42415,-2503.74,0
36.9009,3520.53,43.2707,-35.923,3.86968,-3508.53,0
38.2639,3526.41,43.4277,-36.3652,3.04391,-3229.95,0
39.6332,3502.12,72.949,-55.4931,2.8191,-3731.17,0
40.986,3520.82,73.193,-31.6736,2.25332,-3151.89,0
42.3704,3493.8,32.773,-39.0387,4.65862,-3686.54,0
43.7448,3470.04,27.9717,-33.365,5.85561,-4113.87,0
45.0199,3449.87,43.7666,-11.9614,6.1055,-4445.3,0
