1.36854,3603.77,12.5638,147.511,0.697622,-33779.4,0
2.72548,3586.15,15.7903,108.88,1.51327,-23426.5,0
4.08054,3571.84,-2.65885,115.758,1.86195,-19154.1,0
5.44824,3557.86,59.0165,117.133,2.10977,-16912.8,0
6.81605,3565.36,34.172,116.665,1.91355,-12418.1,0
8.18689,3547.48,69.1903,141.926,1.97938,-12522.9,0
9.55362,3552.75,52.7774,138.911,1.84414,-10179.1,0
10.9182,3496.95,102.487,158.117,3.18054,-14017.9,0
12.2913,3486.41,95.1155,164.338,3.41785,-13309.6,0
13.6483,3484.71,148.625,142.873,2.83049,-12110.9,0
15.0127,3491.79,121.13,138.792,3.0628,-10538.4,0
16.3928,3463.71,128.085,145.73,3.59437,-11364.3,0
17.775,3469.26,100.105,149.136,3.68717,-10168.3,0
18.8467,3449.78,124.939,131.609,4.13337,-10623.6,0
