1.37034,3592.91,-16.319,18.8423,1.77535,-41658.3,0
2.73386,3571.1,7.09047,8.71182,2.61242,-28860.3,0
4.11069,3574.05,2.81588,-13.9033,2.30416,-18475.8,0
5.48993,3608.91,45.9406,-8.31819,0.74349,-7484.66,0
6.85204,3606.05,23.9195,16.4532,0.911193,-6414.12,0
8.2169,3615.39,96.0207,17.9584,0.204487,-4212.48,0
9.59871,3573.74,114.903,24.8438,1.19183,-7944.49,0
10.9507,3577.93,57.8476,134.35,0.730902,-6581,0
12.3125,3580.89,52.4316,156.399,0.362885,-5613.03,0
13.6749,3561.78,40.1491,215.986,0.329386,-6451.34,0
15.0489,3542.58,37.6548,197.405,1.36561,-7137.94,0
16.4078,3549.92,52.2511,216.603,0.70686,-6099.68,0
17.7721,3522.27,30.3185,197.822,2.03904,-7187.21,0
19.1337,3565.25,69.3558,186.92,0.475502,-4429.15,0
20.4886,3568.97,51.5885,154.019,0.843832,-3954.91,0
21.8518,3555.96,86.3119,203.277,0.304632,-4303.59,0
23.2263,3544.18,69.1486,171.277,1.25731,-4555.94,0
24.6055,3559.35,89.9453,110.591,1.37745,-3683.94,0
25.9786,3536.13,83.1597,119.784,2.09652,-4383.05,0
27.3529,3553.35,74.4006,162.605,0.920319,-3533.47,0
28.7257,3523.74,98.3264,186.99,1.29798,-4395.33,0
30.0962,3520.55,103.177,213.946,0.703844,-4301.11,0
31.445,3511.52,109.32,231.167,0.59865,-4403.91,0
32.8071,3515.12,112.199,211.529,0.771602,-4111.29,0
34.1762,3496.77,81.078,265.828,0.522325,-4483.5,0
35.5393,3503.21,50.8435,235.533,1.31012,-4130.24,0
36.4975,3449.96,16.5536,260.707,2.56647,-5480.9,0
