1.36117,3602.83,-6.0015,2.14298,1.45369,-34653.7,0
2.73633,3586.14,-19.472,-4.25031,2.00555,-23338.6,0
4.10724,3589.65,-48.6995,-39.4546,1.57251,-14694.5,0
5.46366,3583.61,-59.3486,-74.505,1.38093,-12151.8,0
6.8229,3585.72,-87.8139,-63.9408,1.14494,-9421.11,0
8.20786,3568.74,-180.411,-86.7407,0.735495,-9900.59,0
9.56354,3570.17,-190.123,-99.2862,0.571592,-8347.04,0
10.941,3544.03,-152.159,-86.4031,2.18008,-9685.77,0
12.2899,3561.66,-161.094,-82.6853,1.50328,-7188.17,0
13.6689,3566.63,-178.818,-56.2767,1.23295,-6099.4,0
15.0265,3569,-122.534,-49.751,1.94698,-5390.63,0
16.3941,3599.79,-128.471,-35.6835,0.995924,-3062.88,0
17.7668,3579.38,-100.99,-35.4274,1.83548,-3975.01,0
19.1415,3557.56,-71.1117,-50.267,2.68578,-4829.44,0
20.5208,3567.54,-76.8833,-19.2498,2.33089,-4018.16,0
21.8857,3595.04,-98.0866,-12.0668,1.18909,-2511.01,0
23.2522,3591.18,-77.4873,-13.1921,1.48021,-2529.57,0
24.6292,3593.25,-14.188,-35.4805,1.62179,-2304.36,0
25.987,3622.01,42.4867,14.1622,0.614147,-1077.26,0
27.3491,3589.47,33.3904,48.5184,1.58035,-2213.1,0
28.7079,3613.28,10.7796,49.5642,0.818988,-1279.23,0
30.0745,3617.87,-16.1619,95.087,0.389636,-1068.2,0
31.4324,3598.93,-41.6389,62.6897,1.09396,-1624.79,0
32.7861,3623.65,-72.2449,73.2764,0.154156,-803.84,0
34.1419,3585.54,-103.095,98.8898,0.888462,-1887.92,0
35.5118,3520.02,-96.1453,95.4599,3.17332,-3660.17,0
36.8749,3540.21,-114.064,71.529,2.29429,-2977.26,0
38.2388,3568.09,-83.7059,95.8261,1.3674,-2142.03,0
39.6056,3581.81,-74.4692,90.5002,1.0069,-1721.65,0
40.9817,3603.13,-91.9155,93.0975,0.102879,-1143.63,0
42.3541,3547.99,-126.435,126.617,1.36264,-2408.41,0
43.7148,3585.1,-79.3146,148.779,0.271579,-1484.61,0
45.0798,3554.6,-47.8632,120.054,1.78773,-2116.28,0
46.4509,3534.33,-42.4511,90.194,2.8928,-2490.06,0
47.8077,3521.78,-35.5295,81.0601,3.4076,-2681.92,0
49.1782,3524.32,-9.72004,76.8735,3.27374,-2555.63,0
50.5466,3535.38,-3.0389,47.8081,3.12919,-2267.62,0
51.903,3501.18,10.1253,67.4712,4.11291,-2867.19,0
53.2781,3543.1,31.484,86.2589,1.41981,-2006.4,0
54.64,3535.15,57.0432,116.018,1.02047,-2101.99,0
56.0037,3532.67,54.847,114.049,1.08797,-2094.99,0
57.3795,3540.48,65.9922,80.42,1.20107,-1908.65,0
58.7442,3511.44,62.2329,96.7426,1.90182,-2358.76,0
60.1209,3491.19,43.4977,82.6784,3.31284,-2641.52,0
61.484,3523.31,41.1233,118.005,1.07334,-2060.48,0
62.8597,3529.23,41.5847,114.011,0.931907,-1921.21,0
64.2169,3496.75,21.4227,155.965,1.21241,-2386.44,0
65.577,3500.89,-9.1144,139.537,1.56165,-2273.87,0
66.9408,3480.34,44.2884,139.69,2.20484,-2534.42,0
68.2964,3487.52,90.0963,124.721,1.67207,-2379.01,0
69.6513,3515.54,137.238,100.598,0.11359,-1930.47,0
71.0032,3494.23,117.091,124.048,0.840559,-2193.84,0
72.373,3506.54,89.4802,100.807,1.43397,-1982.24,0
73.5643,3449.99,106.262,141.056,2.09273,-2718.84,0
