1.35766,3598.41,-4.28221,-7.58616,1.66904,-38000.3,0
2.7251,3584.46,15.2427,18.9444,2.11073,-24049.3,0
4.09144,3583.8,40.2467,28.4813,1.88318,-16180.6,0
5.45556,3610.16,32.3136,20.349,0.994944,-7302,0
6.82638,3612.59,73.3306,85.7694,0.391296,-5479.59,0
8.19935,3599.65,74.1718,113.212,0.514933,-6140.4,0
9.56588,3583.84,156.049,19.3446,0.768136,-6916.02,0
10.9288,3554.68,124.455,32.0312,2.07012,-8721.66,0
12.2967,3597.91,86.7121,13.2297,1.1023,-4235.86,0
13.657,3639.68,62.1723,-7.66522,0.0398637,-755.627,0
15.0327,3574.05,77.38,-10.0285,1.92699,-5052.34,0
16.4048,3555.92,66.3917,-26.7761,2.61139,-5734.91,0
17.7694,3547.62,71.8489,-34.1657,2.67099,-5761.46,0
19.142,3562.9,53.9065,-44.8327,1.99577,-4550.14,0
20.4966,3553.11,49.6811,-18.882,2.56809,-4727.16,0
21.8614,3515.78,62.4557,0.590737,3.87813,-6139.6,0
23.2167,3502.03,100.735,-27.8591,2.89139,-6373.6,0
24.5925,3507.09,115.734,-6.49229,2.22846,-5811.12,0
25.9565,3527.32,140.062,-42.1165,0.648741,-4726.44,0
27.331,3528.17,162.834,-50.1319,0.034186,-4457.69,0
28.7028,3487.81,192.197,-46.1874,0.840909,-5650.6,0
30.0762,3468.41,216.18,-16.8481,0.978796,-6037.51,0
31.4309,3480.31,207.641,-13.2026,0.880454,-5398.74,0
32.7984,3469.5,219.71,-47.2586,0.716008,-5503.46,0
34.1704,3494.27,188.721,-37.5518,0.874658,-4557.39,0
35.5419,3513.18,193.719,-12.8114,0.183657,-3849.56,0
36.9155,3477.67,212.448,3.45283,0.843864,-4668.33,0
37.6563,3449.91,240.169,-12.0066,0.87535,-5313.53,0
