1.36185,3596.43,-6.53914,44.713,1.54837,-39339.2,0
2.71683,3624.84,-6.31041,29.3048,0.6553,-9260.33,0
4.07772,3593.55,17.9371,24.7845,1.67221,-13844.6,0
5.44694,3590.53,23.681,5.78684,1.74794,-10918.3,0
6.79133,3577.79,38.1826,10.8778,2.06964,-10632.6,0
8.16568,3577.15,54.7272,22.3981,1.84183,-8921.13,0
9.5484,3578.56,46.0036,49.164,1.64579,-7481.44,0
10.9245,3560.13,70.4546,68.0002,1.86941,-8226.09,0
12.293,3573.55,109.014,48.6357,1.10586,-6218.79,0
13.6581,3597.35,104.728,7.72579,0.502245,-3854.86,0
15.0301,3616.44,54.9316,-15.0759,0.287395,-2232.63,0
16.4044,3580.59,20.2257,-3.86736,1.71758,-4231.11,0
17.7696,3586.86,57.2618,22.6134,1.12652,-3553.46,0
19.1353,3574.73,31.2488,42.1561,1.61866,-3933.38,0
20.4912,3599.87,31.2281,84.9985,0.382287,-2446.26,0
21.8595,3600.95,46.3857,90.9661,0.248495,-2244.03,0
23.2209,3552.2,54.1145,53.5726,2.1766,-4211.94,0
24.5824,3559.53,76.9136,44.2754,1.65023,-3680.44,0
25.9446,3555.98,190.097,8.22711,0.54037,-3623.94,0
27.3112,3531.25,182.844,-39.5099,1.47035,-4348.05,0
28.6738,3535.39,198.135,-36.8896,1.07777,-3996.95,0
30.0504,3534.91,162.349,7.2659,1.705,-3830.03,0
31.4056,3542.05,158.367,-19.8894,1.39849,-3437.16,0
32.762,3507.19,165.749,54.4908,2.4067,-4359.14,0
34.1133,3496.77,160.456,21.9644,2.89519,-4491.77,0
35.484,3481.54,129.089,10.4021,4.14852,-4747.52,0
36.8492,3480.55,132.652,-22.5312,3.51775,-4598.45,0
38.224,3469.37,132.96,26.384,3.65341,-4725.67,0
39.5905,3488.3,132.848,31.4944,2.55661,-4084.44,0
40.9623,3531.2,129.352,22.728,1.01491,-2900.23,0
42.3308,3472.53,191.05,33.9681,1.70083,-4192.39,0
43.6834,3496.15,138.175,48.5036,2.06772,-3521.97,0
45.0604,3482.49,179.983,45.6799,1.54402,-3717.48,0
46.421,3471.57,199.913,52.7842,1.12939,-3843.74,0
47.7949,3475.69,177.461,21.3544,2.03768,-3647.08,0
49.1796,3485.83,167.449,-7.51243,1.84196,-3338.12,0
50.5415,3460.82,173.978,-15.4301,2.65549,-3743.05,0
50.6574,3450.02,184.761,-5.68861,2.62351,-3947.72,0
