1.37507,3582.47,-77.4418,-45.7159,1.77516,-49113.5,0
2.72623,3576.13,-77.4568,-81.5958,1.64483,-27096.7,0
4.10244,3580.23,-4.8591,-103.24,1.56267,-17006.1,0
5.45867,3589.18,7.3496,-149.45,0.679423,-11141.6,0
6.82474,3524.02,-4.72659,-139.803,3.00584,-18459.4,0
8.191,3515.98,-5.47297,-124.63,3.41675,-16362.4,0
9.56607,3498.8,-4.55675,-107.756,4.32918,-15805.7,0
10.9343,3522.75,-7.73984,-84.31,3.58151,-11638.1,0
12.3034,3514.41,-26.2789,-80.5997,3.55214,-11020.4,0
13.6713,3531.46,-27.4665,-115.133,2.02114,-8670.89,0
15.042,3515.15,-28.3352,-127.625,2.13238,-8964.92,0
16.4108,3488.78,-39.96,-117.379,3.16527,-9824.21,0
17.7635,3487.12,-25.982,-111.743,3.38263,-9169.1,0
19.1421,3464.87,-29.3569,-113.355,3.86804,-9671.4,0
19.4865,3449.94,-39.7695,-101.43,4.69131,-10266.3,0
