1.37159,3611.59,-30.3064,-2.3163,1.10427,-28006.3,0
2.73557,3603.16,-2.64358,-6.03159,1.40714,-17123.7,0
4.09729,3632.25,14.1005,0.0883082,0.408445,-4331.69,0
5.46067,3595.25,29.6479,42.9812,1.45892,-10025.7,0
6.83372,3565.24,30.5407,65.2126,2.318,-12403,0
8.19808,3558.37,15.3664,39.6858,2.82184,-11177.3,0
9.55565,3558.95,-11.32,50.4851,2.49646,-9528.72,0
10.9146,3502.93,-26.0166,38.342,5.33956,-13475.1,0
12.2711,3508.49,-28.5805,40.9022,4.13951,-11531.7,0
13.6317,3484.36,-32.885,16.9141,5.58913,-12151.2,0
15.0096,3470.21,-58.6221,14.4158,4.13446,-11978.3,0
16.3585,3457.49,-62.0939,4.55858,4.13619,-11768.4,0
17.7246,3476.58,-83.4275,41.4788,1.41824,-9784.36,0
19.0997,3481.83,-85.4077,34.0746,1.22782,-8805.01,0
20.477,3468.29,-94.8169,34.7157,1.4005,-8873.92,0
20.6716,3449.98,-114.458,44.8184,1.28453,-9676.31,0
