1.36538,3612.92,-17.1454,23.5622,1.06327,-27156,0
2.73038,3627.68,-54.3076,18.8595,0.486134,-8172.98,0
4.10531,3622.86,31.9553,7.96061,0.72018,-6611.85,0
5.47461,3612.94,-7.33423,-13.4824,1.0617,-6770.21,0
6.84361,3546.84,32.0167,13.1808,3.65484,-15073.3,0
8.21154,3531.51,77.3214,21.8412,3.16105,-14429.7,0
9.57688,3594.98,33.4117,3.70276,0.936717,-5744.79,0
10.9296,3593.82,48.2896,-2.16879,0.875615,-5140.35,0
12.2842,3591.23,45.1276,6.96856,0.982417,-4784.04,0
13.6433,3575.72,41.8315,95.2728,0.921783,-5444.75,0
15.021,3549.67,61.6054,57.5622,2.08172,-6679.52,0
16.3913,3590.51,36.0862,79.3428,0.598437,-3629.27,0
17.7744,3571.14,23.466,89.4316,1.15895,-4436.92,0
19.1445,3574.56,27.8389,35.9094,1.54921,-3940.68,0
20.5158,3596.74,50.7812,11.3815,0.642398,-2596.3,0
21.8808,3572.17,35.2685,23.0213,1.64812,-3557.17,0
23.2446,3547.34,32.3604,11.1631,2.82648,-4416.47,0
24.6019,3534.43,-12.322,-43.5883,3.11869,-4697.68,0
25.9783,3544.64,-33.588,-44.6235,2.16718,-4055.77,0
27.354,3532.65,-72.3058,-39.8881,2.07267,-4290.05,0
28.7289,3514.78,-73.389,-58.1811,2.38229,-4706.87,0
30.0952,3508.43,-117.435,-56.1794,1.6662,-4704.03,0
31.4518,3467.33,-112.269,-61.9508,3.5638,-5807.87,0
32.8229,3506.98,-84.7418,-65.6761,2.50894,-4357.42,0
34.1964,3530.47,-101.738,-105.984,0.740321,-3495.49,0
35.5572,3490.79,-56.8368,-138.661,1.96283,-4477.46,0
36.9199,3496.09,-16.7349,-102.893,3.03822,-4168.77,0
38.2929,3503.71,5.32878,-104.497,2.52906,-3820.38,0
39.6634,3503.52,-4.37556,-138.08,1.39943,-3692.99,0
41.032,3495.79,21.2157,-140.017,1.54906,-3758.33,0
42.3554,3449.93,21.1178,-113.204,4.07822,-4723.53,0
