1.36795,3614.42,47.0023,31.635,0.975416,-26008.7,0
2.73102,3618.1,78.3524,29.3072,0.692298,-11681.2,0
4.08931,3601.55,59.8521,50.4858,1.20541,-11848,0
5.44305,3597.99,73.3618,120.302,0.809813,-9555,0
6.82645,3547.54,112.839,99.7737,2.08622,-15009.9,0
8.18881,3544.43,116.2,70.8037,2.37924,-12892.5,0
9.54071,3513.68,121.482,39.1634,3.3475,-14288.3,0
10.9115,3500.58,126.93,60.3721,3.35281,-13693.5,0
12.2685,3492.72,98.4144,47.9011,4.22162,-12820.2,0
13.6382,3495,120.143,39.5967,3.28714,-11365.2,0
15.0096,3522.61,107.557,54.2241,2.20407,-8487.15,0
16.3768,3555.82,150.312,89.1829,0.0647359,-5750.91,0
17.7452,3516.51,96.6706,102.378,2.0974,-7522.89,0
19.1005,3545.65,50.4474,128.806,1.07293,-5463.17,0
20.4785,3540.34,24.6269,134.475,1.21626,-5354.81,0
21.8557,3516.93,51.3542,158.661,1.26121,-6088.38,0
23.2139,3477.6,2.75778,147.311,3.31475,-7426.77,0
24.5842,3494.33,31.5564,174,1.43013,-6332.22,0
25.9658,3481.48,71.1826,216.08,0.138764,-6490.01,0
26.617,3449.95,16.6782,228.787,1.32528,-7515.91,0
