1.36829,3619.14,-91.7577,57.5987,0.495978,-22550.6,0
2.74098,3613.96,-132.781,8.83895,0.413826,-13147.2,0
4.10762,3625.95,-69.4737,-8.12594,0.52462,-5854.22,0
5.48698,3580.24,-31.1283,-33.8913,2.16574,-12714.1,0
6.84164,3570.36,-22.7565,-78.084,2.08561,-11639.8,0
8.20353,3551.34,-10.4012,-51.5458,3.10857,-12026.9,0
9.57878,3511.43,-0.953563,-56.2871,4.76156,-14466.1,0
10.9438,3516.89,2.22343,-53.008,4.18648,-12163.4,0
12.3155,3522.17,11.6339,-28.0556,4.14579,-10379.9,0
13.674,3528.3,-1.23593,-22.7411,3.51483,-8899.84,0
15.0249,3529.25,-2.40323,-31.9478,2.97906,-8036.4,0
16.3821,3556.27,-32.0601,-13.6796,1.15911,-5721.53,0
17.7333,3560.45,-71.5916,22.8813,0.401749,-5049.83,0
19.108,3487.58,-150.717,39.1803,1.32627,-8499.99,0
20.4762,3487.6,-150.184,33.5415,1.27747,-7931.23,0
21.3073,3449.99,-150.014,10.4657,2.80051,-9386.77,0
