1.35925,3603.77,85.0681,-59.9846,1.10873,-34014.3,0
2.72311,3586.88,39.8949,-46.8925,1.971,-23180.7,0
4.08594,3573.76,41.7039,-42.9483,2.4031,-18658.5,0
5.45375,3598.61,13.5201,-37.5197,1.56743,-9422.32,0
6.80195,3621.64,23.2499,-58.7826,0.667796,-4169.35,0
8.17055,3614.9,104.465,-76.2396,0.426439,-4295.77,0
9.5389,3606.76,65.7183,-47.6085,1.01079,-4532.67,0
10.896,3617.65,36.225,5.84681,0.91728,-2968.91,0
12.2563,3639.68,-23.9914,20.6233,0.269177,-842.09,0
13.6135,3622.83,38.8547,-1.79877,0.735299,-1996.05,0
14.98,3605.52,63.7822,33.416,1.0816,-2969.42,0
16.341,3579.37,72.9089,49.3604,1.74229,-4322.02,0
17.7104,3565.26,58.3425,65.6862,2.14902,-4784.9,0
19.0718,3543.58,100.889,68.3744,2.36297,-5580.05,0
20.4332,3518.27,80.0206,99.5285,2.9653,-6446.64,0
21.7911,3517.85,55.5989,183.361,1.72253,-6064.37,0
23.1732,3474.88,45.3437,176.842,3.4841,-7556.83,0
24.5378,3482.46,70.8343,224.088,1.42109,-6828.02,0
25.9106,3485.12,87.4262,225.188,0.960547,-6363.25,0
27.2978,3482.82,101.486,231.5,0.654359,-6124.21,0
28.103,3449.98,80.5757,215.012,2.72354,-7117.46,0
