1.3695,3634.47,110.073,37.8522,0.0280209,-11337.9,0
2.7335,3612.92,150.904,-2.01206,0.290039,-13566.2,0
4.11008,3575.17,86.3184,-18.0127,1.96899,-18207.3,0
5.45954,3597.44,75.9564,-33.5947,1.2566,-9627.55,0
6.81767,3581.51,73.7133,-57.9099,1.6229,-10045.8,0
8.17681,3590.73,122.463,-61.5433,0.806236,-7248.63,0
9.55092,3588.17,102.239,-138.777,0.545338,-6474.05,0
10.9179,3550.37,81.0378,-87.2345,2.28172,-9125.63,0
12.2937,3618.02,72.884,-87.7256,0.315401,-2601.65,0
13.646,3595.04,120.705,-138.539,0.371172,-4027.79,0
15.0276,3550.97,111.673,-111.64,2.075,-6589.74,0
16.3901,3504.41,136.326,-127.974,3.10802,-8882.53,0
17.76,3484.84,119.999,-95.549,4.531,-9299.48,0
19.1093,3493.87,117.472,-112.659,3.38752,-8170.18,0
20.4769,3493.84,98.8682,-119.223,3.45546,-7626.01,0
21.8522,3519.83,48.8527,-98.7889,3.36973,-5956.76,0
23.2244,3570.36,5.20945,-82.3423,1.88867,-3429.1,0
24.5882,3596.79,16.0981,-135.378,0.462369,-2164.14,0
25.9585,3561.96,1.18308,-146.037,1.40046,-3391.47,0
27.3345,3506.74,30.8195,-146.092,3.18979,-5241.02,0
28.692,3498.58,20.7746,-156.825,2.98822,-5277.47,0
30.052,3501.07,12.293,-115.988,3.8274,-4955.63,0
31.4111,3493.33,18.7822,-86.9753,4.47482,-4987.63,0
32.7745,3464.15,24.2949,-81.3036,5.20436,-5670.47,0
33.7925,3449.95,36.1734,-83.2556,4.96788,-5919.84,0
