1.28311,3648.97,-25.443,30.3843,0.00988171,-801.19,0
2.55015,3646.7,-19.6105,31.8482,0.0258473,-1295.88,0
3.82293,3648.09,-17.0369,30.5275,0.0179822,-500.108,0
5.09294,3649.91,-14.9106,31.9304,0.00588957,-16.9613,0
6.37477,3650.65,-11.1644,31.5781,0.00201362,101.291,0
7.64418,3646.35,-9.03002,36.8645,0.027187,-477.121,0
8.91581,3634.49,-20.7082,38.6996,0.102159,-1739.05,0
10.1931,3575.56,-0.59001,40.9114,0.590105,-7302.93,0
11.4754,3608.5,56.3222,-3.57285,0.271901,-3616.68,0
12.7401,3610.07,86.4728,2.24668,0.208784,-3134.42,0
14.0245,3601.79,73.8147,27.6827,0.282194,-3437.67,0
15.2892,3589.01,112.268,60.9452,0.260166,-3988.86,0
16.5626,3598.35,142.321,23.6418,0.1506,-3118.43,0
17.8377,3609.23,136.605,41.2405,0.0881725,-2285.55,0
19.1132,3534.37,120.848,48.4585,0.711002,-6049.51,0
20.3929,3541,106.378,55.9741,0.696091,-5345.19,0
21.661,3521.24,138.678,68.964,0.691236,-5944.33,0
22.9416,3514.06,159.901,14.5808,0.710424,-5925.64,0
24.2215,3513.69,141.618,-20.9865,0.809963,-5627.67,0
25.4893,3528.74,135.383,-14.9705,0.692523,-4757.32,0
26.7603,3523.25,203.342,53.1944,0.404193,-4736.41,0
28.0493,3488.91,159.27,96.6885,0.92242,-5743.14,0
29.3323,3494.04,174.687,134.363,0.585326,-5317.09,0
30.6109,3466.35,197.12,176.141,0.51546,-5999.62,0
30.7859,3449.99,186.315,185.644,0.680441,-6496.87,0
