1.27367,3643.2,73.5381,34.2552,0.0351183,-5341.21,0
2.54596,3639.93,74.8921,34.7343,0.0533053,-3953.58,0
3.82406,3633.71,92.2383,22.3353,0.0753281,-4259.72,0
5.0961,3646.28,88.0015,24.6381,0.00337271,-729.923,0
6.37189,3644.66,87.1294,32.4499,0.0109437,-837.679,0
7.64886,3644.8,80.9313,34.9683,0.0160154,-679.607,0
8.93571,3615.42,76.4692,14.813,0.220702,-3869.9,0
10.2187,3636.18,104.944,-32.3209,0.037801,-1352.24,0
11.4904,3560.37,146.597,-69.0711,0.422865,-7800.63,0
12.7708,3521.39,150.926,-13.5076,0.822914,-10070.4,0
14.0367,3568.78,159.447,-50.2616,0.31895,-5786.03,0
15.3165,3596.4,105.379,-44.1779,0.24894,-3499.49,0
16.5964,3559.03,94.858,-36.4081,0.564363,-5481.18,0
17.8712,3579.67,107.673,-24.5187,0.363127,-3935.39,0
19.1499,3561.63,127.067,-30.3339,0.395427,-4614.77,0
20.4217,3531.5,103.95,-21.174,0.735538,-5802.52,0
21.7049,3559.94,72.3355,-35.4343,0.57909,-4149.23,0
22.9809,3546.94,78.2995,-93.114,0.529575,-4484.47,0
24.2577,3512.09,44.4367,-90.9063,0.921376,-5685.33,0
25.5276,3507.64,47.5192,-91.6798,0.912764,-5576.83,0
26.7915,3529.4,63.8076,-149.15,0.404425,-4501.31,0
28.0707,3530.81,39.9461,-161.032,0.379114,-4245.91,0
29.3489,3525.92,24.3999,-180.968,0.31934,-4227.9,0
30.6275,3538.51,34.1105,-101.026,0.52306,-3640.32,0
31.901,3545.35,59.3589,-46.9703,0.594841,-3280.55,0
33.1855,3561.57,78.9871,-42.1231,0.391111,-2664.82,0
34.4635,3591.44,97.249,-47.7405,0.105679,-1699.2,0
35.7354,3575.11,56.4839,-80.543,0.2432,-2095.81,0
37.0054,3579.58,-56.1371,-91.8343,0.197538,-1903.03,0
38.2705,3583.17,1.43008,-105.737,0.157769,-1746.34,0
39.5452,3596.43,22.9885,-65.7042,0.140158,-1354.62,0
40.8174,3566.24,71.531,-74.6597,0.302276,-2052.03,0
42.0944,3581.18,79.3579,-52.1546,0.185081,-1634.98,0
43.3673,3599.15,77.6371,-37.2456,0.0698923,-1172.57,0
44.652,3599.04,72.4981,-62.1955,0.0506955,-1141.29,0
45.9391,3570.7,77.4445,-43.7337,0.288991,-1726.1,0
47.2046,3595.23,39.1209,-18.2958,0.181039,-1160.35,0
48.4865,3590.65,-12.1864,-40.0473,0.223065,-1224.07,0
49.7681,3563.2,-53.1336,-75.1697,0.33931,-1744.15,0
51.0419,3514.64,-75.5429,-108.254,0.557433,-2651.98,0
52.3096,3515.42,-38.2143,-155.418,0.395806,-2572.84,0
53.5924,3509.36,-14.4926,-162.337,0.426122,-2624.25,0
54.8719,3499.61,-55.622,-196.943,0.242249,-2740.83,0
56.1497,3506.94,-61.0429,-219.966,0.0224163,-2547.78,0
57.4237,3510.12,-29.3303,-172.078,0.359387,-2435.85,0
58.6919,3517.73,-52.3118,-172.277,0.211684,-2253.56,0
59.9747,3522.61,-27.2043,-173.223,0.187667,-2124.12,0
61.2463,3522.3,-24.5077,-163.963,0.264187,-2084.96,0
62.5184,3493.07,-8.16949,-145.995,0.604873,-2510.19,0
63.7853,3513.39,-40.7096,-192.387,0.0947298,-2141.77,0
65.0562,3461.82,-20.9692,-192.281,0.632163,-2892.52,0
66.2818,3449.98,1.46565,-197.198,0.704167,-3017.77,0
