1.27998,3649.05,-17.1122,23.837,0.00645245,-742.426,0
2.55192,3648.76,-18.0748,17.6603,0.0100853,-487.787,0
3.82824,3649.66,-13.6138,23.5664,0.00323313,-87.7143,0
5.10139,3647.46,-12.8038,17.3246,0.0197763,-498.321,0
6.38379,3644.49,-2.20185,6.12458,0.0428213,-862.688,0
7.65912,3560.39,25.4451,-9.94947,0.781137,-11699.3,0
8.93182,3556.89,29.738,-4.09622,0.805001,-10424.4,0
10.2121,3589.43,35.8031,-36.816,0.412173,-5930.91,0
11.4986,3552.95,56.0528,-13.0123,0.749622,-8439.77,0
12.7787,3557.69,70.1721,-48.7624,0.591955,-7223.91,0
14.0504,3539.27,68.1761,-44.1985,0.772654,-7881.21,0
15.3291,3532.32,135.865,-41.7496,0.537322,-7676.78,0
16.6081,3549.83,175.678,-23.232,0.226323,-6031.53,0
17.8832,3497.71,208.709,-51.5017,0.563901,-8515.61,0
19.159,3516.95,225.674,-92.9727,0.195064,-6944.58,0
20.4337,3493.61,206.461,-92.8229,0.525384,-7653.47,0
21.714,3482.15,217.125,-97.1998,0.549671,-7730.21,0
22.9922,3470.78,247.253,-95.4739,0.434015,-7795.01,0
23.2534,3449.99,231.548,-85.8482,0.819698,-8601.24,0
