1.28375,3648.64,-21.1253,21.3586,0.00727379,-1060.4,0
2.56523,3640.5,-35.9059,23.4078,0.0529634,-3702.2,0
3.83691,3634.52,-29.1813,-1.53548,0.102492,-4034.16,0
5.10411,3583.6,-60.7585,-30.2067,0.447837,-13009.2,0
6.38926,3544.11,-81.2589,-16.2577,0.752385,-16573.8,0
7.66396,3550.63,-49.7679,-34.8629,0.7698,-12965.9,0
8.94323,3562.35,-57.9841,-17.628,0.638245,-9800.18,0
10.2224,3565.54,-68.246,-25.3692,0.560186,-8262.55,0
11.503,3587.78,-21.6616,19.6428,0.441329,-5409.2,0
12.7867,3583.58,61.3946,-9.07395,0.421445,-5194.53,0
14.0653,3604.81,40.1689,-60.641,0.227874,-3213.2,0
15.3392,3588.5,39.6592,-73.7643,0.329549,-4009.38,0
16.6174,3562.7,51.7194,-67.3321,0.537041,-5253.36,0
17.899,3555.21,52.6553,-57.3464,0.625871,-5295.61,0
19.1687,3549.09,71.4025,-68.5872,0.593564,-5264.35,0
20.449,3533.92,48.4435,-67.5861,0.788255,-5676.57,0
21.7164,3529.3,23.7768,-64.7411,0.899678,-5557.86,0
22.9854,3526.85,-4.14984,-68.4365,0.911105,-5357.9,0
24.258,3535.09,-30.2597,-37.9366,0.912074,-4736.84,0
25.5354,3544.7,-41.6339,-28.8043,0.762102,-4123.6,0
26.8119,3504.1,-87.0634,-27.7792,0.959721,-5441.79,0
28.0944,3492.91,-79.7832,-44.5781,1.05145,-5591.35,0
29.3749,3490.49,-119.272,-3.46745,0.830002,-5430.08,0
30.6457,3481.14,-113.549,-35.1838,0.917755,-5510.02,0
31.9275,3489.56,-108.822,-37.1301,0.852388,-5025.04,0
33.1929,3531.82,-91.3942,-44.437,0.524398,-3560.42,0
34.4695,3522.93,-124.124,-43.5754,0.471898,-3686.31,0
35.7457,3504.85,-132.224,-14.8731,0.639417,-4060.63,0
37.0263,3487.23,-118.616,5.05378,0.916938,-4396.06,0
38.3125,3482.28,-112.489,-27.5081,0.969589,-4377.7,0
39.5909,3469.93,-136.524,-41.876,0.825556,-4548.23,0
40.3227,3449.94,-127.219,-49.8939,1.06253,-4961.43,0
