1.28216,3648.23,46.2981,-50.9716,0.00756495,-1382.25,0
2.55915,3631.89,31.9641,-47.3175,0.125279,-7076.39,0
3.8402,3614.95,52.1052,-64.1796,0.206721,-9126.71,0
5.11654,3616.68,67.4876,-95.192,0.136947,-6512.98,0
6.3904,3597.72,98.3494,-55.3001,0.271622,-8181.11,0
7.66141,3605.63,62.4829,-33.4256,0.29646,-5791.25,0
8.93501,3542.52,60.7582,-9.73524,0.898401,-12029.4,0
10.2058,3534.88,42.0709,-12.7358,1.05731,-11279.4,0
11.491,3513.08,23.6305,-30.0756,1.41875,-11915,0
12.7631,3537.96,33.1107,-58.9284,0.81974,-8778.35,0
14.0507,3537.95,40.8389,-103.625,0.599355,-7974.87,0
15.3257,3563.25,13.1323,-111.249,0.392158,-5660.21,0
16.5949,3525.68,47.659,-139.006,0.628408,-7491.59,0
17.8745,3487.44,29.2957,-143.252,0.976746,-9094.46,0
19.1424,3536.31,21.2114,-156.951,0.42996,-5939.36,0
20.4224,3518.91,34.5474,-195.645,0.429733,-6419.13,0
21.697,3471.14,-8.93901,-230.31,0.702054,-8243.42,0
22.9686,3501.99,-20.4804,-249.521,0.237742,-6444.14,0
24.2531,3509.82,23.5315,-218.296,0.368002,-5779.91,0
25.5399,3479.91,-16.3951,-211.598,0.694674,-6659.89,0
26.8182,3479.5,-15.1626,-225.022,0.57845,-6357.54,0
28.0983,3479.16,-27.0969,-228.2,0.53905,-6080.06,0
29.39,3513.81,-41.7597,-219.93,0.225974,-4633.73,0
30.6763,3475.49,-43.1122,-189.629,0.772829,-5688.64,0
31.1485,3449.97,-29.4913,-153.353,1.38023,-6421.84,0
