1.27049,3643.35,-39.7442,-6.69671,0.0451567,-5232.98,0
2.54173,3591.9,-15.7099,13.4532,0.460301,-22857.6,0
3.81513,3551.6,30.026,6.23981,0.886767,-25792.2,0
5.09561,3536.59,64.6747,-21.9615,0.889862,-22256.3,0
6.36646,3557.79,68.3504,13.5398,0.648486,-14483.7,0
7.63692,3538.17,50.8004,13.2387,0.928861,-14642.9,0
8.91157,3517.46,67.6195,0.140503,1.06889,-14873,0
10.1844,3525.2,75.7924,-1.06288,0.897747,-12253.9,0
11.4725,3547.77,107.692,-1.07207,0.507416,-8911.07,0
12.7423,3535.31,90.6367,-70.4887,0.586982,-9000.84,0
14.0168,3541.77,154.517,-49.775,0.362134,-7721.18,0
15.2865,3518.34,166.016,-120.197,0.315625,-8612.81,0
16.5667,3513.01,196.489,-85.3391,0.303139,-8268.97,0
17.8451,3462.52,171.711,-86.7394,0.973991,-10505.7,0
19.1242,3452.95,187.153,-37.8841,1.07272,-10303.5,0
19.283,3449.98,185.249,-28.999,1.13401,-10373.1,0
