1.27788,3640.1,26.8107,28.9366,0.0678995,-7745.24,0
2.5577,3599.21,-12.4089,79.5578,0.307133,-19857.6,0
3.82769,3585.85,138.083,58.9708,0.245227,-16760.5,0
5.10561,3573,234.616,75.9967,0.066625,-15081.3,0
6.37387,3538.01,203.418,39.8218,0.528057,-17570,0
7.63798,3579.18,196.958,-29.6499,0.230239,-9271.77,0
8.91702,3572.8,249.202,-52.1496,0.117097,-8657.23,0
10.1989,3525.07,201.597,-104.425,0.632448,-12249.7,0
11.4748,3516.59,175.552,-97.0259,0.838842,-11626.1,0
12.7499,3503.7,163.253,-89.8089,1.0283,-11474.9,0
14.0168,3514.55,203.281,-95.0984,0.649067,-9663.77,0
15.2912,3501.89,203.097,-69.7645,0.820977,-9685.84,0
16.5657,3497.22,194.443,-90.0484,0.847026,-9222.43,0
17.8346,3499.52,195.062,-120.976,0.699566,-8437.48,0
19.1132,3479.95,218.871,-135.081,0.630882,-8897.01,0
20.394,3474.12,170.84,-97.9108,1.18348,-8623.94,0
21.6778,3469.63,180.596,-110.878,1.06661,-8320.55,0
22.3925,3449.97,192.959,-116.554,1.1009,-8932.95,0
