1.34253,337.389,9.4246,1.67558,15.9527,251308,170
2.70298,691.996,10.2838,27.4645,3.49644,256013,365
4.05525,1036.77,11.1256,39.7415,21.2418,255662,544
5.42065,1402.33,17.2412,35.4425,6.21256,258702,733
6.78113,1753.28,10.7066,15.9939,13.5655,258553,888
8.1409,2102.55,-5.61154,-9.30693,14.2605,258270,1056
9.48937,2440.91,-22.7803,-7.4999,9.81205,257226,1227
10.8408,2751.89,-28.0486,0.487194,9.02814,253846,1397
12.1937,3069.01,-29.5728,-9.88259,3.2654,251689,1556
13.5545,3415.78,-29.6785,1.79215,7.47917,252004,1719
14.9072,3788.82,-19.2268,-3.07034,8.25121,254161,1914
16.2408,4148.92,-55.2232,-5.41345,5.57419,255462,2084
17.5996,4503.5,-37.6677,-6.86169,5.03619,255886,2279
18.9487,4872.26,-65.7746,-5.07705,10.8067,257129,2476
20.2774,5214.29,-107.68,-23.9934,8.69295,257148,2651
21.622,5574.71,-92.6487,-12.9345,6.16793,257826,2842
22.9691,5933.03,-104.741,4.35993,5.89767,258305,3029
24.3001,6252.8,-98.1696,-2.44567,10.125,257316,3188
25.6611,6586.86,-105.335,-6.29414,15.5892,256686,3356
27.0187,6934.09,-83.6544,12.988,12.1328,256640,3528
28.3706,7286.13,-100.645,8.30952,11.0573,256819,3725
29.7345,7631.58,-96.5114,-1.22352,11.3893,256658,3897
31.0941,7982.84,-110.355,-5.68326,5.96369,256731,4092
32.4451,8324.44,-102.465,-36.6285,1.31297,256570,4280
33.7958,8651.33,-102.808,-6.64425,10.612,255988,4458
35.1508,8980.7,-105.407,-12.2274,1.78751,255491,4631
36.5101,9324.08,-84.6134,-18.2409,3.68362,255384,4816
37.8392,9642.96,-90.8067,-18.4772,16.724,254841,4972
39.1808,9991.23,-120.594,-5.20283,12.8145,255003,5149
40.544,10331.6,-100.139,12.5817,13.3465,254825,5314
41.9032,10670.2,-92.2393,3.27531,15.1015,254639,5503
43.2498,11018.5,-58.0431,2.6387,9.78471,254764,5669
44.604,11376.1,-78.8971,-13.2523,9.52864,255046,5854
45.9496,11704.6,-53.1574,-6.55253,14.0088,254727,6028
47.2964,12060.6,-46.4298,18.748,5.09341,255000,6210
48.6621,12410.4,-57.8244,39.5406,7.37102,255031,6400
50.0182,12752.9,-47.4432,13.5882,8.52134,254965,6570
51.3556,13099.8,-38.7558,-1.07093,15.3734,255081,6746
52.7248,13459.5,-51.995,2.36316,7.72691,255278,6924
54.0832,13822.3,-49.0047,13.5819,13.1121,255575,7103
55.4426,14166.5,-44.4189,19.0372,4.76819,255516,7274
56.7922,14524.3,-38.9834,11.0561,10.8071,255745,7443
58.1335,14848.2,-38.5146,8.14979,7.24886,255416,7615
59.4804,15202.6,-45.0226,12.9337,10.3044,255591,7788
60.8253,15539.6,-48.6458,46.897,12.9486,255480,7961
62.1822,15886.3,-37.813,43.8574,1.74734,255479,8152
63.5303,16255.3,-53.8431,33.1756,6.28595,255867,8349
64.8749,16610,-56.1121,33.7254,10.8785,256030,8540
66.2243,16956.7,-58.9904,21.6863,8.44922,256050,8705
67.5867,17304.3,-29.9649,0.837349,7.37215,256031,8880
68.9436,17650.9,-17.126,-10.0726,8.89204,256020,9054
70.2897,17983.6,-20.1324,-27.0333,14.3095,255850,9223
71.643,18309.2,-17.3152,-34.1572,8.13407,255561,9396
73.0028,18630.3,-0.945766,-40.0238,7.13544,255200,9573
74.3684,18977.5,0.490091,-25.7005,6.85447,255182,9745
75.7194,19331.9,-7.97037,-56.8625,12.8779,255310,9920
77.0671,19671.6,-36.6419,-54.0554,19.8463,255253,10092
78.4174,20039,-9.21355,-58.7091,22.6963,255543,10291
79.761,20406.4,-4.17452,-67.8153,13.4212,255844,10489
81.1115,20747.2,13.4471,-68.808,5.78662,255786,10669
82.4747,21084.7,32.0398,-70.1105,20.1758,255651,10845
83.8257,21420.4,10.5551,-82.8938,2.93895,255535,11027
85.182,21758.5,-34.2529,-102.455,10.51,255435,11210
86.545,22128.7,-20.5175,-113.991,11.5825,255690,11406
87.8907,22473.2,-18.4484,-121.576,5.84525,255694,11575
89.2519,22826,-49.9557,-127.163,2.91042,255748,11760
90.6083,23163.8,-0.623131,-137.551,10.3189,255648,11931
91.9464,23493.1,-5.79758,-126.862,0.671392,255509,12111
93.2953,23865.3,-5.67873,-116.79,7.71074,255804,12313
94.6219,24202.6,11.0467,-134.242,9.9518,255782,12486
95.9808,24576.7,12.4965,-149.863,6.84555,256059,12657
97.3241,24926.2,34.7873,-137.464,13.813,256115,12835
98.6895,25248.4,29.4451,-130.545,11.8472,255837,12993
100.042,25603.4,15.1053,-139.343,15.6334,255927,13162
101.395,25932,-14.7266,-132.228,13.971,255752,13318
102.747,26273.4,1.77385,-100.768,11.4496,255708,13501
104.097,26618.4,30.3357,-78.1799,5.85497,255706,13676
105.441,26955,25.2449,-103.142,24.4554,255640,13837
106.784,27283.1,15.5677,-122.654,7.1682,255498,14003
108.134,27610,5.01354,-127.335,8.99664,255332,14172
109.491,27974.6,-5.93047,-96.46,20.7622,255495,14381
110.846,28291.5,22.64,-82.9703,1.45339,255231,14529
112.203,28611.6,28.8937,-87.5287,11.2605,254998,14687
113.564,28975.9,34.149,-90.6616,5.63044,255149,14856
114.911,29313.9,31.8956,-119.067,24.5076,255100,15034
116.252,29658,39.4137,-148.051,1.23253,255118,15204
117.627,30030.6,24.5582,-190.416,10.8374,255303,15386
118.971,30355.8,3.65694,-178.25,17.8096,255153,15560
120.322,30692.8,18.0719,-181.229,5.03078,255088,15741
121.669,31031.3,19.9738,-183.669,4.08141,255047,15925
123.015,31387.2,41.2437,-193.175,16.6648,255149,16115
124.384,31718,55.8784,-206.745,9.56817,255002,16287
125.73,32084.3,54.1392,-204.004,7.8031,255184,16485
127.076,32421.5,57.0534,-187.287,2.71491,255135,16654
128.427,32778.3,60.0922,-169.161,13.286,255230,16850
129.786,33121.8,72.1452,-201.265,5.6139,255202,17030
131.142,33453.3,67.5199,-216.103,1.52688,255093,17217
132.49,33818.3,100.375,-226.554,8.39421,255251,17405
133.862,34172,93.3999,-216.684,2.27827,255278,17578
135.21,34482.8,108.125,-211.445,10.8506,255032,17734
136.568,34841.7,121.677,-226.119,6.69785,255122,17914
137.924,35199.1,85.3874,-248.25,8.42165,255207,18096
139.273,35530.8,53.6452,-258.688,2.10899,255116,18269
140.612,35860.9,44.2157,-217.714,20.0259,255035,18435
141.972,36202.3,36.8245,-220.301,11.6758,254996,18602
143.332,36545.3,39.9162,-205.075,0.896964,254971,18780
144.685,36878.7,34.7097,-232.132,6.4421,254889,18967
146.053,37227.1,21.8516,-232.056,4.35516,254887,19140
147.415,37573.6,-5.58094,-212.529,6.73448,254883,19330
148.761,37908.5,3.88994,-215.46,12.7622,254828,19504
150.115,38247.6,-1.36384,-231.21,4.46425,254789,19683
151.449,38572.1,-19.1039,-209.24,13.6999,254688,19851
152.79,38905.3,-0.469333,-209.964,6.57453,254632,20012
154.141,39251.9,-8.80263,-223.71,8.47811,254649,20190
155.5,39580.8,-38.5323,-231.283,1.61819,254539,20366
156.849,39915.1,-52.7301,-219.355,5.51518,254480,20529
158.206,40252.5,-79.6595,-180.158,18.0147,254430,20702
159.552,40620.2,-95.7189,-200.203,14.2725,254589,20890
160.91,40963.3,-102.783,-199.855,10.5397,254573,21071
162.259,41277.4,-72.1531,-215.224,14.7522,254392,21232
163.613,41634.3,-85.4193,-229.534,9.65296,254468,21423
164.952,42004.3,-105.177,-228.998,35.3392,254645,21608
166.298,42350.4,-99.6992,-246.172,14.7211,254666,21778
167.655,42681.4,-116.415,-224.733,5.24105,254579,21947
169.008,43012.8,-140.541,-234.003,9.35603,254501,22132
170.361,43336.7,-184.046,-246.177,15.3317,254382,22297
171.722,43700.8,-178.813,-222.221,8.27666,254485,22484
173.086,44053.6,-195.607,-246.117,16.3431,254519,22657
174.451,44400.5,-207.701,-258.791,10.5206,254516,22843
175.81,44732.1,-228.751,-260.964,6.96647,254434,23015
177.168,45056.9,-258.696,-278.325,7.16543,254318,23168
178.525,45402.3,-250.02,-272.103,1.9047,254319,23346
179.874,45758.8,-239.46,-281.428,17.7161,254395,23526
181.215,46086.3,-214.109,-251.991,6.79748,254318,23683
182.571,46437.4,-223.61,-255.258,17.7273,254352,23853
183.94,46772.1,-194.861,-247.576,7.76171,254280,24014
185.287,47099.2,-202.268,-228.304,16.0351,254196,24181
186.635,47471.9,-223.752,-238.685,16.283,254357,24373
187.986,47801.2,-207.347,-245.751,3.3312,254280,24558
189.341,48125,-190.708,-231.196,6.46786,254172,24738
190.708,48467,-183.665,-238.862,9.51383,254142,24911
192.066,48793.5,-170.915,-232.963,11.6033,254045,25087
193.419,49160.8,-176.038,-189.118,1.08293,254167,25265
194.757,49488.5,-179.442,-200.746,10.1045,254104,25430
196.117,49829.2,-164.153,-192.202,9.00688,254078,25610
197.469,50168,-176.715,-214.943,6.5528,254056,25776
198.832,50511.3,-204.181,-221.338,14.5409,254041,25950
200.196,50859.6,-214.809,-231.193,10.6745,254050,26131
201.549,51220.9,-206.758,-246.218,6.88368,254137,26324
202.912,51555.3,-199.182,-220.505,9.87105,254077,26493
204.267,51892.9,-185.855,-231.002,10.193,254045,26670
205.605,52252.9,-169.346,-220.836,12.8642,254142,26859
206.966,52628.5,-141.23,-214.376,5.3446,254286,27073
208.331,52968.4,-136.207,-218.83,17.1557,254252,27243
209.67,53304.7,-138.725,-224.947,11.4823,254231,27409
211.028,53643.7,-135.664,-217.531,6.68174,254202,27587
212.38,53970.5,-141.722,-231.35,2.39072,254122,27740
213.734,54316.7,-158.482,-234.798,2.97907,254132,27921
215.073,54685.6,-183.703,-202.503,12.8978,254266,28104
216.426,55041,-198.673,-200.337,6.26157,254318,28295
217.782,55400.8,-235.444,-203.117,4.16946,254386,28493
219.116,55721.6,-220.278,-187.605,10.233,254302,28669
220.482,56069.9,-212.085,-177.682,2.59289,254306,28834
221.841,56402.2,-205.163,-175.95,6.47137,254246,29007
223.208,56766.2,-232.711,-159.913,1.39018,254320,29179
224.556,57103.2,-259.802,-166.477,13.2966,254294,29350
225.926,57457.1,-270.892,-168.708,10.9639,254318,29531
227.287,57793.6,-285.126,-155.209,18.9379,254276,29708
228.637,58128.2,-292.427,-156.889,4.47371,254239,29882
229.976,58452.5,-279.495,-145.842,2.38061,254168,30048
231.334,58807.1,-274.201,-156.825,18.7094,254208,30212
232.692,59162.9,-279.201,-160.448,1.69469,254255,30401
234.049,59499.3,-260.026,-152.23,16.4014,254217,30575
235.401,59832.5,-271.591,-162.916,6.06431,254172,30739
236.758,60188.6,-300.722,-151.411,2.84117,254220,30919
238.118,60545.8,-289.55,-146.504,9.91375,254268,31107
239.489,60876.5,-298.586,-128.138,4.2827,254193,31285
240.825,61219.2,-305.205,-121.044,9.63604,254206,31465
242.172,61590.1,-296.15,-99.3484,12.9894,254324,31636
243.528,61942.2,-290.077,-100.638,16.06,254353,31818
244.876,62273.2,-297.511,-138.825,8.26317,254305,31987
246.227,62606.1,-303.885,-152.504,6.38994,254261,32159
247.573,62929.3,-319.509,-143.212,12.707,254185,32329
248.942,63273.7,-323.687,-155.159,13.0657,254170,32508
250.291,63605.2,-317.614,-155.34,8.88114,254125,32665
251.649,63956.2,-315.237,-151.209,5.84408,254149,32856
253.006,64313.5,-296.589,-158.94,28.6934,254197,33039
254.342,64669.5,-278.747,-183.389,10.3443,254261,33211
255.7,65030.5,-289.192,-157.799,11.2367,254324,33404
257.052,65349.6,-281.583,-136.411,1.18046,254227,33563
258.406,65694.9,-283.871,-169.649,9.67507,254231,33729
259.767,66040.9,-283.328,-164.184,9.60439,254232,33906
261.132,66351.4,-263.506,-193.302,15.5101,254092,34061
262.484,66686.7,-262.877,-206.477,9.99081,254060,34242
263.833,67027.1,-261.061,-213.217,6.99513,254051,34415
265.177,67339.2,-270.505,-246.628,28.3484,253941,34562
266.535,67662.6,-284.39,-241.285,17.6438,253861,34719
267.904,68023.1,-309.967,-233.365,7.735,253908,34897
269.264,68398.8,-322.246,-211.432,15.3928,254022,35097
270.607,68753.3,-324.798,-241.284,11.5694,254070,35296
271.962,69120.2,-336.035,-241.793,12.2496,254153,35489
273.318,69456.1,-324.969,-224.722,10.065,254122,35667
274.672,69771.1,-322.052,-203.819,4.17545,254016,35832
276.016,70119.6,-319.561,-221.863,11.8738,254042,36007
277.381,70473.4,-314.27,-271.514,15.0759,254067,36194
278.721,70826,-332.876,-269.272,2.57081,254110,36361
280.071,71135.2,-337.749,-266.142,6.22236,253989,36513
281.424,71507.6,-313.432,-257.595,3.49448,254092,36699
282.782,71861,-293.883,-261.8,6.68425,254121,36882
284.146,72209.9,-267.222,-252.711,1.53756,254129,37069
285.496,72530.1,-272.339,-267.693,11.1428,254050,37227
286.86,72869.1,-250.07,-272.392,14.0251,254023,37403
288.205,73212.2,-258.439,-290.805,17.74,254028,37588
289.554,73562.2,-246.844,-291.841,14.4638,254053,37774
290.908,73911.9,-263.268,-282.403,11.8398,254074,37956
292.257,74269.1,-269.312,-310.241,4.19018,254123,38134
293.614,74614.6,-275.354,-295.035,5.53821,254124,38307
294.964,74973.4,-254.373,-290.882,10.5045,254178,38491
296.314,75311,-240.038,-281.548,19.7081,254160,38663
297.667,75648.9,-198.337,-277.428,11.4519,254139,38834
299.027,75980.6,-185.231,-274.181,10.7842,254093,39002
300.389,76328.4,-204.18,-279.187,4.72779,254099,39180
301.73,76652.6,-193.663,-322.993,3.53848,254043,39355
303.085,77007.9,-223.799,-319.586,11.9796,254080,39551
304.431,77320.1,-233.352,-309.242,9.08519,253982,39704
305.783,77653.9,-206.654,-310.018,10.5913,253951,39881
307.143,78024.8,-218.024,-286.31,2.03508,254034,40075
308.492,78372.9,-240.801,-270.83,5.03688,254051,40268
309.838,78697.3,-257.305,-270.795,8.65917,253995,40437
311.191,79054.4,-259.832,-292.354,14.4806,254038,40628
312.538,79394.1,-282.598,-253.163,1.16667,254030,40805
313.891,79748.7,-281.46,-257.4,3.82753,254065,40995
315.245,80116.2,-275.089,-249.106,5.48389,254139,41177
316.593,80456.7,-251.575,-229.36,4.23185,254133,41341
317.953,80797.9,-212.098,-240.476,9.14743,254119,41529
319.324,81154.6,-169.302,-204.931,20.317,254145,41699
320.663,81479.8,-160.701,-234.578,9.39524,254098,41851
322.024,81843,-167.512,-230.792,22.9104,254152,42036
323.378,82207.7,-190.668,-227.255,14.0531,254215,42223
324.726,82539.2,-179.481,-227.85,5.89306,254181,42388
326.083,82886.9,-216.629,-225.463,11.4781,254190,42567
327.425,83203.9,-224.049,-251.968,1.36965,254116,42732
328.773,83542.9,-246.603,-243.458,1.50009,254105,42889
330.144,83891.7,-227.66,-240.227,2.77473,254107,43062
331.501,84240.5,-230.409,-248.526,3.95789,254118,43252
332.861,84586.4,-221.657,-256.506,2.71179,254119,43436
334.213,84922.7,-200.527,-241.257,8.49033,254098,43607
335.563,85258.1,-213.001,-217.439,8.84487,254075,43786
336.916,85619,-230.669,-210.387,8.10941,254125,43996
338.255,85971.7,-246.172,-220.897,3.23269,254163,44182
339.609,86328.5,-250.168,-204.591,4.42936,254200,44369
340.955,86674.3,-212.676,-188.841,8.56004,254210,44535
342.312,87018.4,-205.708,-173.502,12.7618,254208,44697
343.669,87354.6,-181.309,-152.729,13.1136,254182,44854
345.024,87666,-208.304,-161.977,12.6775,254087,45020
346.373,87996.1,-214.637,-140.262,9.86969,254050,45179
347.731,88355.6,-202.33,-159.657,7.74592,254091,45374
349.081,88708.5,-195.883,-194.844,3.32093,254120,45555
350.43,89046,-188.401,-195.047,16.0284,254105,45734
351.787,89393.3,-200.444,-214.567,3.05644,254112,45917
353.147,89727.8,-193.374,-209.324,9.12981,254080,46084
354.515,90048.6,-199.502,-171.991,14.5358,254005,46253
355.869,90390.1,-226.795,-159.704,22.0514,253998,46426
357.215,90737,-268.375,-152.621,11.5893,254012,46610
358.567,91091.2,-266.184,-156.537,8.03962,254042,46813
359.937,91431,-261.167,-119.205,6.05156,254019,46997
361.293,91776.1,-256.143,-93.4236,9.30631,254021,47172
362.647,92137,-256.53,-76.633,15.266,254068,47365
364.006,92464.7,-240.464,-90.2405,3.1702,254019,47539
365.356,92814.5,-213.88,-88.2848,13.3563,254038,47720
366.711,93189.5,-254.655,-99.7476,4.2617,254122,47918
368.048,93532.6,-274.87,-82.0431,9.53591,254132,48097
369.397,93893.7,-287.748,-82.0445,13.1937,254181,48282
370.752,94226.9,-289.234,-91.0205,6.55357,254151,48440
372.102,94569.3,-283.004,-100.307,16.0408,254149,48617
373.458,94910.9,-272.249,-107.309,10.9407,254141,48803
374.798,95268.2,-293.967,-105.481,2.48546,254186,48997
376.164,95624.2,-324.866,-95.7946,5.66952,254209,49164
377.53,95965.7,-320.395,-76.7606,11.1627,254193,49334
378.875,96309.6,-321.146,-49.5399,18.4033,254199,49513
380.221,96654.7,-335.345,-27.5827,17.4367,254207,49704
381.57,97017.4,-319.437,-25.1435,21.726,254258,49909
382.911,97354,-313.012,-12.5603,3.99786,254247,50087
384.255,97686.9,-319.444,-18.8892,6.07399,254224,50272
385.615,98037.8,-340.112,-29.9977,5.53427,254237,50461
386.979,98398.1,-325.473,-4.77552,11.7388,254273,50634
388.339,98750.2,-332.373,-2.84675,11.3792,254289,50821
389.697,99090,-338.679,20.8244,16.6503,254274,51019
391.058,99424.3,-344.42,12.4897,7.52553,254244,51187
392.409,99728.9,-342.639,23.8415,3.09107,254145,51334
393.763,100088,-352.389,33.5694,4.71091,254182,51518
395.107,100414,-334.658,18.295,12.8154,254143,51676
396.457,100737,-362.573,44.6472,12.8158,254094,51833
397.801,101088,-351.436,78.8834,0.281676,254116,52013
399.161,101438,-346.419,76.5964,9.22001,254127,52206
400.501,101793,-344.869,47.9949,17.8077,254165,52390
401.868,102152,-332.274,54.1479,12.9413,254192,52583
403.225,102508,-336.696,64.7337,0.974915,254221,52776
404.584,102864,-318.742,70.6214,4.71604,254246,52973
405.946,103217,-329.126,47.3416,3.8524,254262,53155
407.3,103573,-340.533,44.3865,6.26576,254292,53336
408.642,103914,-312.835,57.8303,4.89554,254290,53508
409.981,104249,-331.979,60.7499,8.88947,254278,53661
411.329,104591,-304.239,61.7643,7.15538,254275,53843
412.673,104933,-287.697,43.9275,1.59526,254277,54044
414.031,105256,-270.462,20.149,13.3127,254223,54206
415.389,105593,-276.582,7.13381,13.5064,254202,54367
416.751,105913,-301.009,-0.630404,8.7756,254140,54539
418.12,106283,-299.715,-31.0091,13.2871,254192,54720
419.474,106619,-282.589,-38.9394,22.1688,254173,54898
420.82,106977,-294.207,-18.4848,4.85746,254211,55096
422.176,107323,-299.983,-26.1143,8.91393,254215,55276
423.554,107661,-278.043,-26.1997,3.22881,254184,55448
424.911,108003,-307.359,-25.432,12.1351,254178,55625
426.259,108322,-317.371,-48.1644,5.8229,254122,55792
427.598,108645,-296.648,-25.1523,2.24875,254081,55965
428.969,108993,-309.348,4.8388,5.16796,254082,56141
430.321,109337,-328.834,-20.8559,7.0763,254083,56301
431.68,109697,-315.106,-12.0088,17.3127,254118,56506
433.03,110020,-329.452,9.51432,4.02289,254070,56638
434.406,110367,-339.692,13.0737,11.2917,254064,56814
435.744,110731,-342.292,32.5977,0.881158,254119,56988
437.098,111085,-337.894,43.4735,8.37651,254142,57173
438.459,111451,-333.339,39.5421,0.964732,254187,57366
439.808,111783,-342.375,45.8787,2.91966,254164,57539
441.163,112128,-325.195,42.3416,3.82376,254165,57718
442.509,112471,-340.379,90.3648,12.5745,254166,57888
443.855,112820,-344.647,69.9437,7.16186,254182,58065
445.203,113163,-336.297,38.9328,9.07735,254182,58234
446.558,113549,-334.649,37.5282,11.5613,254275,58430
447.91,113902,-333.648,24.0449,5.77243,254298,58612
449.266,114250,-309.174,25.7535,3.48594,254304,58787
450.599,114573,-330.193,26.811,7.42986,254268,58948
451.95,114913,-335.417,25.5132,0.971806,254260,59126
453.304,115238,-346.933,27.5257,0.232038,254218,59285
454.657,115572,-355.016,23.4472,4.29655,254196,59457
456.021,115920,-328.77,13.8684,14.1169,254199,59622
457.378,116242,-312.461,2.23722,10.5651,254149,59790
458.724,116603,-306.689,-16.8343,9.4414,254191,59972
460.072,116954,-320.941,-42.0553,3.69274,254209,60141
461.432,117289,-278.034,-63.3916,7.9528,254185,60313
462.784,117645,-281.425,-20.6244,12.2411,254211,60491
464.124,117970,-298.32,-14.0969,2.09579,254178,60651
465.471,118310,-307.969,-7.82133,0.909833,254173,60818
466.83,118665,-295.902,-5.4546,2.58826,254194,61001
468.195,119023,-278.205,2.74871,0.403151,254217,61186
469.566,119372,-270.115,20.0269,4.49592,254217,61356
470.908,119722,-258.415,1.56331,4.72496,254236,61556
472.25,120055,-257.035,0.657392,10.3004,254220,61730
473.617,120390,-273.005,21.2302,5.74577,254193,61900
474.98,120736,-289.361,54.0307,8.9545,254193,62064
476.334,121062,-315.511,76.7348,15.4519,254154,62227
477.703,121407,-315.168,57.9951,7.28098,254147,62411
479.05,121752,-317.372,37.213,14.334,254153,62561
480.405,122094,-319.344,53.179,10.6164,254148,62744
481.761,122438,-331.714,44.764,16.2279,254147,62927
483.104,122788,-319.927,24.8053,10.9549,254164,63099
484.451,123125,-309.477,26.6084,23.3855,254154,63292
485.816,123481,-288.097,46.5605,1.18412,254172,63483
487.167,123803,-261.409,93.6676,10.4992,254128,63651
488.503,124115,-283.932,94.9373,26.3099,254073,63803
489.866,124471,-293.469,73.9686,11.1248,254092,63977
491.208,124825,-280.265,81.3705,3.84919,254118,64165
492.542,125139,-272.682,88.3117,13.6639,254067,64327
493.894,125484,-291.015,92.5198,15.2639,254071,64501
495.248,125828,-289.149,85.6835,9.30111,254071,64665
496.588,126169,-261.128,64.526,15.9523,254071,64847
497.941,126527,-268.62,72.4235,10.5136,254101,65015
499.298,126876,-257.189,49.3804,7.57231,254109,65186
500.651,127193,-260.068,36.2958,2.9085,254056,65336
502.015,127540,-256.998,54.1349,2.74601,254055,65511
503.372,127875,-245.203,84.0904,12.4485,254038,65682
504.73,128220,-210.393,99.6988,14.2377,254036,65862
506.067,128556,-217.586,111.262,9.94711,254030,66042
507.437,128929,-205.428,82.2408,9.84905,254079,66227
508.788,129241,-180.738,85.5372,8.14317,254017,66394
510.146,129574,-175.899,88.63,8.00292,253994,66558
511.512,129906,-173.506,94.3362,11.7596,253965,66709
512.859,130227,-158.427,110.677,12.6402,253925,66877
514.224,130588,-176.717,104.277,6.22045,253951,67061
515.577,130931,-181.71,92.8833,2.87155,253951,67233
516.924,131242,-196.593,94.1474,8.30842,253891,67387
518.286,131586,-217.43,116.73,0.747817,253887,67544
519.645,131935,-223.497,134.984,5.95372,253894,67713
520.997,132279,-229.038,131.943,9.68837,253895,67898
522.342,132607,-219.353,136.894,6.41575,253870,68054
523.699,132944,-221.206,144.105,12.3077,253856,68239
525.059,133312,-222.719,169.13,9.85894,253900,68444
526.415,133671,-216.863,160.252,27.6104,253928,68630
527.761,134000,-186.942,139.819,19.3858,253903,68799
529.108,134350,-215.846,144.255,10.903,253918,68990
530.461,134668,-204.536,116.249,8.60869,253871,69157
531.82,135019,-207.965,102.435,2.00744,253881,69324
533.179,135352,-229.877,93.5519,2.15778,253859,69505
534.522,135696,-200.697,63.5454,2.14782,253863,69681
535.878,136024,-186.433,58.1598,9.82973,253833,69846
537.224,136389,-202.77,39.2331,4.18517,253878,70048
538.583,136742,-206.301,51.0543,3.82997,253891,70234
539.932,137117,-195.266,53.2296,15.0024,253952,70430
541.282,137472,-226.844,63.3169,5.35783,253975,70619
542.622,137805,-201.314,76.9426,10.6697,253962,70786
543.968,138142,-198.012,74.8221,12.3747,253952,70966
545.327,138508,-213.269,52.0498,1.28959,253991,71164
546.676,138829,-194.766,54.0051,3.99493,253951,71315
548.023,139177,-189.765,46.2021,3.59782,253962,71502
549.364,139536,-153.828,61.0195,6.46401,253996,71674
550.727,139905,-173.699,85.6979,3.38218,254036,71864
552.073,140219,-162.413,103.907,11.5394,253987,72026
553.405,140572,-182.276,131.472,6.70226,254014,72233
554.763,140921,-178.27,130.968,5.07747,254021,72429
556.12,141295,-205.203,125.745,9.20583,254073,72632
557.476,141662,-182.607,137.244,15.6317,254113,72817
558.837,142005,-157.022,146.954,4.04046,254108,72978
560.2,142340,-159.393,156.926,8.98537,254087,73128
561.555,142678,-153.843,173.768,9.26225,254076,73297
562.908,143038,-161.335,138.804,14.5139,254106,73460
564.259,143367,-168.456,113.126,8.15392,254080,73620
565.624,143705,-178.731,100.648,14.883,254065,73803
566.988,144026,-199.179,81.8267,6.97117,254019,73946
568.348,144385,-208.732,86.5684,6.18554,254044,74116
569.697,144722,-204.502,89.946,7.82013,254034,74274
571.055,145091,-236.749,92.8718,4.05352,254076,74472
572.408,145417,-219.969,102.043,9.96181,254044,74635
573.752,145779,-245.404,100.383,7.2299,254080,74827
575.091,146121,-245.723,88.5234,6.21464,254082,74999
576.43,146445,-251.895,78.9326,4.39889,254054,75163
577.79,146818,-242.734,85.7409,7.90648,254102,75364
579.143,147153,-267.396,82.0135,11.1038,254087,75524
580.491,147484,-254.663,74.4736,3.38277,254067,75707
581.844,147845,-259.688,79.3817,17.4976,254097,75885
583.187,148201,-270.161,69.0531,18.9179,254122,76059
584.552,148548,-301.039,70.0525,9.81718,254123,76234
585.898,148891,-271.24,80.7055,12.5736,254125,76403
587.257,149208,-274.76,105.444,11.4215,254076,76558
588.617,149577,-290.615,89.1416,8.3627,254116,76724
589.967,149887,-249.539,87.6425,5.39076,254061,76881
591.32,150237,-237.554,71.6937,11.7026,254070,77045
592.677,150594,-221.753,33.5725,13.9325,254092,77232
594.024,150924,-199.835,31.103,3.66804,254071,77400
595.379,151276,-201.551,38.2775,5.23364,254084,77580
596.718,151603,-200.369,35.8666,14.1073,254061,77735
598.065,151921,-205.467,1.71842,6.67726,254021,77886
599.409,152255,-189.831,15.9684,6.525,254008,78053
600.767,152606,-191.719,2.36734,14.9101,254018,78240
602.138,152957,-176.013,5.82175,12.5575,254022,78411
603.491,153307,-162.203,49.9197,10.2128,254033,78594
604.856,153668,-140.821,39.7201,9.31921,254058,78767
606.223,154016,-148.732,39.0459,19.7399,254059,78932
607.575,154353,-157.821,58.5922,9.74078,254048,79112
608.923,154702,-169.88,65.1917,14.7207,254059,79290
610.281,155045,-156.251,73.2969,4.78395,254056,79474
611.619,155390,-140.264,23.2646,8.01983,254063,79653
612.964,155731,-151.531,44.4632,12.612,254063,79824
614.315,156092,-136.74,21.3258,5.48128,254090,80004
615.665,156425,-157.436,47.0637,2.18242,254075,80166
617.013,156801,-179.275,30.6176,12.8897,254129,80352
618.372,157165,-153.644,34.84,4.56797,254159,80531
619.721,157498,-131.343,33.5726,10.6749,254143,80701
621.082,157824,-127.062,14.9506,5.71349,254112,80860
622.439,158175,-115.251,1.9706,4.51059,254121,81045
623.8,158517,-133.287,11.5109,9.62962,254116,81210
625.146,158855,-129.875,13.9963,5.30516,254108,81372
626.511,159221,-131.805,1.74278,10.8374,254139,81568
627.865,159543,-136.981,10.4019,2.13285,254104,81743
629.218,159870,-119.287,25.1942,13.733,254077,81918
630.581,160221,-124.432,11.2544,8.79432,254085,82092
631.937,160577,-153.489,-24.8195,10.9442,254103,82281
633.29,160930,-140.976,0.55348,13.6532,254118,82453
634.624,161251,-148.677,13.4875,17.2707,254088,82624
635.97,161583,-177.887,18.0306,19.8123,254073,82806
637.321,161929,-173.559,-9.23281,3.96928,254078,82988
638.665,162258,-169.308,-38.3982,27.3893,254059,83161
639.996,162585,-124.746,-57.5104,27.7543,254041,83316
641.334,162930,-129.414,-59.8588,11.5543,254049,83490
642.692,163278,-135.076,-55.3262,10.1609,254053,83688
644.038,163625,-145.814,-42.3462,4.82594,254060,83864
645.376,163940,-155.481,-50.2284,6.25096,254022,84028
646.732,164292,-144.344,-60.7035,3.89033,254034,84184
648.088,164637,-147.321,-102.937,9.8777,254036,84363
649.433,164972,-143.807,-104.115,4.21926,254025,84520
650.794,165296,-134.807,-106.469,8.31326,253992,84691
652.151,165653,-92.3418,-84.3151,8.33401,254010,84875
653.509,166008,-84.8231,-89.4299,18.8086,254025,85055
654.875,166345,-94.6476,-77.6729,5.43906,254010,85252
656.213,166671,-92.8087,-85.5632,10.9737,253989,85410
657.567,167028,-90.8116,-64.8396,6.57631,254010,85592
658.923,167360,-58.8827,-57.2556,14.5581,253990,85752
660.268,167709,-48.4199,-46.8859,3.46301,254001,85930
661.619,168045,-64.7079,-83.4834,7.07466,253991,86083
662.972,168373,-55.1626,-75.5268,4.0933,253967,86247
664.32,168712,-70.6479,-98.7052,1.51107,253963,86415
665.67,169057,-92.7827,-110.113,8.94507,253965,86594
667.014,169413,-84.7112,-100.406,4.81225,253987,86769
668.356,169743,-85.5437,-137.005,2.27984,253971,86957
669.705,170080,-99.2926,-139.871,0.411176,253963,87140
671.064,170438,-84.2045,-131.804,6.19398,253982,87313
672.42,170765,-101.528,-97.0364,11.6359,253956,87483
673.765,171108,-72.8414,-102.459,1.19038,253958,87669
675.12,171445,-78.8229,-117.122,10.677,253948,87849
676.479,171789,-77.3975,-106.776,3.54457,253946,88009
677.831,172117,-105.563,-89.6544,9.29039,253923,88190
679.195,172439,-117.341,-107.147,35.2112,253888,88359
680.554,172781,-125.561,-99.0124,10.8224,253882,88534
681.912,173106,-146.103,-92.0345,14.2707,253854,88695
683.267,173466,-126.477,-64.8911,21.2835,253877,88883
684.626,173846,-136.552,-66.6841,11.0586,253928,89082
685.987,174169,-122.373,-93.6568,3.64061,253896,89238
687.333,174498,-117.099,-129.944,7.31082,253877,89413
688.68,174861,-101.843,-136.448,7.77007,253907,89593
690.04,175213,-104.533,-127.509,19.6743,253917,89772
691.39,175534,-131.861,-120.304,12.6111,253885,89929
692.749,175844,-132.897,-122.704,11.1709,253835,90097
694.096,176170,-129.804,-146.455,3.41202,253813,90263
695.446,176483,-115.358,-147.422,2.48971,253769,90418
696.796,176847,-104.732,-155.271,10.8465,253801,90598
698.135,177188,-101.119,-120.069,1.0386,253803,90783
699.484,177558,-110.722,-116.211,3.40202,253842,90977
700.841,177913,-119.29,-134.323,20.706,253857,91162
702.194,178257,-130.37,-110.85,11.181,253857,91327
703.537,178579,-134.029,-100.822,2.94127,253830,91497
704.883,178919,-142.898,-134.65,6.26741,253828,91682
706.237,179257,-126.085,-138.187,12.5975,253820,91874
707.593,179610,-113.565,-139.149,7.57919,253833,92068
708.937,179947,-118.465,-160.044,16.8012,253826,92246
710.288,180313,-108.011,-139.611,7.73273,253858,92434
711.642,180635,-103.808,-140.211,12.2406,253828,92586
712.996,180983,-109.164,-121.595,4.99109,253834,92765
714.351,181326,-98.3635,-128.456,9.81375,253833,92954
715.698,181645,-90.3148,-143.848,14.8729,253801,93119
717.042,181978,-110.427,-172.158,9.61641,253790,93296
718.387,182306,-110.923,-172.165,8.97177,253771,93470
719.747,182646,-121.693,-173.023,4.47093,253765,93657
721.095,183003,-103.535,-175.421,10.0187,253785,93847
722.44,183344,-95.5133,-178.824,3.27482,253785,94014
723.793,183675,-100.054,-166.26,5.33835,253768,94177
725.14,184021,-105.1,-187.221,13.4066,253773,94331
726.48,184353,-90.9145,-187.443,11.5517,253762,94504
727.826,184694,-100.466,-204.689,10.2865,253761,94672
729.181,185037,-81.3046,-182.03,8.87168,253760,94853
730.53,185379,-56.3095,-172.431,13.7969,253760,95031
731.884,185722,-11.3058,-162.505,5.73006,253759,95200
733.237,186054,-27.1066,-182.202,4.847,253743,95370
734.584,186402,-28.0244,-168.428,6.77608,253751,95560
735.93,186754,-22.7045,-168.934,20.3819,253766,95741
737.288,187123,-50.4914,-164.362,12.0179,253799,95922
738.634,187469,-60.9552,-185.154,10.7516,253805,96111
739.976,187828,-93.1616,-182.621,14.6378,253830,96302
741.321,188131,-101.541,-177.963,7.71824,253778,96453
742.673,188487,-107.465,-192.627,4.71137,253795,96642
744.026,188829,-90.5138,-212.222,3.66433,253793,96818
745.385,189175,-116.509,-191.056,5.88129,253796,96998
746.737,189513,-111.969,-165.81,6.26311,253788,97163
748.096,189864,-102.837,-155.24,8.09672,253796,97345
749.448,190194,-138.473,-130.423,8.91627,253779,97513
750.784,190511,-130.541,-142.481,15.6891,253749,97677
752.146,190860,-116.125,-157.952,13.6685,253754,97846
753.516,191197,-149.177,-125.099,2.94305,253740,98032
754.874,191523,-165.331,-124.091,5.73383,253715,98209
756.226,191878,-166.472,-137.027,5.91731,253731,98405
757.58,192201,-165.297,-119.086,25.5805,253704,98566
758.935,192559,-191.855,-109.665,3.25897,253723,98758
760.288,192906,-204.011,-129.742,14.5993,253728,98927
761.627,193235,-192.45,-115.51,7.49742,253713,99088
762.982,193591,-194.358,-132.011,19.7956,253730,99261
764.326,193947,-215.634,-146.755,10.1859,253749,99451
765.673,194277,-224.438,-126.551,5.9531,253733,99620
767.03,194617,-219.379,-142.932,11.7336,253727,99794
768.371,194976,-211.801,-138.026,8.22807,253752,99976
769.726,195314,-206.365,-146.629,19.7567,253745,100155
771.081,195674,-188.269,-141.659,2.77145,253766,100329
772.426,196015,-183.978,-168.483,6.8614,253765,100503
773.801,196338,-189.212,-164.303,7.34726,253732,100668
775.17,196677,-213.513,-153.662,17.4683,253721,100840
776.523,197031,-189.455,-141.393,8.37099,253735,101034
777.871,197366,-203.766,-113.133,8.2335,253726,101213
779.224,197699,-197.748,-122.665,19.6717,253713,101382
780.591,198057,-204.096,-93.4343,10.7385,253726,101566
781.949,198396,-195.555,-70.9468,11.9418,253720,101745
783.279,198713,-189.714,-78.1638,15.9211,253694,101918
784.627,199023,-185.398,-86.274,8.99986,253653,102083
785.982,199356,-209.574,-71.8441,15.5165,253640,102260
787.339,199695,-236.807,-90.6354,9.94211,253633,102430
788.697,200044,-218.888,-94.8186,20.4161,253639,102612
790.041,200371,-261.686,-110.216,17.0622,253620,102770
791.398,200701,-257.498,-118.723,15.9773,253604,102931
792.762,201076,-243.331,-99.2349,19.0199,253639,103124
794.126,201404,-243.877,-98.636,10.0742,253618,103296
795.491,201769,-249.427,-100.766,19.3631,253641,103483
796.837,202116,-294.908,-110.04,2.26543,253648,103663
798.197,202489,-285.674,-108.484,6.90281,253683,103851
799.549,202854,-268.971,-94.5636,20.3125,253710,104034
800.894,203191,-254.724,-107.102,3.42868,253706,104216
802.255,203553,-263.779,-117.35,8.00999,253726,104395
803.599,203890,-276.988,-117.342,4.08077,253721,104544
804.952,204270,-254.785,-147.416,11.9721,253767,104739
806.283,204619,-241.865,-139.78,14.2591,253780,104924
807.647,204965,-241.508,-140.593,4.0543,253781,105125
809.015,205281,-249.08,-100.679,32.2201,253742,105278
810.367,205636,-219.712,-83.3152,9.69981,253757,105456
811.725,205992,-202.022,-85.5596,7.31482,253770,105640
813.09,206344,-180.405,-58.2428,9.60579,253777,105806
814.436,206698,-162.688,-41.0294,6.17681,253793,105985
815.785,207059,-164.165,-37.5617,13.2409,253816,106175
817.16,207414,-178.743,-56.7862,7.30553,253823,106346
818.499,207751,-205.999,-79.8637,4.56121,253820,106538
819.849,208102,-213.766,-74.7342,4.57702,253830,106723
821.206,208449,-194.24,-93.2838,7.43373,253833,106893
822.566,208794,-193.6,-58.4914,6.21615,253832,107052
823.929,209122,-206.947,-39.2967,10.7755,253811,107212
825.286,209452,-209.133,-60.8526,8.08191,253793,107374
826.624,209766,-195.511,-73.438,13.6862,253762,107540
827.981,210102,-216.432,-72.7773,3.51685,253752,107712
829.339,210418,-204.054,-62.6953,15.491,253718,107873
830.689,210779,-187.76,-52.9611,3.48556,253740,108057
832.04,211091,-201.128,-27.4923,7.00389,253703,108207
833.39,211459,-176.793,-56.5354,15.7592,253734,108390
834.734,211819,-125.259,-45.2542,3.41821,253757,108565
836.086,212138,-104.07,-78.1649,4.18067,253728,108712
837.43,212490,-94.4988,-82.5484,10.4166,253740,108894
838.785,212848,-73.2934,-80.0394,1.51467,253757,109084
840.153,213202,-55.4454,-101.767,4.39457,253765,109272
841.501,213561,-53.3572,-110.199,5.40591,253786,109441
842.857,213897,-79.0588,-114.218,7.72577,253776,109607
844.208,214258,-72.2748,-92.6006,11.038,253797,109787
845.559,214621,-52.1725,-88.9376,15.3081,253821,109969
846.915,214996,-57.7473,-96.3371,9.05824,253858,110158
848.263,215342,-70.4107,-102.152,3.55628,253863,110345
849.624,215671,-86.213,-88.1583,6.68213,253843,110519
850.974,216004,-77.7282,-86.7146,32.0108,253832,110682
852.335,216342,-71.8541,-65.1876,18.322,253823,110847
853.679,216694,-49.6497,-74.7282,9.06296,253836,111030
855.033,217024,-24.2134,-62.9576,11.8562,253820,111191
856.381,217357,-31.6253,-39.7965,14.3306,253808,111358
857.73,217698,-38.4046,-67.7416,16.9469,253807,111534
859.083,218036,-48.5574,-68.707,6.76788,253800,111716
860.429,218388,-50.2052,-49.9165,9.72003,253813,111897
861.773,218712,-59.2234,-20.4638,1.84973,253793,112070
863.123,219056,-62.5054,-38.4938,4.98175,253795,112253
864.467,219399,-66.2913,-39.0622,7.21485,253797,112440
865.829,219748,-65.4999,-41.9974,14.0971,253801,112607
867.181,220086,-75.1741,-63.1433,11.6336,253795,112771
868.529,220427,-71.3986,-69.9517,20.3112,253794,112934
869.874,220757,-71.606,-54.9743,4.21815,253781,113114
871.23,221089,-57.5371,-71.1815,13.6536,253767,113279
872.588,221450,-61.6105,-47.5612,8.73868,253785,113467
873.932,221793,-91.0066,-32.6485,4.17478,253788,113628
875.29,222138,-131.75,-47.0794,8.39157,253788,113800
876.645,222493,-140.492,-40.3939,10.747,253801,113973
878.005,222854,-130.34,-49.2658,35.2878,253819,114154
879.341,223202,-144.728,-36.9815,17.3658,253829,114326
880.706,223577,-145.979,-52.2907,17.9717,253861,114532
882.068,223943,-129.503,-60.2832,5.46579,253884,114722
883.422,224283,-117.481,-21.3467,16.3816,253880,114903
884.779,224631,-154.534,21.4517,8.58661,253884,115081
886.121,224966,-134.977,34.3868,8.22677,253877,115257
887.472,225318,-136.84,36.834,14.6903,253888,115452
888.826,225639,-169.343,47.5738,15.7715,253862,115615
890.166,225973,-166.888,54.9068,1.02609,253855,115777
891.525,226339,-191.605,54.8093,9.79984,253879,115975
892.886,226679,-197.472,33.9748,8.12169,253872,116151
894.231,227024,-204.933,22.8168,9.4653,253876,116333
895.576,227357,-203.941,20.9899,9.31705,253867,116514
896.92,227706,-213.52,-1.58975,3.83726,253875,116673
898.274,228042,-213.317,4.12567,8.15291,253867,116850
899.619,228389,-230.167,23.8545,24.804,253873,117032
900.97,228730,-230.626,19.4877,7.74682,253870,117207
902.332,229047,-224.061,44.7385,6.39903,253839,117377
903.698,229405,-224.91,31.652,4.22529,253851,117563
905.048,229757,-212.215,31.4366,9.96992,253862,117742
906.388,230080,-198.862,40.7108,12.765,253842,117896
907.733,230416,-200.779,52.7238,14.5847,253836,118055
909.083,230781,-181.901,57.7179,0.301728,253861,118230
910.439,231139,-184.527,56.4425,17.1464,253876,118413
911.813,231471,-194.11,22.5492,9.44971,253857,118580
913.159,231849,-163.406,22.7655,2.15689,253897,118770
914.52,232227,-150.377,14.597,10.4593,253933,118966
915.881,232564,-143.755,-12.3529,4.1373,253924,119138
917.252,232941,-142.006,37.419,9.79916,253955,119322
918.611,233281,-165.863,26.4602,5.68022,253950,119502
919.967,233620,-186.726,46.3028,15.0014,253944,119669
921.323,233976,-161.085,36.9484,17.7622,253956,119849
922.68,234316,-117.868,56.3548,4.91916,253952,120018
924.031,234659,-118.126,50.803,8.40585,253951,120199
925.367,235012,-105.453,25.9753,3.7562,253967,120388
926.702,235327,-105.466,13.2772,9.63521,253940,120532
928.054,235655,-100.049,24.0813,3.49268,253924,120708
929.405,235975,-113.63,10.5014,14.5814,253899,120864
930.756,236342,-115.21,28.4646,15.7355,253925,121061
932.093,236664,-136.467,36.739,19.9888,253906,121228
933.439,237007,-144.386,32.3801,21.8966,253907,121406
934.798,237357,-132.775,22.5612,13.9319,253912,121594
936.139,237687,-138.005,12.6885,7.22891,253901,121774
937.489,238031,-172.455,13.8404,17.3267,253903,121936
938.823,238376,-169.452,10.8062,11.2936,253910,122112
940.189,238722,-173.932,1.91629,8.41743,253908,122296
941.541,239050,-160.605,-11.1049,7.75893,253892,122452
942.884,239388,-157.12,5.86449,8.80578,253890,122624
944.236,239736,-172.213,6.61619,8.90201,253894,122803
945.582,240091,-176.64,13.6071,5.60088,253908,122978
946.934,240410,-178.567,39.4965,1.0259,253882,123146
948.272,240737,-175.57,49.1533,3.1507,253869,123311
949.625,241080,-171.833,57.9532,8.00323,253869,123491
950.973,241429,-179.858,52.4674,6.2947,253876,123675
952.314,241762,-183.171,79.6481,1.58198,253868,123843
953.663,242084,-192.497,65.1241,5.52333,253846,124024
955.017,242437,-205.326,45.6281,4.89415,253856,124209
956.367,242759,-210.564,41.7054,23.4527,253835,124367
957.706,243101,-193.927,8.2312,8.76454,253837,124557
959.06,243433,-187.106,-27.2432,2.98068,253824,124739
960.405,243772,-175.281,-16.4099,6.43661,253822,124912
961.765,244137,-204.189,-3.06956,13.8946,253842,125099
963.116,244475,-184.493,4.05716,20.5521,253837,125267
964.487,244817,-214.682,2.87257,12.6804,253832,125455
965.846,245157,-211.4,20.9145,1.50862,253827,125611
967.205,245526,-201.248,13.2831,13.5169,253851,125799
968.551,245892,-216.152,10.6949,2.21575,253876,125983
969.915,246243,-226.645,-24.2495,6.816,253881,126161
971.285,246574,-221.013,-46.2553,0.38674,253864,126333
972.648,246912,-210.677,-63.2821,10.6498,253855,126511
973.983,247238,-180.698,-50.1668,9.04009,253842,126670
975.341,247567,-168.225,-40.2351,7.79378,253826,126864
976.7,247924,-175.894,-1.05738,11.6988,253839,127049
978.064,248293,-198.885,16.2072,7.96379,253861,127243
979.409,248620,-216.357,12.9021,15.064,253847,127413
980.761,248948,-203.154,10.5672,9.4533,253831,127586
982.124,249299,-175.962,-23.9466,6.12807,253836,127762
983.492,249677,-154.556,-3.66119,2.07106,253868,127962
984.836,250014,-122.601,12.7667,7.73718,253863,128150
986.198,250364,-158.303,12.3094,9.27736,253868,128337
987.551,250696,-172.505,-2.57577,1.62159,253856,128497
988.902,251031,-176.824,-25.5629,7.68048,253848,128681
990.258,251390,-179.534,-32.0539,15.1741,253863,128860
991.616,251728,-168.72,-52.1327,16.9001,253856,129030
992.969,252061,-175.042,-44.5056,4.38797,253846,129191
994.332,252418,-190.083,-57.4302,5.27743,253857,129387
995.697,252763,-174.016,-94.6266,8.7721,253855,129559
997.052,253111,-174.688,-96.0358,6.16715,253860,129748
998.393,253433,-184.671,-107.365,6.72145,253841,129927
999.755,253788,-176.306,-100.769,6.18731,253850,130117
1000,253849,-181.111,-109.843,9.85558,253849,130141
