1.36862,359.5,-0.85029,-6.53274,10.186,262673,202
2.72357,696.411,-7.59302,-4.51381,15.9257,255698,378
4.07294,1036.32,13.9292,21.1419,7.80494,254441,546
5.42086,1371.71,-5.13769,39.3917,13.1709,253043,715
6.77953,1750.68,24.8492,46.4848,7.93626,258230,900
8.13843,2100.37,29.14,70.5124,2.83591,258080,1085
9.49313,2429.33,34.0808,92.3592,14.3413,255905,1244
10.8531,2767.72,1.42742,103.189,2.69982,255017,1435
12.2038,3109.75,1.88206,107.507,6.18168,254819,1624
13.5613,3463.76,29.9889,92.1161,18.6653,255414,1815
14.9131,3818.45,30.3668,80.2941,6.69823,256047,1994
16.2869,4174.64,40.9246,82.6039,3.32348,256319,2167
17.6403,4530.71,37.9901,74.4422,5.95061,256839,2365
18.9971,4889.18,53.231,63.2482,14.0235,257364,2549
20.3471,5216.32,64.5549,61.9462,6.20074,256367,2717
21.7079,5576.26,62.4725,38.6437,3.44739,256877,2894
23.0695,5930.77,65.9778,43.0888,7.18686,257083,3080
24.4221,6284.3,42.8098,54.9214,7.99766,257320,3262
25.7805,6650.97,48.4547,32.8345,11.7834,257984,3463
27.1352,6993.65,43.4036,32.5005,20.9712,257734,3637
28.4966,7328.49,63.4872,22.8414,4.19407,257170,3809
29.8517,7704.97,51.6057,38.624,17.3403,258108,3999
31.2119,8051.05,52.7538,42.6579,28.4399,257948,4180
32.5595,8383.93,13.1075,24.469,15.5466,257496,4348
33.9213,8731.77,9.1792,51.9853,14.1443,257413,4519
35.2713,9066.07,26.5999,56.1821,8.9414,257038,4697
36.6258,9395.93,19.9004,48.6994,4.04639,256539,4858
37.9792,9741.08,35.2937,50.2521,0.815029,256484,5034
39.3335,10097.8,14.3524,94.2767,7.60411,256723,5212
40.6975,10463.8,33.0711,113.452,12.5764,257111,5404
42.0551,10817.1,30.3063,130.057,5.41002,257212,5584
43.4001,11147.9,16.3322,161.692,11.5526,256863,5747
44.7347,11482.3,10.5663,148.377,8.03206,256674,5906
46.0733,11834.4,11.2387,143.221,5.44823,256860,6089
47.4297,12162.3,8.61874,119.995,13.8046,256427,6264
48.7784,12527.9,-7.10363,116.231,18.7887,256833,6452
50.1314,12863.1,2.46372,134.756,9.01639,256587,6626
51.4837,13209.2,22.2975,156.456,12.8602,256571,6808
52.8332,13545.7,41.0767,148.231,6.20292,256387,6984
54.1918,13906.6,50.2375,132.921,16.0782,256619,7167
55.5428,14251,34.6598,127.28,13.2256,256577,7337
56.8891,14581.4,16.9592,126.256,2.71452,256313,7499
58.2426,14937.3,52.1148,120.408,13.5723,256468,7692
59.5975,15258.7,53.8217,128.93,10.513,256029,7855
60.9615,15636.9,47.3728,137.826,4.59891,256504,8046
62.304,15986.7,63.4657,119.709,6.37831,256592,8233
63.6496,16330.7,76.0279,115.935,16.0162,256572,8417
65.0116,16671.6,47.6274,133.822,6.72945,256440,8589
66.3714,17022.8,13.1837,140.44,20.2929,256478,8759
67.7293,17375.5,24.9893,140.255,10.1899,256543,8941
69.0876,17712.1,18.5264,136.876,3.90249,256372,9126
70.4557,18068.6,46.3089,113.833,15.9069,256454,9299
71.8025,18400.6,33.8576,118.896,7.11647,256266,9468
73.1474,18751.3,61.1842,102.8,33.2532,256350,9654
74.5053,19112.9,25.3578,108.7,15.989,256531,9840
75.8496,19466,17.6141,94.9706,3.54643,256640,10009
77.2059,19831.7,23.2264,113.082,2.24145,256868,10207
78.5727,20174.6,4.56787,96.1302,13.4996,256764,10380
79.9437,20554.8,5.78938,60.4211,9.03828,257116,10581
81.3083,20892.6,-10.6806,42.0223,12.0962,256956,10750
82.6705,21249.6,-41.9928,71.1547,3.82985,257039,10938
84.0208,21617.4,-34.089,104.248,2.6587,257286,11110
85.3737,21958.1,-41.7142,85.0879,2.43568,257200,11299
86.7238,22290.9,-31.6927,97.7463,6.91738,257033,11486
88.0945,22654.3,-34.6635,89.8162,15.1631,257159,11678
89.4641,23015.7,-40.305,100.448,4.05924,257261,11853
90.8148,23398.3,-50.0689,79.8301,1.33018,257649,12068
92.1576,23730.3,-54.2669,59.8111,8.25486,257497,12255
93.5117,24081.5,-73.4377,73.693,16.2634,257524,12431
94.8741,24414.7,-86.1799,67.0916,0.794594,257338,12599
96.2304,24754,-112.746,91.9722,10.5113,257236,12759
97.5782,25105.4,-105.625,111.643,11.9947,257285,12925
98.9387,25447.8,-92.0435,137.627,0.426356,257208,13110
100.297,25777.2,-91.5278,131.724,12.0605,257009,13269
101.645,26131.3,-102.8,130.434,12.2624,257083,13433
102.996,26456.4,-118.653,122.093,16.5767,256869,13596
104.353,26806.3,-140.786,109.756,2.39508,256881,13766
105.701,27117.6,-109.19,94.4939,2.81109,256550,13932
107.059,27464,-97.6938,112.606,9.12609,256530,14103
108.415,27780.9,-97.2953,117.896,11.6221,256245,14258
109.779,28133.8,-130.819,98.288,7.06188,256277,14423
111.138,28479.9,-131.506,112.705,7.55324,256256,14595
112.495,28830.8,-161.238,103.521,14.051,256285,14780
113.846,29162.4,-176.228,76.8958,11.2746,256156,14950
115.202,29501.5,-186.88,55.4949,6.79609,256085,15129
116.557,29849.7,-187.442,44.548,20.1328,256095,15311
117.904,30184.3,-205.601,50.8146,4.30792,256007,15485
119.273,30510.2,-229.939,38.8477,9.62162,255802,15652
120.628,30866.6,-219.684,8.65881,15.4519,255883,15829
121.977,31217.2,-208.014,30.9487,8.50171,255928,15998
123.335,31563.8,-210.118,54.4257,8.06212,255920,16190
124.702,31904.6,-203.151,88.3929,13.0004,255848,16367
126.036,32241.9,-207.938,88.5746,21.41,255816,16532
127.377,32594.4,-209.033,80.5128,8.64132,255890,16723
128.721,32953.5,-237.664,75.3226,19.403,256006,16885
130.086,33308.6,-260.63,95.1417,5.51777,256050,17060
131.441,33669.6,-266.165,93.135,6.83229,256157,17258
132.798,34020.8,-262.414,77.7425,11.225,256184,17437
134.155,34343.9,-232.754,86.5498,4.88519,256002,17598
135.508,34685.6,-223.832,76.5518,1.15303,255967,17765
136.869,35029.7,-255.255,80.8078,8.09314,255936,17935
138.235,35399.1,-251.722,62.0648,14.0314,256080,18133
139.602,35740.2,-247.026,73.5141,19.9412,256016,18302
140.957,36101.1,-228.431,85.5943,19.652,256114,18471
142.306,36457.5,-244.79,97.6268,16.6072,256190,18666
143.664,36769.5,-218.973,107.504,2.07392,255941,18825
145.02,37109.2,-225.111,88.0531,1.57947,255891,18985
146.357,37443.8,-245.564,79.9236,14.4479,255839,19149
147.727,37774.9,-250.076,86.9917,10.563,255708,19322
149.086,38112.5,-233.239,98.7656,14.2605,255641,19492
150.441,38459.7,-235.514,106.77,13.1223,255646,19660
151.78,38797.1,-205.246,112.532,8.11481,255613,19834
153.127,39106.6,-212.63,125.92,9.21295,255386,20008
154.486,39461.7,-196.092,102.967,16.5402,255439,20191
155.856,39827.9,-202.779,71.4934,13.2026,255544,20387
157.207,40175.9,-195.682,91.9682,1.24183,255560,20586
158.546,40495.7,-175.683,109.575,10.4611,255419,20741
159.898,40872.6,-177.268,124.269,10.9961,255616,20919
161.256,41219.4,-167.223,140.688,6.47925,255614,21079
162.605,41552.4,-184.917,133.575,5.6042,255542,21220
163.969,41904.9,-213.605,126.177,10.0621,255566,21399
165.324,42240.8,-223.855,130.762,9.69786,255504,21574
166.652,42569.9,-217.312,121.028,11.8696,255442,21749
168.028,42919.9,-246.113,119.512,16.0423,255434,21943
169.382,43259,-251.41,137.745,4.09652,255393,22116
170.738,43593.4,-256.539,154.086,8.83086,255323,22272
172.086,43925.7,-253.468,160.896,12.2889,255255,22455
173.447,44279.1,-255.662,186.208,2.81776,255290,22633
174.793,44584.1,-220.914,179.989,8.8958,255068,22778
176.147,44898.2,-226.96,184.686,8.65139,254891,22935
177.498,45247.6,-212.906,178.771,10.2014,254919,23093
178.844,45585.6,-210.321,174.94,0.43541,254891,23259
180.195,45931,-207.194,189.68,20.5175,254896,23442
181.558,46295,-228.024,208.354,5.40724,254987,23634
182.923,46622.9,-222.611,214.482,0.31565,254877,23806
184.266,46979.7,-230.746,239.654,12.5446,254956,23998
185.62,47334.2,-209.751,260.727,4.35677,255006,24174
186.963,47663.5,-222.566,230.216,7.27695,254935,24346
188.303,48034.5,-226.396,268.133,15.6108,255092,24537
189.64,48403.9,-232.053,295.401,16.3806,255241,24724
190.992,48758.7,-230.69,275.117,1.99582,255292,24917
192.335,49074.4,-253.433,290.474,10.472,255150,25085
193.686,49427.4,-270.947,275.286,10.9454,255193,25266
195.035,49782.1,-276.293,272.482,5.93598,255247,25440
196.381,50142.2,-280.267,257.757,13.0407,255331,25616
197.728,50479.3,-311.428,224.739,10.2057,255297,25800
199.077,50803.7,-306.15,218.517,8.04976,255196,25971
200.446,51170.8,-299.004,211.901,6.30683,255285,26140
201.793,51501.4,-339.871,199.091,6.48835,255219,26313
203.152,51847,-336.973,206.991,13.647,255213,26486
204.506,52214.6,-329.826,205.686,8.57687,255320,26684
205.857,52555.6,-357.909,218.747,2.88997,255302,26848
207.208,52902.7,-325.992,216,7.01401,255312,27030
208.57,53243,-314.445,191.186,7.23642,255277,27216
209.927,53595.5,-334.755,209.626,7.7897,255306,27392
211.285,53946.3,-345.639,163.775,9.13753,255325,27562
212.641,54299.8,-358.911,164.891,13.0441,255359,27728
213.977,54608.9,-339.555,158.346,0.414474,255209,27901
215.344,54972.7,-318.034,166.604,0.939015,255279,28077
216.692,55311.5,-321.464,167.091,23.0813,255254,28234
218.048,55685.1,-334.998,166.623,19.7724,255380,28425
219.388,56034.4,-334.523,184.878,1.41311,255412,28621
220.734,56352.6,-306.907,173.193,2.40188,255297,28770
222.083,56693.1,-292.071,119.497,11.4344,255279,28957
223.428,57032.8,-281.799,87.6795,2.28808,255263,29129
224.791,57410,-293.041,123.401,11.3665,255393,29323
226.129,57743.5,-289.855,131.519,12.9639,255357,29503
227.482,58097.7,-301.772,128.186,10.3794,255394,29689
228.835,58459.7,-292.549,133.056,8.40123,255467,29873
230.177,58823.1,-287.42,145.087,1.79868,255556,30053
231.531,59142,-313.073,161.817,9.95749,255439,30221
232.886,59494.7,-310.191,188.479,7.01095,255467,30392
234.241,59838.1,-301.337,170.003,6.28232,255455,30558
235.601,60186.2,-290.012,175.111,5.61529,255459,30737
236.952,60504.1,-282.94,179.14,11.3538,255344,30888
238.289,60824.4,-264.792,178.287,5.55071,255255,31050
239.642,61174.4,-240.089,211.537,21.4035,255274,31238
240.989,61482.9,-258.52,201.548,9.20189,255127,31390
242.336,61830.8,-249.485,165.649,10.8223,255145,31570
243.687,62173.1,-249.605,171.357,16.77,255135,31751
245.034,62516.4,-263.031,184.59,20.3014,255133,31927
246.375,62856.8,-261.777,195.132,19.391,255127,32130
247.732,63209.7,-261.901,198.011,28.4432,255154,32317
249.083,63564.8,-282.306,208.727,5.49274,255196,32502
250.435,63928.4,-288.902,214.916,13.8419,255270,32706
251.77,64261.4,-298.705,215.981,12.39,255238,32893
253.136,64594.8,-274.602,246.089,6.58461,255178,33055
254.498,64933,-282.203,247.687,3.47423,255141,33229
255.85,65251.8,-295.154,253.607,14.8534,255039,33393
257.191,65586,-289.475,258.258,11.4192,255009,33568
258.546,65921.3,-292.476,234.023,9.46585,254969,33747
259.902,66262.3,-263.878,222.272,12.6181,254952,33938
261.252,66615.2,-265.779,220.861,13.3042,254984,34123
262.598,66979.1,-244.175,194.895,4.18663,255063,34306
263.97,67349.4,-225.536,192.348,8.01934,255140,34516
265.321,67693.9,-209.591,177.713,8.39125,255140,34700
266.668,68044.4,-217.352,154.952,18.1631,255165,34884
268,68374,-201.959,169.073,3.14874,255126,35040
269.357,68706.9,-220.513,172.423,8.2371,255078,35210
270.717,69040,-240.185,201.878,5.89201,255026,35368
272.058,69378.1,-262.422,218.136,22.6552,255012,35526
273.401,69719.1,-287.996,231.265,23.2393,255007,35700
274.768,70078.4,-285.29,258.584,8.30423,255046,35887
276.102,70407.1,-290.64,282.537,17.4395,255004,36057
277.45,70757.2,-313.324,266.033,19.0163,255027,36216
278.818,71107,-311.124,296.181,6.50611,255030,36398
280.16,71428.7,-335.542,293.936,4.44829,254957,36573
281.511,71778.2,-342.342,278.596,4.85928,254975,36765
282.863,72107.3,-359.419,297.617,6.82862,254920,36931
284.212,72477.7,-368.835,272.515,9.87217,255013,37120
285.582,72797.4,-345.515,299.585,13.2464,254909,37278
286.936,73138,-388.589,302.33,7.71673,254893,37451
288.289,73476.1,-379.212,317.245,10.1946,254870,37622
289.644,73829.2,-371.713,324.411,2.82933,254896,37803
291.015,74188,-387.609,349.786,4.54492,254929,37974
292.355,74548.1,-421.512,364.971,43.1195,254991,38151
293.714,74890.3,-414.096,345.979,9.33959,254977,38333
295.063,75232,-394.167,365.468,13.1455,254970,38510
296.417,75585.3,-400.314,346.724,15.1659,254997,38680
297.789,75952.7,-419.424,351.842,5.6824,255055,38875
299.133,76266.1,-410.048,320.007,14.2686,254957,39024
300.48,76612.8,-434.567,351.939,16.7041,254968,39209
301.827,76960.1,-434.783,356.563,13.2614,254981,39378
303.174,77313.3,-424.915,362.608,8.83782,255013,39565
304.531,77633.3,-404.687,355.898,17.6669,254927,39727
305.876,77968.3,-406.888,359.373,3.77448,254901,39892
307.224,78329.1,-406.851,377.579,11.6944,254958,40086
308.595,78668.6,-403.614,389.23,3.04668,254925,40268
309.951,79032,-420.298,350.949,5.14125,254982,40451
311.291,79397.5,-415.516,344.23,10.3288,255059,40638
312.649,79732,-433.753,352.076,8.60787,255021,40810
313.99,80062,-443.978,341.114,25.1408,254983,40982
315.35,80424.6,-446.362,359.738,8.07293,255033,41170
316.699,80768,-448.89,342.774,10.7878,255031,41348
318.05,81112.3,-451.709,348.794,7.79552,255030,41521
319.415,81450.2,-466.002,331.57,19.2733,254998,41706
320.768,81821.8,-473.901,303.983,2.77723,255081,41885
322.114,82185.9,-442.597,294.134,8.51951,255145,42076
323.447,82501.2,-438.072,283.65,2.71962,255069,42228
324.802,82830.4,-433.271,273.038,13.599,255018,42397
326.165,83196.1,-428.678,255.147,7.93641,255074,42589
327.504,83533.7,-408.693,255.862,12.5542,255062,42759
328.86,83882.3,-451.579,263.227,7.16848,255070,42955
330.213,84210.4,-440.247,270.055,7.23497,255018,43131
331.578,84551.7,-459.183,292.954,8.73521,254998,43306
332.928,84901.1,-460.97,283.575,6.48913,255014,43481
334.28,85260.3,-467.537,304.199,13.8838,255057,43672
335.639,85621.2,-493.537,328.304,1.64283,255099,43849
336.981,85952.4,-479.708,338.111,9.88798,255066,44011
338.332,86287.4,-490.771,355.636,2.73116,255038,44191
339.69,86655.2,-472.405,317.571,7.14643,255100,44399
341.055,87004.4,-449.763,288.658,14.2804,255104,44584
342.401,87346.8,-451.067,296.846,7.42612,255101,44769
343.76,87704.3,-455.298,296.164,21.8607,255132,44937
345.113,88033.1,-452.628,278.158,2.43305,255084,45114
346.452,88378.2,-452.2,298.316,8.17885,255095,45300
347.808,88705.7,-434.614,294.477,7.43412,255042,45460
349.165,89069.7,-434.512,296.772,12.2785,255094,45648
350.519,89420.9,-475.439,265.53,7.49616,255110,45829
351.871,89772.5,-469.85,269.659,6.33286,255129,46023
353.215,90112,-487.351,278.263,15.669,255119,46188
354.584,90477.9,-472.183,289.212,6.67167,255166,46388
355.952,90834.3,-485.902,307.175,8.35921,255187,46571
357.309,91188.3,-470.805,302.254,9.81502,255208,46742
358.665,91554.7,-488.541,294.169,7.55225,255265,46936
360.005,91905.4,-478.6,282.84,2.65593,255289,47108
361.35,92252.9,-490.869,284.182,13.3872,255300,47286
362.705,92573.6,-510.519,295.006,5.49656,255231,47446
364.058,92914.1,-540.917,294.188,11.6103,255218,47628
365.409,93265.6,-546.237,291.154,6.63829,255236,47809
366.755,93614.9,-553.309,299.363,8.58885,255252,47994
368.098,93971.5,-569.641,288.343,6.04744,255289,48177
369.458,94336.8,-579.07,288.954,6.48516,255339,48354
370.821,94668.9,-574.575,298.307,12.4829,255296,48520
372.171,95003.8,-600.02,297.054,13.4238,255270,48686
373.511,95352.1,-631.645,301.805,6.18045,255286,48872
374.876,95716.1,-624.966,318.674,22.1118,255327,49055
376.233,96087,-654.214,307.089,4.12414,255392,49237
377.582,96443.6,-694.128,326.122,13.1861,255424,49416
378.944,96793.1,-694.776,315.603,3.45047,255428,49600
380.303,97148.4,-687.164,283.563,6.27384,255450,49782
381.663,97502.2,-664.884,322.166,12.7632,255467,49955
383.02,97858.9,-685.021,333.76,14.7362,255493,50156
384.363,98205.8,-667.237,363.123,12.277,255503,50316
385.729,98555.6,-683.451,370.779,3.65918,255505,50494
387.095,98915,-679.527,383.738,9.53797,255532,50678
388.459,99262.8,-676.119,378.252,4.40734,255530,50862
389.829,99604.8,-677.566,359.288,15.9073,255509,51035
391.181,99941.4,-643.306,362.86,13.3858,255486,51204
392.536,100258,-659.34,375.423,10.8813,255412,51369
393.898,100615,-622.497,392.268,7.08596,255436,51545
395.255,100965,-630.875,374.18,15.3341,255444,51711
396.603,101318,-620.598,396.953,4.59095,255464,51882
397.967,101670,-585.061,383.778,8.14731,255473,52069
399.325,102005,-588.676,386.89,14.0077,255445,52251
400.675,102345,-599.017,400.728,10.3791,255432,52428
402.03,102702,-607.074,392.467,14.7325,255458,52601
403.377,103032,-569.645,411.809,3.67427,255423,52778
404.729,103378,-599.365,428.516,9.97143,255425,52941
406.092,103717,-627.039,425.999,9.99021,255403,53104
407.457,104057,-634.083,436.13,7.66932,255381,53278
408.804,104375,-617.344,421.296,7.41238,255317,53454
410.144,104734,-630.197,418.496,13.0046,255360,53632
411.491,105103,-618.279,447.401,6.82698,255419,53812
412.841,105468,-608.666,457.674,13.4721,255469,53993
414.192,105829,-601.943,447.792,10.6119,255506,54174
415.545,106184,-593.171,440.426,3.17062,255530,54375
416.902,106521,-607.826,463.437,7.23491,255506,54537
418.249,106851,-581.832,448.482,6.33983,255472,54707
419.59,107209,-590.034,470.067,8.91194,255509,54897
420.952,107568,-571.176,459.006,2.93625,255536,55099
422.299,107910,-549.804,442.103,4.98437,255529,55278
423.658,108249,-526.802,448.262,7.569,255510,55460
425.004,108580,-532.107,456.551,13.4247,255480,55632
426.363,108923,-554.939,455.536,4.79484,255470,55818
427.714,109262,-546.034,435.321,8.2494,255455,56009
429.067,109610,-521.609,430.485,5.06349,255462,56178
430.418,109940,-518.563,443.919,7.91286,255425,56346
431.785,110279,-495.256,444.847,10.863,255402,56520
433.14,110600,-497.77,432.665,8.29255,255344,56682
434.5,110951,-503.088,418.164,10.4052,255352,56861
435.852,111306,-468.559,413.441,11.3669,255377,57041
437.205,111639,-476.356,391.505,13.4825,255347,57212
438.558,111975,-462.56,389.732,2.45126,255326,57385
439.926,112305,-473.818,395.447,12.8633,255282,57546
441.286,112651,-479.982,408.739,5.71458,255279,57730
442.629,113017,-482.65,382.321,7.11824,255331,57897
443.973,113354,-454.53,394.093,7.35098,255318,58056
445.32,113690,-470.333,402.28,7.51599,255301,58249
446.672,114026,-478.937,421.228,7.95853,255280,58423
448.041,114389,-507.548,417.25,7.82291,255308,58605
449.401,114752,-525.053,414.882,7.1614,255344,58788
450.763,115074,-511.356,415.056,8.54366,255286,58953
452.111,115424,-494.711,446.21,0.878711,255301,59113
453.458,115737,-458.932,466.636,18.8616,255233,59272
454.815,116079,-483.825,439.565,7.51236,255221,59437
456.181,116444,-489.931,404.904,5.66785,255259,59629
457.526,116798,-490.235,368.89,10.2639,255283,59814
458.872,117139,-492.792,385.408,10.0111,255275,59976
460.211,117494,-498.953,368.245,1.76285,255305,60144
461.577,117848,-495.419,367.405,3.6368,255316,60321
462.937,118217,-500.611,344.644,8.35408,255363,60515
464.3,118545,-503.561,332.273,11.4865,255319,60684
465.657,118900,-485.71,340.675,5.73041,255339,60875
466.995,119273,-506.579,335.388,1.68439,255406,61072
468.349,119631,-535.315,351.789,7.93002,255431,61263
469.699,119983,-560.075,352.851,2.72763,255446,61435
471.044,120337,-574.473,353.833,3.25018,255469,61610
472.391,120668,-598.49,354.127,10.3209,255440,61779
473.743,120987,-608.975,345.259,14.2708,255385,61956
475.114,121361,-589.91,374.968,11.1783,255435,62151
476.479,121680,-599.091,360.108,11.4679,255373,62317
477.817,122042,-588.375,359.972,5.04266,255415,62498
479.16,122387,-578.744,364.453,4.8641,255419,62667
480.529,122744,-555.701,363.218,17.9627,255435,62846
481.86,123066,-549.218,374.193,2.22867,255397,63013
483.218,123397,-565.913,372.651,8.66781,255364,63193
484.556,123753,-579.911,388.77,11.4217,255395,63374
485.902,124117,-607.655,416.843,6.57644,255436,63561
487.255,124461,-552.37,382.257,18.5313,255433,63728
488.593,124796,-548.467,387.997,1.45809,255418,63884
489.944,125139,-513.853,368.143,6.05965,255414,64063
491.301,125500,-508.014,377.832,2.51383,255444,64241
492.646,125812,-506.298,395.618,7.39219,255381,64382
493.999,126158,-471.573,403.585,11.857,255380,64547
495.349,126518,-479.425,389.873,8.04721,255411,64723
496.696,126859,-503.487,429.797,8.25102,255406,64894
498.062,127215,-531.727,424.704,11.8375,255421,65073
499.421,127581,-552.719,451.659,13.8728,255458,65260
500.766,127913,-543.025,461.504,10.6992,255435,65444
502.112,128250,-519.869,455.297,6.77316,255422,65620
503.469,128597,-525.97,450.749,5.13783,255422,65810
504.826,128963,-514.678,468.988,11.7586,255460,66003
506.193,129301,-539.101,467.585,14.3233,255438,66174
507.549,129626,-538.331,488.217,11.0796,255396,66348
508.904,129976,-553.208,497.851,15.1563,255403,66515
510.26,130299,-576.672,502.466,1.44788,255358,66674
511.615,130642,-592.654,477.044,5.39251,255353,66843
512.953,130977,-585.569,461.819,5.46365,255339,67033
514.297,131314,-615.418,479.514,14.9883,255327,67218
515.67,131674,-608.727,485.961,18.2613,255345,67380
517.019,132022,-602.609,483.238,5.27211,255352,67562
518.368,132365,-596.645,487.115,5.01469,255350,67718
519.726,132723,-593.964,509.011,8.91747,255371,67904
521.085,133081,-578.247,499.51,6.39687,255392,68095
522.436,133401,-580.976,484.174,3.34723,255344,68268
523.798,133764,-595.649,483.705,10.0536,255374,68466
525.148,134111,-583.321,474.589,4.61884,255378,68632
526.497,134450,-542.159,471.158,2.90114,255367,68795
527.841,134778,-522.078,482.945,14.4106,255339,68978
529.198,135117,-510.449,448.838,4.93707,255325,69145
530.56,135475,-461.138,435.675,14.6901,255342,69335
531.914,135791,-464.068,436.965,21.6078,255288,69491
533.261,136107,-476.174,452.726,4.08303,255235,69663
534.628,136474,-487.461,457.32,15.1669,255268,69847
535.979,136824,-505.939,444.208,6.57634,255278,70020
537.323,137199,-548.605,417.997,7.0236,255338,70223
538.663,137516,-537.902,408.077,9.74385,255290,70388
540.005,137862,-533.499,424.333,4.97678,255299,70562
541.363,138200,-540.446,428.391,16.0311,255283,70729
542.706,138519,-521.958,419.123,8.24543,255237,70892
544.074,138869,-495.172,447.045,6.41828,255239,71073
545.43,139222,-503.548,458.084,26.4413,255252,71263
546.78,139573,-482.468,439.586,3.28428,255264,71441
548.136,139910,-467.598,478.831,5.91,255246,71612
549.471,140241,-464.643,480.9,8.57663,255229,71801
550.826,140596,-478.295,448.769,6.32431,255245,71977
552.175,140954,-433.053,462.878,12.5631,255270,72172
553.528,141310,-428.355,446.308,12.3833,255289,72354
554.888,141655,-436.278,460.43,18.2218,255285,72532
556.237,142009,-433.234,439.591,5.44014,255303,72729
557.59,142350,-458.983,442.775,12.248,255295,72901
558.946,142688,-478.082,454.976,11.7055,255280,73090
560.306,143044,-489.409,466.765,13.1663,255297,73280
561.648,143386,-515.751,488.452,12.7923,255295,73439
562.996,143719,-505.045,476.997,11.1017,255275,73621
564.339,144063,-544.761,498.402,7.89267,255278,73786
565.685,144420,-539.619,498.518,12.8213,255301,73962
567.036,144764,-569.367,487.636,3.06626,255300,74149
568.391,145104,-546.56,458.455,9.28437,255289,74312
569.749,145452,-593.544,436.559,9.85598,255292,74477
571.106,145792,-594.754,455.49,15.8748,255281,74660
572.449,146121,-556.116,462.193,12.1561,255256,74844
573.798,146480,-525.741,445.811,17.8398,255281,75026
575.146,146845,-534.048,436.995,8.029,255318,75199
576.499,147223,-553.625,419.144,0.375963,255375,75386
577.853,147584,-561.146,406.944,4.64337,255401,75583
579.203,147924,-566.393,419.482,8.20291,255392,75758
580.541,148256,-549.747,413.83,5.36038,255376,75923
581.891,148596,-550.504,437.558,13.6521,255367,76095
583.242,148949,-546.904,401.517,6.41952,255381,76273
584.6,149286,-558.605,385.846,5.54766,255365,76450
585.954,149620,-556.803,427.727,3.04437,255344,76635
587.31,149963,-555.786,433.096,1.75073,255338,76807
588.665,150293,-558.684,437.129,7.64319,255312,76992
590.021,150646,-568.378,443.328,1.28377,255323,77173
591.365,150966,-582.434,479.323,9.19704,255284,77331
592.719,151282,-583.666,477.48,10.6607,255233,77479
594.076,151627,-586.234,502.571,2.78633,255231,77660
595.43,151989,-570.112,520.597,24.0193,255259,77863
596.766,152337,-568.959,505.239,6.53948,255271,78045
598.127,152725,-558.015,515.306,11.6687,255338,78258
599.475,153105,-553.199,528.354,7.14196,255398,78450
600.827,153427,-578.102,503.706,5.54267,255360,78612
602.179,153755,-594.263,534.083,0.969812,255331,78784
603.529,154090,-596.644,534.263,7.52278,255315,78956
604.876,154437,-615.902,539.911,5.24626,255320,79139
606.237,154802,-647.138,545.053,10.1265,255349,79338
607.595,155161,-656.997,548.376,5.98395,255370,79516
608.957,155519,-628.705,573.604,14.1136,255385,79692
610.32,155873,-636.243,591.157,7.74385,255396,79872
611.676,156212,-669.447,604.23,6.98551,255383,80017
613.027,156573,-691.546,617.492,7.41058,255409,80196
614.386,156916,-691.262,607.119,19.3067,255402,80355
615.741,157294,-671.793,600.467,7.13733,255455,80539
617.096,157640,-662.164,574.965,1.8669,255454,80726
618.46,157961,-686.404,577.157,16.2927,255409,80879
619.809,158284,-691.446,576.565,11.2102,255376,81030
621.158,158608,-704.3,579.682,7.82952,255343,81180
622.505,158957,-673.371,555.735,6.28221,255350,81367
623.841,159286,-688.632,562.05,6.44348,255331,81523
625.189,159625,-719.258,582.514,5.32637,255323,81710
626.54,159992,-716.741,562.548,13.8016,255358,81894
627.893,160308,-688.94,558.475,21.0258,255311,82054
629.252,160664,-686.874,566.674,12.7546,255325,82234
630.611,161028,-659.711,576.809,6.61635,255353,82428
631.968,161384,-625.431,566.984,18.4822,255368,82613
633.324,161765,-631.813,555.844,2.92702,255422,82816
634.672,162121,-628.499,560.108,4.54324,255440,83009
636.009,162448,-619.268,581.213,0.323521,255418,83183
637.373,162796,-628.473,559.471,3.66942,255417,83373
638.731,163162,-633.764,528.277,13.7068,255448,83552
640.093,163504,-642.367,516.715,18.8426,255438,83725
641.444,163844,-672.701,548.097,5.32743,255430,83897
642.791,164187,-682.508,557.857,14.2864,255427,84093
644.152,164558,-665.909,543.656,14.5587,255465,84278
645.511,164923,-656.565,543.873,11.7605,255492,84450
646.864,165261,-648.67,549.544,11.5496,255480,84603
648.205,165590,-640.632,541.337,4.28219,255460,84777
649.548,165903,-635.334,518.392,1.99437,255413,84949
650.896,166222,-679.505,526.559,5.74822,255375,85120
652.269,166570,-682.899,498.324,8.75739,255370,85300
653.624,166930,-683.317,491.056,19.3244,255392,85472
654.977,167249,-667.298,468.177,5.00755,255351,85622
656.321,167613,-671.208,500.059,9.48601,255382,85811
657.655,167937,-700.628,491.343,8.44817,255358,85976
658.991,168263,-671.676,502.981,14.6179,255334,86150
660.359,168627,-672.792,499.009,3.54963,255357,86342
661.722,168968,-636.148,481.303,15.7041,255346,86529
663.097,169328,-665.693,489.892,13.8358,255358,86712
664.446,169654,-652.313,443.205,7.91585,255331,86877
665.79,169996,-680.87,444.057,2.64041,255330,87069
667.142,170341,-705.132,420.603,7.19487,255330,87254
668.513,170681,-696.364,406.651,12.5843,255314,87434
669.865,171014,-705.02,395.33,5.79909,255296,87607
671.213,171358,-737.239,392.28,13.5903,255295,87778
672.573,171729,-721.909,400.506,3.28957,255331,87978
673.922,172079,-700.811,419.237,1.531,255340,88149
675.259,172400,-701.305,402.473,7.58206,255309,88311
676.617,172731,-689.169,417.339,28.0954,255286,88490
677.961,173063,-712.618,440.265,10.8509,255270,88663
679.307,173428,-714.844,455.576,14.3539,255302,88866
680.663,173763,-738.822,429.227,6.57363,255284,89046
682.018,174098,-757.898,426.614,13.7397,255269,89219
683.386,174448,-759.943,443.332,17.9451,255270,89393
684.734,174797,-756.009,411.155,7.31707,255277,89561
686.074,175146,-742.841,417.356,14.8744,255287,89732
687.428,175495,-720.777,413.585,25.9329,255293,89908
688.775,175826,-760.958,432.689,3.92303,255273,90084
690.121,176171,-769.128,439.239,9.28901,255275,90247
691.487,176557,-776.73,457.115,17.932,255330,90444
692.85,176903,-761.587,455.46,16.0512,255326,90627
694.207,177286,-755.673,418.53,11.6162,255379,90838
695.567,177612,-749.05,428.997,5.40122,255349,91014
696.929,177960,-752.237,449.895,2.40042,255349,91209
698.278,178319,-756.862,409.543,9.12516,255369,91404
699.633,178642,-721.311,420.804,3.73684,255337,91575
700.986,178993,-733.039,420.542,3.60228,255345,91747
702.338,179370,-761.165,409.586,13.324,255390,91944
703.703,179707,-780.868,390.355,13.9815,255374,92120
705.057,180012,-776.085,387.561,12.956,255316,92262
706.42,180360,-793.805,384.297,12.3651,255315,92443
707.773,180704,-812.583,402.599,0.612303,255313,92635
709.117,181035,-811.164,367.892,8.4049,255296,92814
710.465,181357,-822.282,356.909,5.0798,255265,92979
711.812,181713,-829.089,332.518,5.60501,255282,93152
713.158,182040,-828.194,347.127,11.4941,255259,93303
714.506,182380,-822.27,354.548,14.8222,255253,93474
715.867,182733,-812.157,376.529,7.06902,255261,93678
717.23,183096,-837.047,381.612,12.3058,255282,93871
718.578,183416,-852.49,366.187,7.46895,255249,94032
719.944,183791,-862.791,382.059,13.0639,255285,94225
721.288,184131,-888.144,378.263,24.3623,255281,94392
722.643,184481,-906.836,384.862,8.8424,255287,94581
723.994,184815,-889.057,388.935,14.7029,255272,94754
725.347,185169,-876.404,385.379,0.681082,255283,94924
726.707,185502,-888.826,390.157,7.83776,255264,95096
728.055,185855,-894.256,387.018,4.62292,255276,95278
729.389,186193,-886.627,392.496,15.8269,255272,95477
730.748,186568,-914.4,377.977,10.9682,255312,95676
732.091,186894,-915.433,374.112,11.0214,255288,95851
733.449,187243,-895.323,368.024,4.6784,255291,96035
734.814,187586,-904.731,360.782,8.39089,255284,96206
736.185,187921,-913.11,367.896,10.8591,255263,96359
737.538,188247,-892.427,348.687,7.23829,255237,96521
738.886,188585,-890.848,320.148,10.9459,255229,96695
740.229,188941,-903.241,283.984,23.8574,255247,96879
741.578,189285,-893.081,296.943,13.0317,255247,97076
742.938,189630,-892.81,320.904,13.0985,255243,97264
744.273,189937,-898.895,299.491,8.75232,255197,97408
745.61,190274,-904.949,310.99,7.0025,255193,97582
746.967,190618,-893.052,289.91,6.97891,255189,97757
748.331,190982,-905.338,291.234,11.8532,255210,97947
749.677,191327,-903.71,303.72,7.57192,255212,98126
751.028,191659,-878.428,285.832,11.5959,255195,98306
752.373,192009,-895.541,271.709,18.2607,255204,98482
753.71,192349,-876.643,280.29,19.3341,255203,98654
755.069,192696,-885.904,275.948,10.2938,255203,98831
756.436,193047,-897.011,278.571,4.14645,255206,99008
757.792,193400,-905.937,269.892,8.97358,255215,99189
759.151,193765,-929.126,274.255,13.0723,255239,99350
760.516,194080,-929.393,283.223,7.33743,255195,99528
761.866,194420,-920.8,299.831,16.3237,255189,99694
763.214,194767,-917.082,307.567,23.5693,255194,99871
764.562,195078,-922.975,314.136,6.92145,255150,100028
765.913,195422,-931.828,316.361,25.5448,255150,100214
767.268,195757,-949.041,309.926,12.6424,255136,100394
768.626,196090,-955.314,316.033,7.42588,255117,100565
769.98,196433,-946.571,326.353,13.0958,255115,100725
771.341,196779,-922.389,331.678,14.9009,255112,100889
772.689,197113,-914.407,345.599,7.1542,255099,101051
774.037,197439,-898.744,354.51,31.2362,255077,101222
775.376,197771,-894.685,353.094,17.2549,255065,101388
776.727,198125,-876.778,363.92,11.0528,255077,101567
778.08,198476,-875.508,360.5,19.5677,255084,101747
779.446,198833,-886.978,366.356,6.39571,255096,101924
780.814,199183,-878.484,401.985,2.75194,255096,102083
782.161,199519,-898.951,401.197,7.75014,255086,102263
783.508,199867,-896.455,408.934,3.46458,255093,102450
784.857,200211,-933.846,390.628,3.80392,255093,102631
786.193,200557,-932.411,405.375,14.7111,255098,102795
787.551,200889,-924.531,412.235,12.0274,255081,102964
788.923,201231,-940.252,407.682,25.6266,255071,103154
790.289,201566,-959.073,385.638,2.16632,255054,103325
791.638,201912,-918.69,380.518,18.8503,255055,103515
792.997,202232,-912.301,391.172,1.0835,255022,103682
794.356,202578,-950.885,370.005,6.22386,255021,103867
795.702,202934,-937.793,361.95,37.0071,255037,104051
797.045,203293,-929.283,354.416,19.8861,255058,104246
798.409,203653,-954.078,322.907,3.03418,255073,104438
799.757,203989,-915.266,332.264,8.64121,255064,104602
801.11,204327,-934.647,351.307,11.829,255055,104768
802.456,204646,-928.885,384.356,9.88291,255025,104927
803.807,204992,-971.507,374.941,2.57167,255026,105099
805.147,205345,-951.275,374.556,2.49211,255040,105282
806.498,205678,-934.84,384.467,11.6727,255026,105458
807.831,206002,-930.646,370.827,6.31925,255007,105624
809.186,206361,-928.805,398.56,12.9426,255023,105795
810.53,206687,-951.798,385.301,5.34241,255002,105963
811.882,207018,-981.013,389.734,10.6016,254985,106126
813.239,207369,-941.116,373.571,15.3692,254991,106311
814.589,207707,-947.277,356.234,3.91809,254984,106491
815.937,208045,-941.208,371.187,13.5572,254976,106665
817.283,208394,-953.24,347.29,7.87757,254984,106850
818.633,208746,-954.366,348.262,3.70624,254993,107018
819.979,209072,-950.912,374.505,13.5925,254973,107181
821.324,209439,-989.208,373.799,6.4665,255001,107372
822.678,209789,-958.404,339.376,8.97397,255008,107549
824.035,210149,-960.834,341.459,10.7348,255025,107734
825.387,210495,-972.455,358.157,11.7153,255026,107906
826.727,210832,-960.631,351.963,10.1978,255020,108068
828.069,211170,-959.53,361.982,8.83582,255015,108247
829.423,211502,-950.894,370.409,3.58065,254999,108419
830.778,211856,-958.472,370.969,12.5212,255009,108600
832.136,212212,-968.125,363.08,22.3775,255021,108776
833.472,212550,-964.773,375.579,6.47484,255017,108943
834.821,212895,-952.055,371.073,9.11606,255019,109125
836.16,213218,-934.122,384.771,6.07759,254997,109291
837.503,213552,-945.464,392.954,4.26165,254987,109448
838.866,213904,-941.439,383.35,4.54233,254992,109631
840.236,214259,-930.942,386.784,17.3039,254999,109812
841.587,214617,-943.451,370.512,9.72401,255015,109995
842.947,214972,-954.449,372.161,6.48445,255024,110179
844.305,215315,-937.916,363.73,6.00705,255021,110348
845.668,215654,-924.767,378.011,18.1051,255010,110519
847.021,216007,-938.655,369.161,13.412,255020,110710
848.393,216342,-973.021,357.778,11.5353,255003,110873
849.751,216675,-963.114,352.307,9.37218,254987,111043
851.098,217012,-967.067,358.583,6.2667,254979,111213
852.453,217337,-961.867,359.648,15.0661,254955,111382
853.8,217697,-948.652,338.951,8.77991,254974,111572
855.169,218063,-930.859,319.947,19.9781,254995,111761
856.525,218413,-925.985,330.267,3.91077,254999,111946
857.882,218786,-913.454,341.55,10.598,255031,112136
859.229,219111,-924.607,341.263,10.4693,255009,112307
860.578,219497,-940.28,349.587,8.8245,255057,112514
861.921,219824,-881.232,355.745,7.14929,255040,112683
863.28,220165,-867.828,339.484,6.1554,255033,112858
864.63,220501,-859.995,330.517,13.4236,255023,113027
865.983,220836,-833.264,338.97,2.66904,255012,113201
867.327,221199,-858.997,340.811,15.6136,255036,113384
868.687,221547,-837.287,364.505,15.4285,255036,113550
870.034,221902,-840.347,361.349,21.5726,255050,113716
871.387,222207,-857.19,375.982,9.53367,255004,113868
872.726,222578,-866.424,376.975,12.6133,255037,114058
874.087,222947,-849.874,362.059,11.6919,255063,114250
875.444,223309,-876.434,379.325,7.73389,255081,114446
876.799,223634,-863.909,363.872,9.09874,255058,114618
878.162,224002,-871.308,395.688,6.06671,255080,114808
879.501,224335,-857.079,363.841,13.2758,255071,114982
880.85,224677,-862.157,376.299,8.80801,255069,115145
882.208,225007,-859.57,361.318,8.52849,255050,115300
883.555,225354,-862.679,354.85,8.25355,255054,115473
884.907,225694,-848.541,363.231,17.1077,255048,115646
886.248,226033,-808.243,359.904,12.0587,255045,115799
887.611,226369,-804.848,349.302,9.54613,255032,115959
888.978,226732,-793.247,352.114,4.07636,255048,116134
890.34,227085,-801.973,340.785,3.44444,255055,116325
891.696,227436,-795.218,361.543,7.51191,255060,116517
893.047,227754,-783.109,336.442,7.04113,255030,116681
894.405,228116,-778.741,367.437,15.2212,255048,116865
895.753,228464,-764.969,349.811,24.814,255053,117022
897.116,228844,-740.706,358.314,7.25642,255088,117209
898.473,229171,-759.246,380.144,7.95504,255067,117370
899.821,229512,-749.473,358.605,7.1512,255064,117527
901.185,229865,-735.653,351.393,8.01253,255069,117711
902.546,230234,-746.464,369.167,9.56752,255094,117890
903.898,230571,-754.125,371.377,14.1136,255085,118059
905.255,230912,-770.55,356.99,22.9805,255080,118217
906.625,231270,-765.06,356.852,22.7957,255088,118402
907.972,231570,-749.031,368.967,3.10723,255041,118559
909.33,231922,-775.766,379.536,14.157,255047,118739
910.679,232255,-803.335,419.208,5.05544,255035,118913
912.044,232604,-805.404,390.848,16.6538,255035,119095
913.386,232961,-826.742,412.943,7.64593,255052,119259
914.743,233315,-844.996,423.691,7.22279,255060,119428
916.099,233670,-844.604,430.128,9.19773,255071,119627
917.465,234035,-850.319,436.953,7.35079,255089,119791
918.811,234378,-848.63,417.032,21.4374,255088,119969
920.153,234708,-818.106,436.469,5.25925,255075,120138
921.523,235067,-795.184,429.832,7.06593,255086,120337
922.872,235415,-804.355,438.226,4.04788,255090,120522
924.208,235746,-832.888,464.718,5.57615,255079,120689
925.561,236094,-833.731,414.4,6.4133,255082,120870
926.912,236425,-842.352,403.028,9.58167,255068,121038
928.268,236760,-851.244,429.198,8.77671,255056,121191
929.628,237100,-853.661,431.309,7.07993,255049,121371
930.959,237420,-841.535,430.432,10.1529,255027,121536
932.303,237757,-871.139,403.03,13.3465,255021,121717
933.658,238123,-856.803,429.54,6.40607,255043,121879
935.018,238477,-835.149,440.308,19.2632,255051,122063
936.375,238802,-835.66,437.206,1.60139,255028,122237
937.734,239153,-829.843,422.196,11.214,255032,122426
939.081,239499,-836.201,423.971,7.95366,255036,122617
940.423,239833,-837.856,416.412,6.88192,255027,122796
941.776,240206,-867.687,406.189,8.04469,255056,122989
943.124,240549,-860.854,407.774,7.83439,255055,123173
944.473,240894,-865.236,427.783,4.73759,255056,123349
945.832,241252,-870.895,431.505,2.26338,255069,123555
947.184,241595,-860.31,453.075,4.18284,255067,123729
948.548,241945,-890.984,431.902,13.5928,255069,123914
949.899,242314,-893.973,406.102,6.05115,255095,124096
951.254,242662,-873.438,394.858,10.7316,255096,124257
952.615,243011,-876.11,369.823,11.0569,255099,124450
953.947,243338,-846.489,360.175,8.07875,255085,124609
955.3,243691,-868.947,328.118,3.20077,255093,124788
956.664,244015,-880.821,333.303,8.05212,255069,124959
958.022,244393,-888.935,325.701,11.4101,255102,125161
959.37,244746,-905.635,332.665,8.73134,255111,125351
960.721,245109,-922.433,326.065,6.97055,255131,125540
962.087,245460,-945.52,317.324,5.65797,255133,125725
963.444,245802,-945.815,289.881,15.5116,255128,125897
964.803,246161,-933.45,300.49,7.41923,255142,126069
966.15,246499,-943.381,275.151,9.95692,255135,126243
967.512,246819,-936.001,251.6,17.5875,255107,126409
968.875,247180,-957.867,237.473,6.6394,255121,126607
970.225,247514,-967.918,241.732,2.98075,255110,126752
971.566,247852,-942.12,218.954,2.90712,255105,126934
972.91,248227,-932.294,232.21,16.9901,255139,127130
974.265,248570,-930.924,256.113,7.14621,255136,127301
975.624,248920,-947.794,254.699,7.49817,255139,127493
976.959,249248,-956.967,256.1,2.14545,255126,127647
978.317,249611,-975.048,289.937,4.52108,255143,127832
979.698,249990,-972.256,281.024,5.10104,255170,128027
981.04,250295,-966.586,286.017,14.0185,255132,128190
982.383,250636,-972.772,291.882,4.41841,255131,128357
983.728,250976,-951.69,345.2,2.84751,255128,128533
985.065,251295,-938.008,327.653,12.9192,255105,128678
986.423,251648,-945.894,305.547,0.356312,255111,128855
987.778,251986,-929.068,310.456,4.12234,255103,129036
989.123,252321,-943.98,325.118,4.37588,255096,129198
990.479,252681,-928.269,298.79,8.53332,255110,129391
991.836,253021,-903.444,327.745,7.06018,255104,129557
993.201,253382,-888.7,334.941,3.00741,255116,129744
994.564,253707,-873.617,337.165,8.76004,255094,129916
995.918,254071,-911.17,347.721,2.06816,255112,130109
997.27,254402,-936.253,349.072,11.1271,255099,130278
998.608,254753,-904.502,363.302,9.36154,255108,130443
999.965,255073,-906.082,370.444,9.73439,255081,130609
1000,255081,-903.516,369.88,0.822739,255081,130611
