1.35028,41.6749,-88.45,-16.5372,0.954544,30864,0
2.70153,47.5017,-79.1176,19.2494,1.08041,17583.3,0
4.06002,70.5369,-33.3899,-2.73988,1.58814,17373.5,0
5.40455,23.6323,-24.4028,-22.6933,0.500059,4372.66,0
6.75373,42.1771,-40.4511,-23.4268,0.92128,6245.01,0
8.09981,41.8053,7.39049,-91.0228,0.904934,5161.27,0
9.44539,66.1799,-26.8256,-33.9787,1.4485,7006.58,0
10.8007,98.7553,-86.0842,2.12792,2.12759,9143.44,0
12.1454,133.941,-82.4751,72.2551,2.79861,11028.2,0
13.5003,157.105,-86.8689,84.7863,3.14919,11637.2,0
14.8367,175.446,-67.3879,69.5223,3.33637,11825.2,0
16.2077,181.237,-68.365,68.9879,3.2287,11182.2,0
17.5567,137.288,-42.8324,81.6416,2.09739,7819.71,0
18.9176,171.807,4.3559,74.3367,2.769,9081.88,0
20.2735,194.817,10.489,42.1803,3.10506,9609.42,0
21.6315,183.104,28.6805,91.4509,2.67245,8464.7,0
22.9696,146.73,47.9947,67.9302,1.75721,6388,0
24.3232,125.781,58.5664,92.0538,1.25161,5171.24,0
25.6737,114.173,50.7197,120.762,0.964398,4447.07,0
27.024,136.37,46.2719,150.656,1.4483,5046.27,0
28.373,109.865,48.4317,149.861,0.826987,3872.18,0
29.7377,125.744,36.3159,115.651,1.18763,4228.44,0
31.0847,151.128,24.0531,92.9591,1.74761,4861.8,0
32.4358,107.409,40.0038,134.234,0.716585,3311.43,0
33.7821,111.839,38.4232,129.615,0.810199,3310.61,0
35.1198,100.311,18.3204,146.758,0.544411,2856.26,0
36.4609,120.188,0.870746,164.374,0.978946,3296.36,0
37.8025,123.27,12.009,178.322,1.03854,3260.9,0
39.1473,79.9639,37.5508,172.719,0.0350886,2042.64,0
40.5017,84.9082,70.0976,190.186,0.148145,2096.41,0
41.8613,87.1965,93.139,159.752,0.196316,2082.99,0
43.2129,105.233,63.9032,164.035,0.609209,2435.21,0
44.5655,92.8183,36.5563,124.152,0.323033,2082.74,0
45.9259,151.969,57.778,123.676,1.66145,3309,0
47.2701,147.943,108.273,100.095,1.48399,3129.73,0
48.6223,128.051,84.3494,115.843,1.01687,2633.59,0
49.9719,146.556,97.4362,44.3985,1.4324,2932.77,0
51.31,163.6,93.1735,25.7647,1.7786,3188.47,0
52.6704,183.439,53.8361,25.2385,2.14177,3482.77,0
54.0147,159.844,47.0515,19.9142,1.54395,2959.26,0
55.3657,171.251,69.8704,39.1569,1.76091,3093.1,0
56.7188,219.136,27.2104,-5.55434,2.75132,3863.55,0
58.0698,254.136,32.941,37.7693,3.34583,4376.39,0
59.4113,208.276,26.1975,3.32474,2.10845,3505.66,0
60.7511,207.053,8.85383,-32.8559,1.99211,3408.22,0
62.1051,199.729,-35.335,-28.4682,1.76727,3215.98,0
63.4494,234.409,-0.987673,-88.8707,2.5025,3694.43,0
64.809,237.932,19.2993,-147.308,2.44433,3671.28,0
66.1598,228.896,-6.50415,-126.139,2.15644,3459.74,0
67.5038,232.41,16.2602,-125.236,2.15498,3442.92,0
68.8563,197.985,25.8652,-140.671,1.29485,2875.34,0
70.2031,226.907,36.6304,-150.881,1.91741,3232.14,0
71.5602,230.097,46.9106,-186.036,1.89784,3215.43,0
72.9195,219.299,46.4362,-197.28,1.60062,3007.41,0
74.2644,252.235,34.059,-198.912,2.28639,3396.45,0
75.6356,177.421,-20.9434,-196.979,0.532344,2345.73,0
76.981,200.839,-42.1322,-157.387,1.05263,2608.94,0
78.3389,190.027,-36.5773,-169.992,0.794206,2425.7,0
79.6907,211.185,-31.7396,-215.02,1.26449,2650.06,0
81.0335,187.951,-34.1496,-252.903,0.717644,2319.42,0
82.3864,174.021,31.9217,-237.803,0.39386,2112.25,0
83.7419,203.565,59.7958,-200.114,1.06646,2430.86,0
85.1089,217.788,115.795,-229.546,1.37389,2558.93,0
86.4688,253.685,83.5097,-231.035,2.13698,2933.84,0
87.8273,247.638,61.536,-247.62,1.90485,2819.6,0
89.1944,286.274,61.6982,-257.48,2.69824,3209.56,0
90.5574,293.401,24.3162,-243.272,2.6779,3239.95,0
91.9227,306.398,32.9367,-240.06,2.83589,3333.21,0
93.2628,343.003,24.2937,-266.437,3.48998,3677.81,0
94.6108,369.6,5.03546,-307.515,3.75137,3906.53,0
95.9622,343.057,-11.4811,-314.543,2.83734,3574.92,0
97.321,347.152,2.3228,-280.278,2.80475,3567.08,0
98.6918,345.743,18.0471,-296.29,2.63143,3503.27,0
100.044,343.649,39.0508,-262.486,2.43431,3434.97,0
101.391,304.76,43.7231,-310.763,1.47803,3005.78,0
102.73,301.77,43.1651,-331.322,1.39283,2937.5,0
104.079,305.04,50.7895,-321.513,1.44229,2930.86,0
105.424,274.676,44.3141,-325.863,0.716384,2605.45,0
106.769,279.082,75.0604,-341.699,0.812854,2613.89,0
108.121,267.949,39.8784,-340.719,0.551449,2478.24,0
109.461,305.901,-34.8757,-304.988,1.41244,2794.62,0
110.816,285.493,-68.8188,-333.743,0.923719,2576.28,0
112.182,317.025,-54.6594,-357.289,1.61902,2826,0
113.532,317.199,-84.3981,-339.695,1.58481,2793.93,0
114.879,311.226,-69.1909,-360.639,1.40379,2709.16,0
116.24,337.025,-99.9354,-380.443,1.95137,2899.39,0
117.604,267.771,-90.2764,-378.773,0.33496,2276.89,0
118.957,279.028,-133.837,-334.115,0.590895,2345.62,0
120.305,302.903,-58.7233,-345.243,1.13031,2517.79,0
121.665,336.034,-18.6531,-393.976,1.84175,2761.97,0
123.019,334.292,-3.31132,-423.233,1.75944,2717.4,0
124.363,326.455,10.1497,-444.054,1.53373,2625.01,0
125.704,313.385,36.7912,-468.488,1.21909,2493.04,0
127.053,328.955,53.074,-480.304,1.54386,2589.11,0
128.39,342.948,65.0894,-435.223,1.81295,2671.14,0
129.731,319.34,68.4732,-390.943,1.20604,2461.56,0
131.083,315.688,72.3679,-424.448,1.10421,2408.3,0
132.424,309.505,106.143,-492.408,0.945093,2337.23,0
133.791,308.789,77.2699,-487.295,0.91906,2307.99,0
135.144,296.51,94.9028,-445.197,0.634537,2194.04,0
136.503,290.275,46.0541,-393.756,0.487732,2126.51,0
137.845,301.685,-25.5261,-399.883,0.74608,2188.59,0
139.187,321.393,-34.2262,-465.55,1.17923,2309.08,0
140.54,348.234,-43.2475,-415.951,1.76946,2477.82,0
141.899,352.852,-66.085,-398.7,1.80698,2486.64,0
143.246,341.661,-100.689,-429.876,1.49749,2385.14,0
144.603,288.904,-130.205,-425.574,0.2736,1997.91,0
145.947,283.078,-111.707,-437.748,0.137836,1939.6,0
147.295,323.608,-164.215,-431.962,1.06115,2197.01,0
148.65,304.179,-75.1603,-383.562,0.607015,2046.28,0
149.994,331.874,-90.2019,-371.897,1.23433,2212.58,0
151.336,321.615,-108.895,-371.36,0.978251,2125.17,0
152.7,345.665,-117.893,-363.857,1.5065,2263.68,0
154.056,299.592,-41.0802,-252.639,0.4371,1944.69,0
155.387,317.022,-37.0841,-208.604,0.826408,2040.21,0
156.736,319.034,-18.042,-226.88,0.856497,2035.48,0
158.094,354.227,24.4549,-246.373,1.63642,2240.6,0
159.441,371.677,86.2452,-224.863,1.97479,2331.12,0
160.786,396.632,77.1804,-204.506,2.4455,2466.82,0
162.141,366.261,95.7285,-201.463,1.67044,2258.91,0
163.488,389.345,52.8476,-235.571,2.12441,2381.49,0
164.839,395.827,27.2369,-234.036,2.18089,2401.29,0
166.203,364.328,9.86266,-214.182,1.39888,2192.06,0
167.554,376.795,5.81978,-248.265,1.63789,2248.8,0
168.907,352.534,68.1502,-257.856,1.05366,2087.15,0
170.266,315.061,150.224,-197.373,0.190667,1850.41,0
171.624,363.197,147.183,-192.769,1.28994,2116.23,0
172.969,389.57,157.814,-175.939,1.84245,2252.26,0
174.322,385.191,182.725,-170.899,1.70002,2209.66,0
175.687,340.587,179.246,-226.379,0.664476,1938.6,0
177.024,350.266,190.566,-201.992,0.878868,1978.63,0
178.373,337.694,183.838,-145.819,0.587634,1893.19,0
179.739,326.225,156.932,-114.927,0.318729,1814.99,0
181.092,346.658,123.008,-216.304,0.785384,1914.27,0
182.441,361.864,60.0056,-251.283,1.10703,1983.46,0
183.792,346.958,21.3929,-275.635,0.7594,1887.78,0
185.138,344.945,11.596,-276.203,0.708272,1863.17,0
186.487,364.074,-30.9025,-271.085,1.14055,1952.27,0
187.833,374.484,-41.2531,-249.881,1.36096,1993.7,0
189.182,385.126,-17.2605,-207.817,1.56806,2035.74,0
190.526,394.75,-12.2668,-216.493,1.75853,2071.9,0
191.876,407.719,-54.0004,-203.854,1.9721,2124.91,0
193.213,397.434,-83.3463,-187.271,1.66962,2056.97,0
194.565,367.736,-104.038,-100.45,0.950436,1890.04,0
195.915,386.793,-95.5744,-127.382,1.37636,1974.29,0
197.271,414.196,-65.8003,-119.346,1.95939,2099.63,0
198.613,441.788,-9.97435,-117.697,2.48181,2224.36,0
199.977,455.521,-22.0031,-120.424,2.66789,2277.87,0
201.323,481.663,-23.3303,-132.859,3.07504,2392.49,0
202.691,463.608,-51.6913,-116.525,2.53435,2287.27,0
204.047,464.755,-26.8053,-124.144,2.45308,2277.69,0
205.399,429.814,-42.2924,-128.384,1.55894,2092.58,0
206.76,452.08,-70.4681,-124.371,2.02261,2186.49,0
208.116,424.358,-78.6684,-147.3,1.32734,2039.05,0
209.49,416.109,-81.017,-147.365,1.1159,1986.3,0
210.844,452.201,-27.1142,-178.817,1.90313,2144.72,0
212.202,438.806,14.7447,-164.724,1.55806,2067.88,0
213.544,451.785,14.0777,-153.28,1.81113,2115.65,0
214.89,409.504,-36.5144,-115.54,0.822645,1905.64,0
216.246,422.202,-14.4788,-107.421,1.09929,1952.41,0
217.598,432.545,18.1588,-150.477,1.30746,1987.81,0
218.957,468.937,-24.5132,-153.187,2.11721,2141.69,0
220.304,479.656,-41.7418,-137.932,2.28833,2177.24,0
221.68,492.053,-24.1197,-145.285,2.47449,2219.65,0
223.018,496.923,-51.0139,-154.504,2.40307,2228.17,0
224.362,454.583,-104.364,-145.105,1.38372,2026.12,0
225.716,414.854,-26.6134,-94.5512,0.462455,1837.95,0
227.073,398.977,-15.0898,-53.6297,0.0952741,1757.04,0
228.418,435.855,-19.7993,6.82129,0.933434,1908.15,0
229.779,440.14,-65.993,46.597,1.02603,1915.5,0
231.134,479.774,-98.7182,81.6617,1.89617,2075.74,0
232.485,449.431,-127.897,82.0966,1.13753,1933.16,0
233.836,465.397,-141.761,86.8054,1.47964,1990.27,0
235.187,450.029,-155.23,34.172,1.11534,1913.5,0
236.549,470.39,-140.857,105.953,1.55459,1988.55,0
237.899,479.81,-127.773,70.1947,1.72436,2016.86,0
239.257,515.534,-110.243,59.3048,2.47895,2154.73,0
240.595,522.86,-128.254,94.5145,2.50022,2173.2,0
241.96,516.304,-103.28,84.6261,2.23122,2133.84,0
243.307,466.902,-88.652,137.043,1.06083,1918.98,0
244.651,446.947,-109.711,111.69,0.598643,1826.88,0
246.007,450.011,-102.006,93.9677,0.637196,1829.26,0
247.364,450.17,-130.438,48.8158,0.639099,1819.87,0
248.717,485.671,-120.058,13.4379,1.43658,1952.71,0
250.075,527.18,-147.689,-15.6701,2.3166,2108.08,0
251.429,547.698,-148.284,-12.6439,2.65128,2178.33,0
252.779,550.681,-153.346,10.2123,2.59404,2178.51,0
254.14,554.762,-167.28,19.2665,2.59225,2182.9,0
255.493,537.023,-206.852,45.4842,2.09307,2101.91,0
256.843,575.723,-183.986,20.7227,2.84635,2241.54,0
258.183,571.495,-130.02,6.51219,2.55081,2213.53,0
259.539,605.129,-128.82,-43.5471,3.17837,2331.56,0
260.903,592.093,-164.005,-50.353,2.68686,2269.4,0
262.25,587.922,-178.557,-49.5538,2.46906,2241.84,0
263.6,565.77,-201.988,-42.8022,1.88128,2146.33,0
264.939,549.096,-154.635,-26.7547,1.43466,2072.54,0
266.286,561.2,-166.804,20.9345,1.66895,2107.5,0
267.62,575.336,-185.999,14.1667,1.93416,2149.83,0
268.975,613.878,-232.435,16.2908,2.74034,2282.28,0
270.331,608.327,-284.385,12.7397,2.46622,2250.31,0
271.686,574.932,-258.928,-3.28664,1.6103,2116.16,0
273.021,550.603,-256.302,-9.80289,1.0106,2016.71,0
274.378,525.921,-306.437,29.0326,0.438598,1916.77,0
275.755,537.489,-282.495,46.7435,0.701414,1949.15,0
277.107,520.366,-277.799,3.98298,0.291423,1877.85,0
278.468,569.124,-274.073,25.7144,1.4043,2043.77,0
279.825,546.167,-270.638,-4.73811,0.860533,1951.81,0
281.18,571.654,-222.226,38.8032,1.43727,2033.05,0
282.544,557.986,-238.121,76.7458,1.11093,1974.87,0
283.901,529.758,-206.347,88.2923,0.457079,1866,0
285.251,512.018,-228.393,89.0115,0.0337808,1794.97,0
286.611,525.628,-202.977,4.12226,0.338493,1833.94,0
287.953,552.166,-166.702,40.2906,0.939836,1917.55,0
289.313,521.494,-210.489,100.283,0.232922,1802.52,0
290.658,544.357,-244.066,107.262,0.756007,1872.85,0
292.013,577.125,-188.628,192.356,1.4985,1976.37,0
293.36,572.617,-169.619,142.416,1.36794,1951.92,0
294.711,590.12,-177.806,165.653,1.70629,2002.37,0
296.053,592.942,-179.64,166.351,1.70928,2002.82,0
297.411,584.293,-183.219,139.181,1.48379,1964.6,0
298.766,550.77,-184.126,116.846,0.692454,1843.48,0
300.111,592.72,-162.619,133.545,1.64023,1975,0
301.458,573.735,-114.434,125.11,1.18246,1903.2,0
302.83,543.638,-136.338,69.8647,0.486543,1795.19,0
304.183,539.033,-105.463,40.2049,0.378279,1772.07,0
305.535,555.164,-87.1252,7.23476,0.744157,1817.02,0
306.895,572.755,-77.7967,26.7487,1.1412,1866.29,0
308.261,581.857,-52.2095,-10.7954,1.34147,1887.55,0
309.62,590.655,-92.7332,-15.8377,1.51242,1907.68,0
310.975,573.461,-89.6588,18.3376,1.09029,1844.08,0
312.328,626.411,-106.738,11.7208,2.25965,2005.62,0
313.666,674.619,-76.2025,10.9741,3.23351,2150.76,0
315.02,659.232,-79.8491,-3.38424,2.6697,2092.67,0
316.379,665.133,-89.2498,19.6414,2.65968,2102.33,0
317.75,647.938,-134.612,-18.3731,2.15217,2039.14,0
319.112,669.87,-102.524,-34.4222,2.55025,2099.17,0
320.459,630.116,-55.8011,-23.88,1.56413,1966.29,0
321.815,656.171,-13.0253,-9.58312,2.10513,2038.97,0
323.187,653.13,63.131,14.1385,1.94735,2020.9,0
324.527,684.13,92.7975,-0.376662,2.56101,2108.08,0
325.894,678.077,81.6993,-0.129828,2.30245,2080.67,0
327.255,647.298,71.5623,22.6591,1.53873,1977.96,0
328.62,648.57,100.588,24.7525,1.50326,1973.62,0
329.979,642.883,116.201,-11.0602,1.32836,1948.25,0
331.343,655.47,106.962,-34.2352,1.58783,1978.22,0
332.696,686.6,54.4817,-44.4876,2.2312,2063.75,0
334.04,642.812,44.112,-61.2395,1.17319,1924.36,0
335.38,659.645,40.1058,-82.0887,1.5301,1966.86,0
336.721,682.778,29.8312,-77.3638,1.99843,2027.73,0
338.069,653.191,88.5722,-51.351,1.26745,1932.12,0
339.417,655.561,60.2505,-62.1731,1.28907,1931.43,0
340.775,619.868,126.23,-47.0649,0.459771,1819,0
342.116,642.548,102.497,-48.8537,0.975638,1878.16,0
343.481,656.34,151.646,-41.6875,1.25947,1910.85,0
344.834,663.062,149.393,-73.0274,1.39471,1922.84,0
346.194,666.945,160.553,-106.075,1.43598,1926.51,0
347.547,661.267,169.302,-147.364,1.29238,1902.67,0
348.918,618.5,84.2996,-127.838,0.301402,1772.62,0
350.274,656.935,91.6933,-180.445,1.179,1875.49,0
351.62,679.05,69.483,-198.152,1.64409,1931.2,0
352.982,685.303,77.6685,-195.814,1.73882,1941.47,0
354.32,704.977,2.58609,-217.467,2.1179,1989.66,0
355.671,713.468,-20.6491,-210.416,2.22736,2005.97,0
357.021,708.044,6.82931,-165.743,2.02703,1983.2,0
358.381,638.524,64.7666,-157.31,0.415838,1781.69,0
359.737,693.877,36.9686,-112.645,1.67643,1928.85,0
361.1,698.687,49.5759,-85.574,1.67163,1934.89,0
362.458,632.528,-7.04346,-31.6797,0.136805,1745.11,0
363.811,679.208,3.1155,-52.3529,1.20027,1866.92,0
365.146,674.13,-32.2541,-86.6949,1.06028,1846.2,0
366.495,700.147,-50.8474,-47.7686,1.6413,1910.39,0
367.84,682.39,-80.8124,-61.4612,1.18401,1855.13,0
369.201,647.701,-89.2454,-37.7525,0.379556,1754.33,0
370.558,658.047,-60.7389,-132.316,0.614563,1775.83,0
371.913,671.415,-11.4227,-112.125,0.914644,1805.3,0
373.264,690.549,-36.6682,-93.891,1.33817,1850.03,0
374.628,709.697,2.49743,-41.4746,1.73865,1894.41,0
375.978,729.761,0.285006,-21.133,2.11093,1940.96,0
377.328,718.433,-45.4403,-61.6132,1.75202,1904,0
378.687,747.474,-37.0256,-84.0561,2.32735,1973.86,0
380.05,773.071,-8.79263,-101.266,2.79447,2034.13,0
381.398,799.467,-20.0769,-71.4361,3.21534,2096.15,0
382.747,806.805,-52.2511,-67.1578,3.11397,2107.93,0
384.11,787.178,-79.469,-44.8483,2.49043,2049.36,0
385.465,792.989,-65.6691,-19.5645,2.52644,2057.23,0
386.817,797.695,-37.4886,-36.1718,2.49258,2062.21,0
388.165,758.293,-75.1339,-32.3428,1.49993,1953.53,0
389.521,712.95,-104.128,-39.168,0.440951,1830.32,0
390.873,732.954,-86.6985,-102.487,0.895685,1875.17,0
392.213,719.23,-59.9435,-132.742,0.567752,1833.78,0
393.558,732.449,-83.0862,-106.164,0.867681,1861.1,0
394.923,734.369,-55.2519,-118.028,0.90892,1859.53,0
396.271,712.433,-56.7224,-193.55,0.401756,1797.84,0
397.625,704.742,-62.9721,-246.559,0.221758,1772.38,0
398.988,751.399,-58.9207,-259.523,1.2833,1883.26,0
400.328,754.596,-55.1268,-258.754,1.31644,1884.94,0
401.682,779.237,-73.306,-273.129,1.83461,1939.93,0
403.025,750.404,-43.2218,-236.872,1.15324,1861.93,0
404.371,731.765,-51.5121,-264.337,0.71327,1809.64,0
405.709,772.877,-52.0635,-278.68,1.63707,1905,0
407.055,786.445,-53.6933,-306.774,1.86107,1932.03,0
408.417,761.019,-76.3117,-273.419,1.25044,1863.34,0
409.784,744.755,-39.3637,-258.907,0.871331,1817.43,0
411.149,796.212,-20.1499,-344.794,2.01903,1936.55,0
412.522,742.565,-13.8792,-354.638,0.758977,1800.06,0
413.866,762.307,-19.3534,-353.443,1.2061,1841.92,0
415.223,831.534,-28.0149,-354,2.73995,2002.62,0
416.578,809.697,-17.2643,-339.294,2.12994,1943.69,0
417.929,816.05,8.85383,-342.67,2.19516,1952.6,0
419.275,810.695,-11.354,-350.229,1.99222,1933.56,0
420.638,822.947,16.748,-370.319,2.18062,1956.43,0
421.998,769.123,49.0501,-367.894,0.909126,1822.57,0
423.348,765.035,65.1204,-329.391,0.809262,1807.11,0
424.688,770.364,82.9073,-322.38,0.925291,1813.95,0
426.036,769.829,104.806,-321.605,0.906916,1806.96,0
427.389,815.899,174.481,-346.543,1.92969,1909.03,0
428.733,823.41,137.077,-373.358,2.01898,1920.57,0
430.079,832.417,146.113,-405.366,2.10831,1935.5,0
431.434,850.106,152.423,-447.434,2.39943,1970.42,0
432.792,851.977,121.825,-486.697,2.3303,1968.56,0
434.14,825.121,87.2016,-461.755,1.64878,1900.59,0
435.491,833.25,32.5489,-553.03,1.79778,1913.36,0
436.848,865.778,19.8959,-554.069,2.45489,1981.87,0
438.208,911.282,-15.4767,-541.992,3.30375,2079.56,0
439.57,935.06,14.1274,-515.08,3.49653,2127.22,0
440.924,950.493,-4.99242,-549.85,3.54349,2155.69,0
442.281,945.997,-32.9628,-600.993,3.1713,2138.91,0
443.633,961.816,-27.3668,-634.778,3.29524,2168.05,0
444.987,967.557,9.45403,-622.087,3.18494,2174.35,0
446.337,980.553,26.8331,-617.756,3.26618,2196.89,0
447.688,1019.12,22.0376,-604.537,3.8655,2276.42,0
449.04,1030.68,58.9347,-601.189,3.77404,2295.3,0
450.383,1024.13,60.505,-607.116,3.30971,2273.9,0
451.743,1001.82,62.2006,-644.856,2.58921,2217.68,0
453.079,1026.84,88.8038,-643.719,2.97488,2266.37,0
454.418,1006.98,85.3529,-618.847,2.37841,2215.98,0
455.777,943.88,95.7807,-591.703,0.877687,2070.93,0
457.12,966.697,100.819,-565.802,1.386,2114.75,0
458.463,973.678,76.0306,-570.683,1.51924,2123.79,0
459.835,977.273,77.3056,-611.589,1.57977,2125.27,0
461.186,977.858,110.894,-569.569,1.56433,2120.31,0
462.534,982.909,107.92,-616.686,1.65591,2125.05,0
463.878,998.228,59.1458,-587.927,1.944,2151.92,0
465.232,1005.37,25.8715,-611.018,2.03409,2161.02,0
466.589,990.162,19.6903,-614.265,1.64488,2122.13,0
467.941,971.807,-0.66856,-600.282,1.20172,2076.77,0
469.28,983.768,37.9468,-618.788,1.44891,2096.34,0
470.627,970.609,16.1935,-612.312,1.13652,2062.37,0
471.975,978.191,-25.0846,-616.377,1.28096,2072.55,0
473.321,980.971,-22.9462,-607.432,1.31322,2072.53,0
474.665,971.555,-5.82999,-581.415,1.06771,2046.82,0
476.003,963.781,-51.8121,-588.711,0.882223,2024.74,0
477.364,995.219,2.24251,-607.365,1.58909,2084.82,0
478.723,983.278,19.7333,-620.41,1.29066,2053.96,0
480.076,995.2,49.5263,-651.531,1.54311,2073.01,0
481.431,988.916,48.0206,-615.42,1.37518,2054.12,0
482.781,976.361,31.9802,-605.126,1.07083,2022.37,0
484.153,944.384,65.4563,-643.961,0.328079,1950.59,0
485.519,987.096,66.4244,-592.91,1.2923,2033.08,0
486.863,971.892,31.7702,-546.34,0.923181,1996.23,0
488.211,986.256,46.3424,-535.602,1.23935,2020.14,0
489.571,998.88,36.1178,-496.765,1.48608,2040.32,0
490.928,973.073,65.5185,-552.572,0.869107,1982.11,0
492.287,980.519,39.0847,-561.096,1.03447,1991.76,0
493.646,971.881,32.5319,-557.468,0.829258,1968.78,0
494.992,983.815,88.7596,-596.447,1.09235,1987.54,0
496.338,939.393,66.524,-560.886,0.0591741,1892.65,0
497.703,1042.47,127.646,-574.818,2.40164,2094.57,0
499.052,1000.64,113.726,-568.702,1.36191,2005.08,0
500.419,1005.25,51.2492,-558.657,1.42836,2008.82,0
501.773,994.964,17.1812,-592.499,1.16853,1982.9,0
503.135,991.35,10.6162,-550.468,1.05902,1970.34,0
504.509,952.333,34.0731,-530.306,0.157163,1887.64,0
505.853,996.59,45.5918,-574.451,1.16631,1970.12,0
507.189,982.14,32.9527,-514.036,0.820284,1936.44,0
508.536,976.075,89.5554,-481.715,0.679527,1919.38,0
509.889,990.162,106.228,-459.336,0.998443,1941.92,0
511.241,987.384,123.905,-471.697,0.916826,1931.35,0
512.602,1027.1,143.749,-425.925,1.80528,2003.7,0
513.955,1055.6,117.731,-390.669,2.41617,2053.88,0
515.303,1071.41,101.276,-387.621,2.65108,2079.18,0
516.657,1049.64,116.183,-400.792,2.06266,2031.6,0
518.009,1059.83,122.075,-404.247,2.21635,2045.96,0
519.356,1050.59,74.5024,-424.742,1.91907,2022.87,0
520.714,1064.12,36.6474,-395.632,2.15342,2043.59,0
522.058,1043.08,75.1705,-389.026,1.6127,1998.01,0
523.421,1053.44,129.618,-392.519,1.7897,2012.61,0
524.78,1015.18,116.9,-345.285,0.869292,1934.49,0
526.134,1029.08,156.26,-391.686,1.17763,1955.93,0
527.49,986.763,108.959,-336.14,0.201437,1870.68,0
528.845,991.069,176.732,-355.471,0.299074,1874.03,0
530.191,1020.58,147.768,-320.948,0.970785,1924.93,0
531.528,1007.77,162.586,-386.109,0.67527,1895.98,0
532.869,1049.63,147.411,-472.101,1.6321,1969.77,0
534.229,980.182,174.065,-441.659,0.0245367,1834.76,0
535.574,1005.76,198.384,-440.379,0.602684,1877.92,0
536.929,1038.74,202.663,-452.417,1.3329,1934.59,0
538.286,1058.27,176.654,-436.632,1.74413,1966.01,0
539.639,1103.39,152.154,-451.797,2.65004,2044.69,0
540.994,1106.98,169.034,-461.527,2.5944,2046.2,0
542.337,1131.31,176.362,-449.215,2.98226,2085.99,0
543.686,1161.43,162.083,-514.79,3.40373,2136.22,0
545.047,1172.76,149.325,-572.856,3.3056,2151.67,0
546.4,1195.6,152.423,-571.565,3.56619,2188.15,0
547.753,1171.38,194.606,-611.296,2.76948,2138.52,0
549.109,1181.2,173.734,-605.265,2.78373,2151.12,0
550.465,1154.35,149.688,-623.568,2.07237,2097.05,0
551.804,1156.23,148.74,-621.103,2.0226,2095.37,0
553.154,1183.79,119.327,-645.957,2.55386,2140.07,0
554.506,1223.75,127.912,-633.802,3.24847,2206.93,0
555.862,1238.94,129.101,-618.679,3.32856,2228.87,0
557.225,1274.83,119.225,-662.362,3.86276,2287.82,0
558.595,1283.95,94.7403,-688.663,3.70943,2298.54,0
559.947,1295.11,113.632,-686.593,3.6422,2312.91,0
561.297,1355.24,102.327,-678.905,4.55066,2414.48,0
562.648,1351.71,63.5806,-710.017,3.93108,2402.41,0
563.988,1375.14,75.0344,-718.476,4.05619,2438.24,0
565.35,1397.14,70.8621,-729.377,4.08564,2471.29,0
566.699,1398.5,88.3712,-727.526,3.68481,2467.8,0
568.067,1411.72,64.8633,-721.955,3.62538,2485.13,0
569.431,1427,55.8784,-698.753,3.60424,2506.01,0
570.802,1443.37,38.7742,-728.608,3.64815,2528.67,0
572.146,1443.52,43.9132,-756.297,3.42225,2522.98,0
573.486,1407.54,32.2226,-767.202,2.4025,2454.35,0
574.829,1411.07,1.80088,-763.087,2.35282,2454.76,0
576.187,1418.94,-21.1927,-749.437,2.41374,2462.64,0
577.543,1419.23,-50.9263,-741.474,2.32512,2457.36,0
578.898,1472.97,-84.8924,-764.168,3.39991,2544.44,0
580.259,1455.57,-75.6786,-752.206,2.80615,2508.48,0
581.612,1473.33,-73.0124,-722.172,3.03531,2533.18,0
582.974,1450.43,-78.3809,-715.798,2.36047,2487.98,0
584.333,1454.18,-47.8922,-752.233,2.34121,2488.62,0
585.697,1452.66,-14.8661,-763.465,2.21488,2480.23,0
587.049,1417.88,-13.7334,-839.069,1.36096,2415.27,0
588.385,1446.77,-40.8764,-842.386,1.9659,2458.89,0
589.729,1505.02,-72.3462,-809.422,3.13234,2552.05,0
591.083,1480.33,-89.1742,-807.761,2.34235,2504.44,0
592.44,1461.92,-65.7792,-836.94,1.83704,2467.62,0
593.802,1472.48,-35.2447,-879.382,2.03285,2479.74,0
595.142,1420.69,-31.6152,-852.75,0.801683,2387.14,0
596.499,1404.06,24.5289,-870.268,0.414162,2353.83,0
597.858,1437.51,7.37631,-843.189,1.16774,2404.44,0
599.208,1453.23,-5.41672,-810.81,1.50663,2425.26,0
600.548,1480.54,-62.1443,-800.822,2.07584,2465.32,0
601.896,1462.49,-55.7455,-769.926,1.59777,2429.81,0
603.26,1482.44,-51.8259,-769.923,2.00008,2457.38,0
604.624,1525.84,-56.2214,-776.961,2.85208,2523.62,0
605.971,1530.34,-52.8344,-760.597,2.77908,2525.44,0
607.328,1529.47,-141.821,-747.739,2.60386,2518.37,0
608.695,1563.31,-169.488,-731.991,3.20589,2568.3,0
610.047,1568.16,-190.965,-785.338,3.06217,2570.55,0
611.421,1600.83,-177.813,-790.72,3.55478,2618.21,0
612.77,1628.05,-185.017,-785.086,3.80645,2656.86,0
614.118,1650.86,-209.648,-784.419,3.94988,2688.18,0
615.453,1657.78,-234.425,-766.852,3.73355,2693.6,0
616.821,1605.67,-249.878,-792.199,2.30971,2603.14,0
618.172,1613.65,-229.475,-813.141,2.38136,2610.35,0
619.529,1632.14,-214.148,-834.809,2.67156,2634.49,0
620.879,1629.3,-186.312,-859.248,2.4713,2624.18,0
622.218,1644.44,-208.746,-883.802,2.66898,2642.86,0
623.581,1659.22,-182.717,-863.838,2.85128,2660.79,0
624.954,1632.26,-207.082,-813.17,2.09883,2611.8,0
626.299,1622.24,-250.432,-787.445,1.82,2590.21,0
627.653,1626.84,-263.165,-764.344,1.85756,2591.94,0
628.999,1581.56,-281.822,-755.139,0.797831,2514.41,0
630.346,1600.74,-311.312,-728.011,1.22184,2539.46,0
631.7,1636.38,-320.649,-757.86,1.97455,2590.43,0
633.068,1687.15,-384.598,-752.543,2.99701,2665.04,0
634.423,1691.96,-378.053,-763.725,2.90706,2666.93,0
635.782,1687.83,-391.046,-743.335,2.61376,2654.72,0
637.155,1683.94,-347.462,-741.979,2.38025,2642.9,0
638.492,1668.38,-358.679,-733.536,1.95154,2613.01,0
639.825,1648.16,-368.894,-743.184,1.4339,2575.95,0
641.178,1655.77,-362.301,-756.686,1.56694,2582.39,0
642.531,1598.53,-344.252,-758.152,0.228507,2487.87,0
643.869,1621.81,-334.596,-754.671,0.751881,2518.84,0
645.222,1632.06,-309.063,-724.042,0.985489,2529.45,0
646.586,1636.16,-293.213,-734.459,1.07097,2530.46,0
647.946,1664.68,-226.944,-705.565,1.6986,2569.16,0
649.288,1663.61,-152.483,-717.754,1.61604,2562.2,0
650.654,1663.34,-133.198,-704.048,1.54654,2556.42,0
652.024,1652.19,-79.2562,-672.929,1.27105,2533.94,0
653.369,1625.56,-49.9152,-717.17,0.650235,2487.96,0
654.718,1640.14,-68.3151,-740.581,0.966996,2505.11,0
656.064,1615.07,-71.8854,-829.773,0.38675,2461.75,0
657.416,1603.28,-157.287,-860.441,0.115015,2438.76,0
658.758,1635.04,-221.164,-827.141,0.837498,2482.01,0
660.12,1630.4,-230.644,-767.018,0.726352,2469.85,0
661.485,1635.91,-249.442,-787.842,0.8429,2473.1,0
662.84,1660.36,-269.145,-793.182,1.38008,2504.92,0
664.19,1628.54,-236.053,-792.39,0.644306,2451.92,0
665.556,1614.1,-186.203,-791.599,0.303583,2425.19,0
666.905,1629.77,-176.062,-701.092,0.659656,2443.79,0
668.248,1619.44,-139.987,-665.025,0.420154,2423.42,0
669.618,1604.58,-100.902,-620.304,0.0776257,2396.27,0
670.969,1638.87,-146.205,-597.572,0.859528,2442.54,0
672.318,1657.25,-152.86,-603.101,1.26978,2464.97,0
673.679,1669.36,-145.23,-599.896,1.51704,2477.97,0
675.024,1670.63,-176.837,-594.246,1.51913,2474.92,0
676.374,1704.05,-185.941,-609.833,2.20885,2519.39,0
677.739,1670.27,-159.374,-673.45,1.38073,2464.48,0
679.104,1678.25,-174.788,-613.872,1.53242,2471.27,0
680.449,1659.68,-150.275,-630.27,1.0906,2439.09,0
681.809,1666.69,-158.01,-628.355,1.23905,2444.51,0
683.164,1689.62,-150.571,-611.906,1.73131,2473.22,0
684.513,1716.29,-140.311,-617.053,2.27917,2507.31,0
685.852,1705.68,-110.662,-617.015,1.95708,2486.95,0
687.207,1719.84,-107.208,-619.725,2.20012,2502.65,0
688.568,1695.42,-121.867,-603.967,1.56546,2462.25,0
689.916,1693.86,-115.834,-523.339,1.48616,2455.17,0
691.284,1730.51,-103.009,-522.008,2.27401,2503.33,0
692.646,1736.66,-70.9546,-485.772,2.31251,2507.28,0
693.987,1740.53,-80.9177,-467.209,2.29212,2508.01,0
695.347,1745.89,-80.7966,-455.804,2.30131,2510.82,0
696.704,1718.02,-53.31,-400.184,1.60678,2465.93,0
698.074,1772.01,-56.8541,-391.923,2.75922,2538.43,0
699.415,1781.28,-78.6225,-406.914,2.83231,2546.82,0
700.779,1802.41,-79.8742,-384.739,3.12474,2572.01,0
702.136,1806.73,-50.8874,-348.713,2.99613,2573.19,0
703.494,1775.59,-78.2439,-402.27,2.16274,2523.97,0
704.854,1774.81,-97.1516,-378.549,2.07237,2517.98,0
706.205,1785.54,-62.7735,-378.897,2.24137,2528.36,0
707.564,1773.83,-25.873,-380.542,1.8896,2506.96,0
708.918,1696.85,-53.5397,-397.501,0.104369,2393.58,0
710.269,1707.61,-69.1899,-368.826,0.349757,2404.18,0
711.633,1730.79,-39.9029,-497.527,0.879303,2432.14,0
712.977,1726.09,-98.1008,-501.726,0.762805,2420.97,0
714.342,1728.05,-65.3335,-545.725,0.805225,2419.08,0
715.696,1780.63,-101.455,-581.005,1.9716,2487.97,0
717.061,1768.12,-114.806,-573.831,1.64996,2465.79,0
718.406,1735.81,-143.831,-518.876,0.883989,2416.2,0
719.767,1787.03,-110.603,-521.454,2.00878,2482.8,0
721.119,1794.57,-114.197,-510.55,2.10111,2488.6,0
722.481,1778.58,-97.2556,-530.098,1.65984,2461.76,0
723.831,1784.32,-85.5802,-539.259,1.76786,2465.11,0
725.178,1807.35,-74.8281,-502.8,2.20226,2492.29,0
726.528,1749.14,-60.2427,-474.379,0.819475,2407.53,0
727.884,1740.78,-0.341287,-545.385,0.61461,2391.56,0
729.238,1782.05,-20.5375,-525.344,1.54687,2443.71,0
730.591,1788.6,-9.2378,-502.067,1.64486,2448.15,0
731.93,1768.21,-17.4025,-446.831,1.15206,2415.81,0
733.298,1798.5,-27.8606,-461.249,1.81966,2452.62,0
734.64,1798.77,-57.8071,-464.813,1.73244,2448.51,0
735.999,1825.64,-48.8392,-490.377,2.27788,2480.49,0
737.35,1744.75,-71.4739,-447.988,0.377128,2366.25,0
738.708,1797.9,-147.949,-450.671,1.58685,2433.84,0
740.052,1846.27,-173.748,-460.928,2.61857,2494.78,0
741.392,1844.58,-167.245,-430.646,2.45407,2487.99,0
742.733,1886.98,-165.867,-419.538,3.25227,2540.59,0
744.09,1894.13,-158.451,-403.949,3.14083,2545.56,0
745.443,1873.4,-162.794,-450.468,2.52785,2513.14,0
746.807,1867.69,-149.473,-442.862,2.29367,2500.9,0
748.163,1837.15,-158.083,-442.995,1.53771,2455.55,0
749.513,1818.91,-136.729,-456.663,1.09959,2426.79,0
750.868,1796.01,-186.734,-450.958,0.565628,2391.91,0
752.214,1800.18,-218.688,-515.868,0.655738,2393.17,0
753.576,1874.38,-189.605,-504.437,2.3068,2487.32,0
754.933,1883.23,-175.402,-572.034,2.39058,2494.56,0
756.278,1912.3,-152.621,-555.238,2.9105,2528.56,0
757.625,1910.79,-136.173,-559.933,2.68158,2522.08,0
758.98,1876.66,-183.262,-579.678,1.80217,2472.61,0
760.334,1889.31,-179.221,-570.554,2.01179,2484.84,0
761.69,1874.86,-124.097,-565.319,1.62257,2461.44,0
763.06,1889.51,-86.5736,-573.422,1.89142,2476.23,0
764.408,1910.93,-91.0838,-604.389,2.31763,2499.88,0
765.766,1886.9,-126.57,-624.035,1.69505,2464.06,0
767.115,1899.69,-112.369,-625.081,1.89862,2476.41,0
768.468,1930.52,-105.519,-637.597,2.4806,2512.16,0
769.824,1907.25,-83.4738,-626.684,1.84243,2477.51,0
771.18,1936.16,-108.009,-611.358,2.39559,2510.64,0
772.524,1940.94,-135.373,-602.43,2.35958,2512.46,0
773.866,1981.78,-93.6634,-621.574,3.14265,2560.89,0
775.213,2004.6,-109.929,-636.372,3.37064,2585.87,0
776.566,1994.3,-73.3765,-586.684,2.88911,2568.1,0
777.936,1970.98,-58.3847,-558.625,2.20825,2533.6,0
779.282,2007.91,-43.3469,-526.866,2.93089,2576.62,0
780.643,1994.47,-20.6155,-513.116,2.49061,2554.91,0
781.992,2014.79,-21.3184,-543.286,2.80335,2576.48,0
783.332,2034.91,-30.1635,-549.114,3.07131,2597.77,0
784.691,2023.11,-71.0524,-506.351,2.62107,2578.23,0
786.051,2038.25,-47.9237,-488.554,2.80036,2593.02,0
787.402,2047.07,-15.4627,-505.389,2.8323,2599.77,0
788.754,2089.85,-23.3444,-520.057,3.54075,2649.55,0
790.119,2093.84,-31.518,-544.523,3.35956,2650.03,0
791.474,2103.52,-33.3105,-577.915,3.33456,2657.73,0
792.823,2088.35,-66.4319,-582.764,2.73171,2634.07,0
794.182,2075.83,-83.0064,-634.617,2.2872,2613.8,0
795.549,2058.32,-109.356,-657.889,1.78824,2587.29,0
796.902,2062.99,-145.798,-671.146,1.82926,2588.76,0
798.246,2030.28,-162.437,-654.417,1.05057,2543.43,0
799.594,2022.56,-222.491,-630.889,0.868443,2529.48,0
800.955,2045.81,-234.125,-650.22,1.38463,2554.22,0
802.309,2044.99,-219.971,-604.311,1.33342,2548.88,0
803.666,2110.92,-218.367,-615.785,2.77565,2626.62,0
805.005,2117.28,-198.413,-640.036,2.7352,2630.14,0
806.366,2117.01,-195.758,-615.393,2.59487,2625.37,0
807.716,2127.48,-208.98,-612.698,2.71055,2633.95,0
809.052,2122.49,-218.246,-607.078,2.46586,2623.43,0
810.389,2139.74,-197.676,-579.041,2.69901,2640.39,0
811.735,2148.41,-232.301,-571.514,2.72575,2646.69,0
813.083,2173.47,-248.594,-561.052,3.12935,2673.12,0
814.449,2161.93,-239.012,-548.367,2.60376,2654.46,0
815.811,2189.51,-214.22,-574.744,3.05498,2683.84,0
817.171,2192.54,-208.584,-577.655,2.89662,2683.09,0
818.51,2181.86,-224.02,-613.006,2.45059,2665.65,0
819.872,2168.13,-226.58,-622.953,2.03274,2644.47,0
821.218,2178.79,-224.309,-664.986,2.202,2653.12,0
822.561,2184.5,-254.698,-666.908,2.24741,2655.73,0
823.907,2177.88,-276.302,-659.291,2.00614,2643.36,0
825.243,2174.32,-244.179,-662.01,1.85993,2634.77,0
826.601,2135.96,-295.838,-686.446,0.945663,2584.02,0
827.941,2138.45,-278.196,-678.966,0.989011,2582.85,0
829.297,2122.52,-302.573,-689.605,0.600697,2559.42,0
830.652,2137.07,-396.143,-686.748,0.926415,2572.76,0
832.009,2105.5,-382.365,-669.472,0.198925,2530.63,0
833.361,2155.63,-417.088,-704.844,1.3369,2586.67,0
834.707,2105.27,-444.731,-711.15,0.169167,2522.17,0
836.055,2128.49,-473.709,-684.943,0.701574,2545.88,0
837.402,2107.27,-482.296,-650.245,0.211715,2516.44,0
838.769,2136.65,-435.583,-695.882,0.876888,2547.37,0
840.128,2123.28,-436.395,-668.148,0.55832,2527.33,0
841.479,2148.35,-486.449,-692.609,1.12222,2553.06,0
842.83,2207.3,-438.542,-707.276,2.44023,2618.92,0
844.198,2215.39,-416.204,-729.815,2.51214,2624.26,0
845.561,2189.97,-437.506,-735.703,1.84926,2589.97,0
846.916,2159.19,-375.923,-714.154,1.11005,2549.47,0
848.268,2118.3,-300.482,-706.218,0.16388,2497.21,0
849.62,2158.63,-281.269,-660.95,1.08183,2540.7,0
850.984,2176.7,-280.559,-666.445,1.47734,2557.86,0
852.347,2188.01,-274.157,-666.939,1.69388,2567.04,0
853.706,2164.27,-226.936,-624.144,1.11031,2535.14,0
855.057,2203.2,-209.312,-624.733,1.95994,2576.67,0
856.406,2166.07,-215.063,-595.051,1.08189,2529.25,0
857.757,2196.52,-214.935,-573.099,1.73589,2560.78,0
859.104,2231.81,-270.58,-601.799,2.47552,2597.83,0
860.457,2224.95,-260.781,-625.637,2.23104,2585.78,0
861.804,2231.97,-263.504,-612.149,2.28506,2589.88,0
863.16,2264.78,-258.767,-596.275,2.89734,2623.83,0
864.504,2220.31,-258.449,-627.011,1.78027,2568.3,0
865.861,2177.86,-289.597,-608.769,0.765392,2515.25,0
867.203,2230.92,-298.999,-642.955,1.96253,2572.54,0
868.546,2264.48,-295.057,-627.907,2.61343,2607.21,0
869.893,2290.89,-260.697,-640.595,3.06876,2633.53,0
871.25,2297.1,-281.533,-614.582,3.02893,2636.55,0
872.608,2300.01,-329.214,-598.798,2.8664,2635.78,0
873.96,2319.87,-326.429,-628.256,3.10377,2654.44,0
875.31,2319.94,-301.316,-612.068,2.91016,2650.43,0
876.669,2334.75,-330.673,-607.905,3.06432,2663.21,0
878.022,2321.89,-290.591,-604.304,2.53906,2644.46,0
879.375,2341.31,-316.338,-609.027,2.79598,2662.47,0
880.731,2362.88,-325.925,-595.734,3.0477,2682.86,0
882.09,2351.91,-303.601,-610.913,2.62472,2666.29,0
883.439,2318.25,-297.556,-629.166,1.74836,2624.12,0
884.782,2307.26,-325.589,-577.616,1.44405,2607.72,0
886.142,2337,-329.205,-594.149,2.08778,2637.28,0
887.483,2320.35,-338.192,-599.724,1.63889,2614.53,0
888.842,2358.57,-318.067,-615.575,2.41096,2653.53,0
890.199,2346.26,-330.137,-599.198,2.01532,2635.66,0
891.56,2327.79,-298.604,-607.658,1.53467,2610.92,0
892.926,2341.11,-307.568,-630.514,1.79538,2621.84,0
894.281,2286.88,-280.69,-685.487,0.507624,2557.23,0
895.625,2311.83,-283.106,-677.052,1.06439,2581.25,0
896.976,2291.19,-288.127,-698.6,0.583989,2554.35,0
898.325,2284.31,-301.209,-739.749,0.425047,2542.85,0
899.686,2268.17,-319.635,-669.411,0.0471606,2521.06,0
901.041,2279.74,-288.976,-736.868,0.31237,2530.12,0
902.383,2322.23,-330.776,-716.155,1.27885,2573.45,0
903.741,2340,-309.256,-701.337,1.64921,2589.23,0
905.091,2283.45,-335.002,-726.522,0.326963,2522.9,0
906.455,2295.88,-334.94,-747.789,0.610568,2532.81,0
907.807,2327.73,-388.509,-744.379,1.33627,2564.12,0
909.153,2348.07,-398.755,-713.064,1.75507,2582.7,0
910.503,2357.76,-399.019,-791.827,1.9186,2589.52,0
911.852,2365.92,-431.29,-792.861,2.03806,2594.63,0
913.199,2379.37,-418.412,-780.007,2.27691,2605.53,0
914.559,2394.61,-432.61,-746.614,2.48824,2618.33,0
915.903,2406.09,-398.418,-741.583,2.62455,2627.02,0
917.252,2398.43,-387.911,-748.537,2.34886,2614.81,0
918.599,2374.09,-405.442,-761.922,1.71724,2584.47,0
919.96,2378.15,-386.97,-746.729,1.75794,2585.05,0
921.31,2379.71,-357.455,-727.997,1.74663,2582.96,0
922.67,2370.08,-327.198,-734.875,1.48559,2568.72,0
924.022,2355.37,-287.579,-691.705,1.11926,2549.04,0
925.361,2367.63,-256.807,-684.864,1.38022,2558.6,0
926.731,2360.76,-233.506,-709.825,1.20775,2547.41,0
928.087,2389.3,-218.505,-752.949,1.82512,2574.44,0
929.43,2348.61,-202.678,-691.546,0.868681,2526.93,0
930.782,2344.39,-251.615,-675.586,0.764302,2518.73,0
932.13,2389.94,-249.255,-656.387,1.783,2563.95,0
933.482,2402.36,-239.234,-657.212,2.03021,2573.55,0
934.842,2407.85,-283.829,-629.235,2.09265,2575.68,0
936.187,2410.64,-259.019,-611.035,2.0746,2574.96,0
937.544,2417.42,-229.934,-623.98,2.14027,2578.45,0
938.896,2394.4,-174.073,-608.531,1.55035,2550.23,0
940.233,2366.82,-179.254,-629.949,0.888943,2517.27,0
941.586,2349.33,-236.824,-585.058,0.48093,2495.08,0
942.951,2417.77,-243.683,-648.35,2.03036,2564.04,0
944.295,2399.98,-206.579,-675.23,1.57866,2541.56,0
945.653,2376.27,-152.918,-658.145,1.02065,2512.84,0
947.013,2379.38,-208.997,-607.471,1.07703,2512.51,0
948.352,2371.95,-249.55,-649.791,0.890608,2501.13,0
949.704,2382.31,-263.775,-659.19,1.10838,2508.47,0
951.05,2395.66,-333.97,-670.839,1.39962,2518.96,0
952.391,2414.67,-342.306,-687.437,1.78225,2535.37,0
953.74,2397.39,-348.485,-639.024,1.35358,2513.67,0
955.083,2409.24,-353.829,-639.979,1.5756,2522.55,0
956.44,2427.5,-335.706,-634.301,1.94228,2538.06,0
957.797,2442.89,-339.409,-609.566,2.1707,2550.53,0
959.155,2455.19,-369.822,-665.53,2.36106,2559.74,0
960.499,2480.76,-374.122,-673.454,2.79081,2582.78,0
961.852,2472.71,-378.495,-683.922,2.45857,2570.79,0
963.214,2456.96,-379.428,-682.958,1.99762,2550.8,0
964.569,2438.91,-368.093,-672.03,1.51436,2528.5,0
965.914,2428.29,-334.471,-666.122,1.24576,2513.98,0
967.262,2376.51,-387.591,-656.522,0.0464991,2456.95,0
968.606,2403.53,-464.946,-652.206,0.664738,2481.43,0
969.96,2437.09,-459.082,-674.329,1.41701,2512.57,0
971.315,2426.36,-460.967,-674.288,1.14405,2498.01,0
972.669,2463.31,-460.564,-708.596,1.94462,2532.52,0
974.027,2471.99,-435.106,-658.744,2.05918,2537.91,0
975.385,2434.98,-429.432,-665.452,1.16805,2496.44,0
976.734,2401.35,-425.055,-694.048,0.38853,2458.56,0
978.085,2435,-451.024,-688.592,1.14276,2489.56,0
979.43,2450.77,-437.987,-643.043,1.48386,2502.24,0
980.781,2467.67,-440.481,-657.986,1.83435,2516.02,0
982.135,2448.33,-410.092,-676.618,1.33866,2492.87,0
983.492,2408.05,-413.906,-702.127,0.393639,2448.47,0
984.842,2407.58,-485.25,-695.505,0.380968,2444.63,0
986.191,2423.86,-457.822,-749.508,0.74931,2457.8,0
987.551,2416.31,-402.201,-755.412,0.571229,2446.77,0
988.914,2447.24,-448.377,-810.54,1.26592,2474.67,0
990.246,2492.29,-439.133,-833.603,2.243,2516.84,0
991.608,2531.57,-469.91,-805.495,2.98007,2553,0
992.957,2521.72,-417.463,-820.844,2.61486,2539.6,0
994.318,2506.18,-446.317,-823.026,2.1369,2520.5,0
995.679,2517.33,-443.968,-843.238,2.2824,2528.25,0
997.037,2532.53,-461.075,-803.848,2.52923,2540.06,0
998.399,2522.56,-465.269,-810.078,2.17508,2526.61,0
999.757,2504.06,-489.416,-757.4,1.66136,2504.67,0
1000,2510.24,-481.254,-744.964,1.79179,2510.24,0
