1.35573,8.8704,-35.5938,-17.5121,0.202055,6542.88,0
2.71003,12.8813,-31.523,-36.4855,0.293749,4753.18,0
4.06718,1.83855,-109.583,-27.8361,0.0383492,452.044,0
5.41676,26.1293,-82.7774,-27.7316,0.594066,4823.79,0
6.77197,11.1791,-36.673,-78.3417,0.249826,1650.79,0
8.1216,65.071,-74.7631,-124.497,1.47137,8012.09,0
9.4699,42.567,-131.306,-166.211,0.929042,4494.97,0
10.8231,23.1968,-152.23,-158.442,0.48176,2143.28,0
12.1795,22.6832,-89.3409,-162.744,0.469151,1862.42,0
13.5293,16.7958,-76.6259,-186.768,0.332263,1241.44,0
14.8893,24.5128,-77.6495,-143.469,0.506191,1646.33,0
16.2515,45.2999,-125.437,-157.592,0.977498,2787.43,0
17.5921,41.396,-172.758,-173.953,0.876956,2353.1,0
18.9332,21.7823,-167.315,-169.784,0.422923,1150.48,0
20.2929,16.7189,-149.364,-158.357,0.30408,823.881,0
21.6393,50.0892,-140.164,-250.779,1.06115,2314.73,0
23.0013,40.9311,-149.142,-260.019,0.843143,1779.51,0
24.3489,18.1916,-168.782,-306.883,0.318851,747.122,0
25.7083,15.9602,-122.659,-351.173,0.26619,620.819,0
27.0624,31.9992,-86.1047,-385.731,0.625349,1182.43,0
28.4034,99.0804,-121.877,-365.072,2.12697,3488.33,0
29.7495,72.0159,-146.581,-372.538,1.44384,2420.74,0
31.1105,38.2098,-196.027,-354.82,0.650584,1228.2,0
32.4668,10.0998,-185.336,-369.251,0.00156746,311.079,0
33.8216,61.2512,-200.309,-355.839,1.17069,1811.01,0
35.1735,25.8551,-217.152,-344.883,0.352887,735.074,0
36.5394,45.9656,-309.813,-362.102,0.807247,1257.97,0
37.8937,68.2427,-333.649,-386.104,1.29298,1800.9,0
39.2498,68.9246,-350.931,-369.56,1.27783,1756.05,0
40.594,85.1715,-315.008,-377.375,1.61711,2098.13,0
41.9436,55.8538,-325.859,-406.538,0.899949,1331.64,0
43.29,49.4999,-374.803,-365.26,0.744851,1143.45,0
44.6359,60.0641,-349.755,-310.631,0.985342,1345.65,0
45.9837,31.4532,-343.088,-325.665,0.320228,684.007,0
47.3238,93.7465,-349.907,-275.372,1.72846,1980.96,0
48.6755,118.628,-377.365,-239.277,2.21715,2437.13,0
50.0152,124.082,-398.419,-226.871,2.24473,2480.89,0
51.3553,149.034,-393.845,-245.328,2.69873,2902.02,0
52.6899,148.943,-380.126,-280.816,2.53399,2826.78,0
54.0438,177.735,-404.237,-276.492,3.05358,3288.72,0
55.4037,175.628,-388.429,-288.529,2.79483,3169.96,0
56.7598,197.194,-371.319,-267.981,3.12521,3474.18,0
58.1423,185.452,-385.052,-276.453,2.72176,3189.62,0
59.4972,240.382,-388.289,-285.696,3.74513,4040.22,0
60.8561,238.002,-442.572,-303.252,3.37166,3910.89,0
62.2058,262.233,-455.317,-317.053,3.58385,4215.57,0
63.549,266.665,-433.811,-315.559,3.37245,4196.21,0
64.9002,242.678,-423.083,-355.448,2.59389,3739.25,0
66.2527,214.502,-437.704,-410.326,1.85848,3237.64,0
67.61,180.894,-439.553,-422.731,1.03395,2675.55,0
68.942,169.114,-445.49,-415.821,0.758169,2452.98,0
70.3044,183.028,-429.755,-405.563,1.06473,2603.36,0
71.6611,173.654,-487.597,-358.321,0.841886,2423.27,0
72.9995,152.007,-391.094,-355.02,0.343431,2082.3,0
74.3422,142.897,-492.358,-425.411,0.133344,1922.15,0
75.6955,168.457,-555.356,-436.879,0.717426,2225.45,0
77.0454,209.353,-544.219,-431.854,1.6321,2717.26,0
78.3851,236.823,-536.058,-407.047,2.19928,3021.27,0
79.7312,238.849,-493.349,-443.553,2.17229,2995.68,0
81.0811,216.178,-499.741,-446.601,1.59469,2666.2,0
82.4445,182.769,-445.306,-451.78,0.80598,2216.87,0
83.7991,190.118,-453.019,-455.261,0.965084,2268.73,0
85.1485,224.175,-417.814,-471.581,1.71423,2632.75,0
86.5098,210.426,-403.667,-467.84,1.34633,2432.4,0
87.8581,231.233,-420.04,-451.9,1.79618,2631.89,0
89.2116,236.548,-426.513,-444.616,1.85838,2651.54,0
90.5728,283.014,-423.292,-418.006,2.82568,3124.71,0
91.9185,316.209,-428.77,-450.66,3.33677,3440.1,0
93.2744,301.344,-449.916,-470.166,2.76187,3230.73,0
94.6217,302.011,-454.936,-476.356,2.63678,3191.77,0
95.9742,268.434,-471.914,-548.056,1.77682,2796.94,0
97.3426,271.218,-506.47,-532.187,1.79693,2786.22,0
98.676,268.265,-466.026,-548.048,1.66081,2718.65,0
100.024,277.425,-509.952,-597.02,1.79117,2773.58,0
101.387,280.628,-519.03,-569.377,1.80547,2767.89,0
102.725,304.191,-538.849,-582.054,2.27725,2961.22,0
104.081,292.969,-528.104,-560.15,1.93145,2814.83,0
105.426,284.159,-493.563,-574.843,1.68686,2695.35,0
106.765,283.232,-506.789,-574.847,1.6357,2652.85,0
108.116,318.551,-468.781,-573.582,2.36865,2946.38,0
109.469,319.616,-504.155,-590.317,2.27913,2919.7,0
110.805,304.834,-507.942,-565.113,1.87458,2751.08,0
112.169,291.592,-525.545,-569.326,1.52969,2599.58,0
113.527,279.183,-516.655,-575.318,1.20138,2459.18,0
114.886,271.951,-491.225,-584.742,1.02072,2367.13,0
116.252,281.145,-480.55,-576.515,1.21688,2418.41,0
117.592,248.047,-417.291,-580.961,0.448588,2109.39,0
118.952,261.432,-396.763,-585.945,0.753015,2197.79,0
120.305,264.472,-351.173,-558.929,0.812233,2198.35,0
121.661,282.508,-373.633,-508.17,1.20583,2322.09,0
123.009,262.306,-390.429,-407.357,0.721094,2132.41,0
124.359,303.652,-421.396,-423.673,1.65266,2441.74,0
125.724,294.822,-415.36,-441.145,1.39059,2344.99,0
127.077,318.226,-402.113,-395.126,1.88477,2504.21,0
128.43,319.072,-381.8,-408.175,1.82671,2484.41,0
129.786,282.024,-360.294,-431.401,0.936002,2172.99,0
131.133,298.041,-338.681,-412.539,1.29591,2272.82,0
132.484,335.372,-349.499,-446.522,2.10846,2531.4,0
133.839,340.488,-373.687,-401.662,2.12744,2544.02,0
135.181,305.104,-386.126,-399.571,1.26354,2257,0
136.545,291.76,-370.291,-419.409,0.938863,2136.73,0
137.885,272.619,-367.649,-399.535,0.484954,1977.16,0
139.239,271.772,-408.761,-378.695,0.460814,1951.84,0
140.583,275.926,-423.652,-429.932,0.552409,1962.72,0
141.941,274.404,-444.388,-373.686,0.515283,1933.22,0
143.284,277.093,-457.688,-360.835,0.568816,1933.87,0
144.634,280.636,-440.123,-418.278,0.641817,1940.32,0
145.977,254.497,-461.542,-441.477,0.0387364,1743.41,0
147.341,270.04,-390.646,-425.527,0.395414,1832.76,0
148.681,255.741,-470.154,-435.689,0.0659946,1720.07,0
150.023,293.061,-449.515,-471.698,0.919848,1953.45,0
151.389,342.558,-430.744,-496.132,2.02553,2262.77,0
152.73,354.658,-472.463,-496.491,2.23175,2322.13,0
154.083,338.291,-484.803,-526.871,1.79432,2195.51,0
155.442,337.441,-508.963,-530.764,1.71162,2170.85,0
156.806,339.829,-483.265,-593.192,1.71911,2167.19,0
158.163,309.584,-480.908,-600.879,0.99882,1957.38,0
159.539,309.528,-458.983,-638.727,0.986277,1940.14,0
160.907,328.58,-423.652,-596.379,1.39922,2042.05,0
162.267,348.15,-488.664,-560.222,1.79816,2145.53,0
163.621,320.313,-484.176,-582.061,1.12119,1957.65,0
164.984,359.618,-514.31,-583.855,1.99417,2179.71,0
166.325,332.594,-493.914,-545.174,1.33481,1999.67,0
167.679,335.305,-492.644,-565.473,1.36497,1999.69,0
169.04,340.279,-449.804,-536.186,1.43383,2013.01,0
170.391,351.961,-471.118,-551.128,1.6676,2065.6,0
171.731,390.31,-424.554,-577.863,2.47311,2272.8,0
173.076,420.361,-423.194,-604.107,3.0147,2428.77,0
174.434,422.795,-412.582,-581.844,2.84292,2423.81,0
175.785,428.923,-386.146,-592.878,2.78693,2440.05,0
177.139,441.67,-382.994,-563.572,2.88825,2493.36,0
178.484,422.96,-400.889,-608.685,2.32527,2369.74,0
179.847,412.15,-400.954,-601.943,2.00595,2291.67,0
181.194,400.535,-386.905,-569.512,1.65223,2210.53,0
182.555,396.206,-348.663,-594.563,1.51253,2170.34,0
183.905,378.959,-337.21,-601.079,1.09219,2060.62,0
185.25,423.302,-335.463,-617.146,2.04262,2285.03,0
186.604,387.846,-319.911,-664.543,1.19658,2078.44,0
187.953,434.137,-299.008,-668.632,2.21742,2309.82,0
189.309,455.465,-311.859,-658.164,2.59781,2405.93,0
190.651,446.466,-341.478,-680.005,2.2674,2341.8,0
192.008,459.781,-351.453,-679.929,2.46115,2394.6,0
193.353,441.716,-331.92,-716.815,1.9583,2284.5,0
194.705,436.512,-310.585,-747.162,1.74533,2241.91,0
196.068,451.385,-307.363,-785.149,2.02009,2302.19,0
197.419,480.312,-326.743,-791.162,2.58431,2432.96,0
198.756,488.524,-321.05,-805.449,2.61452,2457.91,0
200.107,507.854,-365.674,-828.437,2.86455,2537.91,0
201.461,501.272,-401.262,-862.808,2.51894,2488.18,0
202.824,513.106,-403.313,-872.879,2.65399,2529.81,0
204.17,528.238,-397.58,-908.651,2.86987,2587.25,0
205.526,527.776,-399.745,-946.605,2.71082,2567.92,0
206.86,549.881,-406.666,-955.553,3.01282,2658.23,0
208.209,590.034,-380.568,-995.549,3.65074,2833.85,0
209.56,598.803,-410.175,-986.807,3.52342,2857.43,0
210.918,561.007,-407.591,-996.026,2.45039,2659.84,0
212.286,550.397,-462.801,-945.984,2.10047,2592.71,0
213.648,534.403,-454.296,-958.072,1.68879,2501.33,0
215.007,499.937,-370.205,-969.492,0.865851,2325.21,0
216.36,491.713,-328.15,-982.016,0.673793,2272.66,0
217.717,500.048,-326.343,-1056.86,0.862551,2296.78,0
219.07,511.217,-358.921,-1039.89,1.10952,2333.58,0
220.427,499.982,-428.699,-1030.43,0.844499,2268.24,0
221.785,534.897,-421.295,-1043.07,1.62232,2411.78,0
223.129,489.072,-405.11,-1060.1,0.556897,2191.88,0
224.5,486.886,-386.848,-1063.1,0.49921,2168.76,0
225.85,499.34,-356.259,-1110.86,0.781272,2210.94,0
227.2,502.681,-383.115,-1119.63,0.846574,2212.51,0
228.542,534.697,-319.398,-1111.59,1.56585,2339.6,0
229.909,527.058,-315.997,-1132.33,1.34798,2292.46,0
231.275,578.682,-307.329,-1110.04,2.46643,2502.14,0
232.642,600.503,-323.684,-1096.92,2.81666,2581.24,0
234.001,588.939,-275.632,-1091.02,2.42326,2516.82,0
235.347,597.991,-279.625,-1053.02,2.50962,2540.89,0
236.714,538.704,-272.206,-1018.17,1.10496,2275.76,0
238.065,523.934,-296.319,-1032.15,0.748395,2200.8,0
239.425,547.437,-319.688,-1004.84,1.26873,2286.47,0
240.786,583.335,-353.653,-998.614,2.05062,2422.63,0
242.134,577.407,-352.078,-991.838,1.84291,2384.66,0
243.479,593.53,-351.862,-975.794,2.13756,2437.71,0
244.832,590.827,-309.277,-995.072,1.99817,2413.19,0
246.18,639.894,-341.468,-1014.41,2.98366,2599.29,0
247.524,599.892,-329.604,-1012.47,1.93152,2423.57,0
248.88,610.397,-266.624,-1037.76,2.10418,2452.57,0
250.241,611.192,-217.425,-1055.93,2.04086,2442.41,0
251.588,588.366,-217.207,-1113.7,1.46371,2338.61,0
252.936,613.188,-250.946,-1134.52,2.00285,2424.28,0
254.292,651.31,-230.463,-1176.22,2.78021,2561.27,0
255.657,638.4,-224.071,-1175.57,2.3509,2497.1,0
257.011,665.222,-220.26,-1189.9,2.84371,2588.3,0
258.365,672.195,-192.661,-1199.54,2.85878,2601.73,0
259.734,676.313,-178.488,-1198.64,2.78001,2603.87,0
261.098,670.742,-196.343,-1220.66,2.50154,2568.93,0
262.468,662.455,-191.548,-1237.68,2.20433,2523.95,0
263.81,682.378,-172.456,-1222.68,2.53177,2586.63,0
265.172,667.401,-170.506,-1205.44,2.06206,2516.87,0
266.515,686.11,-169.907,-1195.42,2.34158,2574.38,0
267.87,675.782,-161.134,-1177.91,2.01017,2522.79,0
269.238,702.275,-101.803,-1163.74,2.51283,2608.38,0
270.585,674.069,-98.5111,-1163.2,1.78327,2491.15,0
271.937,698.048,-105.509,-1200.98,2.24852,2566.94,0
273.291,714.558,-85.9486,-1191.01,2.50583,2614.64,0
274.641,735.767,-77.4997,-1197.89,2.85577,2679.01,0
275.986,763.548,-81.3513,-1167.53,3.2199,2766.62,0
277.343,796.423,-55.1913,-1147.14,3.64922,2871.62,0
278.706,779.229,-53.1881,-1137.3,3.00983,2795.88,0
280.077,765.087,-66.0324,-1145,2.52494,2731.71,0
281.424,758.267,-53.416,-1181.68,2.25197,2694.39,0
282.786,722.588,-80.5747,-1153.4,1.38417,2555.25,0
284.148,763.206,-89.8812,-1104.89,2.26539,2685.95,0
285.487,745.017,-103.478,-1079.42,1.75556,2609.63,0
286.832,729.155,-120.344,-1052.74,1.35349,2542.1,0
288.196,743.438,-163.316,-1042.28,1.6559,2579.62,0
289.546,739.081,-178.293,-1083.35,1.50651,2552.55,0
290.883,744.801,-181.982,-1106.15,1.58149,2560.48,0
292.235,769.639,-204.045,-1034.14,2.09373,2633.63,0
293.59,777.029,-183.173,-1053.96,2.17965,2646.64,0
294.938,796.133,-215.473,-1053.36,2.53185,2699.32,0
296.294,816.312,-250.585,-1025.37,2.83599,2755.07,0
297.647,807.961,-251.136,-1029.62,2.48687,2714.5,0
298.995,805.029,-235.716,-983.761,2.30114,2692.45,0
300.356,834.141,-246.027,-968.303,2.81319,2777.18,0
301.709,826.09,-277.475,-958.91,2.50276,2738.04,0
303.061,773.472,-286.191,-948.674,1.22486,2552.2,0
304.416,791.261,-287.761,-943.166,1.59108,2599.27,0
305.761,734.18,-270.57,-902.101,0.261863,2401.16,0
307.107,772.932,-277.755,-852.013,1.14054,2516.82,0
308.446,778.552,-304.584,-886.064,1.24611,2524.11,0
309.82,797.503,-320.877,-924.722,1.65781,2574.09,0
311.183,819.166,-391.051,-943.716,2.10432,2632.42,0
312.553,780.85,-417.846,-938.029,1.18235,2498.3,0
313.911,811.951,-446.462,-989.195,1.86375,2586.56,0
315.269,816.11,-448.861,-1027,1.8927,2588.62,0
316.611,826.25,-429.659,-1020.46,2.06323,2609.67,0
317.965,810.158,-485.733,-1030.1,1.62465,2547.94,0
319.312,784.292,-496.816,-980.932,1.00429,2456.2,0
320.671,822.571,-432.879,-985.426,1.85738,2565.15,0
322.036,820.665,-421.506,-1015.87,1.75353,2548.37,0
323.382,782.754,-424.155,-1032.31,0.83657,2420.53,0
324.734,809.216,-425.741,-1023.83,1.42264,2491.93,0
326.081,810.827,-420.252,-1034.41,1.41031,2486.58,0
327.428,809.716,-396.919,-1010.58,1.3657,2472.96,0
328.777,817.376,-412.887,-1025.1,1.50061,2486.11,0
330.135,799.673,-421.888,-1010.88,1.06484,2422.26,0
331.481,794.194,-352.143,-1034.15,0.920922,2395.89,0
332.821,800.478,-433.844,-1057.36,1.06281,2405.13,0
334.18,813.556,-487.964,-1012.76,1.31344,2434.49,0
335.538,823.411,-441.807,-979.415,1.50043,2454,0
336.891,828.37,-427.826,-1017.76,1.57413,2458.87,0
338.258,867.602,-377.004,-1018.69,2.40276,2564.91,0
339.609,901.379,-319.244,-975.55,3.01447,2654.17,0
340.974,913.17,-331.253,-911.946,3.03043,2678.12,0
342.333,895.725,-304.549,-955.12,2.44494,2616.53,0
343.682,856.009,-294.234,-949.036,1.43668,2490.7,0
345.03,803.124,-314.023,-980.537,0.216651,2327.69,0
346.357,826.534,-238.348,-1013.88,0.750628,2386.37,0
347.702,833.514,-229.292,-1003.95,0.896816,2397.21,0
349.05,836.951,-239.988,-1054.13,0.966598,2397.79,0
350.402,836.257,-288.624,-1091.43,0.945548,2386.56,0
351.754,867.421,-276.874,-1120.87,1.62248,2465.99,0
353.108,808.75,-291.534,-1097.81,0.260462,2290.37,0
354.453,863.958,-273.928,-1085.78,1.51264,2437.44,0
355.799,862.921,-282.511,-1081.09,1.45736,2425.3,0
357.154,884.851,-288.622,-1111.37,1.90153,2477.51,0
358.508,909.142,-274.45,-1071.29,2.36496,2535.91,0
359.849,950.572,-297.413,-1079.8,3.13703,2641.59,0
361.19,954.009,-317.89,-1069.88,3.02799,2641.3,0
362.547,942.8,-305.226,-1070.24,2.59519,2600.49,0
363.89,946.8,-329.122,-1039.19,2.5534,2601.89,0
365.242,942.732,-366.244,-1033.18,2.33625,2581.11,0
366.577,958.364,-327.999,-1041.87,2.56735,2614.36,0
367.941,986.489,-308.416,-1002.87,3.04305,2681.11,0
369.298,1001.8,-324.086,-984.409,3.22156,2712.72,0
370.659,989.288,-326.135,-973.041,2.71332,2669,0
372.017,976.537,-327.729,-962.608,2.29594,2624.98,0
373.372,936.337,-344.777,-964.372,1.31046,2507.79,0
374.731,923.554,-290.625,-992.702,0.981112,2464.58,0
376.08,892.2,-274.497,-977.967,0.253805,2372.37,0
377.436,927.098,-226.954,-983.393,1.04122,2456.3,0
378.786,936.621,-227.923,-992.441,1.2422,2472.69,0
380.132,932.018,-272.113,-965.996,1.11999,2451.83,0
381.486,944.338,-257.195,-975.985,1.37293,2475.42,0
382.82,968.717,-292.43,-987.913,1.89756,2530.47,0
384.173,1008.22,-328.19,-992.731,2.70415,2624.39,0
385.521,1068.95,-337.974,-984.796,3.84415,2772.75,0
386.871,1045.6,-335.792,-957.668,3.02252,2702.72,0
388.23,1093.12,-315.772,-975.01,3.79318,2815.64,0
389.589,1099.43,-333.138,-963.531,3.5555,2822.04,0
390.96,1095.73,-360.895,-960.826,3.16248,2802.66,0
392.296,1058.8,-397.858,-1001.01,2.19216,2698.99,0
393.661,1092.22,-394.015,-969.048,2.80041,2774.52,0
395.023,1078.38,-369.436,-945.009,2.36183,2729.91,0
396.375,1076.3,-358.227,-940.538,2.20179,2715.37,0
397.72,1008.86,-333.504,-962.706,0.599334,2536.6,0
399.072,1027.95,-329.123,-944.324,1.02551,2575.86,0
400.414,1037.13,-310.559,-942.582,1.21503,2590.14,0
401.774,1031.12,-305.533,-934.247,1.06366,2566.42,0
403.131,1026.74,-309.794,-963.583,0.947267,2546.92,0
404.485,1045.8,-256.518,-963.354,1.35004,2585.51,0
405.833,1045.84,-277.77,-980.736,1.32996,2577.01,0
407.194,1091.32,-318.946,-934.938,2.30375,2680.1,0
408.551,1100.49,-314.729,-908.638,2.41942,2693.65,0
409.905,1094.91,-295.001,-913.786,2.19722,2671.12,0
411.255,1103.18,-261.832,-971.458,2.2909,2682.48,0
412.614,1116.16,-294.947,-980.734,2.48267,2705.11,0
413.969,1104.86,-292.724,-996.048,2.11614,2668.95,0
415.318,1099.93,-273.958,-961.588,1.94087,2648.4,0
416.67,1102.08,-283.927,-992.243,1.93586,2644.98,0
418.03,1114.77,-292.139,-1018.75,2.1811,2666.73,0
419.379,1141.76,-328.875,-1053.98,2.64639,2722.51,0
420.742,1133.16,-342.579,-1013.58,2.33327,2693.24,0
422.093,1105.2,-329.111,-1030.64,1.62056,2618.37,0
423.459,1111.89,-293.177,-978.888,1.72248,2625.73,0
424.822,1143.28,-301.621,-1008.83,2.32729,2691.19,0
426.191,1096.62,-318.196,-975.032,1.18538,2573.07,0
427.547,1084.39,-302.88,-1004.77,0.894456,2536.32,0
428.9,1066.93,-225.724,-1010.95,0.492388,2487.6,0
430.266,1057.23,-134.98,-1034.42,0.267896,2457.17,0
431.628,1088.94,-184.625,-1084.8,0.991939,2522.85,0
432.977,1143.25,-160.631,-1089.77,2.20693,2640.44,0
434.335,1108.39,-158.568,-1101.87,1.31838,2551.91,0
435.689,1088.42,-140.696,-1121.43,0.842726,2498.16,0
437.049,1082.38,-99.3264,-1135.17,0.694997,2476.56,0
438.4,1075.48,-93.9296,-1173.63,0.534836,2453.19,0
439.764,1093.93,-75.6759,-1173.77,0.949724,2487.54,0
441.124,1132.03,-103.01,-1192.43,1.77562,2566.24,0
442.478,1167.69,-120.017,-1221.65,2.5265,2638.97,0
443.817,1180.21,-122.887,-1200.65,2.68252,2659.22,0
445.178,1186.8,-130.568,-1220.46,2.65778,2665.9,0
446.54,1195.06,-131.602,-1234.92,2.67261,2676.28,0
447.896,1177.6,-116.336,-1255.1,2.14867,2629.19,0
449.232,1153.54,-132.136,-1271.53,1.52278,2567.8,0
450.586,1133.26,-138.325,-1264.49,1.03038,2515.08,0
451.93,1156.61,-160.049,-1228.88,1.52253,2559.27,0
453.276,1186.41,-186.084,-1239.87,2.13311,2617.4,0
454.637,1191.05,-189.418,-1249.67,2.15672,2619.77,0
455.986,1202.16,-249.665,-1244.61,2.30378,2636.4,0
457.349,1215.62,-234.461,-1254.05,2.48884,2657.97,0
458.706,1222.67,-197.071,-1274.19,2.48396,2665.47,0
460.045,1256.04,-209.813,-1229.19,3.04436,2730.26,0
461.379,1271.29,-248.087,-1229.41,3.19065,2755.4,0
462.726,1252.71,-214.147,-1199.62,2.55104,2707.25,0
464.089,1247.28,-205.132,-1179.19,2.32413,2687.58,0
465.446,1256.11,-185.114,-1192.02,2.40708,2698.72,0
466.803,1234.02,-163.972,-1169.88,1.78992,2643.55,0
468.152,1249.98,-118.19,-1186.01,2.08664,2670.03,0
469.496,1284.94,-109.1,-1176.35,2.75777,2736.86,0
470.861,1325.74,-96.0375,-1161.83,3.51255,2815.57,0
472.21,1358.09,-101.147,-1158.24,3.89793,2876.04,0
473.55,1356.99,-104.295,-1157.85,3.46456,2865.56,0
474.892,1348.11,-119.269,-1166.96,3.00878,2838.78,0
476.253,1319.98,-122.963,-1176.62,2.22922,2771.6,0
477.605,1321.91,-95.4816,-1199.42,2.1401,2767.8,0
478.957,1340.9,-85.0718,-1206.12,2.50372,2799.63,0
480.311,1366.5,-122.591,-1209.07,2.95516,2845.03,0
481.658,1437.71,-173.139,-1212.3,4.25453,2984.91,0
483.001,1436.52,-164.094,-1255.53,3.8198,2974.15,0
484.349,1412.65,-120.776,-1245.03,3.00279,2916.59,0
485.708,1429.53,-186.566,-1234.47,3.18077,2943.2,0
487.052,1444.67,-185.901,-1226.78,3.28356,2966.14,0
488.406,1468.15,-184.996,-1207.43,3.50413,3006.01,0
489.771,1510.2,-205.625,-1219.77,4.12069,3083.47,0
491.127,1530.58,-191.272,-1223.9,4.09863,3116.46,0
492.487,1528.3,-200.857,-1204.89,3.65616,3103.23,0
493.836,1529.74,-209.427,-1227.13,3.37771,3097.66,0
495.167,1533.99,-188.369,-1196.38,3.21649,3097.93,0
496.525,1542.28,-199.102,-1208.56,3.18721,3106.15,0
497.878,1543.76,-217.453,-1186.17,2.97744,3100.67,0
499.246,1557.31,-233.184,-1203.39,3.05971,3119.33,0
500.601,1559.34,-246.234,-1204.17,2.90136,3114.94,0
501.965,1547.34,-258.537,-1233.94,2.47232,3082.56,0
503.312,1539.44,-281.839,-1259.15,2.1645,3058.62,0
504.657,1540.4,-270.963,-1281.73,2.08184,3052.38,0
506.002,1545.4,-289.303,-1325.4,2.12396,3054.14,0
507.371,1516.53,-267.363,-1356.29,1.39263,2988.99,0
508.725,1538.98,-295.351,-1402.56,1.85857,3025.16,0
510.073,1560.67,-300.685,-1418.27,2.27262,3059.69,0
511.432,1583.76,-312.354,-1391.25,2.67874,3096.72,0
512.783,1560.44,-307.465,-1400.44,2.0188,3043.08,0
514.147,1534.1,-328.633,-1410.86,1.34786,2983.78,0
515.503,1534.44,-329.301,-1438.32,1.32742,2976.6,0
516.867,1505.48,-328.283,-1426.51,0.643594,2912.7,0
518.217,1531.1,-329.712,-1421.33,1.21332,2954.56,0
519.56,1513.39,-287.714,-1434.92,0.797601,2912.83,0
520.913,1512.16,-229.839,-1442.75,0.766232,2902.89,0
522.258,1538.34,-191.069,-1405.12,1.35554,2945.56,0
523.591,1551.83,-160.521,-1393.96,1.62073,2963.83,0
524.938,1562.54,-123.265,-1428.03,1.80319,2976.61,0
526.29,1550.88,-107.59,-1464.64,1.50167,2946.81,0
527.649,1546.13,-141.812,-1460.39,1.36443,2930.22,0
529.008,1492.33,-152.207,-1495.05,0.101663,2820.99,0
530.359,1507.61,-160.009,-1504.37,0.449563,2842.61,0
531.704,1514.97,-139.959,-1493.19,0.611694,2849.28,0
533.057,1525.94,-201.834,-1467.71,0.855867,2862.62,0
534.406,1528.6,-180.384,-1467.94,0.891265,2860.37,0
535.76,1512.98,-167.454,-1517.61,0.527597,2823.98,0
537.114,1534.67,-186.379,-1479.48,1.01789,2857.25,0
538.46,1589.58,-213.532,-1465.09,2.24185,2952.08,0
539.82,1574.62,-256.621,-1504.42,1.79888,2916.93,0
541.168,1621.23,-231.995,-1504.18,2.7891,2995.8,0
542.536,1623.62,-238.442,-1523.72,2.67098,2992.65,0
543.896,1598.4,-224.03,-1502.24,1.96502,2938.81,0
545.25,1615.03,-195.931,-1542.94,2.27474,2962,0
546.597,1650.54,-205.614,-1539.34,2.93189,3019.66,0
547.959,1649.78,-216.118,-1570.2,2.74807,3010.77,0
549.305,1695.68,-253.687,-1613.38,3.57917,3086.95,0
550.667,1700.77,-258.094,-1620.6,3.39469,3088.57,0
552.012,1669.74,-220.223,-1617.72,2.4839,3024.82,0
553.365,1634.23,-246.29,-1633.14,1.59566,2953.25,0
554.707,1602.37,-239.625,-1676.68,0.838832,2888.67,0
556.064,1615.91,-245.445,-1651.98,1.11485,2905.98,0
557.407,1617.67,-161.628,-1637.65,1.14787,2902.14,0
558.764,1624.14,-201.473,-1635.44,1.27949,2906.67,0
560.123,1644.84,-241.256,-1664.12,1.72188,2936.58,0
561.478,1682.59,-261.011,-1668,2.52743,2996.72,0
562.825,1687.66,-255.643,-1648.71,2.52736,2998.55,0
564.171,1678.29,-311.981,-1696.47,2.23067,2974.8,0
565.531,1693.88,-327.493,-1680.11,2.45505,2995.2,0
566.878,1730.93,-330.499,-1699.85,3.11885,3053.44,0
568.234,1744.07,-298.671,-1684.39,3.20017,3069.28,0
569.589,1763.64,-278.04,-1682.31,3.40718,3096.34,0
570.944,1793.17,-287.095,-1680.18,3.75847,3140.72,0
572.302,1823.78,-293.28,-1686.81,4.03409,3186.74,0
573.644,1805.51,-257.57,-1746.48,3.32169,3147.44,0
575.012,1802.81,-225.797,-1718.52,3.04209,3135.26,0
576.379,1761.93,-266.132,-1752.4,1.94359,3056.9,0
577.725,1769.63,-244.916,-1704.23,2.05462,3063.09,0
579.079,1776.14,-250.385,-1738.92,2.13594,3067.18,0
580.442,1812.82,-273.148,-1780.28,2.8418,3123.17,0
581.797,1800.98,-249.862,-1752.49,2.42127,3095.55,0
583.145,1796.6,-264.891,-1783.96,2.22476,3080.88,0
584.489,1816.88,-290.825,-1755.4,2.55446,3108.49,0
585.839,1809.97,-294.594,-1753.81,2.25467,3089.53,0
587.195,1829.15,-311.216,-1731.39,2.58894,3115.07,0
588.569,1795.11,-332.751,-1735.84,1.74655,3049.96,0
589.915,1777.51,-349.242,-1778.46,1.29804,3013.16,0
591.282,1819.18,-342.791,-1795.07,2.20229,3076.68,0
592.635,1820.15,-309.859,-1790.67,2.13235,3071.29,0
593.99,1845.63,-321.13,-1808.62,2.57624,3107.17,0
595.338,1854.17,-292.006,-1809.19,2.62893,3114.49,0
596.682,1870.25,-292.216,-1834.42,2.85541,3134.41,0
598.027,1879.35,-340.201,-1849.05,2.89143,3142.58,0
599.373,1908.79,-376.572,-1811.82,3.33514,3184.64,0
600.722,1928.79,-363.608,-1792.43,3.46743,3210.78,0
602.083,1975.49,-361.359,-1783.74,4.1352,3281.09,0
603.434,1963.74,-397.879,-1767.06,3.47763,3254.28,0
604.784,1945.53,-386.251,-1779.88,2.8103,3216.89,0
606.141,1913.33,-355.831,-1779.69,1.98044,3156.57,0
607.489,1903.52,-338.271,-1815.16,1.69527,3133.42,0
608.821,1918.17,-336.828,-1827.64,1.97198,3150.63,0
610.169,1942.03,-361.624,-1801.27,2.4283,3182.78,0
611.521,1895.29,-344.64,-1803.83,1.30408,3099.3,0
612.869,1904.93,-326.318,-1772.74,1.49786,3108.22,0
614.224,1931.68,-290.613,-1760.65,2.05685,3144.91,0
615.588,1927.6,-294.246,-1794.74,1.88236,3131.32,0
616.926,1947.92,-270.23,-1819.62,2.30426,3157.45,0
618.279,1988.61,-247.62,-1786.58,3.10258,3216.36,0
619.636,1967.13,-246.08,-1789.94,2.44785,3174.66,0
620.985,1942.55,-239.935,-1743.23,1.79251,3128.18,0
622.333,1955.11,-276.067,-1761.37,2.02161,3141.57,0
623.689,1961.79,-301.157,-1718.77,2.09184,3145.47,0
625.055,1970.26,-288.178,-1718.33,2.21393,3152.15,0
626.403,1989.76,-314.817,-1728.26,2.56559,3176.48,0
627.753,1978.08,-303.361,-1787.31,2.22613,3151.05,0
629.095,1947.1,-278.469,-1863.52,1.45584,3095.07,0
630.427,1973.54,-330.043,-1860.53,2.02625,3130.48,0
631.782,1994.38,-300.642,-1856.34,2.38645,3156.76,0
633.141,1992.61,-318.554,-1830.63,2.22688,3147.18,0
634.485,1978.97,-323.877,-1833.68,1.83969,3119.01,0
635.837,1992.71,-327.476,-1799.24,2.08841,3134,0
637.185,1996.16,-350.195,-1779.27,2.08995,3132.78,0
638.544,2003.17,-380.918,-1772.36,2.17988,3137.09,0
639.913,2001.97,-317.535,-1755.06,2.09102,3128.5,0
641.268,1964.85,-299.112,-1729.81,1.17367,3064.01,0
642.616,1921.17,-311.528,-1780.34,0.163675,2989.6,0
643.97,1935.36,-304.057,-1764.64,0.489227,3005.36,0
645.318,1964.87,-221.006,-1776.05,1.15723,3044.81,0
646.666,1969.45,-214.293,-1793.7,1.23488,3045.54,0
648.004,1959.24,-207.448,-1806.84,0.972107,3023.51,0
649.367,1978.52,-235.528,-1830.95,1.38868,3046.84,0
650.698,1971.11,-182.173,-1842.02,1.18335,3029.22,0
652.039,2003.98,-148.267,-1845.22,1.89977,3073.41,0
653.407,2001.15,-153.658,-1854.29,1.76528,3062.64,0
654.747,1993.75,-90.4445,-1837.68,1.5555,3045.07,0
656.113,2023.81,-69.6717,-1892.63,2.18058,3084.54,0
657.448,2051.71,-96.2274,-1902.81,2.69286,3120.72,0
658.804,2050.58,-117.381,-1911.83,2.5229,3112.58,0
660.139,2012.53,-142.744,-1926.98,1.57755,3048.65,0
661.489,1978.1,-101.794,-1926.82,0.767077,2990.37,0
662.851,1983.98,-91.0223,-1894.08,0.889485,2993.1,0
664.206,2021.92,-61.3948,-1886.96,1.72908,3044.11,0
665.56,2028.08,-45.6836,-1908.37,1.81561,3047.19,0
666.921,2073.54,-32.2105,-1924.75,2.75999,3109.13,0
668.273,2021.25,-60.9295,-1941.65,1.44925,3024.59,0
669.617,2003.52,-107.827,-1897.81,1.00585,2992.03,0
670.965,2034.16,-79.9519,-1917.78,1.67948,3031.69,0
672.314,2031.13,-86.5957,-1903.62,1.54795,3021.1,0
673.669,2055.63,-96.5166,-1908.71,2.05416,3051.39,0
675.024,2081.05,-112.179,-1946.08,2.53342,3082.93,0
676.378,2064.76,-122.326,-1951.86,2.03982,3052.67,0
677.717,2069.34,-143.099,-1922.29,2.07564,3053.4,0
679.064,2088.17,-153.878,-1955.39,2.4308,3075.06,0
680.417,2066.99,-177.501,-1952.72,1.85009,3037.82,0
681.765,2061.82,-171.218,-1967.3,1.66297,3024.25,0
683.128,2017.09,-165.905,-1933.13,0.615216,2952.72,0
684.485,2039.47,-141.975,-1987.91,1.12437,2979.57,0
685.843,2012.28,-189.964,-1970.95,0.486476,2934.03,0
687.194,2032.07,-222.18,-2023.97,0.939472,2957.05,0
688.547,2051.42,-183.119,-1962.6,1.3607,2979.35,0
689.896,2036.82,-184.279,-2001.45,1.02188,2952.36,0
691.247,2036.67,-211.258,-2032.9,1.00971,2946.37,0
692.607,2029.55,-219.679,-2083.95,0.835887,2930.31,0
693.955,2065.08,-270.834,-2085.05,1.63817,2975.82,0
695.313,2071.67,-292.704,-2129.47,1.74436,2979.47,0
696.675,2081.42,-245.533,-2127.24,1.91818,2987.64,0
698.03,2011.6,-270.391,-2067.37,0.287012,2881.82,0
699.398,2041.7,-271.028,-2083.65,0.96971,2919.22,0
700.756,2039.64,-300.951,-2026.35,0.901846,2910.62,0
702.104,2094.34,-298.027,-2053.35,2.10264,2982.94,0
703.454,2068.65,-324.067,-2057.95,1.4444,2940.7,0
704.809,2111.04,-329.318,-2076.99,2.3545,2995.19,0
706.16,2049.08,-373.209,-2050.32,0.894564,2901.73,0
707.514,2089.87,-355.042,-2044.78,1.80359,2953.82,0
708.878,2109.55,-411.888,-2028.26,2.18647,2975.9,0
710.211,2101.71,-420.262,-2012.31,1.93527,2959.28,0
711.57,2123.17,-442.662,-2045.92,2.36462,2983.78,0
712.915,2142.83,-429.026,-2050.33,2.70172,3005.73,0
714.272,2152.72,-400.329,-2037.75,2.76614,3013.86,0
715.619,2171.35,-386.935,-2054.26,3.05453,3034.22,0
716.982,2170.16,-414.755,-2064.32,2.83732,3026.8,0
718.335,2161.53,-367.405,-2078.99,2.52021,3009.08,0
719.69,2162.08,-362.234,-2084.44,2.42512,3004.19,0
721.045,2152.08,-411.413,-2069.18,2.09188,2984.67,0
722.402,2092.21,-394.479,-2083.15,0.671183,2896.18,0
723.755,2072.97,-376.339,-2092.23,0.227573,2864.19,0
725.1,2071.92,-414.478,-2075.98,0.199326,2857.43,0
726.444,2086.78,-399.182,-2057.68,0.539562,2872.6,0
727.797,2129.36,-426.138,-2079.66,1.50362,2925.76,0
729.142,2140.65,-410.511,-2106.91,1.71665,2935.85,0
730.487,2143.31,-422.995,-2087.6,1.744,2934.08,0
731.833,2168.9,-403.364,-2137.05,2.2608,2963.66,0
733.201,2159.53,-427.839,-2201.65,1.9401,2945.34,0
734.544,2186.02,-414.532,-2162.1,2.46019,2976.03,0
735.898,2167.9,-444.158,-2147.69,1.9604,2945.93,0
737.248,2174.55,-451.128,-2100.6,1.99723,2949.54,0
738.62,2206.78,-428.685,-2090.35,2.60839,2987.71,0
739.952,2191.93,-460.929,-2082.29,2.15443,2962.26,0
741.313,2191.54,-453.623,-2048.44,2.07764,2956.3,0
742.665,2142.39,-397.057,-2044.84,0.917583,2884.74,0
744.014,2156.32,-375.285,-2048.08,1.21235,2898.22,0
745.353,2119.09,-370.117,-2078.82,0.351934,2843.07,0
746.717,2110.63,-368.378,-2063.06,0.152265,2826.55,0
748.072,2148.9,-391.885,-2073.51,1.01812,2872.58,0
749.431,2151.9,-389.365,-2076.66,1.06992,2871.38,0
750.779,2134.22,-331.939,-2147.3,0.654883,2842.67,0
752.126,2160.3,-286.037,-2160.2,1.23915,2872.26,0
753.489,2135,-239.562,-2147.09,0.65032,2833.49,0
754.839,2115.09,-211.385,-2119.7,0.186896,2802.04,0
756.187,2174.88,-217.931,-2096.87,1.53713,2876.11,0
757.544,2214.46,-202.306,-2100.33,2.36747,2923.2,0
758.887,2207.11,-204.994,-2119.47,2.10889,2908.36,0
760.241,2211.75,-204.822,-2154.08,2.11749,2909.28,0
761.598,2216.94,-153.023,-2163.01,2.14286,2910.9,0
762.955,2207.13,-152.395,-2118.57,1.86234,2892.87,0
764.307,2184.39,-158.32,-2114.87,1.29222,2858.01,0
765.65,2185.18,-168.702,-2174.13,1.28083,2854.02,0
766.998,2181.34,-121.923,-2213.76,1.16402,2843.99,0
768.36,2185.51,-96.7374,-2197.92,1.23102,2844.39,0
769.714,2217.52,-100.871,-2189.37,1.91951,2880.97,0
771.069,2256,-116.504,-2134.15,2.67688,2925.8,0
772.434,2279,-97.9814,-2148.33,3.04531,2950.42,0
773.785,2276.1,-51.9155,-2139.32,2.79703,2941.52,0
775.142,2281.9,-88.8314,-2163.52,2.71452,2943.85,0
776.495,2279.63,-128.405,-2192.5,2.53221,2935.79,0
777.866,2276.14,-134.036,-2193.67,2.32603,2926.13,0
779.212,2303,-124.776,-2219.56,2.79694,2955.56,0
780.573,2261.8,-119.747,-2242.34,1.76605,2897.62,0
781.927,2282.16,-132.428,-2263.01,2.17213,2918.64,0
783.279,2274.41,-192.854,-2257.58,1.91631,2903.71,0
784.627,2238.35,-200.438,-2225.89,1.05706,2852.76,0
785.965,2239.12,-230.872,-2198.07,1.05023,2848.88,0
787.311,2234.13,-213.45,-2188.97,0.920641,2837.68,0
788.652,2272.06,-222.325,-2239.47,1.76516,2880.94,0
790.01,2278.68,-229.29,-2223.31,1.87818,2884.37,0
791.366,2246.47,-247.728,-2225.87,1.0859,2838.73,0
792.709,2269.31,-231.169,-2289.31,1.58186,2862.73,0
794.052,2260.95,-259.333,-2270.86,1.34495,2847.36,0
795.405,2282.96,-213.39,-2280.22,1.824,2870.19,0
796.764,2315.06,-198.701,-2294.45,2.43564,2905.58,0
798.117,2286.14,-216.302,-2309.11,1.67124,2864.41,0
799.487,2284.49,-224.103,-2311.07,1.6013,2857.45,0
800.85,2278.45,-246.342,-2279.8,1.42048,2845.04,0
802.195,2241.96,-224.707,-2305.62,0.567789,2794.78,0
803.548,2242.19,-219.941,-2284.91,0.564311,2790.37,0
804.898,2266.95,-240.699,-2272.85,1.1182,2816.44,0
806.25,2257.9,-191.789,-2219.13,0.901265,2800.49,0
807.601,2279.84,-208.093,-2246.6,1.38172,2822.98,0
808.956,2317.94,-173.669,-2208.93,2.20532,2865.34,0
810.301,2319.06,-134.323,-2221.09,2.15931,2861.97,0
811.652,2260.85,-159.522,-2257.71,0.760066,2785.49,0
812.997,2254.33,-188.242,-2297.4,0.605873,2772.86,0
814.333,2282.48,-217.995,-2346.72,1.24718,2802.88,0
815.684,2319.98,-255.296,-2344.23,2.05601,2844.22,0
817.042,2315.38,-248.037,-2320.41,1.85837,2833.85,0
818.386,2359.67,-235.474,-2315.66,2.75452,2883.32,0
819.745,2348.3,-247.375,-2330.33,2.37647,2864.68,0
821.098,2320.37,-287.953,-2341.32,1.65963,2825.94,0
822.461,2298.05,-281.223,-2348.09,1.08876,2794.12,0
823.811,2260.97,-327.812,-2284.16,0.228499,2744.52,0
825.156,2265.43,-293.676,-2302.31,0.328657,2745.46,0
826.504,2295.98,-308.256,-2232.94,1.02668,2777.95,0
827.864,2302.03,-303.865,-2240.28,1.14526,2780.69,0
829.223,2280.35,-343.241,-2270.77,0.637411,2749.98,0
830.592,2313.35,-355.442,-2294.21,1.38599,2785.18,0
831.945,2341.6,-330.567,-2312.6,1.99931,2814.61,0
833.292,2333.17,-350.044,-2328.03,1.73542,2799.94,0
834.65,2344.32,-357.69,-2344.46,1.93247,2808.75,0
835.999,2352.1,-343.982,-2340.62,2.04896,2813.52,0
837.346,2356.07,-346.459,-2303.24,2.04289,2813.73,0
838.69,2365.56,-355.503,-2334.55,2.16571,2820.54,0
840.027,2356.02,-305.184,-2297.84,1.89662,2804.69,0
841.365,2362.35,-306.994,-2298.74,1.98774,2807.76,0
842.718,2341.89,-291.731,-2298.68,1.48286,2778.98,0
844.071,2332.78,-279.3,-2330.1,1.25141,2763.73,0
845.42,2316.81,-269.301,-2295.01,0.861804,2740.43,0
846.771,2298.02,-316.972,-2282.72,0.42598,2713.86,0
848.142,2301.37,-279.511,-2328.32,0.498799,2713.42,0
849.489,2352.98,-280.401,-2329.56,1.6595,2769.87,0
850.841,2368.07,-234.123,-2309.43,1.94682,2783.21,0
852.193,2361.19,-242.711,-2281.78,1.7365,2770.72,0
853.537,2357.8,-220.581,-2257.82,1.61677,2762.39,0
854.881,2350.94,-207.68,-2236.13,1.42272,2750.02,0
856.245,2361.27,-238.296,-2217.77,1.62394,2757.71,0
857.61,2348.51,-239.483,-2194,1.2996,2738.44,0
858.963,2299.17,-249.642,-2128.21,0.16132,2676.67,0
860.306,2302.24,-242.45,-2147.3,0.230767,2676.07,0
861.656,2337.37,-235.524,-2183.25,1.0301,2712.65,0
863.006,2380.68,-200.493,-2130.21,1.97037,2758.59,0
864.353,2373.96,-195.284,-2168.15,1.76801,2746.52,0
865.714,2342.28,-199.09,-2170.05,0.993591,2705.61,0
867.078,2305.57,-227.53,-2186.67,0.143714,2659.01,0
868.435,2348.97,-309.164,-2195.39,1.13741,2704.83,0
869.803,2362.55,-349.496,-2169.13,1.41659,2716.19,0
871.161,2382.21,-340.571,-2106.54,1.83756,2734.52,0
872.516,2376.52,-371.254,-2071.25,1.64648,2723.76,0
873.865,2390.14,-394.52,-2069.14,1.90313,2735.14,0
875.212,2387.8,-383.158,-2050.23,1.78046,2728.25,0
876.549,2399.5,-392.645,-2041.25,1.97902,2737.45,0
877.897,2437.33,-430.234,-2052.8,2.74239,2776.33,0
879.254,2461.49,-446.575,-2068.5,3.11824,2799.53,0
880.6,2448.05,-425.645,-2058.09,2.67968,2779.99,0
881.959,2421.44,-446.904,-2043.73,1.9419,2745.52,0
883.306,2411.22,-409.271,-2002.95,1.65157,2729.77,0
884.652,2388.72,-355.978,-1977.23,1.10525,2700.18,0
885.989,2360.46,-309.326,-1947.16,0.450789,2664.21,0
887.327,2356.39,-351.483,-1975.64,0.355202,2655.6,0
888.689,2402.65,-319.686,-1961.59,1.4089,2703.59,0
890.029,2411.56,-349.435,-1886.58,1.58635,2709.53,0
891.385,2426.88,-326.62,-1892.23,1.88101,2722.59,0
892.728,2398.35,-344.619,-1901.15,1.20114,2686.54,0
894.087,2422.99,-413.466,-1874.69,1.73999,2710.02,0
895.421,2437.28,-463.884,-1868.25,2.01372,2721.94,0
896.783,2422.54,-478.052,-1919.95,1.62535,2701.37,0
898.128,2412.71,-530.621,-1873.64,1.36586,2686.37,0
899.477,2409.19,-554.648,-1850.54,1.25238,2678.44,0
900.83,2387.47,-569.373,-1881.82,0.734235,2650.3,0
902.193,2365.51,-555.633,-1908.21,0.223623,2621.96,0
903.55,2371.04,-521.867,-1844.54,0.347975,2624.13,0
904.901,2368,-550.916,-1817.75,0.271631,2616.86,0
906.253,2386.69,-553.46,-1754.5,0.695064,2633.58,0
907.608,2403.07,-569.258,-1697.37,1.06521,2647.7,0
908.958,2373.19,-584.31,-1673.46,0.365562,2610.88,0
910.319,2364.06,-546.67,-1675.13,0.150537,2596.95,0
911.682,2420.26,-488.864,-1758.18,1.43536,2654.72,0
913.048,2419.65,-466.582,-1786.03,1.39452,2650.08,0
914.394,2388.54,-448.569,-1770.72,0.65786,2612.16,0
915.751,2379.29,-449.299,-1892.38,0.443556,2598.18,0
917.094,2370.81,-503.812,-1854.85,0.248297,2585.14,0
918.451,2380.04,-534.693,-1809.11,0.458118,2591.37,0
919.82,2410.5,-566.907,-1840.98,1.14571,2620.63,0
921.175,2430.19,-572.377,-1845.75,1.57064,2638.14,0
922.544,2434.1,-580.228,-1859.43,1.62099,2638.47,0
923.903,2437.73,-620.045,-1928.59,1.66832,2638.52,0
925.256,2476.92,-642.739,-1905.33,2.46155,2677.02,0
926.603,2497.62,-658.146,-1892.32,2.80077,2695.46,0
927.935,2493.57,-621.087,-1875.62,2.54379,2687.23,0
929.293,2502.22,-616.073,-1867.43,2.61966,2692.61,0
930.648,2475.83,-596.613,-1877.27,1.91978,2660.33,0
931.997,2486.56,-610.451,-1870.45,2.09429,2667.99,0
933.349,2498.53,-645.46,-1860.79,2.27007,2676.95,0
934.693,2509.52,-674.441,-1858.96,2.41488,2684.86,0
936.049,2496.47,-681.615,-1862.31,2.0234,2667.03,0
937.412,2522.36,-705.687,-1863.86,2.50442,2690.77,0
938.766,2519.91,-705.386,-1860.29,2.32401,2684.28,0
940.133,2522.1,-707.026,-1843.95,2.27648,2682.7,0
941.481,2518.12,-689.465,-1846.14,2.07612,2674.64,0
942.836,2471.91,-703.373,-1815.3,0.952028,2621.78,0
944.191,2460.8,-679.727,-1838.23,0.687845,2606.25,0
945.54,2475.23,-634.619,-1844.39,1.00377,2617.8,0
946.899,2469.77,-628.611,-1830.15,0.871257,2608.27,0
948.247,2475.68,-678.618,-1829.82,1.00032,2610.8,0
949.587,2500.76,-703.313,-1829.13,1.54814,2633.53,0
950.931,2506.39,-668.142,-1797.46,1.62916,2635.72,0
952.299,2515.03,-678.137,-1812.02,1.77106,2641.01,0
953.655,2521.67,-678.651,-1859.86,1.87287,2644.21,0
954.997,2511.69,-672.07,-1883.27,1.57122,2630.05,0
956.338,2520.48,-638.564,-1870.38,1.71812,2635.55,0
957.697,2480.63,-672.757,-1925.58,0.793329,2590.21,0
959.05,2452.07,-584.56,-1900.55,0.131034,2556.77,0
960.398,2484.53,-633.692,-1956.18,0.867509,2586.98,0
961.753,2493.43,-645.637,-2014.27,1.06876,2592.59,0
963.099,2506.81,-655.369,-2038.96,1.33509,2602.86,0
964.459,2537.78,-670.818,-2115.68,2.00654,2631.3,0
965.816,2543.92,-656.56,-2138.38,2.03202,2633.96,0
967.166,2546.5,-627.182,-2096,2.03846,2632.95,0
968.515,2551.09,-651.562,-2166.29,2.03245,2634.03,0
969.864,2595.85,-651.293,-2160.18,2.90379,2676.51,0
971.224,2585.16,-627.011,-2193.53,2.46951,2661.75,0
972.561,2576.68,-664.228,-2129.88,2.1459,2649.37,0
973.927,2525.98,-675.293,-2144.6,0.913707,2593.6,0
975.253,2509.94,-705.079,-2113.54,0.53966,2573.63,0
976.579,2546.62,-756.203,-2066.97,1.36723,2607.7,0
977.937,2531.16,-754.75,-2061.75,0.990751,2588.27,0
979.284,2564.24,-792.066,-2037.53,1.71928,2618.48,0
980.637,2574.61,-807.578,-2064.97,1.88386,2625.45,0
981.988,2577.46,-783.499,-2076.64,1.87761,2624.74,0
983.342,2575.57,-790.021,-2073.98,1.79068,2619.2,0
984.693,2612.57,-783.914,-2148.45,2.56251,2653.19,0
986.051,2632.79,-722.582,-2168.82,2.89709,2670.03,0
987.417,2628.48,-712.568,-2133.39,2.62838,2661.97,0
988.771,2625.04,-716.22,-2120.88,2.42333,2654.85,0
990.131,2580.04,-672.541,-2104.78,1.3165,2605.76,0
991.484,2609.67,-686.109,-2098.5,1.9571,2632.09,0
992.84,2584.42,-686.03,-2058.36,1.32037,2603.05,0
994.2,2635.49,-725.193,-2073.97,2.40064,2650.86,0
995.572,2600.21,-721.727,-2107.77,1.5337,2611.77,0
996.927,2612.67,-756.21,-2064.18,1.78221,2620.73,0
998.283,2609.32,-723.3,-2069.48,1.64278,2613.81,0
999.638,2599.41,-743.218,-2075.73,1.36385,2600.36,0
1000,2590.11,-751.549,-2087.2,1.14553,2590.11,0
