1.35245,17.9971,0.583791,-1.91523,0.044896,13307.1,0
2.69597,19.8066,19.2672,8.24758,0.0492467,7346.75,0
4.05021,25.333,30.7347,27.7701,0.0628373,6254.72,0
5.40193,44.978,64.0411,34.5048,0.111658,8326.28,0
6.73865,72.9773,63.7146,57.1563,0.18138,10829.7,0
8.08688,90.3427,69.3811,134.404,0.224633,11171.5,0
9.4401,66.2525,-29.5318,222.95,0.164374,7018.2,0
10.8036,36.0678,-115.275,222.538,0.0888359,3338.51,0
12.1567,79.9525,13.5331,286.328,0.198306,6576.82,0
13.5167,45.1804,18.1452,285.231,0.111309,3342.57,0
14.8634,179.801,-119.211,309.808,0.447254,12096.9,0
16.218,177.995,-174.137,341.26,0.441773,10975.1,0
17.5673,148.529,-145.164,394.45,0.367677,8454.87,0
18.9237,227.126,-145.976,427.413,0.562163,12002.2,0
20.2586,221.333,-64.5723,445.644,0.544913,10925.4,0
21.6053,208.039,-93.3446,471.726,0.510048,9629.08,0
22.9558,183.952,-81.314,464.352,0.44825,8013.31,0
24.3147,182.829,-30.5132,440.044,0.44406,7519.28,0
25.6712,204.628,-84.3159,373.79,0.497034,7971.13,0
27.0351,180.667,-67.3211,389.636,0.435849,6682.66,0
28.3725,222.699,-131.27,445.146,0.538709,7849.09,0
29.7396,167.014,-181.657,422.241,0.397742,5615.87,0
31.0928,74.236,-287.312,365.421,0.165826,2387.56,0
32.4534,167.288,-225.686,440.096,0.397854,5154.73,0
33.7934,129.057,-246.798,431.439,0.302136,3819.01,0
35.1517,87.974,-320.482,509.391,0.199393,2502.69,0
36.4883,153.632,-338.265,611.201,0.363117,4210.46,0
37.8237,119.586,-251.046,587.581,0.27767,3161.68,0
39.1727,128.697,-203.407,560.883,0.3002,3285.37,0
40.5281,117.543,-208.822,526.166,0.272153,2900.3,0
41.8767,116.782,-313.883,500.611,0.270004,2788.7,0
43.2263,118.496,-374.766,514.105,0.27411,2741.3,0
44.5841,234.002,-338.457,479.994,0.561285,5248.54,0
45.9328,208.192,-319.53,470.2,0.494684,4532.54,0
47.2858,216.12,-346.234,418.945,0.512957,4570.49,0
48.643,239.035,-318.403,393.595,0.568097,4914.07,0
49.9973,240.898,-254.175,423.423,0.570851,4818.22,0
51.3496,310.838,-144.783,404.383,0.741488,6053.36,0
52.7052,344.298,-129.954,400.748,0.818678,6532.52,0
54.0611,309.48,-68.8048,410.663,0.72431,5724.63,0
55.4047,320.49,-36.9777,436.645,0.745883,5784.53,0
56.7685,327.451,-26.5908,374.16,0.75725,5768.18,0
58.1177,342.207,-23.5551,309.148,0.787796,5888.18,0
59.4681,323.533,-50.2261,324.457,0.735819,5440.46,0
60.8249,279.748,-54.8583,312.659,0.620914,4599.24,0
62.1866,307.612,7.35725,330.047,0.686937,4946.6,0
63.5336,283.973,25.2052,312.174,0.624013,4469.64,0
64.8743,295.784,76.4676,298.822,0.649991,4559.34,0
66.2154,321.894,19.9243,363.903,0.711196,4861.31,0
67.5779,301.314,-2.45274,396.781,0.655693,4458.77,0
68.9339,295.638,0.749125,451.39,0.637851,4288.71,0
70.3003,292.826,13.8897,466.679,0.62771,4165.36,0
71.6502,246.913,24.8881,509.723,0.510385,3446.09,0
73.0097,341.171,-10.8009,495.48,0.742001,4672.95,0
74.3709,321.593,-13.7109,443.663,0.688164,4324.18,0
75.717,282.484,-92.8027,427.76,0.58759,3730.78,0
77.0643,281.9,-79.5136,398.174,0.582848,3657.98,0
78.4135,339.873,-97.6197,396.518,0.724127,4334.37,0
79.7712,376.127,-18.442,413.457,0.809367,4715.07,0
81.127,366.778,-22.6949,412.357,0.778973,4521.03,0
82.484,397.656,-59.4882,450.617,0.849252,4821,0
83.8119,425.434,-109.022,488.372,0.90932,5076.05,0
85.1704,438.716,-118.3,514.34,0.932187,5151.04,0
86.5186,418.806,-103.59,529.479,0.871962,4840.65,0
87.8684,397.785,-142.005,542.047,0.811214,4527.05,0
89.2067,372.254,-98.681,605.435,0.741997,4172.93,0
90.5709,407.112,-168.151,664.052,0.82306,4494.96,0
91.9346,392.34,-177.145,645.854,0.778916,4267.6,0
93.2981,420.019,-157.015,647.793,0.840351,4501.9,0
94.653,407.913,-177.601,654.721,0.802008,4309.57,0
95.9945,470.455,-179.428,618.777,0.948687,4900.85,0
97.3348,422.088,-143.644,644.863,0.819364,4336.46,0
98.6808,403.572,-160.808,640.632,0.767036,4089.67,0
100.026,322.551,-110.568,682.842,0.560151,3224.66,0
101.387,285.819,-151.404,698.958,0.46706,2819.08,0
102.749,259.31,-137.03,718.447,0.400081,2523.73,0
104.105,318.985,-142.102,738.91,0.547124,3064.06,0
105.457,328.091,-146.748,769.172,0.567898,3111.14,0
106.8,360.724,-111.215,753.36,0.646256,3377.55,0
108.143,394.657,-99.4752,783.88,0.726483,3649.41,0
109.502,444.028,-109.149,735.264,0.843002,4054.98,0
110.856,431.05,-151.797,719.182,0.803605,3888.36,0
112.211,442.64,-138.261,694.136,0.824879,3944.72,0
113.561,445.822,-156.292,672.509,0.825824,3925.83,0
114.914,454.966,-137.213,671.837,0.841421,3959.2,0
116.273,445.83,-210.112,711.95,0.809941,3834.35,0
117.634,449.751,-198.371,703.167,0.810809,3823.3,0
119,364.868,-164.271,717.624,0.594685,3066.12,0
120.329,351.286,-153.098,662.492,0.558144,2919.38,0
121.686,378.238,-182.481,670.328,0.622978,3108.31,0
123.031,423.726,-144.134,692.266,0.731522,3444.07,0
124.382,373.808,-143.196,663.733,0.603287,3005.32,0
125.725,364.539,-82.8198,635.994,0.577683,2899.48,0
127.087,307.598,-18.9157,664.67,0.434059,2420.38,0
128.426,336.267,-102.322,590.941,0.504506,2618.37,0
129.783,346.397,-127.529,567.54,0.527741,2669.05,0
131.139,411.635,-118.498,550.741,0.686947,3138.93,0
132.492,434.364,-164.054,555.412,0.737814,3278.42,0
133.844,422.191,-142.385,598.516,0.703385,3154.35,0
135.182,451.827,-172.616,632.367,0.771393,3342.36,0
136.526,422.924,-247.658,625.426,0.694142,3097.77,0
137.886,393.826,-252.836,621.62,0.616339,2856.18,0
139.229,427.195,-284.466,602.414,0.695565,3068.29,0
140.584,398.854,-284.109,617.324,0.62027,2837.12,0
141.928,434.617,-290.483,610.406,0.704991,3062.23,0
143.267,425.147,-221.661,558.514,0.677498,2967.52,0
144.621,477.679,-181.197,538.952,0.802558,3302.98,0
145.978,494.45,-206.047,577.332,0.836854,3387.15,0
147.329,510,-214.053,575.285,0.867346,3461.64,0
148.673,458.782,-244.512,581.242,0.732632,3085.84,0
150.021,344.84,-237.709,641.983,0.444931,2298.6,0
151.375,308.915,-286.793,598.45,0.354315,2040.73,0
152.732,271.561,-324.361,601.413,0.260398,1778.02,0
154.087,318.204,-404.857,532.227,0.376603,2065.09,0
155.442,303.619,-412.031,531.816,0.33964,1953.26,0
156.797,342.287,-405.476,575.165,0.435619,2182.98,0
158.154,345.193,-429.474,587.696,0.441996,2182.64,0
159.52,353.864,-428.143,659.046,0.462358,2218.3,0
160.899,398.692,-447.866,686.42,0.572373,2477.91,0
162.26,458.942,-435.92,655.383,0.719051,2828.43,0
163.617,450.207,-384.699,670.385,0.69299,2751.58,0
164.978,431.045,-446.972,679.375,0.641128,2612.75,0
166.337,490.816,-446.65,601.639,0.785184,2950.73,0
167.68,437.355,-447.82,587.276,0.647006,2608.27,0
169.038,457.553,-501.75,621.92,0.693035,2706.81,0
170.38,456.451,-495.322,640.849,0.685433,2679.02,0
171.732,468.305,-473.026,631.137,0.708356,2726.95,0
173.079,469.077,-397.526,632.84,0.704752,2710.19,0
174.426,477.818,-419.62,658.543,0.721814,2739.37,0
175.78,480.438,-422.137,622.132,0.723249,2733.17,0
177.142,418.488,-424.548,632.242,0.564407,2362.44,0
178.489,450.365,-388.889,707.625,0.641492,2523.21,0
179.846,532.675,-389.095,666.207,0.840958,2961.84,0
181.195,511.411,-317.327,686.215,0.780854,2822.43,0
182.559,527.814,-304.572,728.859,0.81333,2891.2,0
183.919,551.997,-354.66,726.213,0.866412,3001.3,0
185.264,528.157,-354.411,679.034,0.799853,2850.84,0
186.613,526.899,-402.335,702.032,0.790976,2823.49,0
187.961,547.297,-399.847,687.363,0.834541,2911.75,0
189.303,511,-404.952,653.634,0.737592,2699.37,0
190.65,539.096,-413.222,637.929,0.800555,2827.68,0
192.005,554.885,-433.957,600.065,0.831349,2889.94,0
193.37,547.65,-453.461,612.589,0.805696,2832.13,0
194.723,522.579,-398.854,577.862,0.736116,2683.7,0
196.065,567.317,-433.584,576.638,0.841174,2893.52,0
197.407,563.666,-423.739,586.534,0.824686,2855.35,0
198.768,534.168,-408.559,606.44,0.745275,2687.39,0
200.123,570.389,-411.402,635.179,0.82848,2850.19,0
201.485,639.983,-371.471,600.805,0.993139,3176.33,0
202.836,623.84,-445.001,564.394,0.941443,3075.59,0
204.204,568.973,-471.018,572.826,0.795381,2786.3,0
205.566,614.912,-464.735,565.561,0.901853,2991.32,0
206.928,650.508,-481.46,530.969,0.980665,3143.64,0
208.273,659.474,-521.932,488.974,0.990193,3166.4,0
209.618,631.742,-501.081,483.528,0.908486,3013.79,0
210.97,656.323,-544.857,501.973,0.959919,3110.98,0
212.323,673.488,-534.769,524.541,0.988571,3172,0
213.677,656.647,-578.941,497.569,0.935471,3073.09,0
215.019,670.548,-536.475,511.434,0.957815,3118.55,0
216.369,677.648,-528.965,541.352,0.96397,3131.91,0
217.731,715.587,-563.011,534.519,1.04603,3286.57,0
219.068,679.682,-575.257,523.742,0.942625,3102.6,0
220.424,687.527,-565.428,516.889,0.950992,3119.11,0
221.769,704.352,-546.976,515.282,0.981412,3176.06,0
223.115,721.966,-574.395,501.141,1.01261,3235.85,0
224.468,718.566,-595.909,503.94,0.990296,3201.2,0
225.818,776.17,-568.235,475.364,1.12019,3437.15,0
227.169,779.835,-573.577,498.349,1.11198,3432.85,0
228.523,751.622,-521.216,450.775,1.02757,3289.04,0
229.874,734.333,-509.217,372.136,0.972234,3194.5,0
231.23,693.625,-516.951,372.823,0.860994,2999.72,0
232.584,705.736,-511.878,417.608,0.882838,3034.33,0
233.934,656.094,-487.529,414.876,0.751554,2804.61,0
235.297,699.463,-496.662,392.309,0.854095,2972.68,0
236.656,691.193,-503.804,420.674,0.82545,2920.66,0
238.008,693.548,-532.863,399.217,0.824365,2913.97,0
239.35,647.525,-496.479,426.033,0.702779,2705.35,0
240.716,592.647,-512.084,354.089,0.562625,2462.02,0
242.051,621.979,-563.154,337.789,0.632316,2569.62,0
243.415,691.999,-512.899,318.881,0.801272,2842.88,0
244.751,662.84,-429.686,266.291,0.722407,2708.22,0
246.109,695.668,-419.575,301.081,0.797153,2826.66,0
247.466,735.802,-405.007,290.162,0.889779,2973.35,0
248.811,750.143,-468.196,332.141,0.916407,3014.91,0
250.162,761.371,-522.926,393.037,0.935174,3043.52,0
251.505,748.88,-504.741,329.199,0.894663,2977.6,0
252.851,753.651,-505.999,349.106,0.896616,2980.61,0
254.206,721.489,-427.67,362.591,0.807216,2838.2,0
255.565,708.131,-372.236,408.613,0.76676,2770.84,0
256.923,755.027,-397.981,433.011,0.875672,2938.73,0
258.284,757.016,-392.669,438.642,0.872667,2930.95,0
259.635,713.042,-374.459,452.71,0.754949,2746.33,0
260.978,711.347,-301.203,479.753,0.745633,2725.69,0
262.329,666.081,-300.244,399.515,0.628063,2539.11,0
263.676,647.521,-362.784,430.473,0.579526,2455.75,0
265.019,648.819,-325.428,411.681,0.580165,2448.2,0
266.379,600.006,-359.654,427.675,0.455843,2252.45,0
267.727,506.135,-346.723,473.242,0.220591,1890.49,0
269.081,572.547,-276.162,418.134,0.386031,2127.79,0
270.433,587.629,-323.059,364.774,0.423175,2172.91,0
271.792,613.497,-298.743,382.273,0.48623,2257.23,0
273.144,636.539,-264.688,242.308,0.541538,2330.42,0
274.48,652.561,-272.844,293.868,0.57968,2377.45,0
275.824,660.223,-263.036,319.372,0.59548,2393.64,0
277.183,694.763,-225.091,341.876,0.678469,2506.51,0
278.544,712.306,-181.706,404.924,0.717885,2557.25,0
279.888,728.137,-210.455,414.836,0.751838,2601.53,0
281.256,686.997,-187.025,409.126,0.644167,2442.6,0
282.622,687.582,-154.924,409.818,0.641502,2432.87,0
283.988,646.1,-182.235,383.555,0.53525,2275.1,0
285.335,598.165,-138.606,375.793,0.414112,2096.36,0
286.687,631.392,-148.034,362.601,0.4959,2202.37,0
288.033,553.894,-235.856,378.694,0.30168,1923.02,0
289.375,568.153,-272.304,361.437,0.336512,1963.38,0
290.715,577.564,-240.43,399.021,0.359146,1986.7,0
292.08,527.587,-231.24,438.694,0.234034,1806.31,0
293.441,599.066,-264.169,407.006,0.412102,2041.52,0
294.809,554.955,-205.097,400.023,0.301622,1882.42,0
296.169,513.438,-125.356,368.508,0.197716,1733.59,0
297.527,471.525,-101.743,389.055,0.0929504,1584.81,0
298.877,465.682,-115.293,385.1,0.0781586,1558.1,0
300.221,463.804,-83.0596,359.426,0.07328,1544.88,0
301.574,449.297,-89.1417,382.806,0.0368966,1489.84,0
302.915,469.238,-82.111,422.626,0.0865036,1549.07,0
304.266,583.873,-110.529,379.955,0.372534,1918.96,0
305.62,605.048,-177.29,389.283,0.42433,1979.74,0
306.961,631.345,-226.616,390.22,0.488742,2056.76,0
308.303,638.135,-201.562,469.7,0.504217,2069.83,0
309.651,657.535,-232.201,425.643,0.550456,2123.47,0
311.012,673.006,-278.15,463.189,0.586387,2163.93,0
312.369,671.929,-291.062,503.69,0.581409,2151.08,0
313.725,636.472,-322.269,521.019,0.490384,2028.76,0
315.065,589.836,-276.244,570.14,0.372641,1872.11,0
316.419,572.513,-175.288,530.174,0.328906,1809.35,0
317.76,519.148,-162.103,492.373,0.195371,1633.77,0
319.118,523.016,-131.041,419.909,0.204917,1638.94,0
320.47,515.191,-92.6001,421.032,0.185239,1607.61,0
321.824,467.798,-106.934,396.619,0.0667811,1453.58,0
323.173,474.768,-112.71,399.637,0.0839724,1469.08,0
324.529,471.075,-95.3523,437.966,0.0745464,1451.57,0
325.889,460.642,-109.219,421.015,0.0482819,1413.49,0
327.233,516.829,-140.206,370.857,0.18841,1579.39,0
328.587,489.274,-115.134,354.003,0.119483,1489.03,0
329.94,539.954,-145.202,373.247,0.24589,1636.52,0
331.286,529.145,-136.853,389.809,0.21874,1597.24,0
332.621,549.866,-199.231,510.684,0.270175,1653.13,0
333.982,512.484,-177.773,527.39,0.176611,1534.47,0
335.346,562.465,-182.211,598.136,0.301191,1677.27,0
336.709,577.023,-179.674,531.121,0.337239,1713.72,0
338.063,668.381,-150.223,522.373,0.563858,1977.09,0
339.42,659.098,-188.376,565.658,0.5381,1941.84,0
340.776,683.213,-192.331,513.225,0.595236,2004.88,0
342.115,683.774,-267.313,559.286,0.593829,1998.67,0
343.479,742.276,-325.166,539.669,0.735914,2161.05,0
344.841,725.909,-336.909,554.168,0.690764,2105.05,0
346.19,695.166,-326.335,594.574,0.610714,2008.05,0
347.553,702.645,-335.279,609.988,0.62566,2021.69,0
348.904,705.676,-380.947,641.398,0.629577,2022.55,0
350.258,639.3,-374.183,699.482,0.461834,1825.23,0
351.602,701.969,-353.853,676.025,0.615778,1996.49,0
352.954,717.5,-377.785,695.722,0.651519,2032.84,0
354.301,741.527,-413.77,605.327,0.706973,2092.93,0
355.66,768.819,-384.256,584.522,0.768562,2161.67,0
357.017,737.089,-422.013,577.652,0.685004,2064.57,0
358.374,708.967,-428.369,596.516,0.61148,1978.29,0
359.729,719.885,-427.278,601.973,0.63595,2001.19,0
361.073,771.426,-456.97,595.77,0.759862,2136.49,0
362.431,810.141,-463.387,534.853,0.851009,2235.3,0
363.799,803.59,-511.585,599.287,0.825759,2208.89,0
365.141,755.93,-581.142,571.981,0.700566,2070.24,0
366.496,792.131,-621.774,542.986,0.78623,2161.37,0
367.85,727.56,-575.636,510.529,0.620333,1977.87,0
369.196,715.947,-585.389,570.368,0.588795,1939.2,0
370.551,722.054,-575.248,551.94,0.600798,1948.59,0
371.891,716.878,-623.681,609.107,0.584672,1927.66,0
373.244,605.65,-720.044,613.565,0.306137,1622.67,0
374.588,658.359,-745.87,544.161,0.437415,1757.55,0
375.938,716.188,-711.322,578.527,0.579973,1905.07,0
377.287,711.329,-665.641,560.152,0.565617,1885.38,0
378.644,739.528,-730.692,530.927,0.633294,1953.1,0
379.982,793.125,-660.353,598.09,0.763317,2087.27,0
381.338,777.643,-647.478,660.457,0.719029,2039.25,0
382.691,731.106,-606.304,748.223,0.598685,1910.43,0
384.036,749.683,-568.884,792.176,0.642497,1952.12,0
385.391,753.925,-575.118,799.154,0.650335,1956.26,0
386.729,755.519,-639.539,788.584,0.650249,1953.61,0
388.1,749.533,-670.342,795.964,0.631428,1931.29,0
389.464,699.008,-675.92,768.208,0.502946,1794.79,0
390.82,713.895,-690.098,753.526,0.538694,1826.66,0
392.17,725.546,-650,734.131,0.565636,1850.08,0
393.524,715.127,-574.007,741.551,0.537731,1817.24,0
394.886,677.223,-631.047,753.535,0.4413,1714.98,0
396.255,760.027,-664.426,754.205,0.645938,1918.02,0
397.608,726.069,-660.479,802.032,0.557777,1826.09,0
398.962,705.084,-664.64,815.462,0.502813,1767.3,0
400.322,586.09,-596.186,959.624,0.205305,1464.05,0
401.68,629.227,-673.152,892.115,0.312798,1566.49,0
403.034,642.255,-655.448,854.767,0.344904,1593.55,0
404.383,657.104,-654.521,892.886,0.381214,1624.95,0
405.738,673.323,-656.312,946.507,0.420809,1659.5,0
407.088,586.887,-677.541,1043.93,0.204749,1441.67,0
408.432,554.687,-654.688,1134.09,0.124144,1358.09,0
409.788,598.335,-707.529,1185.53,0.232988,1460.11,0
411.143,697.351,-745.675,1204.49,0.479572,1696.13,0
412.488,677.616,-791.514,1333.8,0.429241,1642.75,0
413.842,626.152,-754.637,1247.29,0.300291,1513.02,0
415.185,566.339,-738.003,1230.58,0.150805,1364.06,0
416.533,613.092,-653.001,1234.78,0.267297,1471.89,0
417.872,611.31,-574.626,1249.1,0.262699,1462.91,0
419.23,615.54,-646.774,1151.16,0.273004,1468.26,0
420.576,565.951,-624.15,1228.93,0.148994,1345.66,0
421.917,628.697,-545.85,1190.1,0.3055,1490.09,0
423.258,649.607,-574.05,1200.96,0.357061,1534.78,0
424.61,630.091,-657.64,1291.26,0.308102,1483.93,0
425.952,596.569,-659.868,1298.71,0.2239,1400.55,0
427.302,519.485,-620.05,1354.39,0.0312773,1215.73,0
428.656,516.968,-628.566,1358.84,0.0249259,1206.02,0
430.018,520.258,-631.337,1361.62,0.0329931,1209.85,0
431.378,508.453,-636.682,1370.62,0.00348593,1178.67,0
432.718,512.922,-622.261,1375.72,0.0145922,1185.35,0
434.073,512.044,-609.527,1371.23,0.0123663,1179.63,0
435.425,529.407,-623.823,1363.42,0.0555483,1215.84,0
436.791,519.552,-608.245,1361.78,0.0307914,1189.47,0
438.151,511.645,-604.174,1347.55,0.01094,1167.74,0
439.526,518.987,-604.332,1344.1,0.0292188,1180.79,0
440.881,519.336,-586.04,1345.32,0.0299667,1177.95,0
442.237,512.499,-594.639,1338.01,0.0128019,1158.88,0
443.589,519.982,-587.624,1336.75,0.0313623,1172.22,0
444.927,535.924,-587.823,1347.78,0.0710474,1204.52,0
446.283,567.077,-488.246,1305.65,0.148722,1270.67,0
447.633,593.675,-390.706,1340.4,0.215,1326.26,0
448.988,621.035,-260.184,1316.72,0.283058,1383.19,0
450.344,599.19,-338.199,1296.38,0.228342,1330.52,0
451.686,620.382,-299.838,1345.3,0.281054,1373.48,0
453.049,622.823,-386.64,1376.06,0.286985,1374.74,0
454.403,605.507,-377.531,1327.36,0.243543,1332.53,0
455.769,695.217,-356.486,1367.68,0.466728,1525.37,0
457.123,672.686,-270.246,1329.02,0.409265,1471.56,0
458.49,647.033,-266.828,1289.44,0.34456,1411.23,0
459.842,717.755,-276.199,1245.37,0.520632,1560.87,0
461.178,744.719,-271.796,1230.72,0.585451,1614.82,0
462.552,724.793,-287.379,1213.7,0.533586,1566.94,0
463.911,753.811,-286.72,1177.59,0.603834,1624.9,0
465.258,704.719,-266.621,1142.73,0.478285,1514.68,0
466.615,649.979,-237.913,1077.29,0.340279,1392.97,0
467.953,651.985,-276.272,1064.55,0.344946,1393.27,0
469.313,672.413,-287.774,1111.67,0.395559,1432.76,0
470.659,593.566,-314.218,1144.71,0.198573,1261.14,0
471.992,565.506,-326.828,1118.99,0.128383,1198.13,0
473.348,540.192,-339.137,1136.28,0.0650119,1141.22,0
474.711,553.79,-325.909,1158.45,0.0987486,1166.58,0
476.066,624.593,-277.497,1138,0.275402,1311.99,0
477.425,580.177,-328.613,1180.19,0.164324,1215.22,0
478.78,553.141,-288.761,1176.97,0.0966246,1155.31,0
480.141,575.472,-354.492,1166.32,0.152224,1198.55,0
481.502,650.057,-386.165,1194.1,0.338319,1350.06,0
482.837,650.082,-550.092,1289.5,0.338178,1346.38,0
484.183,660.705,-469.724,1330,0.363932,1364.58,0
485.53,715.985,-449.372,1337.5,0.500523,1474.65,0
486.886,785.569,-446.416,1384.36,0.67167,1613.45,0
488.239,807.815,-442.714,1349.11,0.722821,1654.55,0
489.584,873.402,-409.54,1422.08,0.879105,1783.97,0
490.929,858.519,-453.782,1401.73,0.832312,1748.77,0
492.284,851.7,-482.131,1351.61,0.809172,1730.1,0
493.627,823.861,-505.761,1353.7,0.734376,1669,0
494.98,791.431,-550.276,1317.75,0.648972,1598.92,0
496.32,809.417,-537.63,1291.14,0.689812,1630.83,0
497.676,838.783,-601.19,1310.49,0.757257,1685.4,0
499.034,852.219,-579.384,1301.47,0.785577,1707.74,0
500.39,821.421,-531.286,1298.82,0.703996,1641.56,0
501.745,833.684,-483.655,1185.95,0.729425,1661.57,0
503.099,785.462,-433.088,1158.69,0.605177,1561.25,0
504.448,733.624,-527.473,1085.98,0.473887,1454.31,0
505.799,704.917,-558.922,1074.95,0.40133,1393.67,0
507.143,758.163,-534.756,1058.81,0.532977,1494.97,0
508.497,773.508,-540.889,1034.2,0.569285,1521.16,0
509.857,780.878,-528.25,979.387,0.585418,1531.56,0
511.217,780.223,-581.032,1002.25,0.580888,1526.21,0
512.582,800.306,-579.18,968.962,0.627458,1561.32,0
513.944,781.218,-525.983,916.97,0.576378,1520.04,0
515.302,840.404,-531.368,928.008,0.720814,1630.9,0
516.652,792.871,-565.925,900.627,0.596999,1534.63,0
518.014,870.876,-551.61,919.145,0.787655,1681.18,0
519.362,914.18,-576.423,887.79,0.888113,1760.2,0
520.717,941.397,-558.42,833.047,0.945432,1807.89,0
522.069,961.533,-567.125,836.95,0.98498,1841.77,0
523.421,940.622,-497.938,835.471,0.920363,1797.07,0
524.766,1007.7,-545.636,839.202,1.07478,1920.28,0
526.104,1028.82,-545.963,835.306,1.11109,1955.54,0
527.462,1052.78,-522.959,846.733,1.15216,1995.94,0
528.815,1133.8,-503.284,853.784,1.32992,2144.04,0
530.172,1130.77,-542.24,856.004,1.29842,2132.83,0
531.535,1114.81,-557.253,842.558,1.23356,2097.35,0
532.894,1120.87,-570.781,826.807,1.22927,2103.37,0
534.243,1078.59,-555.045,857.066,1.10488,2018.92,0
535.604,1085.18,-610.008,833.24,1.10472,2026.08,0
536.956,1057.04,-617.806,839.872,1.02061,1968.58,0
538.323,1022.38,-594.403,861.936,0.923032,1899.19,0
539.679,1003.08,-555.845,862.56,0.865155,1858.66,0
541.036,1020.25,-525.777,853.755,0.898904,1885.74,0
542.394,1052.72,-512.116,853.238,0.968723,1940.87,0
543.744,1002.82,-507.758,851.341,0.831706,1844.3,0
545.095,1046.63,-505.606,905.992,0.932256,1920.08,0
546.454,1041.5,-507.645,907.244,0.90866,1905.94,0
547.795,1031.99,-512.622,934.021,0.874022,1883.89,0
549.136,972.041,-509.197,927.259,0.71621,1770.13,0
550.487,979.947,-484.246,957.202,0.730216,1780.15,0
551.83,1001.46,-467.264,897.361,0.775299,1814.79,0
553.173,1009.05,-410.091,980.821,0.788524,1824.12,0
554.519,1041.35,-377.944,1006.17,0.862547,1877.94,0
555.877,1030.46,-380.292,1061.63,0.827544,1853.76,0
557.236,994.093,-380.287,1059.51,0.731006,1783.97,0
558.586,1015.44,-397.515,1090.35,0.779238,1817.87,0
559.935,1055.39,-378.85,1112.79,0.871393,1884.84,0
561.305,971.309,-341.122,1154.09,0.655691,1730.45,0
562.642,914.804,-351.238,1190.43,0.51261,1625.91,0
563.985,902.97,-271.298,1191.62,0.481776,1601.05,0
565.337,844.268,-261.147,1125.02,0.334296,1493.39,0
566.701,814.782,-320.897,1111.75,0.260296,1437.76,0
568.049,795.311,-369.458,1065.93,0.211387,1400.07,0
569.394,780.952,-382.488,975.174,0.175466,1371.55,0
570.732,901.01,-373.321,992.701,0.474813,1578.69,0
572.083,907.22,-407.47,1016.01,0.48853,1585.82,0
573.431,923.964,-404.063,926.414,0.528599,1611.29,0
574.792,957.836,-394.829,921.383,0.611268,1666.4,0
576.139,958.05,-379.35,977.938,0.609097,1662.88,0
577.498,966.087,-377.984,1019.04,0.62609,1672.88,0
578.856,960.499,-388.266,1039.81,0.608221,1659.3,0
580.207,1019.99,-421.044,1035.32,0.752407,1757.98,0
581.537,1007.99,-424.931,1014.75,0.716629,1733.33,0
582.886,967.811,-475.268,975.617,0.61219,1660.38,0
584.236,904.388,-521.472,973.884,0.451449,1547.98,0
585.605,894.197,-532.646,1035.95,0.425091,1526.96,0
586.968,958.333,-559.248,1016.1,0.583469,1632.68,0
588.323,923.215,-582.943,996.296,0.494024,1569.23,0
589.668,840.365,-531.292,944.24,0.286754,1425.15,0
591.029,983.254,-576.681,868.111,0.641236,1663.63,0
592.384,1016.25,-556.659,900.012,0.720245,1715.53,0
593.729,986.537,-593.34,876.697,0.64142,1661.6,0
595.079,1039.11,-545.26,900.396,0.767313,1746.16,0
596.418,1027.63,-562.693,939.877,0.733555,1723.01,0
597.763,1088.94,-520.236,931.275,0.878351,1821.69,0
599.128,1049.34,-552.514,922.012,0.771876,1751.44,0
600.478,1073.74,-559.941,909.905,0.82674,1788.13,0
601.828,1084.8,-561.553,895.101,0.847595,1802.5,0
603.173,1097.75,-579.006,893.257,0.872139,1819.95,0
604.517,1192.27,-609.064,869.344,1.09462,1972.27,0
605.87,1178.89,-597.092,847.547,1.04598,1945.78,0
607.222,1207.65,-645.328,884.413,1.10285,1988.82,0
608.572,1265.58,-623.68,889.328,1.22566,2079.58,0
609.927,1248.15,-653.856,888.276,1.16092,2046.39,0
611.281,1205.64,-654.501,807.205,1.03869,1972.32,0
612.637,1236.28,-676.158,796.643,1.10232,2017.97,0
613.982,1240.7,-628.57,817.974,1.09641,2020.75,0
615.322,1239.43,-693.613,846.063,1.07752,2014.28,0
616.668,1209.36,-661.77,828.388,0.988436,1961.12,0
618.028,1266.52,-670.906,778.431,1.11892,2049.29,0
619.376,1264.51,-690.669,755.183,1.09848,2041.59,0
620.738,1246.67,-727.901,767.403,1.03896,2008.36,0
622.082,1251.5,-723.453,743.575,1.03522,2011.8,0
623.426,1268.94,-706.956,731.482,1.06337,2035.43,0
624.776,1262.25,-725.349,714.781,1.03241,2020.33,0
626.129,1274.07,-748.441,764.945,1.04766,2034.84,0
627.469,1273.45,-739.822,719.579,1.03277,2029.5,0
628.813,1275.59,-739.379,655.549,1.02258,2028.58,0
630.163,1280.94,-725.467,651.897,1.02429,2032.72,0
631.52,1303.3,-705.669,623.9,1.0666,2063.75,0
632.871,1265.76,-731.071,598.414,0.957546,2000.03,0
634.22,1278.1,-717.76,648.921,0.976452,2015.23,0
635.557,1298.87,-731.048,625.942,1.01617,2043.67,0
636.918,1263.31,-712.822,588.078,0.916308,1983.47,0
638.258,1263.61,-748.144,597.456,0.905426,1979.78,0
639.61,1261.5,-742.373,576.561,0.88831,1972.3,0
640.96,1245.18,-767.571,577.131,0.840759,1942.68,0
642.317,1258.53,-728.298,632.61,0.865029,1959.36,0
643.674,1272.98,-761.442,640.699,0.891932,1977.68,0
645.022,1288.52,-788.057,681.495,0.919923,1997.64,0
646.377,1323.23,-799.959,729.513,0.996298,2047.15,0
647.73,1384.25,-781.381,766.425,1.13334,2137.08,0
649.069,1340.56,-812.239,779.413,1.0079,2065.36,0
650.428,1408.9,-810.927,770.21,1.16116,2166.11,0
651.774,1380.36,-847.77,791.655,1.07482,2117.85,0
653.13,1393.28,-851.497,803.531,1.09054,2133.24,0
654.499,1397.17,-869.855,766.452,1.08486,2134.71,0
655.847,1398.03,-833.133,771.414,1.07247,2131.65,0
657.193,1362.33,-866.157,744.593,0.969557,2072.95,0
658.563,1376.7,-813.418,739.642,0.994204,2090.46,0
659.894,1321.18,-819.459,714.947,0.843992,2002.11,0
661.243,1346.16,-849.015,737.462,0.8976,2035.81,0
662.598,1314.17,-808.455,739.545,0.809466,1983.37,0
663.95,1334.38,-773.141,726.404,0.850942,2009.77,0
665.305,1313.05,-751.57,698.657,0.790223,1973.6,0
666.654,1330.82,-797.131,685.7,0.827212,1996.27,0
668.031,1340.57,-783.444,698.139,0.8454,2006.75,0
669.392,1350.78,-796.827,646.59,0.860803,2017.92,0
670.74,1373.37,-803.895,590.661,0.909977,2047.55,0
672.082,1325.83,-823.437,633.744,0.782854,1972.72,0
673.442,1336.48,-838.308,689.543,0.802331,1984.55,0
674.803,1382.41,-810.959,691.717,0.908847,2048.62,0
676.157,1373.11,-844.573,694.761,0.876322,2030.76,0
677.506,1386.98,-852.043,698.845,0.901491,2047.18,0
678.869,1376.63,-866.084,723.243,0.867243,2027.83,0
680.23,1415.47,-842.206,733.315,0.954096,2080.86,0
681.583,1370.11,-873.215,724.854,0.829625,2010.18,0
682.95,1365.42,-886.584,709.192,0.810288,1999.29,0
684.309,1377.4,-890.732,718.535,0.832228,2012.83,0
685.663,1349.42,-818.182,731.854,0.756228,1968.05,0
687.015,1348.9,-793.281,738.938,0.7499,1963.43,0
688.375,1346.29,-783.486,750.933,0.737257,1955.75,0
689.733,1341.9,-808.52,768.016,0.721159,1945.54,0
691.093,1416.86,-823.232,765.803,0.901001,2050.17,0
692.442,1434.95,-820.499,785.076,0.936124,2072.31,0
693.795,1448.26,-801.761,789.812,0.955672,2087.45,0
695.143,1444.79,-781.889,764.545,0.936011,2078.4,0
696.491,1445.08,-811.863,707.903,0.926082,2074.8,0
697.83,1505.57,-797.55,714.129,1.06274,2157.5,0
699.173,1430.13,-768.802,664.021,0.86263,2045.45,0
700.535,1394.88,-790.411,630.351,0.766227,1991.17,0
701.889,1328.86,-782.809,587.891,0.596592,1893.26,0
703.242,1340.69,-701.62,575.367,0.623281,1906.45,0
704.575,1345.01,-655.779,605.292,0.631247,1908.96,0
705.922,1383.19,-619.188,609.687,0.723527,1959.4,0
707.266,1402.27,-608.049,657.455,0.765975,1982.67,0
708.619,1340.21,-588.952,643.24,0.606271,1891.3,0
709.963,1314.31,-616.841,697.757,0.539233,1851.24,0
711.323,1352.39,-554.379,729.425,0.631289,1901.23,0
712.675,1318.76,-596.137,703.38,0.545158,1850.43,0
714.024,1314.54,-571.169,751.525,0.532882,1841.03,0
715.375,1351.64,-578.822,727.946,0.623298,1889.41,0
716.728,1376.98,-624.627,782.911,0.682372,1921.21,0
718.08,1359.31,-710.093,728.017,0.635023,1892.97,0
719.438,1390.89,-709.303,774.883,0.709414,1933.31,0
720.785,1413.5,-646.247,841.98,0.759583,1961.06,0
722.145,1453.31,-679.783,820.248,0.851638,2012.49,0
723.5,1445.57,-740.89,845.64,0.823884,1998.02,0
724.859,1470.58,-682.794,888.134,0.878622,2028.79,0
726.215,1427.3,-754.215,864.693,0.762742,1965.39,0
727.565,1478.86,-792.818,884.9,0.883673,2032.62,0
728.917,1475.06,-771.453,884.046,0.865089,2023.63,0
730.277,1477.97,-789.539,918.205,0.863205,2023.84,0
731.641,1511.93,-762.424,887.448,0.938626,2066.49,0
733.011,1525.47,-773.841,894.692,0.960879,2081.1,0
734.36,1502.59,-816.834,882.141,0.893847,2046.13,0
735.724,1490.61,-847.251,872.286,0.854106,2026.05,0
737.086,1457.21,-783.925,874.25,0.764952,1976.99,0
738.425,1440.68,-797.829,926.132,0.71857,1951.02,0
739.783,1428.18,-798.375,905.213,0.683051,1930.54,0
741.142,1458.17,-742.421,870.024,0.753387,1967.47,0
742.497,1520.53,-716.034,892.516,0.90178,2047.86,0
743.843,1519.22,-732.168,906.22,0.887571,2042.39,0
745.187,1537.74,-778.36,969.258,0.924236,2063.56,0
746.543,1541.49,-800.301,966.192,0.922782,2064.85,0
747.902,1495.2,-851.345,975.099,0.798505,1999.2,0
749.26,1515.01,-893.624,982.772,0.841515,2022.01,0
750.621,1484.19,-936.889,993.74,0.758381,1977.28,0
751.972,1535.94,-975.481,1024.45,0.880576,2042.55,0
753.31,1518.87,-989.266,998.479,0.828443,2016.25,0
754.673,1592.4,-974.409,972.773,1.00135,2110.05,0
756.024,1580.51,-955.764,958.451,0.958514,2090.56,0
757.386,1619.15,-934.299,1011.47,1.0423,2137.81,0
758.74,1645.74,-928.176,1004.87,1.09226,2169.05,0
760.097,1648.33,-948.905,1018.48,1.08336,2168.58,0
761.456,1683.14,-914.237,1001.52,1.15266,2210.42,0
762.819,1716.92,-927.814,977.656,1.21578,2250.76,0
764.181,1734.24,-946.31,975.871,1.23775,2269.42,0
765.533,1723.55,-972.846,970.127,1.18895,2251.44,0
766.886,1707.58,-951.334,983.604,1.1303,2226.64,0
768.239,1711.5,-926.292,1010.97,1.12192,2227.82,0
769.6,1700.45,-949.749,979.388,1.07649,2209.52,0
770.95,1706.58,-950.023,943.73,1.07354,2213.6,0
772.29,1629.33,-973.7,944.356,0.868822,2109.74,0
773.645,1614.69,-984.187,953.131,0.823561,2087.12,0
774.989,1618.2,-980.896,941.429,0.823615,2088.03,0
776.334,1565.53,-999.335,938.198,0.685854,2016.57,0
777.688,1595.06,-974.377,915.401,0.754158,2051.03,0
779.041,1619.76,-967.974,878.252,0.80944,2079.17,0
780.391,1627.44,-905.782,858.345,0.821517,2085.41,0
781.737,1666.9,-933.721,919.562,0.912983,2132.31,0
783.09,1695.27,-1005.65,905.2,0.972608,2164.85,0
784.447,1701.31,-1013.05,876.226,0.975458,2168.8,0
785.805,1719.66,-1034.42,925.245,1.0065,2188.41,0
787.167,1674.15,-984.985,941.912,0.882731,2126.8,0
788.511,1606.39,-965.013,927.671,0.707072,2037.25,0
789.868,1622.24,-1016.97,960.614,0.741191,2053.81,0
791.223,1609.98,-993.68,993.485,0.705767,2034.8,0
792.595,1611.98,-964.247,996.051,0.706328,2033.8,0
793.944,1563.51,-924.304,992.234,0.581338,1969.3,0
795.29,1565.29,-817.22,1010.87,0.582852,1968.2,0
796.647,1555.1,-805.767,1011.41,0.555064,1952.06,0
798.016,1632.81,-793.697,1001.26,0.745477,2046.08,0
799.354,1636.64,-832.47,997.304,0.74919,2047.46,0
800.704,1666.99,-891.513,987.834,0.818177,2081.9,0
802.046,1632.61,-908.988,1033.98,0.725543,2035.56,0
803.413,1680,-905.858,1051.45,0.83719,2091.07,0
804.769,1615.41,-922.682,1064.33,0.67019,2007.3,0
806.132,1598.82,-899.369,1065.24,0.624915,1983.32,0
807.477,1644.74,-900.027,1059.34,0.735014,2036.89,0
808.821,1629.72,-903.426,1046.48,0.693444,2014.94,0
810.161,1562.25,-847.919,990.605,0.52183,1928.32,0
811.512,1524.92,-915.526,990.582,0.427467,1879.11,0
812.871,1484.39,-863.786,1001.39,0.325666,1826.1,0
814.218,1505.48,-796.698,1027.27,0.378081,1848.99,0
815.577,1546.94,-761.904,944.465,0.480727,1896.74,0
816.931,1551.17,-802.207,922.267,0.489574,1898.77,0
818.275,1593.85,-873.532,917.592,0.593727,1947.81,0
819.624,1625.58,-911.27,912.728,0.668653,1983.33,0
820.958,1559.65,-946.58,882.587,0.501682,1899.79,0
822.318,1488.03,-903.59,841.25,0.321776,1809.55,0
823.669,1480.62,-762.209,832.134,0.303079,1797.6,0
825.022,1487.79,-778.391,827.986,0.320504,1803.33,0
826.367,1432.35,-694.652,805.867,0.181894,1733.31,0
827.712,1503.46,-693.439,884.354,0.359291,1816.4,0
829.07,1481.18,-653.979,888.226,0.30277,1786.55,0
830.426,1477.13,-627.843,985.305,0.29239,1778.76,0
831.771,1547.36,-601.73,860.555,0.466931,1860.32,0
833.11,1489.99,-581.552,912.957,0.323243,1788.47,0
834.458,1397.69,-616.184,1009,0.0926745,1674.97,0
835.791,1412.89,-639.021,1002.8,0.130445,1690.48,0
837.135,1486.8,-611.146,1019.53,0.314879,1776.05,0
838.493,1513.2,-532.745,956.748,0.380036,1804.67,0
839.849,1553.35,-508.538,986.972,0.479388,1849.56,0
841.211,1556.38,-498.078,1030.2,0.486383,1850.17,0
842.563,1526.33,-497.181,950.277,0.409487,1811.53,0
843.896,1564.75,-515.368,1008.98,0.503891,1854.2,0
845.253,1543.68,-483.086,1023.27,0.450261,1826.3,0
846.597,1589.04,-566.363,1004.6,0.561372,1876.97,0
847.957,1560.49,-652.416,963.006,0.488428,1840.3,0
849.296,1578.19,-597.803,990.032,0.531462,1858.24,0
850.659,1586.92,-561.103,927.593,0.55169,1865.52,0
852.015,1600.62,-618.123,934.002,0.583773,1878.63,0
853.379,1584.36,-595.861,956.734,0.540441,1856.57,0
854.745,1500.9,-532.347,1001.68,0.330921,1755.96,0
856.096,1589.76,-512.433,999.212,0.551568,1856.99,0
857.441,1631.66,-501.437,1082.23,0.653095,1902.94,0
858.795,1682.9,-480.581,1120.67,0.774724,1959.61,0
860.132,1683.48,-493.361,1110.87,0.770156,1957.24,0
861.493,1703.83,-511.732,1148.89,0.813119,1977.76,0
862.852,1690.77,-527.538,1223.1,0.772885,1959.51,0
864.211,1655.14,-524.499,1170.76,0.67872,1915.21,0
865.56,1673.89,-595.843,1154.3,0.721658,1933.88,0
866.91,1727,-609.902,1196.44,0.847686,1992.13,0
868.267,1720.27,-665.251,1220.74,0.821622,1981.27,0
869.627,1740.62,-671.143,1269.56,0.865031,2001.57,0
870.992,1769.49,-652.58,1222.46,0.927943,2031.58,0
872.341,1761.28,-651.574,1236.25,0.896833,2019.03,0
873.701,1748.62,-668.637,1236.1,0.856335,2001.4,0
875.044,1790.51,-661.167,1222.37,0.950229,2046.2,0
876.4,1802.57,-649.358,1252.42,0.968108,2056.79,0
877.729,1783.14,-566.866,1281.04,0.909336,2031.54,0
879.089,1772.54,-569.256,1243.98,0.872228,2016.34,0
880.439,1750.46,-581.586,1197.77,0.809814,1988.17,0
881.782,1802.66,-601.416,1222.15,0.931377,2044.34,0
883.141,1820.11,-596.821,1267.84,0.962312,2060.95,0
884.497,1730.58,-566.112,1303.66,0.731699,1956.57,0
885.853,1794.17,-594.935,1285.6,0.883839,2025.36,0
887.203,1780.65,-565.123,1265.79,0.839814,2007.03,0
888.569,1822.3,-569.888,1235.77,0.933701,2050.82,0
889.91,1804.53,-586.495,1202.02,0.879736,2027.77,0
891.247,1767.51,-568.526,1208.21,0.779996,1983.19,0
892.594,1725.59,-587.797,1227.27,0.670091,1933.23,0
893.941,1706.46,-540.999,1227.26,0.619197,1908.92,0
895.299,1638.82,-547.119,1267.42,0.448755,1830.47,0
896.649,1620.89,-631.555,1256.87,0.403174,1807.72,0
897.996,1514.52,-759.221,1220.34,0.137427,1686.56,0
899.347,1552.29,-742.454,1283.9,0.231576,1726.02,0
900.695,1530.28,-803.875,1291.43,0.176531,1699,0
902.059,1510.77,-808.757,1281.26,0.127662,1674.8,0
903.41,1547.32,-803.506,1288.71,0.218814,1712.76,0
904.764,1544.83,-763.525,1380.42,0.212469,1707.44,0
906.129,1531.35,-749.087,1379.94,0.178381,1689.99,0
907.475,1585.86,-756.89,1257.78,0.314249,1747.55,0
908.84,1508.99,-683.182,1199.31,0.122162,1660.35,0
910.197,1600.08,-614.144,1262.21,0.34944,1757.95,0
911.559,1592.97,-639.014,1296.5,0.331312,1747.52,0
912.91,1613.76,-656.29,1352.59,0.383025,1767.71,0
914.265,1579.16,-621.179,1331.85,0.296247,1727.25,0
915.632,1639.85,-560.685,1287.23,0.447337,1790.95,0
916.98,1677.2,-518.678,1216.2,0.539257,1829.04,0
918.344,1748.4,-480.512,1221.02,0.712045,1903.86,0
919.705,1734.26,-451.085,1173.87,0.67255,1885.67,0
921.055,1729.2,-483.014,1188.83,0.655301,1877.41,0
922.414,1746.14,-486.352,1213.95,0.693326,1893.01,0
923.773,1759.68,-477.866,1194.3,0.722839,1904.89,0
925.115,1783.33,-505.624,1175.96,0.775326,1927.69,0
926.464,1721.6,-575.045,1170.4,0.616985,1858.25,0
927.829,1708.51,-593.654,1261.62,0.581633,1841.4,0
929.186,1665.88,-554.371,1215.4,0.473317,1792.84,0
930.542,1589.17,-599.751,1216.78,0.281314,1707.79,0
931.888,1515.37,-642.54,1182.37,0.0969136,1626.13,0
933.251,1507.53,-622.341,1186.51,0.0771713,1615.36,0
934.59,1523.89,-631.264,1235.15,0.117839,1630.54,0
935.938,1509.27,-660.532,1197.74,0.0811879,1612.57,0
937.293,1494.79,-675.92,1186.8,0.0448107,1594.79,0
938.642,1498.27,-703.348,1175.45,0.0533537,1596.21,0
939.985,1559.28,-701.346,1146.84,0.20552,1658.83,0
941.345,1578.8,-650.115,1104.25,0.25405,1677.17,0
942.697,1574.58,-593.881,1077.46,0.243382,1670.29,0
944.047,1610.31,-668.113,1122.26,0.332417,1705.75,0
945.418,1564.14,-695.807,1070.52,0.216551,1654.44,0
946.775,1628.39,-760.918,1032.53,0.37678,1719.93,0
948.141,1665.26,-737.394,1003.68,0.467834,1756.35,0
949.489,1680.1,-766.676,1014.74,0.503963,1769.48,0
950.84,1704.97,-735.086,1012.37,0.563734,1793.12,0
952.19,1569.46,-719.865,959.068,0.224483,1648.27,0
953.539,1624.52,-779.658,937.671,0.361528,1703.68,0
954.895,1561.78,-842.021,995.743,0.204706,1635.55,0
956.243,1506.82,-849.019,1045.37,0.0672712,1575.77,0
957.601,1508.8,-852.08,1052.29,0.0720159,1575.6,0
958.958,1524.31,-902.429,1016.76,0.110609,1589.55,0
960.309,1562.43,-964.095,1001.22,0.205662,1627,0
961.669,1590.2,-1061.68,1066.42,0.274921,1653.58,0
963.029,1626.87,-1032.08,1112.37,0.366032,1689.33,0
964.387,1593.19,-911.932,906.807,0.281734,1652.02,0
965.742,1649.38,-906.812,983.072,0.421354,1707.89,0
967.096,1548.56,-805.536,944.659,0.169379,1601.25,0
968.447,1513.13,-804.225,874.418,0.0807855,1562.43,0
969.8,1518.4,-773.001,892.793,0.0937352,1565.69,0
971.163,1505.89,-778.499,862.801,0.0623026,1550.61,0
972.506,1494.54,-782.962,862.721,0.0337446,1536.79,0
973.852,1488.92,-779.989,867.759,0.0196202,1528.9,0
975.208,1491.29,-784.191,861.56,0.0254682,1529.21,0
976.558,1500.12,-804.447,874.485,0.0473859,1536.12,0
977.922,1522.64,-807.605,864.177,0.103456,1557.02,0
979.283,1580.37,-779.527,887.776,0.247396,1613.8,0
980.625,1584.62,-803.424,938.416,0.257867,1615.93,0
981.969,1594.7,-816.777,868.295,0.282828,1623.98,0
983.324,1645.55,-855.782,865.663,0.408955,1673.46,0
984.677,1621.23,-834.971,832.729,0.347656,1646.45,0
986.029,1545.03,-859.174,768.407,0.157314,1566.92,0
987.381,1586.92,-806.63,723.743,0.261752,1607.21,0
988.735,1659.35,-778.363,777.51,0.441967,1678.26,0
990.081,1605.55,-735.578,785.807,0.306641,1621.64,0
991.439,1647.02,-768.984,834.105,0.409304,1661.24,0
992.786,1638.01,-694.998,762.119,0.385831,1649.92,0
994.147,1528.33,-740.273,744.798,0.111765,1537.33,0
995.494,1566.6,-734.132,766.053,0.207178,1573.69,0
996.843,1561.83,-810.809,652.577,0.195114,1566.77,0
998.204,1599.83,-835.206,687.752,0.289862,1602.71,0
999.561,1633.97,-832.734,701.357,0.374509,1634.69,0
1000,1632.77,-808.714,705.732,0.371323,1632.77,0
