1.35945,3640.56,-50.2713,70.7327,4.18951,-6944.91,0
2.71588,3645.7,-87.0796,32.4717,0.344256,-1584.17,0
4.08093,3633.62,-54.891,31.0642,7.18412,-4013.61,0
5.44607,3621.88,3.645,31.383,1.93254,-5163.69,0
6.81222,3612.32,62.8104,33.7018,2.78849,-5531.94,0
8.1908,3610.02,26.5276,65.5172,1.97009,-4881.08,0
9.55198,3573.26,34.4945,86.2531,3.88233,-8033.78,0
10.912,3562.15,43.7236,118.697,1.19953,-8050.5,0
12.2852,3543.35,39.4029,71.5961,10.8887,-8680.99,0
13.6446,3519.09,32.3314,14.6456,2.74258,-9594.22,0
14.1399,3499.5,-0.00254582,-0.0442215,5.84562,-10643.4,9
