1.36967,3637.9,-26.5926,-70.7857,4.03031,-8834.9,0
2.72384,3639.15,-23.193,-74.0721,3.20573,-3985.07,0
4.09688,3644.63,-3.58838,-31.5518,2.90718,-1309.57,0
5.46705,3598.98,-14.4682,-73.212,7.82898,-9332.84,0
6.83599,3601.18,-46.1119,-104.44,0.176309,-7141.8,0
8.18914,3584.37,-87.1283,-116.585,2.5443,-8013.79,0
9.5678,3537.71,-82.5898,-99.8823,5.565,-11736.1,0
10.9282,3547.01,-77.6358,-80.6247,4.32542,-9424.4,0
12.2991,3544.01,-64.6747,-87.2365,6.75701,-8617.96,0
13.6684,3530.6,-49.3224,-83.7846,5.75662,-8735.44,0
15.0356,3514.14,-42.0962,-94.8647,2.13817,-9036.13,0
16.3962,3500.55,3.29298,-125.042,0.0640445,-9114.61,0
17.772,3476.33,12.3408,-114.694,8.61395,-9772.24,0
18.7955,3449.99,4.87509,-105.828,6.94471,-10641.4,0
