1.37299,3641.95,-47.1579,1.97089,3.00324,-5862.28,0
2.744,3611.4,-33.6265,20.597,4.55517,-14065.5,0
4.11146,3592.36,-26.2682,50.7893,11.7324,-14019.5,0
5.47578,3569.08,-24.385,74.7646,8.24639,-14777.5,0
6.83817,3575.87,-37.2403,64.4126,3.1263,-10840.4,0
8.18847,3574.78,-7.12409,55.0588,5.59326,-9185.64,0
9.55441,3536.83,-9.05554,65.4415,3.62291,-11845.3,0
10.9332,3508.94,7.00758,68.0267,11.6785,-12902.2,0
12.2907,3473.87,-7.91342,49.4674,13.8634,-14330.5,0
12.6095,3449.74,-3.18503,53.7571,4.14991,-15882,0
