1.36468,3625.5,34.574,11.7926,9.80842,-17954.9,0
2.74652,3637.26,30.6227,11.0994,2.74299,-4638.87,0
4.11512,3620.14,15.5177,-0.847722,9.67331,-7257.21,0
5.47343,3600.87,25.4558,-19.9859,6.82047,-8976.49,0
6.82874,3582.47,21.9481,-18.6847,5.56097,-9889.2,0
8.19348,3578.35,1.73291,-54.9363,2.66054,-8744.9,0
9.55976,3553.92,40.5171,-54.8561,1.97773,-10050.7,0
10.9202,3520.05,40.687,-62.1658,10.9363,-11900.2,0
12.2946,3482.56,38.9861,-62.8961,3.88118,-13619,0
13.6631,3470.53,39.2824,-12.7082,1.87035,-13135.3,0
13.9236,3463.23,6.99326,-2.11143,11.0392,-13414,0
