1.37871,3638.96,32.0389,-50.5718,0.0532554,-8009.9,0
2.75074,3575.54,24.5594,-44.6577,0.35471,-27069.4,0
4.12127,3629.24,23.6146,13.3882,0.107521,-5038.3,0
5.48551,3588.47,85.2885,-30.9209,0.23337,-11217.5,0
6.85448,3611.65,0.195542,-123.447,0.0965565,-5594.83,0
8.21467,3600.88,-71.7682,-50.049,0.187994,-5979.17,0
9.58756,3560.71,-77.9947,-0.909447,0.394759,-9313.2,0
10.9397,3595.43,-80.672,16.9391,0.214537,-4988.08,0
12.3093,3567.38,-13.0131,92.2264,0.327845,-6711.64,0
13.6852,3545.67,7.98562,97.7941,0.421719,-7623.7,0
15.0613,3509.77,-25.2311,60.6936,0.753209,-9310.54,0
16.4291,3471.74,-74.1499,18.3394,0.956157,-10850.3,0
16.8568,3449.93,-69.3225,-7.54383,1.15987,-11868.8,0
