1.37644,3646.99,8.85662,46.5598,0.0134553,-2186.12,0
2.74071,3647.53,11.1796,48.5259,0.0103032,-899.748,0
4.11284,3648.43,7.0087,50.8999,0.00618098,-381.747,0
5.48744,3647.8,10.8423,54.2094,0.00665757,-401.205,0
6.84924,3644.01,7.78622,66.9612,0.0140172,-874.55,0
8.20592,3631.69,17.1895,73.116,0.0553706,-2231.06,0
9.57101,3610.09,64.9147,94.2682,0.0976352,-4169.47,0
10.9434,3589.4,136.933,62.5857,0.133879,-5537.97,0
12.3124,3492.12,203.84,49.6365,0.492969,-12822.5,0
13.6835,3484.25,142.845,5.29753,0.848124,-12112.8,0
15.0568,3481.82,216.043,41.5036,0.489051,-11169.6,0
16.4305,3483.88,148.544,68.6388,0.649257,-10110.6,0
17.7999,3517.13,159.391,65.9581,0.437438,-7464.92,0
19.1529,3520.53,88.3457,58.0283,0.622338,-6759.77,0
20.5237,3504.91,91.3434,13.2782,0.75444,-7069.23,0
21.8824,3532.16,-4.11739,-4.88834,0.858498,-5384.97,0
23.2446,3557.51,-3.88883,38.8363,0.559507,-3979.11,0
24.6026,3533.13,61.6113,9.09501,0.670391,-4750.44,0
25.9582,3568.78,76.4562,-49.8741,0.389994,-3128.89,0
27.3202,3623.59,-37.6524,-131.605,0.0997494,-966.795,0
28.6848,3595.17,81.1937,-146.494,0.124479,-1911.62,0
30.0477,3617.91,51.114,-168.964,0.0395223,-1068.1,0
31.4145,3615.88,61.862,-173.207,0.0397638,-1086.13,0
32.786,3599.11,60.2584,-187.21,0.0927371,-1552.27,0
34.1523,3599.32,33.4202,-193.779,0.100236,-1483.83,0
35.52,3571.16,-49.4708,-102.889,0.355755,-2219.52,0
36.8904,3506.94,-13.8845,-135.183,0.656097,-3878.07,0
38.2618,3502.19,-44.9973,-154.129,0.583053,-3863.18,0
39.6282,3485.19,0.0835805,-264.238,0.245225,-4158.94,0
40.8569,3449.9,18.1611,-197.173,0.729291,-4897.56,0
