1.36184,3643.8,21.333,-20.3242,0.0224219,-4555.99,0
2.71893,3644.04,11.2195,-20.9962,0.0228886,-2190.61,0
4.0747,3641.39,13.5303,-24.456,0.0322274,-2113.35,0
5.42129,3634.26,25.2735,-25.2423,0.0582666,-2904.21,0
6.77922,3555.81,60.951,19.0841,0.423084,-13894.2,0
8.15259,3503.84,41.4228,21.1191,0.902312,-17927.5,0
9.51556,3480.99,35.4358,14.5702,1.22366,-17761.1,0
10.8781,3469.79,56.3438,-7.87958,1.09849,-16566.4,0
12.2388,3488.34,88.7458,-63.7928,0.619882,-13208.9,0
12.6425,3449.94,110.88,-61.8434,0.734541,-15824.3,0
