1.36353,3642.03,-23.6999,1.5937,0.0314241,-5845.25,0
2.72442,3629.46,-8.0744,8.10625,0.0856521,-7537.67,0
4.08766,3609.58,-66.4015,35.3554,0.135327,-9889.2,0
5.44761,3514.12,-83.8495,52.1118,0.571983,-24943.5,0
6.80917,3604.04,-58.1879,-22.817,0.173862,-6750.4,0
8.17341,3560.21,-78.9998,118.937,0.255516,-10985.7,0
9.54063,3519.3,-102.633,61.4852,0.50987,-13699.1,0
10.9058,3521.51,-99.9928,-0.31583,0.565317,-11782.3,0
12.2661,3479.51,-76.1805,-20.045,0.91886,-13899.2,0
13.6434,3456.38,-59.6552,-5.64691,1.23587,-14191.3,0
14.5458,3449.99,-42.4966,-0.136188,1.50846,-13750.4,0
