1.36083,3642.69,75.7759,-18.2023,0.0274776,-5373.57,0
2.71845,3611.75,20.2977,-14.7365,0.186615,-14069.5,0
4.09865,3602.62,-0.568096,-59.4534,0.206107,-11560.1,0
5.46133,3573.46,-31.2412,-157.446,0.179244,-14014.3,0
6.82981,3593.21,7.40287,-39.6357,0.270521,-8315.26,0
8.20759,3580.72,80.0173,-30.5836,0.277275,-8441.43,0
9.56562,3581.31,-49.5655,-50.3157,0.296647,-7181.12,0
10.9336,3508.98,-58.6154,-45.1105,0.722027,-12898.1,0
12.3007,3508.43,-58.6608,-16.0839,0.788458,-11509.3,0
13.6713,3455.81,-82.4288,1.7307,1.01517,-14204.1,0
13.8489,3449.92,-87.3009,2.8966,1.01337,-14447.1,0
