1.37726,3643.84,11.7416,17.1555,0.0236222,-4473,0
2.74464,3622.08,16.0208,33.8821,0.108233,-10170.9,0
4.10071,3612.75,-36.2708,50.0993,0.132516,-9083.6,0
5.44789,3554.3,12.2503,126.471,0.302619,-17567.2,0
6.79672,3538.84,31.1278,117.713,0.417498,-16355.3,0
8.15997,3575.55,73.6305,76.1462,0.261405,-9124.24,0
9.51701,3563.38,71.0042,20.5026,0.37787,-9101.71,0
10.8789,3570.31,102.329,17.3559,0.292558,-7325.3,0
12.2415,3604.82,95.6806,22.6579,0.145729,-3691.11,0
13.6033,3608.55,105.703,17.5494,0.120296,-3047.32,0
14.9814,3634.15,79.9428,33.4646,0.0437036,-1057.8,0
16.3404,3526.74,121.417,26.9641,0.469125,-7543.19,0
17.7092,3552.53,104.289,-48.5484,0.362807,-5503.87,0
19.0804,3509.41,126.198,-22.2524,0.512968,-7368.05,0
20.4559,3514.26,134.45,-151.709,0.241572,-6635.91,0
21.828,3491.08,190.836,-97.6364,0.367019,-7280.34,0
23.169,3502.82,236.64,-116.484,0.0456814,-6352.5,0
23.6866,3449.96,234.763,-96.5762,0.392202,-8445.15,0
