1.36574,3634.22,-0.106514,-35.5922,0.0602673,-11550.8,0
2.72574,3619.52,-17.2719,-44.9214,0.115751,-11182.9,0
4.09023,3603.2,-2.94961,-89.5161,0.147934,-11441.6,0
5.45623,3587.72,17.9382,15.2927,0.287689,-11414.2,0
6.83638,3623.29,2.53975,14.8281,0.112581,-3907.65,0
8.21493,3536.79,-71.3491,2.90881,0.52401,-13780.6,0
9.57247,3512.04,-24.1428,5.73939,0.97085,-14412.3,0
10.9452,3526.29,-36.2727,-15.2943,0.703421,-11302.5,0
12.3109,3477.35,-61.7882,-105.234,0.816637,-14023.9,0
13.6753,3491.68,-60.8263,-138.129,0.604212,-11576.9,0
15.0373,3497.35,-99.1966,-106.93,0.594868,-10151.4,0
15.5334,3449.93,-105.472,-95.2843,0.874745,-12879.7,0
