1.36301,3640.39,-4.28718,-37.1842,0.0370503,-7049.42,0
2.7312,3637.93,8.53206,-10.5346,0.0532898,-4419.15,0
4.11568,3571.97,3.4811,-19.8203,0.388696,-18959.2,0
5.46544,3576.73,23.6637,-23.3569,0.346856,-13406.2,0
6.82707,3620.22,-79.4609,-34.7721,0.0835723,-4361.8,0
8.19327,3634.06,-81.3415,-47.4309,0.0245358,-1945.18,0
9.55711,3622.83,-71.7069,-33.5946,0.079837,-2843.11,0
10.9274,3563.43,-128.413,-29.783,0.26375,-7922.17,0
12.3049,3502.2,-139.679,-13.0512,0.618058,-12011.1,0
13.6626,3481.53,-153.087,-43.9444,0.644182,-12331.1,0
15.0294,3522.15,-249.322,-65.399,0.160974,-8506.81,0
16.396,3481.67,-238.615,-55.6434,0.431087,-10266.8,0
16.7756,3449.98,-276.575,-82.9516,0.369335,-11923.2,0
