1.36701,3643.76,0.249126,4.49415,0.0243654,-4565.25,0
2.74136,3629.28,1.23654,21.5865,0.0814199,-7558.49,0
4.09809,3602.6,-12.159,87.1351,0.148291,-11566.5,0
5.47335,3580.49,-21.6535,57.2719,0.287887,-12699.7,0
6.84267,3616.23,-104.563,50.0143,0.0637975,-4934.6,0
8.21222,3617.16,-111.271,50.648,0.0538954,-3998.55,0
9.58467,3614.02,-97.5498,75.8807,0.0593552,-3753.52,0
10.948,3601.21,-67.4,54.5035,0.154755,-4456.61,0
12.3092,3543.16,-25.5884,88.6299,0.426987,-8679.41,0
13.6659,3534.04,-21.8864,13.8402,0.684562,-8485.58,0
15.0317,3560.01,14.9822,44.8506,0.418753,-5986.37,0
16.3986,3616.45,53.2504,16.0013,0.11062,-2045.84,0
17.7537,3553.62,-40.8954,120.227,0.291116,-5428.64,0
19.1241,3522.13,-134.963,1.97455,0.467253,-6686.46,0
20.4949,3523.76,-183.725,42.8409,0.240951,-6159.36,0
21.8667,3488.45,-126.088,16.9724,0.675497,-7387.78,0
23.2305,3510.62,-137.133,-47.5612,0.492736,-5999.86,0
24.599,3503.57,-142.99,-33.6134,0.502027,-5952.84,0
25.9658,3467.77,-165.685,-67.9903,0.622116,-7018.07,0
26.1542,3449.99,-154.379,-59.4355,0.801861,-7647.51,0
