1.36707,3632.05,25.6346,17.3589,0.0677875,-13129.5,0
2.7331,3633.1,43.9181,16.4772,0.0563257,-6184.88,0
4.09527,3563.63,-9.99552,-76.8925,0.349307,-21090.1,0
5.45824,3566.69,12.2309,-84.2397,0.318307,-15263.2,0
6.82988,3569.92,19.5155,-136.72,0.200801,-11725.2,0
8.22058,3502.78,130,-171.936,0.275219,-17908.3,0
9.6023,3464.87,199.025,-104.646,0.479955,-19280,0
10.982,3480.58,185.526,-185.631,0.188405,-15427.3,0
12.3307,3501.64,200.365,-186.874,0.0106349,-12031.7,0
13.7005,3493.36,194.771,-179.768,0.0962389,-11433.1,0
15.0558,3492.72,131.36,-171.191,0.330374,-10446.4,0
16.4217,3474,200.694,-165.122,0.198463,-10717.7,0
17.6813,3449.97,206.256,-132.125,0.426457,-11312.9,0
