1.37266,3646.91,-0.233375,-54.3379,0.0170946,-2254.56,0
2.73994,3621.23,8.88495,-49.8892,0.121709,-10498.7,0
4.104,3534.93,74.2635,-23.8219,0.529559,-28037.3,0
5.46677,3511.11,64.102,-123.981,0.480454,-25405.4,0
6.82587,3512.26,66.046,-67.6217,0.63127,-20179,0
8.19949,3542.35,71.5054,-58.0055,0.468259,-13129.2,0
9.54963,3545.59,42.8041,-25.257,0.550748,-10933.6,0
10.9017,3592.02,121.12,-43.1464,0.170647,-5318.36,0
12.2589,3538.38,220.371,-120.073,0.0701159,-9105.21,0
13.6324,3491.51,113.513,-92.5415,0.718007,-11626,0
14.9947,3527.31,123.959,-116.994,0.437986,-8182.04,0
16.355,3501.03,197.348,-42.8275,0.520429,-9108.78,0
17.7187,3491.94,272.895,-29.3702,0.271719,-8920.46,0
17.9584,3449.99,286.505,-42.0596,0.40393,-11137.4,0
