1.36301,3646.93,-13.2626,-50.3867,0.0145175,-2254.29,0
2.73482,3638.55,-13.8772,-50.7868,0.0462691,-4187.09,0
4.10356,3635.03,-18.8762,-46.5286,0.0612807,-3647.69,0
5.46536,3566.74,-45.212,-25.9994,0.39195,-15234.8,0
6.83502,3578.02,-59.7639,-107.044,0.219732,-10530.7,0
8.19284,3556.51,-82.2327,-92.018,0.312039,-11410.9,0
9.5621,3501.86,-9.45864,-113.851,0.655166,-15492.4,0
10.9222,3549.17,-79.9028,-122.312,0.268702,-9231.25,0
12.285,3571.29,-90.1586,-148.219,0.10964,-6406.81,0
13.6523,3567.79,-137.358,-91.6316,0.187391,-6021.84,0
15.0046,3582.22,-155.413,-112.171,0.0827636,-4517.02,0
16.3686,3516.99,-194.798,-107.24,0.323639,-8125.93,0
17.733,3545.44,-191.921,-167.615,0.0706544,-5896.56,0
19.1094,3560.94,-169.768,-169.392,0.0274974,-4660.34,0
20.4592,3536.42,-217.526,-172.843,0.0442912,-5551.68,0
21.8273,3480.4,-257.669,-112.981,0.327514,-7769.89,0
23.2017,3522.29,-175.874,-236.69,0.0591008,-5504.4,0
24.5741,3496.35,-30.8756,-204.755,0.551778,-6252.54,0
25.9315,3492.49,52.6085,-229.251,0.461834,-6074.16,0
26.9332,3449.99,-10.3159,-170.845,1.0263,-7426.17,0
