0.00647691,3509.91,-4.96967,0.922375,2.9372,-13991.8,0
0.0129639,3509.91,-4.89823,1.02521,2.66347,-7321.78,0
0.0194809,3509.82,-4.89838,1.06544,4.78799,-9176.68,0
0.0259915,3509.89,-5.02664,1.12942,0.769898,-4092.18,0
0.032529,3509.79,-4.91425,1.15894,3.89373,-6538.06,0
0.0390148,3509.78,-4.79117,1.0997,3.60977,-5526.2,0
0.0455484,3509.89,-4.70691,0.937682,0.342958,-2354.17,0
0.0520296,3509.9,-4.55003,0.524356,1.2019,-1950.94,0
0.0585111,3509.8,-4.534,0.417407,4.06983,-3418.97,0
0.0650403,3509.81,-4.69746,0.321003,2.20671,-2992.63,0
0.0715681,3509.76,-4.7529,0.23376,2.81656,-3298.51,0
0.078102,3509.79,-4.63483,0.362102,1.73516,-2640.63,0
0.0845955,3509.78,-4.59835,0.291372,2.04237,-2548.13,0
0.091105,3509.82,-4.4728,0.0875194,1.40689,-2019.21,0
0.0975815,3509.79,-4.5186,0.0954745,1.38447,-2156.68,0
0.10409,3509.68,-4.7111,0.082844,3.49539,-3056.69,0
0.110618,3509.7,-4.79353,0.133896,2.00425,-2725.3,0
0.117137,3509.66,-4.76488,0.171161,2.85214,-2936.76,0
0.12368,3509.62,-4.74517,0.0420796,3.5085,-3104.3,0
0.13018,3509.65,-4.65606,-0.0567296,1.67344,-2658.75,0
0.136709,3509.54,-4.79219,-0.157201,3.99631,-3379.69,0
0.14323,3509.44,-4.89465,-0.192782,4.82718,-3883.17,0
0.149701,3509.44,-4.93994,-0.177632,3.46874,-3767.47,0
0.156184,3509.43,-5.10975,-0.136394,1.93444,-3619.19,0
0.162732,3509.4,-5.17922,-0.197248,2.26374,-3680.38,0
0.169228,3509.34,-5.07325,-0.323499,4.39718,-3906.56,0
0.175734,3509.38,-5.1346,-0.328612,1.16103,-3525.21,0
0.182251,3509.34,-4.96114,-0.405035,3.1321,-3624.66,0
0.188755,3509.29,-5.00214,-0.484158,3.88801,-3743.85,0
0.195346,3509.32,-5.01112,-0.577191,1.81717,-3482.43,0
0.201851,3509.23,-5.08489,-0.815098,3.49384,-3804.8,0
0.208388,3509.21,-5.08463,-0.781911,3.10476,-3775.43,0
0.214875,3509.29,-4.87458,-0.829118,1.4672,-3298.42,0
0.221369,3509.29,-4.65431,-1.03879,2.20974,-3219.07,0
0.227901,3509.32,-4.47153,-0.982149,1.96407,-2997.39,0
0.234392,3509.36,-4.47954,-0.943007,0.162391,-2728.51,0
0.240885,3509.22,-4.5931,-0.870748,3.62189,-3233.16,0
0.247388,3509.14,-4.68028,-1.03567,4.84049,-3462.15,0
0.25389,3509.2,-4.57627,-1.03797,2.49042,-3139.07,0
0.260435,3509.27,-4.32479,-1.21533,1.19843,-2813.13,0
0.266967,3509.15,-4.22054,-1.33347,4.85548,-3165.3,0
0.273513,3509.17,-4.41136,-1.37529,2.51903,-3023.73,0
0.280034,3509.12,-4.39238,-1.62916,3.31562,-3138.16,0
0.286537,3509.12,-4.37943,-1.65126,2.40362,-3054.92,0
0.293051,3509.09,-4.41655,-1.68695,2.89928,-3113.89,0
0.299517,3509,-4.3958,-1.67739,5.15557,-3326.03,0
0.306015,3509,-4.63762,-1.76709,2.64901,-3270.9,0
0.312531,3508.92,-4.75001,-1.78822,4.30867,-3468.3,0
0.319049,3508.88,-4.74921,-1.83489,3.96466,-3499.25,0
0.325575,3508.81,-4.93775,-1.92958,3.21721,-3640.92,0
0.332091,3508.78,-4.83441,-1.80525,4.62976,-3672.59,0
0.338567,3508.83,-4.76246,-1.60071,3.08938,-3442.98,0
0.345096,3508.86,-4.63514,-1.49855,2.68463,-3317.02,0
0.351597,3508.83,-4.58044,-1.35729,3.39146,-3316.18,0
0.358107,3508.76,-4.50511,-1.35466,4.89462,-3460.09,0
0.36463,3508.65,-4.4435,-1.33222,6.17977,-3706.17,0
0.371095,3508.69,-4.4544,-1.36208,2.62262,-3525.85,0
0.377587,3508.68,-4.35528,-1.23629,3.43601,-3486.22,0
0.384123,3508.64,-4.25829,-1.19831,5.05763,-3542.81,0
0.390614,3508.73,-4.32373,-1.27867,0.254865,-3248.2,0
0.397143,3508.72,-4.273,-1.32024,0.524594,-3221.11,0
0.403643,3508.73,-4.08475,-1.18041,1.46162,-3157.23,0
0.410199,3508.63,-3.99167,-1.179,4.69203,-3327.82,0
0.416719,3508.71,-3.96607,-1.19523,0.477833,-3090.09,0
0.423221,3508.55,-3.94882,-1.33208,5.2854,-3429.22,0
0.429712,3508.62,-3.84559,-1.38158,2.45567,-3212.3,0
0.436239,3508.55,-3.9222,-1.42491,3.99237,-3319.93,0
0.44273,3508.63,-3.93755,-1.50318,0.2431,-3093.04,0
0.449211,3508.48,-4.0688,-1.51944,4.30445,-3373.26,0
0.45574,3508.41,-4.05415,-1.51257,5.35507,-3480.11,0
0.462299,3508.35,-4.01539,-1.54542,5.78961,-3575.8,0
0.468815,3508.43,-4.03523,-1.71882,0.416006,-3338.92,0
0.47531,3508.36,-4.04349,-1.46684,3.35509,-3444.87,0
0.481842,3508.33,-4.13122,-1.46332,3.64453,-3469.97,0
0.488336,3508.31,-4.44772,-1.77121,0.834915,-3468.6,0
0.494873,3508.25,-4.66209,-1.74123,1.06354,-3542.95,0
0.501382,3508.22,-4.72676,-1.72473,1.45227,-3557.62,0
0.507932,3508.18,-4.6728,-1.81541,2.48431,-3576.87,0
0.514442,3508.1,-4.73775,-1.79761,4.43424,-3696.99,0
0.520976,3508.09,-4.70147,-1.78244,4.12658,-3674.13,0
0.527501,3508.11,-4.7723,-1.98255,1.42899,-3580.57,0
0.533998,3508.05,-4.82764,-1.97702,2.88198,-3654.48,0
0.540524,3508.04,-4.70096,-1.90188,3.67993,-3627.89,0
0.547026,3507.99,-4.73734,-2.03526,4.18538,-3678.83,0
0.553512,3508.02,-4.59593,-2.17697,2.03713,-3569.91,0
0.560001,3507.99,-4.6985,-2.429,1.12135,-3589.77,0
0.566496,3507.91,-4.81435,-2.46189,2.53572,-3685.5,0
0.57301,3507.84,-4.80908,-2.59105,3.95006,-3761.39,0
0.579512,3507.92,-4.80033,-2.52695,0.440226,-3584.5,0
0.585985,3507.81,-5.03177,-2.42705,2.97192,-3742.22,0
0.592488,3507.76,-5.00643,-2.49382,4.04046,-3774.55,0
0.599017,3507.78,-5.04087,-2.48157,1.35461,-3705.35,0
0.605492,3507.7,-4.96408,-2.42187,4.52407,-3804.12,0
0.612009,3507.65,-4.98585,-2.50869,4.40349,-3845.26,0
0.618555,3507.68,-4.8557,-2.37226,3.89386,-3747.4,0
0.625051,3507.74,-4.69099,-2.56554,0.968129,-3622.54,0
0.631544,3507.65,-4.95829,-2.62018,1.43635,-3720.51,0
0.63806,3507.51,-4.99199,-2.7814,4.84548,-3906.82,0
0.64455,3507.51,-4.93641,-2.93624,3.77343,-3866.04,0
0.651071,3507.37,-4.89867,-2.961,6.2229,-4044.76,0
0.657573,3507.25,-4.831,-2.9181,7.73375,-4187.97,0
0.664047,3507.23,-4.76594,-2.90906,5.57445,-4172.98,0
0.670533,3507.36,-4.6754,-2.8405,0.571108,-3930.43,0
0.677026,3507.34,-4.43918,-2.81361,3.37334,-3928.18,0
0.683493,3507.4,-4.24278,-2.94632,1.14105,-3798,0
0.689954,3507.32,-4.10367,-2.95769,4.95798,-3886.27,0
0.696438,3507.38,-4.09216,-3.00081,1.47808,-3756.94,0
0.702948,3507.39,-4.11922,-2.93212,0.715431,-3709.8,0
0.709475,3507.23,-4.1729,-2.89498,4.71497,-3910.7,0
0.715973,3507.2,-4.14158,-2.95497,4.2313,-3917.45,0
0.722496,3507.2,-4.30259,-2.93337,2.1494,-3878.28,0
0.729011,3507.09,-4.22719,-2.91007,4.87571,-3994.45,0
0.735499,3507.08,-4.37115,-3.04116,2.58301,-3972.29,0
0.741986,3507.03,-4.38424,-3.0451,3.69551,-4000.5,0
0.748486,3507.09,-4.28317,-3.17961,0.87825,-3883.6,0
0.754981,3507.06,-4.2366,-3.33895,0.95029,-3897.15,0
0.761478,3506.93,-4.45756,-3.13812,4.55891,-4033,0
0.767979,3507.02,-4.34127,-3.01136,2.29058,-3886.69,0
0.774432,3506.94,-4.34277,-2.98165,4.35119,-3957.37,0
0.780942,3506.9,-4.43564,-2.87159,4.53801,-3967.45,0
0.787479,3506.93,-4.5109,-2.80992,1.18628,-3892.3,0
0.793991,3506.89,-4.57433,-2.86806,1.80296,-3915.79,0
0.800465,3506.81,-4.62671,-2.81329,4.45649,-3985.91,0
0.806963,3506.75,-4.57207,-2.85142,4.80455,-4024.07,0
0.813424,3506.68,-4.64449,-2.76409,6.0937,-4082.17,0
0.819906,3506.67,-4.67465,-2.7552,4.32215,-4057.09,0
0.826385,3506.75,-4.68966,-2.66506,0.781355,-3932.02,0
0.832913,3506.76,-4.59646,-2.43217,1.7782,-3888.94,0
0.839404,3506.66,-4.65686,-2.55089,3.55319,-3976.44,0
0.845939,3506.64,-4.73698,-2.59553,2.67489,-3966.35,0
0.852422,3506.56,-4.70559,-2.61759,5.24471,-4041.21,0
0.858915,3506.61,-4.63786,-2.45102,3.76595,-3946.11,0
0.865463,3506.56,-4.85167,-2.52773,2.46494,-3971.47,0
0.871964,3506.44,-4.85445,-2.66266,6.06741,-4081.05,0
0.878477,3506.48,-4.78921,-2.81191,2.74326,-4005.27,0
0.885011,3506.48,-4.91541,-2.73413,1.32055,-3972.22,0
0.891534,3506.31,-5.2128,-2.49683,5.4539,-4137.2,0
0.898026,3506.29,-5.18067,-2.61474,4.11894,-4133.8,0
0.904566,3506.25,-5.10991,-2.50477,4.52312,-4144.75,0
0.91109,3506.26,-5.07381,-2.59739,2.08347,-4106.81,0
0.917666,3506.19,-5.18385,-2.51115,3.26365,-4146.56,0
0.924169,3506.2,-5.13535,-2.54009,2.57358,-4108.75,0
0.930631,3506.08,-5.15703,-2.51146,6.36056,-4215.97,0
0.937119,3506.05,-5.31983,-2.70121,3.05788,-4213.37,0
0.943595,3506.08,-5.35387,-2.74945,0.60013,-4152.11,0
0.950096,3506.08,-5.15935,-2.61803,3.33097,-4130.96,0
0.956614,3506.09,-5.02081,-2.66472,3.45537,-4090.05,0
0.963149,3506,-4.96112,-2.64285,6.57115,-4155.76,0
0.969635,3506.04,-5.08802,-2.56648,2.43182,-4084.99,0
0.976169,3506.09,-4.9445,-2.45812,2.03645,-4005.3,0
0.982677,3506.12,-4.83456,-2.2748,2.23433,-3951.91,0
0.989161,3505.98,-4.78788,-2.2537,7.1004,-4061.25,0
0.995645,3505.87,-4.88231,-2.33789,5.74545,-4146.3,0
1.00213,3505.87,-4.87318,-2.46895,3.51661,-4119.23,0
1.00861,3505.88,-4.70189,-2.62902,3.14713,-4084.73,0
1.01512,3505.83,-4.7535,-2.60679,3.63897,-4108.3,0
1.02163,3505.77,-4.6098,-2.61607,6.57846,-4144.89,0
1.02819,3505.73,-4.58184,-2.53474,6.03356,-4148.61,0
1.03468,3505.76,-4.499,-2.51779,4.48998,-4099.05,0
1.04121,3505.67,-4.54227,-2.6511,5.93577,-4158.02,0
1.04768,3505.67,-4.48415,-2.49068,5.31553,-4136.22,0
1.05418,3505.67,-4.50244,-2.58958,2.93003,-4103.75,0
1.06073,3505.69,-4.39025,-2.76904,1.51874,-4064.94,0
1.06724,3505.68,-4.4497,-2.61825,1.98968,-4050.63,0
1.07375,3505.65,-4.49977,-2.48471,2.72479,-4049.14,0
1.08028,3505.51,-4.6264,-2.48134,6.23247,-4155.26,0
1.08677,3505.56,-4.71266,-2.52333,1.43179,-4083.01,0
1.09323,3505.46,-4.63489,-2.66765,4.91272,-4152.27,0
1.09973,3505.37,-4.62514,-2.69249,4.16774,-4207.29,0
1.10625,3505.42,-4.60282,-2.53707,2.57481,-4135.72,0
1.11277,3505.34,-4.59001,-2.56763,5.58126,-4187.57,0
1.11931,3505.22,-4.64076,-2.56526,6.0025,-4267.91,0
1.12579,3505.29,-4.48134,-2.70563,2.60326,-4186.55,0
1.13229,3505.24,-4.56268,-2.85117,1.9662,-4205.24,0
1.13878,3505.14,-4.76499,-2.8872,2.93136,-4268.58,0
1.14531,3505.13,-4.66144,-2.9808,3.20145,-4255.7,0
1.15178,3505.09,-4.70784,-3.01604,3.32206,-4259.73,0
1.15827,3505.06,-4.84192,-3.22151,0.541726,-4264.53,0
1.16482,3505.03,-4.89554,-3.09736,2.24595,-4271.03,0
1.1713,3505.05,-4.8693,-2.85387,2.98774,-4226.37,0
1.17775,3505.03,-4.87444,-2.82768,3.61478,-4223.39,0
1.18428,3504.94,-4.93133,-2.75359,5.83617,-4274.74,0
1.19076,3504.91,-4.90544,-2.71195,5.75106,-4277.5,0
1.19724,3504.89,-5.05332,-2.81379,2.32124,-4268.11,0
1.20373,3504.91,-5.0226,-2.61265,3.1848,-4231.94,0
1.21025,3505.01,-4.83896,-2.60013,0.615585,-4123.2,0
1.21675,3504.91,-4.90925,-2.48268,4.20221,-4180.95,0
1.22329,3504.97,-4.91567,-2.11803,3.5138,-4113.56,0
1.22978,3505.01,-4.91035,-2.09413,1.09219,-4058.39,0
1.23631,3504.99,-4.9055,-1.99287,1.38275,-4049.04,0
1.24278,3504.95,-4.88694,-2.21785,2.11201,-4064.67,0
1.2493,3504.83,-5.06406,-2.12288,5.02119,-4137.13,0
1.25582,3504.8,-5.03483,-2.1057,4.1756,-4138.42,0
1.26232,3504.78,-5.00787,-2.09107,4.81984,-4133.36,0
1.2688,3504.8,-5.04023,-2.04742,2.57637,-4097.69,0
1.27534,3504.79,-4.98894,-1.89792,4.31379,-4086.24,0
1.28189,3504.8,-5.08962,-2.02012,0.79385,-4056.91,0
1.2884,3504.74,-4.97826,-2.12727,2.68138,-4081.78,0
1.29489,3504.83,-4.8949,-1.99378,0.0538398,-3994.26,0
1.30138,3504.8,-4.68582,-2.05164,3.23878,-3994.95,0
1.30791,3504.79,-4.59832,-2.13018,3.57916,-3982.16,0
1.31444,3504.8,-4.47995,-1.97231,5.03613,-3953.04,0
1.321,3504.79,-4.40536,-2.04677,3.91997,-3942.59,0
1.3275,3504.82,-4.48357,-1.99311,0.991896,-3904.05,0
1.33402,3504.79,-4.32513,-1.84492,4.03806,-3905.14,0
1.34054,3504.77,-4.27698,-1.83516,4.70675,-3904.85,0
1.34702,3504.78,-4.08856,-1.70661,5.83576,-3872.07,0
1.35351,3504.82,-4.02242,-1.6443,3.89475,-3823.68,0
1.36006,3504.82,-4.11631,-1.64026,2.18777,-3809.65,0
1.36657,3504.78,-4.17421,-1.57312,2.90545,-3818.04,0
1.37309,3504.74,-4.087,-1.61957,4.47461,-3832.39,0
1.37961,3504.75,-4.18622,-1.58666,1.60899,-3804.3,0
1.38616,3504.71,-4.15343,-1.73736,2.86411,-3816.59,0
1.39268,3504.63,-4.14324,-1.69202,5.84495,-3858.87,0
1.39916,3504.59,-4.04323,-1.64763,6.12746,-3869.38,0
1.40568,3504.54,-3.94394,-1.57854,6.38992,-3884.34,0
1.41219,3504.61,-3.88612,-1.59445,1.35149,-3815.84,0
1.41869,3504.52,-4.09921,-1.57356,2.9457,-3865.42,0
1.42522,3504.54,-3.89155,-1.58921,4.01974,-3830.7,0
1.43171,3504.57,-3.8877,-1.70038,1.12729,-3794.21,0
1.43822,3504.47,-3.86607,-1.6227,6.18359,-3846.59,0
1.44472,3504.48,-3.83749,-1.60789,3.83508,-3823.78,0
1.4512,3504.48,-3.85658,-1.57146,3.16244,-3806.06,0
1.4577,3504.51,-3.87891,-1.51114,0.749033,-3764.35,0
1.46417,3504.39,-4.06858,-1.58632,2.52101,-3830.93,0
1.47069,3504.38,-3.97311,-1.565,4.49205,-3824.15,0
1.47713,3504.31,-4.03366,-1.57258,4.60068,-3854.23,0
1.48365,3504.25,-3.96554,-1.63035,6.42915,-3876.14,0
1.49014,3504.16,-3.99653,-1.57618,7.45257,-3920.45,0
1.49661,3504.21,-3.8794,-1.53215,3.55059,-3865.62,0
1.50309,3504.11,-3.76486,-1.60081,6.11397,-3917.3,0
1.50957,3504.04,-3.797,-1.58671,5.76829,-3947.32,0
1.51608,3504.07,-3.82196,-1.57583,2.86838,-3913.57,0
1.52256,3503.97,-3.90482,-1.63145,5.20574,-3959.53,0
1.5291,3503.94,-3.91826,-1.53965,5.88858,-3961.93,0
1.53558,3503.96,-3.89357,-1.47643,3.03567,-3930.14,0
1.54208,3503.96,-3.93301,-1.35211,2.78455,-3916.18,0
1.5486,3504.04,-3.55806,-1.75361,1.69846,-3850.63,0
1.55513,3503.95,-3.6053,-1.94562,3.55822,-3887.4,0
1.5616,3504,-3.5101,-1.87944,2.64917,-3845.3,0
1.56809,3503.93,-3.61296,-1.80516,1.95544,-3870.05,0
1.57465,3503.83,-3.72358,-1.49798,6.54465,-3917.41,0
1.58117,3503.82,-3.79105,-1.4607,4.7492,-3910.44,0
1.58766,3503.8,-4.02081,-1.32643,1.49323,-3902.29,0
1.59421,3503.7,-4.05928,-1.39949,4.34561,-3949.1,0
1.60073,3503.64,-3.95751,-1.41584,6.99803,-3970.2,0
1.60723,3503.65,-3.89381,-1.49386,5.59074,-3951.85,0
1.61378,3503.67,-3.88516,-1.42369,1.8367,-3923.81,0
1.6203,3503.6,-4.04424,-1.40079,1.75094,-3947.33,0
1.62681,3503.59,-4.12755,-1.1754,1.94159,-3941.43,0
1.63332,3503.62,-4.09846,-1.15285,0.268059,-3906.57,0
1.63983,3503.67,-3.90151,-1.20613,0.519175,-3861.74,0
1.64636,3503.56,-3.97111,-1.12637,5.63555,-3913.42,0
1.65288,3503.58,-4.01605,-1.20028,1.27388,-3885.8,0
1.65939,3503.58,-3.89827,-1.13154,2.52006,-3867.02,0
1.66587,3503.61,-3.7028,-1.02073,4.53958,-3838.44,0
1.67242,3503.57,-3.65709,-1.04844,4.45551,-3843.68,0
1.67894,3503.61,-3.51289,-1.05712,3.70614,-3807.7,0
1.68544,3503.59,-3.61145,-1.12391,1.90004,-3803.76,0
1.69193,3503.49,-3.54429,-1.19294,6.60147,-3847.3,0
1.69839,3503.52,-3.41361,-1.26118,5.29026,-3813.87,0
1.70491,3503.52,-3.43394,-1.33699,3.81025,-3798.85,0
1.71142,3503.57,-3.36224,-1.42781,0.752064,-3757.18,0
1.71791,3503.5,-3.29121,-1.35959,5.6684,-3783.25,0
1.72441,3503.52,-3.35642,-1.37629,0.602351,-3760,0
1.73093,3503.48,-3.30526,-1.29892,4.26942,-3768.7,0
1.73742,3503.48,-3.42824,-1.32933,0.386624,-3754.86,0
1.74392,3503.41,-3.4003,-1.37515,3.84261,-3776.7,0
1.75044,3503.4,-3.34401,-1.45264,3.67642,-3768.94,0
1.75693,3503.3,-3.18144,-1.4495,7.52245,-3812.5,0
1.76342,3503.25,-3.27687,-1.48104,4.3027,-3828.6,0
1.76997,3503.23,-3.36447,-1.40029,3.70143,-3824.33,0
1.7765,3503.25,-3.33441,-1.41322,2.81947,-3801.51,0
1.78297,3503.14,-3.39587,-1.37552,5.61946,-3845.78,0
1.78947,3503.11,-3.46638,-1.46369,3.7633,-3849.75,0
1.7959,3503.12,-3.46539,-1.57122,1.20367,-3828.18,0
1.80239,3503.15,-3.39574,-1.52844,1.18529,-3802.66,0
1.80887,3503.07,-3.41124,-1.61629,3.74519,-3828.9,0
1.81532,3503.13,-3.29768,-1.56954,2.31594,-3785.12,0
1.82183,3503.12,-3.22602,-1.41588,3.51,-3776.36,0
1.82831,3503.18,-3.21818,-1.19972,0.994732,-3730.48,0
1.83484,3503.11,-3.26472,-1.13121,4.09438,-3754.27,0
1.84137,3503.15,-3.12082,-1.12673,3.66683,-3718.02,0
1.84789,3503.23,-2.94332,-1.09871,2.13764,-3664.97,0
1.85435,3503.14,-3.04649,-0.87314,6.11993,-3699.13,0
1.86085,3503.14,-3.00106,-0.78639,6.18348,-3685.79,0
1.86737,3503.12,-3.08477,-0.69523,4.65689,-3684.27,0
1.87384,3503.11,-3.18557,-0.680783,2.1938,-3675.2,0
1.88039,3503.11,-3.19467,-0.679613,1.23832,-3662.66,0
1.88684,3502.98,-3.39158,-0.791261,3.8392,-3719.47,0
1.89331,3502.93,-3.47176,-0.955141,3.2292,-3733.21,0
1.89978,3503.01,-3.30375,-0.932416,1.68464,-3679.5,0
1.9063,3502.94,-3.41805,-0.862403,3.52749,-3702.1,0
1.91281,3502.91,-3.3969,-0.874156,5.33669,-3708.36,0
1.91937,3502.87,-3.46474,-0.916517,3.62164,-3713.67,0
1.92591,3502.92,-3.43925,-0.800958,0.285449,-3675.53,0
1.93247,3502.9,-3.40104,-0.716207,1.94445,-3673.59,0
1.93899,3502.87,-3.18325,-0.640986,7.19999,-3676.55,0
1.94549,3502.82,-3.17257,-0.64061,4.90219,-3692.08,0
1.95199,3502.73,-3.12223,-0.586294,9.28938,-3724.37,0
1.95849,3502.73,-3.16416,-0.612387,5.36296,-3713.26,0
1.96501,3502.69,-3.22121,-0.668081,5.1963,-3718.02,0
1.97151,3502.73,-3.18249,-0.601321,3.02232,-3687.28,0
1.97805,3502.74,-3.19618,-0.397136,2.24967,-3670.27,0
1.98457,3502.7,-3.17868,-0.353849,4.37888,-3680.9,0
1.99109,3502.62,-3.39234,-0.335255,2.35893,-3705.82,0
1.99764,3502.57,-3.52763,-0.349684,1.38117,-3718.52,0
2.00415,3502.46,-3.59352,-0.432591,5.22632,-3760.52,0
2.01065,3502.53,-3.4702,-0.558898,2.90773,-3715.72,0
2.01714,3502.43,-3.56305,-0.412741,4.0785,-3752.84,0
2.02367,3502.41,-3.51577,-0.396395,5.27475,-3751.13,0
2.03022,3502.35,-3.43753,-0.408382,7.42339,-3767.11,0
2.03668,3502.35,-3.36649,-0.395024,5.53588,-3755.32,0
2.04318,3502.27,-3.55907,-0.466431,4.28557,-3785.68,0
2.04969,3502.34,-3.34063,-0.513476,4.35697,-3735.11,0
2.05621,3502.28,-3.37736,-0.572498,4.67245,-3754.67,0
2.06268,3502.25,-3.40809,-0.530812,4.0561,-3755.13,0
2.06919,3502.14,-3.5334,-0.550365,7.01429,-3799.51,0
2.0757,3502.09,-3.494,-0.539999,7.27952,-3808.46,0
2.08221,3502,-3.44337,-0.558266,8.10614,-3841.47,0
2.08871,3501.91,-3.43061,-0.482242,8.49639,-3870.87,0
2.09523,3501.9,-3.36708,-0.464011,5.43332,-3868.13,0
2.10172,3501.83,-3.48068,-0.744819,1.85798,-3888.16,0
2.10826,3501.74,-3.56367,-0.843601,3.54714,-3915.8,0
2.11478,3501.74,-3.61258,-0.842218,1.54945,-3905.15,0
2.12123,3501.69,-3.73191,-0.789391,1.16728,-3919.27,0
2.12772,3501.6,-3.73889,-0.760782,6.272,-3946.92,0
2.13423,3501.72,-3.57471,-0.677115,2.93242,-3880.02,0
2.14075,3501.62,-3.57974,-0.684048,8.09491,-3916.78,0
2.14726,3501.55,-3.6214,-0.702029,6.24186,-3934.36,0
2.15378,3501.54,-3.64618,-0.687425,3.55624,-3926.29,0
2.16029,3501.52,-3.56469,-0.868206,5.62631,-3924.54,0
2.1668,3501.54,-3.50978,-0.817129,5.26049,-3906.1,0
2.17333,3501.51,-3.626,-0.666352,3.3745,-3908.38,0
2.1798,3501.48,-3.69677,-0.575988,1.61032,-3908.8,0
2.1863,3501.42,-3.6611,-0.585428,5.52602,-3925.75,0
2.1928,3501.36,-3.72029,-0.666185,5.17018,-3939.81,0
2.19931,3501.28,-3.89312,-0.73522,0.934773,-3963.99,0
2.20582,3501.17,-3.96361,-0.849441,3.73785,-4003.24,0
2.21236,3501.08,-3.93709,-0.870768,4.98754,-4029.75,0
2.21883,3501.02,-3.8802,-0.920866,8.15217,-4046.3,0
2.22537,3500.99,-3.89489,-0.920173,7.20558,-4048.86,0
2.23187,3500.97,-3.77183,-0.845905,9.56564,-4045.82,0
2.23839,3500.92,-3.69738,-0.84786,8.09531,-4055.64,0
2.2449,3500.91,-3.62376,-0.797684,7.27868,-4050.25,0
2.25138,3500.88,-3.51069,-0.801038,9.75729,-4051.88,0
2.25791,3500.86,-3.47152,-0.77568,8.3675,-4047.47,0
2.26436,3500.82,-3.46288,-0.834001,6.12982,-4052.95,0
2.27082,3500.76,-3.57114,-0.97744,3.06443,-4069.35,0
2.27731,3500.75,-3.61218,-0.730033,3.75943,-4060.13,0
2.28383,3500.73,-3.66749,-0.686716,2.019,-4057.06,0
2.29032,3500.65,-3.80558,-0.553824,2.32662,-4083.19,0
2.2968,3500.57,-3.76905,-0.772174,7.10995,-4104.06,0
2.3033,3500.59,-3.74991,-0.739233,3.81414,-4083.55,0
2.30977,3500.66,-3.64098,-0.773791,3.02882,-4044.78,0
2.31632,3500.59,-3.69284,-0.705631,4.55181,-4062.7,0
2.32277,3500.62,-3.63688,-0.638073,3.45454,-4036.5,0
2.32934,3500.54,-3.59764,-0.643361,8.17562,-4062.92,0
2.33582,3500.51,-3.57576,-0.600535,5.16628,-4061.17,0
2.34228,3500.46,-3.64948,-0.595114,4.73693,-4072.98,0
2.34876,3500.38,-3.63959,-0.584368,10.0434,-4095.8,0
2.35525,3500.38,-3.695,-0.560419,2.99743,-4085.68,0
2.36177,3500.37,-3.67421,-0.718621,2.68697,-4077.62,0
2.36824,3500.27,-3.81163,-0.599957,4.113,-4110.32,0
2.37478,3500.22,-3.85091,-0.626023,3.17031,-4119.28,0
2.38131,3500.11,-3.89215,-0.609381,8.02821,-4152.49,0
2.38783,3500.1,-3.81449,-0.668944,6.19675,-4144.73,0
2.39437,3500.02,-3.84579,-0.720433,6.46616,-4166.87,0
2.40089,3500.12,-3.72573,-0.750574,3.44949,-4115.51,0
2.40741,3500.07,-3.78309,-0.804849,2.24323,-4125.51,0
2.41394,3500.09,-3.7442,-0.686852,2.59757,-4104.61,0
2.42047,3500.08,-3.81003,-0.473998,1.22882,-4099.13,0
2.427,3500.07,-3.76061,-0.502391,3.59341,-4092.99,0
2.43352,3499.96,-3.79008,-0.481745,5.71475,-4124.71,0
2.43999,3499.95,-3.79108,-0.441903,6.13543,-4120.26,0
2.44652,3500.04,-3.69372,-0.502199,2.63878,-4070.33,0
2.45304,3499.93,-3.80081,-0.733985,2.62338,-4106.96,0
2.45954,3499.94,-3.71587,-0.689429,6.48529,-4091,0
2.46603,3500.02,-3.59909,-0.574232,5.34815,-4045.47,0
2.47252,3499.94,-3.47837,-0.554465,11.287,-4067.2,0
2.47905,3500.01,-3.46329,-0.612226,0.864857,-4029.56,0
2.48557,3500.06,-3.38459,-0.583208,0.915363,-3997.94,0
2.49209,3500.12,-3.2246,-0.621869,3.95169,-3962.97,0
2.49856,3500.06,-3.30324,-0.590558,3.87538,-3977.9,0
2.50509,3500.18,-3.15006,-0.660178,0.73544,-3919.15,0
2.51158,3500.06,-3.19385,-0.488231,4.69985,-3957.34,0
2.51807,3500.05,-3.17999,-0.502328,4.41372,-3949.9,0
2.52456,3500.08,-3.03172,-0.525168,8.16254,-3930.79,0
2.53105,3500.07,-2.96704,-0.541884,6.4959,-3923.67,0
2.53754,3500.02,-2.95086,-0.701224,5.09148,-3933.14,0
2.54405,3500.15,-2.82713,-0.571921,1.96261,-3872.03,0
2.55056,3500.1,-2.83096,-0.516079,4.76383,-3880.04,0
2.55705,3500.1,-2.75371,-0.609714,6.92908,-3872.69,0
2.56356,3500.14,-2.69323,-0.613172,4.84288,-3847.79,0
2.57012,3500.12,-2.67439,-0.634329,6.29778,-3843.29,0
2.57662,3500.1,-2.66827,-0.701742,5.72789,-3841.76,0
2.58313,3500.06,-2.65993,-0.684783,7.41914,-3848.36,0
2.58967,3499.93,-2.80657,-0.757581,6.86033,-3887.23,0
2.59615,3499.95,-2.75226,-0.748431,5.01235,-3872.19,0
2.60272,3499.87,-2.75268,-0.736387,8.04267,-3892.4,0
2.60925,3499.93,-2.66143,-0.812888,5.31009,-3860.01,0
2.61573,3499.95,-2.61455,-0.733243,3.72127,-3841.5,0
2.6222,3500.05,-2.5218,-0.609661,2.75352,-3796.39,0
2.62871,3499.98,-2.49228,-0.594772,10.0676,-3810.21,0
2.63523,3499.94,-2.44215,-0.554541,6.29255,-3818.81,0
2.64174,3499.93,-2.50261,-0.382226,3.36842,-3811.35,0
2.64826,3499.94,-2.47242,-0.258682,5.13037,-3797.99,0
2.65471,3499.89,-2.5063,-0.39553,4.61298,-3807.73,0
2.66122,3499.8,-2.48896,-0.533879,1.35311,-3834.12,0
2.66768,3499.84,-2.37825,-0.460993,5.14065,-3807.96,0
2.67419,3499.84,-2.1618,-0.662365,7.13171,-3797.75,0
2.68063,3499.75,-2.19147,-0.672402,8.43212,-3824.85,0
2.68715,3499.72,-2.16724,-0.739972,7.05668,-3823.79,0
2.69363,3499.72,-2.08717,-0.520085,8.57706,-3815.84,0
2.70017,3499.68,-2.04452,-0.509614,2.89744,-3821.09,0
2.70668,3499.73,-1.93414,-0.474688,7.79783,-3795.45,0
2.71315,3499.78,-1.87312,-0.468322,5.97127,-3768.44,0
2.71965,3499.74,-1.88309,-0.520902,4.57319,-3772.54,0
2.72617,3499.72,-1.86756,-0.600353,3.67442,-3771.17,0
2.73265,3499.61,-1.93104,-0.643584,8.15151,-3801.8,0
2.73914,3499.64,-1.76437,-0.715063,5.82685,-3782.31,0
2.74564,3499.45,-1.89479,-0.61193,6.38173,-3841.48,0
2.75211,3499.5,-1.74899,-0.532266,8.22845,-3813.95,0
2.75862,3499.62,-1.63082,-0.492233,4.96362,-3762.14,0
2.76508,3499.63,-1.61236,-0.439693,5.38421,-3751.94,0
2.77163,3499.66,-1.59063,-0.295175,6.54094,-3730.31,0
2.77812,3499.53,-1.62016,-0.24729,9.95648,-3767.72,0
2.78465,3499.45,-1.63081,-0.276655,2.97956,-3787.74,0
2.79116,3499.43,-1.47827,-0.247894,7.15948,-3785.94,0
2.79769,3499.33,-1.34118,-0.209038,3.22623,-3813.36,0
2.80418,3499.27,-1.37313,-0.130368,7.62109,-3825.99,0
2.81068,3499.18,-1.33125,-0.180601,4.54178,-3848.91,0
2.81716,3499.1,-1.24671,-0.298254,8.09639,-3867.67,0
2.82368,3499.09,-1.17919,-0.276689,1.52011,-3863.2,0
2.83018,3499.04,-1.15016,-0.249358,6.48585,-3873.43,0
2.83672,3498.96,-0.997779,-0.221289,7.9511,-3891.07,0
2.84323,3498.91,-0.887287,-0.225299,9.34084,-3901.89,0
2.84975,3498.92,-0.76665,-0.104233,3.47587,-3889.55,0
2.85627,3498.83,-0.640316,-0.0995817,8.33652,-3909.63,0
2.86275,3498.74,-0.385743,0.0296756,9.64971,-3932.1,0
2.86567,3498.77,-0.255211,0.0190703,10.7067,-3918.89,2
