0.00652339,3510,3.86157,5.88091,0.512069,-216.621,0
0.0130784,3509.88,3.7568,5.97414,4.76808,-8800.3,0
0.0195681,3509.83,3.85716,6.03717,4.4828,-8745.99,0
0.0260594,3509.84,3.81316,6.17867,2.41123,-6253.22,0
0.0325657,3509.76,3.91408,6.31504,3.31554,-7282.28,0
0.0390756,3509.73,3.92127,6.2757,3.66937,-6931.6,0
0.045566,3509.69,3.98098,6.20834,4.35179,-6737.42,0
0.0520587,3509.7,3.93231,6.27215,2.69801,-5717.88,0
0.0585602,3509.73,3.97646,6.17794,1.79236,-4625.01,0
0.0650163,3509.66,4.01993,6.08834,4.74668,-5280.87,0
0.0715234,3509.63,3.96348,6.15394,4.59168,-5169.93,0
0.0779902,3509.65,4.0012,6.13119,2.86681,-4489.69,0
0.0844716,3509.54,4.01424,6.3747,4.95482,-5469.3,0
0.0909634,3509.48,3.96161,6.43964,5.48182,-5689.98,0
0.097471,3509.42,4.12331,6.51937,5.2276,-5995.27,0
0.103979,3509.39,4.10977,6.49439,4.82962,-5829.3,0
0.110455,3509.34,4.00436,6.63852,4.70797,-5947.47,0
0.116964,3509.35,3.9424,6.67891,3.10871,-5516.67,0
0.123459,3509.31,4.04204,6.57566,4.15925,-5622.13,0
0.130002,3509.34,4.10328,6.55397,1.64095,-5077.28,0
0.136502,3509.26,4.14734,6.63229,3.73959,-5434.75,0
0.143012,3509.19,4.08122,6.62231,5.34337,-5655.15,0
0.149492,3509.24,4.13832,6.55837,2.5586,-5080.97,0
0.15599,3509.2,4.21129,6.6529,2.39101,-5106.53,0
0.16254,3509.18,4.0098,6.59365,4.9643,-5026.7,0
0.169056,3509.2,4.06028,6.61205,2.91527,-4711.36,0
0.17555,3509.18,4.11351,6.39867,5.45236,-4654.93,0
0.182046,3509.19,4.20172,6.42142,2.29846,-4459.81,0
0.188532,3509.1,4.16795,6.55187,4.54901,-4765.28,0
0.195031,3509.04,4.17377,6.59513,5.18009,-4905.86,0
0.201541,3509.13,4.17745,6.45293,2.05355,-4331.43,0
0.208078,3509.13,4.05638,6.35721,3.64986,-4196.2,0
0.214603,3509.12,3.91696,6.31006,3.86719,-4078,0
0.221091,3509.14,3.78484,6.29432,3.31298,-3884.35,0
0.227577,3509.02,3.98007,6.37792,5.80331,-4296.99,0
0.234067,3509.01,4.04897,6.37698,4.23217,-4249.79,0
0.240615,3509.06,4.19751,6.30819,0.830755,-3916.13,0
0.24717,3509.03,4.16108,6.26338,2.53271,-3916.67,0
0.253638,3509.01,4.19209,6.22041,2.93715,-3897.31,0
0.260151,3508.98,4.19583,6.12633,3.41714,-3919.2,0
0.26667,3508.89,4.13268,6.16029,4.91199,-4159.02,0
0.273229,3508.96,4.05872,5.94446,3.99165,-3822.74,0
0.279728,3509,4.18748,5.60681,4.11561,-3587.06,0
0.286233,3509.04,4.12827,5.65375,1.05739,-3363.39,0
0.292739,3508.94,4.07562,5.7414,3.95821,-3631.31,0
0.299267,3508.97,4.07664,5.68712,2.20061,-3431.43,0
0.305723,3508.87,4.06584,5.67743,5.45366,-3681.54,0
0.312221,3508.87,4.06021,5.71195,2.87601,-3611.2,0
0.318744,3508.79,4.09578,5.74606,5.581,-3807.87,0
0.325223,3508.76,4.0868,5.739,2.32319,-3802.26,0
0.331779,3508.74,3.98488,5.94748,1.29782,-3793.09,0
0.338294,3508.64,4.33373,5.93618,3.36266,-4020.35,0
0.344747,3508.64,4.0635,5.97171,4.55489,-3943.68,0
0.351252,3508.69,4.0325,5.85076,2.39355,-3740.14,0
0.357756,3508.61,3.99396,5.86145,5.02041,-3896.44,0
0.364246,3508.66,3.9477,5.98657,0.621623,-3692.19,0
0.370775,3508.61,4.04257,5.92571,2.34582,-3761.88,0
0.377303,3508.57,4.07942,6.07236,1.65673,-3797.81,0
0.383773,3508.5,4.34753,6.14198,1.57407,-3907.51,0
0.390286,3508.53,4.17572,5.90261,4.13364,-3770.64,0
0.396778,3508.55,4.29345,5.79825,2.34705,-3654.47,0
0.403279,3508.45,4.28312,5.93531,4.88781,-3853.85,0
0.409825,3508.38,4.50806,5.93414,4.74279,-3950.73,0
0.416353,3508.43,4.66969,5.71783,2.40589,-3766.63,0
0.422929,3508.32,4.93987,5.83758,3.5657,-3971.15,0
0.429449,3508.24,5.13086,5.84242,4.95026,-4097.39,0
0.435951,3508.27,5.29357,5.62228,2.8629,-3972,0
0.442433,3508.25,4.94124,5.62668,5.92691,-3960.9,0
0.448933,3508.21,4.92603,5.65869,4.51892,-3976.89,0
0.455473,3508.2,5.07446,5.65754,2.66997,-3945.78,0
0.461984,3508.24,5.12729,5.48435,1.82357,-3810.1,0
0.468443,3508.19,5.24439,5.56983,1.34776,-3861.8,0
0.474946,3508.16,5.11878,5.61986,2.92738,-3866.94,0
0.481511,3508.14,5.04358,5.52674,4.90486,-3863.15,0
0.487996,3508.11,5.12783,5.46022,5.05633,-3882.44,0
0.494515,3508.1,5.23919,5.57771,1.63011,-3835.65,0
0.501017,3508.03,5.26969,5.7057,3.14142,-3931.62,0
0.50752,3507.95,5.17447,5.56989,6.94932,-4031.06,0
0.514015,3507.93,5.16199,5.46205,6.21097,-4017.56,0
0.520551,3507.86,5.15121,5.43008,6.39976,-4116.83,0
0.526989,3507.94,4.93382,5.39166,3.57607,-3906.69,0
0.533517,3507.92,4.95609,5.41734,2.59661,-3894.53,0
0.540019,3507.9,4.97851,5.38078,2.79365,-3883.43,0
0.546469,3507.87,4.99159,5.27417,4.64768,-3903.96,0
0.552978,3507.82,4.96677,5.29622,4.75741,-3933.95,0
0.559481,3507.81,4.91614,5.30677,4.42772,-3911.52,0
0.565992,3507.71,4.8919,5.3543,7.43745,-4040.22,0
0.572514,3507.59,4.87792,5.30986,8.06821,-4218,0
0.57902,3507.56,4.86154,5.419,4.29176,-4216.86,0
0.585528,3507.56,4.82917,5.35233,3.93979,-4173.3,0
0.592042,3507.47,5.06579,5.47306,3.28335,-4273.02,0
0.598502,3507.45,5.12125,5.51163,1.15113,-4255.15,0
0.605017,3507.35,5.16129,5.43616,5.48891,-4372.98,0
0.611598,3507.42,5.18074,5.25585,3.10027,-4224.12,0
0.618083,3507.43,5.08824,5.34689,2.12585,-4162.4,0
0.624579,3507.36,5.01123,5.47376,3.12492,-4222.7,0
0.631088,3507.36,4.75022,5.49,5.34918,-4177.37,0
0.637606,3507.42,4.63573,5.4006,3.73445,-4049.68,0
0.644171,3507.46,4.61262,5.22403,3.55262,-3944.95,0
0.650645,3507.5,4.67646,5.13705,0.992212,-3837.83,0
0.657182,3507.43,4.67872,5.27098,1.18191,-3905.13,0
0.663674,3507.27,4.67344,5.425,7.20305,-4119.43,0
0.670174,3507.27,4.71533,5.48793,2.03943,-4078.69,0
0.676735,3507.29,4.65298,5.46943,0.921568,-4010.44,0
0.683237,3507.18,4.65243,5.51781,5.40626,-4134.1,0
0.689755,3507.18,4.7524,5.54054,1.47999,-4084.9,0
0.696277,3507.17,4.70309,5.68641,0.316331,-4067.86,0
0.702838,3507.18,4.70712,5.51769,1.58429,-4015.53,0
0.709302,3506.98,4.69827,5.48285,8.25456,-4258.2,0
0.715808,3507.06,4.70285,5.45946,1.9199,-4107.46,0
0.722291,3507.06,4.65924,5.32915,3.51411,-4065.49,0
0.72875,3507.1,4.73731,5.18304,0.848084,-3974.18,0
0.735275,3507.12,4.61697,5.08224,1.6003,-3918.87,0
0.741773,3507.02,4.5348,5.23534,4.946,-4021.98,0
0.748259,3507.06,4.5752,5.18972,2.08981,-3931.75,0
0.754735,3506.97,4.69222,5.12305,5.38969,-4017.03,0
0.761215,3506.97,4.7512,5.13995,2.14698,-3979.78,0
0.767727,3506.92,4.70014,5.22026,3.81306,-4013.78,0
0.774232,3506.83,4.70669,5.16717,6.72635,-4094.48,0
0.780679,3506.83,4.65584,5.15655,3.03143,-4057.26,0
0.787172,3506.75,4.68115,5.16373,4.44047,-4131.15,0
0.793698,3506.8,4.48538,5.26243,1.63849,-4028.68,0
0.800243,3506.72,4.67913,5.35251,2.38052,-4100.9,0
0.806742,3506.79,4.66706,5.1774,0.3348,-3980.92,0
0.813244,3506.71,4.52394,5.23874,3.66613,-4041.38,0
0.819751,3506.68,4.57824,5.31739,3.13694,-4054.85,0
0.826259,3506.58,4.6867,5.42898,4.51539,-4143.69,0
0.83281,3506.54,4.70584,5.34597,5.64465,-4155.84,0
0.839301,3506.48,4.65167,5.36138,7.48868,-4196.01,0
0.845796,3506.47,4.61554,5.31432,5.52887,-4171.64,0
0.852291,3506.42,4.68669,5.34582,5.22127,-4204.71,0
0.858811,3506.49,4.64808,5.19657,2.60385,-4091.34,0
0.865321,3506.44,4.68185,5.24802,3.87004,-4118.03,0
0.871838,3506.49,4.55816,5.10977,3.78694,-4029.06,0
0.878322,3506.41,4.70298,5.28609,3.07582,-4084.32,0
0.884829,3506.36,4.70743,5.21734,5.38975,-4110.76,0
0.891288,3506.4,4.64138,5.22935,2.73691,-4038.92,0
0.897818,3506.33,4.73736,5.18075,5.41966,-4092.54,0
0.904314,3506.34,4.75345,5.21259,2.57134,-4051.1,0
0.910821,3506.31,4.7285,5.18473,3.05952,-4047.3,0
0.917336,3506.27,4.8637,5.29182,1.49325,-4061.71,0
0.923841,3506.21,4.82343,5.24828,4.38191,-4102.36,0
0.930364,3506.2,4.78915,5.38805,2.16126,-4083.32,0
0.936872,3506.13,4.66068,5.45095,5.41995,-4129.08,0
0.943362,3506.14,4.6048,5.53072,2.88939,-4088.73,0
0.949859,3506.13,4.60591,5.469,4.29967,-4078.99,0
0.956383,3506.12,4.51834,5.5824,3.58614,-4060.9,0
0.962885,3506.14,4.44497,5.56302,2.99514,-4012.63,0
0.96937,3506.05,4.59267,5.64748,3.83507,-4069.86,0
0.97586,3506.17,4.33261,5.63611,0.173874,-3929.08,0
0.982359,3506.01,4.68915,5.71849,2.75565,-4063.91,0
0.988823,3506.06,4.7042,5.56705,1.31245,-3981.03,0
0.995343,3506.04,4.82005,5.3352,4.4865,-3982.03,0
1.00187,3506.02,4.92563,5.25512,1.03508,-3968.38,0
1.00841,3505.98,4.93993,5.21153,2.14843,-3982.18,0
1.01492,3506,4.9177,5.12814,2.35987,-3943.16,0
1.02144,3505.99,4.79857,5.15325,3.56529,-3922.13,0
1.02798,3506.05,4.84947,5.06274,0.0838817,-3838.12,0
1.03448,3506.04,4.645,5.2072,1.41619,-3829.46,0
1.04094,3506,4.64972,5.1177,4.55816,-3844,0
1.04747,3505.96,4.69069,5.23929,3.99794,-3860.59,0
1.05397,3505.88,4.6505,5.16858,7.16724,-3910.77,0
1.06046,3505.79,4.56706,5.14886,7.57154,-3965.83,0
1.06696,3505.72,4.58095,5.10331,8.00316,-4012.22,0
1.07347,3505.69,4.49769,5.01324,5.90356,-4016.08,0
1.07998,3505.68,4.4266,5.12149,4.70289,-4001.8,0
1.08651,3505.65,4.4704,4.99979,6.64042,-4002.74,0
1.09302,3505.61,4.48837,5.08308,4.15501,-4014.06,0
1.09954,3505.63,4.39241,5.00571,4.76298,-3970.63,0
1.106,3505.56,4.46976,4.98245,5.89371,-4013.92,0
1.11253,3505.56,4.43323,5.00616,3.40716,-3988.83,0
1.11905,3505.56,4.3704,4.94332,5.11421,-3970.11,0
1.12555,3505.56,4.41206,4.9967,2.11239,-3946.11,0
1.13204,3505.61,4.33961,4.84698,1.94708,-3878.52,0
1.13853,3505.61,4.3724,4.82886,1.03361,-3856.66,0
1.14501,3505.53,4.38925,4.82923,4.36771,-3905.6,0
1.15154,3505.51,4.28959,4.96109,3.90299,-3898.98,0
1.15804,3505.41,4.22527,5.00948,7.8408,-3966.99,0
1.16458,3505.4,4.09912,5.27928,3.88643,-3951.22,0
1.17104,3505.26,4.12748,5.53345,6.61218,-4051.15,0
1.17754,3505.24,4.2045,5.5469,3.39145,-4042.94,0
1.18409,3505.27,4.08238,5.5708,2.00661,-3992.79,0
1.19061,3505.25,3.9987,5.64172,1.40611,-3986.88,0
1.19712,3505.16,4.13138,5.80191,1.946,-4046.56,0
1.20364,3505.13,4.08381,5.90281,1.73619,-4047.06,0
1.21016,3505.09,4.0882,5.92613,3.02146,-4059.16,0
1.21667,3504.97,3.99408,6.06687,6.76706,-4131.41,0
1.22316,3505,3.97955,6.02643,3.79939,-4087.73,0
1.22965,3505.04,4.0373,5.99207,0.252427,-4029.79,0
1.23614,3504.88,3.9576,6.14408,5.81917,-4138.38,0
1.24265,3504.87,4.10474,6.12335,2.90318,-4127.72,0
1.24913,3504.83,4.03898,6.27813,2.44478,-4137.74,0
1.25565,3504.79,3.98074,6.19042,5.05382,-4148.5,0
1.26215,3504.73,3.96608,6.16668,6.09962,-4176.25,0
1.26867,3504.72,3.94936,6.17584,4.61395,-4163.56,0
1.27523,3504.73,3.80216,6.2226,4.30621,-4132.83,0
1.28175,3504.63,3.79448,6.21839,7.4012,-4187.21,0
1.28829,3504.65,3.70751,6.33019,3.20273,-4154.34,0
1.29476,3504.63,3.74257,6.23721,4.18557,-4146.7,0
1.30129,3504.66,3.92405,6.17659,0.664033,-4105.49,0
1.30777,3504.58,3.91681,6.06923,6.05206,-4146.1,0
1.31427,3504.6,3.89556,6.04561,0.983899,-4105.15,0
1.32082,3504.54,3.77493,6.14023,3.7368,-4131.2,0
1.32734,3504.55,3.78139,6.08847,3.8178,-4105.65,0
1.33383,3504.54,3.86733,6.04079,4.05963,-4096.91,0
1.34033,3504.57,3.77059,6.04372,1.69923,-4053.46,0
1.34683,3504.57,3.779,6.01283,0.944406,-4028.63,0
1.35335,3504.54,3.74558,5.92344,4.77521,-4034.97,0
1.3599,3504.64,3.56003,5.93084,0.158254,-3942.9,0
1.36641,3504.67,3.58349,5.67334,3.13687,-3903.1,0
1.37288,3504.6,3.62057,5.7229,5.02324,-3931.56,0
1.37931,3504.63,3.53844,5.72465,2.1073,-3894.33,0
1.38581,3504.5,3.57002,5.74469,7.55496,-3971.59,0
1.39234,3504.42,3.59346,5.72244,5.98234,-4008.57,0
1.39886,3504.53,3.45731,5.62241,1.85448,-3907.74,0
1.40532,3504.61,3.54326,5.37415,0.724287,-3837.13,0
1.41186,3504.52,3.38799,5.53435,4.78991,-3882.11,0
1.41841,3504.46,3.58515,5.52614,4.76992,-3903.72,0
1.42493,3504.47,3.56078,5.38297,5.54887,-3882.39,0
1.43145,3504.4,3.5216,5.41264,5.82604,-3914.67,0
1.43798,3504.43,3.46808,5.41757,2.61288,-3876.93,0
1.44449,3504.41,3.47879,5.34677,2.891,-3870.59,0
1.45096,3504.34,3.56521,5.32667,3.04991,-3902.16,0
1.45746,3504.37,3.5177,5.36259,0.148546,-3863.5,0
1.46398,3504.38,3.3285,5.22009,4.10617,-3836.51,0
1.47046,3504.35,3.39401,5.22707,4.37972,-3842.31,0
1.47694,3504.34,3.50471,5.25703,2.06936,-3835.31,0
1.48344,3504.31,3.46248,5.28708,3.16966,-3833.58,0
1.48996,3504.26,3.35015,5.39366,5.46099,-3854.57,0
1.49647,3504.25,3.36871,5.39382,2.52115,-3839.55,0
1.50296,3504.19,3.38777,5.39934,5.07996,-3862.42,0
1.50947,3504.22,3.35851,5.31574,4.53334,-3831.39,0
1.51601,3504.19,3.28278,5.34924,6.06442,-3834.11,0
1.5225,3504.2,3.24503,5.30185,4.01063,-3806.62,0
1.52901,3504.23,3.28823,5.21552,2.89485,-3772.5,0
1.53552,3504.21,3.28263,5.27775,2.28369,-3773.18,0
1.542,3504.13,3.25395,5.43556,2.57489,-3804.05,0
1.54854,3504.16,3.19179,5.4591,0.837026,-3773.75,0
1.55504,3504.07,3.05811,5.72565,1.54552,-3813.92,0
1.56155,3504.09,3.01429,5.63195,2.22162,-3783.29,0
1.56802,3504.03,2.95389,5.68464,5.3132,-3807.02,0
1.57448,3503.99,2.96367,5.73068,4.11711,-3814.25,0
1.58099,3503.99,2.80149,5.78608,4.27111,-3799.8,0
1.58747,3503.99,2.77831,5.65851,4.70408,-3784.89,0
1.59396,3503.97,2.74593,5.74032,3.2948,-3783.06,0
1.60052,3503.86,2.98923,5.72738,6.82708,-3834.11,0
1.60697,3503.82,3.02678,5.73118,6.09904,-3845.05,0
1.61348,3503.83,3.0966,5.68733,4.30763,-3822.72,0
1.61999,3503.79,3.06016,5.69748,5.54416,-3832.16,0
1.62648,3503.74,3.02147,5.76322,3.8098,-3849.56,0
1.633,3503.78,2.89458,5.82685,0.399825,-3810.89,0
1.63952,3503.77,2.92319,5.68112,4.27184,-3801.67,0
1.64602,3503.75,2.89536,5.58787,4.76904,-3796.92,0
1.65252,3503.65,2.80765,5.56742,6.40774,-3843.62,0
1.659,3503.77,2.82637,5.40524,0.371654,-3757.84,0
1.66546,3503.77,2.70873,5.16207,6.59761,-3743.14,0
1.67198,3503.7,2.65303,5.23244,6.33501,-3766.59,0
1.67844,3503.7,2.62208,5.21054,5.07532,-3753.94,0
1.68495,3503.69,2.71456,5.27195,0.188731,-3745.7,0
1.69146,3503.58,2.68069,5.37173,4.39833,-3794.15,0
1.69801,3503.47,2.69786,5.38881,6.1071,-3846.9,0
1.70451,3503.39,2.65417,5.388,7.79663,-3879.88,0
1.71099,3503.37,2.6519,5.28043,7.27815,-3877.8,0
1.71751,3503.43,2.6808,5.23837,1.67658,-3826.71,0
1.72404,3503.4,2.60598,5.22188,4.97138,-3828.03,0
1.73055,3503.35,2.48089,5.39302,4.4082,-3842.6,0
1.73708,3503.36,2.45222,5.30165,4.69502,-3824.24,0
1.7436,3503.27,2.43592,5.42093,6.14921,-3861.85,0
1.75011,3503.34,2.37237,5.3565,1.21621,-3807.95,0
1.75666,3503.31,2.41458,5.33458,2.21822,-3810.43,0
1.7632,3503.22,2.42032,5.36899,5.75784,-3846.72,0
1.76969,3503.18,2.45502,5.31028,5.26417,-3853.81,0
1.77619,3503.15,2.51801,5.39475,2.6077,-3855.96,0
1.7827,3503.1,2.49816,5.35928,4.15508,-3868.67,0
1.78927,3503.11,2.52987,5.41954,0.45647,-3850.33,0
1.79579,3503.01,2.55763,5.58474,1.51488,-3890.83,0
1.80228,3503.03,2.55961,5.52788,0.7076,-3869.6,0
1.80881,3502.99,2.34986,5.52047,5.54137,-3874.42,0
1.81531,3502.95,2.34911,5.46349,6.82219,-3885.68,0
1.82183,3502.97,2.28606,5.44317,2.82387,-3856.33,0
1.82832,3502.97,2.25482,5.25154,7.52804,-3845.36,0
1.83482,3503.01,2.20478,5.26743,2.13188,-3808.02,0
1.84137,3502.94,2.16374,5.16096,8.00129,-3835.36,0
1.84785,3502.87,2.19139,5.16694,8.63896,-3856.33,0
1.8544,3502.87,2.07566,5.23397,4.73514,-3844.68,0
1.8609,3502.86,1.99813,5.34377,2.13878,-3839.4,0
1.86742,3502.86,2.00355,5.22566,3.95044,-3824.23,0
1.87396,3502.85,2.08994,5.202,0.254898,-3813.03,0
1.88047,3502.78,2.1669,5.17093,5.39649,-3841.17,0
1.88698,3502.74,2.32614,5.19824,4.35704,-3848.61,0
1.89347,3502.75,2.21077,5.13305,6.06784,-3828.71,0
1.89996,3502.76,2.2874,5.06807,4.26879,-3811.55,0
1.90647,3502.73,2.23046,5.0359,6.1583,-3812.83,0
1.91298,3502.62,2.25593,4.99595,9.45314,-3858.22,0
1.9195,3502.63,2.18563,4.93221,5.41155,-3841.78,0
1.92605,3502.55,2.14529,5.05297,7.08207,-3870.56,0
1.93252,3502.5,2.15555,5.00188,7.95641,-3883.2,0
1.93903,3502.52,2.19316,4.95505,3.57646,-3858.36,0
1.94557,3502.46,2.20987,4.94549,4.5969,-3873.39,0
1.95208,3502.47,2.31962,4.95178,1.27594,-3857.77,0
1.95861,3502.38,2.2618,4.93125,7.65858,-3890.23,0
1.96511,3502.35,2.30458,5.09718,2.02887,-3894.8,0
1.97163,3502.33,2.36379,4.86412,7.71117,-3891.66,0
1.97819,3502.28,2.39814,4.83021,6.1676,-3900.77,0
1.98469,3502.27,2.40706,4.78955,6.28524,-3896.57,0
1.99121,3502.17,2.39757,4.83435,6.92139,-3932.14,0
1.99773,3502.04,2.36046,4.91048,9.91476,-3983.42,0
2.0042,3502,2.3712,4.97641,4.09947,-3992.01,0
2.01068,3501.99,2.54132,4.84371,5.10746,-3981.74,0
2.01718,3501.95,2.62181,4.85576,1.59024,-3988.5,0
2.02373,3501.9,2.63551,4.7227,9.00212,-4000.61,0
2.03027,3501.87,2.70177,4.64225,7.19995,-4006.24,0
2.03679,3501.77,2.67035,4.62885,6.40486,-4039.98,0
2.04331,3501.72,2.66579,4.57745,8.17933,-4050.55,0
2.04981,3501.77,2.54575,4.53422,5.84371,-4012.93,0
2.0563,3501.86,2.57486,4.39599,1.69265,-3958.47,0
2.06278,3501.8,2.42809,4.30493,10.732,-3973.49,0
2.06928,3501.81,2.33772,4.38425,2.02722,-3957.02,0
2.0758,3501.74,2.2816,4.51393,2.36309,-3980.53,0
2.08233,3501.63,2.29449,4.60599,5.78527,-4017.48,0
2.0888,3501.58,2.28341,4.5661,7.39919,-4031.04,0
2.09532,3501.65,2.16989,4.51173,3.7063,-3986.25,0
2.10184,3501.64,2.31683,4.45411,3.23102,-3978.68,0
2.10835,3501.71,2.08446,4.41446,2.9752,-3931.24,0
2.11482,3501.69,2.01548,4.3723,7.55076,-3931.63,0
2.12136,3501.68,2.04897,4.40675,1.6894,-3921.33,0
2.12785,3501.62,2.05714,4.46067,3.64469,-3939.64,0
2.13434,3501.49,2.1615,4.51966,8.57147,-3985.62,0
2.14085,3501.67,2.09832,4.33337,0.640451,-3891.22,0
2.14739,3501.64,2.04628,4.2524,6.8372,-3895.13,0
2.15392,3501.65,1.98211,4.24705,3.9179,-3876.26,0
2.16044,3501.6,1.8321,4.19382,9.02299,-3889.44,0
2.16694,3501.65,1.75116,4.21595,0.705137,-3851.65,0
2.17345,3501.63,1.85285,4.1265,4.17755,-3852.98,0
2.17996,3501.54,1.91238,4.06964,0.226334,-3882.91,0
2.18646,3501.46,1.87173,4.04684,7.97235,-3905.85,0
2.19292,3501.41,1.803,4.11878,5.52599,-3916.11,0
2.19947,3501.47,1.93929,3.97168,1.99869,-3876.7,0
2.20598,3501.43,2.07846,3.89484,4.7662,-3887.11,0
2.21251,3501.45,2.09094,3.81127,3.53775,-3866.46,0
2.21904,3501.42,2.11503,3.65712,7.66392,-3866.16,0
2.22556,3501.4,2.19242,3.70083,3.07788,-3862.55,0
2.23209,3501.45,2.22813,3.61231,0.801701,-3831.07,0
2.23852,3501.4,2.25904,3.58988,3.29035,-3842.06,0
2.24504,3501.3,2.32807,3.64759,6.31128,-3876.17,0
2.25155,3501.24,2.43662,3.67503,4.69473,-3888.81,0
2.25805,3501.3,2.24022,3.67517,2.35412,-3854.57,0
2.26453,3501.24,2.217,3.67531,6.36547,-3867.5,0
2.27102,3501.25,2.00912,3.81529,0.203896,-3853.05,0
2.27758,3501.16,2.11407,3.83527,5.18873,-3882.37,0
2.28409,3501.17,2.10509,3.78032,4.86313,-3863.89,0
2.29059,3501.08,2.1436,3.93578,4.0724,-3892.99,0
2.29711,3501.04,2.04881,3.90388,8.74035,-3899.38,0
2.30364,3501.08,2.03909,3.80024,8.24126,-3872.37,0
2.31017,3501.07,2.01569,3.90924,1.7634,-3863.91,0
2.31669,3501.06,1.90531,3.8886,5.07634,-3859.61,0
2.32321,3500.99,2.0815,3.94846,3.17293,-3879.67,0
2.32971,3501,2.00902,3.88172,6.45082,-3864.07,0
2.33627,3500.97,1.96102,3.88243,9.19635,-3866.57,0
2.34275,3501.02,1.89269,3.76365,7.70551,-3832.67,0
2.34926,3501.02,2.03153,3.73137,3.50322,-3824.48,0
2.35577,3500.97,1.94213,3.76424,7.64889,-3831.19,0
2.36229,3500.96,1.91718,3.8014,5.8231,-3825.2,0
2.36879,3501,1.93808,3.72206,3.88548,-3800.61,0
2.37529,3501.01,1.83101,3.748,2.78887,-3783.79,0
2.38181,3500.99,1.87626,3.656,5.67304,-3781.37,0
2.38835,3500.95,1.85973,3.57676,8.66218,-3790.72,0
2.39479,3500.94,1.86402,3.65024,0.674912,-3783.47,0
2.40137,3500.85,1.83809,3.69225,8.06049,-3810.6,0
2.4079,3500.89,1.78209,3.64937,5.14352,-3784.54,0
2.41443,3500.89,1.76803,3.57688,8.72088,-3774.37,0
2.42089,3500.9,1.70641,3.5788,6.10665,-3760.57,0
2.42736,3500.9,1.70643,3.52339,4.46309,-3749.1,0
2.43385,3500.93,1.57871,3.45255,6.39533,-3725.66,0
2.44042,3500.87,1.51167,3.35958,5.82866,-3741.59,0
2.44694,3500.85,1.44831,3.39454,4.65846,-3740.26,0
2.45342,3500.76,1.36517,3.53806,4.87411,-3765.6,0
2.45994,3500.83,1.3687,3.43763,1.74917,-3729.29,0
2.46645,3500.85,1.34054,3.34693,4.33643,-3710.84,0
2.47298,3500.69,1.3938,3.31598,8.41136,-3762.88,0
2.47948,3500.57,1.28216,3.37607,7.04092,-3801.91,0
2.48595,3500.57,1.21866,3.17609,8.02645,-3792.98,0
2.49247,3500.54,1.17776,3.22762,6.44711,-3794.41,0
2.49897,3500.41,1.24391,3.24807,4.65307,-3838.35,0
2.5055,3500.46,1.20649,3.14638,5.03436,-3807.75,0
2.51201,3500.42,1.13646,3.19209,2.96711,-3813.89,0
2.51852,3500.43,1.1635,3.17431,0.241245,-3798,0
2.525,3500.34,1.13879,3.27273,4.4327,-3826.54,0
2.53153,3500.31,1.18671,3.30137,1.64956,-3826.77,0
2.53808,3500.2,1.10768,3.33482,0.993537,-3862.63,0
2.54458,3500.2,1.08931,3.21746,5.45098,-3849.5,0
2.55108,3500.18,0.967637,3.26951,4.33005,-3849.5,0
2.55761,3500.13,0.890846,3.30336,7.65141,-3860.36,0
2.5641,3500.13,0.900357,3.30768,1.5332,-3848.99,0
2.57062,3500.1,0.948382,3.17038,2.50506,-3850.81,0
2.57713,3500.11,0.823237,3.01374,7.48437,-3838.05,0
2.58362,3500.1,0.85158,3.01502,6.56699,-3831.73,0
2.59015,3500.12,0.976713,2.93834,5.20369,-3815.44,0
2.59665,3500.15,1.0275,2.84871,5.6103,-3792.85,0
2.60318,3500.17,0.905401,2.58751,8.75094,-3777.66,0
2.60967,3500.17,0.939961,2.49109,2.53565,-3766.91,0
2.61623,3500.11,1.0644,2.43204,7.97325,-3778.6,0
2.62273,3500.04,1.13954,2.45947,8.06785,-3798.29,0
2.62922,3500.06,1.08639,2.4668,3.57518,-3782.32,0
2.63578,3500.02,0.997297,2.4767,7.78835,-3787.71,0
2.6423,3500.04,0.965435,2.44246,5.72774,-3767.72,0
2.64882,3499.99,0.825069,2.54674,6.74607,-3778.44,0
2.65536,3499.97,0.882407,2.36199,2.1008,-3776.01,0
2.66185,3499.92,0.808983,2.23411,5.08833,-3787.31,0
2.66838,3500,0.842511,2.00636,3.28784,-3746,0
2.67493,3500.03,0.792886,1.87817,3.70441,-3725.5,0
2.68143,3499.89,0.775981,1.80003,7.43281,-3771.48,0
2.68791,3499.81,0.85543,1.70014,7.98117,-3789.84,0
2.69442,3499.77,0.692278,1.73841,7.60493,-3797.47,0
2.70096,3499.67,0.691654,1.65678,7.32262,-3825.19,0
2.7075,3499.5,0.649655,1.7567,3.14888,-3878.23,0
2.71403,3499.43,0.554062,1.71697,8.67186,-3895.04,0
2.72054,3499.43,0.455476,1.62679,9.25071,-3885.36,0
2.72701,3499.39,0.400726,1.58645,3.60689,-3889.08,0
2.73351,3499.21,0.386246,1.66695,0.452847,-3946.19,0
2.74001,3499.26,0.26031,1.57812,6.20368,-3921.48,0
2.74651,3499.15,0.3668,1.49566,1.65186,-3950.42,0
2.753,3499.1,0.299352,1.34876,5.58906,-3957.91,0
2.7595,3499.07,0.238288,1.20174,9.21239,-3959.64,1
2.76604,3498.94,0.0887942,1.12506,7.08682,-4000.13,1
2.77257,3498.94,0.0710837,0.933,10.0781,-3990.8,1
2.77908,3498.8,-0.0346137,0.726955,6.30216,-4031.3,2
2.78555,3498.69,0.0271115,0.522397,9.69173,-4059.77,3
2.79112,3498.63,0.014316,0.283801,8.94046,-4074.21,5
