0.00649332,3509.89,-4.59922,-4.45436,5.13503,-16852.9,0
0.0129899,3509.84,-4.6381,-4.45808,5.5847,-12153.8,0
0.0194852,3509.72,-4.60846,-4.42193,7.72484,-14155.5,0
0.025993,3509.76,-4.59587,-4.46564,2.52347,-9127.76,0
0.0324789,3509.73,-4.57431,-4.62782,2.54509,-8371.47,0
0.0390011,3509.74,-4.47798,-4.50369,3.24725,-6776.97,0
0.0455165,3509.7,-4.50472,-4.44031,4.46692,-6527.03,0
0.0520592,3509.68,-4.52875,-4.48583,4.01129,-6097.93,0
0.0585618,3509.67,-4.54554,-4.49652,2.63672,-5553.85,0
0.0650311,3509.65,-4.54769,-4.34693,4.19176,-5310.39,0
0.0715737,3509.67,-4.62136,-4.38761,0.244774,-4570.28,0
0.0780513,3509.57,-4.65333,-4.36747,4.54376,-5470.61,0
0.0845833,3509.41,-4.79005,-4.53624,7.59646,-6931.3,0
0.0911045,3509.38,-4.81779,-4.51019,6.09648,-6850.37,0
0.0975606,3509.29,-4.75594,-4.45006,7.21208,-7285.49,0
0.104027,3509.26,-4.68834,-4.45347,4.75504,-7097.19,0
0.110543,3509.29,-4.64922,-4.40764,3.43399,-6389.86,0
0.117013,3509.31,-4.64369,-4.52081,1.49036,-5912.76,0
0.123553,3509.28,-4.63778,-4.49583,2.30641,-5816.17,0
0.130097,3509.33,-4.55799,-4.37968,1.14816,-5150.68,0
0.136626,3509.24,-4.57464,-4.42407,4.31231,-5562.58,0
0.143113,3509.2,-4.54027,-4.48474,4.28509,-5589.33,0
0.149628,3509.16,-4.50488,-4.52585,4.35428,-5587.01,0
0.156093,3509.21,-4.48236,-4.51811,1.50297,-5038.22,0
0.16266,3509.23,-4.24371,-4.3946,3.5009,-4762.93,0
0.169135,3509.2,-4.35285,-4.30833,4.07351,-4728.69,0
0.175643,3509.17,-4.2733,-4.33958,5.00234,-4749.41,0
0.182175,3509.23,-4.11817,-4.33897,2.15671,-4203.55,0
0.188686,3509.21,-4.34053,-4.3729,0.483404,-4162.09,0
0.195189,3509.13,-4.23797,-4.33432,4.8111,-4456.06,0
0.201735,3509.08,-4.22018,-4.29606,5.03654,-4546.05,0
0.208214,3509.04,-4.2523,-4.34525,5.03955,-4602.68,0
0.21471,3509.06,-4.24649,-4.41412,2.03792,-4382.59,0
0.22122,3509.04,-4.14311,-4.28152,4.45887,-4344.96,0
0.227755,3509,-4.18626,-4.32473,4.16446,-4379.31,0
0.234295,3508.99,-4.26336,-4.34907,3.2864,-4301.75,0
0.240811,3508.99,-4.31117,-4.34918,2.40056,-4200.06,0
0.247329,3508.95,-4.38666,-4.37626,2.85079,-4251.48,0
0.253842,3508.86,-4.44922,-4.32303,5.41881,-4485.94,0
0.260327,3508.89,-4.51411,-4.38363,1.08894,-4258.11,0
0.266839,3508.88,-4.49139,-4.22662,2.87682,-4199.16,0
0.273329,3508.85,-4.6789,-4.20274,2.37484,-4202.82,0
0.279883,3508.83,-4.62735,-4.22252,2.16661,-4189.17,0
0.286371,3508.88,-4.45032,-4.13499,1.52797,-3916.57,0
0.29285,3508.81,-4.32816,-4.12148,5.42772,-4052.86,0
0.299398,3508.97,-4.08174,-3.92497,0.324269,-3437.81,0
0.305907,3508.91,-4.02119,-3.90892,3.80316,-3575.16,0
0.312385,3508.89,-4.07499,-4.06099,2.05134,-3545.63,0
0.318925,3508.85,-4.15606,-4.02266,3.38183,-3611.21,0
0.325443,3508.87,-4.29423,-3.92169,0.167639,-3462.84,0
0.331926,3508.83,-4.23341,-3.7084,4.15197,-3518.09,0
0.338453,3508.9,-4.10459,-3.49804,2.68923,-3243.77,0
0.344933,3508.88,-4.12915,-3.61694,2.2906,-3249.31,0
0.351456,3508.72,-4.42212,-3.77238,5.87878,-3655.78,0
0.357917,3508.7,-4.37452,-3.78595,2.92451,-3620.41,0
0.364425,3508.73,-4.39948,-3.87665,0.290846,-3491.88,0
0.370877,3508.68,-4.39443,-3.79781,3.37807,-3572.3,0
0.377379,3508.77,-4.19394,-3.72553,0.425486,-3267.13,0
0.383872,3508.63,-4.18117,-3.63196,7.05661,-3556.12,0
0.390417,3508.59,-4.25229,-3.62928,6.19302,-3624.3,0
0.396937,3508.63,-4.12779,-3.68278,2.78156,-3439.16,0
0.403406,3508.51,-4.54734,-3.85791,3.78215,-3702.17,0
0.409919,3508.43,-4.52147,-3.89486,6.16691,-3819.89,0
0.416439,3508.42,-4.74039,-3.90975,3.62727,-3800.3,0
0.422964,3508.42,-4.60804,-3.98566,3.6415,-3738.97,0
0.429475,3508.51,-4.48587,-3.83581,0.809414,-3471.3,0
0.435951,3508.5,-4.49946,-3.83269,1.06341,-3450.03,0
0.442441,3508.45,-4.69044,-3.69343,2.38159,-3506.12,0
0.448944,3508.43,-4.92664,-3.4948,1.72553,-3499.92,0
0.45548,3508.38,-4.72233,-3.43094,5.88953,-3566.77,0
0.461957,3508.37,-4.70724,-3.41899,4.08964,-3530.36,0
0.468475,3508.33,-4.73044,-3.36397,4.82645,-3557.49,0
0.474949,3508.38,-4.65204,-3.3588,2.43689,-3413.59,0
0.481474,3508.42,-4.38125,-3.33768,2.32484,-3278.2,0
0.488019,3508.37,-4.26353,-3.70944,2.85782,-3346.14,0
0.494544,3508.28,-4.33266,-3.64293,5.81823,-3469.83,0
0.501084,3508.34,-4.37024,-3.47063,2.01446,-3309.06,0
0.50763,3508.35,-4.28177,-3.62274,0.457716,-3247.35,0
0.51412,3508.28,-4.23269,-3.83965,2.33353,-3339.19,0
0.520632,3508.23,-4.31512,-3.62578,4.66147,-3395.11,0
0.527177,3508.22,-4.3759,-3.4948,4.9601,-3385.53,0
0.533717,3508.19,-4.43715,-3.5085,4.07001,-3396.09,0
0.540224,3508.18,-4.36357,-3.46638,4.8952,-3372.24,0
0.546746,3508.26,-4.29532,-3.423,1.20877,-3189.7,0
0.553215,3508.16,-4.28496,-3.5233,5.29145,-3330.38,0
0.559715,3508.12,-4.33006,-3.48884,5.45816,-3351.28,0
0.566259,3508.03,-4.592,-3.50671,4.92082,-3474.31,0
0.572796,3508.07,-4.46715,-3.53501,2.90228,-3363.44,0
0.579282,3508.04,-4.45788,-3.53181,2.86857,-3377.51,0
0.585762,3508.03,-4.39295,-3.51177,3.89042,-3363.36,0
0.592267,3507.96,-4.28036,-3.54637,6.27121,-3445.85,0
0.598791,3507.92,-4.24408,-3.49344,4.94243,-3473.99,0
0.605273,3507.9,-4.20848,-3.52583,4.27664,-3476.71,0
0.611775,3507.9,-4.07773,-3.45593,4.53501,-3433.23,0
0.61826,3507.9,-4.16785,-3.58005,1.45883,-3392.09,0
0.624763,3507.87,-3.9801,-3.78721,2.17345,-3403.61,0
0.631266,3507.88,-3.81752,-3.79464,2.44129,-3350.7,0
0.637769,3507.87,-3.81421,-3.55021,4.59241,-3343.27,0
0.644278,3507.89,-3.82116,-3.51772,3.14202,-3281.96,0
0.650769,3507.93,-3.7918,-3.37877,1.70987,-3187.52,0
0.657287,3507.93,-3.64847,-3.30417,2.86096,-3145.86,0
0.663805,3507.95,-3.58485,-3.12288,2.83796,-3093.32,0
0.67032,3507.92,-3.60539,-3.0363,3.94055,-3100.91,0
0.676814,3507.94,-3.62363,-3.14696,1.31668,-3043.68,0
0.683301,3507.96,-3.51227,-2.93494,2.59226,-2987.78,0
0.689801,3507.9,-3.5422,-2.8742,5.5285,-3043.08,0
0.69631,3507.96,-3.41033,-2.93451,1.35153,-2926.15,0
0.702827,3507.93,-3.41561,-2.84063,3.38091,-2946.08,0
0.709346,3507.93,-3.48262,-2.81061,2.15856,-2914.8,0
0.715813,3507.95,-3.41877,-2.7344,1.3828,-2858.21,0
0.722343,3507.85,-3.54887,-2.70246,5.10062,-2971.29,0
0.728891,3507.86,-3.4762,-2.77557,3.88786,-2933.88,0
0.73539,3507.81,-3.48807,-2.79613,3.97492,-2980.77,0
0.741906,3507.71,-3.49678,-3.00751,6.55428,-3087.29,0
0.748391,3507.71,-3.56927,-3.07646,3.90484,-3061.3,0
0.754855,3507.63,-3.6701,-3.04671,5.68553,-3141.29,0
0.761406,3507.64,-3.67922,-2.96379,3.59378,-3101.52,0
0.767898,3507.59,-3.72826,-3.03452,5.01939,-3144.49,0
0.774379,3507.49,-3.61629,-3.01092,7.9699,-3240.25,0
0.780882,3507.46,-3.56151,-3.07519,6.21665,-3258.32,0
0.787345,3507.43,-3.50173,-3.21708,5.93496,-3267.51,0
0.793886,3507.45,-3.54416,-3.37988,1.56459,-3214.46,0
0.800403,3507.34,-3.43099,-3.36822,7.71439,-3325.32,0
0.806887,3507.52,-3.08658,-3.1298,0.651539,-3077.35,0
0.813392,3507.45,-3.19199,-3.27876,1.61011,-3129.6,0
0.819936,3507.44,-3.1615,-3.22092,2.89423,-3123.45,0
0.82644,3507.4,-3.13831,-3.27347,3.64306,-3146.38,0
0.832923,3507.39,-3.04935,-3.39021,3.095,-3132.02,0
0.839386,3507.38,-2.96314,-3.35488,4.02533,-3117.54,0
0.845903,3507.44,-2.80222,-3.34283,1.75176,-3029.52,0
0.8524,3507.38,-2.79072,-3.43046,3.45326,-3068.86,0
0.858919,3507.41,-2.77722,-3.3578,2.403,-3018.66,0
0.865434,3507.41,-2.68122,-3.24237,3.26862,-2993.8,0
0.87195,3507.41,-2.5003,-3.18908,4.36753,-2971.03,0
0.878469,3507.43,-2.37924,-3.31086,1.32696,-2926.59,0
0.884937,3507.44,-2.37913,-3.14465,1.90509,-2895.03,0
0.891424,3507.35,-2.35491,-3.01104,6.3909,-2969.03,0
0.897875,3507.39,-2.43759,-2.98039,1.29893,-2901.54,0
0.904391,3507.34,-2.45236,-2.9965,2.26955,-2944.3,0
0.910912,3507.27,-2.4374,-3.05635,5.09238,-2994.21,0
0.917402,3507.27,-2.4177,-3.18943,3.45362,-2980.49,0
0.923907,3507.28,-2.32849,-3.23692,2.07972,-2941.41,0
0.930441,3507.17,-2.38643,-3.31209,6.46049,-3038.05,0
0.936957,3507.19,-2.41191,-3.36675,3.8122,-3003.43,0
0.943494,3507.2,-2.37685,-3.2959,3.67925,-2969.55,0
0.950026,3507.17,-2.39416,-3.43612,2.77125,-2983.99,0
0.956479,3507.18,-2.21457,-3.43161,2.49425,-2951.96,0
0.962962,3507.1,-2.35972,-3.35212,6.27248,-3008.34,0
0.96945,3507.12,-2.25929,-3.40173,2.5431,-2972.02,0
0.975927,3507.13,-2.01977,-3.29579,4.02065,-2939.34,0
0.982423,3507.09,-2.2959,-3.43914,2.38186,-2963.14,0
0.98893,3507.01,-2.35026,-3.43576,4.65531,-3024.29,0
0.995453,3507,-2.26776,-3.55065,3.52193,-3010.26,0
1.00194,3506.99,-2.37606,-3.5119,3.15955,-3003.96,0
1.00843,3507,-2.47071,-3.56899,0.351715,-2970.69,0
1.0149,3506.94,-2.47047,-3.47908,4.13357,-3016.24,0
1.02139,3506.96,-2.30463,-3.49623,3.22704,-2976.14,0
1.02787,3506.89,-2.32079,-3.5893,4.57747,-3027.6,0
1.03439,3506.89,-2.35037,-3.46442,3.60684,-3002.45,0
1.04086,3506.89,-2.41966,-3.31416,3.49205,-2986.35,0
1.04738,3506.78,-2.7513,-3.42981,5.54001,-3071.14,0
1.05392,3506.73,-2.91896,-3.60707,4.00275,-3103.39,0
1.06045,3506.66,-3.20369,-3.59911,4.71924,-3152.58,0
1.06694,3506.68,-3.13712,-3.43847,4.06376,-3108.95,0
1.0734,3506.67,-3.24002,-3.32225,4.02246,-3101.34,0
1.07994,3506.63,-3.13931,-3.27312,6.25823,-3119.68,0
1.08645,3506.66,-3.07963,-3.19512,3.3426,-3073.65,0
1.093,3506.64,-3.0774,-3.01359,5.27781,-3069.54,0
1.09952,3506.66,-3.2488,-2.99617,1.4284,-3036.01,0
1.10601,3506.68,-3.19978,-2.88191,0.812023,-2997.26,0
1.11254,3506.62,-3.30088,-2.58762,5.95518,-3037.5,0
1.11901,3506.63,-3.3333,-2.56217,2.95929,-3008.05,0
1.12547,3506.58,-3.30792,-2.64109,4.81937,-3036.91,0
1.13193,3506.62,-3.25976,-2.66388,1.83427,-2988.43,0
1.13849,3506.52,-3.34577,-2.74531,5.88491,-3060.74,0
1.14504,3506.52,-3.29726,-2.73127,4.31194,-3042.29,0
1.15155,3506.48,-3.24631,-2.70698,5.90919,-3059.18,0
1.15805,3506.52,-3.14307,-2.74245,2.46848,-3003.81,0
1.16456,3506.43,-3.2424,-2.98167,3.75184,-3065.91,0
1.17107,3506.4,-3.18834,-3.09495,3.83628,-3076.15,0
1.17758,3506.45,-3.24801,-2.87377,0.970194,-3017.53,0
1.18412,3506.38,-3.53521,-2.79698,2.1307,-3058.95,0
1.19062,3506.27,-3.53545,-2.73951,6.31533,-3129.22,0
1.19714,3506.21,-3.47606,-2.70806,7.50315,-3164.66,0
1.20368,3506.18,-3.50857,-2.8008,4.81372,-3176.79,0
1.21022,3506.19,-3.45478,-2.75539,4.41579,-3147.85,0
1.21672,3506.24,-3.4253,-2.61211,2.36506,-3094.39,0
1.22323,3506.23,-3.34486,-2.32473,5.63337,-3085.02,0
1.22968,3506.23,-3.31716,-2.29591,2.38602,-3063.25,0
1.2362,3506.19,-3.24524,-2.35572,3.60729,-3079.26,0
1.24269,3506.26,-3.16922,-2.1316,1.34868,-3007.26,0
1.2492,3506.21,-3.24591,-2.00754,4.08201,-3033.43,0
1.25567,3506.16,-3.15659,-1.94786,5.85164,-3055.09,0
1.26219,3506.09,-3.09976,-1.97713,7.70265,-3098.2,0
1.26872,3506.08,-3.16315,-1.94629,3.20825,-3089.72,0
1.27523,3506.07,-3.3505,-1.74547,1.99263,-3078.19,0
1.28171,3506.05,-3.43383,-1.84057,1.44512,-3082.43,0
1.28822,3505.94,-3.43259,-1.70684,7.16491,-3147.78,0
1.29475,3505.9,-3.43215,-1.67629,6.35137,-3163.96,0
1.30126,3505.87,-3.40823,-1.65938,6.2458,-3171.05,0
1.30776,3505.85,-3.42617,-1.66994,4.88665,-3172.57,0
1.31423,3505.86,-3.40586,-1.74314,3.24273,-3149.99,0
1.32072,3505.82,-3.35935,-1.75572,4.89458,-3162.94,0
1.3272,3505.76,-3.44944,-1.72045,5.11249,-3191.61,0
1.33368,3505.77,-3.38815,-1.78032,1.37249,-3171.15,0
1.34017,3505.67,-3.54914,-1.84191,4.59647,-3228.35,0
1.34668,3505.66,-3.7253,-1.73593,3.21247,-3224.69,0
1.35319,3505.59,-3.78491,-1.65337,6.59866,-3259.3,0
1.35969,3505.57,-3.83899,-1.53217,4.27038,-3257.88,0
1.36621,3505.52,-3.74883,-1.54631,7.19745,-3279.86,0
1.37266,3505.56,-3.75233,-1.59387,1.15408,-3235.3,0
1.37918,3505.46,-3.79812,-1.47816,6.63547,-3294.7,0
1.3857,3505.47,-3.78093,-1.32029,5.20077,-3272.5,0
1.39221,3505.46,-3.85966,-1.47087,2.05066,-3258.88,0
1.39871,3505.4,-3.83486,-1.47912,6.05476,-3291.98,0
1.40521,3505.42,-3.89043,-1.33858,2.37991,-3259.52,0
1.41173,3505.42,-3.74759,-1.20546,4.96653,-3245.35,0
1.41823,3505.47,-3.67536,-0.995046,2.5398,-3195.44,0
1.42475,3505.34,-3.55445,-0.917057,9.52302,-3269.37,0
1.43125,3505.33,-3.68689,-0.909831,5.25779,-3263.19,0
1.43772,3505.3,-3.68092,-0.864109,5.7408,-3271.29,0
1.44422,3505.28,-3.67528,-0.838067,5.13017,-3268.62,0
1.45074,3505.36,-3.4162,-0.526349,3.74015,-3198.54,0
1.4573,3505.3,-3.53136,-0.50855,5.08944,-3223.02,0
1.4638,3505.23,-3.53087,-0.518574,6.96562,-3262.01,0
1.47034,3505.15,-3.59069,-0.528418,7.23662,-3297.57,0
1.47687,3505.16,-3.72042,-0.464524,2.69137,-3278.37,0
1.48338,3505.09,-3.71408,-0.416215,4.74125,-3307.63,0
1.48988,3505.07,-3.83258,-0.358066,3.58339,-3310.8,0
1.4964,3505.04,-3.87133,-0.286999,4.18491,-3312.77,0
1.50295,3504.99,-3.84128,-0.270911,6.80651,-3331.7,0
1.50943,3505.04,-3.80056,-0.205079,0.711198,-3287.47,0
1.51594,3504.87,-3.90493,-0.442224,8.20083,-3382.28,0
1.52241,3504.88,-3.97123,-0.419857,4.34177,-3366.22,0
1.52891,3504.84,-3.91868,-0.280281,6.65577,-3377.36,0
1.53539,3504.78,-3.93024,-0.270499,7.80988,-3399.92,0
1.54191,3504.74,-3.93828,-0.348391,4.76701,-3410.19,0
1.54842,3504.73,-3.95682,-0.453116,4.13108,-3406.31,0
1.55495,3504.77,-3.79409,-0.364463,3.31833,-3361.02,0
1.56141,3504.8,-3.72906,-0.206672,2.39844,-3333.32,0
1.5679,3504.82,-3.69214,-0.116232,0.84793,-3306.3,0
1.57445,3504.8,-3.67796,-0.0593843,1.35236,-3300.8,0
1.58094,3504.73,-3.88379,0.198546,2.2484,-3334.52,0
1.58747,3504.63,-4.09174,0.121799,4.12498,-3380.13,0
1.59399,3504.58,-4.19426,0.216152,4.84602,-3402.54,0
1.60047,3504.37,-4.17956,0.107255,5.26953,-3519.76,0
1.60697,3504.33,-4.32342,-0.0952746,3.37663,-3525.78,0
1.61347,3504.3,-4.353,-0.377948,4.54045,-3532.82,0
1.62001,3504.22,-4.30728,-0.340773,8.46229,-3570.74,0
1.62654,3504.23,-4.36296,-0.382178,2.98613,-3544.6,0
1.63306,3504.24,-4.29004,-0.647518,2.74875,-3527.17,0
1.63954,3504.2,-4.23751,-0.576513,6.37464,-3538.34,0
1.64599,3504.22,-4.18147,-0.530597,4.01245,-3512.82,0
1.65253,3504.19,-4.27066,-0.45707,3.19314,-3513.14,0
1.65903,3504.13,-4.34693,-0.375387,5.63999,-3536.91,0
1.66557,3504.08,-4.35314,-0.437642,5.41998,-3554.33,0
1.67204,3504.08,-4.29238,-0.376404,5.40006,-3542.22,0
1.67854,3504.02,-4.47729,-0.29554,2.25606,-3563.34,0
1.68508,3503.91,-4.61885,-0.545597,5.60638,-3611.71,0
1.69157,3503.89,-4.54174,-0.587466,6.94726,-3609.21,0
1.69803,3503.91,-4.58881,-0.608168,2.59785,-3584.46,0
1.70455,3503.81,-4.59952,-0.609821,6.63995,-3628.58,0
1.71109,3503.74,-4.60781,-0.624185,7.79425,-3658.24,0
1.71764,3503.76,-4.56993,-0.664473,5.70593,-3633.5,0
1.72418,3503.74,-4.49644,-0.646813,6.25819,-3633.03,0
1.73068,3503.76,-4.45475,-0.5974,1.33718,-3605.62,0
1.73715,3503.79,-4.37329,-0.372037,1.72314,-3576.2,0
1.74363,3503.78,-4.32029,-0.302599,3.27411,-3568.82,0
1.75013,3503.79,-4.33896,-0.26102,0.520399,-3548.06,0
1.75661,3503.71,-4.37429,-0.121529,5.25612,-3579.54,0
1.76312,3503.71,-4.2767,-0.207018,6.26844,-3565.21,0
1.76962,3503.7,-4.228,-0.267751,6.30443,-3558.04,0
1.77611,3503.59,-4.23996,-0.280069,10.153,-3610.87,0
1.78264,3503.6,-4.26487,-0.358085,3.37656,-3592.7,0
1.78917,3503.59,-4.1871,-0.215676,4.20345,-3581.78,0
1.79563,3503.6,-4.11638,-0.0599997,5.34349,-3564.67,0
1.80213,3503.55,-4.09331,0.0255895,7.10083,-3580.76,0
1.80862,3503.5,-3.99584,-0.0210929,9.63089,-3591.28,0
1.81512,3503.33,-4.05502,-0.180107,7.30434,-3676.64,0
1.82156,3503.33,-4.06913,-0.191394,3.80684,-3662.78,0
1.82807,3503.28,-4.02496,-0.175656,7.11729,-3678.67,0
1.8346,3503.17,-4.25093,-0.287446,7.20504,-3724.33,0
1.84105,3503.19,-4.25525,-0.298151,2.3625,-3696.48,0
1.8476,3503.11,-4.26691,-0.351747,5.8049,-3729,0
1.8541,3503.1,-4.33168,-0.271875,3.165,-3719.76,0
1.86064,3503.07,-4.36215,-0.271516,3.44135,-3726.36,0
1.86713,3502.99,-4.43262,-0.279243,4.83783,-3756.8,0
1.87363,3503,-4.37044,-0.399545,3.85197,-3734.5,0
1.88016,3503.04,-4.26865,-0.370535,3.15143,-3700.31,0
1.88666,3502.97,-4.4369,-0.441269,2.24975,-3724.04,0
1.89311,3502.92,-4.45808,-0.566636,4.02086,-3739.92,0
1.89959,3503.01,-4.22481,-0.736735,3.21108,-3681.2,0
1.90612,3503.08,-3.94214,-0.770669,4.92357,-3631.72,0
1.91266,3503.06,-3.94502,-0.764694,4.60245,-3627.3,0
1.91914,3503.08,-3.89226,-0.625149,3.26575,-3604.74,0
1.92568,3503.08,-3.93593,-0.580056,1.13594,-3592.55,0
1.9322,3503.1,-3.78465,-0.632009,3.02035,-3569.4,0
1.93867,3503.09,-3.70019,-0.595781,4.88035,-3563.26,0
1.94519,3503.03,-3.74257,-0.454893,7.06177,-3585.76,0
1.95171,3502.96,-3.85644,-0.513764,5.20388,-3604.57,0
1.95824,3502.96,-3.78947,-0.439436,4.63879,-3593.36,0
1.96471,3502.95,-3.83247,-0.678586,2.04293,-3590.4,0
1.97119,3502.86,-3.8679,-0.69236,7.74441,-3621.62,0
1.97767,3502.91,-3.87976,-0.57522,1.80166,-3582.78,0
1.98416,3502.83,-3.96783,-0.651997,5.04524,-3612.01,0
1.99066,3502.86,-3.95369,-0.593381,2.05934,-3586.96,0
1.99718,3502.81,-3.86729,-0.585304,6.69292,-3601.73,0
2.0037,3502.79,-3.86008,-0.484627,6.45185,-3599.58,0
2.01024,3502.78,-3.8071,-0.563485,5.81522,-3592.8,0
2.01674,3502.77,-3.89637,-0.522865,2.34898,-3585.37,0
2.02325,3502.77,-3.77521,-0.533904,4.05761,-3572.36,0
2.02982,3502.77,-3.76428,-0.532455,3.78077,-3563.99,0
2.03629,3502.86,-3.54287,-0.562797,1.79628,-3507.32,0
2.04284,3502.82,-3.42219,-0.54069,5.97161,-3515.06,0
2.04934,3502.81,-3.44546,-0.629813,4.27488,-3506.93,0
2.05582,3502.76,-3.65479,-0.607814,1.71108,-3523.95,0
2.06235,3502.68,-3.65072,-0.593494,6.39829,-3551.72,0
2.06886,3502.61,-3.76049,-0.595995,6.73338,-3570.66,0
2.0754,3502.63,-3.76109,-0.560032,2.45355,-3552.25,0
2.08191,3502.55,-3.88921,-0.53503,4.35427,-3580.59,0
2.0884,3502.52,-3.87884,-0.497145,4.38288,-3583.64,0
2.09492,3502.52,-3.79694,-0.452402,5.12521,-3569.08,0
2.10139,3502.48,-3.92542,-0.393424,2.58853,-3576.97,0
2.10784,3502.39,-4.12086,-0.402324,2.50836,-3610.47,0
2.11436,3502.33,-4.18288,-0.421897,4.90998,-3628.69,0
2.12083,3502.38,-4.02198,-0.372699,6.08244,-3594.39,0
2.12733,3502.41,-3.98045,-0.254578,2.39468,-3565.68,0
2.13385,3502.4,-3.85336,-0.255684,7.33627,-3562.51,0
2.14039,3502.33,-3.78367,-0.127434,3.97476,-3585.34,0
2.14689,3502.29,-3.77756,-0.117603,3.65679,-3592.2,0
2.15338,3502.36,-3.65345,-0.113273,1.2739,-3550.03,0
2.15986,3502.3,-3.58709,-0.178842,6.44984,-3565.76,0
2.16634,3502.27,-3.61338,-0.145079,6.45649,-3568.95,0
2.17286,3502.26,-3.64238,-0.0764765,3.77954,-3562.08,0
2.17941,3502.17,-3.55507,-0.0713531,3.13752,-3591.81,0
2.186,3502.15,-3.55877,0.106642,4.33117,-3589.72,0
2.1925,3502.22,-3.41193,0.179212,1.50071,-3546.78,0
2.19902,3502.09,-3.31093,0.218385,4.42631,-3597.18,0
2.20553,3502.03,-3.38259,0.18583,6.16734,-3615.24,0
2.21199,3502.01,-3.31871,0.240146,6.30986,-3613.33,0
2.2185,3501.98,-3.40405,0.246127,3.20381,-3616.87,0
2.22503,3501.94,-3.41799,0.254686,3.70467,-3622.74,0
2.23153,3501.89,-3.49387,0.190582,4.50291,-3633.32,0
2.238,3501.91,-3.48021,0.247087,1.246,-3613.47,0
2.2445,3501.9,-3.41909,0.466321,3.74549,-3608.85,0
2.25099,3501.91,-3.31642,0.436087,6.87013,-3595.58,0
2.25749,3501.86,-3.36828,0.521474,5.07796,-3606.06,0
2.26399,3501.92,-3.21708,0.484159,4.80889,-3567.79,0
2.27048,3501.92,-3.24922,0.427622,2.58556,-3556.8,0
2.27698,3501.86,-3.29393,0.305803,3.46234,-3574.63,0
2.28342,3501.77,-3.39422,0.232346,7.32175,-3605.26,0
2.2899,3501.65,-3.37229,0.226261,4.51754,-3644.98,0
2.29636,3501.59,-3.43858,0.192419,6.13194,-3660.46,0
2.3029,3501.62,-3.4263,0.248008,2.46472,-3638.71,0
2.30938,3501.51,-3.532,0.342631,7.64913,-3676.04,0
2.3159,3501.53,-3.49412,0.28729,4.58935,-3657.55,0
2.32242,3501.49,-3.51092,0.37736,6.43743,-3663.19,0
2.32896,3501.49,-3.53576,0.569179,1.62217,-3652.74,0
2.33548,3501.47,-3.51284,0.556032,4.5067,-3652.32,0
2.34199,3501.46,-3.50981,0.588414,4.59663,-3647.35,0
2.34848,3501.44,-3.50949,0.565435,3.52248,-3645.84,0
2.35499,3501.43,-3.50061,0.680683,2.65187,-3638.93,0
2.36148,3501.4,-3.53655,0.611102,2.99217,-3643.06,0
2.36794,3501.28,-3.69702,0.416995,5.81915,-3684.56,0
2.37448,3501.34,-3.54553,0.401805,2.36687,-3645.1,0
2.381,3501.22,-3.55759,0.408089,3.04746,-3686.94,0
2.38749,3501.27,-3.42043,0.199005,4.77876,-3655.78,0
2.39401,3501.26,-3.43186,0.141272,3.03255,-3650.92,0
2.40056,3501.19,-3.50086,-0.156123,6.05849,-3670.11,0
2.40711,3501.14,-3.4714,-0.155276,6.13804,-3679.74,0
2.4136,3501.12,-3.46331,-0.11058,3.99055,-3679.74,0
2.4201,3501.08,-3.37187,-0.114511,9.33774,-3684.34,0
2.42664,3500.97,-3.40463,-0.0613175,6.18309,-3719.68,0
2.43319,3500.97,-3.43343,-0.0510415,2.44404,-3711.27,0
2.43969,3500.96,-3.33896,-0.108397,8.0494,-3703.89,0
2.44621,3500.99,-3.33457,-0.237402,2.74518,-3683.32,0
2.4527,3500.91,-3.44886,-0.270764,1.44502,-3706.13,0
2.45921,3500.86,-3.45487,-0.291584,5.70556,-3717.8,0
2.46568,3500.74,-3.48102,-0.338194,3.18358,-3755.96,0
2.47216,3500.68,-3.42263,-0.375457,9.30086,-3769.44,0
2.47868,3500.63,-3.27565,-0.436239,9.49146,-3781.98,0
2.48518,3500.56,-3.36445,-0.388037,5.20579,-3798.38,0
2.49167,3500.58,-3.34803,-0.42826,1.06533,-3779.17,0
2.49816,3500.49,-3.37129,-0.385734,9.23492,-3808.43,0
2.50467,3500.48,-3.32837,-0.387698,7.72154,-3801.28,0
2.51114,3500.52,-3.29083,-0.184861,4.56813,-3776.31,0
2.51762,3500.41,-3.28316,-0.210208,2.15295,-3809.42,0
2.5241,3500.36,-3.30695,-0.175277,4.10177,-3819.46,0
2.5306,3500.26,-3.22826,-0.213954,8.94617,-3848.6,0
2.53708,3500.24,-3.23448,-0.156573,5.54849,-3847.21,0
2.54365,3500.17,-3.31012,-0.0974936,4.41384,-3865.69,0
2.55016,3500.15,-3.35381,-0.0929211,0.585033,-3862.61,0
2.55668,3500.12,-3.28846,-0.0853396,7.24796,-3865.22,0
2.56316,3500.25,-3.08548,-0.11635,6.46153,-3803.52,0
2.56968,3500.27,-2.99351,-0.109198,7.53707,-3787.55,0
2.57619,3500.29,-2.97698,-0.0998964,3.2171,-3769.74,0
2.58273,3500.24,-2.84876,-0.0895061,7.17364,-3777.21,0
2.58924,3500.15,-2.84577,-0.041384,6.19797,-3805.74,0
2.59569,3500.08,-2.8949,-0.0675988,6.76498,-3820.45,0
2.6022,3500.08,-2.84625,-0.0905813,8.62687,-3811.22,0
2.60872,3500.04,-2.80786,-0.115323,5.09638,-3818.52,0
2.61517,3500.05,-2.77891,-0.162858,4.69467,-3806.18,0
2.62165,3499.94,-2.81635,-0.205576,1.19012,-3837.75,0
2.62814,3499.89,-2.70791,-0.235321,5.97069,-3846.4,0
2.63464,3499.72,-2.71825,-0.25608,5.53661,-3900.05,0
2.64114,3499.62,-2.649,-0.315227,4.45107,-3931.73,0
2.64763,3499.54,-2.6173,-0.250845,9.82721,-3951.84,0
2.65418,3499.46,-2.5498,-0.262734,2.83524,-3969.67,0
2.66068,3499.4,-2.58737,-0.210048,5.62019,-3982.33,0
2.66719,3499.3,-2.59052,-0.303763,7.87067,-4012.12,0
2.67367,3499.31,-2.53183,-0.350434,10.8885,-3996.54,0
2.6802,3499.29,-2.54282,-0.262667,1.86109,-3996.87,0
2.68672,3499.39,-2.42837,-0.266066,1.21122,-3949.9,0
2.69327,3499.35,-2.27863,-0.294438,7.0149,-3954.65,0
2.69978,3499.28,-2.26952,-0.287583,4.73041,-3970.33,0
2.70631,3499.2,-2.16434,-0.298391,3.51294,-3991.47,0
2.71281,3499.13,-2.07159,-0.194848,1.62061,-4005.47,0
2.71933,3498.95,-2.07763,-0.384138,5.57535,-4063.67,0
2.72587,3498.97,-1.91813,-0.497082,5.25143,-4046.64,0
2.73236,3498.89,-1.88815,-0.579254,9.26413,-4065.82,0
2.73888,3498.88,-1.85083,-0.57613,6.45789,-4060.25,0
2.74542,3498.84,-1.65118,-0.540505,9.45594,-4065.5,0
2.75187,3498.69,-1.52309,-0.464606,4.86248,-4108.51,0
2.75842,3498.51,-1.48193,-0.36713,0.905286,-4165.67,0
2.76496,3498.48,-1.40657,-0.317343,3.10407,-4165.46,0
2.7715,3498.36,-1.35371,-0.25097,11.615,-4201.29,0
2.77797,3498.27,-1.18521,-0.174728,11.9093,-4222.21,0
2.78443,3498.05,-1.12501,-0.237574,5.35574,-4290.89,0
2.79096,3497.88,-1.04129,-0.116639,3.17618,-4341.9,0
2.79744,3497.75,-0.858585,-0.0879535,9.76445,-4380.01,0
2.80399,3497.74,-0.675826,-0.00534544,1.08354,-4372.82,0
2.80993,3497.66,-0.474492,0.0467707,4.48037,-4389.93,0
