0.006523,3509.88,-3.14437,-1.28289,4.80025,-17997,0
0.0130014,3509.82,-3.27195,-1.30663,6.20455,-14209.2,0
0.0195088,3509.87,-3.29188,-1.12301,2.76247,-6428.35,0
0.025998,3509.82,-3.23304,-1.26627,4.63889,-6876.69,0
0.0325005,3509.82,-3.31174,-1.27321,2.1352,-5547.87,0
0.0389979,3509.76,-3.33101,-1.14264,4.75377,-6191.21,0
0.0455081,3509.75,-3.17707,-1.055,4.71391,-5490.96,0
0.0520092,3509.77,-3.30379,-0.993696,2.40682,-4423.53,0
0.0584954,3509.75,-3.41664,-1.15988,1.77812,-4241.83,0
0.0650391,3509.72,-3.56124,-1.27701,1.73297,-4374.61,0
0.0715964,3509.66,-3.68132,-1.29703,3.47775,-4776.02,0
0.078077,3509.64,-3.7977,-1.19829,3.02715,-4638.42,0
0.0845459,3509.65,-3.74334,-1.20349,2.45239,-4188.64,0
0.0910284,3509.61,-3.85684,-1.45271,2.17682,-4255.27,0
0.0975905,3509.57,-3.88961,-1.39193,2.95984,-4396.3,0
0.104134,3509.56,-3.76121,-1.34104,3.4974,-4217.81,0
0.110686,3509.6,-3.62342,-1.2945,2.27547,-3630.82,0
0.117212,3509.53,-3.86987,-1.40018,3.27429,-4020.43,0
0.123696,3509.45,-3.98327,-1.32258,4.75716,-4412.01,0
0.130221,3509.44,-4.03984,-1.28295,4.10319,-4329.01,0
0.136742,3509.34,-3.99164,-1.26701,6.87652,-4843.45,0
0.143243,3509.39,-4.00864,-1.26723,1.80431,-4233.36,0
0.149715,3509.37,-3.80624,-1.25885,3.6502,-4215.64,0
0.156211,3509.38,-3.92555,-1.02137,2.33793,-3976.81,0
0.162676,3509.35,-3.74398,-1.02672,4.54871,-3976.82,0
0.169198,3509.28,-3.8698,-1.11406,4.6603,-4239.83,0
0.175723,3509.22,-3.90123,-1.05601,6.02988,-4413.16,0
0.182239,3509.13,-3.91172,-1.09892,7.60653,-4753.77,0
0.188759,3509.15,-3.85596,-1.07386,3.73587,-4501.26,0
0.195283,3509.18,-3.91345,-0.916433,1.76252,-4217.48,0
0.201775,3509.09,-3.82913,-0.804369,5.31439,-4493.03,0
0.208313,3509.16,-3.70092,-0.781841,1.62237,-4031.23,0
0.214779,3509.08,-3.68319,-0.803796,5.01517,-4303.6,0
0.221242,3509.09,-3.70761,-0.857962,1.48352,-4105.09,0
0.227804,3509.04,-3.85379,-0.953183,2.14951,-4194.13,0
0.234353,3509.03,-3.84073,-1.05952,1.66349,-4153.68,0
0.240854,3509.07,-3.50838,-1.31131,0.501556,-3864.02,0
0.247357,3508.97,-3.51646,-1.41219,4.36136,-4156.32,0
0.253863,3508.87,-3.57315,-1.44783,5.89017,-4460.3,0
0.260372,3508.94,-3.50859,-1.39195,0.819656,-4073.91,0
0.266856,3508.95,-3.18371,-1.56613,1.69081,-3929.08,0
0.273376,3508.85,-3.16338,-1.60829,5.82284,-4208.8,0
0.279888,3508.9,-3.16336,-1.59364,0.504078,-3929.29,0
0.286406,3508.84,-3.23098,-1.55142,2.80226,-4036.74,0
0.292932,3508.77,-3.21788,-1.64833,5.69952,-4182.38,0
0.299429,3508.7,-3.22289,-1.64483,6.69945,-4325.87,0
0.305992,3508.71,-3.30607,-1.70087,2.53413,-4202.15,0
0.312523,3508.69,-3.33231,-1.60241,3.387,-4181.07,0
0.319026,3508.7,-3.40413,-1.67958,1.6622,-4086.61,0
0.325551,3508.69,-3.37082,-1.50347,2.42719,-4024.87,0
0.332092,3508.7,-3.34708,-1.37408,1.90058,-3911.26,0
0.338638,3508.66,-3.38463,-1.31935,3.31317,-3946.67,0
0.345162,3508.65,-3.24241,-1.67683,2.88567,-3898.04,0
0.351674,3508.56,-3.23253,-1.69195,7.06786,-4102.74,0
0.358147,3508.58,-3.43049,-1.80257,2.09816,-3973.67,0
0.364627,3508.53,-3.29838,-1.75336,5.7303,-4044.18,0
0.371119,3508.48,-3.30937,-1.68135,6.19978,-4103.5,0
0.377636,3508.5,-3.34928,-1.60886,3.66356,-3971.53,0
0.384176,3508.5,-3.24274,-1.51895,3.96587,-3905.85,0
0.390685,3508.53,-3.27234,-1.66833,0.631885,-3761.01,0
0.397227,3508.46,-3.1901,-1.70452,4.06944,-3883.95,0
0.403683,3508.41,-3.15401,-1.9299,4.8884,-3933.59,0
0.410193,3508.41,-3.2423,-1.95058,2.21942,-3874.68,0
0.41669,3508.32,-3.26666,-1.93136,5.0684,-4020.95,0
0.423223,3508.25,-3.24015,-1.90728,5.81253,-4142.13,0
0.42972,3508.23,-3.17374,-1.86328,5.3219,-4123.17,0
0.43622,3508.27,-3.05069,-1.85669,3.33902,-3972.42,0
0.442734,3508.18,-3.12172,-1.83681,5.35366,-4116.89,0
0.449211,3508.14,-3.13988,-1.82656,4.92809,-4139.35,0
0.455712,3508.18,-3.02542,-1.84461,2.27416,-3991.46,0
0.462234,3508.18,-3.0746,-1.86384,1.04758,-3927.73,0
0.468744,3508.17,-3.06694,-1.86825,1.53603,-3913.03,0
0.475225,3508.15,-2.99656,-1.68379,2.27625,-3900.38,0
0.481753,3508.13,-2.83251,-1.85439,3.56882,-3886.99,0
0.488249,3508.17,-2.51011,-1.93598,2.60369,-3749.16,0
0.494753,3508.04,-2.49488,-1.9842,7.94784,-3966.48,0
0.501283,3508.02,-2.53686,-1.93751,3.95851,-3952.14,0
0.507779,3507.99,-2.52261,-1.85544,5.10384,-3952.53,0
0.51426,3508.02,-2.50135,-1.7906,3.08588,-3842.91,0
0.520814,3508.05,-2.48702,-1.59014,2.1155,-3749.78,0
0.527338,3508,-2.66704,-1.62495,3.24672,-3796.58,0
0.533827,3507.94,-2.78277,-1.62728,5.3583,-3859.52,0
0.540376,3507.83,-2.83743,-1.63353,7.63069,-4008.8,0
0.546929,3507.78,-2.85857,-1.65465,5.828,-4060.99,0
0.553438,3507.79,-2.92983,-1.67616,2.86339,-4000.44,0
0.559939,3507.71,-3.01569,-1.5512,5.90478,-4091.33,0
0.566457,3507.69,-2.91782,-1.64603,4.538,-4076.98,0
0.572942,3507.68,-2.78165,-1.50695,6.03598,-4057.91,0
0.579429,3507.61,-2.85073,-1.50051,5.24913,-4124.15,0
0.585965,3507.57,-2.78874,-1.50624,6.7709,-4141.81,0
0.592464,3507.55,-2.68761,-1.54073,5.26524,-4142.78,0
0.598965,3507.41,-2.74305,-1.52837,7.81898,-4321.87,0
0.605475,3507.47,-2.66306,-1.51562,2.48178,-4179.38,0
0.612036,3507.44,-2.5556,-1.47152,4.35244,-4181.52,0
0.618514,3507.34,-2.49219,-1.50791,7.31334,-4306.75,0
0.625021,3507.28,-2.5249,-1.4763,6.66706,-4347.23,0
0.631519,3507.31,-2.47158,-1.35466,3.45833,-4266.81,0
0.638027,3507.31,-2.43726,-1.33087,1.73819,-4209.02,0
0.644524,3507.19,-2.34173,-1.30187,7.03172,-4357.06,0
0.650994,3507.2,-2.33769,-1.29931,4.11061,-4301.22,0
0.657508,3507.23,-2.12547,-1.44141,1.37317,-4214.68,0
0.664004,3507.14,-2.39087,-1.48601,4.07645,-4302.94,0
0.670499,3507.12,-2.34676,-1.60727,3.95213,-4290.21,0
0.677015,3507.14,-2.46534,-1.61151,1.20747,-4229.02,0
0.683527,3507.09,-2.28432,-1.74247,4.63554,-4262.7,0
0.690027,3507.15,-2.13269,-1.69285,0.312251,-4124.33,0
0.696531,3507.11,-2.261,-1.71614,1.32812,-4148.94,0
0.703065,3507.06,-2.18281,-1.63813,5.06777,-4185.7,0
0.70958,3507.07,-2.01043,-1.57271,4.01941,-4125.87,0
0.716093,3507,-1.97797,-1.56585,6.7053,-4192.08,0
0.7226,3507,-1.98929,-1.51119,5.23872,-4145.09,0
0.729112,3507.04,-2.06871,-1.55444,0.694544,-4059.76,0
0.735603,3506.92,-2.06643,-1.45941,7.27194,-4187.87,0
0.742084,3506.98,-2.09763,-1.28458,2.8218,-4074.7,0
0.748606,3506.93,-2.32847,-1.26976,3.70828,-4104.89,0
0.755045,3506.95,-2.25779,-1.293,1.8885,-4040.11,0
0.761526,3506.92,-2.17561,-1.48501,2.75321,-4040.66,0
0.768034,3506.85,-2.1546,-1.40591,5.72228,-4097.21,0
0.774537,3506.83,-2.05589,-1.40825,6.05135,-4092.6,0
0.781046,3506.82,-2.00252,-1.34855,4.85606,-4068.99,0
0.787562,3506.84,-1.94871,-1.47797,1.68772,-4006.59,0
0.794026,3506.79,-2.02156,-1.55998,3.20451,-4041.73,0
0.800559,3506.71,-2.04809,-1.69961,6.50863,-4108.6,0
0.807077,3506.63,-2.06034,-1.76108,5.87776,-4180.4,0
0.813597,3506.57,-2.0239,-1.86467,5.96813,-4220.96,0
0.820099,3506.54,-2.06449,-1.93578,4.14134,-4216.12,0
0.826584,3506.57,-2.06646,-2.01735,1.00615,-4153.01,0
0.833102,3506.52,-2.09636,-1.88437,3.6679,-4179.72,0
0.839633,3506.47,-2.14646,-1.97682,4.92781,-4202.95,0
0.846097,3506.48,-2.37834,-1.76925,2.78718,-4162.42,0
0.852642,3506.48,-2.15631,-1.80871,3.78153,-4129.92,0
0.859172,3506.46,-2.19954,-1.87156,3.36846,-4120.21,0
0.865664,3506.46,-2.22628,-1.84853,1.5249,-4084.61,0
0.872183,3506.37,-2.28163,-1.97125,5.83181,-4159.58,0
0.878652,3506.4,-2.38901,-1.92112,2.19717,-4098.33,0
0.885215,3506.3,-2.44583,-1.98994,6.57164,-4177.15,0
0.891731,3506.27,-2.37077,-1.97946,6.43821,-4187.35,0
0.898241,3506.3,-2.30392,-1.88704,4.09534,-4120.53,0
0.904694,3506.29,-2.24929,-1.94252,3.11972,-4096.7,0
0.911193,3506.25,-2.10132,-1.94689,7.04332,-4120.71,0
0.917719,3506.22,-2.03451,-1.9848,6.89783,-4120.24,0
0.924251,3506.21,-2.00732,-2.01615,4.55042,-4097.73,0
0.930751,3506.2,-1.99393,-2.01246,3.57975,-4087.52,0
0.937263,3506.16,-2.05276,-2.14844,2.91939,-4094.81,0
0.943786,3506.17,-2.16655,-2.08873,0.984859,-4055.07,0
0.950272,3506.15,-2.09498,-2.01982,3.45821,-4053.15,0
0.956792,3506.16,-2.08067,-2.05694,0.690125,-4013.6,0
0.963309,3506.09,-1.88504,-1.96808,5.53063,-4057.2,0
0.969772,3506.13,-1.85621,-1.88895,2.14551,-3989.24,0
0.976259,3506.16,-1.66245,-1.71989,2.7366,-3935.94,0
0.98275,3506.14,-1.62724,-1.487,5.04393,-3931.03,0
0.989249,3506.11,-1.55589,-1.43774,4.8295,-3934.06,0
0.995773,3506.13,-1.56216,-1.35539,2.29286,-3887.86,0
1.00227,3506.08,-1.5595,-1.37562,4.68268,-3907.42,0
1.00882,3506.1,-1.46916,-1.33327,3.79327,-3867.16,0
1.01534,3506.07,-1.54141,-1.22684,5.10257,-3875.28,0
1.02186,3506,-1.56538,-1.19419,7.47738,-3909.59,0
1.02835,3505.96,-1.49777,-1.08836,6.28472,-3931.48,0
1.03479,3505.89,-1.57013,-1.01638,4.37098,-3968.3,0
1.0413,3505.86,-1.46965,-0.85965,6.18158,-3971.1,0
1.04779,3505.84,-1.40277,-0.915108,6.58232,-3974,0
1.0543,3505.79,-1.32971,-0.970153,5.90616,-3995.86,0
1.0608,3505.68,-1.24591,-1.0311,9.08759,-4069.58,0
1.06728,3505.73,-1.20604,-1.01765,2.41058,-4003.13,0
1.07381,3505.7,-1.29323,-0.88569,3.80427,-4003.23,0
1.08031,3505.72,-1.25826,-0.67769,3.07574,-3964.16,0
1.0868,3505.72,-1.30794,-0.741288,1.41702,-3941.55,0
1.09333,3505.59,-1.30125,-0.741996,7.5824,-4033.86,0
1.09983,3505.59,-1.27633,-0.616947,6.07761,-4009.96,0
1.10637,3505.62,-1.20253,-0.712618,2.36886,-3960.25,0
1.11291,3505.61,-1.25529,-0.772206,1.20811,-3945.22,0
1.1194,3505.54,-1.20283,-0.780904,3.99821,-3986.6,0
1.12587,3505.51,-1.22083,-0.689545,5.53714,-3988.69,0
1.13239,3505.48,-1.18098,-0.692206,5.04844,-3993.63,0
1.1389,3505.44,-1.15347,-0.821856,5.77224,-4004.05,0
1.14539,3505.36,-1.10329,-0.881547,7.85947,-4054.01,0
1.15192,3505.41,-1.02632,-0.779654,1.91938,-3984.76,0
1.15843,3505.4,-0.993132,-0.740952,1.2574,-3969.18,0
1.16496,3505.33,-1.05359,-0.792277,5.21795,-4010.39,0
1.17147,3505.39,-0.876124,-0.808302,0.439215,-3937.3,0
1.17799,3505.34,-0.807339,-0.656887,4.60109,-3954.24,0
1.18448,3505.31,-0.854104,-0.575033,5.26973,-3957.54,0
1.19103,3505.36,-0.744658,-0.413499,1.51546,-3899.11,0
1.19756,3505.34,-0.792336,-0.432233,2.10414,-3892.28,0
1.20404,3505.28,-0.751645,-0.350069,5.26675,-3919.1,0
1.21056,3505.31,-0.83464,-0.275635,0.657012,-3877.5,0
1.21706,3505.25,-0.943804,-0.162403,3.28453,-3902.87,0
1.22352,3505.25,-0.992289,-0.27459,2.14122,-3884.56,0
1.23002,3505.19,-0.925508,-0.19894,4.76474,-3912.27,0
1.23654,3505.19,-0.894962,-0.136972,3.9962,-3893.78,0
1.24303,3505.14,-0.83241,-0.0321142,7.36914,-3913.81,0
1.24959,3505.15,-0.916609,-0.0742856,2.85236,-3877.52,0
1.25605,3505.18,-0.734371,-0.183429,1.22265,-3840.08,0
1.26259,3505.12,-0.812566,-0.302081,0.564692,-3866.74,0
1.26904,3505.04,-0.815589,-0.338428,4.78321,-3906.11,0
1.27555,3505.02,-0.80246,-0.208618,6.26916,-3904.91,0
1.28208,3505.06,-0.818385,-0.305968,1.09847,-3853.67,0
1.28862,3505,-0.830918,-0.379185,3.51608,-3881.87,0
1.2951,3504.98,-0.678519,-0.240251,5.38739,-3878.19,0
1.30163,3504.93,-0.667215,-0.304763,7.38023,-3894.24,0
1.30817,3504.9,-0.738865,-0.270328,6.36809,-3901.1,0
1.31472,3504.85,-0.725493,-0.315953,6.97183,-3917.69,0
1.32129,3504.83,-0.683773,-0.37611,5.57831,-3913.23,0
1.32779,3504.76,-0.662001,-0.360585,8.13839,-3947.55,0
1.33435,3504.83,-0.516994,-0.323837,0.312142,-3875.99,0
1.34084,3504.73,-0.474702,-0.506091,7.66266,-3929.35,0
1.34734,3504.78,-0.411239,-0.364912,0.718163,-3875.67,0
1.35382,3504.75,-0.595596,-0.186586,3.14047,-3881.54,0
1.36037,3504.71,-0.518654,-0.308214,2.78941,-3890.63,0
1.36685,3504.67,-0.490758,-0.284418,5.80448,-3902.73,0
1.3734,3504.63,-0.509187,-0.25543,4.23723,-3906.91,0
1.37994,3504.62,-0.516764,-0.0845148,4.54943,-3897.94,0
1.38644,3504.57,-0.652538,-0.233163,7.27324,-3913.25,0
1.39293,3504.57,-0.635312,-0.136667,3.10074,-3899.63,0
1.39941,3504.55,-0.65729,-0.075296,4.47512,-3896.94,0
1.40589,3504.56,-0.686689,-0.0608803,1.82778,-3869.61,0
1.41242,3504.51,-0.716698,-0.083954,4.69095,-3885.52,0
1.41897,3504.47,-0.746519,-0.0649552,7.12145,-3899.16,0
1.42546,3504.43,-0.685495,-0.0601218,8.06091,-3910.46,0
1.43194,3504.43,-0.666692,-0.0100764,2.45721,-3888.52,0
1.43844,3504.41,-0.652059,0.0205842,3.16305,-3885.3,0
1.44495,3504.36,-0.717871,-0.032722,7.09467,-3903.72,0
1.45145,3504.38,-0.64174,-0.0333797,2.38534,-3873.52,0
1.45798,3504.38,-0.320656,-0.127246,3.37753,-3857.07,0
1.46444,3504.38,-0.275983,-0.105719,1.24059,-3836.56,0
1.47097,3504.3,-0.269163,-0.206179,5.48951,-3876.64,0
1.47745,3504.27,-0.230837,-0.248111,5.77747,-3879.32,0
1.48393,3504.29,-0.186412,-0.323408,2.10297,-3846.35,0
1.49042,3504.25,0.0498407,-0.569789,4.00824,-3855.77,0
1.49696,3504.18,0.0682212,-0.501047,8.15052,-3887.62,0
1.50349,3504.18,0.0131115,-0.448636,3.48294,-3869.99,0
1.50999,3504.16,-0.118005,-0.535748,3.63648,-3865.17,0
1.51648,3504.15,-0.0268734,-0.479168,3.58174,-3855.82,0
1.52302,3504.09,0.00434474,-0.464311,8.46555,-3879.77,0
1.52955,3504.1,0.0370058,-0.46682,1.46219,-3856.4,0
1.53607,3504.06,-0.134579,-0.49495,4.57029,-3867.3,0
1.54259,3504.01,-0.0589315,-0.495197,5.59297,-3883.54,0
1.54908,3504.03,-0.278442,-0.470112,0.908763,-3852.23,0
1.5556,3503.95,-0.317907,-0.376625,8.5497,-3888.99,0
1.5621,3503.9,-0.304424,-0.375427,7.61259,-3906.33,0
1.5686,3503.92,-0.314061,-0.269404,0.504074,-3876.41,0
1.57513,3503.76,-0.29993,-0.184825,4.02415,-3958.41,0
1.58167,3503.71,-0.22923,-0.30092,8.08726,-3977.72,0
1.58816,3503.72,-0.485438,-0.273259,4.42096,-3954.64,0
1.5946,3503.71,-0.516755,-0.267357,3.81752,-3943.93,0
1.60111,3503.54,-0.511168,-0.306187,7.6576,-4036.8,0
1.60763,3503.52,-0.51581,-0.245391,7.82923,-4032.68,0
1.61417,3503.5,-0.596515,-0.174586,6.73868,-4025.43,0
1.62071,3503.49,-0.564771,-0.203274,4.78018,-4018.73,0
1.6272,3503.5,-0.699221,0.0446241,1.68315,-3995.08,0
1.63372,3503.44,-0.52048,-0.0784633,7.29097,-4016.37,0
1.64021,3503.44,-0.525402,-0.0953118,0.152991,-3998.91,0
1.64673,3503.26,-0.605383,-0.315438,8.33872,-4095.82,0
1.65323,3503.2,-0.622758,-0.348391,7.94009,-4113.79,0
1.65975,3503.13,-0.526363,-0.390687,10.6396,-4136.8,0
1.66628,3503.09,-0.561641,-0.31251,8.60641,-4144.56,0
1.67282,3503.08,-0.520517,-0.395925,0.459034,-4135.33,0
1.67932,3503.03,-0.536034,-0.369264,5.19611,-4153.38,0
1.68581,3503,-0.544784,-0.357807,5.5906,-4155.02,0
1.69235,3502.99,-0.533343,-0.2304,4.47313,-4143.04,0
1.69883,3502.98,-0.439988,-0.172512,5.458,-4130.52,0
1.70537,3502.91,-0.381235,-0.0679168,2.87218,-4159.8,0
1.71185,3502.88,-0.240993,0.00506704,5.98115,-4158.51,0
1.71834,3502.9,-0.281654,-0.144143,1.3782,-4132.34,0
1.72484,3502.83,-0.30462,-0.303423,7.37405,-4155.44,0
1.73134,3502.8,-0.351809,-0.321831,7.52719,-4157.32,0
1.73781,3502.81,-0.312535,-0.375204,4.72577,-4139.59,0
1.7443,3502.77,-0.379748,-0.556885,3.92218,-4142.29,0
1.75085,3502.71,-0.369968,-0.556596,11.2934,-4163.72,0
1.75738,3502.74,-0.265894,-0.595742,3.2758,-4129.14,0
1.76394,3502.75,-0.265807,-0.578614,2.04833,-4110.71,0
1.77046,3502.73,-0.138878,-0.595732,4.19308,-4108.11,0
1.77696,3502.69,-0.0546133,-0.487044,7.28264,-4111.66,0
1.78349,3502.67,0.0438768,-0.439491,7.51687,-4110.73,0
1.78998,3502.61,0.105842,-0.331559,1.90388,-4131.25,0
1.7965,3502.56,0.0572211,-0.260474,5.12194,-4142.12,0
1.803,3502.53,0.037323,-0.324547,7.71908,-4142.49,0
1.80952,3502.51,0.0480331,-0.36635,6.79215,-4138.06,0
1.81602,3502.43,0.0443189,-0.336891,4.65706,-4170.56,0
1.82251,3502.37,0.210478,-0.507111,8.63891,-4185.85,0
1.82905,3502.36,0.139324,-0.609343,4.41172,-4176.01,0
1.83553,3502.34,0.377629,-0.619337,5.07283,-4173.98,0
1.84202,3502.31,0.455862,-0.911624,1.59489,-4174.8,0
1.84853,3502.26,0.388089,-0.959051,6.0704,-4189.76,0
1.85509,3502.22,0.367958,-0.934036,10.0272,-4195.56,0
1.86162,3502.23,0.391975,-0.980258,3.29458,-4172.12,0
1.8681,3502.23,0.329647,-0.994556,0.384343,-4161.96,0
1.87458,3502.19,0.379321,-0.936407,5.61057,-4164.92,0
1.88113,3502.18,0.34167,-1.02084,3.64939,-4155.43,0
1.88761,3502.17,0.495243,-0.906067,4.91294,-4147.46,0
1.89415,3502.13,0.457833,-1.07944,5.87314,-4155.94,0
1.90065,3502.07,0.401762,-0.99324,3.39658,-4174.16,0
1.90718,3502.04,0.309419,-1.02741,4.95966,-4174.41,0
1.91364,3502,0.300572,-1.00789,5.28653,-4178.09,0
1.92013,3501.92,0.315962,-0.855425,9.39803,-4209.72,0
1.92666,3501.88,0.381621,-0.847877,10.193,-4212.52,0
1.93314,3501.74,0.392067,-0.881977,6.72602,-4270.67,0
1.9396,3501.72,0.39405,-0.89406,8.18631,-4269.89,0
1.94608,3501.69,0.219485,-1.08723,5.20714,-4272.55,0
1.95257,3501.7,0.232715,-0.986652,3.66853,-4250.08,0
1.95908,3501.64,0.339229,-1.0367,10.0507,-4268.48,0
1.96555,3501.49,0.373679,-1.16828,6.14388,-4331.19,0
1.97205,3501.47,0.410488,-1.14385,7.84038,-4326.31,0
1.97855,3501.29,0.520421,-1.14795,2.85239,-4400.07,0
1.98509,3501.25,0.491757,-1.21637,5.50583,-4408.75,0
1.99158,3501.23,0.410467,-1.22325,7.34002,-4405.45,0
1.99806,3501.17,0.428323,-1.20328,4.47818,-4420.78,0
2.00458,3501.09,0.55239,-1.15626,8.07298,-4445.74,0
2.01109,3501.12,0.596693,-1.05257,3.55265,-4414.12,0
2.01761,3501.06,0.511741,-1.22655,6.61839,-4431.5,0
2.02408,3501.03,0.463074,-1.1394,7.75999,-4432.55,0
2.03062,3500.9,0.460083,-1.03633,8.13641,-4481.96,0
2.03713,3500.83,0.548944,-1.02147,8.54118,-4502.66,0
2.0436,3500.76,0.563153,-0.931479,8.75723,-4522.84,0
2.0501,3500.71,0.520418,-0.920933,9.43266,-4529.49,0
2.05661,3500.65,0.454056,-0.882531,9.44984,-4546.2,0
2.06315,3500.55,0.513234,-0.978712,7.25363,-4578.35,0
2.06964,3500.39,0.616491,-1.00793,7.13142,-4645.4,0
2.07613,3500.3,0.67727,-0.826279,4.28824,-4671.97,0
2.08263,3500.21,0.637373,-0.764448,0.633719,-4699.6,0
2.08912,3499.96,0.676659,-0.935915,8.47385,-4806.34,0
2.09562,3499.95,0.604596,-0.837381,7.31049,-4795.52,0
2.10208,3499.84,0.557007,-0.840313,3.74839,-4830.94,0
2.10859,3499.7,0.464194,-0.746081,0.407526,-4883.24,0
2.11509,3499.67,0.37016,-0.692797,6.31877,-4884.72,0
2.1216,3499.45,0.272097,-0.621352,4.15508,-4974.62,0
2.12809,3499.18,0.357109,-0.45424,7.0669,-5082.95,0
2.13462,3498.99,0.175028,-0.216843,9.49855,-5157.04,2
2.13587,3498.99,0.151405,-0.148547,6.78204,-5155.37,3
