0.00652851,3509.91,1.70262,-0.705586,4.22057,-14348,0
0.0130128,3509.95,1.61573,-0.564235,1.36253,-3971.65,0
0.0194922,3509.92,1.67305,-0.320882,2.21545,-4185.44,0
0.0260011,3509.93,1.71272,-0.386361,0.872449,-2570.36,0
0.0325348,3509.91,1.74253,-0.170702,1.76375,-2843.74,0
0.0390936,3509.9,1.60046,-0.175994,1.40873,-2472.94,0
0.0455798,3509.89,1.55901,-0.308047,1.34479,-2321.3,0
0.0521297,3509.89,1.59376,-0.365724,0.925237,-2196.08,0
0.0586518,3509.85,1.57528,-0.326802,2.23172,-2503,0
0.0651562,3509.81,1.55853,-0.38551,4.08511,-2953.45,0
0.0716684,3509.85,1.35722,-0.325025,0.898308,-2091.15,0
0.0781184,3509.79,1.59898,-0.230839,2.39997,-2630.89,0
0.0846186,3509.62,1.57684,-0.135136,7.52156,-4538.55,0
0.0911132,3509.58,1.59686,-0.101804,5.77612,-4636.9,0
0.0975435,3509.54,1.73003,-0.146673,5.06073,-4721.66,0
0.10406,3509.49,1.83736,-0.142291,5.33541,-4853.24,0
0.110587,3509.48,1.91067,-0.155351,4.10291,-4737.19,0
0.117063,3509.47,1.81652,0.0295605,3.88349,-4564.62,0
0.123597,3509.48,1.56068,0.10097,2.67601,-4197.39,0
0.130079,3509.45,1.51523,0.205454,3.73495,-4225.82,0
0.136567,3509.49,1.49205,0.0187956,1.1805,-3749.57,0
0.143088,3509.42,1.65757,0.0498506,3.98955,-4085.66,0
0.149622,3509.4,1.62872,0.0934334,4.09463,-4027.13,0
0.156149,3509.44,1.53156,0.0100835,0.577638,-3599.98,0
0.162631,3509.31,1.78152,0.117931,4.94008,-4237.08,0
0.169144,3509.3,1.84692,0.173976,3.81912,-4116.29,0
0.175642,3509.26,1.91619,0.228913,4.08104,-4241.14,0
0.182154,3509.25,1.95146,0.27634,2.84802,-4100.16,0
0.188658,3509.22,1.87085,0.381759,4.19334,-4128.83,0
0.195143,3509.22,1.74361,0.381719,3.66046,-3993.1,0
0.201625,3509.22,1.47518,0.436375,3.285,-3844.28,0
0.208143,3509.15,1.42759,0.563367,6.26319,-4101.86,0
0.214632,3509.15,1.42241,0.544684,3.64715,-3980.25,0
0.221124,3509.06,1.48453,0.542298,6.793,-4237.83,0
0.227591,3509.04,1.42388,0.542517,4.15376,-4225.54,0
0.23413,3508.92,1.2971,0.538054,7.03947,-4592.69,0
0.240608,3508.96,1.30325,0.648915,2.22855,-4329.09,0
0.247136,3508.91,1.28567,0.71874,3.6692,-4391.47,0
0.253572,3508.89,1.4337,0.772117,4.09161,-4397.1,0
0.260074,3508.83,1.50796,0.807349,5.42702,-4497.05,0
0.266576,3508.83,1.60093,0.771748,2.4531,-4379.04,0
0.273083,3508.81,1.54747,0.725008,3.44206,-4346.81,0
0.279584,3508.83,1.76463,0.568905,1.15718,-4177.98,0
0.286074,3508.8,1.61298,0.59504,2.46591,-4190.56,0
0.29256,3508.76,1.50995,0.568128,4.16043,-4234.42,0
0.299042,3508.79,1.40513,0.300723,2.59769,-4039.65,0
0.305538,3508.77,1.28551,0.34887,2.53996,-4024.72,0
0.312041,3508.77,1.02957,0.225209,2.8155,-3951.37,0
0.318577,3508.76,0.888882,0.0459064,3.17578,-3897.88,0
0.325028,3508.73,0.906817,0.11862,4.1929,-3904.24,0
0.331557,3508.74,0.997322,0.11611,0.714655,-3785.35,0
0.338074,3508.61,0.967742,0.142836,6.21271,-4121.08,0
0.344599,3508.61,1.0961,0.259882,4.47194,-4021.1,0
0.351135,3508.58,1.08159,0.277139,4.94449,-4032.79,0
0.357648,3508.55,1.11343,0.259967,4.52107,-4063.51,0
0.364173,3508.55,1.35222,0.323196,2.08689,-3986.8,0
0.370699,3508.5,1.34675,0.384417,2.90446,-4037.61,0
0.377182,3508.53,1.24969,0.509953,0.936431,-3898.93,0
0.38368,3508.45,1.25003,0.21136,5.22866,-4050.63,0
0.390212,3508.42,1.18624,0.262018,4.43381,-4049.64,0
0.396748,3508.43,1.22648,0.162739,1.06675,-3966.45,0
0.403224,3508.33,1.19784,-0.0472925,5.97142,-4150.79,0
0.409738,3508.25,1.14958,-0.0320798,6.72537,-4269.04,0
0.41623,3508.31,1.16887,-0.106259,2.00631,-4064.45,0
0.422735,3508.25,1.08821,-0.208596,5.04811,-4145.88,0
0.429229,3508.23,1.11245,-0.214214,3.75129,-4117.98,0
0.435697,3508.2,1.07972,-0.298447,4.65671,-4120.61,0
0.442225,3508.12,1.07558,-0.267302,7.2739,-4253.14,0
0.448716,3508.06,1.05469,-0.215679,6.54899,-4326.83,0
0.455209,3508,0.988798,-0.225729,6.0367,-4404.44,0
0.461733,3508.05,0.891944,-0.278199,1.37354,-4232.13,0
0.468253,3507.95,0.79613,-0.346269,5.84614,-4369.3,0
0.474796,3507.9,0.774967,-0.475994,4.82964,-4418.5,0
0.481347,3507.92,0.712447,-0.635166,2.56989,-4316.67,0
0.487855,3507.91,0.690346,-0.693319,2.63954,-4284.7,0
0.494377,3507.85,0.712978,-0.665241,5.45829,-4354.49,0
0.500921,3507.87,0.741333,-0.698051,1.63507,-4243.1,0
0.50739,3507.86,0.767368,-0.638324,1.70077,-4214.93,0
0.513891,3507.81,0.840844,-0.333329,4.56714,-4257.78,0
0.520396,3507.78,0.872963,-0.242722,5.16181,-4265.23,0
0.526933,3507.81,0.872167,-0.335926,2.53234,-4160.81,0
0.533431,3507.79,0.908121,-0.502063,2.72285,-4144.14,0
0.539927,3507.74,0.979291,-0.438583,4.57084,-4177.61,0
0.546432,3507.73,1.0432,-0.76696,3.39485,-4158.83,0
0.552897,3507.64,1.07679,-0.639761,6.91414,-4275.33,0
0.5594,3507.65,1.0923,-0.540737,2.21445,-4207.06,0
0.565934,3507.63,1.1072,-0.508443,1.96575,-4196.07,0
0.572429,3507.45,1.0838,-0.547457,8.77952,-4461.92,0
0.578927,3507.43,1.02825,-0.524696,6.89997,-4439.08,0
0.58541,3507.39,1.06125,-0.4758,5.17619,-4450.62,0
0.591943,3507.4,0.894284,-0.363799,3.36155,-4386.46,0
0.598442,3507.41,0.753087,-0.535821,2.39215,-4321.21,0
0.604919,3507.39,0.857386,-0.461389,3.2613,-4316,0
0.611397,3507.41,0.884828,-0.547902,1.41037,-4240.88,0
0.617923,3507.35,0.613231,-0.271115,6.0974,-4294.66,0
0.624465,3507.36,0.543642,-0.277555,3.41967,-4233.27,0
0.630972,3507.3,0.668034,-0.356006,5.69822,-4282.73,0
0.637505,3507.3,0.545409,-0.186706,4.14295,-4236.96,0
0.644052,3507.28,0.687684,-0.173936,4.55197,-4230.2,0
0.650568,3507.29,0.850828,-0.117908,0.971354,-4172.88,0
0.657102,3507.18,0.883842,-0.060688,5.67427,-4288.34,0
0.663603,3507.17,0.77046,-0.0458708,4.7106,-4261.12,0
0.670099,3507.18,0.680267,-0.0685972,3.07439,-4208.64,0
0.676636,3507.18,0.826534,0.112695,1.46925,-4173.48,0
0.68313,3507.15,0.986073,0.182201,1.39127,-4165.58,0
0.689623,3507.06,0.955867,0.254717,6.36297,-4267.09,0
0.696148,3507.04,0.937098,0.342544,4.59309,-4249.75,0
0.702659,3507.03,0.863199,0.383476,3.6293,-4223.36,0
0.709194,3506.98,0.955775,0.421022,4.88158,-4260.39,0
0.715692,3506.91,0.882185,0.371606,6.36763,-4314.99,0
0.722205,3506.89,0.826037,0.360774,4.56131,-4310.21,0
0.728689,3506.81,0.836766,0.424787,5.78486,-4373.03,0
0.735179,3506.76,0.814979,0.382368,6.3353,-4402.98,0
0.741695,3506.81,0.831905,0.337532,1.73469,-4304.04,0
0.748135,3506.76,0.928624,0.344266,4.25276,-4329.89,0
0.754634,3506.74,1.07892,0.147045,4.624,-4315.11,0
0.761148,3506.69,1.21394,0.119425,6.25744,-4350.22,0
0.767671,3506.7,1.33817,0.0610643,3.83168,-4292.76,0
0.774165,3506.59,1.28171,0.0584514,8.42844,-4410.29,0
0.780642,3506.59,1.29673,0.163109,5.44926,-4373.8,0
0.787131,3506.56,1.31878,0.146838,3.78198,-4371.61,0
0.793653,3506.58,1.38107,0.11702,1.11027,-4313.6,0
0.800184,3506.51,1.31529,0.115854,4.99276,-4357.57,0
0.806714,3506.47,1.36384,0.212948,5.76864,-4378.37,0
0.813166,3506.43,1.34311,0.197207,6.33093,-4385.97,0
0.81966,3506.45,1.42167,0.134621,3.15102,-4333.17,0
0.826134,3506.49,1.19246,0.249761,0.742711,-4251.91,0
0.832688,3506.36,1.2672,0.349512,7.36092,-4376.88,0
0.839188,3506.36,1.19477,0.272011,5.44459,-4334.27,0
0.845732,3506.34,1.24015,0.294588,5.15725,-4330.82,0
0.852219,3506.32,1.37906,0.305404,3.96792,-4313.24,0
0.85876,3506.34,1.37957,0.126811,2.12723,-4267.38,0
0.865302,3506.26,1.34826,0.0463017,6.73405,-4326.61,0
0.871803,3506.31,1.27319,0.0861978,1.01474,-4229.46,0
0.878289,3506.29,1.41377,-0.0863987,0.922751,-4224.46,0
0.884811,3506.26,1.45513,0.0243796,2.51492,-4228.75,0
0.891293,3506.25,1.46563,0.100233,1.70651,-4206.86,0
0.897784,3506.18,1.51693,0.0903906,5.02146,-4257.67,0
0.904311,3506.16,1.71168,0.144187,3.00625,-4251.27,0
0.910769,3506.09,1.77074,0.224304,4.85678,-4290.99,0
0.917265,3506.09,1.8255,0.155923,3.69344,-4266.9,0
0.923798,3506.08,1.91063,0.215856,1.51212,-4245.55,0
0.930325,3506.04,1.83364,0.229522,3.07723,-4252.5,0
0.936868,3506.03,1.76153,0.337516,3.94041,-4235.17,0
0.943392,3506.06,1.81776,0.265138,0.220592,-4180.33,0
0.949924,3506,1.90569,0.170036,2.89668,-4207.71,0
0.956432,3506.02,1.78428,-0.00538168,2.5301,-4165.55,0
0.962935,3506.01,1.73497,0.0843322,2.64136,-4146.94,0
0.969492,3505.95,1.95291,-0.161976,4.14102,-4172.47,0
0.976046,3505.93,1.8252,-0.183325,5.39632,-4168.08,0
0.982582,3505.9,1.88787,-0.0229915,5.46105,-4176.87,0
0.989099,3505.89,1.91868,0.0342331,2.77258,-4157.36,0
0.995627,3505.87,1.98924,0.0994973,2.83597,-4149.03,0
1.00214,3505.84,2.11449,0.0926594,3.60915,-4155.38,0
1.00862,3505.79,2.11438,-0.0504149,5.23667,-4171.32,0
1.01512,3505.71,2.02517,-0.00823186,6.89765,-4223.47,0
1.02162,3505.74,1.94607,-0.0637003,3.73298,-4165.6,0
1.02809,3505.72,1.92079,0.0241138,4.83494,-4164.21,0
1.03457,3505.74,1.82355,-0.0948511,3.02009,-4117.37,0
1.04103,3505.7,1.93275,-0.0718144,3.81729,-4132.15,0
1.04753,3505.67,1.91815,-0.041766,5.34575,-4132.28,0
1.05402,3505.64,1.94863,-0.125993,4.84978,-4133.84,0
1.06055,3505.59,1.92373,-0.0551888,4.06849,-4161.2,0
1.06703,3505.59,2.02928,-0.203194,0.994469,-4132.22,0
1.07346,3505.54,2.06341,-0.36572,3.97529,-4157.83,0
1.07998,3505.55,2.03613,-0.328035,1.91303,-4122.31,0
1.08648,3505.51,2.09732,-0.216361,3.5563,-4130.86,0
1.09295,3505.44,2.16979,-0.215029,6.54389,-4167.84,0
1.09947,3505.43,2.18307,-0.199811,4.32276,-4160.5,0
1.10598,3505.41,2.06943,-0.0794597,5.42896,-4148.13,0
1.11247,3505.39,2.15462,-0.0653099,4.73898,-4147.91,0
1.11899,3505.35,2.20389,-0.0379488,4.27341,-4151.2,0
1.12547,3505.27,2.19053,0.027586,6.55714,-4200.61,0
1.13198,3505.21,2.16829,-0.0426412,6.07101,-4235.58,0
1.13852,3505.21,2.20536,-0.0586872,3.22062,-4204.78,0
1.14501,3505.2,2.27431,0.0270791,2.52675,-4188.9,0
1.15151,3505.17,2.33129,0.0765204,3.66003,-4193.64,0
1.15801,3505.14,2.29411,0.13915,6.03983,-4199.92,0
1.16456,3505.2,2.11684,0.126277,2.31555,-4125.63,0
1.17108,3505.15,2.29429,0.0656917,2.89748,-4137.36,0
1.17761,3505.15,2.28035,0.0595307,2.03925,-4120.31,0
1.18415,3505.12,2.24721,0.11209,3.60797,-4121.15,0
1.19067,3505.13,2.18025,0.30905,2.63491,-4092.68,0
1.19718,3505.06,2.26707,0.18832,5.14435,-4125.45,0
1.20364,3505.08,2.38932,0.280306,0.45857,-4085.87,0
1.21015,3505.04,2.39988,0.256184,2.69271,-4095.86,0
1.21664,3504.88,2.39652,0.178837,2.76111,-4208.6,0
1.22315,3504.83,2.52701,0.096092,4.1094,-4222.72,0
1.22962,3504.8,2.57141,0.173682,5.85002,-4230.34,0
1.23616,3504.76,2.64362,0.102856,5.52251,-4240.51,0
1.24267,3504.75,2.65204,0.149163,3.17503,-4222.06,0
1.24921,3504.69,2.70017,0.178324,6.55106,-4249.95,0
1.25572,3504.71,2.76479,0.249497,2.42093,-4209.42,0
1.26223,3504.73,2.70442,0.125501,1.69159,-4177.68,0
1.2687,3504.61,2.7042,0.0801807,7.87939,-4246.06,0
1.27525,3504.6,2.75437,0.184188,4.69373,-4235.82,0
1.28176,3504.57,2.75008,0.203948,4.98435,-4232.89,0
1.28828,3504.59,2.5912,0.199156,4.43233,-4201.32,0
1.29481,3504.61,2.51634,0.0283334,1.96599,-4165.7,0
1.30132,3504.57,2.53557,0.0111533,4.41611,-4174.33,0
1.30783,3504.6,2.49976,0.0322024,1.64302,-4130.53,0
1.31431,3504.5,2.63036,0.103614,7.12795,-4182.69,0
1.32083,3504.46,2.53942,0.18458,7.67458,-4195.65,0
1.32735,3504.45,2.47002,0.188894,3.11135,-4180.57,0
1.33387,3504.39,2.50897,0.164159,6.17041,-4207.58,0
1.34034,3504.38,2.51498,0.167185,4.86704,-4189.96,0
1.34684,3504.39,2.39407,0.201878,5.74572,-4168.22,0
1.3534,3504.4,2.35667,0.194127,2.99859,-4139.84,0
1.35991,3504.31,2.26224,0.13558,7.81919,-4187.25,0
1.36643,3504.31,2.29114,0.230145,5.02889,-4164.88,0
1.37297,3504.33,2.26102,0.215314,2.24459,-4133.12,0
1.37949,3504.23,2.18023,0.153309,9.32249,-4185.08,0
1.38601,3504.24,2.16997,0.146567,4.65565,-4152.79,0
1.3925,3504.25,2.12017,0.24303,1.80368,-4128.69,0
1.399,3504.26,1.94967,0.320665,1.46658,-4099.39,0
1.4055,3504.19,1.97171,0.276869,6.73471,-4131.59,0
1.41202,3504.16,2.03181,0.19001,4.78923,-4136.41,0
1.41854,3504.1,2.07553,0.352856,6.93726,-4161.59,0
1.42507,3504.12,2.22647,0.373247,0.20871,-4127.69,0
1.43156,3504.03,2.21719,0.48222,6.41877,-4169.87,0
1.43809,3504.05,2.21176,0.558017,3.46932,-4136.66,0
1.44465,3504.02,2.28457,0.526927,2.75287,-4138.06,0
1.45116,3503.92,2.32389,0.513168,7.54599,-4192.67,0
1.45763,3503.9,2.37248,0.40721,3.47029,-4188.1,0
1.46413,3503.89,2.19582,0.471395,6.90416,-4176.11,0
1.47062,3503.83,2.21819,0.462672,7.10507,-4194.13,0
1.47708,3503.87,2.18866,0.499746,1.11996,-4149.61,0
1.48359,3503.82,2.17959,0.342183,4.49368,-4166.63,0
1.49008,3503.71,2.1246,0.209836,3.1316,-4222.07,0
1.49659,3503.63,2.31604,0.349857,5.77088,-4258.38,0
1.50308,3503.61,2.36453,0.38416,3.42011,-4248.43,0
1.5096,3503.64,2.2688,0.412707,2.1012,-4213.7,0
1.51611,3503.54,2.21221,0.397604,9.56255,-4263.6,0
1.52267,3503.52,2.22964,0.349479,6.97579,-4254.31,0
1.52919,3503.59,2.11297,0.206946,0.179547,-4191.92,0
1.53564,3503.56,1.9645,0.126343,5.41256,-4191.38,0
1.54218,3503.48,1.99951,0.370683,10.3417,-4230.88,0
1.5487,3503.41,2.02255,0.335462,10.303,-4256.84,0
1.55515,3503.42,2.03211,0.302295,5.17637,-4230.42,0
1.56161,3503.43,2.0359,0.285336,0.987696,-4205.77,0
1.56809,3503.36,2.02762,0.42471,7.75398,-4236.24,0
1.57466,3503.28,2.11497,0.43169,8.18554,-4266.79,0
1.58116,3503.21,2.10114,0.54832,7.42881,-4294.86,0
1.58767,3503.15,2.10361,0.50789,8.25995,-4312.68,0
1.59419,3503.1,2.20204,0.436797,7.44822,-4329.47,0
1.60073,3503.13,2.11242,0.401718,2.8557,-4291.61,0
1.60722,3503.07,2.22667,0.28075,6.72422,-4312.59,0
1.61371,3503.03,2.42422,0.214678,3.9991,-4318.04,0
1.62022,3503.07,2.31675,0.243814,1.27813,-4276.31,0
1.62672,3502.96,2.2777,0.106276,10.9529,-4327.87,0
1.63322,3502.91,2.29895,0.0658049,1.50751,-4339.3,0
1.63971,3502.93,2.20027,0.229397,1.23269,-4313.08,0
1.64624,3502.86,2.27329,0.225759,6.58771,-4338.19,0
1.65274,3502.91,2.2019,0.323492,0.395492,-4291.09,0
1.65929,3502.92,2.03612,0.28248,4.29302,-4269.84,0
1.66581,3502.92,1.9595,0.394412,3.37947,-4251.93,0
1.6723,3502.81,2.02514,0.465329,0.0269127,-4300.64,0
1.67886,3502.69,2.19379,0.566861,6.60715,-4353.79,0
1.68536,3502.62,2.40556,0.515603,6.65721,-4381.07,0
1.69186,3502.62,2.31514,0.651974,6.32025,-4360.06,0
1.69837,3502.61,2.46634,0.649772,1.55431,-4353.26,0
1.70486,3502.59,2.43261,0.662283,2.49412,-4343.73,0
1.71135,3502.55,2.39502,0.687495,5.39756,-4356,0
1.71786,3502.5,2.47762,0.641112,6.33665,-4364.55,0
1.72434,3502.42,2.64311,0.524848,6.83123,-4395.68,0
1.73083,3502.41,2.60602,0.46344,5.28503,-4387.94,0
1.73732,3502.4,2.61115,0.291989,5.32529,-4375.45,0
1.74381,3502.34,2.65485,0.373311,5.09162,-4394.56,0
1.75029,3502.33,2.65251,0.483751,3.58897,-4384.82,0
1.75679,3502.27,2.6673,0.366476,6.38836,-4397.63,0
1.76336,3502.23,2.72892,0.414963,6.17654,-4406.67,0
1.76984,3502.18,2.747,0.378149,3.52047,-4415.9,0
1.77635,3502.22,2.64039,0.387853,1.81306,-4379.9,0
1.78283,3502.16,2.59793,0.332734,8.32102,-4398.98,0
1.78933,3502.16,2.58277,0.287007,2.27661,-4380.08,0
1.79588,3502.09,2.62785,0.345647,5.93884,-4404.52,0
1.80239,3502.02,2.44456,0.348754,7.02975,-4428.82,0
1.80892,3502.05,2.32139,0.482579,5.02916,-4397.19,0
1.81541,3501.96,2.39484,0.615322,9.87231,-4429.35,0
1.8219,3501.87,2.35272,0.603547,9.99092,-4462.93,0
1.82843,3501.87,2.31913,0.629267,5.32264,-4448.08,0
1.83492,3501.88,2.28643,0.502509,5.18987,-4424.74,0
1.84143,3501.7,2.29344,0.48187,2.42165,-4509.24,0
1.84795,3501.64,2.27845,0.43312,9.48758,-4525.33,0
1.85446,3501.69,2.17784,0.583448,3.09852,-4481.43,0
1.86093,3501.63,2.07918,0.605468,2.29201,-4498.96,0
1.86743,3501.62,2.05953,0.551582,3.39172,-4490.08,0
1.87396,3501.62,1.94666,0.493292,6.20118,-4473.59,0
1.88045,3501.52,1.86825,0.490331,9.45235,-4510.24,0
1.88695,3501.54,1.84516,0.471252,3.49742,-4485.96,0
1.89343,3501.5,1.82785,0.378331,8.34498,-4487.11,0
1.89992,3501.49,1.87864,0.408289,4.09882,-4481.44,0
1.90645,3501.32,1.91396,0.447019,2.45795,-4552.86,0
1.91298,3501.29,1.88128,0.298793,9.90707,-4554.17,0
1.91952,3501.24,1.84834,0.218598,5.71057,-4565.27,0
1.92601,3501.17,1.85227,0.136413,3.5298,-4583.21,0
1.93253,3501.05,1.93814,0.0817499,2.75725,-4630.02,0
1.93905,3501.04,1.90965,0.123282,5.69946,-4621.52,0
1.94554,3501.04,1.91151,0.178588,2.74294,-4606.48,0
1.95209,3501.02,1.79712,0.278749,2.21473,-4602.51,0
1.95861,3500.93,1.89883,0.469421,5.62543,-4632.66,0
1.9651,3500.77,1.87996,0.438876,9.39625,-4694.89,0
1.97158,3500.68,1.8901,0.309086,2.82446,-4726.1,0
1.97802,3500.64,1.81208,0.198927,5.90352,-4729.96,0
1.98451,3500.61,1.8058,0.223446,9.91784,-4733.52,0
1.99105,3500.47,1.93092,0.272628,7.25684,-4785.27,0
1.99756,3500.37,2.01821,0.129456,4.08053,-4820.23,0
2.00408,3500.43,1.89617,0.129896,4.36025,-4773.83,0
2.01058,3500.33,1.93365,0.07129,5.48354,-4811.88,0
2.01707,3500.36,1.76263,-0.0175706,8.44327,-4780.07,0
2.02361,3500.29,1.82579,-0.00395227,8.87109,-4798.69,0
2.03007,3500.22,1.77106,0.0999942,5.17363,-4819.25,0
2.0366,3500.12,1.73276,0.183605,7.39061,-4851.48,0
2.04312,3500.07,1.64008,-0.00494185,9.70317,-4861.45,0
2.04963,3500,1.6848,-0.0362548,2.97923,-4881.24,0
2.05614,3499.91,1.56144,-0.0347987,8.94534,-4905.32,0
2.0626,3499.83,1.61949,-0.0766,4.33371,-4930.94,0
2.0691,3499.76,1.61791,0.0817597,6.85784,-4947.36,0
2.07558,3499.64,1.60427,0.0701692,2.96278,-4993.31,0
2.08202,3499.61,1.34963,0.0614726,3.60777,-4991.76,0
2.08852,3499.54,1.24749,0.087579,3.08416,-5007.49,0
2.09501,3499.47,1.20734,0.0603249,11.1593,-5023.85,0
2.10155,3499.39,1.10114,0.0239849,5.94892,-5050.12,0
2.10811,3499.24,1.09461,-0.0345691,5.22168,-5102.62,0
2.1146,3499.09,0.956084,-0.0746905,2.65105,-5160.02,0
2.1211,3498.97,0.767248,-0.0352731,4.14216,-5200.92,1
2.12763,3498.84,0.58567,0.0674601,12.0739,-5244.02,1
2.13413,3498.82,0.250852,-0.0464983,12.6893,-5238.46,3
2.13418,3498.83,0.239724,-0.045171,11.5114,-5235.46,3
