0.00654892,3509.92,3.648,1.81936,2.80638,-11591.7,0
0.0130416,3509.9,3.67405,1.72338,3.7776,-7960.27,0
0.0195225,3509.89,3.56994,1.66883,4.52052,-5680.43,0
0.0260442,3509.78,3.60694,1.71181,7.76859,-8333.47,0
0.0325598,3509.76,3.59709,1.68884,5.89194,-7516.37,0
0.0390364,3509.65,3.54621,1.73901,6.93794,-8867.76,0
0.045507,3509.6,3.54013,1.74645,6.21845,-8750.34,0
0.0520158,3509.66,3.57398,1.73978,1.0623,-6597.47,0
0.0584575,3509.58,3.47488,1.53369,6.25187,-7217.35,0
0.064962,3509.6,3.40694,1.41116,2.39899,-6196.44,0
0.071431,3509.59,3.2575,1.28488,3.93286,-5759.81,0
0.0779737,3509.57,3.28905,1.27165,3.75536,-5487.65,0
0.0844755,3509.55,3.20544,1.20178,4.37462,-5278.87,0
0.0909925,3509.5,3.11043,1.20593,5.57307,-5546.31,0
0.097526,3509.44,3.22608,1.24856,4.75095,-5778.49,0
0.10404,3509.4,3.06768,1.21,6.22769,-5807.95,0
0.110557,3509.32,3.09497,1.20078,6.83103,-6159.14,0
0.117102,3509.4,3.03302,1.16313,0.790333,-5089.86,0
0.123567,3509.37,2.9578,1.11604,1.81757,-5106.4,0
0.130081,3509.33,2.98973,1.07356,3.11892,-5151.35,0
0.136648,3509.21,3.05815,0.917682,8.83349,-5796.49,0
0.143171,3509.18,3.05491,0.929442,6.19001,-5751.54,0
0.149661,3509.14,3.12621,1.00349,4.82751,-5731.42,0
0.156166,3509.17,3.13378,0.83733,1.78579,-5306.65,0
0.162667,3509.09,3.35145,0.919049,3.82173,-5566.7,0
0.169196,3509.13,3.16506,1.03763,2.00221,-5121.43,0
0.17577,3509.12,2.94319,0.915022,4.12313,-4994.92,0
0.182324,3509.1,2.86407,0.837523,5.14851,-4961.24,0
0.188793,3509.08,3.06319,0.763868,3.97976,-4875.1,0
0.195313,3509.05,3.11699,0.926159,4.39819,-4876.74,0
0.201797,3509,3.30584,1.03462,4.34611,-4974.52,0
0.208326,3508.87,3.34143,1.01161,7.65948,-5419.06,0
0.214818,3508.92,3.50116,0.959778,0.98769,-5044.46,0
0.221343,3508.89,3.41667,1.03002,2.27716,-5027.82,0
0.227822,3508.84,3.29256,1.12056,4.87982,-5084.97,0
0.234324,3508.78,3.43116,1.13568,5.91792,-5200.15,0
0.240824,3508.8,3.31287,1.08561,4.30102,-4981.34,0
0.247347,3508.81,3.29885,1.28131,1.53096,-4802.11,0
0.253889,3508.75,3.4475,1.16853,3.81466,-4905.36,0
0.260369,3508.73,3.47694,1.16246,4.62152,-4885.01,0
0.266845,3508.69,3.49644,1.17249,5.21145,-4909.39,0
0.27335,3508.68,3.45369,1.26431,4.33298,-4824.47,0
0.279842,3508.71,3.47224,1.1313,1.76114,-4592.61,0
0.286349,3508.71,3.53915,1.21032,0.554031,-4503.5,0
0.29284,3508.63,3.54567,1.10335,5.17635,-4675.94,0
0.299346,3508.63,3.4967,1.24676,3.99342,-4576.31,0
0.305886,3508.6,3.60323,1.34863,3.34724,-4575.55,0
0.312387,3508.53,3.65801,1.42457,6.0057,-4720.9,0
0.318896,3508.5,3.5923,1.37243,5.56323,-4712.96,0
0.325391,3508.46,3.63071,1.38605,4.04062,-4718.31,0
0.331915,3508.41,3.72703,1.47839,4.90233,-4790.59,0
0.338455,3508.35,3.76073,1.46761,6.5173,-4882.73,0
0.344995,3508.3,3.78977,1.50657,6.58546,-4921.71,0
0.351479,3508.24,3.87236,1.44488,6.55275,-5002.76,0
0.35803,3508.17,3.84402,1.42062,5.75068,-5119.34,0
0.364558,3508.18,3.81779,1.34277,4.02695,-4991.8,0
0.371071,3508.17,3.7462,1.29318,4.13727,-4922.97,0
0.377576,3508.16,3.80401,1.26843,3.6535,-4865.9,0
0.384092,3508.12,3.76569,1.21355,6.05999,-4887.98,0
0.390611,3508.14,3.71285,1.2787,3.3345,-4757.42,0
0.397141,3508.14,3.77444,1.46332,1.33698,-4688.41,0
0.403646,3508.09,3.88843,1.53515,1.95773,-4729.78,0
0.410159,3508.08,3.80515,1.42191,2.63295,-4687.29,0
0.416682,3508.01,3.77567,1.54205,6.13801,-4777.12,0
0.423185,3508.03,3.72077,1.50373,4.47323,-4655.25,0
0.429717,3508.02,3.71568,1.33569,4.49923,-4615.3,0
0.436194,3508.01,3.7866,1.32614,3.28658,-4565.55,0
0.442695,3508.02,3.7368,1.28859,2.5727,-4465.88,0
0.449204,3508.03,3.62582,1.16345,2.8774,-4382.72,0
0.45567,3507.95,3.68677,1.17625,5.8483,-4507.14,0
0.462193,3507.92,3.70231,1.36643,3.37718,-4502.84,0
0.468713,3507.88,3.89658,1.59027,2.00589,-4526.17,0
0.475224,3507.9,3.78236,1.62164,0.977153,-4426.99,0
0.481765,3507.83,3.89014,1.58689,3.27433,-4496.3,0
0.488261,3507.82,3.80842,1.6701,4.28452,-4462.36,0
0.494745,3507.8,3.76058,1.60513,5.75596,-4450.87,0
0.501273,3507.87,3.53651,1.70087,2.17928,-4256.33,0
0.507808,3507.76,3.54485,1.74953,6.78301,-4403.27,0
0.514293,3507.81,3.62885,1.71055,0.622405,-4256.15,0
0.520825,3507.79,3.59091,1.5568,2.15729,-4237.95,0
0.527324,3507.83,3.37007,1.70832,0.619152,-4113.86,0
0.533839,3507.76,3.4141,1.64002,4.85089,-4202.36,0
0.540318,3507.74,3.4854,1.7317,3.71312,-4177.83,0
0.546868,3507.72,3.51911,1.79444,2.36358,-4164.11,0
0.553319,3507.68,3.58149,1.91064,2.64329,-4191.4,0
0.559849,3507.65,3.60132,1.91282,2.57207,-4194.4,0
0.566315,3507.61,3.76444,2.07701,1.2924,-4223.98,0
0.572828,3507.54,3.63772,2.05363,6.09981,-4300.37,0
0.579307,3507.49,3.63635,2.07203,5.07853,-4338.61,0
0.585822,3507.36,3.60145,2.10533,8.68394,-4501.69,0
0.592312,3507.35,3.59802,2.09584,4.57339,-4481.46,0
0.59881,3507.3,3.62014,2.0657,6.05446,-4516.45,0
0.605324,3507.33,3.56276,2.03787,1.73148,-4407.43,0
0.611813,3507.28,3.70931,2.1283,1.99777,-4441,0
0.618319,3507.28,3.61555,2.05311,2.54801,-4406.39,0
0.624807,3507.37,3.30549,1.7779,0.955966,-4205.43,0
0.631356,3507.31,3.37125,1.77021,2.64197,-4265.94,0
0.637929,3507.23,3.4743,1.64753,6.58683,-4341.9,0
0.644483,3507.21,3.46844,1.6848,5.2034,-4325.3,0
0.650948,3507.13,3.54938,1.70757,5.89533,-4413.18,0
0.657501,3507.14,3.55436,1.62076,1.87645,-4350.15,0
0.66408,3507.09,3.55731,1.63235,4.28896,-4380.43,0
0.670579,3507.08,3.71101,1.53541,2.84924,-4354.4,0
0.677105,3507.08,3.61531,1.49196,3.57544,-4306.55,0
0.68364,3506.99,3.63839,1.48897,5.96739,-4404.68,0
0.690076,3507.02,3.493,1.51613,4.02067,-4312.96,0
0.696608,3506.96,3.49849,1.45384,7.4084,-4361.24,0
0.703136,3506.98,3.48688,1.57812,4.13573,-4293.21,0
0.70965,3506.92,3.69703,1.70309,3.56602,-4334.94,0
0.716136,3506.88,3.87563,1.67754,3.33468,-4362.78,0
0.722638,3506.83,3.96819,1.53559,4.74688,-4382.45,0
0.729145,3506.79,4.02701,1.52445,3.92511,-4399.12,0
0.735686,3506.7,4.16944,1.60143,7.17344,-4487.26,0
0.742199,3506.69,4.31272,1.66958,2.81753,-4464.86,0
0.748687,3506.55,4.46883,1.62296,8.16549,-4606.52,0
0.755174,3506.58,4.5798,1.69959,1.80733,-4535.37,0
0.76165,3506.48,4.8906,1.61828,3.15499,-4620.93,0
0.768155,3506.47,4.91377,1.59885,3.23066,-4597.62,0
0.774682,3506.37,5.00281,1.61391,6.74058,-4680.93,0
0.781149,3506.35,5.0225,1.54619,5.48366,-4668.43,0
0.787649,3506.33,5.15752,1.54054,2.54898,-4656.26,0
0.794172,3506.28,5.28303,1.72029,1.81114,-4681.31,0
0.800703,3506.26,5.36502,1.70797,0.63028,-4667.61,0
0.807219,3506.17,5.31757,1.7473,5.72963,-4738.74,0
0.813759,3506.15,5.3523,1.88198,4.648,-4727.97,0
0.820272,3506.14,5.3694,1.95756,3.61604,-4700.55,0
0.826757,3506.11,5.30312,1.96573,4.37639,-4704.16,0
0.833277,3506.19,5.25043,1.69771,0.278492,-4566.46,0
0.839795,3506.14,5.26861,1.91088,1.95737,-4598.39,0
0.846306,3506.12,5.20542,2.01198,3.05697,-4590.22,0
0.852827,3506.15,5.14817,2.03787,0.953444,-4514.26,0
0.859361,3506.04,5.24889,1.99642,5.61854,-4602.61,0
0.86586,3506.04,5.23953,1.93088,5.49062,-4570.38,0
0.872388,3506.08,5.10812,1.97456,2.64821,-4490.46,0
0.878915,3506,5.14372,2.04898,5.13233,-4554.53,0
0.885453,3506.07,5.01458,1.98661,1.34002,-4439.56,0
0.891985,3505.95,5.02059,2.01612,7.4239,-4543.79,0
0.898525,3505.91,4.99083,2.03526,6.50237,-4549.16,0
0.905069,3505.84,4.98955,2.08763,7.20645,-4597.78,0
0.911576,3505.84,5.08413,2.00452,3.41237,-4564.52,0
0.918048,3505.9,4.98483,1.7415,2.38265,-4470.74,0
0.924524,3505.86,4.94491,1.74791,4.72933,-4475.92,0
0.931011,3505.8,5.02815,1.96072,5.35696,-4515.23,0
0.937545,3505.77,4.96983,2.04293,5.46971,-4508.43,0
0.944011,3505.76,4.90956,2.05995,3.61218,-4491.72,0
0.950511,3505.72,4.97661,1.95439,3.71681,-4500.15,0
0.956987,3505.69,5.10473,1.85912,3.083,-4501.31,0
0.963514,3505.69,4.97499,1.93344,4.45095,-4468.03,0
0.96998,3505.71,5.13917,1.72468,0.754111,-4424.76,0
0.976515,3505.62,5.13279,2.0884,3.94641,-4486.78,0
0.982999,3505.66,4.99643,2.17802,2.16282,-4414.32,0
0.989504,3505.75,4.71396,2.0769,2.18485,-4299.05,0
0.995958,3505.73,4.75329,1.89029,3.87115,-4287.34,0
1.00246,3505.7,4.71693,2.00456,4.40169,-4291.47,0
1.00896,3505.68,4.70425,2.04807,3.16385,-4279.69,0
1.01548,3505.57,4.79406,2.00217,8.09835,-4362.06,0
1.02199,3505.57,4.69857,2.08035,7.00158,-4339.55,0
1.02853,3505.55,4.6592,2.10975,6.17329,-4325.82,0
1.03506,3505.53,4.62499,2.16924,4.45578,-4319.7,0
1.04155,3505.51,4.62508,2.03368,6.15959,-4309.55,0
1.04807,3505.43,4.6297,1.99705,8.53977,-4363.59,0
1.05455,3505.42,4.67887,2.06708,3.27711,-4347.14,0
1.06106,3505.36,4.66464,1.98122,5.17266,-4373.61,0
1.06754,3505.35,4.65017,1.96231,3.14261,-4355.14,0
1.07405,3505.25,4.74339,1.97868,7.33294,-4419.32,0
1.08055,3505.23,4.91034,2.13795,1.53833,-4414.2,0
1.08706,3505.22,4.69754,2.02696,7.67437,-4398.73,0
1.09357,3505.25,4.69697,2.00736,1.67035,-4339.76,0
1.10007,3505.15,4.62079,1.91385,7.61466,-4407.03,0
1.10657,3505.12,4.53902,1.93193,9.11719,-4410.68,0
1.11307,3505.16,4.42521,1.96406,5.80638,-4346.5,0
1.11959,3505.15,4.48403,1.95965,3.6021,-4330.68,0
1.1261,3505.11,4.6099,1.81657,3.90142,-4340.71,0
1.13261,3505.09,4.54081,1.90762,5.10092,-4331.7,0
1.13908,3505.1,4.34331,2.14996,5.25506,-4301.84,0
1.14561,3505.02,4.27183,2.19849,8.68007,-4345.52,0
1.1521,3505.03,4.2069,2.18021,1.64931,-4313.09,0
1.15859,3504.97,4.16432,2.24341,5.92863,-4344.33,0
1.16517,3504.92,4.2285,2.21993,4.08533,-4355.87,0
1.17172,3504.86,4.29508,2.26944,5.71833,-4390.33,0
1.17821,3504.77,4.33435,2.32687,5.75712,-4435.54,0
1.18468,3504.76,4.30624,2.43203,3.04368,-4423.61,0
1.19118,3504.68,4.25045,2.36464,7.57334,-4466.15,0
1.19766,3504.67,4.25839,2.37949,4.57189,-4453.42,0
1.20415,3504.55,4.27148,2.3757,9.58064,-4522.33,0
1.21065,3504.54,4.25683,2.45612,5.14128,-4509.77,0
1.21715,3504.5,4.43826,2.3129,3.95024,-4521.14,0
1.22364,3504.59,4.21999,2.26139,2.12114,-4424.97,0
1.23009,3504.5,4.13176,2.15942,9.43132,-4470.77,0
1.2366,3504.36,4.11403,2.08139,6.5215,-4563.55,0
1.24314,3504.29,4.2466,2.09078,5.4746,-4592.63,0
1.24966,3504.29,4.36948,1.98876,0.629236,-4565.72,0
1.25618,3504.28,4.3985,1.87951,1.84298,-4552.71,0
1.26267,3504.27,4.34974,1.85525,2.38021,-4536.66,0
1.26915,3504.24,4.39508,1.85162,2.11772,-4537.72,0
1.27565,3504.26,4.13493,1.97873,5.52379,-4498.8,0
1.28215,3504.25,4.11738,1.92775,5.70543,-4482.43,0
1.28864,3504.34,3.9457,1.8879,1.57818,-4393.17,0
1.29515,3504.34,3.82573,1.74032,5.43574,-4370.49,0
1.30166,3504.33,3.84483,1.74321,5.06743,-4357.34,0
1.3082,3504.3,3.95479,1.80542,2.77993,-4357.14,0
1.31467,3504.15,4.02543,1.96303,10.1599,-4446.7,0
1.32117,3504.08,3.9897,2.01871,9.12025,-4478.63,0
1.3277,3504.15,3.91375,2.04468,0.769557,-4407.19,0
1.3342,3504.08,3.77881,2.10848,7.97697,-4433.69,0
1.34072,3503.97,3.86112,1.95754,4.75955,-4498.72,0
1.34722,3503.96,3.82851,1.89205,4.18886,-4483.02,0
1.35377,3503.9,3.98048,1.86961,3.57619,-4503.38,0
1.36032,3503.97,3.75731,1.8627,3.06896,-4432.48,0
1.36684,3504,3.69043,1.79376,2.39306,-4393.14,0
1.37336,3503.97,3.59027,1.84561,5.82942,-4387.3,0
1.37989,3503.94,3.56356,1.83088,4.15848,-4391.82,0
1.38638,3503.87,3.67081,1.758,5.35758,-4421.36,0
1.39285,3503.83,3.70956,1.80101,4.34894,-4427.19,0
1.39934,3503.82,3.65468,1.92337,5.05151,-4419.91,0
1.40579,3503.82,3.5111,1.90427,6.51577,-4398.29,0
1.41231,3503.78,3.66105,1.79101,4.41739,-4405.47,0
1.41879,3503.73,3.7759,1.78509,4.44986,-4417.34,0
1.4253,3503.73,3.74186,1.70685,5.2779,-4401.4,0
1.43183,3503.65,3.81438,1.74522,7.34823,-4437.57,0
1.43834,3503.68,3.72804,1.77681,2.02713,-4393.38,0
1.44485,3503.7,3.55204,1.85803,3.85924,-4361.85,0
1.45141,3503.62,3.54274,1.90062,8.47195,-4395.31,0
1.45796,3503.59,3.64818,1.88737,5.89584,-4393.37,0
1.46446,3503.55,3.54284,1.98972,8.07123,-4404.31,0
1.47098,3503.6,3.51237,1.94867,1.9322,-4350.52,0
1.47749,3503.56,3.44108,1.84331,7.41297,-4356.93,0
1.48405,3503.47,3.49195,1.85607,8.22627,-4400.15,0
1.49053,3503.39,3.55437,1.88698,6.48012,-4435,0
1.49708,3503.43,3.48417,1.93144,1.59811,-4391.52,0
1.50361,3503.39,3.47481,1.89675,3.89289,-4393.74,0
1.51013,3503.39,3.45453,1.93772,3.25644,-4377.15,0
1.51664,3503.34,3.47142,2.00771,5.19811,-4388.95,0
1.52316,3503.29,3.47611,2.06425,5.84461,-4402.16,0
1.52966,3503.27,3.55285,2.06116,2.33759,-4397.11,0
1.53615,3503.13,3.6115,1.91397,3.38041,-4470.88,0
1.54264,3503.08,3.6446,1.84707,4.87725,-4488.05,0
1.54916,3503,3.64257,1.87354,8.63406,-4519.35,0
1.55566,3502.98,3.5928,1.88036,6.89667,-4514.31,0
1.5622,3502.95,3.53624,1.95264,5.60512,-4514.68,0
1.56873,3503,3.43098,1.8121,5.25184,-4461.05,0
1.57525,3502.95,3.49829,1.78688,6.28624,-4478.1,0
1.58173,3502.74,3.58265,1.80472,10.468,-4587.37,0
1.58824,3502.73,3.66357,1.75375,3.18496,-4576.07,0
1.59473,3502.68,3.73705,1.84788,2.22334,-4591.09,0
1.60122,3502.65,3.67572,1.9498,4.42084,-4588.79,0
1.60773,3502.6,3.65823,1.88177,7.75538,-4604.72,0
1.61425,3502.52,3.82982,1.83252,6.41155,-4634.24,0
1.62076,3502.49,3.82945,1.77605,6.84605,-4636.32,0
1.62731,3502.45,3.77288,1.75714,8.69366,-4636.92,0
1.63382,3502.45,3.75249,1.67986,6.57931,-4618.38,0
1.64034,3502.38,3.77439,1.68067,8.27819,-4646.55,0
1.64683,3502.3,3.86251,1.70774,7.58513,-4676.99,0
1.6533,3502.28,3.89175,1.64374,7.2493,-4667.45,0
1.6598,3502.22,3.87214,1.56436,1.14752,-4689.72,0
1.66632,3502.15,3.8743,1.36698,9.53622,-4713.83,0
1.6728,3502.12,3.97947,1.28249,5.04995,-4712.21,0
1.6793,3502.02,3.9261,1.21799,4.66728,-4749.73,0
1.68581,3502.07,3.83099,1.17846,3.31569,-4704.86,0
1.69235,3502.14,3.60852,1.17211,6.40731,-4647.04,0
1.69881,3502.04,3.46847,1.20115,10.2296,-4687.18,0
1.70533,3502.04,3.48951,1.2524,3.65982,-4665.77,0
1.7118,3502.11,3.34394,1.26116,1.84216,-4609.02,0
1.7183,3502.12,3.23216,1.25607,4.96407,-4586.44,0
1.72481,3502.04,3.2899,1.18231,8.9826,-4614.66,0
1.73134,3502.03,3.2605,1.0622,9.61267,-4601.38,0
1.73785,3501.92,3.326,1.13769,3.03474,-4650.55,0
1.74437,3501.94,3.2,1.0678,3.15693,-4620.82,0
1.75093,3501.88,3.26138,0.961012,4.89282,-4638.04,0
1.75742,3501.89,3.25324,1.03772,0.606243,-4613.41,0
1.76394,3501.84,3.22515,1.08055,7.86246,-4627.66,0
1.77046,3501.79,3.18795,1.08808,1.46967,-4637.22,0
1.77698,3501.83,3.14213,0.834974,1.78319,-4596.11,0
1.78347,3501.86,3.0891,0.734176,2.29218,-4565.5,0
1.79003,3501.71,3.18302,0.797661,1.56379,-4631.61,0
1.79655,3501.72,3.15017,0.668229,3.16994,-4611.03,0
1.80311,3501.7,3.08139,0.691014,6.41245,-4602.83,0
1.80959,3501.65,2.96592,0.666094,4.32599,-4612.65,0
1.8161,3501.5,2.89503,0.776601,2.54862,-4679.42,0
1.82262,3501.34,2.89545,0.711369,0.099972,-4752.19,0
1.82909,3501.22,2.92648,0.680935,1.75633,-4799.4,0
1.83561,3501.21,2.86119,0.697031,5.83236,-4789.59,0
1.84212,3501.19,2.84786,0.720934,5.90412,-4782.78,0
1.84864,3501.12,2.83668,0.670693,5.63756,-4803.16,0
1.85517,3501.11,2.80076,0.785102,5.28994,-4790.7,0
1.8617,3501,2.7145,0.61902,8.86156,-4832.18,0
1.86819,3501.02,2.66003,0.600404,4.97764,-4805.93,0
1.87474,3501.06,2.59213,0.590813,1.76961,-4769.29,0
1.88122,3500.94,2.75899,0.52968,6.75311,-4816.01,0
1.88773,3500.87,2.79761,0.401962,2.13582,-4836.82,0
1.89425,3500.81,2.77107,0.441848,0.75049,-4851.91,0
1.90077,3500.8,2.73607,0.526797,1.50553,-4839.08,0
1.9073,3500.75,2.76552,0.584233,3.79441,-4848.99,0
1.91383,3500.76,2.73193,0.613694,2.1928,-4826.65,0
1.92033,3500.63,2.70865,0.625735,0.901133,-4878.81,0
1.9268,3500.64,2.64754,0.643244,0.915291,-4855.45,0
1.9333,3500.57,2.63443,0.542339,2.91106,-4876.43,0
1.93984,3500.51,2.69024,0.497427,6.66394,-4892.29,0
1.94637,3500.48,2.63881,0.419125,4.8768,-4892.17,0
1.95287,3500.47,2.52029,0.404563,6.68931,-4881.21,0
1.95939,3500.41,2.40456,0.384902,7.74963,-4895.88,0
1.96587,3500.42,2.43663,0.258587,0.241644,-4874.48,0
1.97239,3500.4,2.40769,0.282314,3.78711,-4865.75,0
1.97891,3500.34,2.41695,0.238136,0.365445,-4879.15,0
1.98543,3500.22,2.46364,0.257459,3.93099,-4926.26,0
1.99195,3500.08,2.46552,0.321395,2.91907,-4978.59,0
1.9985,3500.1,2.2827,0.274881,3.96601,-4956.09,0
2.00503,3500.1,2.19576,0.181697,3.7913,-4937.42,0
2.01156,3499.99,2.11501,0.147484,3.3213,-4975.01,0
2.01805,3499.86,2.23267,0.148085,7.64149,-5023.02,0
2.02457,3499.88,2.23456,0.0845395,2.11783,-4999.89,0
2.03106,3499.78,2.2332,0.0537124,9.26104,-5031.95,0
2.03753,3499.73,2.22514,0.0444343,7.47036,-5041.27,0
2.04407,3499.68,2.14531,-0.128802,6.46255,-5046.85,0
2.05059,3499.69,2.0126,-0.119172,5.94233,-5026.53,0
2.05711,3499.75,1.87221,-0.0753855,7.13535,-4981.79,0
2.06365,3499.71,1.81622,-0.066993,4.8034,-4986.89,0
2.07021,3499.63,1.76041,-0.0356408,3.80202,-5011.49,0
2.0767,3499.62,1.62921,-0.077487,2.51116,-4997.75,0
2.08324,3499.67,1.49624,-0.144693,7.7607,-4958.82,0
2.08971,3499.7,1.31959,-0.181696,11.3584,-4929.71,0
2.09627,3499.61,1.29513,-0.100245,2.3602,-4956.69,0
2.10278,3499.5,1.16022,-0.112556,7.83423,-4993.86,0
2.10931,3499.33,1.00491,-0.0259507,3.22301,-5060.54,0
2.11583,3499.26,0.762841,-0.0927862,2.94054,-5076.85,0
2.12233,3499.17,0.467215,-0.148794,8.09022,-5101.4,0
2.12685,3499.06,0.197528,0.00521311,13.3081,-5143.42,7
