0.00651145,3509.84,-8.89848,-4.12533,4.42072,-24174.2,0
0.0130381,3509.85,-8.96237,-3.87128,4.05897,-11850.9,0
0.019573,3509.88,-8.87879,-3.82343,3.01305,-6070.6,0
0.0260657,3509.89,-8.79633,-3.78102,2.81542,-4166.6,0
0.0325563,3509.96,-8.46944,-3.69361,3.81133,-1250.89,0
0.0390494,3509.82,-8.49776,-3.68058,6.48355,-4636.65,0
0.0455764,3509.82,-8.50194,-3.64661,3.79282,-3841.97,0
0.0520892,3509.82,-8.59489,-3.80399,1.43626,-3517.37,0
0.0585682,3509.81,-8.58022,-3.77143,1.64042,-3189.47,0
0.0651317,3509.76,-8.77119,-3.59681,2.16719,-3650.58,0
0.071671,3509.73,-8.88691,-3.54433,1.69449,-3703.4,0
0.078199,3509.69,-8.94712,-3.40612,3.42372,-3999.1,0
0.0846825,3509.76,-8.87096,-3.3472,0.905986,-2859.37,0
0.0911838,3509.66,-8.89453,-3.27109,5.10198,-3711.67,0
0.0977002,3509.68,-8.87074,-3.14573,3.73895,-3313.56,0
0.104223,3509.67,-8.89949,-3.04996,3.41551,-3150.55,0
0.11076,3509.66,-9.07327,-3.0181,1.25104,-3113.68,0
0.117203,3509.48,-8.97832,-3.06066,7.99056,-4402.43,0
0.123702,3509.45,-9.06598,-3.07203,4.83012,-4473.32,0
0.130214,3509.41,-9.2155,-3.10213,3.18175,-4492.84,0
0.136713,3509.39,-9.14277,-3.15461,3.82304,-4490.4,0
0.143221,3509.42,-8.98618,-2.9595,4.90084,-4054.03,0
0.149709,3509.44,-8.95601,-2.9754,2.3128,-3758.29,0
0.15625,3509.34,-9.05934,-3.05924,4.75003,-4217.06,0
0.162726,3509.24,-9.06613,-3.13405,6.79233,-4653.48,0
0.169256,3509.26,-9.13017,-3.06935,3.5456,-4386.15,0
0.175815,3509.21,-9.18022,-2.96649,3.74219,-4492.98,0
0.182309,3509.16,-9.16065,-2.87324,6.03257,-4609.08,0
0.188837,3509.17,-9.20689,-2.94838,2.1378,-4400.19,0
0.195385,3509.01,-9.50354,-3.20634,3.43258,-5046.05,0
0.201888,3508.95,-9.55588,-3.33604,4.44987,-5216.59,0
0.208413,3508.86,-9.52358,-3.35595,6.8316,-5450.66,0
0.214919,3508.9,-9.57827,-3.3911,2.28373,-5132.31,0
0.221418,3508.87,-9.5153,-3.34817,3.73722,-5103.68,0
0.227974,3508.81,-9.51723,-3.35139,5.6088,-5225.38,0
0.23451,3508.76,-9.45192,-3.3647,5.72563,-5299.72,0
0.241112,3508.78,-9.52973,-3.31529,1.90199,-5039.44,0
0.24765,3508.67,-9.72341,-3.43874,2.93703,-5365.23,0
0.25411,3508.63,-9.73396,-3.46596,3.83021,-5372.13,0
0.260611,3508.53,-9.65173,-3.56026,8.10568,-5653.95,0
0.267115,3508.48,-9.6827,-3.58057,4.32085,-5684.14,0
0.273605,3508.43,-9.81285,-3.67626,2.23782,-5723.58,0
0.280086,3508.32,-9.91847,-3.84127,4.45908,-6009.49,0
0.286634,3508.3,-9.93112,-3.88416,3.50681,-5945.44,0
0.293119,3508.21,-9.81163,-3.86241,6.35407,-6116.41,0
0.299671,3508.19,-9.86735,-3.86393,4.9997,-6053.46,0
0.306156,3508.18,-9.9338,-3.89924,2.75127,-5932.6,0
0.312646,3508.11,-9.91442,-4.07851,4.54866,-6043.38,0
0.319143,3508.07,-10.0766,-4.15703,1.31815,-6032.19,0
0.325669,3508.17,-9.75106,-4.13603,2.05352,-5634.41,0
0.332168,3508.18,-9.75467,-4.09879,1.25942,-5491.31,0
0.338711,3508.21,-9.45826,-4.03938,4.55114,-5294.26,0
0.345211,3508.27,-9.42944,-4.10013,0.68432,-5018.33,0
0.351718,3508.13,-9.37566,-4.03066,4.69381,-5318.03,0
0.358234,3508.15,-9.39816,-4.14181,2.16017,-5175.55,0
0.36476,3508.17,-9.17189,-4.30368,2.83894,-5022.42,0
0.371275,3508.17,-9.10002,-4.14816,4.80156,-4929.02,0
0.377768,3508.22,-9.0291,-4.30299,1.86889,-4718.78,0
0.384298,3508.19,-9.20343,-4.22585,0.543507,-4716.47,0
0.390807,3508.18,-9.22787,-4.10941,1.21572,-4668.36,0
0.397369,3508.08,-9.15205,-4.15531,5.45892,-4830.83,0
0.403881,3508.09,-9.11151,-4.11306,3.80137,-4736.81,0
0.410397,3508.17,-9.09971,-3.85573,0.632032,-4446.95,0
0.416909,3508.19,-8.84809,-3.90827,3.41341,-4336.62,0
0.423407,3508.23,-8.61526,-3.96722,4.65447,-4187.09,0
0.429919,3508.27,-8.57014,-3.99721,1.17808,-4012.79,0
0.436396,3508.19,-8.64609,-4.0469,3.59982,-4151.77,0
0.44293,3508.2,-8.53971,-3.98271,4.11766,-4058.24,0
0.449445,3508.25,-8.46443,-3.9306,2.24284,-3897.98,0
0.455982,3508.24,-8.5861,-3.844,0.955995,-3866.9,0
0.462496,3508.12,-8.68659,-3.67796,5.70874,-4068.43,0
0.469027,3508.08,-8.89307,-3.52249,3.60903,-4095.35,0
0.475548,3508.05,-8.89406,-3.67411,3.39607,-4105.8,0
0.48205,3508.04,-8.85794,-3.95863,1.58459,-4061.95,0
0.488579,3507.93,-8.96971,-4.06891,4.25432,-4239.59,0
0.495112,3507.96,-8.85132,-4.15301,2.15592,-4116.22,0
0.501596,3507.92,-8.84469,-3.92183,5.67569,-4147.99,0
0.50807,3507.97,-8.84988,-3.93305,0.537032,-4000.01,0
0.514548,3507.96,-8.799,-3.84596,2.36552,-3974.34,0
0.521035,3507.83,-8.72432,-3.79823,7.44425,-4173.13,0
0.527548,3507.87,-8.85902,-3.74603,0.465279,-4031.64,0
0.534067,3507.8,-8.96493,-3.58604,3.20922,-4116.59,0
0.54058,3507.87,-8.88279,-3.42609,1.9536,-3945.71,0
0.547092,3507.86,-8.81922,-3.40057,2.87227,-3918.47,0
0.553589,3507.82,-8.78927,-3.61518,2.62894,-3935.82,0
0.560092,3507.75,-8.96485,-3.60533,2.65802,-4017.94,0
0.566643,3507.78,-8.81209,-3.52198,4.0663,-3917.5,0
0.573142,3507.73,-8.7652,-3.45606,5.80685,-3960.31,0
0.579633,3507.81,-8.74175,-3.56981,0.135957,-3782.06,0
0.586148,3507.76,-8.89228,-3.40942,0.871981,-3827.47,0
0.592624,3507.69,-8.99268,-3.34345,2.38008,-3894.33,0
0.599136,3507.7,-8.79933,-3.43468,4.32263,-3842.8,0
0.605646,3507.68,-8.78772,-3.46822,4.11934,-3827.39,0
0.612119,3507.7,-8.68546,-3.54549,3.83572,-3750.46,0
0.618595,3507.66,-8.75212,-3.57162,4.12917,-3783.55,0
0.625128,3507.59,-8.88013,-3.7199,3.45785,-3850.03,0
0.631597,3507.6,-8.78445,-3.59881,3.97287,-3800.16,0
0.638093,3507.57,-8.83297,-3.59579,4.00323,-3801.74,0
0.644602,3507.53,-8.85278,-3.60549,5.2666,-3827.86,0
0.65112,3507.47,-8.83988,-3.63628,6.8401,-3887.55,0
0.657604,3507.43,-8.81658,-3.65771,4.99563,-3902.24,0
0.66415,3507.49,-8.57737,-3.78419,4.58834,-3785.91,0
0.670668,3507.49,-8.71618,-3.75059,0.445041,-3737.99,0
0.677217,3507.4,-8.66618,-3.70229,5.59219,-3842.51,0
0.683714,3507.43,-8.64029,-3.85033,1.9334,-3760.09,0
0.690234,3507.35,-8.68785,-3.87659,4.60829,-3837.51,0
0.696727,3507.3,-8.71015,-3.89592,4.92405,-3877.09,0
0.703229,3507.24,-8.76706,-3.81968,4.74857,-3929,0
0.709776,3507.17,-8.77164,-3.93605,6.23617,-3985.88,0
0.716282,3507.26,-8.66439,-3.94316,2.07556,-3823.38,0
0.722797,3507.11,-8.66954,-3.88422,7.56572,-4002.2,0
0.729281,3507.05,-8.71393,-3.90125,5.70293,-4046.84,0
0.73575,3507.1,-8.57458,-3.87813,3.82034,-3934.88,0
0.742255,3507.02,-8.62288,-3.85651,5.49047,-4015.5,0
0.748765,3507.05,-8.58848,-3.94352,2.86033,-3938.25,0
0.755262,3507.03,-8.5205,-3.98224,4.40713,-3938.64,0
0.761783,3506.98,-8.56082,-3.94815,5.61333,-3961.1,0
0.768308,3506.9,-8.5641,-3.98403,5.75089,-4031.84,0
0.774782,3506.87,-8.5178,-4.02358,5.43017,-4043.96,0
0.781275,3506.89,-8.54533,-3.98667,2.38904,-3981.24,0
0.787814,3506.84,-8.36978,-3.95845,5.54329,-4006.58,0
0.794301,3506.81,-8.55195,-4.0715,1.82347,-4018.12,0
0.800834,3506.74,-8.54528,-4.01803,4.79391,-4065.73,0
0.807375,3506.86,-8.36833,-3.97045,0.864373,-3883.02,0
0.813908,3506.81,-8.22858,-3.95165,4.98389,-3918.18,0
0.820409,3506.77,-8.15135,-3.97422,5.2715,-3932.2,0
0.826917,3506.76,-8.13839,-3.97904,4.2559,-3918.53,0
0.833439,3506.77,-8.20916,-3.95217,2.12132,-3881.09,0
0.839952,3506.76,-8.16019,-3.99031,2.59823,-3859.35,0
0.846472,3506.62,-8.1739,-4.26153,6.76907,-3993.74,0
0.852949,3506.61,-8.18699,-4.22842,4.77083,-3973.68,0
0.859489,3506.6,-8.28127,-4.27284,0.895685,-3952.99,0
0.866012,3506.55,-8.08957,-4.59447,3.81487,-3980.87,0
0.872509,3506.56,-8.17323,-4.43021,3.21195,-3947.5,0
0.879019,3506.44,-8.15523,-4.56265,6.75877,-4045.41,0
0.885521,3506.53,-8.11731,-4.54872,0.9186,-3918.74,0
0.892016,3506.35,-8.10558,-4.60666,7.22238,-4092.6,0
0.898561,3506.44,-8.06147,-4.58001,2.06111,-3964.8,0
0.905084,3506.41,-8.08277,-4.57574,2.5627,-3962.06,0
0.911567,3506.35,-8.24058,-4.66013,1.4028,-4002.99,0
0.918093,3506.33,-8.08686,-4.59911,4.56672,-3996.29,0
0.924587,3506.33,-8.08693,-4.52962,3.60923,-3969.12,0
0.931087,3506.3,-8.06011,-4.51758,4.16312,-3977.27,0
0.937581,3506.34,-7.93254,-4.37767,4.79405,-3904.23,0
0.944085,3506.34,-7.83865,-4.57082,3.35508,-3873.96,0
0.950542,3506.26,-7.91107,-4.47394,5.56646,-3931.33,0
0.957067,3506.28,-7.89458,-4.72116,1.09146,-3886.12,0
0.963621,3506.2,-7.81442,-4.80765,5.22112,-3945.03,0
0.970098,3506.27,-7.76428,-4.68913,2.40341,-3847.15,0
0.976598,3506.24,-7.68552,-4.7015,4.89438,-3846.92,0
0.983113,3506.23,-7.78289,-4.65813,3.16638,-3837.85,0
0.989609,3506.2,-7.79598,-4.65886,3.75904,-3835.37,0
0.996187,3506.18,-7.72614,-4.70105,5.5321,-3839.57,0
1.00266,3506.16,-7.76476,-4.84848,2.89311,-3827.71,0
1.00919,3506.06,-7.79471,-4.96724,5.36622,-3906.44,0
1.01571,3506.03,-7.7342,-4.95128,5.08358,-3908.27,0
1.02218,3506.04,-7.77312,-4.7997,3.23819,-3870.1,0
1.02871,3505.97,-7.72734,-4.72485,7.90225,-3918.26,0
1.03519,3506.02,-7.72171,-4.65731,4.25419,-3847.76,0
1.04168,3506.08,-7.66312,-4.60916,1.09052,-3762.69,0
1.04816,3506.04,-7.56997,-4.89062,1.1498,-3777.56,0
1.05461,3506,-7.4551,-4.82862,4.27611,-3789.52,0
1.06113,3506.05,-7.3459,-4.76379,1.90081,-3720.42,0
1.06764,3505.98,-7.39988,-4.84363,3.72095,-3766.9,0
1.07415,3505.94,-7.27565,-4.83793,4.41762,-3776.66,0
1.08067,3505.96,-7.27556,-4.93716,1.73574,-3743.04,0
1.08716,3505.96,-7.08976,-4.87285,5.62336,-3718.66,0
1.09364,3505.91,-7.00919,-4.84003,6.73045,-3739.97,0
1.10015,3505.95,-6.99326,-4.83613,2.6953,-3684.51,0
1.10675,3505.82,-7.0335,-5.01627,5.98809,-3781.08,0
1.11326,3505.83,-7.04526,-5.00055,4.11787,-3748.85,0
1.11977,3505.8,-7.02845,-5.14828,3.13173,-3750.79,0
1.12631,3505.84,-6.97741,-5.13229,0.387198,-3697.36,0
1.13282,3505.67,-7.0887,-5.21766,6.15745,-3824.65,0
1.13932,3505.74,-6.98722,-5.3119,1.47836,-3739.04,0
1.14583,3505.64,-6.98401,-5.40512,5.32253,-3807.38,0
1.15233,3505.68,-6.85333,-5.45249,3.74695,-3747.63,0
1.15886,3505.64,-6.82866,-5.30611,7.24325,-3763.78,0
1.16537,3505.6,-6.88957,-5.26283,5.36505,-3775.48,0
1.17186,3505.57,-7.02856,-5.3897,0.390585,-3778.71,0
1.1784,3505.43,-7.0454,-5.56968,5.03081,-3880.13,0
1.18496,3505.41,-6.93831,-5.65784,5.88275,-3870.52,0
1.19145,3505.32,-6.98598,-5.57775,7.58915,-3931.83,0
1.19795,3505.38,-6.97043,-5.49296,3.90644,-3859.53,0
1.20448,3505.24,-7.02913,-5.59667,6.8616,-3952.17,0
1.21097,3505.2,-6.99592,-5.59368,6.44313,-3966.16,0
1.2175,3505.24,-6.86963,-5.55401,4.66765,-3911.58,0
1.22401,3505.22,-6.90026,-5.53593,3.59911,-3902.57,0
1.23053,3505.2,-6.90649,-5.49359,3.73788,-3900.99,0
1.23703,3505.19,-6.94997,-5.3864,3.38634,-3884.57,0
1.24356,3505.16,-6.96535,-5.3134,4.59779,-3891.6,0
1.25007,3505.05,-7.07422,-5.25483,7.03048,-3956.69,0
1.25659,3504.94,-7.08963,-5.2337,9.05117,-4027.9,0
1.26307,3504.83,-7.10106,-5.28464,7.61583,-4096.09,0
1.26956,3504.83,-7.04817,-5.36536,3.23697,-4074.88,0
1.27608,3504.79,-6.95457,-5.38527,5.7797,-4080.64,0
1.28262,3504.76,-6.92268,-5.42262,5.69154,-4086.89,0
1.28913,3504.73,-6.91408,-5.46365,4.42373,-4084.92,0
1.29563,3504.7,-6.96906,-5.55932,0.0759361,-4088.67,0
1.30215,3504.67,-6.9529,-5.60065,0.759925,-4092.6,0
1.30863,3504.64,-6.92773,-5.41111,5.62522,-4098.23,0
1.31513,3504.71,-6.99379,-5.21455,1.93478,-4026.18,0
1.32162,3504.69,-7.01508,-5.11187,2.78975,-4019.62,0
1.32812,3504.58,-7.03194,-5.1648,5.62765,-4081.66,0
1.33459,3504.62,-7.02796,-5.1677,0.936537,-4028.62,0
1.34112,3504.51,-7.05767,-5.30152,4.28672,-4097.12,0
1.34762,3504.6,-7.0517,-5.06466,1.44479,-4004.87,0
1.35415,3504.5,-7.13098,-4.96598,5.911,-4060.98,0
1.36064,3504.56,-7.18591,-4.83744,1.86308,-4000.81,0
1.36716,3504.62,-7.04909,-4.75275,0.697509,-3935.04,0
1.37367,3504.67,-6.8911,-4.6923,1.35485,-3879.34,0
1.38013,3504.57,-6.82409,-4.80511,6.44,-3932.07,0
1.38662,3504.51,-6.76173,-4.70764,7.83039,-3958.61,0
1.39316,3504.47,-6.71186,-4.5742,7.99352,-3969.78,0
1.39968,3504.42,-6.6131,-4.5429,7.61594,-3987.66,0
1.40625,3504.4,-6.61387,-4.61304,3.46969,-3979.98,0
1.41277,3504.33,-6.57761,-4.60692,5.3105,-4013.2,0
1.41925,3504.23,-6.70257,-4.83993,3.43544,-4062.54,0
1.42578,3504.15,-6.74466,-4.83446,6.96901,-4103.41,0
1.43227,3504.16,-6.82409,-4.9058,1.13088,-4079.27,0
1.43879,3504.15,-6.60723,-4.92721,6.02822,-4066.4,0
1.44528,3504.14,-6.59635,-4.97319,4.12015,-4051.75,0
1.45175,3504.13,-6.53827,-4.93153,4.7865,-4041.35,0
1.45824,3504.06,-6.58617,-4.99464,5.74745,-4071.66,0
1.46479,3504.1,-6.61057,-4.91148,2.73019,-4025.63,0
1.4713,3504.21,-6.41456,-4.82951,1.60978,-3935.97,0
1.47778,3504.15,-6.38031,-4.68969,7.6568,-3959.63,0
1.48428,3504.19,-6.43434,-4.67494,1.66686,-3911.3,0
1.49076,3504.24,-6.4069,-4.40842,3.18839,-3864.18,0
1.49727,3504.23,-6.42381,-4.54536,0.164134,-3856.19,0
1.50378,3504.23,-6.31671,-4.51909,2.64392,-3838.19,0
1.51025,3504.21,-6.34582,-4.50039,2.89031,-3833.86,0
1.51679,3504.3,-6.10365,-4.46055,2.94791,-3757.62,0
1.52326,3504.3,-6.13897,-4.33824,3.62199,-3744.85,0
1.5297,3504.28,-6.21632,-4.2412,3.65056,-3737.41,0
1.5362,3504.2,-6.14911,-4.19427,8.83418,-3772.36,0
1.54272,3504.18,-6.15547,-4.19855,5.64429,-3772.26,0
1.5492,3504.18,-6.21429,-4.1838,2.10595,-3754.64,0
1.5557,3504.19,-6.19518,-4.13478,2.46483,-3736.45,0
1.56219,3504.13,-6.15234,-4.23046,4.69425,-3754.74,0
1.56872,3504.13,-6.03903,-4.26662,6.47443,-3742.26,0
1.5752,3504.08,-6.12652,-4.25707,4.70334,-3759.95,0
1.58172,3504.06,-6.08585,-4.36891,3.43396,-3758.56,0
1.58823,3504.03,-5.97215,-4.53557,3.93915,-3759.21,0
1.59475,3504.01,-5.99016,-4.43782,5.18786,-3753.57,0
1.6013,3504.1,-5.89364,-4.29135,2.2096,-3683.62,0
1.60784,3504,-5.95196,-4.21526,5.23498,-3734.48,0
1.61441,3504.06,-5.8177,-4.24826,1.85809,-3676.76,0
1.62091,3503.97,-5.88552,-4.16985,5.1646,-3722.07,0
1.62739,3503.93,-5.89794,-4.27538,4.24423,-3728.93,0
1.63387,3503.91,-5.93704,-4.20701,5.07517,-3730.26,0
1.64035,3503.89,-5.97889,-4.15642,4.85986,-3724.03,0
1.64684,3503.89,-5.90669,-4.17224,4.9722,-3711.04,0
1.65331,3503.91,-5.93806,-4.1734,0.426283,-3683.71,0
1.65983,3503.89,-6.03329,-4.00666,1.79241,-3680.12,0
1.66635,3503.89,-6.00945,-3.96141,2.90179,-3667.53,0
1.67286,3503.87,-6.00789,-3.87562,3.28119,-3662.14,0
1.67935,3503.83,-6.16229,-3.87572,1.50555,-3674.29,0
1.68588,3503.75,-6.14198,-3.93066,5.54838,-3710.08,0
1.69236,3503.71,-6.12869,-3.9161,6.51105,-3719.29,0
1.69882,3503.7,-6.29023,-3.84675,2.17991,-3709.08,0
1.70536,3503.65,-6.33938,-3.72566,6.08247,-3723.69,0
1.71183,3503.65,-6.18308,-3.76588,7.59097,-3711.15,0
1.71831,3503.63,-6.11128,-3.85029,4.42192,-3706.92,0
1.72478,3503.53,-6.20583,-3.9257,6.2793,-3751.24,0
1.73126,3503.6,-6.11043,-3.83604,3.81586,-3697.67,0
1.73779,3503.53,-6.27362,-3.78551,3.44131,-3724.45,0
1.74428,3503.47,-6.2794,-3.83878,5.13832,-3741.27,0
1.75078,3503.43,-6.31027,-3.83638,3.77082,-3752.59,0
1.75733,3503.45,-6.32878,-3.82464,0.992941,-3728.79,0
1.76385,3503.47,-6.19389,-3.82576,2.24919,-3700.73,0
1.77035,3503.41,-6.12913,-3.937,6.40805,-3722.07,0
1.77682,3503.27,-6.42565,-3.96668,4.9804,-3789.32,0
1.7833,3503.25,-6.37689,-4.04352,2.82278,-3782.53,0
1.78979,3503.26,-6.25484,-3.99199,6.00012,-3763.27,0
1.79625,3503.29,-6.19128,-4.01498,0.530507,-3733.99,0
1.80276,3503.25,-6.10557,-3.86263,7.71242,-3745.38,0
1.80929,3503.14,-6.0437,-3.7758,3.93569,-3793.02,0
1.81579,3503.09,-5.90981,-3.84936,7.97931,-3805.9,0
1.82227,3503.05,-5.9617,-3.88911,5.31208,-3816.1,0
1.82872,3502.99,-6.00219,-3.88133,5.52038,-3830.98,0
1.83525,3503.03,-5.88495,-3.79979,5.09062,-3797.86,0
1.84174,3503.07,-5.74413,-3.79267,5.20684,-3762.24,0
1.84829,3503,-5.80537,-3.77877,7.47694,-3788.97,0
1.85481,3502.94,-5.78787,-3.74094,7.93171,-3804.72,0
1.86126,3502.88,-5.65527,-3.72159,7.97107,-3823.38,0
1.86773,3502.8,-5.73513,-3.74486,6.78895,-3855.47,0
1.87427,3502.76,-5.70846,-3.93648,3.92415,-3863.5,0
1.88076,3502.69,-5.80874,-3.93107,4.32281,-3885.46,0
1.88732,3502.63,-5.81508,-4.25546,0.379938,-3904.45,0
1.89379,3502.61,-5.88211,-4.19694,0.275819,-3900.87,0
1.9003,3502.48,-5.99353,-4.1767,6.08345,-3956.76,0
1.90682,3502.52,-5.87771,-4.26464,0.697549,-3920.21,0
1.91332,3502.37,-6.0269,-4.41366,3.18878,-3987.77,0
1.91984,3502.36,-5.95654,-4.50278,2.15039,-3979.27,0
1.92634,3502.26,-6.08669,-4.56121,3.34241,-4018.25,0
1.93282,3502.29,-6.09749,-4.44902,2.43104,-3986.42,0
1.93931,3502.23,-6.0403,-4.45008,7.27918,-4004.46,0
1.94584,3502.19,-6.1254,-4.52638,2.022,-4014.76,0
1.95237,3502.13,-6.1229,-4.55588,4.54026,-4033.24,0
1.95887,3502.03,-6.25804,-4.7318,0.0499298,-4069.54,0
1.96543,3501.94,-6.24009,-4.76481,5.36832,-4098.81,0
1.97195,3501.93,-6.22247,-4.81961,4.03675,-4090.15,0
1.97849,3501.96,-6.10567,-4.76781,6.59714,-4063.5,0
1.98499,3501.94,-6.12291,-4.92625,0.692738,-4061.18,0
1.99148,3501.85,-6.17135,-4.88456,5.35645,-4092.81,0
1.99796,3501.85,-6.17434,-4.93892,2.22556,-4081.02,0
2.00445,3501.75,-6.20521,-4.83995,8.54372,-4113.57,0
2.01094,3501.76,-6.18722,-4.95211,3.54228,-4097.94,0
2.01743,3501.69,-6.24711,-4.89549,6.67859,-4118.51,0
2.02392,3501.71,-6.20527,-4.90811,4.77922,-4095.84,0
2.03041,3501.7,-6.12408,-5.03155,3.56765,-4089.69,0
2.03693,3501.71,-6.25725,-4.89134,0.179059,-4069.34,0
2.0434,3501.7,-6.27839,-4.75061,3.78482,-4060.15,0
2.0499,3501.62,-6.28505,-4.80478,6.6765,-4088.82,0
2.05639,3501.57,-6.44193,-4.8771,1.30495,-4098.09,0
2.06291,3501.44,-6.52226,-4.81418,7.82083,-4149.84,0
2.06942,3501.45,-6.59617,-4.75745,3.37105,-4132.26,0
2.07589,3501.38,-6.75281,-4.69206,2.15234,-4153.87,0
2.08241,3501.32,-6.88994,-4.5426,3.54606,-4169.28,0
2.08897,3501.24,-6.9497,-4.61354,4.42076,-4192.24,0
2.09549,3501.18,-6.90937,-4.58386,7.05974,-4210.55,0
2.10204,3501.15,-6.8908,-4.66072,6.97909,-4211.87,0
2.10853,3501.13,-6.85515,-4.63923,6.71958,-4208.13,0
2.11504,3501.18,-6.86197,-4.49479,2.84093,-4170.28,0
2.12154,3501.09,-6.92488,-4.48101,6.48724,-4200.22,0
2.12807,3501.01,-6.87428,-4.45697,9.90857,-4223.22,0
2.13457,3500.94,-6.92546,-4.42921,7.86672,-4242.9,0
2.14106,3500.96,-6.88282,-4.40229,6.5855,-4221.88,0
2.14757,3500.93,-6.96929,-4.44273,3.23722,-4224.95,0
2.15408,3500.94,-6.84215,-4.59416,2.87302,-4207.01,0
2.16057,3500.99,-6.71691,-4.59365,2.36735,-4171.88,0
2.16708,3501,-6.53359,-4.59069,8.12944,-4153.1,0
2.1736,3501.03,-6.51663,-4.55337,6.37326,-4128.45,0
2.18017,3500.98,-6.51323,-4.54762,7.25876,-4139.35,0
2.18665,3500.91,-6.52607,-4.58393,6.7916,-4158.91,0
2.19311,3500.99,-6.51329,-4.42101,3.31931,-4106.05,0
2.19962,3500.94,-6.57119,-4.273,8.13007,-4117.25,0
2.20615,3500.93,-6.59571,-4.27507,6.40817,-4111.54,0
2.21265,3500.87,-6.74021,-4.27019,3.02057,-4124.09,0
2.21915,3500.81,-6.59655,-4.30015,9.39762,-4140.96,0
2.22564,3500.79,-6.58742,-4.23211,6.47157,-4137.91,0
2.23217,3500.77,-6.6213,-4.30147,3.65259,-4134.76,0
2.23865,3500.74,-6.61936,-4.38026,2.48506,-4134.2,0
2.24515,3500.65,-6.65838,-4.3473,7.65998,-4163.09,0
2.25165,3500.62,-6.68709,-4.31111,5.7782,-4164.99,0
2.25817,3500.6,-6.75925,-4.29342,2.56463,-4162.16,0
2.26472,3500.53,-6.85875,-4.1934,4.99254,-4182.31,0
2.2712,3500.5,-6.93348,-4.08758,6.26911,-4184.45,0
2.27772,3500.49,-6.81491,-4.08191,9.12627,-4177.04,0
2.28423,3500.45,-6.76838,-4.08258,7.24445,-4180.63,0
2.29074,3500.31,-6.7686,-4.0558,1.6467,-4231.86,0
2.29722,3500.31,-6.73747,-4.02924,2.16226,-4219.68,0
2.30379,3500.12,-6.77735,-4.26097,7.40844,-4289.3,0
2.31029,3500.17,-6.68517,-4.29733,2.86252,-4256.99,0
2.31682,3500.1,-6.64005,-4.26944,9.37687,-4273.55,0
2.32334,3500.1,-6.60372,-4.25926,6.84534,-4260.32,0
2.32988,3500.13,-6.7417,-4.0819,0.79758,-4237.52,0
2.33635,3500.15,-6.66996,-4.03688,3.72031,-4217.57,0
2.34284,3500.13,-6.6456,-4.06977,4.01144,-4213.05,0
2.34931,3500.01,-6.84605,-4.08617,2.16996,-4252.83,0
2.35579,3499.97,-6.75517,-4.14206,6.23994,-4255.95,0
2.36233,3499.92,-6.77717,-4.05321,7.75597,-4267.06,0
2.36881,3499.79,-6.75519,-4.00936,3.30645,-4308.1,0
2.37532,3499.71,-6.90388,-3.9676,2.89055,-4332.74,0
2.38181,3499.72,-6.86146,-3.83592,4.63053,-4315.18,0
2.38834,3499.73,-6.79312,-3.68822,8.51827,-4298.5,0
2.39484,3499.63,-6.86588,-3.78401,5.05961,-4331.67,0
2.40135,3499.67,-6.82305,-3.71342,4.80757,-4300.81,0
2.40787,3499.61,-6.89375,-3.76554,2.94464,-4314.79,0
2.41438,3499.62,-6.86199,-3.67818,4.46198,-4297.71,0
2.42087,3499.62,-6.77313,-3.71512,5.67849,-4287.22,0
2.42736,3499.61,-6.79612,-3.65571,5.7907,-4282.11,0
2.43386,3499.54,-6.90269,-3.51697,7.78369,-4298.15,0
2.44037,3499.53,-6.69726,-3.6068,3.4345,-4291.53,0
2.44691,3499.57,-6.61579,-3.57913,4.07184,-4261.46,0
2.45344,3499.59,-6.62303,-3.48507,4.61111,-4243.99,0
2.45995,3499.57,-6.64291,-3.57039,0.796328,-4239.09,0
2.46644,3499.52,-6.69728,-3.40343,6.3054,-4248.4,0
2.47298,3499.46,-6.65572,-3.36306,10.3423,-4261.47,0
2.47947,3499.47,-6.52904,-3.24291,6.89192,-4246.63,0
2.48599,3499.39,-6.60527,-3.34597,3.82142,-4268.37,0
2.49249,3499.41,-6.60866,-3.23589,4.4718,-4248.48,0
2.49902,3499.42,-6.60123,-3.19963,4.18729,-4232.69,0
2.50556,3499.46,-6.54401,-3.25598,1.35201,-4205.01,0
2.51202,3499.56,-6.44665,-3.13895,0.791802,-4155.45,0
2.51852,3499.44,-6.52095,-3.19939,4.06191,-4194.2,0
2.52501,3499.44,-6.54401,-2.93233,7.84433,-4180.25,0
2.53153,3499.47,-6.45716,-2.85551,8.59388,-4161.42,0
2.53804,3499.38,-6.49251,-2.87687,7.3693,-4186.11,0
2.54455,3499.31,-6.45046,-2.9056,8.36102,-4199.6,0
2.5511,3499.3,-6.39171,-2.88765,6.14797,-4193.55,0
2.55759,3499.33,-6.33781,-2.85102,2.8591,-4171.32,0
2.5641,3499.32,-6.21345,-2.91444,8.01956,-4166.79,0
2.5706,3499.28,-6.23919,-2.86498,4.49667,-4168.41,0
2.57708,3499.24,-6.20575,-2.97292,4.23363,-4177.14,0
2.58359,3499.18,-6.32716,-2.88264,2.76008,-4188.42,0
2.59007,3499.09,-6.39579,-2.83659,5.22481,-4213.06,0
2.59657,3499.08,-6.40239,-2.90061,2.58517,-4205.15,0
2.60309,3499.06,-6.28007,-2.81688,1.5407,-4202.59,0
2.6096,3499.02,-6.29977,-2.82688,3.30493,-4208.31,0
2.61613,3499.01,-6.27968,-2.73752,4.5405,-4198.98,0
2.6226,3499.03,-6.16172,-2.68973,8.54037,-4182.55,0
2.62912,3499.03,-6.16865,-2.71833,0.184389,-4171.38,0
2.63565,3498.91,-6.18825,-2.69786,7.40826,-4206.65,0
2.64216,3498.84,-6.18578,-2.67409,8.6995,-4222.4,0
2.64872,3498.85,-6.17543,-2.62446,5.85783,-4209.17,0
2.65523,3498.82,-6.1783,-2.62529,6.40467,-4209.74,0
2.66174,3498.83,-6.24529,-2.55212,0.445286,-4194.83,0
2.66828,3498.76,-6.28267,-2.60143,2.28898,-4214.17,0
2.6748,3498.82,-6.27106,-2.327,5.02389,-4180.1,0
2.68131,3498.81,-6.19818,-2.52706,4.81833,-4175.06,0
2.68782,3498.76,-6.28695,-2.44141,3.31925,-4181.07,0
2.69433,3498.71,-6.36459,-2.38325,2.72371,-4189.2,0
2.70088,3498.68,-6.37093,-2.26817,5.77639,-4189.4,0
2.70739,3498.67,-6.34418,-2.21897,6.31536,-4183.91,0
2.71385,3498.58,-6.24983,-2.24187,5.22837,-4207.84,0
2.72034,3498.56,-6.26617,-2.21813,5.5109,-4205.02,0
2.72686,3498.52,-6.22109,-2.16202,8.25456,-4209.78,0
2.7334,3498.46,-6.33414,-2.0165,5.08344,-4220.17,0
2.73987,3498.47,-6.33773,-1.97336,4.6253,-4209.14,0
2.74642,3498.43,-6.306,-1.99639,6.26439,-4213.79,0
2.75294,3498.4,-6.32044,-1.91542,7.0481,-4213.82,0
2.75943,3498.35,-6.33697,-1.88858,6.13878,-4221.46,0
2.76596,3498.54,-6.09406,-1.99741,4.82758,-4144.95,0
2.77243,3498.61,-5.86326,-2.13771,10.7994,-4107.16,0
2.77894,3498.58,-5.8299,-2.09702,1.67195,-4109,0
2.78548,3498.47,-5.68678,-2.17662,8.40221,-4139.88,0
2.79197,3498.48,-5.64149,-2.18863,5.64426,-4126.94,0
2.79845,3498.58,-5.64904,-1.84924,4.80746,-4081.74,0
2.80494,3498.42,-5.73704,-1.72697,3.32284,-4129.51,0
2.8114,3498.42,-5.72417,-1.69698,4.03809,-4119.63,0
2.81794,3498.44,-5.70155,-1.75,1.59887,-4102.47,0
2.82446,3498.52,-5.58993,-1.62505,4.40358,-4063.93,0
2.83097,3498.47,-5.61801,-1.4184,7.23319,-4072.22,0
2.83752,3498.41,-5.54157,-1.45366,6.07826,-4085.78,0
2.84401,3498.35,-5.46366,-1.55091,0.607289,-4096.35,0
2.85048,3498.25,-5.40618,-1.63102,0.796841,-4121.18,0
2.85698,3498.19,-5.34233,-1.46927,5.07217,-4132.33,0
2.86347,3498.19,-5.26245,-1.35247,2.18818,-4122.76,0
2.86997,3498.12,-5.30685,-1.37369,1.73944,-4137.95,0
2.87647,3498,-5.34626,-1.50277,3.30612,-4170.21,0
2.883,3497.9,-5.33322,-1.59009,9.48125,-4196.51,0
2.88953,3497.82,-5.2907,-1.61634,7.97423,-4214.32,0
2.89606,3497.72,-5.19675,-1.56124,3.87616,-4240.51,0
2.90261,3497.69,-5.12565,-1.6312,9.46499,-4240.58,0
2.90909,3497.63,-5.09712,-1.66006,5.14608,-4251.19,0
2.91563,3497.6,-5.09394,-1.56889,7.40769,-4253.18,0
2.92212,3497.58,-5.01741,-1.54764,4.02338,-4251.73,0
2.92866,3497.54,-5.04877,-1.48105,5.63433,-4254.16,0
2.93519,3497.7,-4.90466,-1.54628,0.433964,-4190.84,0
2.94169,3497.52,-4.87219,-1.53515,11.1347,-4241.78,0
2.94815,3497.52,-4.91601,-1.43717,4.60017,-4234.12,0
2.95468,3497.53,-4.7686,-1.36235,8.1377,-4219.72,0
2.96112,3497.53,-4.74168,-1.46252,3.95915,-4209.96,0
2.96765,3497.56,-4.69954,-1.52852,0.232787,-4190.23,0
2.97419,3497.5,-4.69989,-1.43878,6.47205,-4202.27,0
2.98068,3497.41,-4.83836,-1.27075,3.75039,-4223.5,0
2.98718,3497.32,-4.9057,-1.23439,3.1871,-4244.24,0
2.99365,3497.31,-4.79167,-1.29813,1.58952,-4237.55,0
3.00017,3497.27,-4.83228,-1.21715,3.33688,-4242.41,0
3.00673,3497.32,-4.70153,-1.17054,2.9953,-4217.4,0
3.01321,3497.23,-4.6387,-1.08486,9.56108,-4236.47,0
3.0197,3497.27,-4.58417,-1.225,5.36767,-4214.31,0
3.02624,3497.32,-4.46016,-1.11623,6.9471,-4189.65,0
3.03276,3497.35,-4.40328,-1.29565,1.3275,-4171.53,0
3.03928,3497.3,-4.38971,-1.24987,9.76979,-4177.48,0
3.04579,3497.33,-4.29819,-1.25862,4.4506,-4160.06,0
3.05229,3497.18,-4.16924,-1.26028,4.31275,-4199.6,0
3.05879,3497.31,-4.06018,-1.2327,5.24705,-4148.83,0
3.0653,3497.27,-4.02871,-1.20014,1.76135,-4151.35,0
3.07181,3497.16,-4.12546,-1.12674,1.37559,-4179.1,0
3.0783,3497.15,-4.06367,-1.16125,7.6431,-4173.76,0
3.08478,3496.92,-4.22225,-1.24997,4.69709,-4239.63,0
3.09131,3496.89,-4.16674,-1.30946,0.280352,-4242.3,0
3.09779,3496.83,-4.02278,-1.28338,6.76063,-4252.03,0
3.10429,3496.68,-4.01493,-1.48531,1.87673,-4291.63,0
3.11074,3496.66,-3.95147,-1.3903,7.31657,-4288.06,0
3.11724,3496.58,-4.02909,-1.25756,8.16574,-4304.9,0
3.12375,3496.57,-4.01366,-1.22823,9.29318,-4297.86,0
3.13027,3496.45,-4.02453,-1.21172,8.92756,-4328.7,0
3.13683,3496.35,-4.02783,-1.09209,0.651569,-4352.39,0
3.14334,3496.36,-3.90236,-0.830522,7.87285,-4338.37,0
3.14988,3496.32,-3.94403,-0.763896,5.62473,-4344.45,0
3.15638,3496.34,-3.78381,-0.684079,9.89513,-4328.96,0
3.16285,3496.27,-3.71342,-0.692097,6.66181,-4341.77,0
3.16936,3496.26,-3.66014,-0.645131,5.69418,-4336.43,0
3.17589,3496.26,-3.52983,-0.697929,6.95076,-4327.07,0
3.1824,3496.26,-3.44388,-0.764225,8.32023,-4317.93,0
3.18891,3496.18,-3.34038,-0.748697,4.47927,-4332.62,0
3.1954,3496.25,-3.21071,-0.696795,0.930049,-4302.12,0
3.20192,3496.2,-3.17627,-0.604994,8.92975,-4310.07,0
3.20843,3496.09,-3.17285,-0.592734,0.50939,-4335.48,0
3.21491,3496.03,-3.1012,-0.441422,6.34247,-4345.05,0
3.22143,3496.08,-3.08332,-0.454619,0.783044,-4321.89,0
3.22795,3496.09,-3.03996,-0.435966,6.27332,-4308.14,0
3.23442,3495.97,-3.0017,-0.4287,9.35944,-4337.49,0
3.24093,3496.09,-2.84849,-0.41617,8.36232,-4291.91,0
3.24742,3496.1,-2.7506,-0.38525,12.0739,-4281.71,0
3.25392,3496.22,-2.62092,-0.433461,2.43363,-4234.09,0
3.26041,3496.1,-2.55832,-0.47249,0.899286,-4263.4,0
3.26695,3495.97,-2.48197,-0.487099,5.43852,-4293.45,0
3.27345,3496.04,-2.29344,-0.522739,6.1474,-4265.25,0
3.27998,3495.91,-2.23267,-0.464002,5.30177,-4294.35,0
3.28647,3495.87,-2.17794,-0.383219,2.93237,-4300.63,0
3.29295,3495.83,-2.01355,-0.369348,4.11789,-4304.42,0
3.29948,3495.73,-1.91169,-0.319273,9.18374,-4324.75,0
3.30598,3495.65,-1.77232,-0.378792,11.4972,-4340.94,0
3.3125,3495.61,-1.66925,-0.326239,4.64894,-4345,0
3.31904,3495.55,-1.56408,-0.307795,0.92527,-4354.07,0
3.32554,3495.59,-1.35015,-0.361036,4.09724,-4333.96,0
3.33206,3495.55,-1.15051,-0.299527,2.89502,-4335.23,0
3.33858,3495.52,-0.942607,-0.313994,8.8333,-4338.38,0
3.33991,3495.52,-0.863767,-0.271592,1.62662,-4334.8,0
