0.00654266,3509.9,5.72692,-1.47287,0.954781,-15677.3,0
0.0130305,3509.72,5.82484,-1.45424,2.15445,-21790.6,0
0.0195265,3509.91,5.56361,-1.63331,0.605515,-4586.15,0
0.0260642,3509.68,5.40533,-1.63004,2.45773,-12400,0
0.0325717,3509.75,5.222,-1.69703,1.70312,-7649.46,0
0.0390662,3509.75,5.00775,-1.62709,1.76182,-6402.92,0
0.0455438,3509.85,4.99194,-1.61559,0.661874,-3225.63,0
0.0520485,3509.76,4.87456,-1.5974,1.45596,-4519.87,0
0.0585286,3509.79,4.81251,-1.51046,1.2401,-3659.83,0
0.0650119,3509.67,4.99274,-1.54337,1.5058,-5056.67,0
0.0715262,3509.69,4.97061,-1.64929,1.12236,-4387.94,0
0.0779976,3509.73,4.80298,-1.60379,0.833199,-3522.26,0
0.0845061,3509.57,4.82449,-1.51588,1.81671,-5122.89,0
0.0909817,3509.52,4.75742,-1.20803,2.18114,-5266.15,0
0.0974866,3509.69,4.76539,-0.975457,0.55481,-3201.84,0
0.104,3509.62,4.93924,-1.19761,0.683024,-3667.02,0
0.110503,3509.39,5.32412,-1.08386,1.82465,-5493.66,0
0.117017,3509.47,5.03809,-0.978942,1.36079,-4517.2,0
0.123503,3509.3,4.94948,-0.84907,2.62355,-5692.85,0
0.129989,3509.56,4.85927,-1.20046,0.13702,-3349.63,0
0.136496,3509.32,4.89257,-1.27745,2.00268,-4971.22,0
0.142967,3509.27,4.87367,-1.37684,2.07826,-5131.34,0
0.149521,3509.36,4.94768,-1.38273,0.900016,-4273.72,0
0.156025,3509.32,5.09996,-1.62863,0.812241,-4370.47,0
0.162567,3509.34,4.9759,-2.04652,0.464004,-4084.87,0
0.169048,3509,5.22308,-2.01898,2.72783,-5933.4,0
0.175565,3509.13,5.35876,-1.65615,1.30232,-4951.84,0
0.182108,3508.97,5.80237,-1.65038,1.69442,-5651.53,0
0.188635,3508.86,5.94696,-1.50885,2.0382,-6050.25,0
0.195172,3508.98,5.98103,-1.48265,0.685341,-5202.63,0
0.201682,3508.91,6.19021,-1.11203,1.00691,-5391.01,0
0.208181,3508.86,6.51492,-1.27665,0.549877,-5455.61,0
0.214696,3508.86,6.40774,-1.3603,0.596667,-5315.47,0
0.221225,3508.55,6.39497,-1.41678,2.98691,-6543.99,0
0.227702,3508.85,6.34353,-1.18092,0.291888,-5071.96,0
0.234214,3508.66,6.25723,-1.30189,1.86483,-5708.94,0
0.240679,3508.7,6.10005,-1.32297,1.66195,-5384.11,0
0.247188,3508.45,6.0179,-1.07862,3.64813,-6283.56,0
0.253689,3508.44,6.05155,-1.07691,2.90251,-6158.7,0
0.260196,3508.41,6.07594,-1.27407,2.40397,-6106.67,0
0.266695,3508.27,6.20491,-1.16175,2.86926,-6502.54,0
0.273224,3508.17,6.11177,-1.23408,3.06709,-6681.57,0
0.279716,3508.14,6.0362,-1.32767,2.78926,-6658.94,0
0.286206,3508.3,5.89203,-1.42828,1.25982,-5944.6,0
0.292691,3508.15,5.88189,-1.48591,2.36982,-6318.8,0
0.299171,3508.15,5.84269,-1.30724,2.06898,-6192.99,0
0.305661,3508.07,5.67137,-1.39015,2.63894,-6310.39,0
0.312174,3507.98,5.72605,-1.36984,2.8031,-6485.8,0
0.318672,3507.96,5.74541,-1.26772,2.45745,-6415.45,0
0.325174,3507.8,5.64107,-1.18661,3.51243,-6767.96,0
0.331678,3508.05,5.63009,-1.12032,0.848023,-5870.41,0
0.338179,3507.96,5.76905,-1.06196,1.19211,-6028.69,0
0.344697,3507.84,5.69704,-1.07026,2.19385,-6275.71,0
0.351221,3507.7,5.59942,-1.15746,2.97679,-6541.49,0
0.357705,3507.87,5.45736,-1.26515,1.06751,-5942.84,0
0.364228,3507.74,5.48561,-1.17883,1.85532,-6202.69,0
0.370745,3507.7,5.47879,-1.11136,2.12542,-6216.94,0
0.377252,3507.57,5.41358,-1.24844,2.81915,-6453.21,0
0.383747,3507.54,5.37983,-1.44405,2.44513,-6423.47,0
0.390227,3507.67,5.1227,-1.35916,1.31243,-5964.44,0
0.396739,3507.65,5.19032,-1.40369,1.25245,-5929.28,0
0.403257,3507.55,5.05811,-1.42298,2.05489,-6063.9,0
0.409756,3507.55,4.94578,-1.48705,2.10893,-5983.67,0
0.416258,3507.51,4.88001,-1.46878,2.14481,-5971.22,0
0.422727,3507.48,4.77582,-1.39589,2.54699,-5966.43,0
0.429217,3507.36,5.13688,-1.69901,2.44008,-6147.38,0
0.435752,3507.34,5.18435,-1.63763,2.08479,-6104.86,0
0.442281,3507.22,5.14038,-1.75214,2.86882,-6292.63,0
0.448834,3507.14,5.2427,-1.75157,2.92278,-6369.25,0
0.45534,3507.22,5.16214,-1.84205,1.77374,-6100.09,0
0.461881,3507.28,4.96933,-1.63959,1.54023,-5885.79,0
0.468403,3507.08,5.04035,-1.49693,2.9788,-6239.08,0
0.474895,3507.01,4.99337,-1.37324,3.14129,-6291.31,0
0.481442,3506.98,5.28969,-1.42909,2.32884,-6273.22,0
0.487943,3506.95,5.29737,-1.41521,2.0676,-6241.29,0
0.494451,3506.91,5.3623,-1.20486,2.05637,-6252.43,0
0.500926,3506.93,5.20881,-1.08694,1.99414,-6127.47,0
0.507463,3506.95,5.32125,-1.04584,1.26999,-6003.43,0
0.51396,3507.07,5.20786,-1.01254,0.0860566,-5693.67,0
0.520454,3506.93,5.31558,-0.748248,1.25205,-5894.98,0
0.526955,3506.81,5.27419,-0.744059,2.1743,-6050.34,0
0.533443,3506.95,5.13639,-0.902971,0.837877,-5712.15,0
0.53994,3506.89,5.16868,-1.08496,1.14901,-5756.02,0
0.546481,3506.83,4.86351,-1.23307,2.20766,-5792.38,0
0.552982,3506.72,4.87431,-1.0904,2.79726,-5922.95,0
0.559459,3506.63,5.10643,-1.16851,2.58424,-6020.44,0
0.565977,3506.79,4.74711,-1.40096,1.43544,-5670.59,0
0.572442,3506.71,4.52559,-1.4465,2.59594,-5748.43,0
0.57894,3506.8,4.52359,-1.56851,1.20106,-5534.04,0
0.585436,3506.7,4.65663,-1.39249,1.53042,-5629.37,0
0.591968,3506.57,4.65685,-1.4583,2.54381,-5787.28,0
0.598488,3506.65,4.9521,-1.25536,0.873726,-5600.76,0
0.60498,3506.53,4.92859,-1.199,1.83074,-5739.88,0
0.611487,3506.35,5.2914,-1.15359,2.45905,-5962.08,0
0.617992,3506.4,5.61311,-1.17545,0.806391,-5827.97,0
0.6245,3506.22,5.71552,-1.25575,1.98759,-6052.6,0
0.631011,3506.03,5.8286,-1.24479,3.20617,-6298.25,0
0.637537,3506.14,5.89949,-1.00238,1.55006,-6054.4,0
0.644054,3505.97,5.80316,-1.01783,3.18353,-6264.77,0
0.65061,3505.86,5.7061,-1.02926,3.75231,-6367.51,0
0.657108,3506.1,5.66061,-0.941417,0.941466,-5932,0
0.66361,3506.11,5.72039,-0.869466,0.398827,-5855.65,0
0.67011,3505.99,5.48403,-0.714325,2.32461,-5977.2,0
0.676601,3505.88,5.51287,-0.561472,3.10287,-6091.43,0
0.683123,3505.93,5.49916,-0.541416,2.19016,-5959.38,0
0.689654,3506.02,5.49695,-0.766531,0.598228,-5766.83,0
0.696179,3505.74,5.82743,-0.515306,2.5211,-6124.71,0
0.702693,3505.64,5.80465,-0.536024,3.13664,-6203.63,0
0.709197,3505.66,5.76287,-0.550567,2.48079,-6114.98,0
0.715688,3505.54,5.86727,-0.429863,2.91869,-6237.29,0
0.722239,3505.57,6.00149,-0.480582,1.73092,-6137.89,0
0.728766,3505.62,5.83696,-0.184188,1.34405,-6006.69,0
0.735283,3505.72,5.7153,-0.116991,0.490014,-5819.23,0
0.741762,3505.62,5.51873,-0.000325773,2.14038,-5905.44,0
0.74831,3505.57,5.64749,-0.0141961,2.06499,-5924.44,0
0.754831,3505.4,5.87333,-0.126969,2.76711,-6090.44,0
0.761323,3505.5,6.06441,-0.264148,0.715353,-5913.47,0
0.767851,3505.31,6.07802,-0.559936,2.52949,-6113.62,0
0.774346,3505.35,5.86631,-0.520492,2.51319,-6010.17,0
0.78084,3505.32,5.6831,-0.407802,3.03307,-5990.38,0
0.787352,3505.47,5.45619,-0.667467,1.86922,-5755.52,0
0.793824,3505.49,5.36291,-0.452982,1.69121,-5675.26,0
0.800387,3505.29,5.51785,-0.470767,3.01681,-5882.84,0
0.806879,3505.49,5.6017,-0.455437,0.0986253,-5586.76,0
0.81338,3505.38,5.66729,-0.0139242,1.08531,-5680.41,0
0.819851,3505.23,5.54332,0.293935,2.70559,-5820.25,0
0.826333,3505.23,5.55706,0.207619,2.29304,-5775.03,0
0.832836,3505.25,5.48917,-0.0588862,1.84966,-5705.23,0
0.839336,3505.23,5.53872,0.145974,1.57266,-5680.74,0
0.845836,3505.23,5.53841,0.0983478,1.33622,-5637.11,0
0.852364,3505.13,5.64833,-0.166132,1.99434,-5719.1,0
0.858884,3505,5.68768,-0.179098,2.74472,-5818.78,0
0.865382,3505.02,5.81688,-0.16188,1.42026,-5752.36,0
0.871886,3504.95,5.69803,-0.109659,2.30274,-5794.39,0
0.878341,3505.05,5.70488,-0.215292,0.901166,-5638.09,0
0.884772,3505.12,5.56048,0.174548,0.478237,-5514.36,0
0.891253,3504.91,5.4724,0.229183,3.03404,-5712.55,0
0.897728,3504.85,5.3599,0.220773,3.40169,-5737.48,0
0.904315,3504.81,5.28894,0.336192,3.33155,-5736.66,0
0.910844,3504.73,5.17663,0.216145,3.94162,-5783.55,0
0.91737,3504.78,5.15657,0.183327,2.72416,-5695.05,0
0.923863,3504.73,5.18898,0.312592,2.71214,-5702.85,0
0.930357,3504.77,5.25828,0.185877,1.57388,-5622.87,0
0.936911,3504.76,5.22553,0.325684,1.49005,-5597.97,0
0.943466,3504.71,5.06953,0.199274,2.55727,-5608.54,0
0.950014,3504.79,5.04491,0.238275,1.47995,-5489.29,0
0.956528,3504.85,5.07342,0.264908,0.101145,-5386.22,0
0.963065,3504.65,4.86601,0.574597,3.06776,-5555.54,0
0.969612,3504.71,5.21539,0.517281,0.493083,-5458.83,0
0.976135,3504.51,5.30056,0.39019,2.36601,-5622.07,0
0.982636,3504.66,5.07103,0.541774,1.00586,-5433.84,0
0.98913,3504.54,4.98028,0.55821,2.58307,-5515.97,0
0.995593,3504.55,5.07373,0.526475,1.75164,-5477.07,0
1.00215,3504.41,5.29191,0.431191,2.25368,-5575.9,0
1.00864,3504.37,5.19934,0.32185,2.93982,-5583.95,0
1.01519,3504.3,5.19984,0.259561,3.19546,-5617.57,0
1.0217,3504.53,5.1225,0.193556,0.260968,-5357.88,0
1.02817,3504.49,4.9114,0.546299,1.31216,-5362.96,0
1.03473,3504.24,5.18308,0.599445,2.81418,-5568.82,0
1.04117,3504.39,5.03206,0.783,1.12646,-5387.27,0
1.0477,3504.37,5.08,0.714917,0.973046,-5369.06,0
1.0542,3504.34,5.08657,0.631221,1.19452,-5371.37,0
1.0607,3504.45,4.76265,0.663482,1.02682,-5235.07,0
1.06717,3504.49,4.64989,0.781568,0.742452,-5164.12,0
1.07366,3504.36,4.5011,0.691563,2.86888,-5253.56,0
1.08014,3504.44,4.26308,0.925176,2.24897,-5151.95,0
1.08665,3504.45,4.37448,0.744389,1.28055,-5109.78,0
1.09314,3504.35,4.66063,0.867479,1.01798,-5171.38,0
1.09968,3504.23,4.74499,1.04499,1.76929,-5249.64,0
1.10621,3504.09,4.71496,0.882552,3.60366,-5345.95,0
1.11276,3504.07,4.72826,0.765888,3.06151,-5325.8,0
1.11928,3504.05,4.79226,0.595595,2.55245,-5311.69,0
1.12578,3504.01,4.96147,0.557517,2.00855,-5318.27,0
1.13231,3503.99,5.0318,0.645112,1.60247,-5305.56,0
1.1388,3503.92,4.93414,0.915294,2.50292,-5339.1,0
1.14529,3503.92,5.20921,0.980956,0.772485,-5307.85,0
1.15182,3503.95,5.01297,0.782153,1.26663,-5248.3,0
1.15833,3504.05,4.84797,0.84361,0.607777,-5139.95,0
1.16481,3503.95,4.75244,0.937435,2.10838,-5196.74,0
1.1713,3503.88,4.87555,1.06983,1.74697,-5226.12,0
1.17781,3503.74,5.04809,1.00237,2.57766,-5315.56,0
1.18436,3503.83,4.85958,1.04585,1.98281,-5208.8,0
1.19088,3503.77,4.76647,1.07471,2.67203,-5232.72,0
1.19737,3503.76,4.99745,0.851857,1.63237,-5212.7,0
1.20384,3503.65,4.99628,0.804946,2.98779,-5277.83,0
1.21034,3503.72,5.03995,0.955446,1.18081,-5185.58,0
1.21684,3503.67,5.05737,0.969852,1.65557,-5205.72,0
1.22333,3503.63,5.0401,1.03308,1.85284,-5210.72,0
1.22983,3503.65,4.9701,0.955288,1.8189,-5167.06,0
1.23635,3503.55,4.98214,1.12599,2.54275,-5213.02,0
1.24288,3503.51,5.01533,1.23555,2.29644,-5223.38,0
1.24934,3503.36,5.06781,1.1692,3.39509,-5316.04,0
1.25586,3503.37,5.03796,0.995513,2.79901,-5280.72,0
1.26238,3503.28,5.02382,1.08631,3.37048,-5324.31,0
1.26888,3503.34,5.11093,1.12418,1.39409,-5245.33,0
1.27541,3503.23,5.22002,1.07574,2.06308,-5306.82,0
1.28192,3503.34,5.11835,1.05027,0.969199,-5199.1,0
1.2884,3503.33,5.10665,0.992247,0.947533,-5176.47,0
1.29491,3503.38,5.01803,1.00183,0.540015,-5111.86,0
1.30142,3503.33,4.89511,0.880119,1.87471,-5123.63,0
1.30793,3503.37,4.89075,0.482072,1.39222,-5066.14,0
1.31442,3503.36,4.72312,0.303139,2.27959,-5052.26,0
1.32091,3503.26,4.82095,0.397503,2.86579,-5104.83,0
1.32744,3503.3,4.68384,0.365974,2.60411,-5048.21,0
1.33394,3503.31,4.84024,0.246416,1.27306,-5014.08,0
1.34043,3503.29,4.98369,0.303782,0.279051,-5005.1,0
1.34694,3503.21,5.04495,0.297644,0.938615,-5044.04,0
1.35343,3503.15,5.13732,-0.0777269,1.03094,-5058.03,0
1.35995,3503,5.2688,-0.180902,2.14793,-5148.85,0
1.3665,3502.94,5.07805,-0.34947,3.28355,-5164.36,0
1.37303,3502.91,5.18933,-0.353263,2.44774,-5163.08,0
1.37953,3502.85,5.0087,-0.232091,3.88954,-5184.23,0
1.38607,3502.76,5.03528,-0.224367,3.86309,-5222.92,0
1.39258,3502.88,4.89565,-0.198696,2.26528,-5116.09,0
1.39905,3502.95,4.75676,-0.0688531,1.72421,-5041.84,0
1.40557,3502.98,4.58414,-0.13496,2.13598,-4997.07,0
1.4121,3502.76,4.65864,-0.167059,4.18915,-5126.89,0
1.41864,3502.81,4.84486,-0.323496,1.39807,-5066.2,0
1.42512,3502.75,4.92876,-0.419031,1.31554,-5084.06,0
1.43166,3502.73,5.01928,-0.493816,0.781433,-5077.82,0
1.43817,3502.7,5.01315,-0.647639,0.905575,-5072.44,0
1.44468,3502.61,4.72593,-0.388758,3.97316,-5113.89,0
1.45117,3502.59,4.61118,-0.435957,3.85891,-5107.27,0
1.45767,3502.59,4.52442,-0.429984,3.40118,-5081.13,0
1.46415,3502.63,4.51497,-0.326017,2.48697,-5032.12,0
1.47061,3502.67,4.46987,-0.531219,1.33395,-4987.41,0
1.47711,3502.68,4.46582,-0.608086,0.817059,-4958.46,0
1.48363,3502.51,4.54379,-0.700571,2.45862,-5049.83,0
1.49011,3502.57,4.60001,-0.677819,0.801528,-4987.28,0
1.49664,3502.39,4.54762,-0.619755,3.57605,-5086.68,0
1.50312,3502.38,4.55552,-0.646056,2.8812,-5066.49,0
1.50964,3502.26,4.43908,-0.669149,4.39883,-5124.49,0
1.51619,3502.22,4.46243,-0.579973,3.86106,-5130.4,0
1.5227,3502.12,4.43802,-0.465705,4.39047,-5173.28,0
1.52919,3502.09,4.39176,-0.497996,4.14597,-5175.21,0
1.53571,3502.12,4.57936,-0.782124,1.10384,-5130.78,0
1.54225,3502.14,4.53634,-0.744866,0.841501,-5096.97,0
1.54878,3502.13,4.56957,-0.876651,0.33701,-5083.8,0
1.55532,3501.98,4.57426,-0.803924,2.72503,-5159.11,0
1.5618,3501.91,4.55163,-0.777086,3.28436,-5181.66,0
1.5683,3501.99,4.45345,-0.862962,1.99779,-5109.91,0
1.57481,3501.87,4.3531,-0.929692,3.85398,-5160.7,0
1.58137,3502.08,4.15833,-0.858287,1.67019,-5008.39,0
1.58791,3502.15,4.13325,-0.626615,0.77545,-4940.91,0
1.59437,3502.16,4.08559,-0.652825,0.892711,-4918.46,0
1.6009,3502,4.03499,-0.753927,3.36355,-4999.26,0
1.60741,3501.97,3.95003,-0.433928,4.31334,-4996.4,0
1.61393,3502.15,3.93911,-0.211232,0.498584,-4862.37,0
1.62045,3502.01,4.02588,-0.249909,2.02165,-4929.81,0
1.62694,3502.04,3.94902,-0.231833,1.71133,-4894.02,0
1.63343,3501.99,3.87583,-0.438636,2.53575,-4906.67,0
1.63992,3501.93,3.84351,-0.469737,3.20333,-4921.77,0
1.64644,3501.96,3.80756,-0.480586,2.28872,-4885.42,0
1.65298,3501.91,3.77694,-0.302515,2.93662,-4893.04,0
1.65948,3501.94,3.69425,-0.233961,2.52822,-4854.62,0
1.66599,3501.92,3.86987,-0.168216,1.0732,-4849.21,0
1.67247,3501.89,3.81567,-0.257722,1.89545,-4851.75,0
1.67897,3501.8,3.89321,-0.5155,2.16501,-4881.74,0
1.68546,3501.84,3.89911,-0.267013,1.4563,-4843.03,0
1.69196,3501.81,3.78792,-0.271972,2.77418,-4842.12,0
1.69851,3501.81,3.74613,-0.485066,2.51638,-4824.09,0
1.70502,3501.8,3.76811,-0.463464,1.99889,-4808.65,0
1.71154,3501.74,3.72025,-0.430297,2.93295,-4825.69,0
1.71808,3501.67,4.04866,-0.201809,1.08296,-4846.99,0
1.72457,3501.51,4.23706,-0.231788,1.94864,-4922.72,0
1.73112,3501.35,4.16884,-0.295082,4.66708,-4995.5,0
1.7376,3501.31,4.2348,-0.301076,3.90998,-5001.45,0
1.74409,3501.32,4.33079,-0.425713,2.02842,-4978.58,0
1.7506,3501.22,4.24027,-0.458686,4.05692,-5014.93,0
1.75708,3501.1,4.26435,-0.465726,4.47203,-5063.79,0
1.76356,3501.21,4.32769,-0.410102,1.12903,-4986.39,0
1.77007,3501.26,4.08395,-0.683101,2.01173,-4939.72,0
1.7766,3501.23,4.18609,-0.63024,1.00694,-4934.38,0
1.7831,3501.24,4.06231,-0.601767,1.89515,-4911.69,0
1.78958,3501.3,3.92975,-0.5093,2.11185,-4862.78,0
1.79612,3501.22,4.09234,-0.86247,0.789733,-4886.88,0
1.80265,3501.19,3.93857,-0.668804,2.94212,-4886.36,0
1.80918,3501.36,3.88005,-0.642879,0.0561363,-4777.4,0
1.8157,3501.25,3.7129,-0.517361,3.66211,-4819.6,0
1.82222,3501.3,3.68701,-0.559701,2.24438,-4772.61,0
1.82873,3501.24,3.63484,-0.550221,3.5723,-4789.93,0
1.83524,3501.22,3.77272,-0.532706,2.08073,-4782.13,0
1.84173,3501.14,3.84948,-0.392835,2.44927,-4811.29,0
1.84824,3501.08,3.91782,-0.510888,1.98904,-4828.87,0
1.85476,3500.91,4.13118,-0.471925,2.44618,-4901.96,0
1.86128,3500.79,4.19184,-0.774554,3.13863,-4950.64,0
1.86776,3500.66,4.27724,-0.914968,3.54544,-4999.68,0
1.87428,3500.91,4.01857,-1.03383,1.22726,-4850.22,0
1.88078,3500.98,3.80961,-1.26808,1.1806,-4797.84,0
1.88732,3500.91,3.91167,-1.21956,1.34134,-4816.27,0
1.89382,3500.98,3.61549,-1.05162,3.40063,-4764.7,0
1.90035,3500.96,3.72735,-0.989373,2.33317,-4758.3,0
1.90683,3500.88,3.69902,-0.921453,3.95776,-4785,0
1.91334,3500.71,4.13176,-1.03184,1.31309,-4857.9,0
1.91982,3500.66,4.02959,-1.11673,2.96701,-4866.42,0
1.92636,3500.6,4.10178,-1.10473,2.4925,-4878.5,0
1.93291,3500.64,3.90011,-1.24792,3.43205,-4842.78,0
1.93947,3500.66,3.97733,-1.06943,2.20647,-4815.61,0
1.94595,3500.8,3.8986,-0.735226,1.04083,-4727.66,0
1.95245,3500.69,4.03628,-0.498451,1.59458,-4767.43,0
1.95895,3500.79,3.79494,-0.49602,2.24428,-4699.23,0
1.96545,3500.67,3.96464,-0.49674,2.08754,-4744.63,0
1.97192,3500.7,3.76503,-0.602469,3.30236,-4714.01,0
1.97844,3500.71,3.70788,-0.510779,3.44355,-4697.4,0
1.98496,3500.83,3.57148,-0.597676,1.90165,-4617.49,0
1.99143,3500.86,3.46231,-0.537867,2.4574,-4590.9,0
1.99792,3500.74,3.41715,-0.800247,4.41117,-4633.74,0
2.00443,3500.71,3.43507,-0.710955,3.77844,-4636.66,0
2.01094,3500.72,3.49031,-0.701261,1.84777,-4613.91,0
2.01746,3500.74,3.55527,-0.578319,0.539674,-4589.67,0
2.02396,3500.53,3.68901,-0.662632,2.89565,-4679.58,0
2.03044,3500.41,3.81261,-0.843019,2.76419,-4722.47,0
2.03691,3500.33,3.69577,-0.797945,5.13695,-4748.75,0
2.04338,3500.44,3.77506,-0.748335,0.635669,-4676.23,0
2.04993,3500.29,3.84028,-0.404675,3.12591,-4735.96,0
2.0564,3500.35,3.78568,-0.338317,2.14104,-4690.87,0
2.06287,3500.33,3.82915,-0.474695,1.46163,-4686.12,0
2.06936,3500.19,3.83358,-0.724336,3.51328,-4742.35,0
2.07588,3500.31,3.75128,-0.571554,1.80444,-4669.04,0
2.08238,3500.25,3.79311,-0.733731,1.61174,-4682.29,0
2.08884,3500.3,3.54054,-0.687197,3.9378,-4641.37,0
2.09536,3500.28,3.52386,-0.647405,4.03484,-4638.97,0
2.10187,3500.33,3.54318,-0.700345,1.81062,-4600.8,0
2.10841,3500.23,3.71072,-0.844798,0.72776,-4634.12,0
2.11487,3500.08,3.69784,-1.02853,3.11355,-4690.52,0
2.12136,3500.02,3.59476,-0.995081,4.86862,-4706.86,0
2.12782,3500.13,3.62957,-0.905323,0.931845,-4638.48,0
2.13432,3500.09,3.47432,-1.09404,2.80376,-4642,0
2.14081,3500.23,3.43995,-0.852498,0.912083,-4562.95,0
2.14729,3500.08,3.45005,-0.849268,3.73555,-4617.83,0
2.15384,3500.08,3.39146,-0.660619,4.67015,-4603.98,0
2.16037,3500.05,3.46602,-0.822784,2.73819,-4603.82,0
2.16685,3500.06,3.48397,-0.582728,2.81559,-4587.9,0
2.17331,3499.92,3.54734,-0.615051,3.96751,-4639.92,0
2.17984,3499.81,3.51445,-0.483988,5.57955,-4675.56,0
2.18633,3499.8,3.49181,-0.54278,4.40157,-4666.66,0
2.19285,3499.99,3.36492,-0.503027,1.20432,-4564.62,0
2.19938,3499.83,3.44598,-0.560656,2.81978,-4623.35,0
2.20587,3499.82,3.39071,-0.788399,2.79256,-4615.31,0
2.21237,3499.71,3.38524,-0.746785,4.40074,-4653.16,0
2.21886,3499.54,3.47936,-0.740682,4.87255,-4712.59,0
2.22541,3499.52,3.60674,-0.682367,2.43176,-4708.76,0
2.23189,3499.49,3.5684,-0.939244,2.13006,-4708.26,0
2.23842,3499.44,3.41344,-0.902443,4.84086,-4716.19,0
2.24491,3499.39,3.39268,-0.883623,4.73796,-4725.31,0
2.25141,3499.35,3.2533,-0.8564,5.7674,-4732.3,0
2.25787,3499.27,3.30578,-0.842109,4.97857,-4754.2,0
2.26434,3499.32,3.24656,-0.806067,3.57031,-4716.05,0
2.27091,3499.3,3.37657,-0.864496,0.560908,-4713.38,0
2.27743,3499.26,3.41966,-0.64602,1.19154,-4715.98,0
2.28395,3499.15,3.48695,-0.682724,1.8806,-4750.9,0
2.29047,3499.12,3.50428,-0.672264,1.94394,-4750.49,0
2.29696,3499.1,3.54537,-0.65481,1.26599,-4743.78,0
2.30346,3499.1,3.47083,-0.735056,2.32068,-4730.44,0
2.30996,3499.21,3.41312,-0.543456,1.69073,-4673,0
2.31646,3499.15,3.45591,-0.560205,1.58034,-4684.35,0
2.32293,3499.23,3.34863,-0.676649,1.11389,-4637.88,0
2.32942,3499.23,3.28402,-0.352716,3.23794,-4625.2,0
2.33595,3499.24,3.29965,-0.350278,1.26267,-4604.79,0
2.34245,3499.2,3.23508,-0.354385,2.72834,-4612.52,0
2.349,3499.11,3.27298,-0.166271,3.70539,-4635.6,0
2.35545,3499.23,3.22746,-0.245366,1.37762,-4573.46,0
2.36197,3499.18,3.18539,0.02992,3.55247,-4581.17,0
2.36852,3499.07,3.28158,0.209846,3.30049,-4614.09,0
2.37504,3498.98,3.35691,0.28516,2.8703,-4639.91,0
2.38156,3498.99,3.31924,0.0399089,3.52131,-4623.88,0
2.38803,3499.03,3.25477,-0.174595,3.19748,-4595.22,0
2.39457,3499.02,3.2432,-0.279217,3.03479,-4585.72,0
2.40107,3498.93,3.17602,-0.251168,5.49986,-4611.34,0
2.40762,3499.08,3.14066,0.00130731,2.2204,-4536.98,0
2.41412,3499.05,3.01418,0.0466405,5.64306,-4537.65,0
2.42066,3499.12,3.02478,0.159708,1.67132,-4494.13,0
2.42714,3499.05,3.11748,0.110779,0.975699,-4512.48,0
2.43366,3498.81,3.27034,0.25423,2.49494,-4597.68,0
2.44016,3498.72,3.4258,0.0288538,0.692069,-4623.01,0
2.4467,3498.6,3.48241,0.0631404,1.34077,-4658.6,0
2.45317,3498.71,3.30173,0.180195,2.88369,-4603.32,0
2.45969,3498.75,3.2004,0.184591,3.75891,-4573.09,0
2.4662,3498.69,3.12972,0.18652,5.08188,-4584.75,0
2.4727,3498.66,3.11709,0.274938,5.0982,-4584.74,0
2.4792,3498.66,3.15727,0.368881,3.07437,-4575.39,0
2.48575,3498.52,3.23115,0.345939,3.79694,-4616.59,0
2.49224,3498.58,3.23659,0.277084,1.86111,-4582.94,0
2.49875,3498.47,3.22668,0.230001,4.36719,-4614.9,0
2.50526,3498.55,3.27258,0.199996,0.444693,-4570.24,0
2.51178,3498.43,3.27803,0.470723,2.05517,-4607.71,0
2.51827,3498.35,3.23782,0.641983,3.4539,-4627.94,0
2.52479,3498.29,3.24685,0.767392,3.15439,-4637.54,0
2.53132,3498.25,3.2655,0.684634,2.7194,-4640.7,0
2.5378,3498.27,3.11561,0.692899,5.38079,-4623.15,0
2.54428,3498.31,3.11874,0.565507,4.12091,-4594.03,0
2.55081,3498.2,3.19822,0.569458,3.41929,-4627.35,0
2.55731,3498.11,3.29438,0.63068,1.98875,-4650.04,0
2.56385,3498.09,3.31959,0.391277,2.4021,-4645.94,0
2.57041,3498.2,3.18741,0.379333,3.1305,-4590.28,0
2.57694,3498.36,3.12373,0.285757,0.767304,-4517.86,0
2.58347,3498.42,3.06737,0.337459,0.336844,-4482.88,0
2.58999,3498.48,2.94249,0.257828,2.24336,-4449.38,0
2.59649,3498.41,3.02142,0.249716,1.08692,-4463.53,0
2.60303,3498.26,2.98251,0.333125,5.14641,-4510.84,0
2.60952,3498.18,2.93272,0.423803,5.66685,-4528.94,0
2.61601,3498.24,2.99793,0.477223,0.475871,-4493.64,0
2.62251,3498.17,2.92809,0.473451,3.94863,-4512.46,0
2.62901,3498.25,2.83396,0.539796,3.38193,-4468.03,0
2.63548,3498.18,2.7908,0.614408,4.53722,-4485.46,0
2.642,3498,2.86603,0.564153,5.11078,-4542.12,0
2.64853,3498.01,2.79971,0.519902,4.93554,-4528.07,0
2.65503,3497.94,2.92812,0.377321,2.39167,-4543.84,0
2.66154,3497.8,2.9762,0.460626,3.04289,-4582.31,0
2.66803,3497.77,2.95422,0.45913,3.31458,-4583.04,0
2.67451,3497.61,3.0144,0.392718,4.25695,-4633.04,0
2.68101,3497.63,3.03673,0.351311,1.94295,-4613.46,0
2.68751,3497.8,2.93625,0.417867,0.182863,-4539.53,0
2.69402,3497.71,2.91763,0.591279,1.88754,-4563.63,0
2.70058,3497.5,2.9638,0.859469,2.58494,-4627.35,0
2.70708,3497.56,2.90943,0.789308,2.89644,-4597.18,0
2.71354,3497.6,2.88536,0.638161,3.39611,-4570.42,0
2.72006,3497.42,3.00546,0.65668,2.90526,-4623.35,0
2.72658,3497.31,3.12525,0.491656,2.0178,-4652.69,0
2.73307,3497.23,3.07714,0.547613,4.24861,-4670.59,0
2.73957,3497.22,3.03299,0.499389,4.1027,-4663.76,0
2.74606,3497.25,3.04102,0.372213,3.11738,-4644.53,0
2.75258,3497.21,3.03291,0.348337,3.21174,-4648.32,0
2.7591,3497.22,3.04866,0.267312,1.51104,-4630.18,0
2.76561,3497.37,2.90923,0.426932,2.08466,-4567.36,0
2.77211,3497.33,2.86879,0.542631,3.43332,-4570.65,0
2.77861,3497.34,2.86412,0.572615,2.2808,-4556.36,0
2.78514,3497.35,2.84177,0.688562,1.55141,-4541.53,0
2.79168,3497.05,2.86883,1.14067,2.41487,-4637.77,0
2.79816,3496.91,2.94844,1.06516,3.28191,-4679.56,0
2.80465,3497.02,2.9039,1.02034,2.20141,-4627.75,0
2.81117,3497.16,2.80051,1.09542,1.19976,-4569.15,0
2.81761,3497.16,2.77301,1.0139,2.83567,-4558.74,0
2.82408,3497.16,2.78039,0.966771,2.13334,-4545.47,0
2.8306,3497.21,2.76095,0.992738,0.935249,-4517.32,0
2.83711,3497.19,2.60305,1.02737,5.23914,-4516.21,0
2.84358,3497.11,2.6105,1.00398,5.03324,-4532.74,0
2.8501,3497.24,2.5617,0.970908,2.73072,-4476,0
2.85663,3497.4,2.47013,0.93658,2.21945,-4409.81,0
2.86316,3497.26,2.59896,0.916315,0.964773,-4449.76,0
2.86966,3497.27,2.43075,0.814867,6.65538,-4435.28,0
2.87618,3497.27,2.51677,0.724567,3.06854,-4424.71,0
2.8827,3497.19,2.46544,1.0501,2.32819,-4445.1,0
2.8892,3497.13,2.37571,1.06174,6.19017,-4453.47,0
2.89572,3497.3,2.28253,1.17623,1.25524,-4384.81,0
2.90224,3497.38,2.20367,1.17429,1.89678,-4348.32,0
2.90878,3497.39,2.08656,1.25897,3.72606,-4335.05,0
2.91526,3497.39,2.10388,1.24219,2.22182,-4325.1,0
2.92177,3497.4,2.04815,1.2239,3.69865,-4313.05,0
2.92833,3497.32,2.04281,1.21201,3.53137,-4329.82,0
2.93486,3497.32,1.92131,1.43905,1.1712,-4320.29,0
2.94138,3497.19,1.83673,1.47346,5.65077,-4353.93,0
2.94787,3497.08,1.93913,1.5946,0.78355,-4383.62,0
2.95441,3496.98,1.95894,1.51679,3.95261,-4407.04,0
2.96093,3496.89,2.01516,1.47098,4.48479,-4428.15,0
2.96746,3496.98,1.82667,1.63695,3.05059,-4386.02,0
2.97399,3496.91,1.79499,1.6351,5.00799,-4402.07,0
2.98053,3497.08,1.71431,1.54001,5.65378,-4334.55,0
2.98703,3497.06,1.7492,1.59081,2.39007,-4333.08,0
2.99354,3497.08,1.70548,1.60605,2.31009,-4314.99,0
3.00004,3496.96,1.69908,1.53773,6.78965,-4347.61,0
3.00656,3496.94,1.70014,1.48152,4.7701,-4344.3,0
3.01303,3496.99,1.67505,1.33293,7.00447,-4316.64,0
3.01955,3496.96,1.66638,1.35478,3.5146,-4319.53,0
3.02607,3496.86,1.73752,1.22223,5.36701,-4341.32,0
3.03257,3496.9,1.71311,1.11724,7.15721,-4319,0
3.03908,3496.97,1.6455,1.29719,1.19413,-4288.42,0
3.04561,3496.77,1.61713,1.38917,3.76356,-4342.38,0
3.05211,3496.75,1.5943,1.33991,4.54325,-4342.41,0
3.05862,3496.75,1.49378,1.33082,5.76286,-4331.25,0
3.06515,3496.76,1.42357,1.30518,4.89073,-4318.03,0
3.07166,3496.78,1.4215,1.29205,3.76954,-4304.97,0
3.07816,3496.78,1.45782,1.24395,3.43621,-4295.19,0
3.08465,3496.71,1.56249,1.12011,4.18736,-4309.02,0
3.09111,3496.64,1.68973,0.957184,3.38909,-4323.62,0
3.09764,3496.83,1.5985,0.994067,1.2908,-4251.94,0
3.10416,3496.8,1.50484,0.974263,4.99616,-4250.94,0
3.1106,3496.91,1.55739,0.887411,0.610763,-4206.59,0
3.11709,3497.1,1.41213,0.938237,1.06812,-4137.69,0
3.1236,3497.01,1.47272,0.867013,2.39827,-4157.59,0
3.13013,3497.08,1.40538,0.903406,1.9596,-4126.13,0
3.13659,3497.05,1.33616,0.921631,4.72603,-4130.27,0
3.14312,3497.01,1.27514,0.879167,9.66015,-4131.33,0
3.14959,3497.02,1.23667,0.944555,6.67747,-4121.7,0
3.1561,3496.99,1.24517,0.981225,4.06794,-4121.86,0
3.16263,3497.12,1.14767,1.03197,2.42533,-4071.98,0
3.16915,3497,1.20305,0.909436,7.16583,-4103.57,0
3.17564,3496.97,1.19355,0.829763,6.9425,-4101.87,0
3.18212,3497.02,1.15567,0.841522,4.08521,-4078.31,0
3.18864,3496.89,1.30617,0.767459,0.162254,-4112.52,0
3.19516,3496.82,1.17561,0.786374,7.33327,-4125.43,0
3.20166,3496.65,1.16641,0.887135,4.34628,-4169.26,0
3.20815,3496.76,1.21533,0.779741,2.26942,-4127.96,0
3.21467,3496.89,1.18319,0.707883,3.02712,-4078.98,0
3.22112,3496.99,1.08778,0.721229,1.75903,-4039.84,0
3.22766,3496.89,1.0131,0.835722,2.97971,-4062.96,0
3.23415,3496.91,0.935256,0.919883,1.88185,-4047.77,0
3.2407,3496.9,0.924526,0.77825,5.7113,-4040.83,0
3.2472,3496.93,1.00482,0.697441,1.09736,-4024.76,0
3.25371,3496.99,1.0295,0.618371,0.164224,-3998.3,0
3.26021,3496.96,1.05288,0.573018,0.809962,-3999.62,0
3.26674,3497.02,0.962641,0.611911,4.33069,-3974.14,0
3.27325,3497.06,1.01883,0.497984,2.56331,-3954.57,0
3.27979,3496.95,1.0293,0.458836,5.8695,-3978.82,0
3.28635,3496.91,1.00782,0.440337,4.75632,-3982.23,0
3.29292,3496.86,1.03498,0.38231,5.35898,-3990.68,0
3.29943,3496.89,0.999753,0.433127,4.39187,-3972.7,0
3.30596,3496.89,0.967643,0.475704,4.03118,-3965.77,0
3.31246,3496.98,0.874085,0.519583,6.44256,-3930.73,0
3.31897,3496.92,0.794979,0.607343,7.11764,-3940.41,0
3.32548,3496.9,0.75224,0.527799,3.16415,-3940.56,0
3.33196,3497.01,0.800485,0.392363,1.33478,-3898.95,0
3.33849,3497.04,0.737172,0.459434,2.40362,-3881.76,0
3.34499,3496.87,0.825538,0.285331,5.79001,-3925.58,0
3.3515,3496.83,0.809864,0.229057,7.20909,-3930.22,0
3.35803,3496.78,0.747114,0.123966,5.91289,-3936.83,0
3.36454,3496.68,0.69181,0.301476,7.74919,-3958.57,0
3.37106,3496.65,0.717281,0.151534,7.84128,-3958.98,0
3.37484,3496.71,0.652901,0.142447,3.41876,-3939.01,0
