0.0064967,3509.85,4.47728,3.93677,1.01239,-22855.9,0
0.0129618,3509.76,4.42538,3.54392,1.83885,-18160.2,0
0.0194906,3509.67,4.27003,3.75369,2.11155,-17135,0
0.0260155,3509.67,4.24192,3.97549,1.60892,-12714.4,0
0.032521,3509.57,4.30259,3.96843,2.06054,-13313.3,0
0.0389953,3509.7,4.52052,4.00665,0.47508,-7740.15,0
0.0455168,3509.55,4.39158,3.90517,1.90091,-9942.17,0
0.0520457,3509.68,4.2148,3.84944,0.934874,-6163.44,0
0.0585789,3509.69,4.04832,3.8704,0.9989,-5322.5,0
0.0650806,3509.7,3.96862,3.73638,1.03562,-4606.73,0
0.0716083,3509.78,4.14873,3.56244,0.259402,-3088.7,0
0.0780996,3509.59,4.19481,3.59054,1.65663,-5271.91,0
0.0846387,3509.4,4.37735,3.61852,2.51151,-7135.78,0
0.0911481,3509.52,4.32587,3.75301,1.11512,-5309.4,0
0.0976969,3509.4,4.33797,3.63825,1.92755,-6094.12,0
0.104191,3509.23,4.17484,3.83364,2.99729,-7431.75,0
0.110709,3509.29,4.21478,3.96348,1.71769,-6397.57,0
0.117248,3509.2,4.18901,3.79383,2.37316,-6827.71,0
0.123753,3509.38,4.21061,4.03272,0.115997,-5014.95,0
0.130272,3509.26,3.97553,4.41624,0.829629,-5661.56,0
0.136761,3509.04,4.10218,4.4591,2.33806,-7017.61,0
0.143293,3509,4.13651,4.34105,2.36679,-6962.11,0
0.149816,3508.96,4.1532,4.53446,2.02306,-6945.35,0
0.156315,3508.72,4.04149,4.56004,3.43362,-8184.4,0
0.162864,3509.03,4.24917,4.33673,0.392848,-5965.13,0
0.169339,3508.82,4.00829,5.05673,1.28323,-6962.92,0
0.17587,3508.71,4.10232,4.89436,2.08926,-7311.9,0
0.182384,3508.64,4.05824,4.8957,2.25715,-7467.83,0
0.188848,3508.84,3.95033,4.58507,0.939179,-6121.83,0
0.19532,3508.78,3.87629,4.44779,1.73069,-6267.4,0
0.201864,3508.74,4.02422,4.4779,1.582,-6252.29,0
0.208388,3508.84,4.26951,4.51166,0.256891,-5589.39,0
0.214872,3508.52,4.41962,4.7222,2.0984,-6900.66,0
0.221418,3508.51,4.60317,4.65429,1.6044,-6733.05,0
0.227907,3508.25,4.68665,4.602,3.36689,-7669.4,0
0.234422,3508.27,4.7706,4.63471,2.23821,-7369.18,0
0.240905,3508.27,4.63546,4.86142,1.61912,-7191.24,0
0.247385,3508.24,4.73175,4.7415,1.5849,-7110.44,0
0.253914,3508.32,4.8933,4.84848,0.229375,-6601.57,0
0.260435,3508.16,4.76652,4.95206,1.50206,-7055.28,0
0.266953,3508.07,4.89889,4.91176,1.75198,-7216.04,0
0.273451,3508.15,4.78817,4.67955,1.42883,-6776.04,0
0.279962,3508.02,4.89774,4.48569,2.38565,-7070.33,0
0.286467,3507.98,4.89951,4.53079,2.12653,-7039.04,0
0.292968,3507.88,5.36253,4.5059,1.90123,-7249.87,0
0.299467,3507.79,5.23319,4.2736,2.83822,-7363.27,0
0.305991,3507.8,5.33099,4.1208,2.25113,-7190.25,0
0.312473,3507.89,5.55339,3.94427,1.03108,-6743.91,0
0.318997,3507.73,5.42055,3.71492,2.65189,-7112.38,0
0.325503,3507.85,5.44264,3.6873,1.15769,-6609.23,0
0.332014,3507.71,5.22005,3.92396,2.10917,-6884.38,0
0.338522,3507.73,4.97361,4.14587,1.76175,-6705.97,0
0.344998,3507.66,4.84011,4.23751,2.11422,-6795.97,0
0.351451,3507.75,4.84659,4.53874,0.405194,-6392.62,0
0.357956,3507.71,5.06077,4.25889,0.811347,-6404.62,0
0.364437,3507.64,5.56018,4.24077,0.277735,-6464.21,0
0.370955,3507.67,5.36933,4.07237,0.618509,-6279.84,0
0.377487,3507.35,5.49027,4.17872,2.72903,-7014.38,0
0.383948,3507.49,5.45319,4.2185,1.09764,-6538.63,0
0.390448,3507.42,5.36018,4.1194,1.80648,-6601.74,0
0.396921,3507.36,5.36406,4.3785,1.63276,-6654.56,0
0.403439,3507.42,5.29829,4.35614,1.04133,-6404.35,0
0.409922,3507.45,5.17876,4.3042,0.964051,-6227.39,0
0.416468,3507.5,5.34563,4.23604,0.190667,-6010.44,0
0.42295,3507.3,5.3128,4.24325,2.01075,-6387.03,0
0.429438,3507.39,5.20826,4.12891,1.35402,-6074.78,0
0.435919,3507.29,5.27306,4.0122,1.90954,-6209.57,0
0.442413,3507.25,5.29462,4.29626,1.3315,-6211.14,0
0.448936,3507.29,5.46893,4.15396,0.748227,-6039.18,0
0.45547,3507.15,5.43936,4.24321,1.74517,-6251.83,0
0.461965,3506.98,5.7068,4.03186,2.69678,-6528.31,0
0.468468,3507.21,5.56402,3.81402,0.9595,-5955.82,0
0.474978,3506.99,5.75717,3.75694,2.37385,-6347.18,0
0.481503,3507.1,5.52562,3.82177,1.44504,-6029.78,0
0.488004,3507.01,5.54309,4.00549,1.5074,-6125.61,0
0.494504,3507.23,5.23581,3.87626,0.23849,-5606.82,0
0.501033,3507.1,5.13968,3.68942,1.77481,-5789.76,0
0.507536,3507.22,5.04701,3.52891,0.804329,-5468.9,0
0.514022,3507.12,5.13437,3.39488,1.63529,-5594.94,0
0.520507,3507.14,5.21456,3.55463,0.807057,-5491.43,0
0.527041,3507.04,4.94843,3.54283,2.30221,-5622.69,0
0.533642,3506.87,5.3456,3.90901,1.89549,-5856.39,0
0.540153,3506.84,5.29157,3.99934,1.64237,-5842.16,0
0.546651,3506.85,5.1737,4.12061,1.4963,-5760.02,0
0.553116,3506.85,5.3263,4.19486,0.951138,-5703.48,0
0.559634,3506.73,5.52791,4.31535,1.19664,-5839.38,0
0.566156,3506.66,5.46401,4.18422,2.08262,-5896.66,0
0.572645,3506.48,5.99085,4.19775,2.12362,-6143,0
0.579179,3506.62,5.95525,3.97936,0.974494,-5838.38,0
0.585743,3506.39,6.32808,4.02918,1.85736,-6163.71,0
0.592262,3506.29,6.29528,4.112,2.39368,-6263.22,0
0.598723,3506.09,6.58546,4.19808,2.76204,-6529.42,0
0.605249,3506.14,6.71124,4.20086,1.40531,-6385.45,0
0.611763,3506.19,6.48365,4.20248,1.46999,-6235.31,0
0.618287,3506.26,6.24047,4.3598,1.06382,-6047.31,0
0.624769,3506.2,6.28648,4.53593,1.06489,-6087.08,0
0.631267,3506.25,6.33225,4.62695,0.0951505,-5944.89,0
0.637734,3506.02,6.43153,4.79871,1.44122,-6233.02,0
0.644239,3506,6.60852,4.51493,1.41366,-6203.09,0
0.650732,3506.09,6.41924,4.56552,0.952881,-6007.2,0
0.657208,3506.07,6.615,4.66957,0.136681,-5978.85,0
0.663705,3505.92,6.6504,4.78285,1.1082,-6145.23,0
0.670191,3505.86,6.6577,5.09201,0.780732,-6176.96,0
0.676658,3505.85,6.56534,5.08175,1.04812,-6135.15,0
0.683199,3505.73,6.68788,5.23996,1.36928,-6253.84,0
0.689681,3505.67,6.68365,5.09697,2.07515,-6284.79,0
0.696216,3505.42,6.83475,4.95617,3.55134,-6584.03,0
0.702718,3505.47,6.78625,4.94792,2.47845,-6446.05,0
0.709223,3505.28,6.76285,4.94624,3.63665,-6650.48,0
0.715744,3505.24,6.71131,5.06166,3.09185,-6655.42,0
0.722204,3505.26,6.5367,5.05531,2.78609,-6568.59,0
0.728721,3505.19,6.42172,5.33583,2.48078,-6597.86,0
0.735177,3505.16,6.47203,5.39074,2.05921,-6587.41,0
0.741704,3505.19,6.3528,5.3095,2.10643,-6484.32,0
0.748189,3505.32,6.14233,5.35336,1.20096,-6253.15,0
0.754674,3505.12,5.93498,5.46236,3.06196,-6460.94,0
0.761175,3505,5.98018,5.38915,3.62953,-6573.78,0
0.767704,3505.03,6.11864,5.43308,2.21257,-6475.53,0
0.774184,3505.09,5.96417,5.58944,1.32286,-6342.4,0
0.780718,3504.93,5.89416,5.66185,2.60685,-6492.19,0
0.787188,3504.86,5.86808,5.917,2.1912,-6533.12,0
0.793673,3505.07,5.76895,5.92666,0.204846,-6214.49,0
0.800235,3505.11,5.69149,5.78322,0.230254,-6110.91,0
0.806796,3505.16,5.81459,5.21793,0.829358,-6004.48,0
0.813264,3505.25,5.59924,5.09215,0.750238,-5834.88,0
0.81977,3505.16,5.60959,5.07701,1.60598,-5908.45,0
0.826278,3505,5.54078,5.01278,3.10576,-6048.6,0
0.832771,3505.12,5.50167,5.14413,1.26384,-5865.69,0
0.839259,3505.14,5.27722,5.03566,1.73169,-5787.75,0
0.845765,3505.18,5.44704,4.86094,0.970017,-5700.76,0
0.852247,3505.27,5.28918,4.58718,1.12092,-5553.82,0
0.858764,3505.32,5.2617,4.53645,0.61017,-5449.03,0
0.865273,3505.25,5.23691,4.37454,1.44568,-5485.31,0
0.871816,3505.24,5.30286,4.54726,0.741135,-5459.54,0
0.878359,3505.05,5.07085,4.52967,3.20041,-5630.44,0
0.884846,3505.04,5.0249,4.40246,3.14999,-5602.35,0
0.891364,3505.19,4.97622,4.57638,0.864342,-5395.65,0
0.897866,3505.14,4.75963,4.66389,1.61386,-5417.78,0
0.904357,3505.24,4.34436,4.67023,1.40057,-5266.53,0
0.910859,3505.08,4.39266,4.38274,3.18891,-5399.04,0
0.917408,3505.01,4.40458,4.31476,3.25566,-5435.8,0
0.923928,3505.06,4.33406,4.39873,2.35305,-5349.05,0
0.930441,3505.01,4.36895,4.18015,2.96795,-5359.92,0
0.936969,3504.92,4.3323,4.04011,3.67302,-5420.34,0
0.943475,3504.86,4.31225,4.01957,3.54748,-5447.42,0
0.950013,3504.99,4.2083,3.97231,1.75936,-5270.03,0
0.956523,3505,4.34263,3.94881,1.04153,-5226.23,0
0.963013,3505.01,4.48212,3.93414,0.337904,-5181.72,0
0.969518,3504.98,4.39821,3.57729,1.68621,-5176.7,0
0.976007,3504.98,4.44789,3.65716,1.04993,-5143.05,0
0.982488,3504.91,4.22827,3.44333,2.63653,-5181.29,0
0.989081,3505.09,4.27891,3.29759,0.399148,-4960.28,0
0.995604,3505.08,4.25962,3.14323,0.85945,-4945.2,0
1.0021,3505.03,4.34089,3.04978,1.0791,-4961.9,0
1.00858,3504.81,4.64641,3.14416,2.16466,-5141.73,0
1.01509,3504.85,4.68743,3.33069,0.970771,-5073.8,0
1.02154,3504.64,4.69271,3.17655,3.19558,-5248.95,0
1.02803,3504.72,4.81676,3.00252,1.74531,-5139.68,0
1.03455,3504.64,4.85335,3.17914,1.85365,-5177.56,0
1.04104,3504.62,4.99253,3.41881,0.822788,-5166.86,0
1.04752,3504.6,5.02221,3.03585,1.60872,-5151.36,0
1.05404,3504.49,4.7924,3.23202,2.80818,-5223.81,0
1.06052,3504.43,4.68006,3.11505,3.47683,-5253.72,0
1.06702,3504.37,4.66832,3.04343,3.61419,-5273.1,0
1.07352,3504.59,4.62812,3.07545,0.523455,-5039.8,0
1.08004,3504.42,4.56479,2.98189,2.78808,-5167.6,0
1.08658,3504.36,4.63936,3.12084,2.45486,-5188.89,0
1.09307,3504.43,4.40163,3.28371,1.72585,-5100.2,0
1.09957,3504.3,4.735,3.20776,1.82611,-5179.93,0
1.10611,3504.36,4.7106,3.41613,0.490139,-5102.87,0
1.11266,3504.16,4.94505,3.18846,2.20011,-5248.01,0
1.11916,3504.13,4.88154,3.17449,2.41514,-5240.77,0
1.12568,3504.1,5.00932,2.99096,2.21068,-5238.8,0
1.13213,3504.14,4.79981,3.06238,2.02187,-5174.96,0
1.13866,3504.19,5.05661,2.7187,1.05074,-5103.11,0
1.14512,3504.11,4.84132,2.61929,2.99998,-5146.55,0
1.15161,3504.06,5.04898,2.54928,2.50403,-5153.79,0
1.15811,3504.13,5.18324,2.58009,0.498099,-5066.44,0
1.16461,3504,5.11668,2.4589,2.5476,-5152.5,0
1.17113,3504.07,5.07214,2.4454,1.37187,-5061.27,0
1.17769,3504.14,4.91429,2.13918,1.62945,-4976.32,0
1.18414,3504.23,4.52815,1.929,2.27219,-4876.79,0
1.19064,3504.26,4.58915,1.72738,1.74616,-4824.54,0
1.19715,3504.29,4.52834,1.58167,1.57558,-4773.53,0
1.20363,3504.24,4.55725,1.27574,2.1556,-4783.35,0
1.21015,3504.14,4.55197,1.45392,3.01738,-4843.84,0
1.21668,3504.19,4.40479,1.55069,2.19159,-4773.98,0
1.22318,3504.13,4.34118,1.61728,2.75399,-4796.48,0
1.22963,3504.3,4.29514,1.48537,0.322863,-4639.48,0
1.23613,3504.33,4.12,1.54123,0.273131,-4586.24,0
1.24271,3504.19,4.04797,1.4432,2.40279,-4671.64,0
1.24921,3504.23,4.29452,1.31022,0.916609,-4622.13,0
1.25573,3504.06,4.12321,1.3147,3.53472,-4733.51,0
1.26221,3504.18,3.94533,1.2914,1.96213,-4610.42,0
1.26871,3504.14,3.8848,1.33978,2.28767,-4618.79,0
1.2752,3504.1,4.03582,1.40773,1.72965,-4630.51,0
1.28169,3504.02,3.89811,1.42681,2.88695,-4664.03,0
1.28823,3504,3.99555,1.5923,2.15575,-4656.56,0
1.29467,3504.08,3.86054,1.46499,1.58662,-4570.06,0
1.30121,3504.1,4.07237,1.20313,0.742244,-4537.36,0
1.30772,3503.99,4.16469,1.20794,1.67951,-4592.81,0
1.3142,3503.89,4.47949,1.32517,1.34849,-4649.74,0
1.32069,3503.76,4.84707,1.29818,1.14921,-4726.88,0
1.3272,3503.75,4.68517,1.25731,1.90726,-4711.99,0
1.33367,3503.6,5.00315,1.2365,1.8638,-4799.48,0
1.34018,3503.51,5.03046,1.2262,2.34533,-4843.29,0
1.3467,3503.53,5.24792,1.4208,0.291628,-4805.29,0
1.35319,3503.48,5.26581,1.68507,0.366225,-4820.95,0
1.35969,3503.47,5.08863,1.84112,1.08733,-4805.53,0
1.3662,3503.4,5.37266,1.67498,0.518411,-4831.95,0
1.37271,3503.17,5.3711,1.60382,3.24463,-4974.71,0
1.37921,3503.29,5.5371,1.5931,0.415882,-4862.59,0
1.38572,3503.27,5.64582,1.19944,0.414496,-4857.48,0
1.39225,3503.08,5.55466,1.3219,3.0475,-4967.87,0
1.39871,3503.06,5.60436,1.25663,2.48348,-4963.46,0
1.40522,3503.09,5.80847,1.18482,0.628755,-4919.38,0
1.41171,3502.81,5.89207,1.2825,3.38674,-5093.24,0
1.4182,3502.81,5.8483,1.38775,2.75838,-5070.57,0
1.42476,3502.88,5.85153,1.15768,1.7896,-4994.57,0
1.43128,3502.69,5.86267,1.19371,3.51366,-5104.26,0
1.43772,3502.73,5.80255,1.10908,2.71411,-5059.44,0
1.4442,3502.78,5.83051,1.13799,1.12346,-4998.9,0
1.45071,3502.68,5.88161,0.882144,2.19972,-5045.78,0
1.45723,3502.79,5.65375,0.779205,2.16039,-4950.29,0
1.46374,3502.71,5.77791,1.03457,1.77082,-4977.59,0
1.47024,3502.76,5.72969,1.16548,1.15212,-4927.04,0
1.47678,3502.77,5.67885,1.3581,0.625678,-4895.56,0
1.48329,3502.46,5.81495,1.60917,3.05108,-5086.44,0
1.48981,3502.67,5.67603,1.8538,0.33344,-4919.6,0
1.49627,3502.39,5.63117,1.70636,4.14087,-5084.58,0
1.50277,3502.3,5.73967,1.76605,3.56675,-5123.75,0
1.50932,3502.32,5.77712,1.77692,2.4713,-5091.31,0
1.51582,3502.25,5.66492,1.94281,3.29496,-5114.46,0
1.52232,3502.23,5.64781,1.83951,3.09545,-5105.25,0
1.52886,3502.34,5.59379,1.89551,1.32752,-5010.67,0
1.53538,3502.22,5.47069,2.1082,3.0328,-5065.39,0
1.54185,3502.49,5.29533,2.08915,0.300788,-4873.27,0
1.54832,3502.41,5.05093,2.13611,2.53335,-4902.05,0
1.55479,3502.58,4.91948,1.99396,1.00652,-4771.13,0
1.56128,3502.51,4.87844,2.00674,1.9414,-4796.86,0
1.56778,3502.44,5.0463,2.14562,1.3117,-4824.54,0
1.57435,3502.42,4.99229,1.98372,2.23822,-4814.81,0
1.58083,3502.28,5.02174,1.86901,3.93984,-4885.85,0
1.58735,3502.27,5.02668,1.9387,2.90186,-4868.21,0
1.59384,3502.23,5.36186,1.87724,1.05394,-4876.31,0
1.60029,3502.17,5.38928,1.93027,1.17622,-4891.73,0
1.60681,3502.22,5.21455,1.98952,1.44421,-4843.16,0
1.61333,3502.06,5.31534,1.79067,2.98777,-4920.01,0
1.61991,3502.14,5.13328,1.66354,3.05894,-4854.81,0
1.62637,3502,5.13164,1.79899,3.95546,-4917,0
1.63287,3501.98,5.08041,1.72175,3.87077,-4913.6,0
1.63937,3502.09,5.07074,1.64069,1.59797,-4823.61,0
1.64589,3502.04,5.04499,1.68018,2.12827,-4834.41,0
1.65241,3502.02,5.03779,1.62804,2.32393,-4829.44,0
1.65895,3501.92,5.14814,1.66679,2.42408,-4867.77,0
1.66546,3501.73,5.27006,1.83395,3.33915,-4963.07,0
1.67195,3501.92,5.14711,1.73347,1.3482,-4832.63,0
1.67849,3502.04,4.84765,1.81733,1.36405,-4741.02,0
1.68503,3501.85,4.87303,1.7596,3.50893,-4836.29,0
1.69157,3501.9,4.86885,1.72418,2.39473,-4788.79,0
1.69805,3501.87,4.70465,1.66662,3.54108,-4785.43,0
1.70454,3501.86,4.68209,1.56458,3.45248,-4772.68,0
1.71101,3501.87,4.73693,1.40949,2.7818,-4753.61,0
1.71749,3502,4.64608,1.45983,0.85355,-4655.43,0
1.72402,3501.87,4.65666,1.39385,2.49869,-4714.34,0
1.73058,3501.85,4.4945,1.25487,3.86885,-4708.77,0
1.73711,3501.84,4.66387,1.57563,1.36779,-4696.08,0
1.74365,3501.81,4.51426,1.73704,2.29796,-4695.12,0
1.75018,3501.87,4.42509,1.7612,1.57895,-4646.67,0
1.75667,3501.77,4.51131,2.0226,1.28572,-4684.16,0
1.76318,3501.65,4.5264,1.90335,3.08203,-4738.37,0
1.76972,3501.58,4.68411,1.86226,2.57793,-4758.2,0
1.77619,3501.54,4.61591,1.83832,3.36085,-4761.3,0
1.78262,3501.43,4.74715,1.93384,3.23714,-4806.12,0
1.78909,3501.5,4.77591,1.94503,1.28343,-4752.78,0
1.79554,3501.34,4.88908,2.13285,1.92993,-4821.57,0
1.80206,3501.11,4.92156,2.19502,4.2033,-4933.76,0
1.8086,3501.04,4.913,2.24979,4.11391,-4955.05,0
1.81512,3501.04,4.99115,2.19564,2.66282,-4934.12,0
1.82164,3501.1,4.91339,2.07315,2.56802,-4883.55,0
1.82817,3501.14,4.96864,1.95087,1.68938,-4847.79,0
1.83476,3501.1,4.96349,2.04954,1.38044,-4849.06,0
1.84126,3501.12,4.94977,1.93897,1.37399,-4823.27,0
1.84775,3501.2,4.82682,2.08525,0.193731,-4765.09,0
1.8543,3501.21,4.51242,2.11661,2.15961,-4738.74,0
1.86079,3501.15,4.62596,2.29847,1.0084,-4756.79,0
1.8673,3500.9,4.73835,2.36607,3.50584,-4874.33,0
1.87385,3500.9,4.64236,2.2749,3.96367,-4858.1,0
1.88038,3500.91,4.56268,2.45767,2.87909,-4832.32,0
1.88687,3500.81,4.48062,2.41755,4.37156,-4872.81,0
1.8934,3500.79,4.42072,2.41867,4.23521,-4865.67,0
1.89989,3500.97,4.24444,2.3613,2.59315,-4751.71,0
1.9064,3500.94,4.30586,2.42169,1.71049,-4753.65,0
1.91285,3500.93,4.39757,2.41342,0.740685,-4741.49,0
1.91938,3500.66,4.52166,2.36654,3.75089,-4867,0
1.92587,3500.75,4.43828,2.44289,2.16787,-4804.51,0
1.93237,3500.75,4.51127,2.29917,1.74251,-4787.32,0
1.93889,3500.67,4.45582,2.21887,3.4109,-4811.8,0
1.94538,3500.62,4.44253,2.27698,3.34203,-4821.59,0
1.9519,3500.54,4.46917,2.21131,3.69235,-4845.25,0
1.95841,3500.63,4.35738,2.2497,2.31052,-4782.12,0
1.96489,3500.62,4.32955,2.01378,3.29539,-4771.95,0
1.9714,3500.51,4.38451,2.14361,3.44669,-4813.65,0
1.97786,3500.42,4.60642,2.20678,1.80211,-4844.08,0
1.98436,3500.47,4.37259,1.96939,3.93428,-4800.42,0
1.99092,3500.48,4.57219,2.10024,0.79244,-4783.68,0
1.99743,3500.5,4.41627,1.99679,2.0096,-4757.92,0
2.00394,3500.49,4.37437,2.02365,2.01601,-4744.16,0
2.01048,3500.48,4.41575,2.02389,1.55601,-4736.25,0
2.01699,3500.4,4.19627,2.21173,3.83245,-4757.36,0
2.02351,3500.38,4.06175,2.18999,4.22144,-4754.64,0
2.03004,3500.39,4.0611,2.07201,3.87017,-4734.11,0
2.03655,3500.4,4.28754,1.88244,1.52551,-4712.62,0
2.04307,3500.46,3.98561,1.89414,3.31391,-4667.84,0
2.04959,3500.44,4.13387,2.10119,0.663685,-4664.15,0
2.05608,3500.38,3.96996,2.07692,3.2071,-4678.33,0
2.06259,3500.39,4.06207,2.01142,1.88674,-4659.79,0
2.06911,3500.28,4.38739,1.94783,0.269345,-4698.08,0
2.07559,3500.27,4.25348,2.1887,0.389529,-4686.65,0
2.08209,3500.24,4.24255,2.28597,0.252622,-4687.51,0
2.08856,3500.2,4.21641,2.0419,2.41071,-4693.89,0
2.09507,3500.29,4.1582,2.09287,1.0008,-4636.95,0
2.10158,3500.3,3.99994,2.01846,2.68573,-4614.64,0
2.10807,3500.27,3.87568,2.02962,4.05946,-4616.94,0
2.11456,3500.18,3.94438,2.20538,2.52945,-4643.08,0
2.12106,3500.14,3.85534,2.22511,3.36327,-4649.42,0
2.12754,3500.16,3.77376,2.34389,2.08013,-4624.58,0
2.13406,3500.09,3.67416,2.25181,4.14725,-4644.9,0
2.14057,3500.11,3.70467,2.19177,2.49425,-4618.55,0
2.14711,3500.18,3.72393,2.0309,1.63256,-4573.67,0
2.15361,3500.12,3.6562,2.04656,3.41173,-4589.48,0
2.1601,3500.06,3.72247,2.04789,2.92311,-4599.36,0
2.16656,3500.18,3.51319,1.90895,3.69796,-4533.42,0
2.17309,3500.37,3.32471,1.99091,0.79431,-4429.8,0
2.17958,3500.34,3.27979,1.81713,2.53023,-4433.48,0
2.18609,3500.19,3.41889,1.79733,3.37969,-4489.75,0
2.19261,3500.14,3.36754,1.77826,4.1514,-4498.77,0
2.19907,3500.11,3.466,1.72041,2.54369,-4496.9,0
2.20557,3500.2,3.30919,1.6751,2.78287,-4443.82,0
2.21205,3500.09,3.32605,1.65829,4.00808,-4480.41,0
2.21862,3500.18,3.31666,1.7482,1.14641,-4427.55,0
2.22515,3500.07,3.32572,1.88003,2.19009,-4464.83,0
2.23168,3500.08,3.13357,1.88563,3.43456,-4443.58,0
2.2382,3500.16,3.14953,1.91368,1.0453,-4396.9,0
2.24472,3500.23,3.03392,1.9752,0.0857116,-4350.74,0
2.25125,3500.08,2.88839,1.77412,6.28066,-4405.02,0
2.25775,3500.13,2.86133,1.7679,3.77846,-4372.06,0
2.26427,3500.08,2.78985,1.81652,4.09686,-4381.07,0
2.27079,3500.03,2.73102,1.92072,3.85103,-4389.21,0
2.27725,3500.07,2.71756,2.01438,1.84389,-4362.44,0
2.28376,3499.91,2.93357,1.98102,2.15508,-4418.24,0
2.29025,3499.9,3.01981,1.84124,2.27805,-4411.2,0
2.29674,3499.71,3.09896,1.78526,5.01681,-4479.15,0
2.30322,3499.7,3.11665,1.72619,3.81989,-4471.38,0
2.30975,3499.66,3.1033,1.78903,3.52171,-4478.15,0
2.31625,3499.59,3.14626,1.74524,3.79082,-4493.3,0
2.32276,3499.69,3.19651,1.7484,0.318429,-4436.91,0
2.32924,3499.59,3.1111,1.80842,3.13993,-4469.16,0
2.33579,3499.49,3.10796,2.00711,2.95666,-4499.71,0
2.34227,3499.45,3.07444,1.98162,3.80221,-4503.82,0
2.34881,3499.45,3.10247,2.06658,2.22053,-4493.5,0
2.35535,3499.36,3.20507,1.94796,3.3547,-4517.08,0
2.36185,3499.34,3.28455,1.98552,1.64173,-4512.55,0
2.36836,3499.23,3.36431,2.02341,1.68251,-4548.08,0
2.37488,3499.1,3.43557,1.95635,3.64672,-4591.31,0
2.38138,3499.05,3.38083,2.0291,3.95173,-4598.88,0
2.38793,3499.05,3.37016,1.98709,3.58574,-4584.78,0
2.39444,3498.91,3.46737,2.05772,3.45872,-4630.7,0
2.40094,3498.84,3.45373,2.08783,3.97386,-4646.79,0
2.4075,3498.87,3.46953,2.1876,1.32902,-4621.1,0
2.41403,3498.84,3.39022,2.21523,2.09366,-4621.98,0
2.4206,3498.85,3.34385,2.08762,3.633,-4607.74,0
2.42709,3498.86,3.2394,2.03167,4.37573,-4588.79,0
2.43357,3499.22,3.12243,1.69622,1.29088,-4429.41,0
2.44012,3499.17,3.13261,1.47191,3.99758,-4439.2,0
2.44667,3499.3,3.16236,1.38083,0.616106,-4373.48,0
2.45318,3499.23,3.14342,1.33298,2.18749,-4388.73,0
2.45973,3499.21,3.07835,1.42614,2.86945,-4387.46,0
2.46624,3499.24,3.15463,1.30782,1.2004,-4363.48,0
2.47279,3499.1,3.16827,1.24062,4.24062,-4409.76,0
2.47932,3499.17,3.15416,1.18763,2.62521,-4367.07,0
2.4858,3499,3.23083,1.33255,3.4254,-4426.38,0
2.49232,3499.29,2.9331,1.23443,2.96743,-4295.59,0
2.49883,3499.27,2.98934,1.09529,3.16913,-4295.23,0
2.50536,3499.2,3.12349,1.04377,1.82853,-4308.9,0
2.51187,3499.06,3.2577,1.23863,0.738435,-4355.41,0
2.51837,3499.07,3.03434,1.12429,5.73904,-4340.92,0
2.52489,3499.1,3.03963,1.07718,3.26325,-4318.5,0
2.53141,3499.06,3.04204,1.07432,3.75019,-4323.64,0
2.5379,3499.08,3.03476,1.1979,1.61034,-4303.3,0
2.54433,3499.12,2.99122,0.940735,3.00463,-4274.88,0
2.55085,3499.18,2.98004,0.933199,0.7002,-4242.08,0
2.55739,3499.16,2.778,1.2263,3.1564,-4239.83,0
2.56389,3499.2,2.73215,1.31273,1.80412,-4213.85,0
2.5704,3499.12,2.65481,1.29793,4.24973,-4232.38,0
2.57689,3499.11,2.60211,1.30619,4.13584,-4227.81,0
2.5834,3499.14,2.59856,1.31391,1.96462,-4201.88,0
2.58991,3499.03,2.49027,1.60116,2.96387,-4234.43,0
2.59642,3498.97,2.37892,1.78433,3.75215,-4247.98,0
2.60295,3498.96,2.33375,1.76567,4.47581,-4242.5,0
2.60947,3498.98,2.46457,1.569,3.38446,-4222.63,0
2.61602,3498.93,2.63822,1.36146,2.76319,-4231.12,0
2.62255,3498.81,2.72664,1.2842,3.81556,-4266.97,0
2.62903,3498.81,2.84888,1.07438,2.3588,-4256.46,0
2.63551,3498.89,2.78237,0.925037,2.98433,-4215.73,0
2.642,3498.86,2.72354,0.919845,4.773,-4218.38,0
2.64849,3498.83,2.72868,1.01688,3.40744,-4217.8,0
2.65498,3498.98,2.5867,0.944664,3.29453,-4150.68,0
2.66148,3498.96,2.51948,0.976732,4.29635,-4146.65,0
2.66802,3498.85,2.59913,1.03751,2.76398,-4180.18,0
2.67451,3498.87,2.50564,1.22774,1.92686,-4160.35,0
2.68098,3498.94,2.47015,1.12262,1.94194,-4125.94,0
2.68747,3499.03,2.43893,0.989817,1.43591,-4083.08,0
2.69398,3499.14,2.3383,0.780639,2.80991,-4030.82,0
2.70048,3499.18,2.25243,0.746842,3.69012,-4006.21,0
2.70699,3499.15,2.13704,0.618059,6.31353,-4009.95,0
2.71352,3499.18,2.06854,0.581506,5.42296,-3986.24,0
2.71998,3499.05,2.11487,0.676867,4.51981,-4023.95,0
2.72651,3499.07,2.03009,0.656066,5.82222,-4009.1,0
2.73298,3499.06,2.14313,0.651315,1.31508,-4003.38,0
2.7395,3498.98,2.15205,0.620806,2.69868,-4021.27,0
2.74605,3498.96,2.05548,0.6043,6.24704,-4020.56,0
2.75253,3499.06,2.0038,0.600756,2.68203,-3974.88,0
2.75907,3499,2.02412,0.717448,2.16633,-3986.8,0
2.76558,3499.01,2.00124,0.796746,1.09092,-3975.06,0
2.77209,3499.02,1.88508,0.668632,5.11678,-3960.02,0
2.77857,3499.06,1.846,0.763121,2.19047,-3938.49,0
2.78507,3498.81,1.87365,0.946197,5.6187,-4016.3,0
2.79155,3498.86,1.88083,0.927504,2.67981,-3989.46,0
2.79805,3498.72,1.88904,0.882203,5.72579,-4032.19,0
2.80453,3498.71,1.84912,0.866589,5.73858,-4026.19,0
2.81101,3498.76,1.80798,0.861898,2.91627,-4000.11,0
2.81754,3498.84,1.71974,0.783714,4.03295,-3959.57,0
2.82407,3498.68,1.76317,0.868281,5.15994,-4007.72,0
2.83054,3498.61,1.78044,0.870737,4.60902,-4023.02,0
2.83706,3498.66,1.65937,1.00748,4.17765,-3995.84,0
2.84354,3498.73,1.59204,1.04178,2.9598,-3963.68,0
2.85008,3498.67,1.62329,1.0361,3.55143,-3975.28,0
2.85654,3498.55,1.72013,1.08022,1.21913,-4008.92,0
2.86305,3498.69,1.57805,0.904862,5.41932,-3948.77,0
2.86955,3498.76,1.6265,0.840733,1.0941,-3918.53,0
2.87605,3498.84,1.4807,0.870243,3.20862,-3880.33,0
2.88253,3498.77,1.62122,0.515207,5.28176,-3896.98,0
2.88901,3498.83,1.62728,0.510532,1.86568,-3866.96,0
2.89557,3498.86,1.60186,0.357625,3.3278,-3847.56,0
2.9021,3498.94,1.41082,0.455181,7.46807,-3812.75,0
2.90857,3498.92,1.37478,0.548386,5.99062,-3809.93,0
2.91507,3498.8,1.37688,0.67634,6.31095,-3840.94,0
2.92156,3498.82,1.36424,0.645734,4.78226,-3826.76,0
2.92808,3498.75,1.40451,0.669513,3.67087,-3843.75,0
2.93456,3498.8,1.37201,0.531216,5.9134,-3818.11,0
2.94107,3498.78,1.34063,0.593618,5.345,-3814.11,0
2.94758,3498.82,1.27571,0.633717,4.01948,-3793.88,0
2.95412,3498.93,1.18849,0.603967,3.96081,-3747.68,0
2.96065,3499.07,1.11843,0.567951,0.896601,-3690.68,0
2.96715,3499.04,1.09293,0.638688,0.694023,-3692.84,0
2.9736,3498.98,1.05282,0.726642,2.00765,-3705.58,0
2.98009,3498.93,1.16614,0.577949,1.68686,-3714.7,0
2.98662,3498.9,1.16814,0.461744,5.38375,-3717.92,0
2.99312,3498.89,1.22228,0.357586,1.36223,-3711.49,0
2.99963,3498.85,1.24438,0.296738,1.23689,-3716.54,0
3.00615,3498.84,1.22689,0.163859,3.25986,-3710.79,0
3.01266,3498.79,1.14483,0.214022,7.68753,-3721.76,0
3.01914,3498.74,1.12258,0.305742,6.14938,-3731.07,0
3.0256,3498.67,1.08662,0.321032,7.83144,-3744.33,0
3.03208,3498.62,1.12098,0.280469,3.68804,-3753.6,0
3.03857,3498.6,1.11407,0.2966,4.09564,-3752.38,0
3.04506,3498.52,1.13945,0.289834,2.94592,-3769.06,0
3.05161,3498.3,1.2122,0.287748,5.31235,-3834.44,0
3.05814,3498.29,1.20397,0.2073,6.73096,-3829.86,0
3.06461,3498.39,1.11404,0.107717,9.21889,-3788.05,0
3.07109,3498.33,1.15032,0.233226,1.50925,-3798.64,0
3.07756,3498.4,1.11452,0.158827,1.73891,-3769.22,0
3.08409,3498.25,1.17809,-0.100935,1.52378,-3809.66,0
3.09058,3498.24,1.08485,-0.224091,7.04795,-3803.99,0
3.09705,3498.27,1.04396,-0.269034,6.38322,-3788.41,0
3.10352,3498.28,1.05751,-0.212573,4.36152,-3775.29,0
3.11004,3498.28,1.05089,-0.343787,1.25993,-3768.33,0
3.11657,3498.15,1.02468,-0.3708,5.71112,-3802.88,0
3.12307,3498.12,0.999765,-0.335646,7.63347,-3803.47,0
3.12959,3498.16,0.991592,-0.354422,2.65477,-3784.48,0
3.13613,3498.08,0.97625,-0.376823,5.32483,-3799.99,0
3.1426,3498.06,1.00887,-0.24049,5.53889,-3798.82,0
3.14912,3498.11,0.987758,-0.0968807,3.88201,-3775.43,0
3.15563,3498.07,0.93803,-0.252026,6.16505,-3779.6,0
3.1621,3498.09,0.897834,-0.297438,5.05516,-3766.86,0
3.16863,3497.89,1.00195,-0.215592,3.43446,-3822.01,0
3.17516,3497.87,0.975875,-0.169826,6.09019,-3818.95,0
3.18167,3497.84,1.01316,-0.127178,2.83979,-3822.37,0
3.1882,3497.89,0.962293,-0.192444,3.87301,-3796.98,0
3.19472,3497.79,0.988451,-0.116984,4.2346,-3820.74,0
3.20125,3497.97,0.904643,0.0492645,6.65677,-3758.54,0
3.20771,3497.92,0.909716,0.00827815,4.10672,-3764.54,0
3.21424,3497.89,0.889803,0.076644,5.23048,-3767.02,0
3.22078,3497.89,0.857184,0.123868,5.71314,-3761.23,0
3.2273,3497.9,0.840637,0.063562,5.23363,-3749.99,0
3.23382,3497.83,0.821567,-0.0625512,6.71983,-3764.31,0
3.24028,3497.79,0.808208,0.188371,5.99592,-3768.03,0
3.24678,3497.83,0.788097,0.228473,2.85033,-3748.76,0
3.25327,3497.72,0.834888,0.204856,1.24154,-3773.7,0
3.25977,3497.59,0.832607,0.145968,7.88405,-3808.39,0
3.26629,3497.68,0.750029,0.361794,2.09516,-3772.46,0
3.27277,3497.67,0.681062,0.474902,0.367329,-3766.83,0
3.27927,3497.49,0.687847,0.509342,2.76875,-3813.98,0
3.28576,3497.17,0.738175,0.381627,5.51366,-3903.6,0
3.29224,3497.01,0.759486,0.460486,2.73949,-3945,0
3.29877,3496.88,0.853094,0.366475,0.530536,-3975.85,0
3.30528,3496.9,0.861135,0.266033,2.19363,-3964.19,0
3.31181,3496.94,0.824654,0.265872,3.79581,-3943.91,0
3.31832,3496.82,0.653685,0.31791,2.25234,-3972.78,0
3.32482,3496.91,0.600422,0.287205,7.90057,-3938.28,0
3.32787,3496.98,0.571726,0.224638,9.53649,-3913.24,0
