0.00647779,3509.81,-5.01748,5.41548,1.7312,-29744.7,0
0.0129767,3509.85,-4.59499,5.45159,1.55552,-11682.9,0
0.0195156,3509.74,-4.97306,5.40493,1.71292,-13131.1,0
0.0260285,3509.7,-4.78553,5.45964,1.85681,-11584.4,0
0.0325428,3509.66,-4.42127,5.55863,2.14935,-10316,0
0.0390413,3509.51,-4.33423,5.49095,2.9788,-12545.8,0
0.0455332,3509.62,-4.37094,5.469,1.57159,-8436.5,0
0.0520405,3509.52,-4.41363,5.47225,2.06479,-9314.26,0
0.0585203,3509.72,-4.49101,5.32659,0.369987,-4768.67,0
0.0650378,3509.57,-4.23737,5.15334,1.90762,-6637.42,0
0.0715624,3509.51,-4.07622,5.15049,2.27334,-6812.94,0
0.0780767,3509.52,-4.18752,5.1032,1.72404,-6155.67,0
0.0846078,3509.63,-4.32419,5.0845,0.527152,-4329.94,0
0.0911393,3509.58,-4.38571,5.10672,0.766981,-4660.16,0
0.0976854,3509.35,-4.44992,5.00942,2.53282,-6625.17,0
0.104211,3509.3,-4.50169,5.01941,2.30584,-6750.6,0
0.110691,3509.53,-4.28469,4.91628,0.555407,-4260.67,0
0.11719,3509.35,-4.14096,4.9859,1.88585,-5569.64,0
0.123723,3509.38,-4.28208,5.19578,0.880917,-5015.97,0
0.130283,3509.32,-4.20184,5.1665,1.30431,-5181.76,0
0.136783,3509.13,-4.37761,5.06968,2.5057,-6360.81,0
0.143254,3509.1,-4.35818,5.26688,1.84585,-6254.54,0
0.14974,3508.94,-4.49159,5.0923,2.86279,-7089.56,0
0.156243,3508.97,-4.79425,5.11879,1.83574,-6582.1,0
0.162735,3509.05,-4.98447,5.33622,0.392573,-5842.12,0
0.169207,3508.92,-5.25582,5.36914,0.823526,-6387.11,0
0.175725,3508.67,-5.24808,5.5101,2.37799,-7578.5,0
0.182228,3508.83,-5.53906,5.41309,0.490246,-6397.78,0
0.188718,3508.66,-5.4254,5.25855,2.22644,-7114.84,0
0.195245,3508.61,-5.36686,5.25723,2.22767,-7126.68,0
0.201755,3508.7,-5.25514,5.17358,1.3349,-6456.96,0
0.208258,3508.83,-5.24991,5.04218,0.447084,-5640.26,0
0.214774,3508.7,-5.33255,5.22496,0.906039,-6057.09,0
0.221272,3508.57,-5.31616,5.48234,1.41159,-6449.26,0
0.227789,3508.57,-5.50741,5.64714,0.437501,-6261.57,0
0.234324,3508.63,-5.45736,5.57175,0.151722,-5852.34,0
0.240841,3508.43,-5.25893,5.45593,2.20607,-6537.41,0
0.247343,3508.36,-5.21979,5.74708,2.08477,-6638.43,0
0.25384,3508.36,-5.3369,5.5752,1.69849,-6459.87,0
0.260333,3508.25,-5.51266,5.75738,1.72002,-6714.67,0
0.266826,3508.01,-5.66998,5.43652,3.42403,-7440.1,0
0.273346,3507.9,-5.62753,5.43602,3.52812,-7673.18,0
0.279879,3508.02,-5.60366,5.46707,1.88602,-7063.48,0
0.286399,3507.82,-5.63711,5.22167,3.39446,-7599.65,0
0.292913,3507.99,-5.53225,5.16463,1.63945,-6856.8,0
0.299436,3508.01,-5.6142,5.10392,1.07064,-6655.93,0
0.305899,3507.9,-5.50619,5.00142,2.27791,-6864.96,0
0.312398,3507.75,-5.62239,5.08717,2.75092,-7217.04,0
0.31893,3507.78,-5.40447,5.07463,2.3858,-6970.83,0
0.325436,3507.6,-5.43178,5.18813,3.04135,-7381.06,0
0.331927,3507.61,-5.48731,5.1394,2.30226,-7210.7,0
0.33845,3507.59,-5.44906,5.25183,1.93843,-7118.63,0
0.34495,3507.6,-5.53115,5.14098,1.64174,-6967.53,0
0.351476,3507.42,-5.46734,5.17255,3.00602,-7349.79,0
0.358013,3507.51,-5.59346,5.38795,1.08187,-6951.08,0
0.364574,3507.28,-5.38471,5.39419,3.19089,-7473.56,0
0.371053,3507.43,-5.1371,5.47152,1.59937,-6923.9,0
0.377578,3507.45,-4.74776,5.74907,1.38608,-6766.03,0
0.384096,3507.31,-4.6233,6.09689,1.60053,-7002.65,0
0.390567,3507.29,-4.47053,6.33648,1.1161,-6937.02,0
0.397099,3507.21,-4.36367,6.32321,1.76332,-7017.95,0
0.403588,3507.06,-4.69345,6.34199,2.10419,-7289.2,0
0.410128,3507.18,-4.67409,6.33859,0.729732,-6877.59,0
0.416609,3507.14,-4.73497,6.25809,1.06225,-6873.98,0
0.423126,3507.12,-4.69035,6.43786,0.562881,-6816.95,0
0.429629,3507.07,-4.18501,6.59648,1.08494,-6823.83,0
0.436127,3507.02,-4.00213,6.39016,2.0339,-6823.29,0
0.442665,3507.1,-3.7687,6.54374,1.03635,-6540.42,0
0.449186,3506.96,-3.66079,6.54341,2.15795,-6765.82,0
0.455695,3506.88,-3.80388,6.22876,2.97184,-6840.85,0
0.462209,3506.77,-3.79692,6.17356,3.5509,-6984.4,0
0.46874,3506.84,-3.86959,6.21803,1.99663,-6740.74,0
0.475249,3506.96,-3.78591,6.28795,0.680356,-6390.75,0
0.481737,3506.78,-3.92069,5.95642,2.77033,-6680.56,0
0.488222,3506.72,-4.39259,5.94795,2.2799,-6714.32,0
0.494775,3506.72,-3.94635,5.90259,2.65765,-6624.53,0
0.501321,3506.62,-3.92578,6.06603,2.57801,-6737.83,0
0.507814,3506.51,-3.93422,6.23348,2.83521,-6881.46,0
0.51426,3506.42,-4.07034,6.16478,2.96123,-6966.77,0
0.520753,3506.41,-4.20884,6.01907,2.63737,-6899.51,0
0.527245,3506.3,-4.37323,6.18435,2.4391,-7019.14,0
0.533762,3506.15,-4.46938,6.20323,2.94598,-7205.61,0
0.540296,3506.1,-4.62155,6.08797,2.77987,-7209.77,0
0.546816,3506.16,-4.40722,6.09689,2.13216,-7018.42,0
0.55333,3506.03,-4.50841,5.87813,3.09092,-7167.52,0
0.55984,3506.02,-4.37313,5.93899,2.63887,-7114.98,0
0.566358,3506.02,-4.28943,6.06049,2.0681,-7034.99,0
0.572825,3506,-4.14055,6.12831,1.89099,-6974.22,0
0.579303,3506.02,-4.15271,6.32379,1.0412,-6876.75,0
0.585779,3505.9,-4.20816,6.00491,2.72704,-6995.07,0
0.592278,3505.82,-4.11621,5.91735,3.17965,-7057.62,0
0.598776,3505.9,-3.97758,5.83128,2.41804,-6846.65,0
0.605268,3505.92,-3.87242,5.81658,1.92762,-6744.46,0
0.611714,3505.93,-3.57578,5.87648,1.97139,-6651.13,0
0.618233,3505.96,-3.66246,5.66033,1.9864,-6534.03,0
0.624685,3505.86,-3.89295,5.72365,1.95564,-6626.63,0
0.631146,3505.84,-3.82012,5.55358,2.35622,-6584.34,0
0.637645,3505.77,-3.88372,5.39983,2.9987,-6638.32,0
0.644188,3505.9,-3.51078,5.31271,2.33997,-6363.58,0
0.650701,3505.78,-3.61197,5.33515,2.99181,-6488.29,0
0.65721,3505.88,-3.651,5.45773,0.921784,-6264.66,0
0.663722,3505.75,-3.84948,5.5024,1.58381,-6403.47,0
0.670201,3505.74,-3.82378,5.52337,1.51723,-6356.4,0
0.676685,3505.71,-3.91807,5.7043,0.576522,-6337.3,0
0.68318,3505.59,-3.89825,5.72409,1.65191,-6455.18,0
0.689662,3505.66,-3.87055,5.60841,1.21517,-6287.84,0
0.696181,3505.54,-3.75187,5.61044,2.45875,-6411.72,0
0.702668,3505.57,-3.43703,5.51574,2.69581,-6311.37,0
0.709184,3505.47,-3.55748,5.69335,2.44193,-6384.42,0
0.715709,3505.69,-3.53035,5.62261,0.195218,-6026.27,0
0.722207,3505.46,-3.33355,5.7639,2.13308,-6287.09,0
0.728732,3505.58,-3.30255,5.80312,0.3729,-6068.38,0
0.735272,3505.38,-3.36662,5.86746,1.89479,-6282.61,0
0.741795,3505.36,-3.43881,5.9776,1.27133,-6260.74,0
0.748347,3505.2,-3.40938,6.02766,2.56791,-6411.97,0
0.754806,3505.17,-3.59632,6.13502,1.48285,-6393.6,0
0.761301,3505.04,-3.51588,6.25143,2.38456,-6521.09,0
0.767856,3505.27,-3.44195,6.128,0.319166,-6155.87,0
0.774361,3505.1,-3.63548,5.96575,1.97025,-6326.37,0
0.780876,3505.21,-3.5872,5.83865,1.19019,-6128.55,0
0.787375,3505.15,-3.99705,5.74616,1.1866,-6161.9,0
0.793844,3504.95,-3.9337,5.8677,2.69164,-6365.08,0
0.800325,3504.93,-3.94401,5.84845,2.50924,-6339.22,0
0.806846,3504.83,-3.87449,6.02152,2.59121,-6411.14,0
0.813363,3504.81,-4.0021,5.8303,2.78216,-6380.97,0
0.819902,3504.78,-3.92652,5.9086,2.52164,-6366.06,0
0.826387,3504.78,-3.97433,5.97837,1.60632,-6319.29,0
0.832878,3504.51,-4.11932,6.07193,3.10518,-6592.02,0
0.839386,3504.54,-4.07426,6.02843,2.44616,-6507.38,0
0.845865,3504.47,-3.94189,6.05297,2.95884,-6543.09,0
0.852363,3504.43,-4.14111,5.9534,2.80659,-6534.18,0
0.858855,3504.67,-4.09106,5.92835,0.0407175,-6205.12,0
0.865342,3504.62,-3.98428,5.66912,1.66912,-6221.04,0
0.871817,3504.44,-4.01836,5.67962,2.83033,-6380,0
0.878285,3504.38,-3.94522,5.76831,2.93112,-6393.31,0
0.884826,3504.58,-4.05232,5.54581,0.910241,-6122.4,0
0.891324,3504.49,-4.01605,5.59137,1.70649,-6183.22,0
0.897862,3504.46,-4.10628,5.47972,2.03074,-6169.23,0
0.904347,3504.63,-4.13178,5.36556,0.391796,-5941.84,0
0.910874,3504.48,-3.98596,5.4727,1.76557,-6057.96,0
0.917397,3504.44,-3.79388,5.56077,2.0463,-6059.49,0
0.923896,3504.28,-3.79525,5.71143,2.77891,-6189.92,0
0.93039,3504.4,-3.74918,5.74472,0.991867,-6016.04,0
0.936881,3504.39,-3.75212,5.57424,1.66727,-5991.94,0
0.943385,3504.19,-3.59139,5.59025,3.47998,-6158.02,0
0.949885,3504.21,-3.48665,5.58949,2.79798,-6090.59,0
0.956428,3504.33,-3.32499,5.55186,1.54181,-5923.74,0
0.962905,3504.15,-3.58905,5.58615,2.57212,-6080.42,0
0.969394,3504.15,-3.46504,5.67319,2.01299,-6033.04,0
0.975901,3504.26,-3.41358,5.65353,0.487758,-5876.87,0
0.982433,3504.21,-3.4255,5.62218,0.979448,-5895.11,0
0.988906,3504.08,-3.14738,5.51391,3.16368,-5983.84,0
0.995398,3504.08,-3.1116,5.54038,2.56203,-5947.01,0
1.00192,3504,-3.23908,5.50139,2.8373,-5983.7,0
1.00844,3504.14,-3.04325,5.36235,1.75194,-5810.1,0
1.01496,3504.3,-2.95056,5.19282,0.642862,-5619.19,0
1.02149,3504.06,-2.90068,5.11424,3.37352,-5816.93,0
1.028,3504.05,-2.88894,5.16664,2.52342,-5788.3,0
1.0345,3504.02,-3.19847,5.33816,1.0563,-5778.03,0
1.04105,3504.07,-3.0538,4.85733,2.59567,-5698.35,0
1.04754,3504.24,-2.91303,4.8606,0.579679,-5501.83,0
1.05404,3504.26,-2.60669,4.78995,1.14592,-5442.55,0
1.06056,3504.31,-2.61062,4.64918,0.974382,-5364.51,0
1.06708,3504.31,-2.67841,4.39092,1.72541,-5332.16,0
1.07354,3504.38,-2.76689,4.2759,0.890596,-5231.95,0
1.08004,3504.18,-2.54229,4.22597,3.5092,-5388.4,0
1.08655,3504.18,-2.52418,4.20925,2.73972,-5354.37,0
1.0931,3504.22,-2.52707,4.16352,2.04,-5290.67,0
1.09963,3504.32,-2.39988,4.05347,1.04906,-5164.13,0
1.10616,3504.16,-2.45496,4.23303,2.11642,-5282.56,0
1.11265,3504.09,-2.50907,4.31168,2.38099,-5315.13,0
1.11917,3504.1,-2.51078,4.29369,2.00501,-5270.19,0
1.12571,3504.02,-2.8393,4.28463,2.03071,-5311.11,0
1.13225,3504.09,-2.78961,4.24164,1.01319,-5217.44,0
1.13878,3504,-2.74079,4.26101,2.10828,-5267.61,0
1.14531,3503.99,-2.59634,4.14231,2.84398,-5248.07,0
1.15182,3504.07,-2.75187,4.06168,1.19452,-5146.47,0
1.15834,3503.98,-2.83704,4.16275,1.63499,-5198.05,0
1.16481,3503.99,-2.68931,3.95502,2.26428,-5156.3,0
1.17132,3503.91,-2.5729,3.99793,2.9508,-5200.24,0
1.17778,3503.94,-2.60051,3.85292,2.52828,-5144.18,0
1.18428,3503.92,-2.58937,3.82541,2.32994,-5134.93,0
1.1908,3503.8,-2.75136,3.68774,3.40649,-5207.92,0
1.19731,3503.77,-3.10956,3.89851,1.26278,-5200.12,0
1.20383,3503.81,-3.47122,3.45014,1.09262,-5141.73,0
1.21034,3503.65,-3.31362,3.49127,3.41066,-5247.53,0
1.21678,3503.54,-3.43538,3.52048,3.55116,-5310.17,0
1.22329,3503.53,-3.69819,3.41696,2.33376,-5286.06,0
1.22979,3503.48,-3.87071,3.41294,1.85165,-5299.21,0
1.23627,3503.43,-3.95969,3.3958,1.8471,-5316.82,0
1.24275,3503.24,-3.9856,3.53596,3.23226,-5438.74,0
1.24927,3503.19,-3.82933,3.80706,3.03644,-5453.5,0
1.25579,3503.33,-3.78777,3.73897,1.21863,-5313.11,0
1.26228,3503.31,-3.87218,3.7142,0.951986,-5300.68,0
1.26882,3503.35,-3.94713,3.58521,0.367518,-5243.96,0
1.2753,3503.3,-4.03484,3.67414,0.137076,-5252.99,0
1.28182,3503.29,-3.99425,3.68614,0.250413,-5237.95,0
1.28833,3503.08,-3.99311,3.67625,2.86688,-5374.65,0
1.29482,3503.13,-4.25379,3.68393,0.628187,-5304.46,0
1.30131,3503.04,-4.18047,3.79512,1.37428,-5346.23,0
1.30786,3502.93,-4.03383,3.91128,2.61785,-5406.8,0
1.31438,3502.85,-3.87632,4.13559,3.09318,-5436.05,0
1.32086,3502.85,-3.92641,4.15948,2.10787,-5413.75,0
1.32736,3502.74,-4.02651,4.25777,2.44034,-5468.45,0
1.33384,3502.84,-4.07048,4.11413,1.22096,-5364.7,0
1.34037,3502.78,-4.28606,4.11345,0.698127,-5383.61,0
1.34689,3502.65,-4.27322,4.05571,2.42356,-5453.53,0
1.35337,3502.63,-4.22396,3.90141,3.26145,-5445.93,0
1.35991,3502.49,-4.21413,3.86014,4.29634,-5518.88,0
1.3664,3502.7,-4.18786,3.96405,0.739547,-5340.01,0
1.37287,3502.64,-4.26699,4.07842,0.497607,-5358.85,0
1.37942,3502.65,-4.01504,4.08953,1.27449,-5325.91,0
1.38598,3502.58,-4.07843,4.19478,1.06673,-5353.32,0
1.39247,3502.49,-4.0043,4.31157,1.91201,-5393.83,0
1.39898,3502.5,-4.02894,4.1137,2.24417,-5358.97,0
1.40543,3502.48,-3.8371,4.17015,2.83,-5348.98,0
1.41195,3502.76,-3.69921,3.97528,0.374242,-5129.72,0
1.4185,3502.75,-3.45446,4.19673,0.306243,-5109.46,0
1.42502,3502.61,-3.53829,4.03409,2.56071,-5185.71,0
1.43158,3502.68,-3.49637,3.97157,1.63649,-5114.15,0
1.43809,3502.8,-3.36,3.76417,1.10802,-5008.25,0
1.44457,3502.66,-3.23556,3.84028,2.79964,-5084.53,0
1.4511,3502.67,-3.21305,3.78657,2.33927,-5053.57,0
1.4576,3502.73,-3.13175,3.8971,0.772451,-4988.18,0
1.46413,3502.61,-3.09302,3.87338,2.52908,-5046.23,0
1.47059,3502.92,-2.83677,3.60965,0.113516,-4813.13,0
1.47715,3502.66,-2.87801,3.64917,3.29254,-4972.1,0
1.48367,3502.74,-2.69035,3.47967,3.22599,-4891.66,0
1.49016,3502.74,-2.55235,3.54477,3.21631,-4872.05,0
1.49671,3502.87,-2.38146,3.63311,1.0678,-4766.19,0
1.5032,3502.81,-2.11252,3.83,1.41376,-4780.13,0
1.50973,3502.79,-2.11464,3.65293,2.58955,-4777.49,0
1.51626,3502.77,-2.38527,3.53972,2.29222,-4770.09,0
1.52277,3502.76,-2.15702,3.76229,1.56958,-4752.12,0
1.5293,3502.77,-2.07847,3.60302,2.33951,-4730.53,0
1.53578,3502.6,-2.16491,3.55315,4.24872,-4818.48,0
1.5423,3502.62,-2.05279,3.57319,3.17921,-4787.51,0
1.54883,3502.63,-2.11484,3.56524,2.23864,-4757.3,0
1.55534,3502.47,-2.25422,3.58194,3.57887,-4842.88,0
1.56187,3502.5,-2.22749,3.63058,2.20361,-4799.05,0
1.56839,3502.58,-2.16838,3.56479,1.31851,-4730.22,0
1.57492,3502.56,-2.19806,3.53754,1.51006,-4723.54,0
1.58145,3502.48,-2.58646,3.71808,0.0375057,-4754.43,0
1.58795,3502.3,-2.69926,3.70564,2.11244,-4848.49,0
1.59446,3502.29,-2.90246,3.70813,1.05618,-4835.98,0
1.60097,3502.25,-3.07171,3.81138,0.0623333,-4840.7,0
1.6075,3502.12,-2.9497,3.87206,2.16784,-4903.18,0
1.61399,3502.11,-3.00286,3.72607,2.45402,-4887.65,0
1.62048,3502.23,-2.99089,3.5616,1.28121,-4796.49,0
1.62704,3502.08,-2.90861,3.78197,2.41249,-4869.46,0
1.63358,3502.13,-2.88491,3.74804,1.64523,-4814.83,0
1.64006,3502,-2.92897,3.7243,3.03049,-4877.06,0
1.6466,3502.1,-3.08722,3.46414,1.81057,-4800.25,0
1.65306,3501.86,-3.28734,3.47973,3.95613,-4924.63,0
1.65958,3501.7,-3.57935,3.61841,3.27461,-5001.89,0
1.6661,3501.68,-3.77865,3.66229,1.39536,-4992.15,0
1.67266,3501.55,-3.76387,3.90763,1.42107,-5049.25,0
1.67919,3501.35,-3.70882,3.86872,4.44774,-5148.61,0
1.68573,3501.42,-3.66943,3.93998,2.26108,-5090.32,0
1.69228,3501.47,-3.71401,3.99967,0.4152,-5040.21,0
1.69878,3501.34,-3.63721,4.0191,2.60002,-5099.86,0
1.7053,3501.31,-3.36906,4.07142,3.70248,-5093.35,0
1.71182,3501.3,-3.37584,4.03512,3.27993,-5084.6,0
1.71837,3501.33,-3.22754,3.99155,3.0124,-5047.42,0
1.72492,3501.4,-3.18296,4.04984,1.12571,-4984.08,0
1.7314,3501.4,-3.28212,3.87416,1.43942,-4965.82,0
1.73789,3501.32,-3.34598,3.79049,2.65754,-4994.68,0
1.7444,3501.29,-3.47096,3.82205,1.63339,-4990.78,0
1.75094,3501.2,-3.409,3.9124,2.58264,-5028.36,0
1.75749,3501.18,-3.17693,4.17201,1.84331,-5016.85,0
1.76396,3501.12,-3.25761,4.35202,0.714058,-5036.62,0
1.77052,3501.02,-3.28518,4.49422,0.662261,-5071.84,0
1.77703,3501.12,-3.0444,4.38556,1.02006,-4994.68,0
1.78359,3501.09,-2.88745,4.34947,2.49495,-4997.51,0
1.79007,3500.98,-2.90187,4.40848,3.07332,-5039.17,0
1.79657,3500.91,-2.8735,4.58195,2.27118,-5057.83,0
1.80309,3500.97,-2.89667,4.61777,0.285721,-5007.73,0
1.80958,3500.88,-2.65551,4.57494,3.08129,-5039.97,0
1.81606,3501.01,-2.90919,4.40433,0.620574,-4948.05,0
1.82253,3500.84,-2.92293,4.39797,3.03185,-5028.03,0
1.82899,3500.9,-2.75249,4.48227,1.88412,-4974.83,0
1.83552,3501.03,-2.88136,4.28782,0.471528,-4886.68,0
1.84204,3500.89,-2.79179,4.50078,1.14149,-4946.24,0
1.84851,3500.89,-3.0502,4.41911,0.0158718,-4928.07,0
1.85503,3500.67,-3.04682,4.52366,2.35306,-5032.05,0
1.86155,3500.63,-2.9705,4.40121,3.81471,-5031.88,0
1.86803,3500.59,-2.98353,4.35389,3.94241,-5035.61,0
1.87453,3500.68,-3.13933,4.32588,1.31054,-4974.39,0
1.88104,3500.62,-3.19761,4.18195,2.66341,-4984.8,0
1.88758,3500.58,-3.11975,4.21027,3.05758,-4990.47,0
1.89407,3500.68,-3.16127,4.02632,2.03722,-4920.85,0
1.90058,3500.76,-3.14183,3.91851,1.33383,-4859.56,0
1.90707,3500.73,-3.19368,3.95087,0.943549,-4858.34,0
1.91359,3500.78,-3.00575,3.93163,1.28134,-4820.47,0
1.92008,3500.72,-2.92483,3.82965,3.30865,-4834.11,0
1.92658,3500.73,-3.0574,3.79276,1.88179,-4809.47,0
1.93309,3500.68,-2.81429,3.80266,3.77146,-4821.62,0
1.93959,3500.68,-2.81141,3.66493,4.00302,-4806.49,0
1.94611,3500.57,-2.77644,3.89391,3.47025,-4846.91,0
1.95263,3500.65,-2.65488,3.80036,3.31276,-4790.4,0
1.95913,3500.58,-2.72927,3.72599,3.78115,-4808.57,0
1.96569,3500.66,-2.82738,3.83561,0.0838211,-4749.62,0
1.97222,3500.48,-2.91057,3.89533,1.95603,-4828.79,0
1.97871,3500.4,-2.92695,4.13712,0.606134,-4849.91,0
1.98522,3500.19,-2.83568,4.11486,4.28672,-4943.94,0
1.9917,3500.17,-2.82494,4.04298,3.93837,-4936.25,0
1.99823,3500.04,-3.09363,4.1532,2.33451,-4984.26,0
2.00477,3500.1,-3.02037,4.1873,1.10069,-4940.64,0
2.01129,3499.94,-2.97537,4.16617,3.63815,-5000.63,0
2.01781,3499.92,-3.09407,4.13946,2.85047,-4994.58,0
2.02434,3499.95,-2.98401,4.26968,1.44638,-4966.73,0
2.0309,3499.81,-3.07309,4.30224,2.50357,-5019.47,0
2.03741,3499.76,-3.23986,4.24036,2.35391,-5024.78,0
2.04396,3499.67,-3.29337,4.11657,3.96883,-5052.63,0
2.05044,3499.74,-3.22687,4.08288,2.92167,-5004.76,0
2.05693,3499.61,-3.32456,4.23655,2.31313,-5051.74,0
2.06344,3499.64,-3.38722,4.11142,2.31031,-5022.03,0
2.06997,3499.52,-3.38988,4.05142,3.92759,-5062.25,0
2.07647,3499.52,-3.5112,4.11869,1.62253,-5048.11,0
2.08301,3499.48,-3.45733,4.01398,3.23806,-5049.97,0
2.08956,3499.64,-3.4037,3.78896,2.82624,-4959.75,0
2.09608,3499.71,-3.64514,3.64245,0.417812,-4908.82,0
2.1026,3499.3,-3.80275,3.86382,3.43493,-5091.09,0
2.10913,3499.27,-3.79846,3.81922,3.92984,-5089.57,0
2.11562,3499.3,-3.67584,3.91665,2.47657,-5058.84,0
2.12218,3499.2,-3.60359,3.95711,3.87054,-5089.16,0
2.1287,3499.14,-3.56608,4.04885,3.30883,-5103.93,0
2.1352,3499.14,-3.49306,4.20387,1.62596,-5085.8,0
2.14171,3499.23,-3.41101,4.12808,1.35658,-5028.3,0
2.14826,3499.27,-3.29371,4.11258,1.46902,-4995.17,0
2.15482,3499.17,-3.20614,4.01123,4.14031,-5024.32,0
2.16134,3499.16,-3.17583,4.01859,3.44493,-5013.24,0
2.16778,3499.22,-3.27352,4.04931,1.06556,-4974.22,0
2.17427,3499.22,-3.25627,3.92794,2.17324,-4957.43,0
2.18078,3499.35,-3.0716,3.97736,0.831247,-4882.42,0
2.18729,3499.3,-3.27118,3.89585,0.735673,-4891.47,0
2.19376,3499.16,-3.51947,3.88229,0.774041,-4942.26,0
2.20028,3499.13,-3.53524,3.76193,1.97408,-4939.27,0
2.20675,3499.01,-3.67565,3.93991,0.417306,-4980.34,0
2.21327,3498.94,-3.78349,3.82521,1.47994,-4998.49,0
2.21981,3498.9,-3.74614,3.93245,1.03169,-5001.71,0
2.22635,3498.58,-3.8109,3.96436,4.36778,-5129.55,0
2.23289,3498.45,-3.78342,3.81786,5.98809,-5173.07,0
2.2394,3498.41,-3.85249,3.93301,2.99479,-5175,0
2.24593,3498.6,-3.74956,3.84192,1.60285,-5074.87,0
2.25243,3498.43,-3.69369,3.83314,4.16072,-5137.49,0
2.25888,3498.63,-3.61324,3.85541,0.977015,-5034.17,0
2.26538,3498.7,-3.67757,3.69909,0.547846,-4986.57,0
2.27191,3498.58,-3.63321,3.77217,1.91602,-5028.62,0
2.2784,3498.45,-3.57547,3.83658,3.51391,-5068.51,0
2.28485,3498.46,-3.61827,3.84169,2.16478,-5050.89,0
2.29133,3498.45,-3.50212,3.84287,3.147,-5041.42,0
2.29788,3498.43,-3.30885,3.9708,3.54574,-5034.73,0
2.30434,3498.47,-3.28787,4.01183,1.67217,-5002.36,0
2.31086,3498.61,-3.02443,4.01055,1.80076,-4928.55,0
2.31742,3498.73,-2.82687,3.87218,3.10882,-4863.19,0
2.32391,3498.56,-2.96503,3.99321,2.36941,-4921.76,0
2.33042,3498.5,-3.23434,3.87665,1.77635,-4934.47,0
2.33696,3498.55,-3.2785,3.70999,2.35399,-4901.4,0
2.34345,3498.54,-3.09784,3.87069,1.94843,-4890.92,0
2.34991,3498.35,-3.44569,3.92873,0.34128,-4958.99,0
2.35645,3498.22,-3.42978,3.92559,2.62793,-5000.71,0
2.36296,3498.29,-3.40795,3.80943,2.79912,-4955.91,0
2.36947,3498.16,-3.4568,3.82478,3.82723,-4998.08,0
2.37596,3498.16,-3.48788,3.99068,0.856027,-4984.2,0
2.38246,3498.09,-3.6162,3.97668,0.440277,-4997.39,0
2.38897,3498.18,-3.73866,3.66903,1.10849,-4947.77,0
2.39547,3498.15,-3.56815,3.74179,2.53601,-4948.69,0
2.40196,3498.12,-3.52321,3.83566,1.97436,-4946.53,0
2.4085,3498.19,-3.60497,3.71794,0.812602,-4901.62,0
2.41502,3497.94,-3.79178,3.71185,2.56216,-4993.58,0
2.42153,3497.79,-3.63863,4.09356,1.78726,-5043.37,0
2.42803,3497.79,-3.49481,4.1761,1.92265,-5027.47,0
2.43456,3497.85,-3.48829,4.04906,2.41319,-4988.9,0
2.4411,3497.8,-3.6591,3.90169,2.92772,-4996.39,0
2.4476,3497.8,-3.55442,3.99711,2.27569,-4984.68,0
2.45412,3497.89,-3.47661,3.8227,3.38347,-4935.58,0
2.4606,3497.76,-3.5791,4.00796,1.54239,-4974.78,0
2.4671,3497.7,-3.66785,4.04038,0.720199,-4983.71,0
2.47363,3497.61,-3.56835,3.92511,4.0298,-5009.91,0
2.48008,3497.62,-3.51208,3.88642,4.38173,-4992.45,0
2.48663,3497.77,-3.47689,3.86521,2.03952,-4918.23,0
2.49315,3497.76,-3.3971,3.8812,2.67004,-4910.04,0
2.49962,3497.77,-3.37262,3.98407,1.05375,-4892.47,0
2.50612,3497.7,-3.41098,3.82207,3.31391,-4908.78,0
2.51264,3497.59,-3.33361,3.77922,5.23733,-4940.35,0
2.51912,3497.62,-3.44392,3.88354,0.676261,-4916.23,0
2.52565,3497.6,-3.26762,3.92805,2.03309,-4910.32,0
2.53217,3497.63,-3.04269,3.98816,2.73195,-4886.8,0
2.53865,3497.72,-3.0286,3.97507,0.970718,-4838.62,0
2.54516,3497.79,-2.91859,3.97015,0.590838,-4795.71,0
2.55169,3497.69,-3.14967,3.88134,0.853527,-4826.16,0
2.55819,3497.65,-2.95215,3.83871,3.99728,-4828.18,0
2.56472,3497.83,-2.91908,3.76268,1.33588,-4746.22,0
2.57128,3497.79,-2.78911,3.74736,3.60037,-4749.33,0
2.57779,3497.77,-2.99372,3.70679,1.32814,-4746.29,0
2.58432,3497.7,-2.864,3.74387,3.3277,-4760.98,0
2.59085,3497.77,-2.84888,3.78413,1.16761,-4722.25,0
2.59735,3497.69,-2.77408,3.65203,4.62222,-4739.63,0
2.60388,3497.58,-2.82528,3.57238,5.45675,-4767.91,0
2.6104,3497.6,-2.83312,3.48914,4.06422,-4750.71,0
2.61695,3497.57,-2.98711,3.56781,0.635522,-4751.48,0
2.62343,3497.47,-2.81164,3.53021,4.49744,-4774.54,0
2.6299,3497.45,-2.76469,3.5505,4.04169,-4771.79,0
2.63637,3497.2,-2.93246,3.66347,3.41321,-4853.33,0
2.64285,3497.24,-2.89064,3.71824,1.4627,-4829.19,0
2.64932,3497.42,-2.72375,3.63439,1.48954,-4749.45,0
2.65578,3497.52,-2.65926,3.5555,1.40766,-4698.81,0
2.66226,3497.39,-2.65123,3.57473,3.26955,-4737.95,0
2.66877,3497.47,-2.8854,3.28591,2.8048,-4693.73,0
2.6753,3497.38,-3.02381,3.34531,0.908526,-4718.06,0
2.68181,3497.33,-2.80907,3.44035,2.94548,-4724.21,0
2.68829,3497.42,-2.79551,3.27177,3.96698,-4680.87,0
2.69479,3497.42,-2.82501,3.26932,2.26545,-4669.13,0
2.70127,3497.32,-2.81935,3.1718,4.56145,-4695.86,0
2.7078,3497.28,-2.89931,3.12475,3.70404,-4696.87,0
2.71435,3497.37,-2.81637,3.25745,0.431303,-4653.47,0
2.7209,3497.29,-2.83566,3.2022,2.16738,-4670.47,0
2.72737,3497.45,-2.73572,3.17958,0.852809,-4600.58,0
2.7339,3497.28,-2.65758,3.35956,1.76469,-4653.97,0
2.74038,3497.31,-2.57544,3.20531,4.30152,-4632.05,0
2.74689,3497.3,-2.56542,3.20772,2.95425,-4622.99,0
2.7534,3497.55,-2.30576,3.20143,1.71363,-4521.55,0
2.75992,3497.92,-2.23052,2.91402,0.880227,-4377.81,0
2.76645,3497.86,-2.50541,2.68775,1.57317,-4387.98,0
2.77297,3497.79,-2.42711,2.86296,0.676327,-4403.4,0
2.77947,3497.77,-2.16806,2.9719,2.77132,-4400.6,0
2.78594,3497.66,-2.21219,2.85906,5.5252,-4430.79,0
2.79245,3497.6,-2.30606,2.89006,3.19163,-4439.35,0
2.79891,3497.61,-2.28913,2.83446,4.04558,-4427.57,0
2.80539,3497.46,-2.21993,2.98109,4.5229,-4468.7,0
2.81194,3497.4,-2.19851,3.11673,2.32566,-4479.88,0
2.81843,3497.21,-2.15669,3.32366,2.08405,-4539.26,0
2.82487,3496.77,-2.25739,3.60041,2.61306,-4682.87,0
2.83137,3496.77,-2.43962,3.46288,2.58085,-4672.93,0
2.83789,3496.74,-2.28462,3.61867,1.45926,-4672.14,0
2.84441,3496.83,-2.06725,3.6106,2.52908,-4628.45,0
2.85088,3496.85,-2.20428,3.58277,0.648432,-4611.96,0
2.85736,3496.78,-2.158,3.61475,1.63056,-4627.67,0
2.86389,3496.88,-2.08695,3.61783,0.199524,-4579.72,0
2.87041,3496.82,-2.08407,3.50602,3.4936,-4590.69,0
2.87694,3496.87,-2.05428,3.55624,1.22581,-4563.01,0
2.8835,3496.72,-2.04805,3.54366,3.7991,-4603.92,0
2.89004,3496.72,-1.96484,3.52208,3.60849,-4595.6,0
2.89654,3497,-1.97629,3.30159,2.74198,-4486.42,0
2.90308,3497.02,-1.92891,3.26575,3.30948,-4469.94,0
2.90955,3496.93,-1.86975,3.42577,1.37207,-4492.2,0
2.91602,3496.81,-1.91045,3.49355,0.855876,-4522.46,0
2.92252,3496.66,-1.85507,3.49808,3.99192,-4564.71,0
2.92903,3496.81,-1.96476,3.44686,0.3165,-4501.98,0
2.93554,3496.68,-1.92958,3.41763,3.62685,-4536.14,0
2.94206,3496.67,-1.85411,3.44323,3.7693,-4532.06,0
2.94852,3496.52,-1.91056,3.65286,0.15807,-4571.43,0
2.95503,3496.37,-1.9382,3.63472,2.88073,-4612.94,0
2.96154,3496.14,-2.14539,3.62474,4.05998,-4681.67,0
2.96804,3496.08,-2.22396,3.6098,3.5073,-4688.84,0
2.97454,3496.05,-2.22234,3.51533,4.605,-4689.39,0
2.98104,3496.08,-2.31999,3.52048,0.398564,-4668.17,0
2.98756,3496.06,-2.14568,3.42698,4.95615,-4666.04,0
2.99407,3496.07,-2.1436,3.35242,4.97572,-4653.25,0
3.0006,3496.27,-2.11954,3.3282,0.603938,-4575.24,0
3.00712,3496.18,-2.1438,3.14752,5.56776,-4596.87,0
3.01361,3496.2,-2.08743,3.12417,4.46318,-4580.33,0
3.0201,3496.18,-2.04834,3.13142,3.88022,-4575.46,0
3.0266,3496.25,-1.78556,3.29078,2.06763,-4544,0
3.03309,3496,-2.07966,3.35755,0.291768,-4616.46,0
3.03962,3495.93,-2.07441,3.28421,3.28093,-4628,0
3.04612,3495.86,-2.08426,3.36804,1.80619,-4641.56,0
3.05261,3495.89,-1.99738,3.41598,0.501605,-4622.66,0
3.0591,3495.99,-1.66364,3.46809,1.77905,-4580.81,0
3.06564,3495.79,-1.55651,3.51405,4.47915,-4633.76,0
3.07215,3495.84,-1.49107,3.6128,0.493459,-4609.34,0
3.07868,3495.81,-1.45367,3.55292,2.98137,-4608,0
3.08518,3495.9,-1.35856,3.48153,4.00754,-4570.58,0
3.09168,3495.98,-1.30541,3.49053,2.31529,-4534.33,0
3.09817,3495.93,-1.18225,3.58134,1.3939,-4540.01,0
3.10463,3495.98,-1.22998,3.43985,4.06577,-4516.9,0
3.1111,3495.93,-1.16544,3.55061,1.58798,-4521.93,0
3.11761,3495.96,-1.05519,3.37892,6.34528,-4503.93,0
3.12412,3496.01,-0.944829,3.42336,3.88627,-4478.12,0
3.13059,3495.81,-0.901585,3.50904,4.50173,-4531.19,0
3.1371,3495.82,-0.937323,3.4813,3.51567,-4521.49,0
3.14355,3495.66,-0.861424,3.66833,0.487396,-4560.25,0
3.15007,3495.42,-0.879046,3.63983,4.42038,-4626.96,0
3.15663,3495.42,-0.865482,3.61188,4.02975,-4617.72,0
3.16316,3495.37,-1.15539,3.56568,3.33576,-4623.63,0
3.16965,3495.32,-0.984014,3.59198,4.49293,-4632.28,0
3.17613,3495.32,-1.08538,3.53327,4.12948,-4622.58,0
3.18264,3495.35,-1.08963,3.58982,0.666097,-4603.17,0
3.18916,3495.34,-1.01299,3.47321,4.49726,-4596.17,0
3.19564,3495.25,-1.17665,3.51228,2.60603,-4614.78,0
3.20215,3495.24,-1.07713,3.40245,5.81191,-4610.51,0
3.20872,3495.23,-1.14798,3.38629,3.61435,-4603.47,0
3.21524,3495.19,-1.01585,3.46965,2.23199,-4604.7,0
3.22175,3495.25,-1.05835,3.37675,3.03303,-4578.54,0
3.22827,3495.35,-1.01773,3.24338,4.73497,-4539.57,0
3.23477,3495.33,-0.916694,3.15926,6.53418,-4534.68,0
3.24131,3495.29,-0.798263,3.18305,5.28083,-4538.64,0
3.24781,3495.31,-0.705619,3.27918,1.00045,-4524.02,0
3.25429,3495.3,-0.650104,3.22617,2.95723,-4518.32,0
3.26081,3495.53,-0.646423,3.1179,2.19713,-4438.06,0
3.26733,3495.66,-0.672208,3.05546,1.32994,-4389,0
3.27385,3495.62,-0.665955,2.94578,5.83451,-4391.04,0
3.28033,3495.78,-0.602029,2.92807,1.5843,-4333.91,0
3.28685,3495.72,-0.610801,2.86071,4.80088,-4344.83,0
3.29332,3495.8,-0.780442,2.76132,4.91486,-4313.16,0
3.29984,3495.76,-0.831418,2.78438,2.80122,-4316.74,0
3.30635,3495.62,-0.799291,2.85914,2.45457,-4348.38,0
3.31286,3495.62,-0.779219,2.85486,1.49914,-4340.55,0
3.31937,3495.63,-0.729356,2.68344,7.43138,-4330.22,0
3.32588,3495.62,-0.64779,2.61048,5.98874,-4323.51,0
3.33242,3495.63,-0.665482,2.55115,5.12458,-4311.46,0
3.33895,3495.66,-0.581717,2.53866,3.25018,-4294.63,0
3.34545,3495.6,-0.572004,2.48685,4.75741,-4302.89,0
3.35198,3495.56,-0.510465,2.49447,4.05565,-4308.14,0
3.35847,3495.89,-0.509912,2.3579,2.65568,-4200.82,0
3.36496,3496.02,-0.444973,2.32295,1.30605,-4155.15,0
3.37144,3496.02,-0.40527,2.25955,3.4167,-4147.51,0
3.37792,3495.97,-0.445791,2.26122,3.45261,-4154.89,0
3.38442,3496.01,-0.635851,2.21532,1.8243,-4134.88,0
3.39094,3496.07,-0.598493,2.12535,4.77177,-4107.75,0
3.39749,3496.01,-0.624371,2.04982,6.15094,-4116.33,0
3.40402,3496.09,-0.595232,2.05383,0.993614,-4087.07,0
3.41055,3495.95,-0.611293,2.02942,4.50925,-4119.05,0
3.41708,3495.98,-0.634675,1.94784,5.35242,-4102.38,0
3.42358,3496,-0.654135,1.88003,5.93778,-4088.45,0
3.4301,3496.07,-0.738051,1.78488,5.60934,-4060.43,0
3.43661,3496.14,-0.714761,1.72773,6.28539,-4034.38,0
3.44312,3496.09,-0.746967,1.67557,6.73731,-4040.86,0
3.44962,3496.1,-0.689553,1.66361,4.78035,-4030.56,0
3.45616,3496.23,-0.764289,1.57161,4.06189,-3983.79,0
3.46264,3496.27,-0.698329,1.56817,3.82127,-3964.03,0
3.46915,3496.18,-0.677381,1.58517,3.06865,-3984.82,0
3.47564,3495.9,-0.842336,1.55175,6.3758,-4057.46,0
3.48217,3495.93,-0.796622,1.51873,6.34257,-4041.86,0
3.48871,3495.85,-0.781866,1.58658,2.22762,-4056.52,0
3.49523,3496,-0.710193,1.50728,4.20175,-4004.58,0
3.50175,3496.3,-0.616814,1.44666,2.97205,-3913.73,0
3.50829,3496.34,-0.589028,1.31118,8.71471,-3893.66,0
3.51483,3496.32,-0.61939,1.28253,3.6669,-3891.98,0
3.52139,3496.36,-0.524083,1.26828,5.98575,-3873.68,0
3.52793,3496.33,-0.540104,1.19636,6.47092,-3873.96,0
3.53448,3496.31,-0.517271,1.21269,3.83954,-3872.11,0
3.54096,3496.27,-0.387922,1.21273,4.82748,-3877.7,0
3.54746,3496.32,-0.354074,1.19202,4.36462,-3855.19,0
3.55399,3496.39,-0.235641,1.21566,1.31924,-3829.76,0
3.5605,3496.29,-0.254012,1.23744,1.17998,-3851.91,0
3.567,3496.22,-0.02872,1.24746,3.16894,-3862.01,0
3.57348,3495.98,-0.0108648,1.30429,2.05168,-3923.33,0
3.57999,3496.02,-0.122661,1.26674,3.80312,-3906.08,0
3.58651,3495.97,-0.0341929,1.24361,6.76986,-3912.75,0
3.59301,3495.9,-0.0602045,1.2713,3.25409,-3925.39,0
3.59951,3495.8,-0.0957792,1.23653,8.01754,-3945.56,0
3.60608,3495.84,-0.0913795,1.2194,4.58902,-3927.77,0
3.61261,3495.76,-0.141662,1.18149,7.36081,-3940.47,0
3.61908,3495.77,-0.183582,1.15315,6.83218,-3931,0
3.62557,3495.78,-0.255621,1.09554,7.66053,-3921.16,0
3.63209,3495.78,-0.326852,1.11306,1.50929,-3916.47,0
3.6386,3495.62,-0.293525,1.05981,9.79322,-3952.75,0
3.64509,3495.58,-0.294405,1.04786,5.73708,-3955.53,0
3.65161,3495.71,-0.269006,0.996618,4.54867,-3912.91,0
3.65816,3495.77,-0.200801,1.01217,2.00715,-3890.19,0
3.66465,3495.66,-0.18816,1.00768,4.26355,-3914.12,0
3.67113,3495.65,-0.199643,1.0127,1.09268,-3909.03,0
3.67555,3495.56,-0.207073,0.873226,6.68786,-3928.1,0
