0.00653338,3509.85,5.96553,5.02525,2.95237,-22678.2,0
0.0130578,3509.84,6.01066,4.89075,3.02796,-12459,0
0.0195899,3509.98,6.10344,4.66793,0.814897,-946.545,0
0.0261116,3509.81,6.02051,4.49038,3.69472,-7279.75,0
0.0326404,3510,6.05186,4.44988,0.123617,58.473,0
0.0391138,3509.76,6.10049,4.71509,2.74368,-6073.65,0
0.045642,3509.79,6.29356,4.52366,1.80084,-4502.57,0
0.0521546,3509.79,5.85222,4.30554,3.6116,-4076.01,0
0.0586272,3509.9,5.96584,4.40324,0.700565,-1682.2,0
0.0651083,3509.81,6.04828,4.30419,1.85236,-2912.65,0
0.0716608,3509.78,6.29202,4.51266,0.701345,-3057.88,0
0.0781315,3509.66,6.40044,4.64505,1.7074,-4324.78,0
0.0846559,3509.62,6.37424,4.66138,2.21478,-4470.07,0
0.0911339,3509.52,6.37751,4.50541,3.52185,-5314.66,0
0.0976148,3509.51,6.49856,4.52185,2.27283,-5010.05,0
0.10408,3509.52,6.66885,4.41052,1.31152,-4651.94,0
0.110614,3509.51,6.73222,4.32867,1.20386,-4445.42,0
0.117126,3509.38,6.73074,4.11819,3.32425,-5317.62,0
0.123608,3509.41,6.6341,4.2576,2.33245,-4764,0
0.130104,3509.43,6.53518,4.286,1.94298,-4355.05,0
0.136628,3509.36,6.52949,4.4787,2.32876,-4714.36,0
0.143112,3509.27,6.50768,4.44948,3.18815,-5070.6,0
0.149625,3509.27,6.65934,4.48428,2.16651,-4898.22,0
0.156107,3509.26,6.62092,4.6724,1.63744,-4743.32,0
0.162605,3509.13,6.65727,4.64968,3.19183,-5324.38,0
0.16913,3509.15,6.86939,4.75735,1.31621,-5013.22,0
0.175654,3509.1,7.07995,5.03811,0.388901,-5104.07,0
0.182162,3509.03,6.90788,4.98983,2.08612,-5336.6,0
0.188693,3509.09,6.82138,5.14688,0.76323,-4833.89,0
0.195194,3509.03,6.82104,5.04088,1.7933,-4989.36,0
0.201664,3509.07,6.77632,4.80657,1.60628,-4597.87,0
0.208174,3508.94,6.90006,4.66258,3.17181,-5086.3,0
0.214682,3509.08,7.03663,4.63483,0.372369,-4300.99,0
0.221179,3508.98,6.83671,4.38566,2.93423,-4602.49,0
0.227726,3508.89,6.82092,4.40066,3.51216,-4894.84,0
0.234245,3509.04,6.73744,4.1897,1.22938,-4077.86,0
0.240695,3508.97,6.54511,4.41972,2.42307,-4289.59,0
0.247233,3508.83,6.63395,4.44354,3.23784,-4750.14,0
0.25377,3508.85,6.56279,4.37263,2.64373,-4532.8,0
0.260244,3508.78,6.44752,4.65595,3.04846,-4689.41,0
0.266752,3508.76,6.38785,4.72805,2.84646,-4656.65,0
0.273281,3508.69,6.43995,4.80483,3.14158,-4807.96,0
0.279779,3508.71,6.56321,4.6527,2.20331,-4614.24,0
0.286272,3508.66,6.63152,4.71391,2.06337,-4665.3,0
0.292799,3508.71,6.59252,4.64485,1.31401,-4400.21,0
0.299296,3508.7,6.54373,4.68697,1.39638,-4348.31,0
0.305757,3508.6,6.71853,4.5883,2.21491,-4567.98,0
0.312251,3508.63,6.53449,4.6315,2.00994,-4387.04,0
0.318717,3508.46,6.48198,4.66924,4.20194,-4835.47,0
0.325217,3508.41,6.56621,4.65548,3.82474,-4893.05,0
0.331766,3508.48,6.59214,4.57341,2.15324,-4585.15,0
0.338304,3508.2,6.78064,4.91077,4.24969,-5308.57,0
0.344818,3508.28,6.7214,5.07104,1.69834,-4985.27,0
0.351306,3508.32,6.63556,4.97531,1.46722,-4787.4,0
0.357806,3508.17,6.81381,5.10415,2.47183,-5112.51,0
0.364305,3508.1,6.84784,5.16946,2.6703,-5217.56,0
0.370802,3508.09,6.73839,5.35041,2.0737,-5153.04,0
0.377302,3508.01,6.79176,5.23219,2.89772,-5287.18,0
0.383774,3508.07,7.01907,5.11042,0.944242,-5026.89,0
0.390265,3508.09,7.08669,4.99545,0.486516,-4887.79,0
0.396788,3508.01,6.97128,4.72552,2.86421,-5009.9,0
0.403347,3507.92,6.91721,4.63916,3.93427,-5144.9,0
0.40982,3507.98,6.74527,4.59785,3.30472,-4923.2,0
0.416364,3507.92,6.69982,4.63412,3.82269,-5002.98,0
0.422853,3507.87,6.90457,4.66088,2.9226,-5035.54,0
0.429447,3507.94,6.85799,4.8442,1.2107,-4805.08,0
0.435933,3507.89,6.8181,4.84092,1.88586,-4847.02,0
0.442455,3507.82,6.75405,4.96902,2.46306,-4925.48,0
0.448967,3507.92,6.69442,5.01523,0.661504,-4630.95,0
0.455434,3507.88,6.74892,4.89377,1.31162,-4661.75,0
0.46193,3507.75,7.06641,4.92217,1.52496,-4870.26,0
0.46848,3507.64,7.04734,4.86381,3.17054,-5042.81,0
0.475009,3507.69,7.17735,5.05258,0.666468,-4868.71,0
0.481461,3507.6,7.00459,5.15878,2.44938,-4990.43,0
0.487965,3507.65,6.86162,5.09578,2.11551,-4816.59,0
0.494461,3507.54,6.9683,5.14698,2.67474,-4972.46,0
0.500968,3507.45,6.96592,5.26373,3.1947,-5088.84,0
0.507467,3507.42,6.98823,5.28342,3.07648,-5078.27,0
0.514011,3507.51,6.97946,5.2798,1.47597,-4850.71,0
0.520505,3507.36,7.28457,5.14693,2.56751,-5073.53,0
0.526994,3507.37,7.39689,4.98653,2.03737,-4991.28,0
0.533522,3507.32,7.27861,5.04039,2.96141,-5016.31,0
0.540046,3507.28,7.27172,5.18867,2.65283,-5029.35,0
0.546562,3507.19,7.28285,5.15669,3.60295,-5140.3,0
0.553066,3507.17,7.27301,5.05818,3.45718,-5108.2,0
0.559588,3507.14,7.29203,5.03454,3.2357,-5118.94,0
0.566091,3507.23,7.0632,5.11732,2.15501,-4898.23,0
0.572585,3507.08,7.36529,5.24743,2.33913,-5095.9,0
0.579092,3506.93,7.35577,5.29446,3.98834,-5306,0
0.585618,3507.09,7.30912,5.19341,1.30215,-4965.3,0
0.59214,3506.95,7.30481,5.06199,3.71541,-5150.52,0
0.59865,3507.02,7.19111,5.03571,2.50262,-4972.94,0
0.605188,3507.06,7.02045,4.99292,2.25955,-4862.88,0
0.61167,3507.19,7.16686,4.56803,0.500613,-4594.51,0
0.618132,3506.95,7.16966,4.67515,3.7383,-4935.52,0
0.624644,3507.02,7.21927,4.62203,1.67832,-4772.63,0
0.631166,3506.98,7.3887,4.33194,2.18377,-4789.29,0
0.637753,3506.9,7.41888,4.41357,2.54971,-4854.04,0
0.644225,3506.71,7.57727,4.52627,4.11158,-5109.13,0
0.650763,3506.6,7.54508,4.5302,4.62349,-5227.59,0
0.657245,3506.74,7.49552,4.5202,1.76577,-4960.61,0
0.663786,3506.62,7.55557,4.80478,2.02201,-5091.26,0
0.67026,3506.69,7.55141,4.67758,0.991293,-4938.61,0
0.676761,3506.55,7.53448,4.89122,2.28547,-5101.52,0
0.683319,3506.65,7.21957,5.1106,1.00874,-4903.73,0
0.689803,3506.54,7.42185,5.10576,1.22087,-5009.36,0
0.696293,3506.48,7.49194,5.17053,1.58247,-5061.52,0
0.702817,3506.31,7.57131,5.22283,3.29569,-5243.67,0
0.709261,3506.46,7.53617,5.00339,1.49941,-4991.75,0
0.715771,3506.23,7.60344,4.91976,4.40605,-5272.08,0
0.722302,3506.39,7.47597,4.75557,2.32798,-4995.19,0
0.728824,3506.29,7.33836,4.73517,4.50004,-5096.85,0
0.735337,3506.36,7.57016,4.93928,0.425296,-4947.39,0
0.741862,3506.31,7.45119,4.99921,1.3817,-4969.53,0
0.748328,3506.29,7.38102,4.721,2.82752,-4960.75,0
0.754828,3506.28,7.30021,4.74486,2.86783,-4934.45,0
0.761336,3506.15,7.49659,4.88994,2.77544,-5058.66,0
0.767837,3506.15,7.48164,4.791,2.49848,-5018.76,0
0.774344,3506.14,7.53719,4.83693,1.42815,-4982.32,0
0.780816,3506.11,7.34965,4.95539,2.43457,-4988.09,0
0.787292,3506.1,7.22053,4.91048,3.13351,-4950.38,0
0.793805,3506.09,7.16345,4.84429,3.22162,-4925.98,0
0.800343,3506.11,7.37004,4.70913,1.71125,-4860.51,0
0.806896,3506.12,7.48652,4.39196,1.59513,-4803.61,0
0.813408,3506.04,7.69315,4.21484,2.15793,-4870.5,0
0.81991,3506.12,7.68449,4.15198,0.744137,-4737.11,0
0.826364,3506.02,7.76256,4.36308,0.91686,-4818.79,0
0.832894,3506.02,7.70249,4.31417,1.17476,-4774.88,0
0.839417,3505.94,7.74528,4.15323,2.62104,-4838.27,0
0.845874,3505.94,7.62871,4.17425,2.79984,-4796.32,0
0.85242,3505.96,7.57549,4.10593,2.20561,-4736.41,0
0.858922,3505.82,7.56643,4.083,4.31439,-4872.01,0
0.865434,3505.99,7.42982,3.95214,1.74364,-4639.11,0
0.87195,3505.79,7.62046,3.92482,3.47977,-4831.84,0
0.878521,3505.78,7.66585,3.79353,3.35064,-4807.39,0
0.885041,3505.71,7.74769,3.84184,3.02101,-4845.91,0
0.891531,3505.54,8.00394,3.91281,3.49318,-5005.48,0
0.898013,3505.46,8.01799,3.8665,3.9407,-5056.59,0
0.904544,3505.49,8.05613,3.97392,1.89887,-4983.8,0
0.911037,3505.43,7.99553,3.87547,3.10336,-5012.24,0
0.917543,3505.34,7.93549,3.89669,4.37452,-5083.55,0
0.9241,3505.38,7.79859,4.00151,3.3722,-4995.08,0
0.930634,3505.43,7.72987,4.06148,2.33297,-4905.69,0
0.937135,3505.43,7.69556,4.07667,2.07301,-4878.12,0
0.943625,3505.35,7.7805,4.15959,1.99247,-4923.2,0
0.95016,3505.32,7.71704,4.18124,2.65085,-4925.99,0
0.956666,3505.28,7.7454,4.25096,2.07856,-4929.59,0
0.963203,3505.39,7.68398,4.26133,0.113882,-4789.18,0
0.969679,3505.33,7.44454,4.21379,2.6035,-4815.6,0
0.976201,3505.33,7.37974,4.07772,3.10788,-4786.09,0
0.982697,3505.41,7.26177,3.98446,2.38451,-4666.88,0
0.989214,3505.39,7.12935,4.12149,2.68105,-4656.54,0
0.995688,3505.3,7.02025,4.23726,4.12943,-4715.61,0
1.00217,3505.38,6.90189,4.20731,2.73332,-4611.64,0
1.00864,3505.28,7.09775,4.57098,1.30613,-4682.19,0
1.01513,3505.14,7.01005,4.60988,3.98209,-4790.43,0
1.02162,3505.12,6.98947,4.71177,3.21382,-4776.96,0
1.02816,3505.13,7.16381,4.64137,1.55214,-4732.55,0
1.03468,3505.12,7.25803,4.40642,1.88859,-4715.16,0
1.0412,3505.23,7.22842,4.16417,0.674059,-4576.69,0
1.04772,3505.26,7.12258,4.03826,1.25489,-4525.78,0
1.05425,3505.32,6.82433,4.04844,1.69075,-4435.16,0
1.06076,3505.28,7.10761,3.84106,1.2396,-4453.69,0
1.06722,3505.26,7.10908,4.02756,0.592429,-4440.24,0
1.07368,3505.12,7.17107,3.94063,2.89323,-4543.33,0
1.08018,3505.08,7.20897,4.12116,2.33124,-4550.38,0
1.0867,3504.99,7.32362,3.95173,3.35643,-4614.52,0
1.09319,3504.94,7.46948,3.95437,2.30645,-4630.93,0
1.09969,3504.88,7.51974,3.95137,2.53356,-4653.42,0
1.10619,3505.05,7.21538,3.98569,1.22457,-4473.57,0
1.11268,3505.02,7.20062,4.23235,0.737796,-4477.29,0
1.11915,3504.76,7.26765,4.47363,3.70733,-4681.8,0
1.1257,3504.75,7.2463,4.46984,3.17582,-4661.57,0
1.13221,3504.92,6.91538,4.49403,1.63538,-4483.75,0
1.13869,3504.85,7.0689,4.49433,1.7449,-4522.29,0
1.14517,3504.76,7.22159,4.647,0.982642,-4571.62,0
1.15163,3504.76,7.11903,4.50929,1.99698,-4549.1,0
1.15812,3504.65,7.32423,4.3271,3.07595,-4615.57,0
1.16467,3504.6,7.42019,4.29559,2.95274,-4635.55,0
1.17119,3504.61,7.40738,4.54749,1.15244,-4601.91,0
1.17773,3504.61,7.16913,4.6384,2.1857,-4578.24,0
1.18423,3504.54,7.13053,4.79916,2.58539,-4608.26,0
1.19073,3504.45,7.25722,4.77852,2.71465,-4662.97,0
1.19722,3504.45,7.15721,4.72207,3.3544,-4638.99,0
1.20373,3504.37,7.20054,4.72893,3.66518,-4681.16,0
1.21021,3504.53,6.9932,4.91365,0.657944,-4520.91,0
1.21667,3504.34,6.88675,4.91397,4.46603,-4651.43,0
1.22317,3504.33,6.81861,4.84311,3.98378,-4631.55,0
1.22968,3504.3,6.7414,4.78052,4.25744,-4639.12,0
1.23619,3504.3,6.75907,4.76349,3.08842,-4609.02,0
1.24262,3504.34,6.75556,4.96473,0.623701,-4553.69,0
1.24912,3504.24,6.77264,4.81858,2.94107,-4612.06,0
1.25561,3504.37,6.77989,4.48772,1.62111,-4486.7,0
1.26214,3504.4,6.63504,4.432,1.99546,-4438.54,0
1.26863,3504.47,6.50249,4.49003,0.927541,-4362.83,0
1.27512,3504.47,6.4687,4.29017,1.86554,-4336.75,0
1.28159,3504.47,6.68381,4.03478,1.22361,-4317.13,0
1.28809,3504.43,6.52384,4.17193,2.14609,-4326.18,0
1.29463,3504.45,6.47401,4.08806,2.12931,-4286.38,0
1.30111,3504.29,6.67644,4.18883,2.99776,-4391.8,0
1.30766,3504.16,6.90642,4.35421,2.35807,-4462.75,0
1.31417,3504.22,6.78832,4.39912,1.36525,-4396.75,0
1.32071,3504,6.78077,4.57167,4.19949,-4540.86,0
1.32724,3503.96,6.76425,4.52157,4.2241,-4552.73,0
1.33375,3504.02,6.85168,4.49729,1.76069,-4482.22,0
1.34027,3504,6.7583,4.7222,1.18136,-4474.83,0
1.34676,3503.94,6.74132,4.54771,2.97116,-4497.14,0
1.35326,3503.95,6.77394,4.51207,2.23199,-4471.49,0
1.3598,3503.95,6.88779,4.62176,0.456478,-4449.2,0
1.3663,3503.88,6.8283,4.66937,1.87448,-4479.9,0
1.37283,3503.87,6.79148,4.74021,1.88824,-4468.85,0
1.37936,3503.84,6.90974,4.60976,1.9662,-4466.12,0
1.38587,3503.81,6.87607,4.58862,2.40948,-4463.67,0
1.39232,3503.68,6.76924,4.66752,4.72905,-4541.38,0
1.39884,3503.65,6.66444,4.70396,4.3346,-4537.93,0
1.40534,3503.55,6.66705,4.76271,4.42628,-4591.31,0
1.41185,3503.68,6.65369,4.7876,0.905404,-4476.32,0
1.41835,3503.61,6.73672,4.70126,1.82625,-4502.31,0
1.42484,3503.63,6.6336,4.58122,2.64449,-4467.58,0
1.43133,3503.45,6.67948,4.64046,4.77804,-4577.46,0
1.43784,3503.45,6.63889,4.65523,3.64098,-4552.52,0
1.44439,3503.47,6.44278,4.93592,2.87681,-4520.44,0
1.45092,3503.38,6.58831,4.94207,2.87346,-4560.17,0
1.45742,3503.31,6.65793,4.90915,3.30009,-4589.59,0
1.46391,3503.37,6.72271,4.76997,1.90278,-4526.36,0
1.4704,3503.33,6.75716,4.93369,1.24055,-4539.16,0
1.47695,3503.39,6.63625,4.91768,0.905927,-4478.77,0
1.48348,3503.39,6.55433,4.71409,2.49612,-4454.07,0
1.48998,3503.27,6.37033,4.83709,4.93485,-4513.8,0
1.49649,3503.23,6.3817,4.84643,4.33215,-4524.84,0
1.50299,3503.26,6.47233,4.83631,2.14978,-4484.4,0
1.50949,3503.44,6.07642,4.83581,1.30574,-4344.47,0
1.51602,3503.36,6.09508,4.8597,2.43203,-4380.73,0
1.52254,3503.46,6.06709,4.58265,1.81484,-4295.27,0
1.52906,3503.57,5.86079,4.47762,1.3858,-4204.87,0
1.53554,3503.62,5.79408,4.42594,1.04178,-4158.14,0
1.54206,3503.47,5.82779,4.33268,3.6735,-4233.07,0
1.54856,3503.41,5.83343,4.29753,4.09571,-4254.11,0
1.55505,3503.46,5.9163,4.3061,0.416027,-4208.13,0
1.56153,3503.35,6.13049,4.22724,0.73872,-4256.65,0
1.56803,3503.36,5.9936,4.07848,2.08214,-4232.88,0
1.57453,3503.23,5.94344,4.05407,4.55318,-4301.87,0
1.58108,3503.21,5.93503,3.96367,4.3752,-4291.43,0
1.58759,3503.34,5.95344,3.73721,1.85804,-4192.91,0
1.59411,3503.37,5.89114,3.72077,1.499,-4160.97,0
1.6006,3503.38,5.66591,3.65016,3.05338,-4134.66,0
1.60711,3503.39,5.44847,3.60712,4.57227,-4114.52,0
1.61362,3503.32,5.33354,3.56997,5.45815,-4138.39,0
1.62015,3503.25,5.36719,3.54975,5.49958,-4169.17,0
1.62664,3503.27,5.28605,3.51959,3.79644,-4138.68,0
1.63315,3503.4,5.1899,3.44202,1.58954,-4041.96,0
1.63967,3503.45,5.08173,3.33892,1.50751,-3993.13,0
1.64617,3503.37,4.99631,3.40868,3.35133,-4030.49,0
1.6527,3503.34,4.98077,3.37973,3.17742,-4032.76,0
1.65918,3503.32,4.89479,3.35609,3.8637,-4023.38,0
1.66574,3503.31,4.83049,3.44294,3.63427,-4017.72,0
1.67221,3503.31,4.91668,3.40881,2.35598,-3998.39,0
1.67874,3503.3,4.77811,3.33658,3.86623,-3993.39,0
1.6853,3503.27,4.73542,3.45363,3.56107,-3992.38,0
1.69182,3503.28,4.8392,3.51253,1.39199,-3973.1,0
1.69832,3503.32,4.7775,3.37603,1.51553,-3933.37,0
1.70485,3503.27,4.75988,3.15169,3.96746,-3947.14,0
1.71135,3503.14,4.66327,3.16601,6.28374,-4006.63,0
1.71785,3503.1,4.57126,3.31548,4.82147,-4019.04,0
1.72439,3503.14,4.69657,3.31048,1.65384,-3976.19,0
1.7309,3503.03,4.7467,3.3944,3.30023,-4028.9,0
1.73745,3503.17,4.66594,3.23184,0.90377,-3929.7,0
1.74396,3503.04,4.64182,3.09022,4.66089,-3989.26,0
1.75046,3503.08,4.62217,3.13356,2.80972,-3953.1,0
1.75694,3503,4.79249,3.00742,3.74327,-3985.21,0
1.76348,3503,4.90909,2.83229,2.43033,-3970.86,0
1.76995,3502.98,4.83643,2.84764,3.06783,-3965.5,0
1.77646,3502.99,4.89515,2.87118,1.40463,-3944.55,0
1.78295,3502.93,4.92249,2.9329,1.93026,-3967.06,0
1.78943,3502.9,4.83409,2.88213,3.58151,-3969.56,0
1.79591,3503.01,4.57805,2.852,3.08542,-3891.32,0
1.80242,3502.92,4.7012,2.80608,3.90817,-3925.87,0
1.80899,3502.95,4.72266,2.90666,1.57989,-3896.82,0
1.81551,3502.93,4.66884,2.9964,1.46021,-3894.91,0
1.82203,3502.81,4.64722,3.04231,3.65272,-3944.06,0
1.82853,3502.81,4.5749,3.13181,3.10591,-3930.09,0
1.83508,3502.77,4.54695,3.09236,3.73611,-3939.05,0
1.84159,3502.62,4.5152,3.07701,5.79942,-4004.86,0
1.84813,3502.6,4.49953,2.9764,4.67143,-4003.93,0
1.85463,3502.66,4.73255,2.88555,0.29557,-3956.57,0
1.86117,3502.67,4.60398,2.9474,0.746807,-3940.67,0
1.86765,3502.58,4.60539,3.0627,1.92976,-3973.78,0
1.87414,3502.5,4.70879,2.8979,3.81555,-4002.04,0
1.88063,3502.6,4.74599,2.77298,0.834453,-3934.75,0
1.8871,3502.39,4.92675,3.00367,2.60782,-4031.69,0
1.8936,3502.33,4.91128,2.98073,3.65381,-4051.14,0
1.9001,3502.26,4.83111,2.92823,4.94233,-4074.59,0
1.90663,3502.29,4.90403,2.98905,1.42266,-4045.93,0
1.91314,3502.21,4.84694,3.11465,2.77597,-4071.99,0
1.91964,3502.05,4.98339,3.08847,4.82426,-4141.06,0
1.92621,3502.02,4.94875,3.04797,3.9038,-4142.88,0
1.93269,3501.94,5.01085,3.10226,3.64612,-4171.69,0
1.93921,3501.84,5.10238,3.03447,4.54663,-4208.82,0
1.94582,3501.82,5.12995,3.17214,2.69275,-4203.43,0
1.95234,3501.93,4.93627,2.99768,3.18782,-4131.53,0
1.9588,3501.91,4.86541,2.98513,4.0386,-4132.57,0
1.9653,3502,4.76589,3.00446,2.0747,-4072.18,0
1.97178,3501.96,4.7548,2.79672,4.39929,-4076.17,0
1.97829,3501.99,4.88101,2.73298,1.87726,-4050.15,0
1.98477,3502.1,4.8048,2.59709,0.193388,-3979.9,0
1.99131,3502,4.94143,2.57148,0.757081,-4017.71,0
1.99779,3501.92,4.84819,2.62261,3.48764,-4045.13,0
2.00426,3501.98,4.71322,2.56253,3.72317,-4003.26,0
2.0107,3501.95,4.92062,2.46811,1.89984,-4004.87,0
2.01721,3502.01,4.92285,2.32662,0.483396,-3958.9,0
2.02373,3501.95,5.05012,2.22238,1.08269,-3979.46,0
2.03028,3501.89,5.03709,2.1648,2.30079,-3993.1,0
2.0368,3501.88,5.04794,1.96536,3.27812,-3986.78,0
2.0433,3501.84,5.04024,1.84461,4.50838,-3995.24,0
2.04984,3501.77,5.02161,1.91403,3.98523,-4013.82,0
2.05635,3501.81,5.01364,1.88975,2.74055,-3983.51,0
2.06286,3501.73,5.03274,1.86779,4.50726,-4011.14,0
2.06934,3501.76,4.929,1.93191,3.88842,-3981.81,0
2.07588,3501.69,5.09774,1.81532,3.53819,-4004.73,0
2.08238,3501.72,5.04855,1.8766,1.37239,-3974.52,0
2.0889,3501.72,5.11129,1.8056,0.222481,-3962.17,0
2.09542,3501.58,5.09101,1.8419,3.96261,-4019.66,0
2.10195,3501.51,5.27667,2.01676,1.29353,-4037.41,0
2.10847,3501.51,5.10891,1.83098,4.1199,-4027.39,0
2.11494,3501.41,5.0445,1.90906,5.79707,-4062.71,0
2.12143,3501.39,5.06964,2.01983,3.43063,-4060.58,0
2.1279,3501.45,4.97296,2.13583,1.87958,-4018.45,0
2.13444,3501.27,5.19832,2.09139,3.46309,-4090.33,0
2.14092,3501.2,5.28917,2.0756,3.24298,-4110.22,0
2.14742,3501.24,5.3329,1.94705,1.70704,-4080.23,0
2.15393,3501.24,5.2597,1.92371,2.47974,-4065.27,0
2.16039,3501.25,5.1846,2.13439,1.73127,-4050.91,0
2.16691,3501.27,5.22025,2.007,0.986381,-4028.59,0
2.17344,3501.39,5.00397,2.04277,0.608631,-3962.86,0
2.17997,3501.27,4.95114,2.07287,4.26371,-4003.4,0
2.1865,3501.34,4.80992,1.90038,5.35956,-3962.41,0
2.19303,3501.31,4.90391,1.89167,3.13385,-3960.91,0
2.19951,3501.34,4.80627,1.94729,2.89287,-3936.09,0
2.206,3501.23,4.90467,1.9063,4.31261,-3975.89,0
2.21249,3501.32,4.956,1.69418,1.25719,-3924.23,0
2.21902,3501.25,4.96903,1.60642,2.90272,-3943.44,0
2.22555,3501.41,4.75188,1.60647,1.34158,-3861.09,0
2.23211,3501.53,4.40901,1.49672,3.67183,-3795.47,0
2.2386,3501.46,4.52913,1.65954,2.33947,-3815.31,0
2.24515,3501.41,4.5666,1.70959,2.07746,-3824.1,0
2.2517,3501.25,4.54647,1.60855,6.41611,-3884.78,0
2.25819,3501.12,4.58188,1.67339,6.6214,-3930.76,0
2.26469,3501.25,4.52386,1.70253,0.670575,-3864.11,0
2.27121,3501.19,4.44217,1.75449,3.24823,-3878.46,0
2.2777,3501.18,4.51665,1.68479,2.19761,-3870.96,0
2.28422,3501.17,4.61017,1.51524,1.50107,-3867.52,0
2.29071,3501.04,4.78727,1.38952,2.26313,-3909.36,0
2.29723,3500.94,4.85418,1.5118,3.39705,-3945.74,0
2.30374,3500.9,4.86801,1.60628,2.93891,-3948.4,0
2.31028,3500.76,4.85185,1.72736,6.11378,-3998.96,0
2.31677,3500.83,4.8533,1.77895,1.22102,-3959.77,0
2.32327,3500.8,4.79209,1.68906,3.62984,-3961.06,0
2.32978,3500.76,4.82801,1.70643,3.4854,-3965.09,0
2.3363,3500.74,4.72778,1.62892,5.84275,-3963.44,0
2.34283,3500.71,4.68343,1.54,5.86926,-3963.37,0
2.34936,3500.61,4.66684,1.63924,5.9942,-3996.81,0
2.35587,3500.74,4.59271,1.57808,2.44474,-3928.92,0
2.36237,3500.68,4.59375,1.66509,2.85319,-3943.43,0
2.36894,3500.64,4.72406,1.63282,1.70213,-3953.13,0
2.37545,3500.6,4.82493,1.50012,1.18918,-3956.19,0
2.38196,3500.46,4.94697,1.5641,2.40003,-4004.46,0
2.38849,3500.39,4.93081,1.68518,3.67989,-4025.34,0
2.39494,3500.3,5.00375,1.69087,3.91019,-4049.82,0
2.40144,3500.27,4.93707,1.62486,5.58895,-4052.34,0
2.408,3500.23,5.0716,1.82374,1.48177,-4058.78,0
2.41456,3500.12,5.1671,1.59535,3.96281,-4092.11,0
2.42108,3500.13,5.11822,1.76937,2.72708,-4074.66,0
2.42757,3500.24,5.01416,1.8026,0.948115,-4019.96,0
2.43411,3500.27,4.90151,1.79183,2.30068,-3998.99,0
2.44063,3500.24,4.88602,1.70883,3.57371,-3997.94,0
2.44713,3500.14,4.84857,1.75885,4.92288,-4028.75,0
2.45359,3500.15,4.84732,1.83259,2.63491,-4013.3,0
2.46009,3500.03,4.9799,2.0623,0.764033,-4052.11,0
2.46657,3500.01,4.87873,2.08714,2.40471,-4048.28,0
2.47308,3500.08,4.89316,1.90027,1.46096,-4013,0
2.47958,3499.99,4.91312,1.82395,4.3376,-4038.93,0
2.4861,3500.04,4.94654,1.57042,2.78883,-4006.67,0
2.49262,3500.02,4.91503,1.7255,2.18606,-4002.49,0
2.49917,3499.88,4.81038,1.79345,6.33369,-4047.99,0
2.50572,3499.94,4.73685,1.82536,4.25563,-4014.94,0
2.51224,3500,4.71313,1.79938,1.4338,-3981.74,0
2.51872,3499.95,4.69935,1.78785,3.22579,-3990.8,0
2.52518,3499.85,4.64166,1.69289,5.75193,-4018.86,0
2.5317,3499.91,4.59587,1.72719,2.85223,-3987.18,0
2.5382,3500.01,4.50663,1.53292,2.69947,-3935.3,0
2.54471,3499.98,4.4999,1.59913,2.92178,-3937.78,0
2.5512,3500.04,4.32476,1.61901,4.09225,-3902.7,0
2.55768,3500.06,4.35264,1.74685,1.1391,-3887.53,0
2.56419,3499.96,4.25596,1.81019,4.38794,-3915.94,0
2.5707,3499.86,4.27306,1.78555,5.83174,-3944.19,0
2.57722,3499.85,4.2721,1.79813,4.04581,-3938.02,0
2.58371,3499.87,4.25753,1.7462,2.6466,-3919.02,0
2.59022,3499.79,4.25336,1.96911,2.72516,-3940.01,0
2.59673,3499.82,4.24481,1.84885,2.9168,-3919.96,0
2.60324,3499.76,4.36033,1.90141,1.07725,-3933.52,0
2.60969,3499.8,4.24316,1.82047,2.92442,-3906.72,0
2.61621,3499.8,4.23644,1.89505,1.54514,-3899.38,0
2.62274,3499.64,4.25553,1.98525,4.75223,-3948.25,0
2.62927,3499.6,4.32206,1.94881,4.35943,-3955.06,0
2.63579,3499.62,4.34232,1.7948,3.80071,-3937.96,0
2.64229,3499.58,4.30643,1.71636,5.86375,-3943.11,0
2.64879,3499.55,4.36055,1.7695,3.77355,-3944.24,0
2.65528,3499.58,4.43525,1.49874,2.8265,-3923.25,0
2.66179,3499.55,4.38077,1.6904,3.13661,-3925.75,0
2.6683,3499.64,4.24878,1.80816,1.66992,-3882.74,0
2.67479,3499.59,4.04066,2.01443,5.33227,-3892.89,0
2.68129,3499.54,3.98842,1.97278,6.47449,-3901.08,0
2.68783,3499.41,4.06264,2.22034,3.01634,-3938.54,0
2.69432,3499.38,4.14753,2.12103,2.6958,-3942.24,0
2.70081,3499.29,4.17008,2.14777,4.49287,-3964.58,0
2.70727,3499.18,4.13413,2.13293,5.8475,-3995.99,0
2.71381,3499.17,4.2008,2.152,2.33499,-3989.71,0
2.7203,3499.14,4.0878,2.17862,5.22689,-3990.7,0
2.72677,3499.11,4.04443,2.06989,5.66734,-3994.7,0
2.73329,3499.02,4.15554,2.0979,3.4553,-4017.4,0
2.73977,3498.86,4.42068,2.06405,1.47182,-4067.26,0
2.74626,3498.97,4.31246,1.96239,1.63924,-4017.16,0
2.75281,3499.05,4.06186,2.24125,1.22071,-3977.55,0
2.75929,3498.95,4.05241,2.27605,3.90567,-4005.09,0
2.76576,3498.95,3.99751,2.19192,5.42776,-3994.45,0
2.77224,3498.86,4.03066,2.22834,4.92427,-4019.53,0
2.77872,3498.91,3.87917,2.5141,1.56552,-3990.39,0
2.78523,3498.81,3.81227,2.66926,3.61048,-4016.5,0
2.79171,3498.96,3.62212,2.69994,2.4948,-3956.12,0
2.79817,3498.87,3.58323,2.74217,5.07136,-3976.36,0
2.80466,3498.87,3.61175,2.76624,3.32082,-3967.76,0
2.81117,3498.82,3.52698,2.78669,5.3901,-3976.44,0
2.81769,3498.72,3.5832,2.84069,5.00615,-4002.07,0
2.82419,3498.7,3.52962,2.84002,5.33046,-4000.32,0
2.83065,3498.69,3.5787,2.82595,3.22005,-3994.27,0
2.83718,3498.7,3.69533,2.61844,3.42723,-3984.11,0
2.84369,3498.63,3.64062,2.60202,5.95954,-3998.85,0
2.8502,3498.56,3.57643,2.66796,6.53373,-4014.77,0
2.85673,3498.58,3.52395,2.57951,5.70121,-3998.06,0
2.86321,3498.62,3.49408,2.6472,1.88456,-3974.24,0
2.8697,3498.51,3.48811,2.66052,5.06884,-4004.49,0
2.87621,3498.57,3.47374,2.6665,0.889357,-3974.62,0
2.8827,3498.51,3.45011,2.7366,1.56152,-3984.57,0
2.88922,3498.45,3.52741,2.69101,1.38232,-3998.89,0
2.89569,3498.47,3.64155,2.50971,0.603448,-3983.14,0
2.90223,3498.44,3.45808,2.57959,4.88806,-3982.45,0
2.90876,3498.43,3.47925,2.62708,2.3285,-3976.77,0
2.91526,3498.43,3.40996,2.50736,6.17206,-3967.69,0
2.92176,3498.57,3.3308,2.45703,3.03187,-3913.03,0
2.9283,3498.54,3.40947,2.42798,0.717169,-3914.57,0
2.93481,3498.38,3.3072,2.51691,5.81804,-3958.08,0
2.94132,3498.46,3.28519,2.35448,5.40311,-3922.5,0
2.94784,3498.43,3.25135,2.32846,4.43469,-3923.46,0
2.95431,3498.42,3.25561,2.30947,4.34365,-3921.27,0
2.96082,3498.28,3.32198,2.40696,4.32877,-3958.1,0
2.96736,3498.21,3.36246,2.42851,3.39942,-3973.98,0
2.97386,3498.25,3.31658,2.27863,5.60531,-3951.14,0
2.98035,3498.15,3.45235,2.35515,1.4266,-3977.17,0
2.9869,3498.22,3.38108,2.29647,1.30743,-3943.11,0
2.99341,3498.23,3.4289,2.08453,3.91439,-3932,0
2.99996,3498.29,3.36658,2.01485,4.25947,-3904.58,0
3.0065,3498.2,3.34057,2.0848,4.62267,-3923.25,0
3.01303,3498.15,3.28116,2.29803,3.26259,-3933.4,0
3.01956,3498.24,3.08012,2.41438,3.3827,-3894.77,0
3.02606,3498.22,3.19649,2.2655,3.36747,-3894.14,0
3.03257,3498.38,3.1252,2.15611,1.38458,-3830.28,0
3.03905,3498.33,3.09654,2.11872,4.93956,-3840.41,0
3.04554,3498.39,3.09483,1.97821,5.27984,-3810.91,0
3.05203,3498.39,3.08348,1.97487,4.76416,-3805.23,0
3.05851,3498.38,3.01389,2.05293,4.843,-3798.57,0
3.06496,3498.51,2.87155,1.99071,5.01789,-3748.08,0
3.07148,3498.45,2.84111,2.14339,3.58128,-3761.35,0
3.07798,3498.38,2.83223,2.34558,0.232287,-3776.01,0
3.08446,3498.49,2.74589,2.16078,3.51191,-3733.14,0
3.09095,3498.49,2.60038,2.21606,5.8601,-3724.65,0
3.09748,3498.46,2.63662,2.28265,1.37135,-3726.24,0
3.10398,3498.39,2.67905,2.31673,1.4928,-3740.97,0
3.11047,3498.27,2.76513,2.29743,2.88168,-3772.36,0
3.11697,3498.05,2.77288,2.5767,2.24916,-3835.43,0
3.1235,3498.09,2.78699,2.4401,3.27918,-3814.04,0
3.13,3498.01,2.78089,2.3185,7.64037,-3831.61,0
3.13651,3497.99,2.73827,2.30021,5.45041,-3829.57,0
3.143,3498,2.65444,2.42816,2.66065,-3817.89,0
3.14951,3497.9,2.55,2.485,7.49852,-3843.42,0
3.15608,3497.84,2.4808,2.52118,5.66236,-3853.28,0
3.16259,3497.88,2.42612,2.46206,4.24888,-3832.1,0
3.1691,3497.92,2.34307,2.42972,4.58819,-3811,0
3.17562,3497.89,2.2921,2.46731,4.96531,-3813.84,0
3.18217,3497.93,2.25151,2.45568,2.0399,-3793.48,0
3.18872,3497.83,2.20357,2.47109,5.57552,-3816.63,0
3.19522,3497.82,2.15828,2.54155,3.36208,-3811.83,0
3.20176,3497.8,1.96188,2.69415,3.27705,-3809.33,0
3.20828,3497.57,2.00804,2.84628,4.14665,-3873.21,0
3.21478,3497.62,2.08897,2.72858,3.60536,-3849.5,0
3.22135,3497.59,2.1134,2.67384,3.71379,-3853.22,0
3.22779,3497.57,2.05793,2.76397,1.48362,-3851.8,0
3.23434,3497.69,2.054,2.63868,0.827935,-3806.84,0
3.24083,3497.67,2.00052,2.6225,3.86004,-3805.01,0
3.24733,3497.72,2.08031,2.50445,3.20438,-3780.75,0
3.25378,3497.59,2.0884,2.46854,8.10869,-3815.23,0
3.26035,3497.6,2.01696,2.44309,6.0749,-3804.59,0
3.26687,3497.69,2.08423,2.37522,0.740827,-3769.1,0
3.27339,3497.65,2.23152,2.13863,6.08881,-3771.56,0
3.27993,3497.56,2.25052,2.1577,6.81424,-3791.6,0
3.28637,3497.69,2.16478,2.16182,2.64471,-3745.98,0
3.29291,3497.73,2.14555,2.14688,1.7856,-3727.46,0
3.29943,3497.74,2.2352,2.0306,1.60498,-3715.87,0
3.30598,3497.74,2.03199,2.16052,4.31549,-3709.78,0
3.31248,3497.63,2.13382,2.2243,0.919765,-3733.26,0
3.31894,3497.57,2.08076,2.21937,4.03028,-3744.35,0
3.32545,3497.66,2.03583,2.21397,1.51511,-3711.32,0
3.33193,3497.75,1.98084,2.1312,3.14102,-3676.54,0
3.33841,3497.84,2.01135,1.97312,3.87365,-3642.72,0
3.34491,3497.81,2.03251,1.98245,2.85247,-3642.94,0
3.3514,3497.85,1.98799,1.94777,2.66422,-3626.65,0
3.35792,3497.85,1.90074,1.87718,4.64517,-3619.23,0
3.36445,3497.82,1.80847,1.83915,8.89085,-3619.2,0
3.37092,3497.85,1.85608,1.86495,0.607386,-3603.64,0
3.3774,3497.87,1.82927,1.70285,8.2667,-3591.58,0
3.38385,3497.85,1.79692,1.67776,7.67037,-3590.25,0
3.39037,3497.81,1.80778,1.691,6.16326,-3596.88,0
3.3969,3497.88,1.72698,1.59425,8.03446,-3567.31,0
3.40345,3497.87,1.78311,1.55556,4.99461,-3563.3,0
3.40993,3497.76,1.7765,1.67063,4.22878,-3589.52,0
3.41642,3497.72,1.85046,1.59601,3.51899,-3593.83,0
3.42291,3497.55,1.84595,1.6896,7.32967,-3637.39,0
3.42943,3497.5,1.83899,1.69768,7.49564,-3645.75,0
3.43593,3497.51,1.88488,1.68879,1.551,-3634.57,0
3.44248,3497.48,1.85182,1.63616,5.52296,-3636.22,0
3.44899,3497.56,1.79414,1.59791,5.6409,-3608.21,0
3.45546,3497.57,1.70039,1.63955,4.29891,-3597.95,0
3.46197,3497.44,1.73587,1.67079,4.0644,-3629.15,0
3.46846,3497.5,1.7242,1.58837,4.05812,-3602.58,0
3.47496,3497.41,1.78726,1.55466,6.18408,-3622.27,0
3.48145,3497.45,1.76817,1.46505,9.05855,-3605.8,0
3.48793,3497.31,1.84791,1.50538,3.75757,-3638.98,0
3.49444,3497.28,1.76698,1.59892,1.60994,-3639.59,0
3.50098,3497.35,1.55358,1.74517,1.30154,-3613.45,0
3.50748,3497.37,1.51699,1.69654,4.95328,-3599.57,0
3.51397,3497.48,1.29072,1.77911,5.50628,-3562.49,0
3.52053,3497.46,1.27123,1.82791,3.06253,-3562.38,0
3.52702,3497.4,1.31142,1.7561,5.76508,-3571.86,0
3.53354,3497.37,1.28839,1.67062,8.1078,-3573.32,0
3.54004,3497.31,1.33144,1.68389,4.03174,-3584.61,0
3.54655,3497.35,1.33436,1.64178,3.00374,-3567.31,0
3.55308,3497.31,1.24894,1.61372,8.33833,-3570.76,0
3.55956,3497.33,1.2149,1.56608,6.90406,-3558.19,0
3.56605,3497.45,1.13139,1.58657,2.71682,-3520.01,0
3.5726,3497.52,1.12523,1.51202,2.1453,-3492.97,0
3.5791,3497.43,1.13741,1.43632,9.656,-3511.19,0
3.58564,3497.49,1.04382,1.46437,6.58598,-3490.27,0
3.59215,3497.44,1.05209,1.48678,1.46646,-3497.28,0
3.59867,3497.43,1.10145,1.38857,6.36843,-3492.86,0
3.60517,3497.22,1.31255,1.37561,1.82908,-3545.19,0
3.61166,3497.22,1.19021,1.36642,9.51244,-3537.17,0
3.61813,3497.24,1.18525,1.27749,10.6928,-3527.7,0
3.62466,3497.31,1.15734,1.28048,5.0103,-3502.13,0
3.63113,3497.3,1.10811,1.25165,8.81621,-3498.28,0
3.63767,3497.24,0.986047,1.1597,4.6531,-3507.7,0
3.64415,3497.31,0.987361,1.10906,2.7665,-3482.04,0
3.65065,3497.25,0.981107,1.00803,3.90743,-3492.76,0
3.65713,3497.21,1.03706,0.967427,3.26094,-3497.94,0
3.66366,3497.25,0.995541,0.954256,5.49132,-3480.96,0
3.67015,3497.22,1.00984,0.927866,5.24432,-3482.28,0
3.67666,3497.24,1.00728,0.905674,3.98023,-3469.58,0
3.68317,3497.26,1.01923,0.716024,6.66352,-3457.91,0
3.68966,3497.28,0.992648,0.705571,8.04088,-3446.77,0
3.69619,3497.31,1.0142,0.525975,4.57421,-3433.03,0
3.70269,3497.25,1.01706,0.368794,7.4245,-3443.6,0
3.70916,3497.37,0.885009,0.365079,2.6157,-3405.26,0
3.71566,3497.19,0.789601,0.454947,0.813852,-3447.2,0
3.72216,3497.18,0.765898,0.361965,5.55977,-3444.45,0
3.72863,3497.13,0.722368,0.28882,3.26483,-3450.4,0
3.73509,3497.23,0.503172,0.348622,6.47122,-3420.03,0
3.73812,3497.22,0.472641,0.309982,11.0042,-3418.09,0
