0.0065146,3509.83,-3.07058,-5.67132,2.88243,-26013.4,0
0.0130277,3509.81,-3.06735,-5.77683,2.21642,-14948.7,0
0.019589,3509.83,-3.3003,-5.52296,1.74424,-8600.89,0
0.026107,3509.79,-3.44769,-5.48812,1.95388,-7881,0
0.0325415,3509.74,-3.09357,-5.70517,2.61675,-8064.35,0
0.0390751,3509.83,-3.01824,-5.5266,1.38115,-4306.26,0
0.0455792,3509.72,-2.92514,-5.382,3.39661,-6050.56,0
0.0521059,3509.69,-2.84345,-5.45809,3.03287,-5987.15,0
0.0586846,3509.71,-2.9893,-5.26929,2.45404,-4972.27,0
0.0651862,3509.86,-2.79392,-5.0932,0.753012,-2216.64,0
0.071704,3509.79,-2.49536,-5.26556,1.49801,-2883.41,0
0.0782412,3509.78,-2.54095,-5.35308,1.21989,-2861.3,0
0.0847142,3509.85,-2.53742,-5.1198,0.49467,-1712.3,0
0.0912396,3509.62,-2.36608,-5.03447,4.14351,-4123.48,0
0.0977364,3509.78,-2.40599,-5.24622,0.514721,-2301.27,0
0.104219,3509.66,-2.22713,-5.18279,2.56019,-3268.14,0
0.110744,3509.55,-2.11959,-5.25903,3.3635,-4032.76,0
0.117284,3509.55,-2.18687,-5.24981,2.67854,-3836.87,0
0.123796,3509.57,-2.29155,-5.21867,1.95513,-3439.9,0
0.130291,3509.53,-2.0845,-5.32107,2.40156,-3644.61,0
0.136776,3509.42,-2.08572,-5.49635,3.11299,-4262.12,0
0.143258,3509.39,-2.25481,-5.87153,1.42485,-4224.65,0
0.149804,3509.4,-2.13751,-5.81619,1.37045,-4020.68,0
0.156304,3509.3,-2.01922,-5.78352,2.80459,-4470.54,0
0.162842,3509.4,-2.08963,-5.60865,1.31935,-3706.68,0
0.169335,3509.27,-2.1504,-5.4993,3.28041,-4282.15,0
0.17584,3509.42,-2.29038,-5.37824,0.617097,-3270.76,0
0.182361,3509.4,-2.28327,-5.30969,1.22149,-3317.1,0
0.188882,3509.25,-2.18589,-5.49178,2.89605,-3945.16,0
0.195395,3509.27,-1.97718,-5.84072,1.29662,-3716.01,0
0.201949,3509.23,-2.04288,-5.76609,2.02491,-3808.5,0
0.20848,3509.2,-1.99014,-5.66676,2.3496,-3839.47,0
0.214998,3509.24,-2.11114,-5.77084,0.654665,-3515.87,0
0.221499,3509.14,-1.80146,-5.60056,3.03827,-3869.39,0
0.228011,3509.23,-1.66542,-5.61971,1.43465,-3387.99,0
0.234513,3509.28,-1.5672,-5.42344,0.814972,-3056.78,0
0.241001,3509.21,-1.47338,-5.51586,1.43302,-3274.27,0
0.247488,3509.18,-1.28753,-5.30624,2.60436,-3298.85,0
0.253998,3509.13,-1.51293,-5.14462,3.41315,-3436.06,0
0.260549,3509.02,-1.58485,-5.12776,4.20916,-3752.52,0
0.267062,3509,-1.58957,-5.13323,3.57089,-3760.5,0
0.273575,3509.02,-1.54869,-5.2076,2.43704,-3567.92,0
0.28004,3508.96,-1.53311,-5.15614,3.30194,-3700.5,0
0.286561,3509.06,-1.39236,-5.0059,2.11622,-3291.45,0
0.293069,3509,-1.30763,-4.88755,3.13512,-3397.11,0
0.299565,3508.92,-1.47329,-4.82827,3.88729,-3597.67,0
0.306058,3508.93,-1.52071,-4.85926,3.06377,-3502.14,0
0.312589,3508.95,-1.62893,-4.96702,1.64633,-3361.55,0
0.319103,3508.8,-1.60165,-5.01838,3.63361,-3759.21,0
0.325604,3508.94,-1.58114,-4.98754,0.756731,-3260.55,0
0.332095,3508.8,-1.63603,-4.94605,2.91441,-3607.97,0
0.338592,3508.73,-1.697,-4.98541,3.18203,-3744.76,0
0.345085,3508.82,-1.33459,-4.79161,2.42588,-3414.35,0
0.351575,3508.72,-1.26044,-4.80838,3.76562,-3650.23,0
0.358118,3508.7,-1.41777,-4.79183,3.32376,-3629.88,0
0.36465,3508.68,-1.23929,-4.76002,3.46592,-3629.07,0
0.37118,3508.7,-1.17088,-4.84408,2.19039,-3505.09,0
0.377688,3508.8,-1.13876,-4.61084,0.938186,-3171.07,0
0.384243,3508.63,-1.24451,-4.88393,2.66188,-3561.54,0
0.390734,3508.55,-1.36708,-4.8688,3.57172,-3702,0
0.397229,3508.5,-1.3674,-4.81764,3.62026,-3774.01,0
0.40375,3508.52,-1.42711,-4.59817,3.34214,-3661.09,0
0.41025,3508.4,-1.42425,-4.55741,4.52503,-3901.37,0
0.416754,3508.37,-1.34013,-4.58192,4.04174,-3904.47,0
0.423252,3508.36,-1.30471,-4.61294,3.05732,-3884.58,0
0.42974,3508.46,-1.29197,-4.49921,1.20828,-3588.46,0
0.436246,3508.33,-1.08484,-4.65479,3.08404,-3837.6,0
0.442759,3508.24,-1.13494,-4.60652,3.57406,-3969.89,0
0.449272,3508.35,-1.14366,-4.56595,1.1581,-3683.38,0
0.45575,3508.1,-1.10221,-4.57501,4.73413,-4168.65,0
0.462301,3508.29,-1.19728,-4.44595,0.952896,-3708.51,0
0.468835,3508.22,-1.30262,-4.42579,1.68499,-3806.93,0
0.475418,3508.15,-1.30905,-4.49121,2.2649,-3887.26,0
0.481903,3508.06,-1.28971,-4.50203,2.984,-4017.64,0
0.488395,3508,-1.45476,-4.39603,3.82446,-4084.89,0
0.494927,3508.14,-1.7063,-4.4475,0.269983,-3766.85,0
0.501475,3507.94,-1.69416,-4.49404,3.36114,-4116,0
0.508003,3508.07,-1.53662,-4.47422,0.73055,-3801.15,0
0.514523,3507.96,-1.68849,-4.47744,2.20881,-3973.66,0
0.521007,3507.92,-1.8486,-4.39434,2.32587,-3994.14,0
0.527523,3507.94,-1.53867,-4.39394,2.1019,-3905.71,0
0.534014,3507.99,-1.62548,-4.28533,1.13142,-3754.89,0
0.540475,3507.94,-1.61665,-4.3243,1.71466,-3808.2,0
0.546979,3507.93,-1.53731,-4.15928,2.14095,-3776.93,0
0.553494,3507.98,-1.71963,-4.05526,1.07695,-3651.69,0
0.560002,3507.94,-1.74042,-4.10832,1.35707,-3682.99,0
0.566532,3507.91,-1.80566,-4.11148,1.41358,-3693.07,0
0.573023,3507.9,-1.76691,-4.16113,1.15214,-3667.35,0
0.579547,3507.84,-1.56307,-4.08239,2.56235,-3730.96,0
0.586057,3507.72,-1.51889,-4.17291,4.25119,-3895.26,0
0.592535,3507.57,-1.48195,-4.1891,5.19764,-4102.75,0
0.599049,3507.59,-1.55882,-4.29322,3.1069,-4026.32,0
0.605591,3507.67,-1.60143,-4.51175,0.136098,-3853.73,0
0.61213,3507.44,-1.61883,-4.45464,4.24149,-4176.34,0
0.618603,3507.45,-1.64937,-4.38211,2.96833,-4116.09,0
0.625098,3507.41,-1.68047,-4.35612,3.54108,-4148.39,0
0.631586,3507.41,-1.69787,-4.17748,3.27527,-4095.13,0
0.638088,3507.55,-1.62329,-4.16325,0.352489,-3844,0
0.644589,3507.34,-1.65939,-3.98895,4.56317,-4122.79,0
0.651161,3507.31,-1.66424,-3.92196,4.22014,-4126.78,0
0.657628,3507.25,-1.66151,-3.88295,4.05878,-4179.19,0
0.664092,3507.28,-1.69083,-3.85869,2.6148,-4092.38,0
0.670591,3507.26,-1.77117,-3.67985,3.25753,-4090.08,0
0.67711,3507.22,-1.75105,-3.88454,2.98694,-4112.74,0
0.683648,3507.2,-1.7023,-3.98044,2.64902,-4102.9,0
0.690213,3507.18,-1.45787,-3.88944,3.16035,-4087.46,0
0.696751,3507.07,-1.35637,-3.8767,4.56547,-4202.6,0
0.703244,3507.21,-1.25991,-3.9196,0.794405,-3966.74,0
0.709765,3507.14,-1.16861,-3.81741,2.487,-4024.36,0
0.716284,3507.09,-1.47723,-4.20102,1.1401,-4060.74,0
0.722811,3507.04,-1.34507,-4.16533,1.99564,-4093.23,0
0.729315,3507.06,-1.45895,-3.99553,1.82793,-4026.64,0
0.735842,3507.06,-1.26698,-4.06711,1.45638,-3999.39,0
0.742356,3507.04,-1.16832,-4.11414,1.42175,-3983.12,0
0.74882,3507.07,-1.44375,-3.97756,0.743526,-3907.8,0
0.755308,3507.03,-1.23918,-4.03594,1.45812,-3928.43,0
0.761844,3506.9,-1.32854,-4.10575,3.25257,-4069,0
0.768296,3506.99,-1.37339,-4.22276,0.360355,-3920.26,0
0.774845,3507.01,-1.25343,-3.9315,1.12102,-3864.33,0
0.781315,3506.91,-1.26645,-3.81009,3.22813,-3959.86,0
0.787805,3506.97,-1.2765,-3.70875,1.7588,-3848.97,0
0.794342,3506.93,-1.19311,-3.59785,2.7942,-3859.33,0
0.800852,3506.9,-1.13375,-3.54811,3.32478,-3867.47,0
0.807366,3506.84,-1.24916,-3.44072,4.44609,-3912.47,0
0.813891,3506.94,-1.26599,-3.43174,1.65728,-3757.49,0
0.820409,3506.86,-1.24307,-3.21616,3.53809,-3824.91,0
0.826891,3506.99,-1.03081,-3.19383,0.598555,-3635.37,0
0.833387,3506.93,-0.998596,-3.17231,1.75762,-3678.62,0
0.839897,3506.86,-1.15476,-3.0357,3.26584,-3740.32,0
0.84642,3506.95,-1.24843,-2.93968,0.940352,-3606.34,0
0.852908,3506.84,-1.51069,-2.98011,2.1856,-3703.86,0
0.85937,3506.81,-1.3712,-2.8619,3.27057,-3707.62,0
0.865846,3506.82,-1.38049,-2.78392,2.73293,-3676.06,0
0.872368,3506.92,-1.41742,-2.61447,0.573552,-3529.91,0
0.87884,3506.81,-1.4722,-2.69708,2.39898,-3628.88,0
0.885378,3506.81,-1.54681,-2.78506,1.58054,-3608.47,0
0.891908,3506.81,-1.38063,-2.83609,1.45074,-3578.5,0
0.898402,3506.85,-1.33628,-2.90629,0.163961,-3509.11,0
0.904896,3506.74,-1.47851,-2.76933,2.50767,-3598.49,0
0.911402,3506.75,-1.40806,-2.70991,2.22547,-3564.1,0
0.917913,3506.68,-1.21034,-2.61002,3.98451,-3616.34,0
0.924387,3506.56,-1.22273,-2.67529,4.65115,-3724.7,0
0.93087,3506.68,-1.44831,-2.75996,0.603459,-3567.85,0
0.937359,3506.56,-1.50621,-2.92813,2.3618,-3674.45,0
0.943877,3506.57,-1.60223,-2.85663,1.77189,-3637.71,0
0.950399,3506.38,-1.66938,-2.9805,4.82444,-3805.32,0
0.956866,3506.34,-1.66052,-2.95027,4.62856,-3824.69,0
0.96337,3506.34,-1.655,-2.97904,3.2575,-3801.52,0
0.969858,3506.45,-1.52446,-2.90572,0.704145,-3655.63,0
0.976392,3506.31,-1.67037,-2.93955,3.37373,-3782.86,0
0.982916,3506.24,-1.52625,-3.23351,3.15167,-3820.88,0
0.989428,3506.28,-1.48534,-3.13927,2.13702,-3756.24,0
0.995927,3506.35,-1.43202,-3.03881,0.793972,-3669.09,0
1.00244,3506.32,-1.47105,-2.88621,1.4262,-3667.28,0
1.00894,3506.29,-1.31496,-2.73262,2.91144,-3678.71,0
1.01545,3506.33,-1.3239,-2.52952,2.47012,-3619.08,0
1.02201,3506.43,-1.26909,-2.38752,0.00439406,-3494.44,0
1.0285,3506.27,-1.20858,-2.7766,2.29878,-3629.47,0
1.03496,3506.15,-1.21071,-2.69737,4.64442,-3720.97,0
1.04147,3506.17,-1.22482,-2.64405,3.87731,-3681.78,0
1.0479,3506.18,-1.19496,-2.58473,2.95062,-3644.29,0
1.05436,3506.13,-0.832947,-2.74813,3.47851,-3668.69,0
1.0609,3506.14,-0.737777,-2.89766,2.26928,-3634.51,0
1.06747,3506.19,-0.808084,-2.77193,1.2045,-3569.72,0
1.07393,3506.07,-0.87886,-2.99127,2.75217,-3657.82,0
1.08043,3506.11,-0.725941,-2.8655,2.08564,-3598.95,0
1.0869,3506,-0.720147,-3.0477,3.08551,-3679.48,0
1.09344,3505.91,-0.645645,-3.2571,3.82092,-3742.11,0
1.09997,3505.84,-0.603927,-3.23833,4.5701,-3781.33,0
1.10643,3505.84,-0.651311,-3.24857,3.42497,-3761.83,0
1.11293,3505.81,-0.503656,-3.31119,3.2908,-3761.91,0
1.11946,3505.77,-0.436735,-3.3149,3.86282,-3782.37,0
1.12602,3505.75,-0.484438,-3.34112,3.07641,-3776.64,0
1.13252,3505.82,-0.424147,-3.33055,0.991681,-3689.34,0
1.13905,3505.73,-0.400376,-3.18747,3.64557,-3746.96,0
1.14554,3505.85,-0.274833,-3.13053,0.65619,-3625.09,0
1.15205,3505.74,-0.138158,-3.17787,3.00975,-3700.31,0
1.15857,3505.68,-0.0999107,-3.15618,3.73369,-3727.72,0
1.16507,3505.7,-0.103469,-3.01598,3.02305,-3688.49,0
1.17158,3505.76,-0.062576,-3.05112,0.894073,-3620.25,0
1.17805,3505.59,-0.050047,-2.98406,4.02228,-3743.99,0
1.18457,3505.52,-0.0939369,-2.84759,4.78573,-3778.65,0
1.19106,3505.45,-0.13942,-2.89015,4.88516,-3819.69,0
1.19753,3505.55,-0.0619444,-2.85312,1.50719,-3718.98,0
1.20402,3505.45,-0.258566,-2.9368,2.99831,-3779.65,0
1.2105,3505.4,-0.230371,-2.87818,3.99786,-3800.95,0
1.21701,3505.42,-0.398687,-3.01909,1.95215,-3764.06,0
1.22353,3505.37,-0.503553,-3.25259,1.53,-3784.67,0
1.23,3505.25,-0.71046,-3.43263,3.12802,-3862.58,0
1.23651,3505.15,-0.709121,-3.3675,4.73648,-3920.23,0
1.24299,3505.19,-0.572538,-3.35743,2.76466,-3873.37,0
1.24955,3505.11,-0.757659,-3.56805,2.66737,-3912.21,0
1.25602,3505.19,-0.616781,-3.39482,1.79708,-3832.39,0
1.2625,3505.04,-1.01366,-3.56373,3.71354,-3930.25,0
1.26904,3505.03,-1.15004,-3.56456,2.84315,-3917.83,0
1.27551,3505.08,-0.95008,-3.4473,1.95341,-3854.38,0
1.28204,3505.08,-0.948463,-3.19457,3.13133,-3840.33,0
1.28853,3505.18,-0.881296,-2.99034,1.2279,-3741.34,0
1.29502,3505.08,-1.00604,-3.03601,2.8322,-3801.21,0
1.30154,3505.05,-1.13774,-3.0605,2.47733,-3799.57,0
1.30805,3505.02,-1.063,-3.08243,2.75785,-3806.35,0
1.31453,3505.06,-0.838344,-2.85004,2.85573,-3757.64,0
1.32101,3505.09,-0.734073,-2.90257,1.52304,-3714.26,0
1.32751,3505.05,-0.638479,-2.87866,2.53968,-3728.97,0
1.33402,3505.1,-0.610503,-2.72718,1.71065,-3674.59,0
1.34047,3505.12,-0.732128,-2.59327,1.54146,-3642.99,0
1.34703,3505.13,-0.709078,-2.56957,1.14421,-3618.19,0
1.35357,3505.01,-0.541488,-2.82767,2.85278,-3685.48,0
1.36004,3504.95,-0.566217,-3.03089,2.85861,-3710.89,0
1.36653,3504.87,-0.737971,-3.22015,3.16569,-3750.8,0
1.37306,3504.8,-0.610445,-3.20012,4.61299,-3787.31,0
1.37957,3504.8,-0.54071,-3.36955,2.88938,-3768.69,0
1.3861,3504.8,-0.609585,-3.56093,1.04235,-3753.73,0
1.39261,3504.78,-0.585538,-3.5549,1.05355,-3745.29,0
1.39912,3504.77,-0.416786,-3.50168,1.83888,-3740.81,0
1.40559,3504.77,-0.278707,-3.33547,2.58274,-3719.56,0
1.41211,3504.86,-0.365232,-3.22897,0.503057,-3643.35,0
1.41864,3504.66,-0.498174,-3.33098,4.1629,-3764.25,0
1.42516,3504.61,-0.615496,-3.28556,4.31756,-3780.55,0
1.43167,3504.64,-0.581848,-3.3196,2.08211,-3745.75,0
1.43815,3504.55,-0.663707,-3.29566,4.09321,-3790.02,0
1.44464,3504.53,-0.693592,-3.32764,3.24321,-3783.18,0
1.45112,3504.5,-0.546821,-3.64128,1.32348,-3789.96,0
1.45757,3504.5,-0.520076,-3.60047,1.10017,-3772.45,0
1.46409,3504.46,-0.640735,-3.72034,0.919861,-3784.06,0
1.47062,3504.43,-0.494512,-3.69483,1.71134,-3785.84,0
1.47711,3504.41,-0.309766,-3.76492,1.55388,-3783.96,0
1.48358,3504.35,-0.239685,-3.65222,3.18282,-3805.69,0
1.49008,3504.41,-0.234244,-3.51172,2.08602,-3751.99,0
1.49666,3504.41,-0.147228,-3.59031,0.908828,-3732.95,0
1.50315,3504.31,-0.167616,-3.44782,4.23596,-3783.35,0
1.50965,3504.25,-0.157025,-3.45734,4.29455,-3806.81,0
1.51616,3504.26,-0.0822512,-3.40962,2.9967,-3782.71,0
1.52262,3504.31,-0.196688,-3.51843,0.0106807,-3736.05,0
1.52916,3504.13,-0.174846,-3.50689,4.60289,-3837.22,0
1.53564,3504.15,-0.384975,-3.49966,2.87607,-3809.16,0
1.54216,3504.07,-0.397306,-3.66558,3.3313,-3842.78,0
1.54867,3504.08,-0.59329,-3.80949,1.17516,-3820.79,0
1.55518,3504.15,-0.320058,-3.57066,1.3358,-3760.52,0
1.56169,3504.2,-0.407766,-3.41677,0.596061,-3712.26,0
1.56818,3504.14,-0.47989,-3.25132,3.48152,-3739.82,0
1.57468,3504.13,-0.250413,-3.3592,2.56033,-3728.92,0
1.58121,3504.02,-0.227849,-3.34203,4.94363,-3783.39,0
1.58771,3504.13,-0.251262,-3.29986,1.01874,-3700.29,0
1.59421,3503.97,-0.100535,-3.2527,5.30202,-3784.94,0
1.60071,3503.96,-0.0823067,-3.3026,3.71398,-3776.34,0
1.60718,3503.97,-0.197412,-3.44323,1.30376,-3753.54,0
1.61373,3503.96,-0.280061,-3.51963,0.484563,-3742.37,0
1.62027,3503.86,-0.0377011,-3.49298,3.20339,-3787.21,0
1.62676,3503.89,-0.0645092,-3.59587,0.905462,-3756.82,0
1.63323,3503.94,0.261425,-3.3343,1.21091,-3708.07,0
1.63974,3503.89,0.409524,-3.36975,1.92072,-3724.08,0
1.64624,3503.8,0.236773,-3.42822,3.70924,-3765.14,0
1.65271,3503.79,0.267014,-3.47578,3.05356,-3759.32,0
1.65926,3503.8,0.183323,-3.58352,1.35913,-3738.92,0
1.66581,3503.72,0.077189,-3.62512,2.81753,-3771.95,0
1.67232,3503.68,-0.0175019,-3.74657,2.58791,-3781.57,0
1.67882,3503.74,-0.224951,-3.59022,1.49308,-3726.44,0
1.68532,3503.67,-0.153758,-3.45857,4.27826,-3756.19,0
1.69185,3503.68,-0.20895,-3.28599,4.82999,-3736.92,0
1.69837,3503.73,-0.0432246,-3.31104,1.73071,-3692.36,0
1.70489,3503.65,0.0463559,-3.51111,2.0102,-3724.28,0
1.71139,3503.64,0.251865,-3.5533,1.27619,-3713.54,0
1.71792,3503.57,-0.0387217,-3.62231,2.7167,-3744.43,0
1.72445,3503.46,0.0507042,-3.73399,4.08455,-3792.97,0
1.7309,3503.47,0.199197,-3.71543,3.31899,-3771.99,0
1.73737,3503.45,0.271984,-3.773,2.81698,-3771.35,0
1.7439,3503.39,0.267171,-3.75317,3.21064,-3789.87,0
1.7504,3503.33,0.351404,-3.73494,4.27563,-3811.09,0
1.75692,3503.3,0.372508,-3.67936,4.71564,-3815.37,0
1.76347,3503.26,0.49603,-3.73677,3.96598,-3821.15,0
1.76996,3503.29,0.588548,-3.70057,2.58267,-3790.15,0
1.77646,3503.25,0.65925,-3.72493,2.92753,-3798.79,0
1.78296,3503.24,0.441055,-3.66446,4.07461,-3793.1,0
1.78943,3503.25,0.436143,-3.5463,4.10516,-3773.85,0
1.79596,3503.33,0.29886,-3.50908,0.963608,-3714.15,0
1.8025,3503.38,0.251648,-3.26103,1.78523,-3674.65,0
1.80895,3503.3,0.259558,-3.3147,3.21096,-3701.26,0
1.81546,3503.39,-0.0711764,-3.17805,1.66018,-3642.85,0
1.82198,3503.32,-0.381834,-3.15391,3.5248,-3667.59,0
1.82847,3503.29,-0.458134,-3.12547,3.64531,-3670.04,0
1.835,3503.3,-0.453694,-3.0768,2.83952,-3649.05,0
1.84149,3503.29,-0.303262,-3.05473,2.80785,-3641.38,0
1.84803,3503.26,-0.366021,-2.956,4.73398,-3649.64,0
1.8545,3503.29,-0.5135,-3.05018,1.46838,-3616.23,0
1.86101,3503.31,-0.523497,-2.83029,2.70576,-3593.36,0
1.86753,3503.37,-0.556805,-2.73366,1.22436,-3551.68,0
1.87404,3503.26,-0.489278,-2.70703,4.4879,-3595.4,0
1.88053,3503.31,-0.565502,-2.67133,1.94941,-3555.22,0
1.88706,3503.34,-0.618357,-2.63242,0.643201,-3531.29,0
1.89357,3503.21,-0.574185,-2.5886,4.86068,-3585.58,0
1.90007,3503.3,-0.6374,-2.6155,0.687114,-3527.47,0
1.90655,3503.25,-0.66529,-2.65924,1.38364,-3541.13,0
1.91303,3503.16,-0.657882,-2.79285,2.72925,-3574.87,0
1.91951,3503.11,-0.647852,-2.66069,4.73344,-3589.43,0
1.92603,3503.16,-0.729818,-2.6069,2.64311,-3550.11,0
1.93255,3503.01,-0.655453,-2.56287,6.40458,-3615.85,0
1.93906,3503.13,-0.690836,-2.54358,0.39585,-3545.33,0
1.94556,3502.97,-0.461132,-2.5296,5.84168,-3612.93,0
1.95207,3502.93,-0.466822,-2.4805,5.34917,-3619.56,0
1.95857,3502.91,-0.435318,-2.50583,4.29387,-3621.71,0
1.96512,3502.88,-0.283018,-2.40202,5.71673,-3624.16,0
1.97163,3502.86,-0.294223,-2.28201,5.87528,-3622.04,0
1.97817,3502.84,-0.279312,-2.35846,3.80772,-3619.79,0
1.98468,3502.85,-0.405821,-2.36586,2.19077,-3602.27,0
1.99118,3502.77,-0.536117,-2.29497,5.29788,-3631.95,0
1.99766,3502.78,-0.552606,-2.14422,5.31836,-3616.56,0
2.00416,3502.8,-0.515919,-1.93707,5.02681,-3590.15,0
2.01063,3502.83,-0.461156,-1.83127,3.78515,-3568.22,0
2.01712,3502.82,-0.311521,-1.79715,4.00654,-3558.64,0
2.02365,3502.83,-0.205457,-1.86225,2.59784,-3542.5,0
2.03016,3502.8,-0.0809171,-1.68855,4.8206,-3548.54,0
2.03663,3502.8,-0.0621616,-1.72012,2.73878,-3535.45,0
2.0432,3502.71,-0.0784107,-1.75417,5.1837,-3566.78,0
2.04971,3502.67,-0.0980004,-1.73615,5.66976,-3575.16,0
2.05622,3502.75,-0.218509,-1.64971,2.5427,-3528.22,0
2.06272,3502.78,-0.512852,-1.53801,1.04477,-3500.14,0
2.06921,3502.69,-0.557476,-1.49937,4.66803,-3534.03,0
2.07572,3502.63,-0.539164,-1.714,4.12439,-3551.29,0
2.08225,3502.6,-0.532055,-1.72361,3.5041,-3556.05,0
2.08878,3502.56,-0.5075,-1.96654,2.13057,-3563.97,0
2.09526,3502.48,-0.555747,-2.0823,3.19809,-3589.04,0
2.10175,3502.44,-0.544904,-2.14628,2.42861,-3594.79,0
2.10823,3502.45,-0.545614,-2.0132,2.92902,-3580.86,0
2.11469,3502.48,-0.425953,-1.92085,2.26629,-3554.01,0
2.12122,3502.37,-0.501646,-1.9672,5.29178,-3596.03,0
2.12774,3502.42,-0.442825,-1.86181,2.98893,-3560.12,0
2.13423,3502.45,-0.28417,-1.75525,2.78708,-3538.12,0
2.14074,3502.38,-0.313115,-1.83831,3.81775,-3558.2,0
2.14725,3502.44,-0.218914,-1.87021,0.618404,-3522.8,0
2.15376,3502.38,-0.0909854,-1.84135,3.1864,-3537.59,0
2.16027,3502.34,-0.0731783,-1.98532,2.74649,-3544.97,0
2.16675,3502.31,0.0544469,-1.89577,4.61416,-3548,0
2.17327,3502.19,-0.0628923,-2.0436,6.91764,-3593.35,0
2.1798,3502.18,0.044351,-1.99445,5.75796,-3589.28,0
2.18633,3502.16,-0.150635,-2.16565,2.86562,-3584.59,0
2.19286,3502.12,-0.240936,-2.09887,5.1206,-3593.57,0
2.19936,3502.08,-0.132134,-2.07743,4.85866,-3603.07,0
2.20591,3502.07,-0.139369,-2.18757,1.95895,-3594.57,0
2.21238,3502.12,-0.165421,-1.98328,2.31186,-3561.74,0
2.2189,3502.01,-0.184073,-2.13341,4.04936,-3598.74,0
2.22545,3501.97,-0.217626,-2.09035,4.85273,-3607.33,0
2.23195,3501.92,-0.137775,-2.2194,4.78585,-3621.83,0
2.23845,3501.87,-0.118513,-2.24878,4.2181,-3630.87,0
2.24496,3501.88,-0.16603,-2.27144,1.71737,-3618.26,0
2.25146,3501.76,-0.266617,-2.43655,3.06285,-3661.9,0
2.258,3501.79,-0.166218,-2.3507,2.13215,-3634.57,0
2.26449,3501.8,-0.0820567,-2.22745,3.64558,-3622.54,0
2.27099,3501.74,-0.202903,-2.22407,4.62072,-3636.29,0
2.27754,3501.75,-0.151587,-2.19878,3.87766,-3620.63,0
2.28405,3501.8,-0.12469,-2.14912,1.71871,-3591.25,0
2.29055,3501.65,-0.109159,-2.0663,7.17962,-3644.58,0
2.29706,3501.68,-0.194605,-2.01481,4.04007,-3623.99,0
2.30355,3501.61,-0.204109,-2.10996,4.14409,-3642.33,0
2.31011,3501.57,-0.172033,-2.06456,5.48171,-3648.11,0
2.31663,3501.62,-0.235041,-2.03588,1.1843,-3618.03,0
2.32316,3501.62,-0.183395,-2.01056,1.06847,-3605.25,0
2.32968,3501.5,-0.153481,-2.0347,6.05773,-3650.64,0
2.3362,3501.48,-0.123757,-2.07685,4.63309,-3645.29,0
2.34268,3501.5,-0.211281,-2.07031,2.72764,-3629.88,0
2.34923,3501.46,-0.128122,-2.16547,2.56265,-3637.36,0
2.35574,3501.42,-0.108478,-2.11604,3.18359,-3640.59,0
2.36227,3501.44,-0.0106663,-1.97088,3.99724,-3625.46,0
2.36877,3501.39,-0.193767,-1.98452,4.55843,-3633.58,0
2.37525,3501.37,-0.154708,-2.09717,2.75834,-3634.76,0
2.38179,3501.33,-0.111557,-2.12864,3.84746,-3642.16,0
2.38832,3501.35,-0.118752,-2.06463,3.75133,-3623.89,0
2.39482,3501.33,-0.127082,-2.21341,0.01287,-3618.7,0
2.40132,3501.21,-0.187479,-2.18295,6.45924,-3661.75,0
2.40784,3501.25,-0.0805225,-2.15651,3.37485,-3632.1,0
2.41433,3501.24,-0.120447,-2.21409,1.91718,-3628.6,0
2.42081,3501.26,-0.294912,-2.01258,4.66581,-3609.83,0
2.42731,3501.12,-0.300442,-1.912,8.92179,-3659.23,0
2.43379,3501.12,-0.256926,-1.94113,3.73925,-3648.51,0
2.4403,3501.11,-0.355451,-1.8865,4.40234,-3643.64,0
2.4468,3501.1,-0.149221,-2.03581,0.781143,-3637.26,0
2.45327,3501.15,-0.0435344,-1.89704,1.01015,-3606.41,0
2.45977,3501.09,0.0542648,-1.84566,4.98824,-3620.52,0
2.46629,3501.1,-0.0796713,-1.82756,3.58707,-3607.01,0
2.47287,3501.05,-0.13486,-1.84416,5.66888,-3620.76,0
2.47935,3501.11,-0.185545,-1.75241,1.27447,-3585.89,0
2.48586,3501.07,-0.141682,-1.6811,4.44291,-3593.67,0
2.49237,3500.96,-0.17981,-1.67785,8.81785,-3626.77,0
2.49888,3500.91,-0.215449,-1.68958,7.38491,-3639.36,0
2.50545,3500.83,-0.169848,-1.74037,6.09328,-3660.98,0
2.51197,3500.84,-0.171319,-1.67654,4.46923,-3645.87,0
2.51846,3500.88,-0.250799,-1.60635,2.43613,-3621.24,0
2.52498,3500.89,-0.120775,-1.53611,3.63979,-3608.23,0
2.53147,3500.82,-0.33339,-1.67628,2.75179,-3628.04,0
2.53796,3500.78,-0.474492,-1.62969,3.71848,-3631.37,0
2.54447,3500.68,-0.410742,-1.77757,5.37613,-3661.35,0
2.551,3500.63,-0.343322,-1.76508,6.92512,-3674.4,0
2.55752,3500.63,-0.26491,-1.85058,1.69482,-3662.57,0
2.56404,3500.55,-0.482181,-1.92058,2.79566,-3687.25,0
2.5706,3500.53,-0.545793,-1.81056,6.13534,-3682.38,0
2.57706,3500.59,-0.50579,-1.74436,3.49236,-3653.09,0
2.58358,3500.61,-0.406414,-1.60285,6.3016,-3636.2,0
2.59008,3500.57,-0.346791,-1.60803,5.29431,-3640.88,0
2.59658,3500.56,-0.371134,-1.49393,6.08145,-3634.24,0
2.60309,3500.51,-0.340892,-1.46134,6.98876,-3645.94,0
2.6096,3500.54,-0.328695,-1.46311,1.14245,-3624.99,0
2.61613,3500.46,-0.24239,-1.56626,2.61377,-3645.89,0
2.62266,3500.45,-0.325364,-1.45168,7.28154,-3641.08,0
2.62918,3500.42,-0.336684,-1.41641,6.05462,-3642.27,0
2.6357,3500.45,-0.118036,-1.35274,6.00667,-3622.09,0
2.64216,3500.39,-0.0342123,-1.38408,6.34189,-3636.73,0
2.64867,3500.31,0.0304683,-1.37132,10.0668,-3656.62,0
2.65519,3500.36,-0.110734,-1.28351,8.32305,-3632.51,0
2.66172,3500.33,-0.157638,-1.28003,5.6259,-3631.29,0
2.66824,3500.41,-0.111997,-1.20916,0.212577,-3592.41,0
2.67475,3500.34,-0.0393369,-1.20571,6.411,-3612.73,0
2.68125,3500.3,-0.0487431,-1.22479,5.05983,-3616.42,0
2.68776,3500.07,-0.139184,-1.31869,6.78964,-3695.66,0
2.69422,3500.07,-0.175508,-1.1237,5.07406,-3685.79,0
2.7007,3500.04,-0.20745,-1.16821,2.80229,-3686.65,0
2.70718,3500.06,-0.24097,-1.13624,0.309309,-3671.32,0
2.7137,3499.95,-0.391329,-1.21429,1.71515,-3704.75,0
2.72019,3499.91,-0.357941,-1.19538,6.50623,-3710.91,0
2.72669,3499.91,-0.327494,-1.091,11.0671,-3701.42,0
2.73319,3499.89,-0.331999,-0.973121,7.19777,-3698.54,0
2.73969,3499.86,-0.233458,-0.9101,3.19966,-3702.64,0
2.74621,3499.72,-0.232841,-0.991507,6.50347,-3742.04,0
2.75268,3499.57,-0.273091,-1.15836,3.37931,-3790.64,0
2.75926,3499.5,-0.254134,-1.14375,9.28196,-3805.35,0
2.76575,3499.52,-0.43776,-1.0665,6.22819,-3787.94,0
2.77223,3499.54,-0.407617,-1.07892,1.37558,-3772.02,0
2.77871,3499.46,-0.365818,-1.11319,6.73159,-3791.5,0
2.78519,3499.56,-0.391166,-0.996905,6.08945,-3747.09,0
2.79171,3499.64,-0.413211,-0.843776,9.42772,-3711.45,0
2.79819,3499.63,-0.391322,-0.800507,3.24679,-3705.75,0
2.80467,3499.71,-0.33764,-0.658012,1.60101,-3667.5,0
2.81116,3499.61,-0.166053,-0.64978,4.72372,-3696.09,0
2.81767,3499.54,-0.129067,-0.653497,1.98523,-3710.88,0
2.8242,3499.39,-0.0851728,-0.553875,5.86818,-3758.18,0
2.83073,3499.41,-0.0181264,-0.411612,4.13867,-3740.28,0
2.83722,3499.38,-0.086148,-0.291693,3.34232,-3743.46,0
2.84295,3499.32,-0.0327939,-0.1416,5.51712,-3756.13,0
