0.00649398,3509.91,-1.43819,-1.20025,1.60149,-14390.6,0
0.0130043,3509.96,-1.36737,-1.24893,0.50023,-3130.1,0
0.0195202,3509.84,-1.21536,-1.23615,2.39504,-8157.65,0
0.0259948,3509.8,-1.37234,-1.13763,2.73763,-7794.03,0
0.0325061,3509.68,-1.38911,-1.28389,3.85269,-9766.92,0
0.0390122,3509.75,-1.15517,-1.27085,2.50989,-6525.18,0
0.0455024,3509.77,-1.08291,-1.23655,1.57902,-4954.69,0
0.0520444,3509.78,-0.936369,-1.43719,1.18075,-4273.92,0
0.0585639,3509.73,-1.21502,-1.47193,1.57536,-4653.49,0
0.0650382,3509.73,-1.0816,-1.4884,1.23263,-4121.58,0
0.0715856,3509.6,-1.17091,-1.40447,3.16026,-5522.66,0
0.0781073,3509.61,-1.13173,-1.39931,2.43732,-5012.85,0
0.0846415,3509.68,-1.24125,-1.25699,0.917673,-3817.11,0
0.0911361,3509.67,-1.10372,-1.54645,0.684073,-3662.63,0
0.0976177,3509.52,-1.03772,-1.51168,2.88501,-4887.95,0
0.104161,3509.47,-1.10966,-1.53111,2.91158,-5067.11,0
0.110691,3509.44,-1.10154,-1.79337,2.58948,-5063.18,0
0.117204,3509.36,-1.27697,-1.81504,3.176,-5461.21,0
0.123679,3509.35,-1.13052,-1.73733,3.00779,-5217.33,0
0.130138,3509.47,-1.17301,-1.83047,0.397751,-4108.45,0
0.136635,3509.43,-1.21551,-1.57682,1.23071,-4196.9,0
0.143151,3509.35,-1.60855,-1.55142,1.80586,-4527,0
0.149664,3509.18,-1.5897,-1.48329,4.53411,-5479.05,0
0.156171,3509.15,-1.59838,-1.47746,3.66623,-5424.65,0
0.162704,3509.19,-1.64611,-1.49107,2.48549,-4979.29,0
0.169219,3509.04,-1.64975,-1.45895,4.36444,-5672.36,0
0.175746,3509.02,-1.67163,-1.39757,3.53882,-5552.13,0
0.182215,3509.09,-1.68315,-1.5401,1.63758,-4994.51,0
0.18873,3509.13,-1.82351,-1.80064,0.201634,-4623.88,0
0.195204,3509.01,-1.52245,-1.83523,2.65446,-5095.67,0
0.201704,3509.05,-1.41404,-2.06528,1.36371,-4733.88,0
0.208228,3509.01,-1.49961,-1.92337,1.96448,-4770.65,0
0.214765,3509.02,-1.39821,-1.64504,1.82206,-4556.95,0
0.221264,3508.92,-1.43151,-1.55265,3.5412,-4892.32,0
0.227758,3508.89,-1.43539,-1.54722,3.35096,-4864.57,0
0.234254,3508.8,-1.40014,-1.49,4.33255,-5136.58,0
0.240707,3508.79,-1.33364,-1.34838,3.81632,-5007.43,0
0.247212,3508.7,-1.24979,-1.34306,4.70564,-5251.22,0
0.253724,3508.7,-1.0825,-1.31161,3.84001,-5137.22,0
0.260232,3508.79,-1.27001,-1.31555,0.89464,-4634.77,0
0.266768,3508.75,-1.28177,-1.51319,1.35375,-4691.78,0
0.273266,3508.69,-1.44946,-1.14036,2.44072,-4777.49,0
0.279753,3508.7,-1.24913,-1.09792,2.27864,-4659.51,0
0.286291,3508.76,-1.35271,-1.1236,0.632212,-4347.07,0
0.292806,3508.74,-1.51318,-0.99284,0.613157,-4286.32,0
0.299368,3508.59,-1.39964,-1.14416,3.24691,-4710.95,0
0.305839,3508.55,-1.24192,-0.936193,3.69256,-4740.83,0
0.312318,3508.68,-1.14526,-1.0903,0.592162,-4213,0
0.318848,3508.52,-1.2059,-1.01824,3.29999,-4634.13,0
0.325387,3508.46,-1.17872,-0.983679,4.00877,-4738.01,0
0.331871,3508.44,-1.30886,-0.99939,3.08056,-4690.28,0
0.338376,3508.53,-1.03202,-1.0638,1.11162,-4337.47,0
0.344927,3508.38,-1.07653,-0.997909,3.64583,-4699.64,0
0.351461,3508.48,-1.097,-1.06745,0.698202,-4321.84,0
0.357978,3508.41,-0.895357,-0.923812,2.00056,-4440.8,0
0.364487,3508.47,-0.910817,-1.19115,0.33447,-4204.02,0
0.37099,3508.38,-0.845941,-1.04387,2.11912,-4367.72,0
0.377534,3508.36,-1.06374,-1.298,1.64277,-4350.68,0
0.384019,3508.35,-1.07367,-1.20573,1.37144,-4296.08,0
0.390489,3508.25,-1.17368,-1.06288,3.25874,-4488.62,0
0.396987,3508.28,-1.13466,-1.25578,2.15943,-4340.79,0
0.403465,3508.24,-1.29237,-1.30781,2.48805,-4358.44,0
0.409983,3508.25,-1.19673,-1.43453,2.03171,-4273.91,0
0.416503,3508.25,-1.36778,-1.60832,1.3756,-4210.6,0
0.422974,3508.14,-1.39221,-1.65549,3.07439,-4392.24,0
0.429515,3508.22,-1.60019,-1.32651,1.23439,-4149.53,0
0.436021,3508.11,-1.82473,-1.15043,3.095,-4341.98,0
0.442566,3508.2,-1.94756,-1.16712,0.541234,-4070.6,0
0.44904,3508.08,-2.19789,-1.0478,2.44594,-4276.56,0
0.455548,3508.03,-2.14037,-1.08695,3.31027,-4333.41,0
0.462084,3508,-2.25137,-1.09431,3.16192,-4325.7,0
0.468605,3507.98,-2.14769,-0.914349,3.2149,-4313.05,0
0.475125,3507.9,-2.10178,-1.0177,4.07015,-4420.18,0
0.481659,3507.9,-2.16313,-0.787768,3.48744,-4357.81,0
0.488176,3507.91,-2.30093,-1.11226,2.42196,-4285.62,0
0.4947,3507.99,-2.35483,-0.712744,0.631678,-4068.1,0
0.501215,3507.87,-2.32141,-0.977309,2.79426,-4244.24,0
0.507739,3507.91,-2.25036,-0.994759,1.45301,-4116.26,0
0.514255,3507.84,-2.22523,-0.852588,2.86838,-4209.6,0
0.520735,3507.88,-2.34567,-0.799635,1.39151,-4071.62,0
0.527227,3507.73,-2.19297,-0.79941,3.96668,-4300.24,0
0.533766,3507.78,-2.2673,-0.872971,2.18423,-4162.87,0
0.540283,3507.82,-2.22638,-1.03116,0.973164,-4044.06,0
0.546787,3507.81,-2.20334,-1.04327,0.703941,-4011.85,0
0.553271,3507.72,-2.23371,-0.624058,2.6043,-4126.15,0
0.559751,3507.71,-2.28934,-0.556067,2.01907,-4086.37,0
0.566248,3507.75,-2.48533,-0.549765,0.474898,-3974.12,0
0.572759,3507.67,-2.47875,-0.462796,1.95657,-4068.27,0
0.579293,3507.69,-2.53439,-0.21658,1.17226,-3989.89,0
0.585839,3507.66,-2.54806,-0.348364,1.61045,-3998.54,0
0.59234,3507.64,-2.60947,-0.266411,1.25762,-3983.25,0
0.598866,3507.56,-2.36682,-0.524019,3.11489,-4071.47,0
0.605392,3507.59,-2.18645,-0.246721,2.66185,-3980.4,0
0.611919,3507.55,-2.11356,-0.159757,3.19119,-4011.47,0
0.618409,3507.6,-2.22383,-0.185458,1.29796,-3873.9,0
0.624901,3507.58,-1.96515,0.0496397,2.13786,-3867.31,0
0.631427,3507.64,-1.92295,-0.272116,0.741533,-3740.05,0
0.637944,3507.52,-1.7961,-0.370811,3.36665,-3891,0
0.644427,3507.41,-1.72008,-0.336406,4.80943,-4023.44,0
0.65089,3507.4,-1.65958,-0.357905,3.21119,-3989.32,0
0.657399,3507.39,-1.63639,-0.345376,3.02444,-3972.35,0
0.663872,3507.3,-1.63733,-0.299417,3.86695,-4063.98,0
0.670361,3507.37,-1.504,-0.379816,2.02706,-3924.06,0
0.676866,3507.37,-1.42451,-0.54043,1.84904,-3882,0
0.683351,3507.35,-1.60242,-0.484761,1.65484,-3877.29,0
0.689882,3507.26,-1.63694,-0.416468,3.36537,-3971.38,0
0.696385,3507.29,-1.44572,-0.457636,2.63226,-3895.26,0
0.702887,3507.25,-1.44522,-0.462203,2.95056,-3910.86,0
0.709356,3507.22,-1.40906,-0.396184,3.16008,-3915.63,0
0.715873,3507.22,-1.28327,-0.325576,2.9454,-3889.6,0
0.722364,3507.16,-1.27298,-0.345273,3.4967,-3925.55,0
0.728879,3507.19,-1.25381,-0.335877,2.08501,-3855,0
0.735399,3507.23,-0.986605,-0.178663,1.17569,-3772.83,0
0.741948,3507.06,-0.836966,-0.233159,4.32954,-3959.04,0
0.74849,3507.09,-0.693165,-0.173783,3.03326,-3886.66,0
0.754961,3507.06,-0.888263,-0.323129,3.07334,-3899.66,0
0.761458,3507.04,-0.662169,-0.359499,2.90735,-3886.19,0
0.767976,3507.13,-0.745808,-0.427427,0.295438,-3734.77,0
0.7745,3507.01,-0.831592,-0.766635,2.5225,-3864.87,0
0.780957,3507.08,-0.645752,-0.413885,0.935232,-3739.37,0
0.787451,3506.97,-0.537014,-0.486681,3.21756,-3851.02,0
0.793954,3506.99,-0.570427,-0.854428,2.00121,-3790.28,0
0.800449,3506.9,-0.497421,-0.875172,3.85255,-3872.56,0
0.806978,3506.91,-0.644364,-0.882994,2.71827,-3835.07,0
0.813466,3506.82,-0.701662,-0.944891,3.77386,-3903.34,0
0.81998,3506.91,-0.637389,-0.961659,1.33151,-3773.98,0
0.82648,3506.83,-0.692862,-0.958564,2.65107,-3835.62,0
0.833012,3506.86,-0.823607,-0.91043,1.58746,-3768.79,0
0.839504,3506.72,-0.590105,-0.979617,4.48579,-3907.29,0
0.846034,3506.65,-0.67958,-1.00068,4.87631,-3962.55,0
0.852554,3506.62,-0.63593,-0.939013,4.35857,-3960.67,0
0.859068,3506.62,-0.519549,-0.862612,3.48532,-3932.69,0
0.865538,3506.62,-0.520196,-0.806395,2.9663,-3907.05,0
0.872095,3506.61,-0.555618,-0.639576,2.96221,-3885,0
0.878582,3506.62,-0.750642,-0.675715,2.03952,-3851.73,0
0.885094,3506.6,-0.677175,-0.677925,2.31064,-3841.83,0
0.891549,3506.47,-0.696793,-0.710375,4.26462,-3962.68,0
0.897995,3506.5,-0.82579,-0.615808,2.60058,-3899.15,0
0.904463,3506.47,-0.974409,-0.598462,2.66369,-3903.62,0
0.910948,3506.37,-0.896944,-0.736914,4.1934,-3982.98,0
0.917436,3506.25,-0.875663,-0.814208,5.47684,-4087.43,0
0.92397,3506.22,-0.803275,-0.676299,4.64236,-4092.84,0
0.930429,3506.32,-0.915684,-0.83978,0.422925,-3954.09,0
0.936943,3506.16,-0.901047,-0.828747,3.8723,-4099.52,0
0.943481,3506.14,-0.926022,-0.81106,3.22533,-4089.61,0
0.949984,3506.11,-1.19648,-0.952447,2.7568,-4094.6,0
0.956483,3506.07,-1.14144,-0.945481,3.20549,-4108.86,0
0.963028,3505.98,-1.02307,-0.935172,4.82589,-4175.37,0
0.96957,3505.91,-1.01136,-1.03373,5.02749,-4216.5,0
0.976058,3505.98,-0.841218,-1.07014,2.7905,-4118.82,0
0.982568,3505.97,-0.572895,-1.15368,2.77828,-4100.52,0
0.989042,3505.99,-0.609521,-1.14583,1.60663,-4056.3,0
0.995564,3505.95,-0.810962,-1.02932,2.1219,-4065.38,0
1.00203,3505.89,-0.790149,-1.12739,3.24013,-4102,0
1.00851,3505.93,-0.671869,-1.2539,1.59176,-4030.76,0
1.01502,3505.97,-0.460644,-1.1047,0.934707,-3972.52,0
1.02154,3505.8,-0.393312,-1.13406,4.50657,-4113.02,0
1.02806,3505.83,-0.465431,-1.15154,2.42722,-4054.14,0
1.03456,3505.85,-0.562474,-1.27301,1.26006,-4010.2,0
1.04107,3505.74,-0.501389,-1.37458,3.3836,-4090.3,0
1.0476,3505.66,-0.430304,-1.27082,4.59077,-4145.7,0
1.05413,3505.7,-0.43438,-1.27657,1.8764,-4075.57,0
1.06058,3505.63,-0.309337,-1.38222,3.22548,-4117.01,0
1.06707,3505.69,-0.499939,-1.41211,0.962537,-4040.03,0
1.07358,3505.61,-0.407179,-1.28903,3.11504,-4093.67,0
1.08012,3505.6,-0.353319,-1.38864,2.45001,-4069.35,0
1.08662,3505.62,-0.490477,-1.3854,1.55097,-4030.81,0
1.09312,3505.62,-0.157097,-1.135,1.97132,-4008.63,0
1.09966,3505.65,-0.186866,-1.02279,0.834446,-3958.56,0
1.10615,3505.58,-0.144188,-0.895903,2.54087,-3995.28,0
1.11267,3505.47,-0.184446,-1.13132,4.30018,-4071.09,0
1.11918,3505.39,-0.170535,-1.11327,4.71635,-4118.97,0
1.12569,3505.31,-0.146399,-1.12133,4.96818,-4168.03,0
1.13221,3505.25,-0.113907,-1.16555,4.99177,-4198.14,0
1.13876,3505.2,-0.150069,-1.31769,4.35316,-4215.99,0
1.14525,3505.28,-0.27184,-1.35445,0.525549,-4121.96,0
1.15171,3505.19,-0.0752417,-1.52378,2.5013,-4179.82,0
1.15821,3505.12,-0.033139,-1.54738,3.84581,-4216.26,0
1.16469,3505.06,-0.157597,-1.57128,3.69359,-4237.69,0
1.17119,3505.03,-0.173151,-1.66674,3.63831,-4242.71,0
1.1777,3504.95,-0.0964999,-1.66044,4.94353,-4285.87,0
1.18418,3504.91,-0.0162212,-1.56896,5.08308,-4301.8,0
1.19068,3504.97,0.0840767,-1.46374,2.61102,-4227.27,0
1.19714,3504.97,0.282673,-1.41697,2.11682,-4199.13,0
1.20365,3504.9,0.162496,-1.56918,3.48235,-4239.55,0
1.21014,3504.86,0.364909,-1.61188,3.45327,-4244.81,0
1.21669,3504.89,0.27748,-1.53132,2.53781,-4198.75,0
1.2232,3504.87,0.485284,-1.62902,2.20416,-4196.18,0
1.22972,3504.78,0.677414,-1.67797,4.10592,-4248.84,0
1.23626,3504.78,0.647117,-1.75294,3.03891,-4222.93,0
1.24274,3504.73,0.498387,-1.85384,3.66324,-4237.52,0
1.24926,3504.79,0.500371,-1.73102,1.73017,-4168.76,0
1.25578,3504.66,0.592804,-1.63744,5.07399,-4248.88,0
1.26229,3504.72,0.569667,-1.42654,3.29936,-4180.9,0
1.26876,3504.69,0.754203,-1.75034,2.44024,-4185.58,0
1.2753,3504.68,0.746145,-1.67163,2.42047,-4168.72,0
1.28181,3504.64,0.885148,-1.59462,3.23378,-4181.57,0
1.2883,3504.7,0.71109,-1.3394,2.16218,-4111.66,0
1.2948,3504.6,0.800522,-1.41908,4.28494,-4169.38,0
1.30133,3504.62,0.825462,-1.47746,2.29705,-4134.79,0
1.3078,3504.61,1.2689,-1.47115,1.10615,-4123.3,0
1.31432,3504.52,1.17533,-1.51567,3.5278,-4173.24,0
1.32081,3504.55,1.13988,-1.46559,2.16076,-4126.88,0
1.32734,3504.6,1.10832,-1.35269,0.63101,-4068.72,0
1.33388,3504.54,0.956598,-1.19914,3.21219,-4093.33,0
1.34041,3504.55,1.02261,-1.17926,2.60519,-4067.65,0
1.3469,3504.51,1.32978,-1.29045,2.22171,-4079.16,0
1.35341,3504.52,1.1237,-1.17847,2.34557,-4045.7,0
1.35995,3504.53,1.1498,-0.967742,2.0641,-4020.53,0
1.36646,3504.34,1.14026,-1.03154,6.25593,-4141,0
1.37298,3504.29,1.14893,-1.08455,4.9483,-4160.75,0
1.3795,3504.32,1.47841,-1.15828,1.81637,-4119.54,0
1.38602,3504.35,1.25673,-1.14588,1.55412,-4079.61,0
1.39252,3504.3,1.17738,-0.881898,3.61371,-4092.89,0
1.39904,3504.2,1.11682,-0.853818,5.36309,-4143,0
1.40554,3504.2,1.0867,-0.886989,3.42575,-4129.35,0
1.41202,3504.17,1.2734,-0.776549,3.40105,-4127.47,0
1.41852,3504.2,1.27746,-0.833636,1.52997,-4088.4,0
1.42508,3504.23,1.08446,-0.776367,0.905313,-4049.81,0
1.4316,3504.1,1.44474,-0.713337,3.89055,-4123.31,0
1.43813,3504.03,1.42652,-0.775812,4.5395,-4148.34,0
1.44467,3504.08,1.51211,-0.750326,2.12345,-4099.67,0
1.45117,3504.05,1.52268,-0.7543,1.82992,-4097.36,0
1.45768,3504.02,1.65339,-0.548239,2.52214,-4102.51,0
1.46419,3504.07,1.54156,-0.697168,0.888172,-4052.88,0
1.4707,3503.99,1.62745,-0.615681,2.62687,-4088.34,0
1.47724,3503.95,1.69703,-0.568432,2.82579,-4097.9,0
1.48375,3503.87,1.88482,-0.618333,3.60998,-4129.92,0
1.49026,3503.78,1.94366,-0.571096,5.36554,-4174.87,0
1.49674,3503.76,1.92817,-0.611726,4.10438,-4171.64,0
1.50325,3503.84,1.84387,-0.429488,1.53048,-4098.85,0
1.50978,3503.81,1.7725,-0.67774,1.7844,-4099.54,0
1.51635,3503.77,1.77885,-0.740313,2.68317,-4109.56,0
1.52284,3503.72,1.72813,-0.671661,3.68328,-4124.19,0
1.52932,3503.74,1.61987,-0.64137,2.63273,-4094.51,0
1.53583,3503.67,1.72343,-0.647264,3.78444,-4119.52,0
1.54234,3503.72,1.72418,-0.743266,1.19025,-4072.17,0
1.54883,3503.66,1.62437,-0.89705,3.18887,-4094.85,0
1.55538,3503.76,1.48056,-0.760842,0.19102,-4008.85,0
1.56192,3503.71,1.50957,-0.618513,2.19478,-4026.3,0
1.56844,3503.69,1.53097,-0.752121,2.13435,-4024.12,0
1.57499,3503.65,1.49467,-0.868494,3.01938,-4033.26,0
1.5815,3503.59,1.525,-0.788799,4.84809,-4054.17,0
1.58803,3503.57,1.55286,-0.817187,3.74992,-4047.95,0
1.59449,3503.52,1.7265,-0.83768,3.90686,-4066.67,0
1.60098,3503.53,1.5714,-0.689042,4.29261,-4040.15,0
1.60746,3503.56,1.71215,-0.735685,1.19972,-4005.76,0
1.61401,3503.52,1.60597,-0.817793,2.54682,-4013.08,0
1.62054,3503.43,1.72849,-0.720183,4.60305,-4056.37,0
1.62708,3503.49,1.64147,-0.819397,1.2787,-4000.56,0
1.63361,3503.46,1.59016,-0.775666,2.43447,-4005.5,0
1.6401,3503.37,1.52095,-0.802631,5.29102,-4044.72,0
1.64662,3503.35,1.48266,-0.76656,4.56509,-4040.2,0
1.6531,3503.35,1.24937,-0.702453,5.28351,-4022.45,0
1.65963,3503.33,1.65729,-0.969976,1.95359,-4020.39,0
1.66614,3503.19,1.94479,-0.939014,4.22643,-4088.43,0
1.67267,3503.11,1.89522,-0.917565,5.96177,-4118.92,0
1.67913,3503.08,1.99427,-0.997575,4.31767,-4123.26,0
1.68566,3502.97,2.06,-1.02515,5.91215,-4170.43,0
1.69212,3502.93,2.0535,-1.16678,4.7414,-4178.35,0
1.69859,3502.84,2.12396,-1.15659,4.81844,-4213.64,0
1.70512,3502.81,2.10376,-1.10183,5.01166,-4214.31,0
1.7116,3502.8,2.13734,-1.08534,3.30003,-4207.92,0
1.7181,3502.77,2.00978,-1.13753,4.43538,-4207.68,0
1.72457,3502.79,2.00921,-1.21641,1.6594,-4179.03,0
1.73108,3502.69,2.0824,-1.17174,4.43841,-4221.6,0
1.73762,3502.59,2.20627,-1.256,5.70358,-4263.75,0
1.74411,3502.52,2.2158,-1.24064,5.40751,-4289.49,0
1.75061,3502.45,2.21413,-1.23831,4.0769,-4310.59,0
1.75713,3502.39,2.1229,-1.23197,6.16997,-4328.51,0
1.76361,3502.32,2.13445,-1.26348,6.61929,-4354.56,0
1.77009,3502.37,2.24312,-1.33813,1.10876,-4308.13,0
1.77653,3502.41,2.19655,-1.10935,0.886709,-4270.09,0
1.78305,3502.38,2.21172,-1.10509,1.87049,-4272.98,0
1.78961,3502.41,2.0766,-0.879393,3.44094,-4243.43,0
1.79611,3502.47,1.99558,-0.99909,0.309909,-4194.31,0
1.80265,3502.39,1.88766,-1.06161,3.92527,-4219.76,0
1.80912,3502.33,1.98467,-0.991644,5.27101,-4239.94,0
1.81562,3502.3,1.95492,-0.942102,5.61893,-4243.31,0
1.82211,3502.24,1.84497,-0.977343,6.47884,-4261.07,0
1.82864,3502.31,1.78702,-1.10326,2.14715,-4206.64,0
1.83514,3502.24,1.76483,-1.07823,5.1697,-4229.45,0
1.84165,3502.21,1.84969,-1.03114,4.25878,-4232.01,0
1.84816,3502.28,1.75309,-1.0514,0.545178,-4174.95,0
1.85467,3502.24,1.58665,-1.14091,3.31756,-4183.61,0
1.86116,3502.28,1.44558,-0.94797,3.77512,-4145.85,0
1.86768,3502.3,1.27755,-0.835933,4.28172,-4121.13,0
1.87421,3502.37,1.08653,-0.84031,1.27779,-4070.95,0
1.88067,3502.31,1.1686,-0.735794,3.96076,-4091.61,0
1.88722,3502.35,0.912794,-0.934985,1.97295,-4052.06,0
1.89374,3502.31,1.0836,-1.06935,1.52564,-4063.02,0
1.90025,3502.23,1.03872,-1.1386,4.40353,-4086.39,0
1.90677,3502.15,1.06091,-1.1644,6.37067,-4116.03,0
1.91328,3502.22,1.07574,-1.1263,0.796603,-4066.9,0
1.91976,3502.14,1.05731,-1.26322,3.24599,-4095.06,0
1.92628,3502.13,0.956379,-1.32458,2.88751,-4083.63,0
1.93276,3502.09,0.969228,-1.33637,3.80062,-4093.6,0
1.93928,3501.99,1.15744,-1.62741,2.68115,-4128.89,0
1.94578,3502,1.02775,-1.71974,1.82017,-4113.06,0
1.95227,3501.91,0.860043,-1.93031,3.43633,-4146.18,0
1.9587,3501.95,0.799363,-1.70864,4.36511,-4110.14,0
1.96523,3501.88,0.792891,-1.87965,3.94145,-4132.12,0
1.97172,3501.88,0.655837,-1.9621,2.72589,-4116.72,0
1.97822,3501.86,0.567533,-2.01467,2.61753,-4112.41,0
1.98473,3501.84,0.809605,-2.06632,0.874876,-4109.36,0
1.99126,3501.78,0.804111,-2.11779,2.78273,-4128.69,0
1.99777,3501.69,0.670217,-2.37522,2.63044,-4158.24,0
2.00425,3501.6,0.504228,-2.50774,4.52602,-4189.59,0
2.01071,3501.48,0.413561,-2.53166,6.99691,-4237.45,0
2.01715,3501.4,0.463957,-2.46268,5.58049,-4261.31,0
2.02365,3501.41,0.358124,-2.55893,2.53073,-4245.51,0
2.03012,3501.33,0.208537,-2.67084,3.61059,-4272.27,0
2.0366,3501.29,0.253294,-2.72678,3.55419,-4276.44,0
2.04313,3501.23,0.313185,-2.79719,4.29362,-4294.69,0
2.04964,3501.16,0.360179,-2.81988,3.8277,-4310.92,0
2.05614,3501.16,0.445758,-2.88605,1.68898,-4300.36,0
2.0626,3501.1,0.41283,-2.8931,4.03636,-4316.64,0
2.0691,3501.04,0.587013,-2.96886,3.02605,-4328.89,0
2.0756,3500.95,0.619475,-3.11565,2.13155,-4359.58,0
2.08211,3500.92,0.524517,-3.09041,3.51936,-4363.33,0
2.08863,3500.93,0.291916,-3.05433,4.12548,-4344.05,0
2.09517,3500.95,0.225765,-3.06882,1.99775,-4321.19,0
2.1017,3500.81,0.392618,-3.15571,4.57731,-4372.36,0
2.1082,3500.72,0.412378,-3.23256,5.23832,-4399.8,0
2.1147,3500.71,0.484031,-3.1574,4.72344,-4395.2,0
2.12118,3500.67,0.557405,-3.18972,3.06678,-4397.38,0
2.12768,3500.55,0.739178,-3.34272,2.81521,-4440.76,0
2.13419,3500.44,0.766871,-3.49912,2.42893,-4477.46,0
2.14068,3500.36,0.7396,-3.4542,5.51579,-4505.33,0
2.14719,3500.35,0.65446,-3.37047,5.71956,-4492.46,0
2.15371,3500.41,0.656042,-3.35469,2.64763,-4454.36,0
2.16022,3500.15,0.465649,-3.70142,3.93104,-4559.68,0
2.16673,3499.98,0.529529,-3.8427,5.07651,-4623,0
2.17328,3499.89,0.544558,-3.8416,6.45028,-4652.69,0
2.17975,3499.86,0.536764,-3.91626,3.02268,-4653.3,0
2.18625,3499.9,0.436455,-3.90996,1.40444,-4620.56,0
2.19274,3499.87,0.594165,-3.8582,3.02563,-4618.02,0
2.19922,3499.91,0.640883,-3.73217,3.74403,-4586.82,0
2.20572,3499.79,0.650999,-3.88953,2.72347,-4626.98,0
2.21223,3499.75,0.740731,-3.96361,1.18985,-4634.86,0
2.21874,3499.57,0.801371,-3.96358,5.47994,-4701.81,0
2.22525,3499.62,0.817734,-3.95734,1.7481,-4665.25,0
2.23177,3499.63,0.801294,-3.87668,3.61922,-4648.1,0
2.2383,3499.59,0.65572,-3.90255,4.71859,-4652.32,0
2.2448,3499.64,0.5939,-3.90182,2.02883,-4616.13,0
2.25129,3499.51,0.435856,-4.02073,3.42755,-4657.59,0
2.2578,3499.64,0.396935,-3.92054,1.24177,-4587.17,0
2.26428,3499.65,0.544708,-3.79871,3.26717,-4569.07,0
2.27079,3499.49,0.614898,-3.88019,5.93108,-4626.7,0
2.27734,3499.42,0.607442,-3.88869,5.28278,-4646.3,0
2.28388,3499.42,0.774376,-3.86069,2.86641,-4632.13,0
2.29042,3499.39,0.781326,-3.79995,4.97879,-4633.95,0
2.29694,3499.5,0.804617,-3.70708,2.38889,-4570.58,0
2.30341,3499.34,0.914623,-3.75605,5.63567,-4629,0
2.3099,3499.27,1.0937,-3.86394,2.03978,-4645.44,0
2.3164,3499.25,1.09301,-3.83416,2.98331,-4641.12,0
2.32288,3499.26,1.24171,-3.78865,1.76006,-4622.47,0
2.32936,3499.36,1.11982,-3.70876,1.1956,-4566.95,0
2.33585,3499.39,1.01746,-3.72227,0.100027,-4541.14,0
2.34239,3499.34,1.01964,-3.74723,1.08036,-4551.45,0
2.34885,3499.29,0.997718,-3.7311,3.07901,-4558.28,0
2.35536,3499.18,0.96685,-3.80795,4.14295,-4591.84,0
2.36189,3499.09,1.00956,-3.7872,6.4179,-4619.57,0
2.36841,3499.08,1.00336,-3.76796,5.42721,-4610.59,0
2.37489,3499.16,1.08321,-3.76936,0.548471,-4564.59,0
2.3814,3499.17,0.906423,-3.78217,0.979048,-4547.46,0
2.3879,3499.1,0.901079,-3.85713,0.748815,-4563.8,0
2.39439,3499.02,0.85701,-3.82179,4.70623,-4586.17,0
2.4009,3498.92,0.850687,-3.76201,6.91216,-4613.42,0
2.40743,3499.02,0.894981,-3.7231,0.557055,-4560.63,0
2.41392,3498.92,0.801621,-3.7696,3.4856,-4590.32,0
2.42042,3498.92,0.844007,-3.7847,2.19536,-4579.72,0
2.42696,3498.86,0.788257,-3.80768,3.128,-4591.45,0
2.43352,3498.61,0.915938,-4.05201,2.15844,-4681.72,0
2.44002,3498.53,0.811584,-4.17793,0.901978,-4701.97,0
2.44653,3498.53,0.581198,-4.12241,3.64482,-4686.32,0
2.453,3498.61,0.596114,-4.06457,2.14144,-4642.29,0
2.4595,3498.64,0.757368,-3.91169,5.60429,-4619.89,0
2.466,3498.71,0.754812,-3.81693,4.22785,-4579.03,0
2.47254,3498.76,0.685954,-3.81454,1.66553,-4544.5,0
2.47901,3498.56,0.860406,-3.85786,5.78223,-4616.46,0
2.4855,3498.38,0.86985,-4.03729,4.3509,-4673.4,0
2.49203,3498.31,0.986808,-4.0319,5.39873,-4692.45,0
2.49856,3498.2,0.95327,-4.01504,6.81094,-4723.38,0
2.50508,3498.2,1.0019,-4.07213,2.53176,-4709.01,0
2.51157,3498.08,0.930656,-4.08472,6.27176,-4744.9,0
2.51804,3498.19,0.908551,-4.0952,0.181792,-4688.78,0
2.52455,3498.04,1.09992,-4.14432,1.91518,-4739.16,0
2.53104,3498.02,1.14543,-4.07428,4.00825,-4732.7,0
2.53757,3498.07,1.12561,-4.03684,2.50304,-4701.01,0
2.54412,3497.92,0.997454,-4.12795,5.16956,-4748.23,0
2.55059,3497.85,1.13201,-4.20512,1.76116,-4764.71,0
2.55709,3498.03,1.20843,-3.97756,2.95864,-4681.35,0
2.56363,3498,1.27989,-3.94524,3.51663,-4680.73,0
2.57014,3497.91,1.30208,-3.91429,7.12434,-4705.01,0
2.57663,3497.82,1.34549,-3.96199,4.62761,-4728.78,0
2.58316,3497.75,1.3504,-4.0234,3.27248,-4740.58,0
2.58964,3497.8,1.22366,-3.93696,5.48551,-4710.41,0
2.59614,3497.72,1.24628,-3.84784,8.45528,-4729.31,0
2.60264,3497.76,1.26401,-3.77141,5.88686,-4703.27,0
2.60907,3497.76,1.31451,-3.706,4.41617,-4692.17,0
2.61556,3497.71,1.43824,-3.62127,6.78272,-4697.94,0
2.62208,3497.62,1.39681,-3.73354,3.76286,-4721.02,0
2.62859,3497.5,1.25775,-3.71906,7.64986,-4754.2,0
2.63506,3497.62,1.21333,-3.70438,3.05723,-4698.61,0
2.64154,3497.54,1.26081,-3.71895,3.20963,-4716.09,0
2.64808,3497.5,1.12773,-3.78318,3.30539,-4720.79,0
2.65459,3497.47,1.18982,-3.80261,2.12555,-4720.36,0
2.66111,3497.48,1.14286,-3.73915,4.61449,-4706.5,0
2.6676,3497.45,1.11964,-3.72086,4.28621,-4705.44,0
2.67416,3497.45,1.11399,-3.63065,7.58387,-4691.27,0
2.6807,3497.45,1.14379,-3.62465,4.56613,-4680.26,0
2.6872,3497.46,1.17118,-3.51981,7.04968,-4667.71,0
2.69374,3497.37,1.09764,-3.5912,5.00183,-4687.13,0
2.70024,3497.42,1.10873,-3.51652,4.63265,-4657.51,0
2.70673,3497.38,1.02697,-3.53123,4.1213,-4660.89,0
2.71322,3497.41,1.17692,-3.39928,5.31306,-4640.13,0
2.71975,3497.37,1.16624,-3.43493,2.69428,-4645.19,0
2.72625,3497.17,1.13834,-3.54849,3.13789,-4704.96,0
2.73273,3497.23,1.15177,-3.48362,2.95205,-4672.07,0
2.73923,3497.25,1.22063,-3.42134,3.58351,-4655.8,0
2.74572,3497.24,1.4248,-3.37663,1.13254,-4646.9,0
2.75226,3497.12,1.59039,-3.32787,4.03639,-4678.13,0
2.75878,3497.18,1.51322,-3.27546,3.89663,-4647.48,0
2.76523,3497.22,1.42309,-3.30168,2.38643,-4622.78,0
2.77179,3497.27,1.39138,-3.25159,2.06816,-4591.66,0
2.7783,3497.2,1.54307,-3.22509,1.99402,-4607.54,0
2.7848,3497.01,1.67159,-3.29346,2.15496,-4665.01,0
2.79134,3496.96,1.59084,-3.29759,5.09627,-4670.56,0
2.79788,3496.96,1.61558,-3.25142,5.78171,-4659.21,0
2.80437,3496.97,1.57162,-3.17955,7.39573,-4645.7,0
2.81084,3496.9,1.51663,-3.17056,5.08715,-4659.76,0
2.81733,3496.82,1.46,-3.25782,3.39253,-4676.64,0
2.8238,3496.87,1.48569,-3.23211,1.553,-4650.64,0
2.83032,3497,1.46425,-3.09814,3.64108,-4593.36,0
2.83685,3496.91,1.36523,-3.0968,6.01192,-4614.84,0
2.84341,3496.96,1.36076,-3.02576,6.3853,-4585.76,0
2.84997,3497,1.38307,-2.99931,3.72846,-4559.92,0
2.85648,3497.13,1.51795,-2.80223,5.24957,-4505.93,0
2.86297,3496.91,1.48857,-2.95475,5.23046,-4573.47,0
2.86951,3496.87,1.4297,-3.01813,4.13813,-4577.39,0
2.876,3496.93,1.38611,-2.95393,4.34462,-4542.84,0
2.88248,3497.16,1.21105,-2.89873,2.277,-4456.02,0
2.889,3497.08,1.18862,-2.80786,8.7393,-4472.04,0
2.89552,3497.04,1.21663,-2.88934,0.957117,-4475.05,0
2.90206,3496.92,1.18695,-2.93698,2.88915,-4507.62,0
2.90856,3496.86,1.23585,-2.92268,4.14028,-4517.54,0
2.91505,3496.91,0.985609,-3.01724,1.30942,-4491.04,0
2.92156,3497.03,1.07126,-2.88446,1.53262,-4440.83,0
2.92803,3496.95,1.10537,-2.87527,3.84446,-4456.06,0
2.93457,3497.04,1.02827,-2.87504,0.989423,-4416.08,0
2.94108,3496.97,1.01761,-2.83138,5.85594,-4429.17,0
2.9476,3496.88,0.958595,-2.89629,3.5347,-4451.7,0
2.9541,3496.74,0.977717,-2.99084,0.369406,-4487.19,0
2.96063,3496.72,0.865291,-2.90608,8.10164,-4483.94,0
2.96715,3496.69,0.967182,-2.95054,2.52428,-4487.16,0
2.97367,3496.83,1.0585,-2.81376,2.55127,-4429.94,0
2.98016,3496.89,0.982714,-2.79998,1.89772,-4399.95,0
2.98666,3496.82,1.06005,-2.67222,8.43719,-4414.53,0
2.99318,3496.84,1.04705,-2.61923,7.30933,-4396.94,0
2.99965,3496.95,1.0453,-2.56007,4.67492,-4351.69,0
3.0062,3496.78,1.04005,-2.61896,6.64872,-4397.01,0
3.01268,3496.73,0.973918,-2.66164,5.38928,-4404.31,0
3.01919,3496.6,1.03038,-2.61829,7.74739,-4439.04,0
3.02568,3496.6,1.00864,-2.58293,5.49518,-4428.89,0
3.03218,3496.61,0.87541,-2.53964,7.81427,-4417.28,0
3.03868,3496.62,0.965017,-2.50313,5.62143,-4404.15,0
3.04515,3496.71,1.03066,-2.39233,4.48402,-4362.7,0
3.05165,3496.79,1.15109,-2.30429,1.58166,-4329.13,0
3.05812,3496.82,1.12138,-2.24332,4.88553,-4310.05,0
3.06461,3496.88,1.20781,-2.15892,1.87827,-4279.97,0
3.07112,3496.93,1.11582,-2.14975,3.37439,-4254.29,0
3.07762,3496.79,1.14105,-2.07607,1.31053,-4291.18,0
3.08413,3496.74,1.13501,-2.04428,5.20007,-4297.91,0
3.09066,3496.73,1.01159,-2.07682,6.43885,-4293.47,0
3.09719,3496.65,0.952082,-2.06282,8.48165,-4310.39,0
3.10366,3496.65,0.840926,-2.12679,2.98181,-4300.67,0
3.11023,3496.63,1.03056,-1.99865,5.56963,-4298.25,0
3.11674,3496.78,0.961218,-1.96223,3.5378,-4241.26,0
3.12325,3496.87,1.07356,-1.84885,2.37769,-4203.98,0
3.12977,3496.73,1.02943,-1.88661,7.23822,-4241.03,0
3.1363,3496.59,1.074,-1.95239,4.85561,-4276.85,0
3.14283,3496.7,1.05693,-1.88253,4.36482,-4231.46,0
3.14933,3496.77,1.07051,-1.74981,7.63,-4199.98,0
3.15587,3496.72,1.0258,-1.66039,6.9007,-4207.84,0
3.16239,3496.78,1.06749,-1.48251,4.46482,-4180.82,0
3.1689,3496.88,1.02173,-1.45403,3.79058,-4141.81,0
3.17541,3496.84,1.03387,-1.39849,8.41883,-4143.62,0
3.18194,3496.81,1.05885,-1.30601,2.93531,-4144.02,0
3.18848,3496.78,1.2713,-1.10869,3.0506,-4146.94,0
3.195,3496.73,1.2241,-1.10986,4.9036,-4153.16,0
3.20152,3496.79,1.15418,-1.17622,0.309372,-4125.16,0
3.208,3496.99,1.11611,-1.0853,1.30623,-4055.71,0
3.21451,3496.99,1.05984,-1.03404,8.52523,-4045.79,0
3.22103,3497.01,0.995336,-1.10341,4.32109,-4032.44,0
3.22754,3496.94,0.995355,-1.11133,2.31976,-4047.65,0
3.23405,3497.04,0.963862,-1.04257,6.20871,-4008.67,0
3.24058,3497.08,0.759627,-1.184,3.01175,-3987.52,0
3.24707,3497.06,0.689987,-1.10378,7.77575,-3984.7,0
3.25357,3497.24,0.690492,-1.04184,3.76148,-3922.81,0
3.26007,3497.08,0.616494,-1.08553,0.584721,-3964.18,0
3.26655,3497.16,0.569547,-1.03017,6.25129,-3930.22,0
3.27304,3497.23,0.585007,-0.965038,8.54476,-3900.56,0
3.27953,3497.18,0.522432,-0.938104,8.29967,-3909.89,0
3.28602,3497.11,0.411512,-1.01684,4.23603,-3924.12,0
3.29252,3496.97,0.494951,-1.0342,0.895015,-3956.75,0
3.29905,3497,0.438889,-0.953131,6.47699,-3940.78,0
3.30554,3497.01,0.377601,-0.871396,4.87703,-3931.08,0
3.31207,3496.91,0.188602,-0.769026,8.36923,-3953.58,0
3.31857,3496.72,0.291366,-0.672074,4.14808,-4000.52,0
3.3224,3496.71,0.198974,-0.638306,11.9862,-4001.44,0
