0.00648221,3509.85,7.20124,-5.79863,2.74503,-23107.5,0
0.0129013,3509.79,7.03748,-5.84319,3.19399,-15976.1,0
0.0194202,3509.87,7.24141,-5.95551,0.382015,-6668.77,0
0.025932,3509.8,7.33859,-6.03669,0.608177,-7855.17,0
0.0324449,3509.73,7.3229,-5.91079,1.7965,-8289.79,0
0.0388937,3509.74,7.61151,-5.9717,0.297298,-6633.59,0
0.0454178,3509.72,7.42844,-5.66116,2.0327,-6248.48,0
0.0518947,3509.52,7.38196,-5.66723,4.27741,-9326.11,0
0.0583955,3509.43,7.45359,-5.69862,3.95289,-9821.75,0
0.0649255,3509.42,7.33546,-5.73341,3.45837,-8948.36,0
0.0714091,3509.51,7.39018,-5.68175,1.70675,-6916.92,0
0.0779284,3509.41,7.43975,-5.51992,2.94923,-7539.42,0
0.084441,3509.32,7.39378,-5.7287,3.13341,-8052.66,0
0.0909368,3509.39,7.58042,-5.68688,1.19493,-6727.63,0
0.0974069,3509.27,7.49747,-5.80875,2.43232,-7459.12,0
0.103883,3509.2,7.52751,-5.73386,3.06837,-7748.16,0
0.110393,3509.15,7.57074,-5.76056,2.7498,-7660.43,0
0.116917,3509.21,7.61739,-5.51253,1.99617,-6750.12,0
0.123456,3509.06,7.71155,-5.5617,3.31514,-7632.72,0
0.129968,3509.15,7.67493,-5.46549,1.87273,-6508.02,0
0.136506,3509.06,7.7709,-5.37446,2.78271,-6861.81,0
0.143044,3509.17,7.69641,-5.45389,1.01415,-5781.68,0
0.149576,3509.21,7.66206,-5.42686,0.553039,-5288.63,0
0.156081,3509.07,7.65452,-5.32795,2.58305,-5938,0
0.162545,3509.03,7.6219,-5.30107,2.98705,-5983.91,0
0.16903,3509.06,7.59357,-5.36468,2.09742,-5586.77,0
0.175531,3509.1,7.67423,-5.25402,1.17926,-5119.36,0
0.182053,3509.22,7.59968,-4.8864,0.514323,-4300.05,0
0.188608,3509.1,7.47762,-4.85084,2.7037,-4785.27,0
0.19516,3509.17,7.50535,-4.84404,1.17479,-4264.65,0
0.201643,3509.16,7.45245,-4.70127,1.58208,-4160.45,0
0.208125,3509.13,7.23257,-4.93041,1.96977,-4189.54,0
0.214641,3508.97,7.23036,-4.94618,3.58527,-4790.03,0
0.22113,3509.01,7.24248,-4.72755,2.92947,-4490.67,0
0.227619,3508.98,7.27718,-4.65812,2.61776,-4479.5,0
0.234066,3508.97,7.25461,-4.62755,2.58873,-4388.27,0
0.240581,3509.09,7.24619,-4.58366,0.714966,-3795.3,0
0.247119,3509.11,7.12333,-4.30511,1.29253,-3586.59,0
0.253623,3509.02,7.00346,-4.1579,2.8659,-3866.12,0
0.260157,3508.9,6.99491,-4.20067,3.90632,-4224.73,0
0.266666,3508.91,6.9211,-4.24356,3.00637,-4079.39,0
0.273185,3509.04,6.90111,-4.33334,0.436604,-3498.79,0
0.279668,3508.93,6.77198,-4.30278,2.717,-3836.42,0
0.286205,3509.01,6.83106,-4.29363,0.985813,-3461.76,0
0.292683,3508.97,6.83522,-4.29662,1.40862,-3520.57,0
0.29916,3508.89,6.94831,-4.67229,1.10566,-3710.01,0
0.305689,3508.81,6.72196,-4.66034,3.06202,-3905.8,0
0.312223,3508.91,6.77158,-4.60996,0.975666,-3492.04,0
0.318709,3508.72,6.92757,-4.76132,2.68131,-4021.4,0
0.325197,3508.76,7.2196,-4.66104,0.696131,-3808.75,0
0.331746,3508.88,6.81902,-4.46287,0.842148,-3367.06,0
0.338243,3508.77,6.69983,-4.45579,2.66661,-3624.53,0
0.344745,3508.63,6.73451,-4.59137,3.9498,-3959.84,0
0.351246,3508.65,6.69944,-4.50025,3.16761,-3850.53,0
0.357776,3508.55,6.57599,-4.56824,3.82523,-4045.45,0
0.3643,3508.63,6.48263,-4.5662,2.27679,-3768.7,0
0.370733,3508.5,6.44505,-4.8412,3.03105,-4034.23,0
0.377223,3508.43,6.46074,-4.82178,3.34717,-4174.41,0
0.383726,3508.43,6.43505,-4.80576,2.65614,-4091.83,0
0.390241,3508.37,6.65406,-4.76204,2.4572,-4170.16,0
0.39673,3508.5,6.65597,-4.6239,0.379631,-3784.27,0
0.403249,3508.4,6.63248,-4.60651,1.97369,-3971.26,0
0.409737,3508.44,6.40054,-4.65535,1.93863,-3808.2,0
0.416258,3508.39,6.37986,-4.54845,2.94262,-3876.49,0
0.422798,3508.28,6.34432,-4.64155,3.82106,-4068.65,0
0.429286,3508.27,6.48412,-4.57677,2.93107,-4040.57,0
0.435808,3508.39,6.04218,-4.62115,2.25825,-3704.56,0
0.442325,3508.25,5.99376,-4.63041,3.76143,-3948.29,0
0.448801,3508.19,6.20144,-4.74472,2.81875,-4028.23,0
0.455322,3508.15,6.16862,-4.78582,2.80875,-4068.13,0
0.461827,3508.05,6.18094,-4.81732,3.42492,-4223.51,0
0.468311,3508.1,6.2373,-4.95317,1.3976,-4054.12,0
0.474809,3508.17,6.16343,-4.80764,0.79694,-3862.56,0
0.48137,3507.97,6.04984,-4.88614,3.82089,-4217.76,0
0.487881,3508,6.07569,-4.77398,2.74828,-4096.35,0
0.49436,3508.15,5.83367,-4.99941,0.282278,-3748.19,0
0.500866,3508.11,5.74449,-5.0544,0.898051,-3774.81,0
0.507382,3508.02,5.83289,-4.97492,2.00748,-3908.49,0
0.513898,3507.99,5.89061,-5.19276,1.00714,-3903.88,0
0.520412,3508.11,5.56793,-5.05057,0.481224,-3622.84,0
0.52687,3508.01,5.56511,-5.26121,1.23344,-3781.24,0
0.533351,3507.95,5.59839,-5.4335,1.32675,-3847.01,0
0.539847,3507.97,5.58059,-5.10508,1.98349,-3756.87,0
0.546336,3508.03,5.55067,-5.1219,0.973052,-3612.43,0
0.552857,3507.91,5.71847,-4.90501,2.7771,-3777.34,0
0.559333,3507.86,5.89831,-5.07278,2.18187,-3831.59,0
0.565847,3507.88,5.81878,-5.17057,1.58088,-3746.92,0
0.572342,3507.96,5.55978,-4.89372,2.03792,-3567.03,0
0.578883,3507.96,5.4587,-4.8153,2.06782,-3518.53,0
0.585392,3508.03,5.39455,-4.48593,1.96324,-3359.23,0
0.591917,3507.88,5.52559,-4.36451,3.64907,-3575.19,0
0.598388,3507.79,5.55183,-4.50283,3.78487,-3685.48,0
0.604919,3507.77,5.42761,-4.43095,4.05692,-3689.62,0
0.611436,3507.69,5.40673,-4.3093,4.73264,-3774.36,0
0.61793,3507.67,5.58029,-4.19598,3.76668,-3770.57,0
0.624506,3507.61,5.56299,-4.17576,3.92136,-3826.31,0
0.631031,3507.52,5.47049,-4.10821,4.67432,-3937.3,0
0.637574,3507.63,5.41434,-4.16109,2.05169,-3722.02,0
0.644048,3507.57,5.33397,-4.12618,2.99062,-3768.36,0
0.65053,3507.53,5.4551,-4.03256,2.81032,-3797.27,0
0.657021,3507.54,5.42843,-3.82739,2.93725,-3751.06,0
0.66351,3507.57,5.37024,-3.86112,1.84386,-3668,0
0.670011,3507.64,5.22938,-3.79194,0.929995,-3515.53,0
0.676531,3507.48,5.10686,-3.91403,3.82844,-3728.32,0
0.683017,3507.41,5.03303,-4.01918,4.21265,-3789.99,0
0.68953,3507.55,4.93859,-3.99136,1.53276,-3559.21,0
0.696049,3507.54,5.24824,-3.932,0.336037,-3538.23,0
0.702535,3507.43,5.18284,-3.97495,2.23748,-3659.67,0
0.709044,3507.46,4.9747,-3.90299,2.44912,-3575.43,0
0.715553,3507.39,5.10132,-4.17517,2.12104,-3647.91,0
0.72202,3507.43,4.95578,-4.27162,1.25414,-3553.15,0
0.728535,3507.35,5.23998,-3.91804,2.67135,-3642.38,0
0.73506,3507.45,5.08385,-3.92023,0.420398,-3471.8,0
0.741557,3507.31,5.16088,-3.91668,2.18761,-3621.32,0
0.748088,3507.36,5.06401,-3.75193,1.8045,-3528.82,0
0.754563,3507.36,5.06404,-3.66184,1.66886,-3494.48,0
0.761096,3507.33,5.01522,-3.61945,2.25443,-3512.11,0
0.767619,3507.33,5.05219,-3.39213,2.32155,-3478.48,0
0.774146,3507.29,5.21734,-3.46838,1.92832,-3503.08,0
0.78064,3507.25,5.36778,-3.64751,0.978585,-3521.3,0
0.787102,3507.21,5.42037,-3.70927,1.27,-3550.41,0
0.793606,3507.17,5.37621,-3.49525,2.66211,-3565.11,0
0.800161,3507.06,5.34596,-3.57549,3.68946,-3669.68,0
0.806655,3507.03,5.26683,-3.6512,3.71198,-3676.35,0
0.813127,3507.01,5.22163,-3.6995,3.23436,-3682.46,0
0.819682,3507.01,5.21626,-3.65775,2.92129,-3646.11,0
0.826207,3507.11,5.3311,-3.5347,0.661802,-3500.12,0
0.832721,3507.15,5.0559,-3.38805,1.27401,-3423.76,0
0.839236,3506.98,5.13477,-3.41446,3.88671,-3602.94,0
0.845767,3507.13,5.10442,-3.55132,0.1365,-3387.89,0
0.852218,3506.92,5.11643,-3.66901,3.25442,-3616.42,0
0.858728,3506.97,5.09751,-3.67232,1.82888,-3528.36,0
0.865176,3506.79,5.13002,-3.62103,4.30599,-3704.77,0
0.871661,3506.69,5.07357,-3.70701,4.85118,-3795.98,0
0.878168,3506.65,5.09549,-3.72752,4.0822,-3811.72,0
0.884725,3506.59,5.17279,-3.81967,3.99781,-3858.28,0
0.891251,3506.7,5.06804,-3.76237,1.78125,-3703.83,0
0.897734,3506.58,5.02927,-3.57161,4.21293,-3805.73,0
0.904242,3506.59,5.18651,-3.49866,2.60511,-3773.08,0
0.910733,3506.55,5.22513,-3.42448,2.91818,-3788.96,0
0.917242,3506.6,5.15537,-3.32523,1.81786,-3707.04,0
0.923735,3506.72,4.83531,-3.17894,1.05743,-3547.27,0
0.930226,3506.69,5.00996,-3.26505,0.329532,-3557.59,0
0.936726,3506.47,5.06956,-3.15803,4.15121,-3764.23,0
0.943281,3506.54,5.23811,-3.19936,0.734683,-3669.69,0
0.949766,3506.37,5.22315,-3.17616,3.5032,-3818.91,0
0.956296,3506.41,5.42674,-3.22254,0.859984,-3751.88,0
0.962833,3506.31,5.49991,-3.23923,2.14666,-3835.09,0
0.96931,3506.32,5.65919,-3.17506,0.944392,-3794.48,0
0.975824,3506.28,5.57906,-3.33003,1.63927,-3815.71,0
0.982321,3506.22,5.61966,-3.07224,2.87101,-3846.96,0
0.988859,3506.18,5.81389,-3.04824,2.13107,-3859.93,0
0.995384,3506.22,5.85397,-2.8281,1.54693,-3793.21,0
1.0019,3506.24,5.75616,-2.64194,2.10566,-3753.46,0
1.00844,3506.3,5.58347,-2.40223,2.29587,-3669.34,0
1.01494,3506.34,5.50751,-2.32107,1.74057,-3609.41,0
1.02144,3506.33,5.49563,-2.227,1.80125,-3593.12,0
1.02793,3506.21,5.54774,-2.2126,3.51251,-3688.48,0
1.03443,3506.18,5.65378,-2.14351,3.0031,-3693,0
1.04095,3505.98,5.64422,-2.15411,5.46586,-3860.55,0
1.04747,3505.87,5.69174,-2.19095,4.82262,-3946.67,0
1.05398,3505.84,5.71084,-2.25891,3.40152,-3949.15,0
1.06048,3505.98,5.49016,-2.39593,0.853758,-3788.19,0
1.06698,3505.96,5.22483,-2.52605,2.44146,-3789.98,0
1.07349,3506.01,5.0432,-2.35284,2.22807,-3712.27,0
1.07996,3506.01,5.12347,-2.3,1.66253,-3692.55,0
1.08643,3505.87,4.94138,-2.31891,5.1007,-3799.69,0
1.09295,3505.83,4.9087,-2.37796,3.96394,-3813.64,0
1.09947,3505.92,5.06654,-2.089,1.27169,-3706.78,0
1.10598,3505.9,5.11416,-2.15785,0.872629,-3709.73,0
1.11251,3505.76,5.33686,-1.94283,2.71966,-3813.18,0
1.11906,3505.65,5.34893,-1.88086,4.4479,-3889.65,0
1.12555,3505.54,5.25167,-1.81303,5.70051,-3964.27,0
1.13203,3505.6,5.27881,-1.75851,2.36414,-3886.38,0
1.13854,3505.6,5.36461,-1.89311,0.940042,-3862.73,0
1.14503,3505.48,5.37903,-1.97845,2.77057,-3947.15,0
1.15151,3505.41,5.33889,-1.91796,3.99848,-3984.55,0
1.158,3505.44,5.25896,-1.99618,2.64013,-3940.49,0
1.16458,3505.35,5.12448,-2.06806,4.54051,-3996.18,0
1.17108,3505.4,5.18822,-2.38011,1.15921,-3930.51,0
1.1776,3505.31,5.28226,-2.10989,2.89585,-3983.79,0
1.18406,3505.26,5.2655,-2.25897,3.1038,-4002.92,0
1.19055,3505.19,5.34009,-2.2751,3.2431,-4038.94,0
1.19707,3505.21,5.36373,-2.27688,2.17108,-3997.4,0
1.20353,3505.18,5.32267,-1.90203,3.68871,-4001.21,0
1.21006,3505.18,5.3418,-1.77749,2.98233,-3981.56,0
1.21658,3505.09,5.45239,-1.95194,3.40512,-4038.57,0
1.22309,3505.12,5.45907,-1.94901,2.2202,-3987.56,0
1.2296,3505.11,5.40706,-1.99617,2.42083,-3976.6,0
1.23613,3505.02,5.54669,-1.97613,2.86316,-4025.83,0
1.24263,3505.05,5.41537,-2.21502,2.33332,-3986,0
1.24914,3505.05,5.45306,-2.34846,1.42747,-3965.72,0
1.25569,3504.99,5.67079,-2.27133,0.983448,-3988.35,0
1.2622,3504.91,5.49416,-2.3069,3.32946,-4028.81,0
1.26873,3504.86,5.45008,-2.43456,3.92596,-4048.27,0
1.27527,3505,5.49404,-2.40639,0.236115,-3920.19,0
1.28179,3504.75,5.83864,-2.35773,2.98492,-4092.43,0
1.28833,3504.78,5.79901,-2.35038,1.60707,-4050.53,0
1.29486,3504.77,5.53412,-2.25827,3.91398,-4040.88,0
1.30139,3504.71,5.54732,-2.09381,4.1885,-4061.35,0
1.30789,3504.84,5.54322,-2.06592,0.435,-3943.19,0
1.31437,3504.72,5.59721,-2.23026,1.47509,-4013.85,0
1.32089,3504.58,5.7659,-2.24221,3.11351,-4103.93,0
1.32741,3504.57,5.65427,-2.0843,3.93078,-4089.37,0
1.33395,3504.5,5.66711,-2.07907,4.26815,-4125.24,0
1.34051,3504.46,5.65955,-2.13511,3.86247,-4130.49,0
1.34699,3504.37,5.64103,-2.08298,4.63259,-4180.21,0
1.35351,3504.42,5.62722,-1.95477,3.23355,-4124.82,0
1.36006,3504.41,5.76111,-1.93202,1.73447,-4111.56,0
1.36654,3504.4,5.60211,-2.07117,2.21678,-4095.23,0
1.37301,3504.36,5.4735,-2.10058,3.48598,-4109.82,0
1.37951,3504.28,5.48452,-2.10858,4.21109,-4149.55,0
1.38604,3504.2,5.74258,-2.05053,3.16775,-4181.62,0
1.39252,3504.25,5.63685,-2.15685,2.164,-4131.84,0
1.39904,3504.26,5.49807,-2.14637,2.81681,-4101.26,0
1.40554,3504.25,5.44136,-2.01851,3.64619,-4091.97,0
1.41202,3504.18,5.46747,-2.03737,4.15462,-4118.42,0
1.41852,3504.15,5.41267,-1.96361,4.5634,-4124.38,0
1.42508,3504.05,5.4266,-1.98192,4.30266,-4174.98,0
1.43158,3504.11,5.32469,-2.02938,3.02448,-4115.76,0
1.43807,3504.14,5.4452,-1.9617,1.16894,-4078.33,0
1.44463,3504.11,5.39331,-1.79936,2.49689,-4077.16,0
1.45114,3504.03,5.4342,-1.94855,3.08216,-4115.89,0
1.45768,3504.15,5.26972,-1.97267,0.909278,-4013.82,0
1.46419,3504.05,5.3747,-2.25593,1.24575,-4066.07,0
1.47074,3503.97,5.48061,-2.40977,1.07248,-4098.79,0
1.4772,3503.83,5.32567,-2.35244,4.85139,-4177.32,0
1.48367,3503.81,5.23823,-2.35379,4.1143,-4172.21,0
1.49017,3503.73,5.23392,-2.32303,4.31685,-4204.66,0
1.49665,3503.68,5.27926,-2.37602,3.80835,-4222,0
1.50315,3503.65,5.40673,-2.61163,1.81506,-4225,0
1.50965,3503.61,5.3784,-2.55768,2.89793,-4234.88,0
1.51615,3503.55,5.40116,-2.4535,4.04398,-4255.39,0
1.52266,3503.51,5.47819,-2.46639,3.48136,-4261.55,0
1.52918,3503.45,5.53999,-2.61026,2.93209,-4282.1,0
1.53569,3503.56,5.43628,-2.49673,1.1421,-4191.47,0
1.5422,3503.44,5.44375,-2.58527,2.95496,-4251.41,0
1.54874,3503.52,5.38786,-2.45357,1.63567,-4182.28,0
1.55526,3503.46,5.23227,-2.52163,3.9716,-4207.92,0
1.5618,3503.44,5.32544,-2.50317,2.2974,-4200.59,0
1.5683,3503.42,5.49267,-2.05502,2.68815,-4193.49,0
1.57479,3503.33,5.48861,-2.04656,3.75215,-4233.4,0
1.58127,3503.27,5.42778,-2.00952,5.02872,-4257.01,0
1.58777,3503.23,5.24432,-1.98292,5.78433,-4262.21,0
1.59427,3503.22,5.21947,-1.91898,4.7051,-4250.05,0
1.60076,3503.28,5.29895,-1.84792,0.848701,-4198.41,0
1.6073,3503.16,5.40171,-1.86656,2.09766,-4257.03,0
1.61382,3503.12,5.28382,-1.83581,3.87652,-4266.25,0
1.62032,3502.99,5.34001,-1.91868,4.80172,-4329.09,0
1.62683,3503.02,5.32939,-1.98526,2.89683,-4292.51,0
1.63334,3503.04,5.27608,-1.85053,2.99289,-4260.04,0
1.63981,3503,5.15542,-1.89075,4.51844,-4269.33,0
1.64631,3503,5.19267,-2.00524,2.84168,-4253.11,0
1.65282,3503,5.27887,-2.04931,1.26535,-4236.91,0
1.65929,3502.95,5.1531,-2.20188,3.02609,-4249.65,0
1.66582,3502.91,5.22677,-2.09191,2.92914,-4258.81,0
1.67235,3502.95,5.2116,-1.87764,2.28141,-4214.38,0
1.67884,3502.84,5.34899,-1.95853,2.83498,-4266.4,0
1.68536,3502.84,5.35652,-2.08731,1.63317,-4246.61,0
1.6919,3502.8,5.32435,-1.97774,3.28599,-4258.51,0
1.69843,3502.77,5.29213,-1.94474,3.94889,-4254.73,0
1.70495,3502.65,5.53589,-2.10478,2.98599,-4311.93,0
1.71146,3502.59,5.73825,-2.23535,0.982555,-4327.98,0
1.71791,3502.59,5.45228,-2.29567,3.70904,-4311.74,0
1.72445,3502.65,5.34584,-2.34256,2.81897,-4264.99,0
1.73095,3502.63,5.29028,-2.42037,2.66594,-4258.64,0
1.7374,3502.56,5.42718,-2.33527,2.75303,-4283.87,0
1.74393,3502.46,5.39395,-2.34297,5.02532,-4324.63,0
1.75038,3502.44,5.36326,-2.15433,4.29657,-4319.87,0
1.75688,3502.44,5.25796,-2.27499,4.47264,-4304.89,0
1.76337,3502.33,5.27022,-2.28171,5.32732,-4350.18,0
1.76988,3502.34,5.23052,-2.23881,4.11165,-4330.56,0
1.7764,3502.32,5.31977,-2.161,3.3124,-4324.74,0
1.78287,3502.29,5.31746,-2.2387,3.18298,-4325.73,0
1.78939,3502.3,5.2966,-2.45712,1.53106,-4305.88,0
1.79588,3502.21,5.26757,-2.57227,3.17186,-4339.62,0
1.80239,3502.11,5.22406,-2.64272,4.50987,-4376.11,0
1.80888,3502.08,5.13422,-2.66466,5.07522,-4376.96,0
1.81537,3502.2,5.08151,-2.77598,0.741149,-4296.58,0
1.82191,3502.17,5.09309,-2.78701,1.22821,-4299.76,0
1.8284,3502.17,4.97957,-2.79172,1.76563,-4283.12,0
1.83494,3502.1,5.19436,-2.48305,2.49502,-4302.89,0
1.84146,3502.24,5.01875,-2.39948,1.27717,-4215.29,0
1.84794,3502.12,4.87177,-2.70064,3.93809,-4262.98,0
1.85446,3502.07,4.80614,-2.77594,4.49659,-4274.04,0
1.86099,3502,4.80603,-2.76505,5.16637,-4296.98,0
1.86747,3502.07,4.80785,-2.89229,1.49739,-4246.85,0
1.87396,3501.95,5.04456,-2.75249,2.48469,-4294.68,0
1.88044,3501.98,4.94508,-2.67034,3.23064,-4265.24,0
1.887,3501.97,5.02465,-2.64289,2.13358,-4253.94,0
1.89351,3501.88,5.02994,-2.68911,2.88048,-4285.82,0
1.90002,3501.83,5.0217,-2.71183,3.6412,-4301.04,0
1.90654,3501.88,5.02169,-2.55643,2.44173,-4259.19,0
1.91305,3501.83,5.0231,-2.48107,3.59949,-4271.06,0
1.91955,3501.82,5.13062,-2.44927,1.84441,-4260.16,0
1.92603,3501.78,5.04208,-2.36267,4.55476,-4268.26,0
1.93256,3501.78,5.07442,-2.34726,3.55241,-4251.13,0
1.93908,3501.79,4.99802,-2.27458,3.95522,-4233.5,0
1.9456,3501.9,4.95004,-2.05863,2.11827,-4161.59,0
1.95207,3501.92,4.75841,-2.26323,2.46299,-4138.7,0
1.9586,3501.89,4.85642,-2.23202,1.30577,-4139.25,0
1.96511,3501.88,4.72196,-2.20995,3.03897,-4130.58,0
1.97164,3501.8,4.90597,-2.07174,3.43522,-4158.55,0
1.97814,3501.87,4.80052,-2.08397,1.74328,-4110.89,0
1.98466,3502.03,4.6026,-1.86028,0.597442,-4016.37,0
1.99117,3501.85,4.70019,-2.10163,2.87618,-4092.11,0
1.9977,3501.99,4.47925,-2.0919,1.67584,-4011.6,0
2.00423,3502.07,4.4042,-1.82712,1.55117,-3955.85,0
2.01075,3502.07,4.32153,-1.83624,2.27129,-3945.57,0
2.01721,3501.85,4.62352,-1.7734,4.41665,-4040.07,0
2.02374,3501.74,4.67659,-1.75728,4.89367,-4080.89,0
2.0302,3501.82,4.64413,-1.66197,2.26938,-4030.19,0
2.03668,3501.77,4.56309,-1.67231,4.24408,-4043.12,0
2.04322,3501.69,4.49701,-1.69145,6.22277,-4067.05,0
2.04976,3501.65,4.45614,-1.70393,5.073,-4072.13,0
2.0563,3501.6,4.60502,-1.78277,2.81361,-4086.02,0
2.06285,3501.56,4.74988,-1.52608,2.78222,-4093.64,0
2.06934,3501.54,4.74616,-1.82872,1.16714,-4087.15,0
2.07586,3501.66,4.41415,-1.90411,1.95166,-4015.36,0
2.08239,3501.54,4.38839,-1.89111,5.17682,-4060.91,0
2.08889,3501.51,4.31028,-1.80537,5.87813,-4062.37,0
2.09539,3501.46,4.29568,-1.9409,4.43986,-4074.84,0
2.1019,3501.51,4.24015,-1.94204,3.15501,-4039.48,0
2.10843,3501.55,4.07833,-2.06506,3.09542,-4009.03,0
2.11488,3501.4,4.04956,-2.07506,5.96222,-4067.07,0
2.1214,3501.58,3.81805,-2.18745,1.19242,-3969.19,0
2.12796,3501.45,3.7964,-2.09714,5.24519,-4019.58,0
2.1345,3501.41,3.86231,-2.05531,2.95646,-4023.39,0
2.14095,3501.46,3.82263,-2.11825,0.864419,-3991.17,0
2.14747,3501.54,3.54186,-2.10162,2.44702,-3938.95,0
2.15394,3501.67,3.32478,-1.84511,3.18202,-3866.25,0
2.16046,3501.71,3.21259,-2.03064,1.19321,-3836.41,0
2.16696,3501.63,3.14697,-2.08048,4.12811,-3860.88,0
2.17347,3501.55,3.11593,-2.06933,6.11872,-3888.09,0
2.18001,3501.54,3.2205,-1.99704,3.58918,-3880.05,0
2.18651,3501.48,3.32249,-2.17744,2.12252,-3898.74,0
2.193,3501.4,3.20852,-2.19919,5.61687,-3920.48,0
2.19952,3501.44,3.18797,-2.18718,3.24382,-3892.52,0
2.20604,3501.5,3.19106,-2.07752,0.750032,-3854.18,0
2.21248,3501.44,3.16309,-2.16528,2.3525,-3871.2,0
2.21901,3501.5,3.02025,-2.05323,3.10612,-3830.63,0
2.22547,3501.49,3.06311,-1.88628,4.09852,-3822.71,0
2.23195,3501.47,2.96166,-1.99588,4.45353,-3820.97,0
2.23846,3501.3,3.00666,-2.01465,6.68028,-3884.61,0
2.24494,3501.26,2.99119,-2.11247,4.04836,-3891.11,0
2.25142,3501.31,2.88591,-2.17098,2.54552,-3857.85,0
2.25792,3501.33,2.74205,-2.11808,4.46615,-3841.64,0
2.26441,3501.39,2.37209,-2.33381,4.21531,-3803.86,0
2.27089,3501.39,2.52894,-2.111,4.04115,-3791.13,0
2.27738,3501.35,2.55342,-2.02774,4.78803,-3797.26,0
2.28391,3501.42,2.462,-1.94634,3.21338,-3755.86,0
2.29043,3501.37,2.53706,-1.99102,2.93773,-3768.46,0
2.29694,3501.3,2.55669,-2.0565,2.99281,-3788.91,0
2.30345,3501.29,2.62391,-1.93838,3.2521,-3779.45,0
2.30995,3501.25,2.64226,-2.04674,2.36548,-3785.93,0
2.31645,3501.11,2.69428,-2.00999,6.65891,-3837.77,0
2.32296,3501.1,2.80827,-2.12574,1.87874,-3829.54,0
2.32945,3501.18,2.58444,-1.99042,3.91447,-3784.93,0
2.33591,3501.15,2.54746,-1.95343,4.93297,-3787.73,0
2.34241,3501.2,2.4963,-1.95463,3.11381,-3758.04,0
2.34894,3501.17,2.51117,-1.87741,3.95134,-3758.16,0
2.35545,3501.21,2.42035,-1.89229,2.96093,-3733.83,0
2.36193,3501.16,2.43936,-1.84612,4.38747,-3744.53,0
2.36843,3501.21,2.32649,-1.88247,2.65017,-3709.96,0
2.37495,3501.2,2.34949,-1.74983,3.55198,-3705.39,0
2.3815,3501.15,2.31859,-1.85333,4.16775,-3716.42,0
2.38799,3501.19,2.40424,-1.71867,2.2442,-3690.42,0
2.3945,3501.16,2.55433,-1.68579,0.236544,-3691.14,0
2.401,3500.96,2.64424,-1.78977,4.66137,-3764.85,0
2.40751,3501,2.53828,-1.70272,5.12238,-3740.02,0
2.41404,3500.97,2.71584,-1.58633,0.939322,-3740.93,0
2.42057,3501.05,2.49477,-1.5357,1.94965,-3695.53,0
2.42706,3501.02,2.51843,-1.54578,2.37019,-3698.25,0
2.43357,3501.11,2.43533,-1.34,2.37888,-3653.17,0
2.44005,3501.12,2.39245,-1.26486,3.29882,-3640.75,0
2.44655,3501.04,2.40557,-1.37558,4.60491,-3660.79,0
2.45308,3501.02,2.51419,-1.42803,1.55745,-3660.46,0
2.45956,3501.03,2.46006,-1.3659,2.02265,-3647.09,0
2.46607,3501.04,2.37694,-1.21855,4.83754,-3634.43,0
2.47258,3501.08,2.29222,-1.15742,3.57394,-3608.53,0
2.47906,3501.05,2.23842,-1.33648,3.60687,-3611.7,0
2.48554,3501.01,2.23599,-1.27178,5.62869,-3617.39,0
2.49203,3500.98,2.21963,-1.38146,3.99764,-3619.71,0
2.49851,3501.02,2.07876,-1.4205,3.40052,-3592.25,0
2.50498,3501.06,2.02593,-1.41615,2.30842,-3568.52,0
2.51155,3500.96,2.02375,-1.42088,4.64924,-3599.62,0
2.51812,3501.01,1.98087,-1.45588,1.40477,-3572.01,0
2.52463,3500.99,1.89081,-1.49554,3.15297,-3568.48,0
2.53117,3500.89,1.94183,-1.47384,4.37589,-3598.26,0
2.53765,3500.86,2.03364,-1.43895,2.15377,-3600.75,0
2.54413,3500.83,2.08368,-1.41349,1.47217,-3605.09,0
2.55063,3500.85,1.92372,-1.50042,1.6984,-3585.58,0
2.55716,3500.93,1.88289,-1.16165,3.81038,-3548.81,0
2.56366,3500.86,1.95548,-1.1107,3.19618,-3563.57,0
2.57014,3500.79,1.86069,-1.16857,6.37643,-3584.43,0
2.57665,3500.77,2.04643,-1.15685,0.0904729,-3580.95,0
2.58316,3500.61,2.25446,-1.00231,4.9207,-3633.95,0
2.58967,3500.58,2.29713,-1.02435,3.56541,-3638.44,0
2.59614,3500.56,2.29312,-1.09999,2.89489,-3634.43,0
2.60263,3500.64,2.08197,-1.15152,3.75736,-3596.64,0
2.60915,3500.59,1.98138,-1.21355,5.89306,-3605.19,0
2.61566,3500.65,1.95558,-1.16571,2.95797,-3573.92,0
2.62218,3500.53,2.01999,-1.29642,4.44302,-3612.25,0
2.62865,3500.45,2.20666,-1.23636,3.15578,-3632.48,0
2.63515,3500.47,2.21094,-1.1386,3.0427,-3616.5,0
2.64164,3500.39,2.154,-1.14462,6.88311,-3638.1,0
2.6482,3500.46,2.221,-1.01246,1.19215,-3604.12,0
2.65469,3500.31,2.24284,-1.19405,5.08856,-3651.41,0
2.6612,3500.26,2.35429,-1.16727,3.18374,-3658.28,0
2.66771,3500.48,2.02212,-1.11843,2.31411,-3568.64,0
2.67422,3500.42,1.89939,-1.1164,7.60418,-3582.17,0
2.68066,3500.49,1.98577,-0.875097,1.50309,-3546.32,0
2.68716,3500.41,1.9784,-0.91665,5.06837,-3567.35,0
2.6937,3500.4,1.89462,-0.864728,6.6926,-3564.41,0
2.7002,3500.45,1.82173,-0.862534,1.67102,-3535.04,0
2.70671,3500.38,1.79526,-0.821339,6.53693,-3555.72,0
2.71324,3500.34,1.741,-0.873146,5.55768,-3558.96,0
2.71973,3500.39,1.61844,-1.01246,3.32461,-3535.15,0
2.72621,3500.34,1.51806,-0.992728,8.14595,-3541.88,0
2.73273,3500.39,1.49567,-0.950408,2.99498,-3515.18,0
2.73923,3500.39,1.46278,-0.87387,5.30841,-3507.97,0
2.74569,3500.41,1.41651,-0.946413,1.44241,-3494.39,0
2.75221,3500.28,1.49108,-0.974079,2.74101,-3530.66,0
2.75874,3500.22,1.42206,-0.981864,5.54993,-3544.24,0
2.76525,3500.31,1.28305,-0.962834,3.85903,-3503.69,0
2.77179,3500.35,1.25605,-0.894088,1.94923,-3482.48,0
2.7783,3500.17,1.29573,-1.00252,8.39207,-3538.93,0
2.78487,3500.05,1.30711,-0.861856,4.71467,-3574.29,0
2.79136,3500.08,1.16376,-0.843303,6.89931,-3553.88,0
2.79788,3499.99,1.19514,-0.894455,7.17969,-3576.44,0
2.80438,3499.99,1.11702,-0.848622,7.47973,-3568.14,0
2.81092,3499.93,1.0822,-0.812753,7.87571,-3582.17,0
2.81746,3499.81,1.06153,-0.856366,2.65202,-3615.15,0
2.82396,3499.8,0.934408,-0.95941,2.18752,-3610.95,0
2.83048,3499.81,0.786941,-1.07396,0.595419,-3598.81,0
2.837,3499.69,0.828531,-1.1721,2.2614,-3632.55,0
2.84349,3499.56,0.737278,-1.37155,2.91942,-3671.34,0
2.85001,3499.44,0.65748,-1.4913,4.83951,-3705.63,0
2.85649,3499.32,0.588257,-1.48131,0.0998574,-3737.22,0
2.86296,3499.29,0.547917,-1.3879,10.7037,-3742.15,0
2.86949,3499.24,0.545194,-1.43425,6.23857,-3748.29,0
2.87593,3499.3,0.603603,-1.37799,1.40338,-3721.79,0
2.88245,3499.25,0.487811,-1.34281,9.12926,-3728.75,0
2.88897,3499.29,0.434376,-1.24853,3.50333,-3707.98,0
2.89546,3499.22,0.487117,-1.26219,5.75444,-3724.07,0
2.90198,3499.33,0.388523,-1.17494,6.19085,-3677.83,0
2.90851,3499.21,0.427491,-1.01493,7.91978,-3709.04,0
2.91496,3499.26,0.243304,-0.982753,1.8912,-3683.29,0
2.92148,3499.21,0.194578,-0.853902,6.17331,-3694.62,0
2.92801,3499.14,0.152701,-0.893392,3.00707,-3708.36,0
2.9345,3499,0.108743,-0.96707,4.5258,-3748.87,0
2.94102,3498.87,0.174773,-0.861672,10.4139,-3783.36,0
2.94752,3499,0.230794,-0.686905,6.31002,-3733.47,0
2.95404,3499.09,0.164865,-0.526233,5.77363,-3693.34,0
2.96055,3499.02,0.173313,-0.478769,5.25823,-3708.07,0
2.96707,3498.97,0.0931619,-0.440233,10.4563,-3717.84,0
2.97356,3498.94,0.0815683,-0.265003,3.20011,-3719.09,0
2.97594,3498.95,0.141096,-0.168695,3.17289,-3713.14,0
