0.00652022,3509.84,0.192303,0.523182,2.59504,-24657.1,0
0.0130495,3509.89,0.126499,0.132957,1.52436,-8683.16,0
0.0195868,3509.78,0.241887,0.19141,2.75786,-11157.2,0
0.0260918,3509.75,0.0753676,0.305291,2.9968,-9624.4,0
0.032591,3509.73,0.150169,0.341427,2.57355,-8242.42,0
0.039105,3509.72,-0.0370328,0.17368,2.55431,-7224.34,0
0.0456231,3509.68,0.135398,0.191171,2.65123,-7006.83,0
0.0521076,3509.74,-0.283355,0.247145,1.2746,-5066.97,0
0.0585444,3509.67,-0.126435,0.106422,2.11106,-5635.92,0
0.0650677,3509.67,-0.0963028,-0.00194149,1.58541,-5061.16,0
0.0715786,3509.66,0.0987664,-0.0438419,1.38139,-4808.21,0
0.078068,3509.7,-0.226803,-0.447219,0.21743,-3841.15,0
0.0845223,3509.62,-0.0819371,-0.668216,1.37814,-4511.3,0
0.091022,3509.55,0.0253649,-0.763301,2.25288,-4911.36,0
0.0975185,3509.54,0.0894256,-0.530423,2.25647,-4692.5,0
0.10401,3509.6,0.304691,-0.549064,0.859942,-3846.96,0
0.110526,3509.61,0.362127,-0.452905,0.603232,-3564.94,0
0.117047,3509.49,0.123651,-0.624374,2.53432,-4396.39,0
0.123558,3509.46,0.167608,-0.620381,2.59166,-4409.91,0
0.130079,3509.49,0.249827,-0.706664,1.30639,-3889.95,0
0.136589,3509.44,0.248604,-0.833092,2.08411,-4104.64,0
0.143099,3509.49,0.222815,-0.869122,0.626221,-3568.79,0
0.149573,3509.4,0.139752,-0.972226,1.94051,-4023.69,0
0.156091,3509.39,0.329834,-0.794102,1.75653,-3879.57,0
0.162603,3509.39,0.356312,-0.829659,1.27336,-3780.21,0
0.169081,3509.32,0.329746,-0.806498,2.18784,-4006.19,0
0.175603,3509.35,0.328058,-1.04756,1.22141,-3676.94,0
0.182083,3509.3,0.533828,-1.34454,1.41133,-3838.38,0
0.18863,3509.31,0.529284,-1.27344,1.05218,-3654.05,0
0.195148,3509.21,0.503652,-1.31717,2.15088,-4056.62,0
0.201709,3509.17,0.396867,-1.3648,2.42415,-4096.39,0
0.208178,3509.09,0.434545,-1.4101,3.18485,-4349.24,0
0.214674,3509.18,0.288485,-1.45823,1.1905,-3833.39,0
0.221215,3509.11,0.240895,-1.54145,2.14772,-4018.51,0
0.227699,3509.19,0.332067,-1.33488,0.463252,-3551.49,0
0.234236,3509.06,0.558017,-1.67949,2.14271,-3994.84,0
0.240761,3508.93,0.608344,-1.57585,4.09037,-4456.8,0
0.2473,3508.94,0.660959,-1.62667,3.09758,-4276.49,0
0.253829,3508.93,0.634827,-1.58513,3.02426,-4204.71,0
0.260369,3508.9,0.488687,-1.61657,2.69596,-4213.82,0
0.266896,3508.82,0.552626,-1.59893,3.57152,-4423.36,0
0.273411,3508.75,0.622897,-1.62148,3.61377,-4555.17,0
0.279905,3508.86,0.644476,-1.73767,0.817816,-4072,0
0.286414,3508.66,0.658046,-1.8375,4.05946,-4676.42,0
0.292922,3508.56,0.680181,-1.87978,4.59029,-4916.24,0
0.299434,3508.6,0.541314,-1.81316,2.61856,-4669.1,0
0.305948,3508.52,0.354979,-1.85607,3.56639,-4838.15,0
0.312465,3508.51,0.533027,-2.1686,2.73811,-4778.97,0
0.31899,3508.44,0.496169,-2.20131,3.2093,-4896.76,0
0.325527,3508.41,0.514588,-2.03787,3.15507,-4881.66,0
0.332023,3508.5,0.407283,-1.83756,1.48411,-4528.47,0
0.338513,3508.44,0.495703,-2.21118,1.56935,-4603.61,0
0.345029,3508.44,0.555821,-2.18168,1.2992,-4507.16,0
0.351525,3508.45,0.815071,-2.07763,0.909991,-4398.36,0
0.358039,3508.37,0.590604,-1.98348,2.69895,-4551.01,0
0.364526,3508.34,0.784538,-2.18613,2.45662,-4552.79,0
0.371037,3508.29,0.951277,-2.14743,2.67754,-4605.03,0
0.377589,3508.34,0.545179,-2.0208,1.72536,-4397.08,0
0.384108,3508.25,0.568434,-1.92787,2.98271,-4545.88,0
0.390633,3508.26,0.504118,-1.93031,2.30022,-4449.02,0
0.397135,3508.19,0.372913,-2.05217,3.03523,-4552.86,0
0.403618,3508.26,0.547145,-2.04503,1.18394,-4317.24,0
0.41015,3508.18,0.767886,-2.26427,1.70813,-4427.75,0
0.41669,3508.13,0.82216,-2.28156,2.42472,-4489.13,0
0.423197,3508.09,0.920677,-2.05218,3.20996,-4507.49,0
0.429684,3508.15,0.821858,-1.97358,1.78958,-4312.17,0
0.436156,3508.07,0.930964,-1.99344,2.96009,-4434.3,0
0.442639,3508.15,0.994788,-2.04559,0.744167,-4190.7,0
0.449148,3508.09,0.574327,-2.30195,1.42453,-4244.77,0
0.455613,3508.06,0.508922,-2.28684,1.87607,-4259.17,0
0.462095,3508.04,0.5947,-2.39242,1.22597,-4235.3,0
0.468583,3507.88,0.729506,-2.5141,3.75065,-4532.05,0
0.475089,3507.93,0.793941,-2.58214,1.79407,-4359.21,0
0.481591,3507.92,0.873348,-2.50811,1.55413,-4326.86,0
0.488115,3507.76,0.924467,-2.40862,4.06685,-4589.6,0
0.494609,3507.63,0.967273,-2.43721,5.33536,-4785.07,0
0.501107,3507.61,0.877841,-2.466,4.46279,-4774.1,0
0.507616,3507.56,0.816183,-2.37914,4.35074,-4799.15,0
0.514103,3507.59,0.895755,-2.37807,2.60755,-4679.7,0
0.52062,3507.54,1.01386,-2.34137,3.14336,-4717.84,0
0.52712,3507.46,1.08384,-2.34611,4.14864,-4810.92,0
0.533641,3507.41,1.08907,-2.33164,4.40505,-4855.39,0
0.540124,3507.35,1.1355,-2.23315,4.5836,-4915.1,0
0.546644,3507.34,1.21885,-2.20713,3.37597,-4861.19,0
0.553159,3507.32,1.234,-2.1138,3.03212,-4852.61,0
0.559693,3507.2,1.45308,-2.23426,4.07995,-4995.88,0
0.56624,3507.21,1.70142,-2.32811,2.51459,-4928.09,0
0.572769,3507.19,1.68249,-2.39852,2.15786,-4907.17,0
0.579249,3507.18,1.55765,-2.29962,2.35786,-4869.15,0
0.585728,3507.17,1.59078,-1.9576,3.05375,-4832.7,0
0.592211,3507.17,1.62625,-1.93837,2.62464,-4780.62,0
0.598666,3507.12,1.91554,-1.79296,3.11998,-4812.08,0
0.605178,3507.06,2.0789,-1.8804,3.44222,-4859.16,0
0.611659,3507.16,2.1136,-1.84778,0.885703,-4649.2,0
0.618178,3507.11,2.18636,-1.95024,0.928154,-4672.58,0
0.624657,3507.04,2.13675,-2.17273,1.84004,-4732.77,0
0.63121,3507.03,2.31458,-2.15482,1.37919,-4698.04,0
0.637664,3507.07,2.38815,-2.14624,0.179273,-4588.86,0
0.644147,3506.92,2.21186,-2.26159,3.43876,-4782.65,0
0.650667,3506.82,2.30503,-2.19851,4.3661,-4894.7,0
0.657192,3506.8,2.47465,-2.24471,3.17581,-4864.07,0
0.663708,3506.8,2.41646,-2.37854,2.57989,-4823.33,0
0.670212,3506.81,2.3899,-2.44131,1.8646,-4752.27,0
0.676734,3506.84,2.67135,-2.49817,0.161596,-4671.26,0
0.683196,3506.75,2.57899,-2.60099,1.89136,-4750.3,0
0.689721,3506.72,2.53383,-2.46769,2.857,-4762.46,0
0.696215,3506.76,2.52339,-2.38886,1.62638,-4651.89,0
0.702709,3506.69,2.62463,-2.22019,3.04754,-4709.97,0
0.709221,3506.7,2.6709,-2.26628,2.11961,-4658.49,0
0.715677,3506.7,2.7048,-2.22613,1.69493,-4613.54,0
0.722184,3506.65,2.68052,-1.99862,3.21169,-4641.96,0
0.728686,3506.71,2.49802,-2.08495,1.50411,-4508.48,0
0.735188,3506.66,2.60138,-2.045,2.04791,-4546.22,0
0.741723,3506.59,2.54232,-1.92705,3.60371,-4591.66,0
0.748259,3506.53,2.44855,-1.96394,3.97516,-4640.89,0
0.754772,3506.6,2.29045,-1.82706,2.54552,-4509.36,0
0.761274,3506.65,2.30749,-2.07032,0.500303,-4406.16,0
0.767778,3506.61,2.17158,-1.93806,1.87794,-4420.64,0
0.774265,3506.58,2.25675,-2.04053,1.70613,-4421.81,0
0.780766,3506.46,2.13677,-2.14328,3.96534,-4537.94,0
0.787278,3506.49,2.2644,-2.12257,2.32765,-4462.35,0
0.79375,3506.44,2.42085,-2.13179,2.60662,-4489.12,0
0.80026,3506.53,2.40423,-2.10981,0.306932,-4341.53,0
0.806799,3506.34,2.43105,-2.19384,3.61182,-4531.43,0
0.813293,3506.29,2.26832,-2.24247,4.14047,-4559.19,0
0.819771,3506.4,2.20206,-2.28392,1.12446,-4396.85,0
0.826244,3506.22,2.43389,-2.3882,3.56896,-4569.31,0
0.832782,3506.18,2.41181,-2.37836,3.98537,-4587.34,0
0.839288,3506.12,2.43439,-2.30402,4.30737,-4626.19,0
0.84577,3506.2,2.50446,-2.17593,1.64073,-4490.72,0
0.852238,3506.19,2.51128,-2.10786,1.66208,-4474.06,0
0.858707,3506.19,2.60172,-2.09051,0.863406,-4437.79,0
0.865218,3506.15,2.67228,-2.39067,0.511537,-4455.18,0
0.871697,3506.1,2.88672,-2.4646,0.374326,-4476.69,0
0.878212,3506.05,2.84914,-2.46399,0.989259,-4500.74,0
0.884717,3506,2.91113,-2.46221,1.5089,-4525.1,0
0.891235,3505.87,3.0591,-2.3185,3.78528,-4636.59,0
0.89773,3505.98,3.08268,-2.49974,0.0311282,-4479.29,0
0.904182,3505.88,3.28705,-2.71874,0.352008,-4560.2,0
0.910615,3505.83,3.15985,-2.75076,1.68132,-4583.17,0
0.917138,3505.72,3.29968,-2.83491,3.00439,-4667.61,0
0.923673,3505.81,3.2009,-2.97778,0.346177,-4532.99,0
0.930199,3505.8,3.12633,-2.95064,0.824616,-4514.52,0
0.936694,3505.76,3.12671,-3.15225,0.498683,-4524.77,0
0.943185,3505.68,3.08475,-3.07941,2.39333,-4582.97,0
0.949681,3505.68,3.01003,-3.0808,1.75117,-4546.85,0
0.95618,3505.56,3.22185,-3.11004,3.17283,-4641.66,0
0.962664,3505.63,3.32386,-2.85843,1.72432,-4539.07,0
0.969158,3505.66,3.44782,-2.65935,1.02915,-4478.58,0
0.975676,3505.52,3.47876,-2.49281,4.14688,-4591.25,0
0.982233,3505.53,3.6063,-2.68964,1.90395,-4555.36,0
0.988756,3505.48,3.59882,-2.62459,2.9924,-4572.03,0
0.995244,3505.36,3.52134,-2.69804,5.09715,-4663.77,0
1.00178,3505.21,3.56034,-2.73043,5.54155,-4783.05,0
1.00833,3505.19,3.64361,-2.70813,3.12227,-4766.23,0
1.01484,3505.2,3.80669,-2.66418,1.62552,-4732.65,0
1.02138,3505.09,4.02308,-2.76337,1.83904,-4804.57,0
1.02786,3505,3.88446,-2.64409,4.8356,-4861.29,0
1.03437,3504.91,3.80406,-2.64801,5.48094,-4919.49,0
1.04084,3504.92,3.72082,-2.59704,4.3116,-4883.73,0
1.04739,3504.92,3.70271,-2.58361,3.16735,-4847.37,0
1.05395,3504.99,3.77735,-2.5538,0.54247,-4751.3,0
1.0604,3505,3.75702,-2.43462,0.536352,-4716.82,0
1.06687,3504.92,3.745,-2.46903,2.10835,-4764.9,0
1.07337,3504.91,3.71941,-2.34774,2.26125,-4739.32,0
1.07988,3504.9,3.71277,-2.49554,1.41088,-4718.38,0
1.08638,3504.83,3.98997,-2.4103,1.64718,-4762.16,0
1.09288,3504.77,3.78688,-2.35317,3.79886,-4783.83,0
1.09941,3504.75,3.70875,-2.38615,4.19236,-4776.09,0
1.1059,3504.78,3.70424,-2.40733,2.12686,-4719.49,0
1.11247,3504.63,3.80175,-2.41517,4.4849,-4822.98,0
1.11896,3504.7,3.76227,-2.34994,2.06389,-4736.99,0
1.12546,3504.53,3.8078,-2.39369,4.72381,-4857.25,0
1.132,3504.47,3.76073,-2.37488,5.15211,-4882.92,0
1.1385,3504.64,3.74907,-2.25537,0.0418683,-4705.24,0
1.14502,3504.63,3.54234,-2.41872,1.00266,-4694.13,0
1.15153,3504.63,3.67343,-2.31657,0.30961,-4665.69,0
1.15802,3504.54,3.74311,-2.31482,1.61029,-4710.9,0
1.16448,3504.49,3.78141,-1.99168,3.65412,-4733.74,0
1.17098,3504.49,3.86198,-1.85734,2.83634,-4705.13,0
1.17745,3504.37,3.9587,-1.7949,4.2387,-4781.43,0
1.18397,3504.4,3.93056,-1.5431,3.94165,-4733.08,0
1.19051,3504.43,3.92215,-1.47362,2.30798,-4676.98,0
1.197,3504.31,3.93187,-1.71708,4.2016,-4757.65,0
1.20351,3504.2,3.86827,-1.82043,4.91775,-4816.13,0
1.21004,3504.21,3.78013,-1.89886,3.85621,-4782.06,0
1.21654,3504.27,3.5774,-2.10868,2.28396,-4711.75,0
1.22306,3504.32,3.47336,-2.04926,1.6126,-4647.37,0
1.22957,3504.3,3.22447,-2.25066,2.36385,-4635.37,0
1.23608,3504.27,3.19761,-1.95327,4.23231,-4636.75,0
1.24257,3504.28,3.36727,-2.1193,1.42293,-4606.66,0
1.24911,3504.14,3.3474,-2.17007,4.38506,-4694.63,0
1.25558,3504.21,3.12673,-2.13774,3.61795,-4615.38,0
1.26211,3504.19,3.14275,-2.228,3.18937,-4606.87,0
1.26863,3504.17,3.35893,-2.02689,2.70423,-4598.94,0
1.27515,3504.18,3.54837,-1.75537,1.607,-4566.2,0
1.28168,3504.18,3.37175,-1.70257,2.74622,-4540,0
1.2882,3504.14,3.25563,-1.60284,4.50863,-4546.06,0
1.29469,3504.03,3.3451,-1.5305,5.19068,-4612.75,0
1.30121,3504.09,3.41345,-1.62171,1.40642,-4539.25,0
1.30775,3504.01,3.24393,-1.47856,4.40237,-4578.01,0
1.31427,3503.94,3.23608,-1.52015,4.46676,-4608.85,0
1.32074,3503.85,3.18136,-1.65965,5.83104,-4659.13,0
1.32726,3503.89,3.21758,-1.63638,3.11363,-4600.8,0
1.3338,3503.87,3.1447,-1.56543,3.26086,-4593.14,0
1.34032,3503.99,3.07376,-1.45765,0.192616,-4487.51,0
1.34678,3503.94,3.15292,-1.23562,1.34135,-4497.99,0
1.3533,3503.93,3.06429,-1.04207,2.85695,-4487.97,0
1.35983,3503.95,2.90527,-1.26878,2.04947,-4451.54,0
1.36629,3503.82,2.69226,-1.36936,5.858,-4521.45,0
1.3728,3503.79,2.72519,-1.29208,5.35178,-4523.96,0
1.3793,3503.78,2.80083,-1.33625,3.07331,-4511.81,0
1.38578,3503.78,2.84956,-1.45699,1.69225,-4491.81,0
1.39229,3503.79,2.66755,-1.43956,2.26532,-4462.11,0
1.39879,3503.71,2.75484,-1.56338,3.11953,-4494.08,0
1.40531,3503.74,2.83861,-1.66665,0.662987,-4452.91,0
1.41185,3503.67,2.98749,-1.46837,2.47589,-4485.95,0
1.4183,3503.59,2.99117,-1.42509,4.09559,-4516.17,0
1.42483,3503.53,3.03481,-1.33757,4.77006,-4542.72,0
1.43133,3503.49,3.11434,-1.30433,4.21327,-4549.47,0
1.43785,3503.43,2.9479,-1.27066,5.74026,-4567.27,0
1.44437,3503.35,2.98584,-1.27835,5.60752,-4603.77,0
1.45092,3503.46,2.86483,-1.34001,1.91055,-4508.62,0
1.45744,3503.43,2.72139,-1.32787,3.67311,-4507.75,0
1.46395,3503.5,2.60592,-1.39637,1.29376,-4438.55,0
1.47052,3503.4,2.51028,-1.39493,4.70463,-4487.7,0
1.47708,3503.41,2.50607,-1.33323,3.66489,-4461.08,0
1.48363,3503.47,2.52278,-1.29514,0.378839,-4403.58,0
1.49016,3503.34,2.42563,-1.15092,5.33903,-4472.55,0
1.49667,3503.42,2.35554,-1.11421,1.23323,-4393.57,0
1.50318,3503.33,2.61134,-1.20253,1.30115,-4437.57,0
1.5097,3503.26,2.76063,-1.21917,1.35924,-4461.95,0
1.51622,3503.11,2.80639,-1.22328,4.80912,-4544.47,0
1.52274,3503.17,2.73736,-1.12363,2.18881,-4484.55,0
1.52925,3503.09,2.84893,-1.01939,3.64156,-4516.25,0
1.53578,3503.07,2.92536,-0.929264,3.59676,-4515.15,0
1.54227,3503.14,2.79297,-0.854226,1.96789,-4446.13,0
1.54876,3503.17,2.69085,-0.955226,1.41358,-4412.24,0
1.55529,3503.12,2.77395,-0.91054,1.89207,-4420.64,0
1.56177,3503.05,2.8086,-0.940012,3.47989,-4450.93,0
1.56829,3503.01,2.7056,-0.996129,4.98007,-4455.71,0
1.57477,3502.96,2.65845,-0.979331,5.05172,-4467.65,0
1.58126,3503,2.56108,-0.835286,4.19079,-4424.09,0
1.58778,3503.04,2.54915,-0.742509,2.38383,-4385.3,0
1.59428,3503,2.60497,-0.826175,2.60347,-4392.23,0
1.60078,3503.06,2.49589,-0.969164,0.257851,-4335.55,0
1.6073,3502.98,2.54902,-0.952748,1.9855,-4364.46,0
1.61379,3503.05,2.41631,-0.865474,0.754416,-4307.04,0
1.6203,3503.04,2.31358,-0.948933,1.11789,-4292.82,0
1.62682,3502.99,2.39261,-1.14244,0.766668,-4306.06,0
1.63329,3502.99,2.15392,-1.18589,2.83109,-4291.07,0
1.6398,3502.96,2.12201,-1.22919,3.51461,-4292.99,0
1.64631,3502.97,2.10987,-1.27417,2.36599,-4269.32,0
1.65283,3502.89,2.15585,-1.34295,4.09167,-4304.55,0
1.65937,3502.82,2.13284,-1.38505,4.61649,-4325.36,0
1.6659,3502.85,2.08771,-1.44604,2.8422,-4292.12,0
1.6724,3502.74,1.97474,-1.41002,6.43684,-4343.49,0
1.67887,3502.73,1.89362,-1.3935,4.92431,-4330.6,0
1.68535,3502.7,1.91321,-1.61275,3.56711,-4328.96,0
1.69189,3502.74,1.80263,-1.51462,3.42008,-4290.24,0
1.69838,3502.73,1.77693,-1.44286,3.03223,-4281.81,0
1.70489,3502.68,1.84214,-1.52284,2.99291,-4291.48,0
1.71136,3502.59,1.81171,-1.56445,5.41706,-4330.2,0
1.71783,3502.62,1.76113,-1.48499,3.94022,-4294.79,0
1.72437,3502.65,1.59233,-1.47456,3.39075,-4261,0
1.73087,3502.6,1.61417,-1.39955,4.4135,-4274.76,0
1.73736,3502.61,1.57355,-1.47405,2.83443,-4252.62,0
1.74389,3502.54,1.53325,-1.42523,5.79139,-4277.43,0
1.75037,3502.61,1.56723,-1.38387,1.63278,-4221.83,0
1.75689,3502.45,1.82934,-1.50932,4.5612,-4298.56,0
1.7634,3502.44,1.95403,-1.49812,2.90852,-4286.61,0
1.76988,3502.5,1.95505,-1.26232,1.80707,-4238.94,0
1.77639,3502.45,2.02941,-1.20608,2.55968,-4250.06,0
1.78296,3502.45,2.10958,-1.14733,1.20814,-4232.2,0
1.78949,3502.31,2.13169,-1.30694,4.8804,-4296.82,0
1.79598,3502.32,2.18199,-1.19077,4.13519,-4277.87,0
1.80249,3502.35,2.29853,-1.1475,0.262123,-4245.76,0
1.80894,3502.31,2.15223,-0.867743,4.50161,-4249.79,0
1.81543,3502.29,2.15658,-0.900612,4.34288,-4247.65,0
1.82193,3502.21,2.28828,-1.04166,3.87734,-4272.99,0
1.82844,3502.2,2.34178,-1.03209,2.87461,-4265.14,0
1.83492,3502.12,2.44924,-1.08867,3.47956,-4291.98,0
1.84142,3502.2,2.33282,-1.01711,1.91151,-4235.11,0
1.84791,3502.19,2.18076,-1.01559,2.56395,-4223.89,0
1.85441,3502.17,2.23634,-0.942182,3.12064,-4224.9,0
1.86093,3502.24,1.96931,-0.903228,3.12445,-4168.21,0
1.86752,3502.14,2.17961,-0.85878,4.79697,-4209,0
1.87403,3502.21,2.06624,-0.793238,2.3266,-4157.44,0
1.88056,3502.12,2.00044,-0.686482,5.87048,-4187.74,0
1.88708,3502.1,1.90386,-0.645541,5.43789,-4186.58,0
1.89352,3502.05,1.97029,-0.633465,5.48599,-4200.78,0
1.90005,3502.04,2.04959,-0.607859,3.51013,-4191.06,0
1.90654,3502.04,2.11214,-0.699911,1.54811,-4174.4,0
1.91305,3501.97,2.13511,-0.626165,4.18023,-4195.02,0
1.91955,3502.15,1.78993,-0.54396,0.370859,-4088.49,0
1.92604,3502.03,1.78471,-0.611977,4.73544,-4136.84,0
1.93256,3502.02,1.81575,-0.554015,3.43273,-4130.11,0
1.93905,3502,1.76101,-0.468008,4.02323,-4128.15,0
1.94557,3501.91,1.80406,-0.454449,6.19652,-4158.73,0
1.95205,3501.88,1.8074,-0.409565,3.97315,-4160.76,0
1.95856,3501.77,1.95813,-0.654544,5.11022,-4202.78,0
1.96508,3501.79,2.0024,-0.54853,1.84981,-4176,0
1.97158,3501.83,1.75032,-0.490756,4.29156,-4146.02,0
1.97809,3501.88,1.68628,-0.518241,1.38983,-4107.19,0
1.9846,3501.82,1.70906,-0.700919,2.31221,-4119.96,0
1.99112,3501.72,1.86369,-0.617575,5.108,-4159.79,0
1.9976,3501.75,1.82426,-0.489709,2.73991,-4128.16,0
2.00414,3501.79,1.73312,-0.376816,2.36274,-4098.05,0
2.01065,3501.76,1.76143,-0.511243,2.60921,-4100.31,0
2.01714,3501.7,1.74016,-0.463369,5.18849,-4112.52,0
2.02361,3501.59,1.67612,-0.522163,6.92996,-4155.85,0
2.03014,3501.59,1.71402,-0.465439,4.36487,-4140.13,0
2.03665,3501.61,1.60109,-0.384176,5.11225,-4118.05,0
2.04316,3501.58,1.58791,-0.396241,4.51149,-4121.4,0
2.04969,3501.52,1.54555,-0.393515,5.60512,-4137.83,0
2.05628,3501.53,1.54305,-0.457462,4.15283,-4121.41,0
2.06282,3501.42,1.55937,-0.492556,7.30892,-4160.5,0
2.0693,3501.43,1.48978,-0.47601,4.07061,-4140.65,0
2.07581,3501.48,1.37829,-0.582013,2.33756,-4106.54,0
2.08232,3501.39,1.32855,-0.406924,7.64209,-4133.34,0
2.08884,3501.4,1.29097,-0.475737,3.34554,-4119.13,0
2.09533,3501.34,1.38588,-0.525293,1.64411,-4131.25,0
2.10184,3501.31,1.29238,-0.53034,4.87834,-4136.45,0
2.10835,3501.28,1.23648,-0.498452,3.38952,-4136.51,0
2.11487,3501.32,1.07476,-0.56418,2.39857,-4103.14,0
2.1214,3501.34,1.00727,-0.529917,2.2267,-4082.58,0
2.12792,3501.27,1.11653,-0.609412,3.3671,-4101.26,0
2.13446,3501.3,0.995325,-0.671181,2.65943,-4077.41,0
2.14094,3501.27,1.04108,-0.56061,4.25005,-4077.44,0
2.14743,3501.33,0.872668,-0.587308,1.16859,-4036.65,0
2.15399,3501.34,0.872619,-0.483105,0.847746,-4019.18,0
2.16049,3501.34,0.740636,-0.466436,3.04328,-4008.68,0
2.16699,3501.28,0.677688,-0.517517,5.28733,-4025.75,0
2.17348,3501.26,0.940837,-0.538348,0.74132,-4019.07,0
2.17997,3501.16,0.947945,-0.468937,7.88018,-4053.84,0
2.18646,3501.19,0.891558,-0.584556,3.53319,-4031.36,0
2.19294,3501.14,1.01635,-0.645697,2.72284,-4040.77,0
2.19942,3501.12,1.04315,-0.613766,3.15707,-4039.07,0
2.20595,3501.07,0.833492,-0.618074,6.63501,-4047.85,0
2.2125,3501.03,0.808863,-0.668815,5.08697,-4055.16,0
2.21901,3501.04,0.736475,-0.652927,4.21903,-4036.9,0
2.22551,3501.01,0.852742,-0.532232,4.02222,-4037.6,0
2.232,3500.96,0.773124,-0.477256,6.76223,-4049.91,0
2.23854,3500.93,0.648497,-0.666993,7.21681,-4053.09,0
2.24504,3500.95,0.637099,-0.638017,3.25576,-4031.97,0
2.25156,3500.88,0.620478,-0.572977,9.26252,-4051.49,0
2.25805,3500.87,0.593904,-0.474009,7.78257,-4043.24,0
2.26458,3500.83,0.470388,-0.419663,10.2425,-4050.11,0
2.27109,3500.84,0.423566,-0.409035,5.31217,-4032.23,0
2.27758,3500.71,0.45976,-0.629795,9.47251,-4080.64,0
2.28408,3500.67,0.491561,-0.650904,6.44235,-4085.42,0
2.29056,3500.68,0.278448,-0.674575,5.42513,-4069.04,0
2.29706,3500.62,0.472584,-0.825459,1.8008,-4084.48,0
2.30354,3500.61,0.450082,-0.823223,1.52047,-4078.02,0
2.31002,3500.54,0.435574,-0.925454,3.44736,-4094.03,0
2.31651,3500.53,0.420899,-0.792052,8.62285,-4089.17,0
2.32305,3500.4,0.418194,-0.777157,7.9894,-4130.58,0
2.32953,3500.43,0.338515,-0.660995,8.61348,-4106.95,0
2.33606,3500.32,0.319851,-0.641539,7.84017,-4145.62,0
2.34256,3500.23,0.228538,-0.626953,9.51918,-4172.68,0
2.34908,3500.25,0.211734,-0.462426,3.05395,-4150.58,0
2.35561,3500.18,0.177187,-0.534444,8.69182,-4169.62,0
2.3621,3500.14,0.210743,-0.580068,5.21008,-4172.18,0
2.36862,3500.11,0.217617,-0.53379,2.09276,-4176.87,0
2.37511,3500.06,0.23314,-0.43672,5.62965,-4184.24,0
2.38162,3499.95,0.239265,-0.570855,6.3528,-4219.26,0
2.38822,3499.87,0.25763,-0.559549,6.54505,-4241.27,0
2.39473,3499.86,0.349164,-0.5123,2.31622,-4232.82,0
2.40126,3499.77,0.344735,-0.294136,7.62865,-4259.01,0
2.40777,3499.73,0.217738,-0.292888,7.64977,-4263.86,0
2.41432,3499.66,0.116223,-0.130584,7.41524,-4283.05,0
2.41628,3499.61,0.0600663,-0.0633785,1.84672,-4298.69,1
