0.00644632,3509.84,-2.19717,-2.45988,1.94964,-25185.9,0
0.0129734,3509.88,-2.25542,-2.312,0.943653,-8930.58,0
0.0194664,3509.82,-2.12888,-2.10955,2.21351,-9183.19,0
0.0259306,3509.81,-2.12822,-1.99461,1.86155,-7263.91,0
0.0324276,3509.86,-1.87918,-1.95882,0.987202,-4309.23,0
0.0388902,3509.81,-1.63457,-1.83916,2.1606,-4931.54,0
0.0453982,3509.7,-1.60444,-1.83583,3.31803,-6593.76,0
0.0519224,3509.72,-1.59021,-2.08562,2.25744,-5304.91,0
0.0585061,3509.74,-1.41163,-2.1253,1.84118,-4399.79,0
0.0649359,3509.72,-1.44448,-2.20271,1.57517,-4319.27,0
0.0714246,3509.71,-1.4239,-1.82919,1.944,-4118.14,0
0.0779381,3509.66,-1.35057,-2.02113,2.30612,-4352.82,0
0.0844227,3509.67,-1.53492,-1.98098,1.56,-3935.25,0
0.0908844,3509.65,-1.65244,-1.90476,1.73944,-3894.12,0
0.0974063,3509.62,-1.5985,-1.8226,2.11779,-3879.5,0
0.103932,3509.55,-1.72952,-1.75026,2.70876,-4342.17,0
0.110488,3509.64,-1.64195,-1.6866,0.920777,-3253.34,0
0.117032,3509.47,-2.02737,-1.71621,3.26076,-4571.29,0
0.123503,3509.54,-2.25678,-1.59587,1.2428,-3750.5,0
0.130038,3509.46,-2.26043,-1.7197,2.40626,-4190.5,0
0.136526,3509.46,-2.18366,-1.66845,1.68047,-3985.82,0
0.143014,3509.45,-2.23342,-1.74906,1.41465,-3839.62,0
0.149511,3509.38,-2.32961,-1.96034,2.05511,-4167.58,0
0.156022,3509.37,-2.4542,-1.87749,1.66946,-4024.37,0
0.162524,3509.31,-2.65096,-1.78973,2.21178,-4224.57,0
0.169035,3509.26,-2.71904,-1.67103,2.50755,-4387.58,0
0.175537,3509.26,-3.02358,-1.4949,1.67678,-4227.65,0
0.18206,3509.19,-2.96693,-1.21319,3.09939,-4464.9,0
0.188582,3509.17,-2.89311,-1.18361,2.96063,-4409.29,0
0.195095,3509.19,-2.76554,-1.2173,2.52793,-4147.69,0
0.201606,3509.15,-3.02847,-1.15595,2.28357,-4209.1,0
0.208094,3509.18,-3.18643,-1.04905,1.28766,-3952.18,0
0.214566,3509.01,-3.40269,-1.17848,3.09749,-4591.59,0
0.221059,3509.04,-3.28896,-1.19542,2.68401,-4347.41,0
0.227555,3509.07,-3.47159,-1.38597,1.10406,-4092.52,0
0.234076,3508.96,-3.69937,-1.27462,2.31365,-4451.27,0
0.240569,3508.89,-3.56737,-1.32602,3.43559,-4609.34,0
0.247104,3508.85,-3.5934,-1.46544,3.43387,-4664.08,0
0.253608,3508.87,-3.55859,-1.39659,2.41844,-4455.86,0
0.260124,3508.91,-3.5136,-1.16284,1.72069,-4207.76,0
0.266653,3508.85,-3.38443,-1.12642,2.79602,-4307.28,0
0.273167,3508.85,-3.46049,-0.957154,2.38351,-4204.45,0
0.279651,3508.91,-3.42402,-1.09784,0.980126,-3896.65,0
0.286158,3508.94,-3.43829,-1.15574,0.130893,-3696.75,0
0.292703,3508.78,-3.47841,-1.41625,2.44452,-4170.08,0
0.299173,3508.78,-3.4309,-1.47099,1.98914,-4068.53,0
0.305703,3508.7,-3.39524,-1.5123,3.1434,-4262.76,0
0.312248,3508.69,-3.34002,-1.46549,2.67756,-4187.44,0
0.318789,3508.7,-3.35248,-1.35093,2.03349,-4073.43,0
0.325345,3508.6,-3.42089,-1.22174,3.43922,-4316.95,0
0.331856,3508.56,-3.4393,-1.29632,3.09796,-4325.58,0
0.338384,3508.65,-3.50446,-1.4858,0.474497,-4000.42,0
0.344937,3508.6,-3.45904,-1.43421,1.3577,-4072.42,0
0.351432,3508.55,-3.5257,-1.53837,1.71021,-4136.89,0
0.357915,3508.58,-3.62318,-1.52022,0.56625,-3977.89,0
0.364455,3508.35,-3.63502,-1.47096,4.27207,-4539.38,0
0.370921,3508.37,-3.61279,-1.74242,2.8783,-4403.5,0
0.377453,3508.33,-3.5844,-1.78152,2.95267,-4412.4,0
0.383949,3508.42,-3.57174,-1.85415,0.886131,-4102.34,0
0.390473,3508.34,-3.47058,-2.01816,2.40428,-4259.76,0
0.396977,3508.37,-3.76455,-2.09889,0.464349,-4114.13,0
0.403512,3508.28,-3.60534,-2.18548,2.16945,-4266.54,0
0.409994,3508.33,-3.60862,-1.88206,1.34244,-4067.78,0
0.416467,3508.19,-3.66994,-2.00308,3.28483,-4354.72,0
0.422964,3508.21,-3.64889,-2.08232,1.94891,-4220.62,0
0.429491,3508.12,-3.71884,-2.10697,3.14086,-4368.15,0
0.436046,3508.17,-3.626,-2.04366,1.81484,-4193.31,0
0.442548,3508.26,-3.48292,-2.04406,0.242953,-3925.26,0
0.44908,3508.12,-3.68736,-2.12432,2.01868,-4185.82,0
0.455573,3507.99,-3.73409,-2.08764,3.72692,-4402.36,0
0.462089,3507.99,-3.84858,-1.89025,3.13684,-4344.7,0
0.468613,3508,-3.7741,-2.08324,2.44018,-4277.51,0
0.475123,3508.02,-3.93185,-1.82227,1.57988,-4165.26,0
0.481625,3508.06,-3.78959,-1.68462,1.1593,-4031.04,0
0.488095,3508.12,-3.56256,-1.2126,1.16901,-3851.51,0
0.494607,3508.05,-3.54456,-1.20634,2.21152,-3941.49,0
0.501125,3508.05,-3.56577,-1.19504,1.66721,-3883.93,0
0.507647,3508.08,-3.67597,-1.19429,0.59772,-3786.67,0
0.514163,3507.96,-3.70622,-1.50319,2.18104,-3965.66,0
0.52066,3507.85,-3.72568,-1.47033,3.85406,-4135.27,0
0.527148,3507.77,-3.65543,-1.57067,4.20962,-4229.2,0
0.533659,3507.71,-3.61484,-1.70326,4.0631,-4295.35,0
0.540184,3507.65,-3.48341,-1.7271,4.2685,-4345.73,0
0.546683,3507.67,-3.44996,-1.8572,2.60019,-4267.96,0
0.553226,3507.71,-3.33027,-1.89525,1.43765,-4130.65,0
0.559692,3507.68,-3.49737,-1.90251,1.47202,-4150.26,0
0.566173,3507.71,-3.4229,-1.78881,0.813275,-4050.22,0
0.572694,3507.63,-3.39095,-1.76306,2.33278,-4140,0
0.579195,3507.49,-3.369,-1.82963,4.43678,-4341.56,0
0.585723,3507.42,-3.43394,-1.76006,4.38568,-4401.09,0
0.592185,3507.35,-3.39797,-1.74095,4.80507,-4478.94,0
0.598694,3507.27,-3.36315,-1.6972,4.89312,-4564.35,0
0.605184,3507.25,-3.36189,-1.66816,4.02219,-4551.6,0
0.611683,3507.32,-3.41373,-1.70753,1.57988,-4373.83,0
0.618168,3507.24,-3.66112,-1.63981,2.27823,-4467.65,0
0.624668,3507.25,-3.8514,-1.65403,0.879882,-4402.97,0
0.631159,3507.11,-3.919,-1.60551,3.29532,-4583.98,0
0.637632,3507.17,-3.90059,-1.55246,1.39612,-4442.17,0
0.644125,3507.17,-3.93435,-1.53098,0.791643,-4399,0
0.65065,3507.05,-4.06564,-1.38681,2.58603,-4539.04,0
0.657198,3507.12,-3.97073,-1.524,0.78813,-4378.45,0
0.663691,3506.96,-3.93598,-1.56253,3.30219,-4579.91,0
0.670194,3507,-4.02002,-1.57591,1.24921,-4468.93,0
0.676724,3506.87,-3.88316,-1.66893,3.87972,-4626.87,0
0.683236,3506.83,-3.97281,-1.56551,3.44858,-4644.47,0
0.689774,3506.76,-4.02197,-1.41564,4.30933,-4695.56,0
0.696333,3506.86,-3.99846,-1.52248,1.12503,-4504.31,0
0.702814,3506.85,-3.93684,-1.54152,1.55822,-4488.96,0
0.709325,3506.81,-3.76535,-1.32781,2.92817,-4491.38,0
0.715848,3506.88,-3.66657,-1.34408,1.44634,-4363.88,0
0.722333,3506.88,-3.63382,-1.29979,1.36813,-4325.76,0
0.728857,3506.77,-3.67297,-1.23977,3.10545,-4426.82,0
0.735376,3506.81,-3.59597,-1.36377,1.94258,-4331.66,0
0.741904,3506.75,-3.61576,-1.42637,2.37414,-4377.49,0
0.748389,3506.77,-3.23918,-1.41397,3.27412,-4318.54,0
0.754886,3506.79,-2.99098,-1.51528,2.72817,-4249.78,0
0.76139,3506.66,-2.93959,-1.5599,4.68947,-4390.1,0
0.767921,3506.78,-2.9712,-1.4006,1.15483,-4195.72,0
0.774407,3506.78,-3.01904,-1.48562,0.389898,-4153.76,0
0.780956,3506.77,-2.84203,-1.28449,1.21087,-4132.04,0
0.787483,3506.75,-2.87438,-1.61009,0.837092,-4129.64,0
0.79396,3506.68,-2.78225,-1.79103,2.11013,-4187.1,0
0.800452,3506.67,-2.71298,-1.73612,2.27271,-4162.69,0
0.806959,3506.68,-2.78829,-1.92014,0.922455,-4108.85,0
0.813493,3506.48,-2.84541,-2.08674,4.5223,-4324.29,0
0.82001,3506.6,-2.85767,-1.88123,1.89273,-4151.2,0
0.826472,3506.64,-2.78478,-1.80844,1.01319,-4067.51,0
0.832991,3506.53,-3.06692,-1.54513,2.62174,-4164,0
0.839463,3506.52,-3.14975,-1.5862,1.79295,-4142.49,0
0.846011,3506.51,-3.31,-1.50227,1.26251,-4128.39,0
0.852527,3506.46,-3.63032,-1.55844,0.648665,-4155.67,0
0.859027,3506.43,-3.56195,-1.59816,1.25146,-4159.71,0
0.865507,3506.31,-3.67096,-1.31065,3.33636,-4261.55,0
0.87204,3506.24,-3.80095,-1.05512,4.27199,-4317.32,0
0.878515,3506.17,-3.79764,-1.0375,4.69547,-4365.12,0
0.885037,3506.25,-3.88967,-1.17215,1.35873,-4236.41,0
0.891516,3506.26,-3.81276,-1.36427,0.793857,-4193.3,0
0.897994,3506.27,-3.71894,-1.50153,0.585208,-4157.62,0
0.904487,3506.29,-3.50513,-1.56605,0.680655,-4106.5,0
0.910944,3506.19,-3.45291,-1.52617,2.83597,-4183.17,0
0.917401,3506.13,-3.61423,-1.66753,2.6869,-4217.14,0
0.923893,3506.16,-3.57782,-1.64649,2.02434,-4159.26,0
0.930373,3506.2,-3.51314,-1.43241,1.44712,-4079.85,0
0.936917,3506.23,-3.52112,-1.34032,0.7439,-4029.11,0
0.943371,3506.09,-3.44773,-1.37164,3.51996,-4139.93,0
0.949816,3506.09,-3.46093,-1.30378,2.73779,-4118.34,0
0.956341,3506.14,-3.34025,-1.51145,1.19958,-4040.36,0
0.962868,3506.09,-3.27027,-1.73571,1.80073,-4062.24,0
0.969361,3506.1,-3.19067,-1.69588,1.41792,-4025.89,0
0.975931,3505.99,-3.42564,-1.86883,2.0741,-4103.83,0
0.982448,3505.93,-3.35399,-2.09965,2.6851,-4140.73,0
0.988951,3506.05,-3.12849,-2.0894,0.4704,-3991.43,0
0.99542,3506.05,-3.15346,-1.94776,0.362965,-3969.3,0
1.00193,3505.95,-3.01996,-1.95358,2.95917,-4037.96,0
1.00843,3505.98,-3.07571,-1.96049,1.40889,-3990.75,0
1.01494,3505.97,-3.29413,-1.90283,0.213808,-3971.08,0
1.02145,3505.82,-3.41615,-1.97515,2.79923,-4096.44,0
1.02796,3505.75,-3.45775,-1.83587,4.03669,-4132.24,0
1.03444,3505.74,-3.46936,-1.82685,3.32393,-4121.28,0
1.04091,3505.71,-3.43104,-1.95615,3.43098,-4125.11,0
1.04741,3505.64,-3.67337,-2.10805,2.96875,-4166.26,0
1.05391,3505.62,-3.6612,-2.07857,3.13118,-4157.48,0
1.06042,3505.63,-3.52371,-2.11763,2.99579,-4117.92,0
1.06691,3505.61,-3.5648,-2.07916,2.98663,-4115.94,0
1.07341,3505.6,-3.5598,-2.0919,2.38722,-4097.14,0
1.07994,3505.57,-3.62549,-2.41164,1.48951,-4104.38,0
1.08643,3505.43,-3.74829,-2.28163,3.86458,-4202.25,0
1.09297,3505.44,-3.72261,-2.4101,2.76425,-4172.33,0
1.09949,3505.5,-3.81112,-2.11968,1.53475,-4092.48,0
1.10603,3505.45,-3.94084,-2.2722,1.04356,-4115.87,0
1.11251,3505.45,-4.04221,-2.05722,0.789687,-4092.03,0
1.119,3505.4,-4.08962,-1.84225,1.85044,-4113.53,0
1.12549,3505.3,-4.4506,-1.83468,1.72671,-4178.83,0
1.13199,3505.13,-4.51136,-1.81435,4.92871,-4302.94,0
1.13847,3505.08,-4.53633,-1.86002,4.13481,-4320.29,0
1.14498,3505.09,-4.61234,-1.78054,2.71654,-4287.83,0
1.15149,3505.16,-4.59587,-1.83753,0.731249,-4203.42,0
1.15804,3505.08,-4.40398,-1.77772,3.57,-4246.74,0
1.16458,3505.13,-4.31537,-1.76646,2.4817,-4178.24,0
1.17107,3505.18,-4.28172,-1.91414,1.02808,-4119.82,0
1.17759,3505.17,-4.27458,-1.71467,1.56497,-4104.25,0
1.1841,3505.08,-4.44889,-1.57116,2.48697,-4152.5,0
1.19056,3505.13,-4.44028,-1.49237,1.12508,-4090.82,0
1.19708,3505.07,-4.35966,-1.41543,2.83847,-4118.35,0
1.2036,3505.07,-4.41333,-1.49382,1.84307,-4093.75,0
1.21012,3505.03,-4.69703,-1.47912,0.629767,-4110.26,0
1.21666,3504.9,-4.9243,-1.42401,1.75668,-4188.05,0
1.22317,3504.94,-4.80169,-1.52405,1.08686,-4133.98,0
1.22967,3504.9,-4.9059,-1.54684,1.05135,-4147.39,0
1.2362,3504.83,-5.06817,-1.48425,1.23842,-4179.21,0
1.24272,3504.69,-5.13646,-1.37432,3.5746,-4271.04,0
1.24923,3504.82,-5.10333,-1.13513,0.707215,-4147.46,0
1.25574,3504.76,-5.12752,-1.0609,1.87237,-4174.58,0
1.26226,3504.71,-5.27671,-1.18747,1.18659,-4189.13,0
1.26872,3504.62,-5.42736,-1.13322,1.74506,-4239.71,0
1.27521,3504.55,-5.57719,-0.851024,2.32389,-4274.32,0
1.28171,3504.56,-5.55254,-0.755618,2.13099,-4245.43,0
1.2882,3504.58,-5.39881,-0.888916,2.03161,-4203.85,0
1.29472,3504.61,-5.29291,-1.10512,1.55499,-4159.76,0
1.30123,3504.55,-5.27633,-1.03368,3.06025,-4188.5,0
1.30777,3504.56,-5.19881,-0.945521,3.22067,-4161.73,0
1.31428,3504.65,-5.0584,-1.21418,1.05375,-4069.43,0
1.3208,3504.55,-5.29121,-0.99099,1.77662,-4127.89,0
1.32726,3504.49,-5.12678,-1.03629,4.13549,-4154.07,0
1.33374,3504.51,-5.08327,-1.1898,2.81171,-4114.27,0
1.34025,3504.48,-5.14235,-1.0761,3.12007,-4120.41,0
1.34676,3504.43,-5.05552,-0.889802,4.35075,-4136.92,0
1.35325,3504.48,-5.13248,-0.727453,1.52023,-4081.48,0
1.35978,3504.39,-4.96804,-0.682798,4.78439,-4125.22,0
1.36629,3504.56,-4.72994,-0.678358,1.23865,-3980.93,0
1.37278,3504.37,-4.95885,-0.783955,3.54162,-4098.19,0
1.37926,3504.37,-4.96587,-0.697221,3.222,-4084.95,0
1.38579,3504.36,-4.97835,-0.886942,2.22989,-4066.48,0
1.39232,3504.27,-5.26974,-0.932241,1.52995,-4116.66,0
1.39884,3504.17,-5.21485,-0.969913,3.85389,-4165.09,0
1.40537,3504.25,-5.29397,-1.13648,0.286107,-4089.26,0
1.4119,3504.13,-5.18035,-1.00961,3.5649,-4157.49,0
1.41841,3503.98,-5.06686,-1.05865,6.46308,-4241.31,0
1.42489,3504,-5.10044,-0.989146,4.0051,-4207.69,0
1.43137,3504.02,-5.02745,-0.977794,2.8486,-4176.13,0
1.43793,3503.95,-5.06584,-1.08939,3.28131,-4207.53,0
1.44444,3503.98,-5.19081,-1.14924,0.659234,-4167.94,0
1.4509,3503.83,-5.24064,-1.05322,3.30497,-4252.83,0
1.45741,3503.88,-5.18835,-1.1695,1.89754,-4200.96,0
1.4639,3503.74,-5.21866,-1.22398,4.26229,-4274.43,0
1.47034,3503.75,-5.21095,-1.55876,2.42961,-4247.66,0
1.47686,3503.83,-5.03882,-1.43686,2.20474,-4178.65,0
1.48333,3503.75,-5.03752,-1.30096,4.38888,-4214.75,0
1.48983,3503.67,-5.06661,-1.33972,4.65442,-4247.2,0
1.49637,3503.82,-5.02701,-1.34661,0.406954,-4128.45,0
1.50291,3503.77,-4.94698,-1.6547,1.32546,-4146.11,0
1.50942,3503.75,-4.92419,-1.73163,0.936914,-4140.7,0
1.51594,3503.61,-4.97145,-1.41502,4.54425,-4212.24,0
1.52248,3503.73,-4.66639,-1.54968,3.28385,-4115.77,0
1.52897,3503.84,-4.49087,-1.65006,0.96716,-4027.27,0
1.53546,3503.71,-4.45569,-1.74383,4.11302,-4097.33,0
1.54195,3503.7,-4.75939,-1.55551,1.46675,-4087.66,0
1.54843,3503.64,-4.63766,-1.31174,4.50732,-4107.16,0
1.55494,3503.63,-4.62695,-1.39327,3.37946,-4094.91,0
1.56145,3503.76,-4.49893,-1.436,0.364014,-3993.82,0
1.56793,3503.77,-4.38386,-1.28359,1.59803,-3973.01,0
1.57442,3503.8,-4.29993,-1.41325,0.847376,-3940.9,0
1.5809,3503.77,-4.13457,-1.39994,3.08328,-3943.35,0
1.58744,3503.75,-4.18692,-1.28017,2.46081,-3936.7,0
1.59399,3503.79,-3.97124,-1.23114,2.79646,-3893.95,0
1.60052,3503.74,-3.93399,-1.35669,3.84289,-3910.81,0
1.60707,3503.68,-3.92097,-1.43422,4.60619,-3931.16,0
1.61353,3503.71,-4.02035,-1.33896,2.2915,-3900.75,0
1.62004,3503.69,-3.98328,-1.25234,2.56218,-3892.94,0
1.62657,3503.71,-3.99503,-1.47069,0.564641,-3865.11,0
1.63311,3503.66,-3.8874,-1.41414,3.08051,-3883.86,0
1.63966,3503.61,-3.97208,-1.49873,2.97938,-3899.57,0
1.6462,3503.6,-4.081,-1.55213,1.27994,-3884.77,0
1.65269,3503.58,-4.02378,-1.66577,1.75646,-3885.81,0
1.65922,3503.57,-3.90061,-1.67685,2.86173,-3876.91,0
1.66571,3503.49,-3.9267,-1.63876,4.05831,-3907.64,0
1.67223,3503.46,-3.88618,-1.6451,3.87313,-3909.99,0
1.67873,3503.53,-3.88593,-1.75038,0.900899,-3852.13,0
1.68524,3503.44,-3.82074,-1.92061,3.14379,-3889.96,0
1.69174,3503.4,-3.89127,-1.87427,3.45214,-3902.13,0
1.6983,3503.43,-3.72981,-2.06324,2.68028,-3866.38,0
1.70482,3503.44,-3.6978,-2.07979,2.39329,-3850.79,0
1.71134,3503.54,-3.49814,-2.15732,0.194956,-3774.03,0
1.71787,3503.4,-3.38031,-2.27766,4.13439,-3843.07,0
1.72434,3503.45,-3.41479,-2.36246,1.43564,-3800.86,0
1.73084,3503.38,-3.5001,-2.31917,2.59011,-3826.72,0
1.73735,3503.39,-3.56313,-2.11692,2.35084,-3805.06,0
1.74388,3503.28,-3.78267,-2.35321,1.80591,-3854.55,0
1.7504,3503.23,-3.89208,-2.14067,2.73811,-3866.72,0
1.75692,3503.22,-3.982,-2.16802,1.74234,-3860.03,0
1.76338,3503.17,-4.13186,-2.20018,1.07195,-3875.16,0
1.76991,3503.03,-4.37649,-2.1522,1.90849,-3938.72,0
1.77641,3503.16,-3.99084,-2.12211,2.33678,-3852.88,0
1.78291,3503.05,-4.24802,-2.18654,1.42315,-3898.46,0
1.78937,3502.91,-4.41239,-2.19846,3.11966,-3963.16,0
1.79587,3502.97,-4.33501,-2.26751,1.42362,-3915.63,0
1.80239,3502.89,-4.35062,-2.25451,3.06598,-3943.42,0
1.80886,3503,-4.24282,-2.31376,0.47749,-3869.69,0
1.81532,3502.87,-4.35641,-2.23623,3.12226,-3928.43,0
1.8218,3502.8,-4.30026,-2.40448,4.25208,-3951.79,0
1.82829,3502.86,-4.25784,-2.4988,1.72575,-3902.78,0
1.83479,3502.71,-4.2759,-2.49399,5.25035,-3972.64,0
1.84133,3502.74,-4.37803,-2.46338,2.64584,-3942.87,0
1.84785,3502.74,-4.28053,-2.48875,3.18283,-3930.17,0
1.85433,3502.66,-4.23069,-2.5516,5.11483,-3960.3,0
1.8608,3502.76,-4.24776,-2.40882,1.86907,-3890.48,0
1.8673,3502.67,-4.32154,-2.61399,1.87276,-3926.27,0
1.87381,3502.76,-4.21139,-2.53259,0.634322,-3864.34,0
1.88029,3502.77,-4.01822,-2.41874,2.6981,-3842.62,0
1.88681,3502.73,-4.15111,-2.61081,0.814067,-3851.63,0
1.89335,3502.62,-4.07135,-2.68023,3.8455,-3895.25,0
1.89985,3502.54,-4.02498,-2.74688,4.82071,-3927.61,0
1.90634,3502.61,-3.98848,-2.76624,1.94834,-3877.15,0
1.91292,3502.49,-3.95752,-2.60051,5.5105,-3924.73,0
1.91945,3502.46,-3.95163,-2.61056,4.3073,-3929.21,0
1.92599,3502.59,-3.78831,-2.60695,1.38556,-3847.38,0
1.9325,3502.47,-3.7822,-2.47924,5.33699,-3897.12,0
1.93903,3502.59,-3.57073,-2.43896,3.02478,-3822.39,0
1.94555,3502.49,-3.55854,-2.58746,4.10837,-3859.68,0
1.95209,3502.42,-3.57587,-2.56776,5.09717,-3883.17,0
1.95861,3502.39,-3.60812,-2.64444,3.56855,-3886.59,0
1.96514,3502.34,-3.6363,-2.68328,3.83462,-3900.16,0
1.97164,3502.32,-3.65989,-2.77955,1.52688,-3893.15,0
1.97815,3502.27,-3.58278,-3.07962,0.961329,-3908.12,0
1.9847,3502.24,-3.46571,-3.33066,0.209534,-3908.95,0
1.9912,3502.14,-3.31705,-3.40277,3.33345,-3945.94,0
1.99771,3502.06,-3.34865,-3.38641,4.84605,-3972.39,0
2.00419,3502.01,-3.37587,-3.37948,4.52531,-3987.26,0
2.01072,3502,-3.3243,-3.46819,3.77096,-3980.32,0
2.01724,3501.95,-3.24034,-3.45522,4.55942,-3988.41,0
2.02375,3502.03,-3.26257,-3.32549,2.96788,-3939.77,0
2.03027,3502,-3.24103,-3.46613,1.86386,-3937.96,0
2.03678,3501.98,-3.15988,-3.45609,3.17073,-3938.69,0
2.04326,3502.09,-2.92185,-3.27335,3.93839,-3873.1,0
2.0498,3502.01,-3.06704,-3.23387,3.89028,-3896.97,0
2.05629,3502.03,-2.81519,-3.30404,4.46456,-3874.21,0
2.06279,3502.07,-2.82864,-3.24197,2.96384,-3843.18,0
2.06925,3502.04,-2.7577,-3.36804,2.84651,-3844.77,0
2.07572,3501.95,-3.10721,-3.29053,2.69095,-3876.78,0
2.0822,3501.93,-3.16065,-3.11819,4.19918,-3874.21,0
2.08873,3501.89,-3.1597,-3.0637,4.6519,-3882.2,0
2.09523,3502,-3.0273,-3.15861,0.808286,-3820.36,0
2.10171,3501.87,-3.02982,-3.05883,5.2927,-3867.92,0
2.10824,3501.87,-3.00589,-3.02425,3.97554,-3854.54,0
2.11476,3501.91,-3.10153,-2.96006,1.68963,-3824.41,0
2.12123,3501.89,-3.0692,-2.98146,2.2746,-3821.91,0
2.1277,3501.87,-3.14597,-2.91464,2.67685,-3822.74,0
2.1342,3501.95,-3.13382,-2.61191,2.7252,-3770.63,0
2.14069,3501.88,-3.01634,-2.70304,4.81864,-3791.14,0
2.14722,3501.86,-2.99823,-2.74307,3.17634,-3791.76,0
2.15374,3501.84,-3.25935,-2.63563,1.04624,-3789.08,0
2.16024,3501.74,-3.25447,-2.62014,3.35904,-3822.68,0
2.16674,3501.76,-3.18378,-2.52011,3.37738,-3801.05,0
2.17325,3501.76,-2.96344,-2.6055,4.2814,-3792.07,0
2.17978,3501.83,-2.83224,-2.60888,2.19398,-3746.98,0
2.18628,3501.75,-2.86683,-2.77512,2.04179,-3775.45,0
2.19278,3501.58,-3.04338,-3.03482,1.5093,-3838.38,0
2.19927,3501.56,-3.03329,-3.07917,0.837924,-3836.42,0
2.20574,3501.44,-2.95859,-3.1797,4.51663,-3881.79,0
2.21223,3501.4,-2.86407,-3.46865,2.11059,-3886.36,0
2.21875,3501.31,-2.76291,-3.47095,5.30358,-3917.65,0
2.2253,3501.35,-2.67289,-3.46942,3.13949,-3888.26,0
2.23183,3501.3,-2.71595,-3.43161,3.63099,-3900.13,0
2.23837,3501.3,-2.86994,-3.38096,1.73096,-3884.77,0
2.24486,3501.29,-2.83312,-3.4847,0.764168,-3880.65,0
2.25135,3501.15,-2.95867,-3.52104,2.40211,-3932.84,0
2.25786,3501.04,-2.9677,-3.5172,4.98198,-3969.17,0
2.26435,3501.07,-3.07619,-3.48401,1.39249,-3944.1,0
2.27083,3501,-2.99498,-3.5941,2.77485,-3962.28,0
2.27735,3501.03,-2.86773,-3.42209,5.29377,-3938.75,0
2.28387,3501.05,-2.86883,-3.3118,4.21929,-3919.33,0
2.2904,3501,-3.12125,-3.21954,2.67186,-3927.36,0
2.29689,3501.02,-3.23654,-3.05044,2.2158,-3907.94,0
2.30335,3500.88,-3.2617,-3.17796,4.56337,-3958.71,0
2.30982,3500.95,-3.16077,-3.09771,3.44516,-3917.37,0
2.31632,3500.86,-3.16152,-3.20628,3.97546,-3945.84,0
2.32283,3500.79,-3.17272,-3.21533,5.19072,-3964.49,0
2.32935,3500.77,-3.26175,-3.22019,2.38536,-3960.72,0
2.33585,3500.72,-3.10829,-3.34143,3.84852,-3971.08,0
2.34232,3500.62,-3.31345,-3.42552,2.46043,-4004.03,0
2.34883,3500.64,-3.30223,-3.26456,3.6069,-3986.21,0
2.35537,3500.66,-3.235,-3.13439,4.0858,-3964.27,0
2.36187,3500.6,-3.36263,-3.06701,4.04983,-3978.74,0
2.36841,3500.55,-3.44257,-3.04869,2.96517,-3988.63,0
2.37491,3500.52,-3.46076,-3.1287,2.29754,-3993.1,0
2.38142,3500.38,-3.44418,-3.31347,3.78643,-4038.25,0
2.38791,3500.35,-3.36506,-3.44191,3.6895,-4042.75,0
2.39444,3500.29,-3.41338,-3.50724,1.92174,-4053.74,0
2.40092,3500.33,-3.2996,-3.3532,4.39561,-4027.39,0
2.40743,3500.31,-3.49426,-3.27368,1.49354,-4026.19,0
2.41395,3500.22,-3.44889,-3.33422,4.19196,-4052.68,0
2.42039,3500.11,-3.51958,-3.3915,3.84573,-4084.12,0
2.42688,3500.06,-3.83507,-3.31424,0.725084,-4097.76,0
2.43343,3499.89,-3.81919,-3.4441,4.15304,-4156.64,0
2.43996,3500.02,-3.80128,-3.36805,0.615259,-4088.53,0
2.44652,3499.99,-3.79062,-3.32957,2.09365,-4090.8,0
2.45305,3500.11,-3.68763,-3.16361,2.23674,-4030.47,0
2.45954,3500.15,-3.59543,-3.19466,1.75749,-4006.33,0
2.46604,3499.97,-3.68257,-3.34233,3.14097,-4066.28,0
2.47257,3499.96,-3.87388,-3.23424,1.20989,-4059,0
2.47908,3499.88,-3.79729,-3.21519,4.8966,-4081.82,0
2.48559,3499.95,-3.81013,-3.17431,1.03576,-4041.59,0
2.4921,3499.89,-3.91243,-3.07708,2.33086,-4058.76,0
2.49861,3499.73,-4.02828,-3.18465,3.19647,-4111.12,0
2.50513,3499.7,-4.05017,-3.34275,0.672861,-4111.73,0
2.51162,3499.72,-3.97,-3.3623,0.735978,-4093,0
2.51811,3499.68,-3.96578,-3.25247,3.70787,-4098.55,0
2.52463,3499.66,-4.01268,-3.20516,3.42015,-4094.47,0
2.53116,3499.72,-4.05641,-3.1365,0.539566,-4062.91,0
2.53765,3499.65,-3.91657,-3.08273,5.56487,-4079.6,0
2.54414,3499.53,-3.88138,-3.16879,7.19569,-4113.73,0
2.55063,3499.54,-3.81668,-3.12969,6.30404,-4102.07,0
2.55712,3499.64,-3.80222,-3.04307,2.45165,-4052.51,0
2.56364,3499.61,-3.88838,-3.05645,0.824741,-4052.61,0
2.57016,3499.71,-3.83639,-2.84439,1.56582,-4003.42,0
2.57672,3499.64,-3.8417,-2.89025,2.98237,-4021.32,0
2.58321,3499.64,-3.85623,-2.758,4.07612,-4010.8,0
2.58973,3499.61,-3.82286,-2.699,5.06749,-4011.61,0
2.59624,3499.61,-3.86856,-2.61538,3.40294,-4000.92,0
2.60275,3499.67,-3.7736,-2.67866,1.80373,-3967.02,0
2.60926,3499.6,-3.76642,-2.61718,4.72839,-3987.39,0
2.61575,3499.6,-3.76883,-2.82018,0.423963,-3975.8,0
2.62222,3499.63,-3.5536,-2.87739,2.846,-3954.58,0
2.62868,3499.51,-3.55897,-2.79798,6.28953,-3989.16,0
2.63521,3499.49,-3.53852,-2.86436,4.15444,-3988.24,0
2.64169,3499.43,-3.46574,-2.82992,6.05701,-4000.23,0
2.64822,3499.43,-3.43949,-2.87581,4.34081,-3992.36,0
2.65472,3499.43,-3.51588,-2.73578,4.04553,-3980.09,0
2.66127,3499.4,-3.40123,-2.74445,5.71903,-3983.98,0
2.6678,3499.41,-3.37855,-2.79932,3.91795,-3970.69,0
2.67435,3499.4,-3.27459,-2.96808,2.49093,-3964.6,0
2.68089,3499.31,-3.42992,-2.9248,2.02609,-3985.9,0
2.68738,3499.35,-3.43051,-2.81705,2.55814,-3962.63,0
2.69389,3499.5,-3.26751,-2.76313,1.78174,-3899.2,0
2.70044,3499.34,-3.3166,-2.99974,1.13843,-3947.71,0
2.70696,3499.3,-3.24164,-3.07924,2.08236,-3952.18,0
2.71345,3499.38,-3.12165,-2.93257,4.51912,-3912.39,0
2.71996,3499.38,-3.11233,-2.97062,3.08256,-3904.59,0
2.72644,3499.37,-2.9681,-3.04658,3.7924,-3898.43,0
2.73296,3499.28,-2.9455,-3.14512,4.24405,-3923.14,0
2.73943,3499.39,-2.88696,-3.06068,2.57515,-3872.82,0
2.74594,3499.29,-2.92955,-3.11629,3.75419,-3900.95,0
2.75245,3499.4,-2.8772,-3.11233,0.271069,-3851.91,0
2.75897,3499.3,-2.83041,-3.12361,4.56566,-3879.27,0
2.76547,3499.22,-2.89538,-3.14764,3.69639,-3897.84,0
2.77196,3499.11,-2.86156,-3.3334,3.4043,-3928.59,0
2.77844,3499.16,-2.8444,-3.25723,2.52288,-3901.89,0
2.78496,3499.23,-2.70163,-3.2732,1.97799,-3867.21,0
2.79145,3499.23,-2.76452,-3.11232,4.45304,-3857.86,0
2.79796,3499.23,-2.73505,-2.97288,7.3516,-3849.1,0
2.80448,3499.32,-2.77099,-2.90353,3.34606,-3808.7,0
2.81093,3499.26,-2.73841,-2.94046,4.49051,-3820.11,0
2.81744,3499.26,-2.71334,-3.07106,0.512689,-3811.5,0
2.82392,3499.06,-2.85463,-3.06293,4.92026,-3875.32,0
2.83042,3498.96,-2.857,-2.9674,8.71695,-3901.3,0
2.83686,3498.96,-2.93754,-2.964,3.49746,-3890.51,0
2.84336,3499.06,-2.81847,-2.87107,4.61952,-3848.93,0
2.84989,3498.96,-2.87918,-2.85832,3.26026,-3872.33,0
2.85642,3498.98,-2.70076,-2.88482,5.59524,-3857.16,0
2.86293,3499.1,-2.69648,-2.8003,0.806068,-3807.4,0
2.86945,3498.93,-2.71084,-2.97899,1.41149,-3856.48,0
2.87596,3498.84,-2.59406,-3.22577,0.343908,-3879.73,0
2.88243,3498.74,-2.57286,-3.13708,5.22058,-3908.1,0
2.88891,3498.75,-2.61468,-3.10327,3.2906,-3892.68,0
2.89541,3498.65,-2.51805,-3.21414,5.72417,-3919.07,0
2.90196,3498.6,-2.47789,-3.23511,5.21243,-3927.61,0
2.90849,3498.63,-2.35499,-3.20147,6.3668,-3909.18,0
2.91498,3498.59,-2.44378,-3.1775,4.5649,-3914.26,0
2.92151,3498.64,-2.4871,-3.14043,2.11425,-3888.6,0
2.928,3498.71,-2.49868,-3.02528,1.59462,-3855.32,0
2.93451,3498.72,-2.36552,-3.01461,4.23201,-3845.38,0
2.94104,3498.76,-2.25275,-2.93089,5.84571,-3822.28,0
2.94754,3498.75,-2.47144,-2.76855,3.96884,-3815.35,0
2.95402,3498.68,-2.73587,-2.67749,1.17676,-3830.69,0
2.96056,3498.54,-2.75,-2.80136,1.52565,-3869.38,0
2.96708,3498.57,-2.67045,-2.79271,1.91637,-3851.66,0
2.97353,3498.56,-2.60243,-2.706,5.85284,-3848.47,0
2.98005,3498.51,-2.56896,-2.6759,6.74457,-3855.67,0
2.98656,3498.47,-2.55005,-2.79035,2.56379,-3861.89,0
2.99311,3498.49,-2.55404,-2.71889,3.52111,-3846.34,0
2.99963,3498.37,-2.58411,-2.85874,2.05275,-3875.96,0
3.00617,3498.4,-2.64185,-2.69534,3.53449,-3857.27,0
3.01266,3498.42,-2.61383,-2.73746,1.3247,-3842.48,0
3.01915,3498.33,-2.74454,-2.58354,4.67764,-3866.07,0
3.02564,3498.28,-2.73334,-2.63911,3.72326,-3872.87,0
3.03213,3498.13,-2.69383,-2.69562,5.97205,-3913.42,0
3.03861,3498.08,-2.69061,-2.73367,3.14871,-3921.22,0
3.04513,3497.95,-2.59949,-2.75317,8.0161,-3955.93,0
3.05159,3497.96,-2.59214,-2.74814,4.45127,-3945.12,0
3.05808,3498,-2.5156,-2.79218,1.84087,-3922.96,0
3.06458,3497.99,-2.52774,-2.68454,4.41452,-3919.87,0
3.07111,3497.91,-2.54639,-2.65507,6.15192,-3935.58,0
3.07761,3497.88,-2.55494,-2.67371,3.29254,-3936.75,0
3.08408,3497.91,-2.48945,-2.59964,5.58117,-3919.09,0
3.09062,3497.98,-2.49201,-2.606,1.48064,-3888.06,0
3.09718,3497.88,-2.44375,-2.59599,6.25489,-3913.28,0
3.10366,3497.86,-2.49197,-2.53289,4.69887,-3911.34,0
3.11017,3497.78,-2.57482,-2.45695,6.12054,-3929.44,0
3.11668,3497.78,-2.49526,-2.52079,5.36851,-3920.34,0
3.12316,3497.79,-2.45688,-2.56119,3.42386,-3907.94,0
3.12969,3497.88,-2.44173,-2.47529,3.29744,-3873.82,0
3.13619,3497.87,-2.42635,-2.53276,0.634497,-3868.7,0
3.14275,3497.87,-2.29273,-2.51934,3.40728,-3859.57,0
3.14923,3497.81,-2.42316,-2.46486,2.75682,-3870.96,0
3.15575,3497.74,-2.47291,-2.36034,7.24625,-3885.6,0
3.16231,3497.76,-2.43342,-2.35834,5.74944,-3869.98,0
3.16883,3497.74,-2.53416,-2.28873,3.9547,-3869.13,0
3.17528,3497.72,-2.45955,-2.27735,4.90907,-3866.21,0
3.18178,3497.67,-2.40041,-2.32077,6.35089,-3876.25,0
3.18829,3497.74,-2.39854,-2.26002,1.7493,-3843.99,0
3.19477,3497.78,-2.21778,-2.40429,1.08667,-3826.34,0
3.20129,3497.87,-2.21001,-2.20239,5.32021,-3788.52,0
3.20774,3497.73,-2.2435,-2.38292,1.95508,-3826.48,0
3.21424,3497.68,-2.23358,-2.39807,2.94726,-3832.18,0
3.22078,3497.63,-2.15263,-2.45437,4.86547,-3839.94,0
3.2273,3497.6,-2.17064,-2.46201,4.20606,-3843.24,0
3.23382,3497.53,-2.13049,-2.59709,1.50693,-3855.02,0
3.24033,3497.45,-2.09383,-2.64518,2.6312,-3874.54,0
3.24689,3497.3,-2.07065,-2.66586,6.06693,-3911.23,0
3.25336,3497.14,-2.13542,-2.65748,8.53348,-3954.18,0
3.25988,3497.17,-2.12665,-2.64076,5.38882,-3936.81,0
3.26643,3497.16,-2.17573,-2.57232,4.08483,-3931.28,0
3.27292,3496.98,-2.18467,-2.75683,1.81542,-3977.56,0
3.27946,3496.98,-1.95096,-2.84777,5.15521,-3970.85,0
3.28596,3496.9,-2.11368,-2.85488,0.91296,-3985.6,0
3.29241,3496.8,-2.17884,-2.81535,3.39766,-4010.44,0
3.29893,3496.78,-2.25602,-2.71126,5.34813,-4006.84,0
3.30547,3496.85,-2.17691,-2.79204,0.848274,-3976.78,0
3.31199,3496.77,-2.16731,-2.76169,4.6904,-3993.63,0
3.31845,3496.65,-2.07842,-2.8209,7.58817,-4022.16,0
3.32489,3496.62,-1.99761,-2.90023,5.63813,-4025.48,0
3.3314,3496.78,-1.9405,-2.79826,5.15924,-3967.24,0
3.33789,3496.93,-1.73059,-2.81137,4.63032,-3916.05,0
3.34441,3497.03,-1.69282,-2.80364,1.51795,-3879.61,0
3.35088,3496.87,-1.57463,-2.92347,4.00495,-3918.72,0
3.35736,3496.73,-1.61845,-2.9531,5.21359,-3951.73,0
3.36386,3496.75,-1.59058,-3.01529,0.905317,-3939.33,0
3.37034,3496.61,-1.57205,-3.04723,4.69051,-3973.98,0
3.37681,3496.66,-1.57167,-3.00229,4.58906,-3951.11,0
3.38329,3496.65,-1.44489,-2.98276,7.81806,-3944.41,0
3.38983,3496.55,-1.43591,-3.06801,4.44221,-3968.43,0
3.39636,3496.58,-1.41368,-3.01946,5.2096,-3949.97,0
3.40284,3496.58,-1.32691,-3.08791,2.12158,-3944.98,0
3.40934,3496.33,-1.32586,-3.16654,5.95634,-4009.4,0
3.41584,3496.34,-1.30827,-3.18851,3.26138,-3998.51,0
3.42232,3496.28,-1.45915,-3.19549,0.861248,-4009.53,0
3.42879,3496.29,-1.36344,-3.13161,5.71987,-3999.79,0
3.43527,3496.3,-1.40441,-3.07069,5.68995,-3989.21,0
3.4418,3496.32,-1.38777,-3.01792,4.98354,-3973.76,0
3.44833,3496.25,-1.35592,-3.11662,1.54917,-3988.74,0
3.45486,3496.27,-1.26771,-3.01316,7.07612,-3974.38,0
3.46137,3496.25,-1.29418,-3.06077,0.535292,-3972.85,0
3.4679,3496.15,-1.27009,-3.09609,2.06213,-3993.01,0
3.4744,3496.26,-1.15431,-3.02552,4.74675,-3955.31,0
3.48095,3496.23,-1.15259,-3.02968,3.32225,-3956.19,0
3.48745,3496.23,-1.09763,-2.94602,6.42194,-3949.26,0
3.49399,3496.21,-1.10414,-2.91553,5.42863,-3948.1,0
3.50051,3496.11,-1.02004,-2.91061,6.68051,-3968.89,0
3.507,3496.02,-1.02693,-2.92581,5.54006,-3985.28,0
3.5135,3496,-1.00711,-2.88283,6.38637,-3983.63,0
3.51998,3496.05,-1.0213,-2.86283,3.65964,-3963.75,0
3.52648,3496.11,-1.09112,-2.8219,1.14873,-3938.74,0
3.53299,3496.11,-0.89857,-2.8658,1.80956,-3931.94,0
3.53948,3496.18,-0.92222,-2.7913,2.92163,-3904,0
3.54603,3496.19,-1.07392,-2.64829,7.71888,-3894.65,0
3.55254,3496.14,-0.972591,-2.70631,5.59375,-3900.3,0
3.55905,3496.1,-1.03042,-2.694,5.41887,-3905.62,0
3.56553,3496.11,-1.01048,-2.59007,8.16745,-3896.82,0
3.57202,3496.12,-0.906662,-2.58367,6.09823,-3885.64,0
3.57853,3496.07,-0.899158,-2.56329,6.38165,-3892,0
3.58499,3496.17,-0.862509,-2.49591,6.86325,-3858.37,0
3.59154,3496.02,-0.942423,-2.59232,1.03396,-3892.03,0
3.59806,3495.89,-0.693343,-2.70416,3.41727,-3921.63,0
3.6046,3495.99,-0.701908,-2.57615,6.7208,-3886.95,0
3.61111,3496.03,-0.717116,-2.53575,5.23961,-3868.51,0
3.61761,3496.03,-0.85306,-2.48483,4.0953,-3862.81,0
3.62413,3495.96,-0.821836,-2.46652,7.44421,-3874.86,0
3.6306,3495.99,-0.85837,-2.42078,1.47422,-3860.03,0
3.63705,3495.91,-0.796504,-2.44825,3.66618,-3874.47,0
3.64354,3495.88,-0.902373,-2.40395,3.43757,-3876.38,0
3.65007,3495.8,-0.994244,-2.40029,3.28597,-3889.95,0
3.65658,3495.74,-0.944165,-2.34416,8.10607,-3899.6,0
3.66308,3495.73,-0.97723,-2.29152,5.40462,-3894.58,0
3.66959,3495.68,-0.954256,-2.22443,7.70566,-3903.69,0
3.67611,3495.68,-0.911973,-2.2536,4.77007,-3896.05,0
3.68258,3495.61,-0.78994,-2.24905,9.85017,-3907.38,0
3.68907,3495.59,-0.849694,-2.14565,3.92981,-3905.91,0
3.69563,3495.54,-0.894664,-2.16741,1.39154,-3913.97,0
3.70219,3495.46,-0.985736,-2.12864,1.98259,-3927.29,0
3.70874,3495.47,-0.946239,-2.0683,7.28121,-3918.36,0
3.71521,3495.47,-0.965656,-2.01683,6.61881,-3911.14,0
3.7217,3495.56,-0.879022,-1.98383,8.04749,-3879.01,0
3.72821,3495.6,-0.861172,-1.96963,4.81214,-3862.94,0
3.73476,3495.54,-0.721852,-2.06234,1.57506,-3871.44,0
3.74123,3495.5,-0.909552,-1.95,6.22118,-3876.28,0
3.74777,3495.42,-0.959493,-1.9896,1.34765,-3889.58,0
3.75429,3495.36,-0.930485,-1.90826,7.61215,-3898.52,0
3.76082,3495.47,-0.906252,-1.84557,7.278,-3862.72,0
3.7673,3495.45,-0.862403,-1.78628,10.1388,-3861.89,0
3.77381,3495.41,-0.900692,-1.79413,5.70808,-3865.45,0
3.7803,3495.42,-0.864543,-1.8311,1.83605,-3856,0
3.78684,3495.35,-0.802083,-1.8599,3.41116,-3868.95,0
3.79335,3495.35,-0.638471,-1.91286,3.93701,-3862.41,0
3.79987,3495.37,-0.549735,-1.80535,5.37241,-3849.68,0
3.80639,3495.41,-0.583743,-1.71501,8.8381,-3834.24,0
3.81291,3495.38,-0.549849,-1.71222,8.02701,-3833.16,0
3.81941,3495.14,-0.649281,-1.76515,5.68964,-3891.89,0
3.82592,3495.1,-0.680898,-1.7379,6.24054,-3894.28,0
3.83243,3495.09,-0.626396,-1.67719,0.817365,-3889.46,0
3.83895,3494.96,-0.465684,-1.74223,4.32522,-3918.29,0
3.84548,3495.04,-0.628967,-1.63091,5.67975,-3889.91,0
3.85196,3494.91,-0.56066,-1.62236,1.97328,-3918.07,0
3.85846,3494.86,-0.570823,-1.61182,4.46333,-3923.54,0
3.86501,3494.78,-0.533088,-1.59518,6.53891,-3936.81,0
3.87154,3494.78,-0.446111,-1.54867,2.26191,-3930.3,0
3.87806,3494.87,-0.503273,-1.50241,1.66981,-3902.24,0
3.88458,3494.82,-0.497625,-1.35606,1.53296,-3907.02,0
3.89113,3494.83,-0.400908,-1.36406,4.40074,-3898.62,0
3.8976,3494.88,-0.383132,-1.34951,3.54109,-3879.77,0
3.90414,3494.86,-0.37803,-1.31507,7.65288,-3876.82,0
3.91064,3495,-0.42302,-1.26806,2.28831,-3836.76,0
3.91721,3494.99,-0.370781,-1.17327,0.910691,-3832.26,0
3.92372,3494.82,-0.36751,-1.12589,6.79927,-3869.19,0
3.93022,3494.77,-0.392162,-1.11771,3.87898,-3875.66,0
3.93676,3494.77,-0.433838,-1.0345,2.18214,-3867.4,0
3.94325,3494.71,-0.516433,-1.00471,1.35092,-3876.94,0
3.94972,3494.58,-0.545404,-0.996516,2.97787,-3903.52,0
3.95227,3494.58,-0.607181,-0.909566,10.7287,-3902.02,0
