0.00651333,3509.81,-3.67933,-1.77202,3.06182,-28511.6,0
0.0130476,3509.92,-3.61459,-1.76872,0.741745,-5980.23,0
0.0195412,3509.74,-3.61583,-1.79642,3.32615,-13086.8,0
0.0260481,3509.69,-3.64419,-1.70528,3.62797,-12040.6,0
0.0325393,3509.69,-3.58312,-1.33764,3.31558,-9375.54,0
0.039022,3509.55,-3.45702,-1.28186,4.46678,-11581.8,0
0.0455094,3509.44,-3.49895,-1.18849,4.73698,-12208.6,0
0.0519915,3509.48,-3.53777,-1.28882,3.05134,-10075.4,0
0.0584864,3509.45,-3.48607,-1.35074,2.66475,-9333.79,0
0.065037,3509.39,-3.53378,-1.39745,3.27446,-9422.34,0
0.0715277,3509.46,-3.45716,-1.48317,1.77875,-7607.38,0
0.0780296,3509.44,-3.46842,-1.16949,2.06938,-7199.02,0
0.08456,3509.45,-3.55601,-1.04771,1.48045,-6458.39,0
0.0910531,3509.51,-3.5426,-0.960017,0.170187,-5385.64,0
0.0976073,3509.27,-3.87826,-0.956731,3.03144,-7447.94,0
0.104091,3509.29,-3.90222,-0.912256,2.12406,-6812.37,0
0.11057,3509.22,-4.01257,-0.855994,2.54924,-7021.34,0
0.11706,3509.15,-4.22392,-0.778941,3.02988,-7260.07,0
0.123603,3509.07,-4.12514,-0.862822,3.89173,-7495.06,0
0.130085,3509.13,-3.96194,-0.889719,2.76666,-6674.27,0
0.136593,3509.14,-4.20909,-0.841932,1.49022,-6293.35,0
0.143121,3509.18,-4.15861,-0.704035,0.503999,-5755.83,0
0.149681,3509.13,-4.14685,-0.851715,1.29412,-5839.64,0
0.156184,3508.98,-4.3454,-0.893582,3.12691,-6553.53,0
0.162715,3508.98,-4.57371,-0.708176,2.15202,-6298.08,0
0.169226,3508.85,-4.62356,-0.648017,3.61775,-6786.86,0
0.175709,3509.02,-4.54862,-0.757293,0.39135,-5556.43,0
0.182184,3508.75,-4.59543,-0.685986,4.38545,-6865.59,0
0.188733,3508.76,-4.51925,-0.672824,2.96148,-6582.98,0
0.195267,3508.71,-4.46896,-0.558022,3.70462,-6616.97,0
0.201789,3508.7,-4.55748,-0.625194,2.97142,-6427.85,0
0.208316,3508.69,-4.38805,-0.456993,3.27505,-6267.39,0
0.214858,3508.69,-4.50352,-0.412658,2.67394,-6083.61,0
0.22141,3508.63,-4.4943,-0.316044,3.49471,-6201.26,0
0.227939,3508.78,-4.30277,-0.262268,0.991444,-5370.76,0
0.234436,3508.84,-4.05871,0.0656831,0.510448,-4968.37,0
0.240921,3508.7,-3.8929,-0.149183,3.222,-5407.86,0
0.247398,3508.76,-3.80165,-0.179689,1.45224,-5008.47,0
0.253934,3508.77,-3.4628,-0.0105392,1.91945,-4838.59,0
0.260385,3508.79,-3.25469,-0.0762823,1.85935,-4658.48,0
0.266922,3508.85,-3.13705,-0.191556,0.664131,-4326.08,0
0.273439,3508.74,-3.17785,-0.143381,1.89801,-4613.63,0
0.279991,3508.62,-3.16671,-0.172151,3.64565,-4938.51,0
0.286489,3508.71,-3.2172,-0.272934,1.39019,-4509.83,0
0.293002,3508.67,-3.22966,-0.491005,1.78761,-4534.01,0
0.299494,3508.67,-3.36296,-0.593987,1.15198,-4452.52,0
0.305976,3508.62,-3.19277,-0.89762,2.0642,-4521.14,0
0.312484,3508.66,-3.08794,-1.11375,1.0427,-4280.42,0
0.318981,3508.57,-3.36207,-1.26492,1.58634,-4477.25,0
0.32545,3508.55,-3.47327,-1.48345,1.06227,-4451.92,0
0.331966,3508.57,-3.0541,-1.4937,1.57951,-4318.7,0
0.338474,3508.51,-2.92938,-1.59028,2.47804,-4404.85,0
0.344968,3508.48,-2.82599,-1.70536,2.45455,-4408.59,0
0.351479,3508.55,-2.94783,-1.59895,0.566885,-4137.65,0
0.357992,3508.51,-2.66857,-1.11461,2.25577,-4158.25,0
0.364501,3508.5,-2.65478,-1.36984,1.79365,-4107.64,0
0.370962,3508.42,-2.60151,-1.35992,3.14984,-4258.12,0
0.377445,3508.48,-2.57535,-1.48195,1.29796,-4030.46,0
0.383975,3508.4,-2.68363,-1.41227,2.19141,-4165.48,0
0.390484,3508.4,-2.69679,-1.36947,1.75803,-4107.16,0
0.396994,3508.32,-2.62713,-1.3947,2.93544,-4220.97,0
0.403501,3508.29,-2.56776,-1.44136,2.80626,-4234.52,0
0.40998,3508.2,-2.65069,-1.39514,3.703,-4379.7,0
0.416505,3508.18,-2.75024,-1.25203,3.48351,-4372.89,0
0.422994,3508.1,-2.72612,-1.25651,4.35842,-4498.86,0
0.429468,3508.28,-2.74326,-1.19699,0.240438,-4006.75,0
0.435964,3508.22,-2.82125,-1.24374,0.868686,-4073.74,0
0.442484,3508.18,-2.81445,-1.42821,1.41128,-4121.87,0
0.448978,3508.04,-2.96543,-1.41138,3.52141,-4369.58,0
0.455477,3508.03,-2.9149,-1.41233,2.93876,-4322.52,0
0.461976,3507.97,-2.89284,-1.67977,3.35949,-4390.63,0
0.468458,3507.9,-2.77151,-1.54015,4.42576,-4483.56,0
0.475014,3507.78,-2.7209,-1.5433,5.00882,-4663.87,0
0.481509,3507.86,-2.66585,-1.46083,2.85181,-4452.6,0
0.488011,3507.83,-2.7894,-1.47171,2.60311,-4447.78,0
0.494504,3507.87,-2.92335,-1.52005,0.818781,-4304.78,0
0.500977,3507.78,-3.33839,-1.66204,0.967296,-4436.88,0
0.50744,3507.67,-3.35924,-1.43925,3.06917,-4590.87,0
0.513923,3507.65,-3.29677,-1.41154,2.75708,-4570.03,0
0.520428,3507.73,-3.31367,-1.62989,0.444402,-4355.88,0
0.526934,3507.67,-3.33403,-1.73499,1.36107,-4420.71,0
0.533442,3507.62,-3.22172,-1.65834,2.3161,-4470.84,0
0.539917,3507.65,-3.0571,-1.80096,1.61899,-4355.54,0
0.546417,3507.59,-2.98616,-1.65943,2.80706,-4415.27,0
0.552907,3507.65,-2.96135,-1.56933,1.26466,-4249.95,0
0.559435,3507.63,-2.87364,-1.74495,1.25719,-4228.34,0
0.565937,3507.5,-2.96256,-1.79533,3.15332,-4425.4,0
0.572454,3507.56,-3.22469,-1.81077,0.574421,-4265.48,0
0.578981,3507.47,-3.05008,-1.97588,2.45515,-4377.21,0
0.585483,3507.37,-2.98409,-2.12967,3.81629,-4490.1,0
0.592001,3507.41,-3.25883,-2.2397,1.56067,-4382.83,0
0.598471,3507.32,-3.40204,-2.22451,2.55268,-4482.63,0
0.604952,3507.26,-3.4314,-2.25615,3.15647,-4525.82,0
0.611444,3507.29,-3.60916,-2.22876,1.4494,-4429.02,0
0.617903,3507.28,-3.55208,-2.05258,2.14153,-4406,0
0.624417,3507.21,-3.5139,-2.1918,2.96593,-4468.33,0
0.630929,3507.36,-3.30772,-2.04141,0.610046,-4188.24,0
0.637429,3507.36,-2.91081,-2.03388,1.53826,-4138.46,0
0.643945,3507.4,-3.15805,-1.75522,0.284384,-4041.22,0
0.650444,3507.25,-3.03115,-1.71788,3.26637,-4235.48,0
0.656953,3507.22,-2.92869,-1.88524,3.34136,-4225.57,0
0.663497,3507.26,-3.14959,-1.69578,1.87615,-4127.82,0
0.669975,3507.26,-3.08867,-1.85241,1.37798,-4082.57,0
0.676489,3507.23,-3.05167,-1.95976,1.79362,-4101.71,0
0.682981,3507.15,-3.05509,-1.8913,2.86077,-4169.83,0
0.689528,3507.2,-3.00191,-1.97784,1.36271,-4065.27,0
0.695986,3507.22,-3.07339,-1.81983,0.719647,-3996.95,0
0.702518,3507.06,-3.06314,-1.77881,3.81362,-4188.74,0
0.709016,3507.04,-3.1403,-1.76894,3.4873,-4178.74,0
0.715544,3507.09,-3.30336,-1.69405,1.42085,-4071.69,0
0.72206,3506.99,-3.15146,-1.69465,3.56918,-4166.63,0
0.728568,3506.89,-3.23605,-1.81274,3.91493,-4269.24,0
0.735085,3506.88,-3.22103,-1.78062,3.14167,-4238.89,0
0.741581,3506.86,-3.13765,-1.86371,3.43598,-4238.56,0
0.748095,3506.86,-2.99753,-1.87415,3.33344,-4201.55,0
0.754618,3506.98,-2.9159,-1.68319,0.762532,-4003.4,0
0.761067,3506.92,-2.70156,-1.48017,2.68172,-4046.27,0
0.767575,3507.05,-2.341,-1.28032,0.923417,-3847.54,0
0.774081,3506.97,-2.34135,-1.50675,1.92784,-3908.42,0
0.780569,3506.99,-2.59472,-1.45268,0.694345,-3862.36,0
0.787079,3506.94,-2.57871,-1.28525,1.82051,-3887.79,0
0.793606,3506.97,-2.70456,-1.16134,0.537512,-3821.19,0
0.800107,3506.97,-2.59812,-0.880047,0.959893,-3788.09,0
0.806624,3506.91,-2.55102,-1.07604,1.93648,-3829.41,0
0.813135,3506.8,-2.70242,-0.903589,3.71652,-3930.2,0
0.819688,3506.81,-2.66819,-0.84263,3.10437,-3894.09,0
0.826248,3506.79,-2.95964,-0.638523,2.08529,-3879.53,0
0.832734,3506.72,-2.85789,-0.584246,3.49523,-3933.24,0
0.839235,3506.75,-2.71285,-0.866968,2.73499,-3872.74,0
0.845739,3506.76,-2.90743,-1.07548,1.01505,-3830.31,0
0.852265,3506.6,-3.00314,-1.10474,3.85137,-3986.1,0
0.858784,3506.61,-2.85899,-1.11554,3.56977,-3947.59,0
0.865266,3506.63,-3.09661,-1.09455,1.56759,-3896.3,0
0.871772,3506.6,-3.11317,-1.39093,1.33931,-3897.97,0
0.878295,3506.52,-3.36272,-1.15803,2.29752,-3965.96,0
0.884815,3506.56,-3.44199,-1.30071,0.284211,-3883.54,0
0.891308,3506.46,-3.48414,-1.2592,2.22776,-3971.47,0
0.897802,3506.41,-3.62161,-1.38477,2.10411,-3997.74,0
0.904283,3506.44,-3.40789,-1.13559,2.3333,-3938.33,0
0.910838,3506.37,-3.44736,-1.55767,2.82678,-3990.35,0
0.917362,3506.32,-3.59861,-1.68455,2.41214,-4006.17,0
0.923911,3506.36,-3.52819,-1.58104,1.60082,-3938.4,0
0.930448,3506.26,-3.47872,-1.59755,3.79098,-4017.11,0
0.936971,3506.37,-3.5038,-1.51448,0.56899,-3873.87,0
0.943477,3506.32,-3.643,-1.52088,0.768083,-3899.18,0
0.950011,3506.22,-3.48187,-1.79892,2.91411,-3975.06,0
0.956541,3506.22,-3.23371,-1.68478,3.97297,-3950.5,0
0.962996,3506.22,-3.30219,-1.77125,2.61041,-3920.58,0
0.969513,3506.24,-3.33638,-2.04639,1.17456,-3883.22,0
0.976009,3506.12,-3.22286,-1.93583,4.27171,-3972.58,0
0.982545,3506.11,-3.24825,-1.7883,3.69014,-3961.99,0
0.989063,3506.25,-3.16093,-1.61729,0.288088,-3793.12,0
0.99559,3506.07,-3.1702,-1.50142,4.16146,-3951.79,0
1.00207,3506.08,-3.14565,-1.42606,3.28652,-3912.58,0
1.00863,3506.16,-3.0567,-1.24762,1.56106,-3804.68,0
1.01514,3506.06,-3.27664,-1.3751,2.35937,-3879.98,0
1.02165,3506.04,-3.41494,-1.53716,1.46268,-3872.7,0
1.02818,3505.87,-3.52763,-1.83727,3.84294,-4014.99,0
1.03467,3505.83,-3.61393,-1.86662,3.31342,-4031.7,0
1.04122,3505.97,-3.36417,-1.89836,0.869981,-3874.22,0
1.04773,3505.85,-3.36631,-2.0896,2.85947,-3960.03,0
1.05422,3505.79,-3.28857,-2.1239,3.8537,-3990,0
1.06075,3505.76,-3.39828,-2.12112,3.30349,-4001,0
1.06723,3505.65,-3.48635,-2.17137,3.95941,-4073.59,0
1.07369,3505.57,-3.52714,-2.25458,4.32068,-4130.29,0
1.08016,3505.66,-3.51341,-2.14185,2.06475,-4013.57,0
1.08666,3505.7,-3.43451,-2.27951,0.965134,-3961.29,0
1.09314,3505.57,-3.36995,-2.2501,3.89603,-4054.75,0
1.0996,3505.64,-3.50696,-2.08851,1.36672,-3968.53,0
1.1061,3505.59,-3.65703,-2.06788,1.13659,-3982.95,0
1.11264,3505.64,-3.53378,-2.04191,0.548439,-3916.45,0
1.11915,3505.49,-3.33635,-2.0616,4.46039,-4028.95,0
1.12564,3505.58,-3.11681,-2.17979,2.10028,-3923.53,0
1.13211,3505.65,-3.06255,-2.15892,0.560983,-3843.67,0
1.13863,3505.72,-2.9355,-1.79337,0.281536,-3761.18,0
1.14514,3505.58,-2.82355,-1.57257,4.31801,-3857.69,0
1.15165,3505.69,-2.81378,-1.54397,1.11652,-3745.09,0
1.15814,3505.65,-2.74199,-1.63617,1.6138,-3753.6,0
1.16462,3505.66,-2.67343,-1.65352,1.09788,-3725.86,0
1.17115,3505.49,-2.66149,-1.77681,4.70794,-3853.7,0
1.17766,3505.36,-2.65222,-1.79483,4.86665,-3940.64,0
1.18418,3505.47,-2.78705,-1.82828,0.147813,-3822.97,0
1.19072,3505.38,-2.71699,-1.75989,2.70507,-3878.68,0
1.19725,3505.35,-2.64734,-1.5724,3.93875,-3887.5,0
1.2037,3505.25,-2.74187,-1.50467,4.81059,-3945.15,0
1.21017,3505.37,-2.55491,-1.47985,1.6192,-3826.04,0
1.21666,3505.28,-2.57041,-1.44959,3.7271,-3879.97,0
1.22318,3505.26,-2.63573,-1.48347,3.43158,-3878.08,0
1.22967,3505.18,-2.78226,-1.51308,4.00453,-3919.74,0
1.23621,3505.13,-2.70661,-1.59846,4.52525,-3940.43,0
1.24272,3505.05,-2.76289,-1.69209,5.1852,-3987.17,0
1.24922,3504.93,-2.73047,-1.63046,5.98916,-4059.57,0
1.25575,3504.89,-2.7583,-1.52342,5.06701,-4070.99,0
1.26226,3504.94,-2.82231,-1.3868,2.17039,-4010.7,0
1.26882,3504.82,-2.72223,-1.44355,4.98236,-4082.62,0
1.27531,3504.83,-2.70045,-1.36266,3.99743,-4053.69,0
1.28186,3504.93,-2.61957,-1.38511,0.931155,-3953.4,0
1.28836,3504.82,-2.73119,-1.38349,3.18676,-4022.3,0
1.29489,3504.88,-2.68153,-1.43411,1.10178,-3957.64,0
1.30144,3504.86,-2.46629,-1.37114,2.47283,-3947.44,0
1.30793,3504.89,-2.41418,-1.29582,1.7451,-3909.19,0
1.31441,3504.88,-2.31984,-1.32982,2.12538,-3897.85,0
1.32092,3504.91,-2.24056,-1.07174,2.11731,-3856.85,0
1.32744,3504.84,-2.31814,-1.14972,3.18305,-3890.21,0
1.33392,3504.83,-2.25841,-1.09125,3.3848,-3877.63,0
1.34044,3504.73,-2.23452,-1.13646,4.7921,-3934.72,0
1.34696,3504.84,-1.99059,-1.08412,1.86747,-3829.14,0
1.35349,3504.85,-2.05238,-1.07077,0.898473,-3805.7,0
1.35999,3504.81,-1.91053,-1.26133,2.08169,-3819.38,0
1.36651,3504.81,-2.03032,-1.22099,1.04633,-3799.16,0
1.37299,3504.64,-2.14806,-1.18891,4.8059,-3902.62,0
1.37948,3504.71,-2.22494,-1.02041,2.03931,-3837.36,0
1.38599,3504.7,-2.13938,-0.865725,2.42476,-3821.8,0
1.39249,3504.73,-2.20001,-1.0553,0.48832,-3785.66,0
1.399,3504.58,-2.46674,-1.36733,2.4398,-3876.86,0
1.40553,3504.54,-2.38176,-1.31721,3.05526,-3883.91,0
1.41202,3504.51,-2.63657,-1.39229,1.93062,-3890.67,0
1.41855,3504.44,-2.94119,-1.59539,0.922549,-3920.8,0
1.42506,3504.32,-2.83786,-1.69236,4.01714,-3983.33,0
1.43159,3504.29,-2.9073,-1.88933,3.29257,-3989.63,0
1.43808,3504.35,-2.75523,-1.94999,1.93578,-3930.66,0
1.44459,3504.32,-2.73836,-1.98259,2.36355,-3934.44,0
1.45111,3504.4,-2.36471,-2.21086,0.660454,-3856.68,0
1.45761,3504.4,-2.17887,-2.18361,1.67367,-3843.13,0
1.4641,3504.39,-2.01332,-2.03797,3.21446,-3833.92,0
1.47058,3504.43,-2.12396,-1.94062,1.43801,-3786.94,0
1.47712,3504.37,-1.92236,-2.15864,2.77876,-3808.96,0
1.48366,3504.35,-1.96269,-2.0667,2.97309,-3805.72,0
1.49015,3504.32,-1.99042,-2.17905,2.69313,-3813.84,0
1.49667,3504.18,-1.98241,-2.32416,5.15074,-3887.38,0
1.50311,3504.2,-2.02732,-2.38117,2.85064,-3860.07,0
1.50958,3504.09,-2.07257,-2.32996,4.73564,-3914.75,0
1.5161,3504,-2.04573,-2.39149,5.28794,-3955.49,0
1.52266,3503.98,-1.86196,-2.44156,5.2417,-3951.24,0
1.52913,3503.98,-1.92075,-2.38822,3.35894,-3938.72,0
1.53561,3503.97,-1.89187,-2.26903,4.07743,-3928.67,0
1.54213,3503.98,-1.96402,-2.20546,2.88943,-3900.67,0
1.54867,3503.96,-2.13413,-2.14053,2.44647,-3898.95,0
1.55522,3504.03,-2.12452,-2.02499,0.437876,-3839.85,0
1.56174,3504.04,-2.04654,-1.90969,0.54871,-3815.42,0
1.56829,3503.94,-2.34294,-1.82831,2.18712,-3864.8,0
1.57478,3504.01,-2.22554,-1.70025,1.19434,-3805.73,0
1.58129,3503.92,-2.52294,-1.80496,1.24944,-3847.29,0
1.58781,3503.88,-2.41286,-1.59103,3.61228,-3852.19,0
1.59427,3503.76,-2.33834,-1.51359,6.54013,-3913.21,0
1.60077,3503.78,-2.3694,-1.44802,3.79748,-3884.75,0
1.60727,3503.76,-2.47938,-1.31053,3.49282,-3880.43,0
1.6138,3503.75,-2.41736,-1.36734,3.38973,-3874.91,0
1.6203,3503.79,-2.25281,-1.32479,2.95531,-3835.62,0
1.62679,3503.75,-2.30587,-1.33466,3.1109,-3839.83,0
1.63329,3503.83,-2.22434,-1.47785,0.0963913,-3777.42,0
1.63979,3503.65,-2.44062,-1.67138,3.25543,-3872.21,0
1.64629,3503.6,-2.48559,-1.76523,3.5325,-3887.79,0
1.65278,3503.74,-2.2658,-1.61964,0.975903,-3790.11,0
1.65928,3503.68,-2.05954,-1.60368,3.98023,-3810.82,0
1.66584,3503.59,-2.03703,-1.54653,4.88333,-3849.9,0
1.67228,3503.6,-1.97098,-1.47169,3.61692,-3826.12,0
1.67878,3503.57,-2.35428,-1.35312,1.90028,-3828.64,0
1.68526,3503.58,-2.40508,-1.18258,1.63216,-3810.27,0
1.69177,3503.51,-2.40185,-1.24891,3.40907,-3836.42,0
1.69829,3503.43,-2.42351,-1.22523,4.37239,-3871,0
1.7048,3503.43,-2.24074,-1.65542,2.9361,-3853.77,0
1.71135,3503.35,-2.2643,-1.89716,3.5109,-3884.36,0
1.71788,3503.35,-2.21136,-2.03616,1.9585,-3868.16,0
1.72433,3503.23,-2.364,-2.2549,3.09016,-3925.38,0
1.73083,3503.15,-2.36762,-2.21893,4.8683,-3959.21,0
1.73731,3503.19,-2.41286,-2.25758,1.61195,-3921.83,0
1.7438,3503.16,-2.5529,-2.28003,0.844486,-3925.19,0
1.75034,3503.13,-2.30438,-2.25828,3.68415,-3924.45,0
1.75683,3503.2,-2.16437,-2.33868,1.21386,-3869.36,0
1.76333,3503.26,-2.07103,-2.24792,0.21234,-3820.46,0
1.76988,3503.16,-2.12365,-2.31587,2.36182,-3863.87,0
1.7764,3503.12,-2.15484,-2.37574,2.19733,-3872.16,0
1.78292,3503.18,-2.23056,-2.08006,1.65399,-3825.87,0
1.78944,3503.21,-2.03799,-2.04017,1.61408,-3791.82,0
1.79592,3503.04,-2.00485,-2.02156,6.72402,-3875.26,0
1.80242,3502.97,-2.04922,-2.05817,5.62221,-3898.95,0
1.80892,3502.95,-2.19599,-2.09023,3.02943,-3894.68,0
1.81543,3502.97,-2.29926,-1.83979,2.95771,-3872.74,0
1.82197,3502.91,-2.24597,-1.91874,2.7884,-3891.77,0
1.8285,3502.92,-2.37769,-1.82405,1.37234,-3870.57,0
1.83498,3502.82,-2.32985,-1.71266,4.62875,-3911.42,0
1.8415,3502.82,-2.44063,-1.75011,2.58233,-3900.97,0
1.848,3502.8,-2.32585,-1.67268,4.44743,-3896.89,0
1.85455,3502.77,-2.3852,-1.61177,4.31479,-3900.55,0
1.86107,3502.78,-2.45797,-1.69075,0.957555,-3877.7,0
1.86759,3502.67,-2.57432,-1.67543,3.27602,-3923.64,0
1.8741,3502.66,-2.59582,-1.62308,3.01244,-3914.65,0
1.88064,3502.7,-2.46598,-1.7399,1.84118,-3882.19,0
1.88714,3502.72,-2.31357,-1.57277,3.32411,-3855.99,0
1.89363,3502.78,-2.13251,-1.67023,1.79465,-3813.04,0
1.90012,3502.72,-2.18095,-1.88597,1.4216,-3830.76,0
1.90668,3502.61,-2.03061,-2.03186,5.14745,-3874.06,0
1.91319,3502.72,-1.9267,-1.94675,1.21975,-3803.01,0
1.9197,3502.71,-1.73587,-1.92419,3.26893,-3797.12,0
1.92623,3502.73,-1.55867,-1.8905,3.28056,-3772.69,0
1.93273,3502.81,-1.4979,-1.81408,0.174375,-3717.97,0
1.93925,3502.69,-1.65031,-1.73617,4.29312,-3769.98,0
1.94577,3502.61,-1.61502,-1.69266,6.05308,-3796.69,0
1.95229,3502.65,-1.64201,-1.6313,3.33856,-3765.17,0
1.95881,3502.65,-1.56892,-1.63057,3.48566,-3753.84,0
1.96534,3502.62,-1.64002,-1.74435,2.50965,-3757.38,0
1.97187,3502.59,-1.59936,-1.79784,2.66451,-3757.74,0
1.97835,3502.57,-1.5372,-1.81494,2.9802,-3755.1,0
1.98488,3502.56,-1.47943,-2.0476,0.874157,-3747.68,0
1.99136,3502.45,-1.41803,-2.07019,4.91913,-3791.22,0
1.9979,3502.46,-1.4606,-2.15526,2.17138,-3773.51,0
2.0044,3502.41,-1.37042,-2.16905,3.35037,-3786.46,0
2.01087,3502.38,-1.35767,-2.00446,5.07697,-3788.82,0
2.01737,3502.36,-1.67605,-2.05955,1.88891,-3787.1,0
2.02381,3502.22,-1.86299,-2.11982,4.02805,-3843.53,0
2.03032,3502.06,-2.09744,-2.482,3.10583,-3909.82,0
2.0368,3502.01,-2.31133,-2.46919,2.42329,-3922.83,0
2.04329,3501.98,-2.3641,-2.52343,1.73448,-3923.9,0
2.04976,3501.82,-2.38552,-2.65047,5.05473,-3988.63,0
2.05625,3501.79,-2.33621,-2.91022,2.26226,-3993.61,0
2.06276,3501.63,-2.42676,-2.91828,5.37681,-4058.36,0
2.06928,3501.54,-2.46983,-2.79594,6.85306,-4089.24,0
2.07578,3501.59,-2.45748,-2.838,2.56416,-4050.16,0
2.08227,3501.59,-2.47576,-2.82535,2.4932,-4040.93,0
2.08878,3501.67,-2.4231,-2.73394,0.856531,-3989.04,0
2.09532,3501.5,-2.59129,-2.84897,3.1036,-4058.76,0
2.10186,3501.41,-2.68138,-2.75483,5.30211,-4088.88,0
2.10834,3501.47,-2.75507,-2.70608,1.12111,-4047.6,0
2.11485,3501.47,-2.80603,-2.62201,0.914672,-4032.83,0
2.12137,3501.3,-3.01459,-2.70024,2.74325,-4098.78,0
2.12789,3501.15,-2.93281,-2.76948,6.82819,-4159.26,0
2.13442,3501.3,-2.79227,-2.73073,2.55602,-4077.06,0
2.1409,3501.27,-2.85824,-2.65248,3.51601,-4079.54,0
2.14741,3501.17,-2.83243,-2.69366,5.39464,-4109.77,0
2.15393,3501.08,-2.84807,-2.75673,5.18948,-4142.01,0
2.16041,3501.1,-2.86066,-2.92739,0.786567,-4121.78,0
2.1669,3501.03,-2.86302,-3.03025,0.802327,-4137.44,0
2.17347,3500.81,-2.89371,-3.05076,6.57315,-4227.96,0
2.17996,3500.79,-2.84216,-2.97043,5.64048,-4224.74,0
2.1865,3500.73,-2.80906,-2.87092,6.46812,-4239.85,0
2.19303,3500.71,-2.86795,-2.86845,4.24568,-4235.89,0
2.19949,3500.63,-2.90254,-2.816,6.55707,-4259.5,0
2.20601,3500.65,-2.8729,-2.79225,3.70167,-4240.41,0
2.21252,3500.67,-2.78736,-2.80342,3.61747,-4216.94,0
2.219,3500.57,-2.86942,-2.81953,4.37162,-4250.35,0
2.22547,3500.58,-2.90331,-2.68125,4.88856,-4234.11,0
2.23198,3500.49,-2.89768,-2.59874,6.7847,-4261.48,0
2.23852,3500.49,-2.83884,-2.62953,4.26886,-4247.82,0
2.24504,3500.45,-3.00085,-2.66919,1.52364,-4255.25,0
2.2516,3500.37,-2.84156,-2.79726,4.75164,-4275.33,0
2.2581,3500.33,-2.82345,-2.85826,4.03394,-4282.01,0
2.26463,3500.3,-2.77772,-2.77111,5.60337,-4282.32,0
2.27113,3500.24,-2.72703,-2.93591,4.7942,-4297.11,0
2.27762,3500.31,-2.53607,-3.06774,1.93496,-4254.19,0
2.2841,3500.26,-2.6057,-2.98244,3.52138,-4265.7,0
2.29063,3500.19,-2.5797,-2.96472,5.61507,-4282.84,0
2.29714,3500.28,-2.54652,-2.9324,1.54181,-4231.61,0
2.30364,3500.24,-2.52278,-2.93636,3.38207,-4238.54,0
2.31015,3500.34,-2.42827,-2.87739,1.43876,-4181.18,0
2.31665,3500.37,-2.34212,-2.74503,4.29287,-4157.89,0
2.32317,3500.41,-2.4687,-2.65422,1.26468,-4126.4,0
2.32972,3500.31,-2.39554,-2.61646,6.19112,-4161.34,0
2.33622,3500.24,-2.41022,-2.65671,4.7802,-4176.58,0
2.34277,3500.17,-2.35936,-2.69498,6.25189,-4197.37,0
2.34925,3500.14,-2.28834,-2.87213,3.47834,-4195.21,0
2.35576,3500.19,-2.34174,-2.75008,2.62575,-4163.21,0
2.3623,3500.24,-2.33138,-2.61345,3.74057,-4132.31,0
2.36881,3500.21,-2.29836,-2.76635,0.7668,-4130.81,0
2.37529,3500.09,-2.29741,-2.82637,3.73537,-4170.17,0
2.38182,3500.18,-2.22068,-2.7376,3.11785,-4123.31,0
2.38836,3500.15,-2.40878,-2.5543,4.1822,-4123.42,0
2.39487,3500.17,-2.42529,-2.57515,2.03409,-4105.58,0
2.40137,3500.1,-2.64919,-2.36214,4.18811,-4121.46,0
2.4079,3500.08,-2.69511,-2.40094,2.05055,-4121.55,0
2.41439,3499.99,-2.70022,-2.45185,3.62947,-4144.01,0
2.4209,3499.91,-2.68438,-2.39525,6.14926,-4165.87,0
2.42741,3499.89,-2.74252,-2.29669,6.02538,-4165.39,0
2.43385,3499.8,-2.73385,-2.35812,6.18036,-4191.32,0
2.44034,3499.75,-2.73882,-2.38629,4.74166,-4201.59,0
2.44682,3499.64,-2.95122,-2.36709,3.42395,-4235.92,0
2.45331,3499.56,-2.94073,-2.37457,5.71938,-4255.31,0
2.45981,3499.7,-2.7146,-2.47221,2.06066,-4185.28,0
2.46631,3499.78,-2.63081,-2.38156,2.59886,-4142,0
2.4728,3499.71,-2.62105,-2.41004,4.87894,-4160.55,0
2.47933,3499.65,-2.78724,-2.48455,0.495087,-4174.46,0
2.48584,3499.69,-2.67762,-2.46859,1.40498,-4147.13,0
2.4923,3499.57,-2.56227,-2.63839,4.67234,-4183.64,0
2.49879,3499.53,-2.56101,-2.61818,4.86922,-4190.36,0
2.50533,3499.51,-2.60908,-2.62832,2.073,-4185.62,0
2.51184,3499.33,-2.61611,-2.73742,5.46763,-4249.06,0
2.51837,3499.31,-2.70766,-2.65633,3.1724,-4244.9,0
2.52489,3499.27,-2.68789,-2.63844,4.63948,-4248.55,0
2.5314,3499.24,-2.64398,-2.79663,2.06508,-4251.46,0
2.53787,3499.22,-2.6589,-2.69361,4.32444,-4248.58,0
2.54437,3499.25,-2.58512,-2.75772,2.46405,-4224.39,0
2.55085,3499.23,-2.57623,-2.73356,3.93651,-4222.52,0
2.55733,3499.26,-2.53955,-2.67449,4.15948,-4198.61,0
2.5639,3499.26,-2.62267,-2.5453,5.06148,-4190.86,0
2.57041,3499.25,-2.76894,-2.49275,1.93951,-4183.21,0
2.57694,3499.14,-2.66111,-2.51548,7.34279,-4214.97,0
2.58343,3499.02,-2.85278,-2.60343,2.68769,-4251.29,0
2.58993,3498.96,-3.11912,-2.38541,2.00123,-4261.82,0
2.59648,3499.02,-3.11316,-2.19495,3.36439,-4229.83,0
2.603,3499.06,-3.08343,-2.08229,2.96985,-4203.2,0
2.60953,3498.94,-3.13281,-2.22706,1.93848,-4237.15,0
2.61602,3498.89,-3.13407,-2.20512,4.1368,-4245.88,0
2.62247,3498.82,-3.14456,-2.2379,3.5639,-4261.93,0
2.62899,3498.72,-3.36159,-2.12926,2.54224,-4290.88,0
2.6355,3498.72,-3.27595,-2.06736,5.73236,-4279.77,0
2.642,3498.71,-3.16365,-2.07016,6.0267,-4272.37,0
2.64849,3498.83,-3.0456,-2.09175,3.58787,-4217.35,0
2.65501,3498.85,-2.99181,-2.05202,2.52482,-4198.25,0
2.66153,3498.8,-3.08053,-1.93338,2.87337,-4208.42,0
2.66804,3498.86,-2.95151,-1.99949,2.86998,-4175.12,0
2.67452,3498.75,-3.1676,-1.83749,3.12125,-4207.52,0
2.68104,3498.74,-3.17303,-1.75218,4.44491,-4200.44,0
2.68755,3498.67,-3.2163,-1.804,3.47382,-4216.21,0
2.69401,3498.54,-3.22165,-1.84127,7.29791,-4253.47,0
2.7005,3498.57,-3.19612,-1.79047,4.47553,-4230.86,0
2.70701,3498.61,-3.15651,-1.76207,3.61272,-4207.63,0
2.71351,3498.59,-3.2274,-1.73801,1.4826,-4203.8,0
2.71999,3498.62,-3.11394,-1.74009,4.59546,-4184.54,0
2.72648,3498.58,-3.15364,-1.70882,4.49281,-4188.39,0
2.73298,3498.61,-3.14324,-1.77363,1.14546,-4167.1,0
2.73951,3498.5,-3.21464,-1.68511,4.09716,-4196.2,0
2.74603,3498.43,-3.29893,-1.7937,0.772502,-4212.8,0
2.75258,3498.43,-3.10695,-1.72443,6.87539,-4202.18,0
2.75913,3498.37,-3.05719,-1.84506,7.01684,-4213.76,0
2.76567,3498.27,-3.25735,-1.88541,1.0803,-4242.77,0
2.77219,3498.26,-3.29471,-1.8079,0.886213,-4233.32,0
2.77865,3498.22,-3.18938,-1.84893,5.06318,-4239.97,0
2.78515,3498.37,-3.22704,-1.54283,3.12892,-4175.14,0
2.79165,3498.33,-3.13026,-1.73973,4.3736,-4180.15,0
2.79817,3498.33,-3.18525,-1.71983,1.43714,-4170.02,0
2.80469,3498.36,-3.15351,-1.67717,2.12949,-4149.76,0
2.81121,3498.26,-3.28036,-1.61688,2.01602,-4176.58,0
2.81771,3498.22,-3.22059,-1.76919,2.42277,-4181.14,0
2.82422,3498.18,-3.10505,-1.8278,5.5692,-4185.85,0
2.8307,3498.15,-3.09373,-1.94424,1.56577,-4186.06,0
2.83723,3498.06,-3.01112,-1.98558,6.56848,-4207.33,0
2.84375,3498.03,-3.03578,-1.92193,6.32953,-4208.35,0
2.85027,3497.97,-3.01208,-1.91772,4.34462,-4219.75,0
2.85679,3498.1,-2.80701,-2.07986,1.79891,-4166.23,0
2.86326,3497.98,-2.83087,-2.11101,2.52738,-4198.98,0
2.86981,3497.91,-2.69017,-2.1888,6.96707,-4212.46,0
2.87635,3497.9,-2.68445,-2.11947,6.6706,-4207.57,0
2.88287,3497.89,-2.69475,-2.09515,3.3817,-4199.6,0
2.88931,3497.9,-2.7317,-1.98986,3.42767,-4189.2,0
2.89583,3497.86,-2.73553,-1.99495,3.9205,-4190.7,0
2.90231,3497.83,-2.68384,-1.95374,6.36753,-4193.57,0
2.90885,3497.92,-2.56896,-1.95853,5.30844,-4153.13,0
2.91535,3497.88,-2.5079,-1.998,7.26241,-4156.43,0
2.92188,3497.84,-2.40823,-2.03603,7.39173,-4160.63,0
2.92843,3497.88,-2.30603,-2.04982,7.07369,-4137.06,0
2.93493,3497.85,-2.38732,-1.99901,3.56031,-4140.9,0
2.94143,3497.65,-2.61181,-1.90801,4.42339,-4198.63,0
2.94794,3497.65,-2.60301,-1.87506,4.73247,-4189.14,0
2.95449,3497.53,-2.64549,-1.86977,7.09698,-4219.44,0
2.96098,3497.57,-2.63555,-1.88744,2.5236,-4197.85,0
2.96749,3497.51,-2.77017,-1.75878,2.15905,-4208.05,0
2.97404,3497.48,-2.71754,-1.64548,7.31925,-4208.93,0
2.98058,3497.39,-2.68524,-1.8391,3.62336,-4232.23,0
2.9871,3497.29,-2.66471,-1.89966,5.51909,-4255.21,0
2.99358,3497.33,-2.69787,-1.77231,5.47163,-4233.69,0
3.00006,3497.35,-2.66234,-1.82673,2.98199,-4217.72,0
3.00655,3497.31,-2.66417,-1.83354,1.15687,-4221.82,0
3.01305,3497.1,-2.71517,-1.96236,1.45861,-4281.13,0
3.01952,3497.03,-2.71605,-1.99995,2.66497,-4296.73,0
3.02601,3497.11,-2.72361,-1.85233,3.39631,-4258.99,0
3.03251,3496.94,-2.90635,-1.7012,4.14573,-4306.63,0
3.03901,3496.96,-2.91325,-1.71728,1.88837,-4292.26,0
3.04548,3496.99,-2.8208,-1.79326,2.32438,-4271.27,0
3.05199,3497,-2.79421,-1.7731,2.45484,-4260.02,0
3.0585,3497.06,-2.68455,-1.7588,5.19964,-4229.83,0
3.065,3497.02,-2.64414,-1.82081,5.17331,-4233.68,0
3.07148,3497.09,-2.55365,-1.83286,4.53634,-4203.35,0
3.07796,3497.21,-2.5831,-1.70064,1.21893,-4154.25,0
3.08445,3497.29,-2.51817,-1.67009,1.68215,-4122.11,0
3.09097,3497.14,-2.52862,-1.72151,5.06711,-4160.39,0
3.0975,3497.12,-2.5362,-1.68716,0.778328,-4158.6,0
3.10399,3497.11,-2.45894,-1.66164,5.93055,-4153.19,0
3.11052,3497.1,-2.5917,-1.3838,6.69831,-4147.46,0
3.11702,3497.11,-2.32961,-1.475,4.49927,-4135.55,0
3.12348,3497.15,-2.30807,-1.37828,5.4912,-4113.95,0
3.13001,3497.08,-2.42396,-1.25957,3.18881,-4127.25,0
3.13649,3497.15,-2.24717,-1.40515,5.10113,-4097.1,0
3.14297,3497.05,-2.13815,-1.48456,7.76486,-4120.42,0
3.14946,3497.04,-2.07818,-1.43392,6.53666,-4115.81,0
3.15596,3497.03,-2.0137,-1.56624,3.56876,-4109.63,0
3.16246,3496.91,-2.06146,-1.57909,4.71709,-4138.29,0
3.16899,3496.78,-2.13909,-1.56458,4.95635,-4170.27,0
3.17547,3496.92,-2.06393,-1.59876,0.507081,-4120.37,0
3.18197,3496.92,-1.97212,-1.61841,4.56634,-4109.4,0
3.18843,3496.91,-2.13472,-1.44593,2.12222,-4106.06,0
3.19498,3497.02,-2.10789,-1.33147,3.61733,-4062.72,0
3.20148,3497.01,-2.13697,-1.29779,1.70437,-4058.42,0
3.20805,3496.97,-2.07898,-1.27994,5.36378,-4060.23,0
3.2145,3496.97,-1.93945,-1.37126,7.73801,-4052.86,0
3.22101,3496.88,-1.76061,-1.4124,7.48618,-4072.29,0
3.22753,3496.79,-1.81133,-1.44262,4.72594,-4093.22,0
3.23404,3496.71,-1.82043,-1.41613,7.0785,-4108.2,0
3.24057,3496.68,-1.87008,-1.38575,3.74522,-4111.33,0
3.24712,3496.69,-1.88977,-1.31704,4.0107,-4100.25,0
3.25365,3496.64,-1.8444,-1.27598,5.88738,-4105.51,0
3.26019,3496.6,-1.85279,-1.29613,4.57461,-4109.14,0
3.2667,3496.53,-1.91325,-1.19931,4.8064,-4123.77,0
3.2732,3496.58,-1.85786,-1.22222,3.22802,-4099.16,0
3.2797,3496.69,-1.76032,-1.20429,4.64865,-4057.08,0
3.28618,3496.57,-1.82698,-1.19858,4.63998,-4087.9,0
3.29272,3496.44,-1.82307,-1.15432,9.2688,-4119.28,0
3.29926,3496.37,-1.77978,-1.07465,7.48202,-4131.7,0
3.30572,3496.37,-1.73037,-1.13635,7.08933,-4123.49,0
3.31221,3496.44,-1.6636,-1.10065,6.7512,-4093.77,0
3.3187,3496.46,-1.55935,-0.968721,8.22779,-4079.35,0
3.32523,3496.52,-1.51026,-0.977674,6.24412,-4053.74,0
3.33179,3496.61,-1.47924,-0.985965,2.15853,-4018.23,0
3.33827,3496.66,-1.50306,-0.865582,4.74462,-3996.04,0
3.34475,3496.5,-1.5171,-0.958688,3.39829,-4036.78,0
3.35127,3496.55,-1.47805,-0.937697,3.8137,-4012.04,0
3.35775,3496.6,-1.45614,-0.890213,4.06457,-3990.3,0
3.36424,3496.54,-1.5723,-0.710531,3.60282,-4000.68,0
3.37078,3496.46,-1.55998,-0.682951,6.52591,-4016.25,0
3.37732,3496.48,-1.5907,-0.548476,4.57922,-4004.56,0
3.38384,3496.53,-1.61278,-0.365922,4.56996,-3980.65,0
3.39033,3496.36,-1.65053,-0.366322,6.51649,-4021.78,0
3.39684,3496.49,-1.60736,-0.283639,5.44669,-3976.42,0
3.40337,3496.53,-1.47498,-0.152813,9.42628,-3957.5,0
3.40989,3496.46,-1.36549,-0.146092,6.56341,-3969.5,0
3.4164,3496.48,-1.34597,-0.209524,2.46953,-3956.59,0
3.42292,3496.31,-1.33496,-0.194212,1.05474,-3999.34,0
3.42942,3496.16,-1.33413,-0.174015,7.84291,-4035.59,0
3.43594,3496.11,-1.30564,-0.152961,3.08596,-4043.51,0
3.44244,3496.04,-1.2422,-0.0770882,6.62357,-4055.93,0
3.44896,3496,-1.14139,-0.0404754,3.91803,-4058.41,0
3.45544,3496.02,-1.04727,-0.175019,6.5884,-4044.45,0
3.46193,3495.95,-1.00544,-0.140198,7.95104,-4057.19,0
3.46845,3495.96,-0.900682,-0.115593,8.82984,-4046.51,0
3.47498,3495.95,-0.869774,-0.132621,2.59963,-4042.9,0
3.47674,3495.91,-0.822127,-0.103569,8.3021,-4053.69,0
