0.00656503,3509.86,7.85033,3.85317,1.63879,-21126.3,0
0.0130747,3509.68,7.92179,4.09428,3.22901,-24558.5,0
0.0196042,3509.7,7.73334,4.20259,3.07761,-15539.3,0
0.0260609,3509.67,7.70666,4.14443,2.91768,-12607.9,0
0.0325525,3509.64,7.83551,4.22812,1.89761,-10938.3,0
0.0390534,3509.51,7.82331,4.31863,3.04194,-12472.5,0
0.0455587,3509.44,7.80457,4.26181,3.51632,-12388,0
0.0520614,3509.44,7.73008,4.22288,3.08393,-10783.7,0
0.0585806,3509.42,7.86635,4.13981,2.35556,-9816.27,0
0.0651071,3509.42,7.99059,3.79099,2.25625,-8936.47,0
0.0716416,3509.52,7.99285,3.72261,0.447075,-6659.39,0
0.0781763,3509.47,8.01779,3.64031,0.765724,-6766.39,0
0.0846553,3509.31,8.25758,3.49334,2.19138,-8154.47,0
0.0911526,3509.44,8.09716,3.41993,0.770223,-6158.89,0
0.0976902,3509.47,7.8039,3.40633,1.30456,-5398.12,0
0.104181,3509.36,7.89611,3.31579,2.27945,-6188.4,0
0.110704,3509.38,8.09898,3.5866,0.281922,-5586.42,0
0.117221,3509.43,7.86496,3.63018,0.175967,-4837.59,0
0.123727,3509.29,7.75561,3.41737,2.58642,-5752.75,0
0.130202,3509.33,7.84907,3.49752,1.0345,-5172.99,0
0.136686,3509.31,7.49462,3.37372,2.52157,-5032.06,0
0.14317,3509.45,7.51382,3.17013,0.174577,-3813.64,0
0.14968,3509.33,7.35112,3.16654,2.38394,-4498.54,0
0.156271,3509.26,7.2571,3.22538,3.19041,-4752.33,0
0.162772,3509.39,7.03441,3.04816,1.82002,-3737.79,0
0.169281,3509.45,7.03563,2.88493,0.846963,-3235.1,0
0.175795,3509.32,7.04383,2.85574,2.49806,-3860.14,0
0.18233,3509.39,6.86901,2.82678,1.78107,-3346.31,0
0.188804,3509.44,6.81212,2.96842,0.470768,-2975.2,0
0.195341,3509.36,6.78292,2.84981,1.87619,-3271.67,0
0.201835,3509.43,6.69562,2.72882,1.21851,-2835.46,0
0.208392,3509.44,6.83501,2.75141,0.319618,-2704.99,0
0.214895,3509.49,6.67576,2.52224,0.243007,-2366.32,0
0.221406,3509.23,6.56821,2.67923,4.12472,-3475.95,0
0.227928,3509.26,6.89205,2.68659,1.77219,-3229.27,0
0.234453,3509.28,6.68215,2.75148,2.08526,-3074.56,0
0.240987,3509.31,6.4101,2.82918,1.85781,-2845.26,0
0.247494,3509.25,6.38475,2.63926,2.74297,-3021.66,0
0.253973,3509.22,6.45405,2.60263,2.36745,-3081.18,0
0.260454,3509.09,6.55062,2.55303,3.77126,-3508.48,0
0.267008,3509.09,6.53879,2.60391,3.1276,-3420.73,0
0.273525,3509.19,6.54586,2.73653,0.766311,-2961.57,0
0.280034,3509.14,6.5966,2.47754,1.61418,-3058.41,0
0.286532,3509.01,7.07086,2.21302,1.93789,-3462.53,0
0.29304,3509.03,6.95476,2.19484,1.80498,-3301.47,0
0.29952,3509.02,6.91249,2.05386,2.22736,-3271.04,0
0.306012,3509,7.11047,2.04379,1.38722,-3262.3,0
0.312555,3508.96,7.03061,2.01111,2.27032,-3329.04,0
0.319094,3508.89,7.0396,1.76121,3.41473,-3483.46,0
0.325586,3508.82,7.02364,1.73591,3.65391,-3626.81,0
0.332111,3508.99,6.87498,1.48284,1.43471,-3055.09,0
0.338683,3509,6.83929,1.16073,1.53948,-2965.21,0
0.345166,3509,6.75272,1.2476,1.64299,-2909.4,0
0.3517,3508.94,6.71431,1.03894,2.48617,-3024.49,0
0.358222,3508.83,6.95276,1.06864,2.77623,-3275.74,0
0.364679,3508.8,7.06709,1.14711,2.28717,-3291.58,0
0.371184,3508.88,6.97811,0.974812,1.30139,-3021.73,0
0.377765,3508.84,6.91764,0.655236,2.03026,-3070.6,0
0.384277,3508.85,6.69143,0.629405,2.59667,-3001.68,0
0.390784,3508.85,6.66292,0.689625,2.24442,-2937.8,0
0.397321,3508.89,6.71369,0.64749,0.767642,-2781.5,0
0.403831,3508.78,6.74112,0.544133,2.26477,-3017.92,0
0.410313,3508.7,6.93272,0.645952,1.96542,-3169.59,0
0.416853,3508.71,6.82611,0.361638,1.99443,-3098.57,0
0.423409,3508.52,7.01318,0.540612,3.94291,-3500.87,0
0.429893,3508.62,7.06451,0.583653,1.29048,-3205.06,0
0.43644,3508.6,7.13823,0.71623,0.997777,-3207.46,0
0.442954,3508.57,6.95713,0.628586,1.96291,-3229.34,0
0.44942,3508.43,7.01139,0.631045,3.42543,-3502,0
0.455914,3508.33,6.92511,0.570185,4.16346,-3663.03,0
0.462408,3508.4,7.06547,0.606518,1.55349,-3453.86,0
0.468904,3508.25,7.12324,0.620272,3.44227,-3733.62,0
0.475439,3508.31,7.38599,0.60009,0.798956,-3553.6,0
0.481923,3508.23,7.3244,0.5923,2.32473,-3676.93,0
0.488406,3508.27,7.23792,0.453811,1.91426,-3550.81,0
0.494936,3508.19,7.29994,0.478902,2.09265,-3649.45,0
0.501403,3508.02,7.35078,0.610138,4.1766,-3951.29,0
0.507927,3508,7.2765,0.628815,3.68354,-3937.04,0
0.514423,3507.98,7.24276,0.62278,3.07464,-3932.49,0
0.52091,3507.98,7.20236,0.548203,2.71245,-3878.82,0
0.527441,3508.03,7.09185,0.404479,2.16438,-3726.76,0
0.533932,3507.91,7.19357,0.154149,3.4832,-3920.28,0
0.540452,3507.96,7.23798,0.124328,1.62558,-3777.58,0
0.546923,3507.99,7.33488,0.27557,0.224063,-3678.69,0
0.553466,3507.83,7.24052,0.0956141,2.95325,-3917.49,0
0.559966,3507.88,7.23346,-0.0923351,1.68912,-3791.04,0
0.566507,3507.9,7.16435,0.00641741,1.40797,-3704.86,0
0.57305,3507.92,6.93123,0.176077,2.10675,-3634.41,0
0.579579,3507.87,7.04083,0.1564,2.08064,-3670.48,0
0.586098,3507.74,7.20548,-0.079127,3.00387,-3848.35,0
0.592576,3507.71,7.26408,-0.0888005,2.64218,-3867.06,0
0.599103,3507.72,7.2793,-0.0725604,1.77753,-3807.48,0
0.605589,3507.73,7.15783,-0.283583,2.06506,-3744.85,0
0.612101,3507.8,7.13321,-0.218647,0.592942,-3597.38,0
0.618576,3507.77,7.11161,-0.117078,1.02769,-3600,0
0.625063,3507.82,6.93605,-0.0242711,0.929468,-3486.38,0
0.631566,3507.66,6.92925,-0.0763699,3.2593,-3704.2,0
0.638054,3507.55,7.11968,-0.21341,3.43592,-3845.2,0
0.644548,3507.54,7.03779,-0.166906,3.25982,-3813.93,0
0.651013,3507.51,7.13304,-0.262324,2.832,-3820.49,0
0.657521,3507.44,7.28216,-0.284607,2.91173,-3899.25,0
0.664011,3507.43,7.33697,-0.0247253,2.49916,-3876.08,0
0.670498,3507.42,7.17586,-0.02333,2.82218,-3847.95,0
0.677024,3507.43,7.18047,0.0399633,2.06927,-3793.26,0
0.683531,3507.42,7.07488,0.0717658,2.42918,-3780.01,0
0.690057,3507.33,7.09291,-0.0977494,3.23231,-3862.83,0
0.696518,3507.39,7.08417,-0.129906,1.74252,-3750.75,0
0.703044,3507.38,6.9525,-0.0634299,2.27025,-3731.51,0
0.709544,3507.29,7.05829,0.183059,2.99296,-3825.18,0
0.71609,3507.21,7.16323,0.359533,3.26874,-3890.35,0
0.72258,3507.17,7.09156,0.439803,3.72266,-3912.63,0
0.729067,3507.08,7.14259,0.489687,4.08071,-3998.92,0
0.73557,3506.96,7.21248,0.522114,4.7999,-4129.44,0
0.742084,3506.96,7.38073,0.6074,3.0102,-4097.77,0
0.748558,3506.99,7.50812,0.542412,1.20412,-4025.75,0
0.755062,3506.87,7.57099,0.485968,2.6768,-4150.29,0
0.761577,3506.87,7.63258,0.532043,1.41493,-4103.75,0
0.768111,3506.79,7.51743,0.420172,3.36557,-4175.36,0
0.774592,3506.78,7.39918,0.518663,3.51958,-4159.92,0
0.781162,3506.86,7.41064,0.724282,1.47647,-4021.54,0
0.787677,3506.83,7.23407,0.572097,2.7869,-4024.71,0
0.794184,3506.84,7.30038,0.659615,1.89651,-3983.59,0
0.800682,3506.82,7.26596,0.352104,2.17765,-3972.37,0
0.807167,3506.74,7.31628,0.385983,2.85246,-4037.44,0
0.81368,3506.77,7.4209,0.207945,1.24384,-3964.3,0
0.820182,3506.79,7.41756,0.242735,0.631194,-3911.47,0
0.826685,3506.7,7.22047,0.303791,3.05902,-3995.51,0
0.833167,3506.62,7.31349,0.335644,3.08667,-4060.82,0
0.839626,3506.66,7.32889,0.506689,1.95072,-3982.62,0
0.846157,3506.59,7.38544,0.564438,1.96883,-4029.31,0
0.852638,3506.73,7.13515,0.742917,0.416228,-3832.18,0
0.859172,3506.6,6.97026,0.657474,3.52136,-3959.71,0
0.865678,3506.53,6.99124,0.6275,3.6319,-4009.72,0
0.872147,3506.52,7.02097,0.685579,2.97013,-3989.62,0
0.878674,3506.56,7.04371,0.847016,1.6872,-3916.22,0
0.885208,3506.5,7.08591,0.926609,1.99817,-3948.6,0
0.8917,3506.47,6.99989,0.906528,2.72225,-3956.72,0
0.89819,3506.53,7.06623,0.670212,1.17735,-3868.45,0
0.904638,3506.5,6.77656,0.749527,3.0531,-3873.19,0
0.911101,3506.49,6.71312,0.792876,3.01862,-3850.28,0
0.917643,3506.37,6.75402,0.725518,3.9722,-3958.23,0
0.924157,3506.26,6.98789,0.851868,3.8084,-4045.42,0
0.930669,3506.22,7.14474,0.850501,2.55858,-4062.2,0
0.937203,3506.26,6.81553,0.814353,3.46073,-3989.95,0
0.943644,3506.19,6.91385,0.790674,3.69014,-4042.54,0
0.950101,3506.21,6.78966,0.822343,3.11523,-3988.35,0
0.956564,3506.19,6.95916,0.816471,1.97517,-3979.04,0
0.963064,3506.12,7.03136,0.812114,2.39945,-4031.41,0
0.969542,3506.16,7.00124,0.949789,1.36849,-3959.03,0
0.976055,3506.01,7.17315,0.955104,2.89995,-4089.35,0
0.982581,3506.03,7.12436,0.954531,2.05547,-4038.21,0
0.989038,3505.92,7.31038,1.02622,2.49995,-4121.7,0
0.995532,3505.87,7.54867,1.14652,1.44568,-4151.38,0
1.00205,3505.82,7.36757,0.952939,3.40291,-4169.69,0
1.00854,3505.9,7.4493,0.923647,0.585223,-4067.99,0
1.01506,3505.8,7.63506,1.03518,0.842332,-4135.92,0
1.0216,3505.6,7.87109,0.566329,2.98543,-4306.76,0
1.02808,3505.7,7.75434,0.35968,1.70808,-4181.67,0
1.0346,3505.83,7.54137,0.531853,0.535708,-4027.77,0
1.04109,3505.79,7.59813,0.386386,0.839532,-4044.82,0
1.0476,3505.75,7.51523,0.52242,2.0912,-4061.15,0
1.05416,3505.66,7.51556,0.507562,3.2151,-4112.71,0
1.06064,3505.78,7.58056,0.404163,0.242237,-3980.46,0
1.06714,3505.67,7.46674,0.386805,2.71905,-4060.92,0
1.07366,3505.59,7.66941,0.330104,2.30671,-4106.24,0
1.08015,3505.49,7.76699,0.427522,3.04163,-4173.99,0
1.08666,3505.48,7.73693,0.47343,2.82244,-4156.91,0
1.09316,3505.45,7.72523,0.405563,3.02038,-4162.2,0
1.09967,3505.41,7.8045,0.053509,2.82544,-4177.4,0
1.10619,3505.37,7.79621,-0.0617507,3.04486,-4190.07,0
1.11266,3505.34,7.84376,-0.068755,2.61261,-4190.29,0
1.1192,3505.38,7.83715,0.156744,1.05757,-4124.23,0
1.12571,3505.35,7.96747,0.0132714,0.536774,-4129.84,0
1.13221,3505.27,8.05307,-0.0856734,1.31495,-4180.35,0
1.13873,3505.12,8.07004,-0.135936,3.63253,-4285.52,0
1.14529,3505.21,8.02995,-0.121999,1.58373,-4179.1,0
1.15178,3505.11,8.26657,-0.281879,1.25041,-4243.92,0
1.15832,3505.11,8.30884,-0.479623,0.633524,-4224.39,0
1.16481,3504.98,8.25994,-0.496557,3.11941,-4309.34,0
1.17131,3505,8.32176,-0.344681,1.62776,-4267.53,0
1.17784,3504.95,8.29057,-0.293987,2.5777,-4287.08,0
1.18434,3504.9,8.47672,-0.214012,1.79016,-4307.33,0
1.19089,3504.85,8.45046,-0.0755971,2.67674,-4325.82,0
1.19739,3504.81,8.42679,0.0820339,2.97721,-4337.96,0
1.20392,3504.77,8.55117,0.194456,1.90618,-4340.74,0
1.21042,3504.52,8.83743,0.190495,3.98108,-4530.45,0
1.21698,3504.41,8.80327,0.17607,4.74503,-4597.35,0
1.22347,3504.4,8.91212,0.244135,2.91848,-4574.38,0
1.2299,3504.53,8.67457,0.460869,2.27112,-4445.21,0
1.23643,3504.58,8.64575,0.513029,1.23547,-4386.58,0
1.24294,3504.36,8.68224,0.61509,4.3921,-4539.96,0
1.24946,3504.3,8.59266,0.588396,5.04965,-4565.82,0
1.25601,3504.28,8.53871,0.597575,4.68652,-4557.58,0
1.26254,3504.37,8.54948,0.692946,1.89698,-4460.51,0
1.26903,3504.35,8.42568,0.806649,3.02928,-4455.9,0
1.27555,3504.21,8.80416,0.634191,1.89401,-4542.34,0
1.28207,3504.21,8.74444,1.00423,1.73996,-4515.92,0
1.28858,3504.28,8.69513,1.09161,0.533302,-4439.06,0
1.29512,3504.18,8.69732,0.988048,2.30274,-4493.94,0
1.30164,3504.16,8.70988,1.38724,1.77821,-4487.33,0
1.30817,3504.19,8.57439,1.3359,2.1167,-4442.63,0
1.31467,3504.3,8.45684,1.5213,0.481241,-4339.08,0
1.32115,3504.11,8.53636,1.47043,3.18106,-4460.74,0
1.32764,3504.14,8.46989,1.30654,2.50372,-4415.97,0
1.33416,3504.14,8.3454,1.26693,2.86211,-4389.69,0
1.34067,3504.03,8.32903,1.18205,4.51234,-4452.26,0
1.34717,3503.99,8.30528,1.01667,3.96458,-4459.88,0
1.35371,3503.89,8.29916,0.982286,4.38954,-4514.28,0
1.36022,3503.83,8.5101,1.01426,2.46857,-4535.13,0
1.36667,3503.86,8.53176,1.14209,1.20284,-4493.95,0
1.37321,3503.85,8.28039,1.08108,3.46607,-4475.69,0
1.3797,3503.88,8.42872,1.06231,0.848624,-4437.54,0
1.38621,3503.91,8.34498,0.914513,1.0144,-4393.54,0
1.39271,3503.74,8.47073,0.772325,3.09112,-4498.29,0
1.39924,3503.89,8.27313,0.322089,1.96095,-4366.38,0
1.40574,3503.84,8.34253,0.0537878,2.14564,-4384.14,0
1.41224,3503.75,8.35167,0.0464377,3.12484,-4422.26,0
1.41878,3503.71,8.47032,-0.0627082,2.62901,-4436.39,0
1.42529,3503.73,8.43776,0.132371,2.14645,-4402.29,0
1.43177,3503.63,8.32432,0.0337732,4.48346,-4449.28,0
1.4383,3503.75,8.34739,-0.129585,0.99781,-4342.09,0
1.4448,3503.75,8.19818,-0.0483082,1.92024,-4324.94,0
1.45127,3503.68,8.42478,-0.0297081,0.822179,-4354.66,0
1.45779,3503.55,8.36029,-0.0629377,3.54413,-4421.73,0
1.46426,3503.54,8.58317,-0.159281,0.722987,-4409.31,0
1.47076,3503.5,8.40509,-0.190199,2.90867,-4418.26,0
1.47726,3503.39,8.39508,-0.237469,3.86222,-4472.3,0
1.48378,3503.28,8.47837,-0.291239,4.60148,-4530.16,0
1.49031,3503.2,8.4551,-0.209018,5.19077,-4562.87,0
1.49679,3503.2,8.45922,-0.294854,3.04515,-4545.73,0
1.50329,3503.3,8.39053,-0.387424,1.22546,-4454.16,0
1.50985,3503.08,8.65689,-0.374746,2.72796,-4583.92,0
1.51638,3503.15,8.62655,-0.15678,1.48421,-4520.3,0
1.52286,3503.11,8.61377,-0.318841,1.90054,-4522.06,0
1.52941,3503.04,8.46541,-0.313549,4.20646,-4550.8,0
1.53592,3503.11,8.59575,-0.171974,0.858292,-4487.09,0
1.54248,3503.17,8.4425,0.040712,1.0161,-4425.43,0
1.54897,3503.24,8.35665,0.147703,0.247132,-4365.68,0
1.55551,3503.07,8.2458,0.13433,4.11687,-4456.1,0
1.56201,3503.11,8.31664,-0.0755658,2.02805,-4411.72,0
1.56856,3503.11,8.46227,-0.0806042,0.109912,-4394.25,0
1.57509,3502.91,8.4108,-0.115538,3.97045,-4501.16,0
1.58158,3502.94,8.37697,-0.254449,2.8459,-4462.23,0
1.58808,3503,8.35592,-0.022669,1.59267,-4409.37,0
1.59459,3502.95,8.34319,-0.277034,2.3815,-4418.69,0
1.60112,3502.98,8.36995,-0.218683,1.11612,-4382.39,0
1.60765,3502.91,8.33751,-0.167414,2.21479,-4408.3,0
1.61412,3502.81,8.38584,-0.199181,3.28605,-4456.05,0
1.62063,3502.84,8.31633,-0.309971,2.75902,-4416.52,0
1.62718,3502.83,8.42105,-0.535072,1.13341,-4406.84,0
1.63371,3502.74,8.54616,-0.672734,1.30703,-4445.94,0
1.64021,3502.61,8.52771,-0.712664,3.70711,-4504.74,0
1.64669,3502.51,8.55236,-0.644949,4.61692,-4547.6,0
1.65318,3502.58,8.64974,-0.507875,1.13764,-4485.89,0
1.65971,3502.51,8.65898,-0.503959,2.06984,-4511.77,0
1.66624,3502.46,8.70002,-0.488228,2.11792,-4526.99,0
1.67275,3502.37,8.83756,-0.429117,2.12769,-4562.69,0
1.67922,3502.28,8.827,-0.453159,3.63478,-4598.89,0
1.68574,3502.16,8.91643,-0.364222,4.28028,-4649.54,0
1.69229,3502.16,8.86592,-0.34381,3.38889,-4630.62,0
1.6988,3502.09,8.88355,-0.305565,3.58181,-4654.75,0
1.7053,3502.04,8.85763,-0.186647,3.91344,-4667.92,0
1.71183,3502.06,8.75208,-0.374381,4.11167,-4638.43,0
1.71833,3502.01,8.72801,-0.395376,3.84959,-4649.26,0
1.72483,3502.15,8.56685,-0.597765,2.49996,-4551.86,0
1.73133,3502.09,8.53556,-0.812795,3.53264,-4567.95,0
1.73782,3502.15,8.46659,-0.868041,2.429,-4517.42,0
1.74432,3502.08,8.68232,-0.869853,0.70677,-4540.2,0
1.75088,3502.03,8.43615,-1.00902,4.08134,-4549.65,0
1.75739,3502,8.44089,-1.07989,3.74835,-4554.71,0
1.7639,3501.85,8.40464,-1.01145,5.02439,-4618.48,0
1.77046,3501.78,8.3835,-1.05531,4.89915,-4642.37,0
1.77697,3501.71,8.28607,-1.01987,5.65203,-4664.04,0
1.78353,3501.66,8.28349,-0.966599,4.41911,-4673.92,0
1.79001,3501.61,8.24261,-0.946994,4.50123,-4684.8,0
1.79653,3501.56,8.28626,-0.853383,3.78132,-4696.23,0
1.80303,3501.68,8.2122,-0.821458,1.60245,-4612.38,0
1.80956,3501.53,8.29239,-0.585735,3.56532,-4683.29,0
1.81602,3501.6,8.30081,-0.719042,1.10365,-4624.95,0
1.82249,3501.57,8.28218,-0.673381,1.56623,-4623.79,0
1.82901,3501.42,8.54913,-0.6204,1.02481,-4689.38,0
1.83549,3501.35,8.46929,-0.435989,3.2845,-4714.34,0
1.84195,3501.27,8.53069,-0.539545,3.18414,-4738.69,0
1.84849,3501.3,8.39553,-0.440098,4.07569,-4705.61,0
1.85497,3501.3,8.47948,-0.524825,1.9365,-4687.96,0
1.86146,3501.33,8.50598,-0.750822,0.568812,-4657.92,0
1.86795,3501.13,8.35636,-0.739178,5.25692,-4747.2,0
1.87443,3501.21,8.46415,-0.774088,0.747654,-4689.61,0
1.88094,3501.18,8.38817,-0.736566,2.09329,-4688.12,0
1.88742,3501.16,8.30104,-0.694837,2.81689,-4681.87,0
1.89393,3501.17,8.38333,-0.783153,1.06855,-4661.84,0
1.90043,3501.04,8.53177,-0.967254,1.13353,-4714.09,0
1.90694,3500.96,8.5262,-0.967976,2.52077,-4741.83,0
1.91345,3500.83,8.59405,-0.735243,3.87359,-4790.67,0
1.91996,3500.72,8.61665,-0.796182,4.69657,-4832.3,0
1.92644,3500.8,8.73093,-0.797658,0.250337,-4777.61,0
1.93294,3500.79,8.70982,-0.725843,0.529063,-4764.37,0
1.93947,3500.75,8.76333,-0.682989,0.542511,-4769.6,0
1.94593,3500.66,8.63662,-0.802155,3.71341,-4801.55,0
1.95242,3500.58,8.57891,-0.738749,4.53784,-4826.69,0
1.95895,3500.61,8.68252,-0.766763,1.35987,-4792.28,0
1.96543,3500.51,8.55361,-0.699303,4.77328,-4825.97,0
1.97193,3500.64,8.56978,-0.7514,0.922057,-4744.65,0
1.97845,3500.65,8.4268,-0.698333,2.87114,-4727.52,0
1.98499,3500.64,8.41294,-0.629805,2.93589,-4714.81,0
1.99145,3500.57,8.37709,-0.472046,3.9617,-4734.34,0
1.99794,3500.54,8.50526,-0.563943,1.00738,-4737.37,0
2.00442,3500.45,8.48355,-0.370145,3.14927,-4765.01,0
2.01094,3500.41,8.39789,-0.287968,4.27294,-4768.27,0
2.0174,3500.59,8.29451,-0.296842,1.16179,-4666.04,0
2.02386,3500.36,8.26804,-0.290249,5.40568,-4763.01,0
2.03041,3500.44,8.3348,-0.260902,1.45206,-4708.42,0
2.03693,3500.25,8.36183,-0.149136,4.64718,-4786.99,0
2.04344,3500.25,8.31412,-0.295359,4.05234,-4769.85,0
2.04996,3500.2,8.40619,-0.171868,2.93271,-4780.27,0
2.05644,3500.23,8.35699,-0.324556,2.52194,-4749.36,0
2.06293,3500.21,8.29944,-0.535996,3.41958,-4746.82,0
2.06943,3500.05,8.50571,-0.466189,2.89808,-4807.52,0
2.07593,3500.03,8.55447,-0.383785,2.03746,-4803.34,0
2.08244,3500.09,8.45178,-0.72311,1.53756,-4758.33,0
2.08894,3500.04,8.37436,-0.677623,3.72927,-4768.29,0
2.09544,3499.99,8.42062,-0.65645,3.53701,-4775.42,0
2.10199,3500.11,8.30435,-0.791651,1.97442,-4704.24,0
2.10846,3500.04,8.33268,-0.553927,2.83959,-4724.53,0
2.11497,3500.08,8.34382,-0.390999,1.54838,-4692.63,0
2.12152,3500.17,8.13761,-0.323858,2.35496,-4631.32,0
2.128,3500.21,8.14644,-0.0385945,0.927452,-4601.19,0
2.1345,3500.22,7.98854,-0.307997,2.94508,-4580.76,0
2.141,3500.2,7.88094,-0.356736,4.55758,-4578.74,0
2.14756,3500.17,8.06499,-0.163404,1.32558,-4575.66,0
2.15407,3500.2,7.96839,-0.280392,1.61894,-4547.83,0
2.16058,3500.2,7.88322,-0.36171,2.70528,-4536.96,0
2.16711,3500.18,7.80406,-0.465235,4.05615,-4533.44,0
2.17361,3499.99,7.87824,-0.420362,5.58852,-4603.38,0
2.18011,3500.03,7.94768,-0.360319,2.12457,-4571.55,0
2.18657,3500.03,7.96427,-0.28541,1.64343,-4559.31,0
2.1931,3499.91,7.92406,-0.233935,4.21468,-4602.82,0
2.19963,3499.81,7.89003,-0.226782,5.75938,-4633.91,0
2.20614,3499.71,7.87734,-0.240988,5.37886,-4665.96,0
2.21262,3499.87,7.84028,-0.353228,0.877251,-4576.48,0
2.21913,3499.69,7.85322,-0.301559,4.42259,-4646.95,0
2.22565,3499.56,7.84127,-0.33493,4.40823,-4688.63,0
2.23216,3499.65,7.79256,-0.533415,2.45072,-4637.66,0
2.23868,3499.71,7.68024,-0.395342,2.75359,-4597.79,0
2.24515,3499.72,7.61889,-0.509565,3.16295,-4579.04,0
2.25167,3499.82,7.57754,-0.705243,0.586401,-4519.08,0
2.25814,3499.81,7.49784,-1.08253,1.47308,-4513.82,0
2.26466,3499.66,7.39785,-1.03297,5.94496,-4566.41,0
2.27118,3499.63,7.35503,-1.03814,4.92075,-4565.27,0
2.27764,3499.57,7.46654,-1.20809,3.28326,-4580.43,0
2.28416,3499.36,7.63123,-1.20631,4.47864,-4657.8,0
2.29067,3499.24,7.61942,-1.23488,5.50745,-4695.81,0
2.29717,3499.18,7.7407,-1.46939,2.86536,-4712.15,0
2.30367,3499.2,7.62126,-1.50418,4.07915,-4689.26,0
2.31014,3499.17,7.77057,-1.41359,1.3952,-4686.53,0
2.31665,3498.98,7.88367,-1.42045,3.66862,-4758.66,0
2.32317,3498.85,8.09007,-1.45623,1.979,-4798.21,0
2.32964,3498.69,8.17988,-1.39033,3.49086,-4854.15,0
2.33616,3498.7,8.22079,-1.49734,1.65682,-4836.59,0
2.34266,3498.69,8.19094,-1.53078,2.21636,-4829.92,0
2.3492,3498.86,7.88877,-1.573,3.37913,-4741.87,0
2.35573,3498.85,7.84335,-1.5553,3.65604,-4732.67,0
2.36222,3498.8,7.7981,-1.57276,4.78942,-4741.97,0
2.36869,3498.92,7.69905,-1.71711,2.6266,-4679.3,0
2.37519,3498.81,7.61919,-1.70175,5.57833,-4712.07,0
2.38176,3498.74,7.63122,-1.76284,4.32465,-4729.6,0
2.38827,3498.77,7.55967,-1.83699,3.77131,-4703.34,0
2.39479,3498.83,7.46591,-2.06349,2.28326,-4664.26,0
2.40126,3498.95,7.40453,-1.88951,1.08014,-4603.83,0
2.40779,3499.07,7.18876,-1.71329,3.00988,-4539.7,0
2.41431,3498.97,7.14581,-1.90757,4.72505,-4566.96,0
2.42078,3498.87,7.09349,-1.94736,5.60729,-4596.06,0
2.42729,3498.98,7.08005,-1.91831,2.10181,-4540.1,0
2.43376,3498.99,7.06015,-2.14094,0.594322,-4522.97,0
2.44029,3498.83,7.02407,-2.02329,5.46284,-4578.44,0
2.44677,3498.84,6.94956,-2.02679,4.63136,-4562.88,0
2.45329,3498.86,6.96748,-2.02046,2.26962,-4541.85,0
2.4598,3499.04,6.78533,-1.8221,2.06068,-4454.43,0
2.46635,3499.01,6.89965,-1.78416,0.312991,-4455.11,0
2.47282,3499.03,6.74592,-1.67288,3.3274,-4435.23,0
2.47936,3499.03,6.80634,-1.74472,1.28888,-4424.25,0
2.48586,3499.15,6.53794,-1.63674,4.02838,-4363.47,0
2.49239,3499.23,6.38404,-1.76689,3.91259,-4322.72,0
2.49883,3499.26,6.28037,-1.82637,3.59478,-4298.3,0
2.50533,3499.48,6.07621,-1.9462,0.575562,-4199.43,0
2.51186,3499.62,5.91168,-1.7169,1.37717,-4132.83,0
2.51839,3499.61,5.90682,-1.58758,2.13611,-4125.2,0
2.5249,3499.63,5.72001,-1.5009,5.62301,-4108.14,0
2.5314,3499.7,5.66809,-1.49749,3.54047,-4068.17,0
2.53787,3499.71,5.58427,-1.59045,3.9816,-4055.22,0
2.54438,3499.71,5.56698,-1.65755,2.41033,-4042.64,0
2.55091,3499.8,5.38916,-1.76576,2.41817,-3997.2,0
2.55743,3499.84,5.47682,-1.42891,1.4623,-3974.25,0
2.56393,3499.75,5.41511,-1.39063,4.89525,-3998.6,0
2.57043,3499.73,5.31791,-1.32874,5.81133,-3995.93,0
2.57697,3499.76,5.26957,-1.31771,4.0743,-3974.37,0
2.58346,3499.81,5.27203,-1.21844,2.22851,-3945.43,0
2.59003,3499.89,5.06739,-1.384,3.22549,-3904.5,0
2.5965,3499.92,4.98941,-1.48251,2.74157,-3881.04,0
2.60301,3499.91,5.01695,-1.38212,2.80151,-3877.74,0
2.60948,3499.74,5.31394,-1.42165,0.549107,-3933.49,0
2.61598,3499.71,5.30056,-1.28595,2.22671,-3932.81,0
2.62246,3499.7,5.18132,-1.28247,5.04629,-3927.75,0
2.62897,3499.66,5.1143,-1.32294,5.30857,-3931.22,0
2.63549,3499.66,5.0815,-1.31842,4.29185,-3923.65,0
2.64199,3499.91,4.78369,-1.50084,1.45835,-3818.69,0
2.64852,3499.98,4.66677,-1.42653,1.9031,-3781.62,0
2.65504,3499.9,4.65131,-1.61575,3.51531,-3805.91,0
2.66156,3499.88,4.62064,-1.69049,3.60914,-3801.44,0
2.66807,3499.92,4.52036,-1.76064,3.68886,-3778.3,0
2.67457,3499.9,4.43611,-1.7692,4.21609,-3774.59,0
2.68111,3499.82,4.43339,-2.0548,3.35159,-3795.76,0
2.6876,3499.79,4.47581,-2.06113,2.77586,-3799.27,0
2.6941,3499.69,4.60955,-2.08791,2.14162,-3825.35,0
2.70057,3499.55,4.56706,-2.204,5.41833,-3868.36,0
2.70707,3499.47,4.60359,-2.11252,6.45199,-3891.26,0
2.71359,3499.46,4.57948,-2.23958,4.40825,-3884.24,0
2.72008,3499.43,4.5153,-2.17472,5.67797,-3885.61,0
2.72661,3499.31,4.55311,-2.17106,5.44969,-3919.77,0
2.73312,3499.31,4.57272,-2.17953,3.59361,-3909.51,0
2.73962,3499.27,4.62968,-2.1832,2.28158,-3915.49,0
2.74613,3499.13,4.71273,-2.17143,3.60897,-3959.18,0
2.75265,3499.13,4.67444,-2.16524,3.98698,-3947.49,0
2.75918,3499.07,4.78502,-2.17929,2.35485,-3962.06,0
2.76568,3499.02,4.95366,-2.07997,0.284245,-3969.71,0
2.77225,3498.92,4.90573,-2.21413,2.07422,-3998.26,0
2.77875,3498.75,4.89959,-2.21226,5.95658,-4048.4,0
2.78525,3498.7,4.83518,-2.26482,5.11067,-4055.33,0
2.79175,3498.74,4.83808,-2.23961,3.31407,-4032.69,0
2.79826,3498.67,4.81287,-2.3283,4.43967,-4050.53,0
2.80481,3498.76,4.81299,-2.19667,1.97785,-4005.92,0
2.8113,3498.9,4.53404,-2.22794,4.22592,-3946.69,0
2.81783,3498.77,4.71749,-2.41796,0.632701,-3985.7,0
2.82434,3498.81,4.72776,-2.27063,0.653307,-3963.61,0
2.83089,3498.81,4.65658,-2.21215,2.75932,-3952.46,0
2.83742,3498.81,4.69286,-2.16153,1.91499,-3943.36,0
2.84394,3498.86,4.57852,-2.00277,5.14933,-3918.68,0
2.85044,3498.81,4.54737,-2.0329,4.44578,-3926.02,0
2.85698,3498.96,4.43656,-1.96422,2.58506,-3864.54,0
2.86348,3498.9,4.49616,-1.90157,2.50368,-3875.05,0
2.87,3498.84,4.42594,-1.97012,5.03854,-3888.3,0
2.87648,3498.75,4.55372,-2.02597,2.72408,-3909.31,0
2.88295,3498.8,4.39173,-2.00681,4.85474,-3885.19,0
2.88944,3498.9,4.38574,-1.85217,2.6252,-3840.78,0
2.89596,3498.89,4.16955,-2.16309,4.47063,-3836.11,0
2.90246,3498.96,4.1455,-2.05041,3.76627,-3804.19,0
2.909,3498.91,4.19927,-2.0787,2.99993,-3811.94,0
2.91552,3498.86,4.08048,-2.09176,5.90457,-3819.86,0
2.922,3498.82,4.06274,-2.12798,5.73584,-3826.08,0
2.92849,3498.84,4.18699,-2.06015,1.4884,-3810.41,0
2.93498,3498.87,4.22357,-1.8596,1.6754,-3791.95,0
2.94148,3498.72,4.20836,-1.97221,5.14159,-3835.73,0
2.94799,3498.87,4.15907,-1.78935,2.77553,-3776.9,0
2.95451,3498.81,4.1311,-1.95651,2.96559,-3788.65,0
2.96099,3498.77,4.052,-1.96219,5.04559,-3791.15,0
2.96753,3498.75,4.03198,-1.92916,5.78302,-3791.37,0
2.97405,3498.78,3.98482,-1.9195,4.86659,-3771.22,0
2.98058,3498.85,3.97918,-1.89379,1.58197,-3741.19,0
2.98711,3498.84,3.87647,-2.11141,1.45929,-3737.33,0
2.99361,3498.71,3.84354,-2.14614,5.64739,-3772.57,0
3.00006,3498.77,3.85688,-2.18119,0.942526,-3742.16,0
3.00656,3498.81,3.81452,-2.03659,3.00291,-3723.38,0
3.0131,3498.85,3.7581,-2.00053,2.82079,-3699.28,0
3.01962,3498.87,3.78192,-1.99412,1.12376,-3686.86,0
3.02612,3498.77,3.71457,-2.02033,4.96569,-3711.15,0
3.03263,3498.73,3.82685,-1.98433,1.91429,-3717.86,0
3.0391,3498.71,3.95927,-1.68908,2.40072,-3715.65,0
3.04562,3498.59,3.866,-1.90307,5.42649,-3747.71,0
3.05211,3498.6,3.91556,-1.91136,1.44728,-3735.54,0
3.05865,3498.41,3.99868,-1.96465,4.66359,-3790.43,0
3.06515,3498.29,4.0176,-2.10505,4.71081,-3819.93,0
3.07165,3498.39,3.91633,-2.23563,1.33209,-3779.12,0
3.07818,3498.24,3.99709,-2.26466,3.20879,-3821.44,0
3.08469,3498.12,3.97193,-2.37165,5.5714,-3852.87,0
3.09118,3498.06,4.08866,-2.34235,1.75463,-3862.36,0
3.09768,3497.94,4.15732,-2.31669,3.4235,-3892.94,0
3.10418,3497.72,4.32544,-2.36471,3.51419,-3956.38,0
3.11067,3497.62,4.20843,-2.37056,7.69212,-3980.21,0
3.11719,3497.57,4.15724,-2.35951,6.3885,-3986.83,0
3.12365,3497.49,4.12273,-2.46636,5.74084,-4006.26,0
3.13014,3497.5,4.12902,-2.53186,2.47976,-3992,0
3.13666,3497.59,3.94307,-2.7041,1.71048,-3956.73,0
3.14316,3497.42,4.12825,-2.58678,3.45116,-4002.47,0
3.14968,3497.36,4.17064,-2.58582,3.53048,-4013.88,0
3.15622,3497.29,4.28836,-2.41807,4.56025,-4027.36,0
3.16278,3497.25,4.24077,-2.42196,5.06133,-4032.18,0
3.16925,3497.22,4.26934,-2.39309,4.6943,-4031.48,0
3.17579,3497.23,4.15405,-2.41855,6.31305,-4021.84,0
3.1823,3497.16,4.18235,-2.46133,4.90527,-4035.83,0
3.18881,3497.09,4.1917,-2.58792,3.0942,-4048.26,0
3.1953,3497.17,4.15264,-2.55439,0.576049,-4015.59,0
3.20183,3497,4.2135,-2.51368,4.60121,-4059.73,0
3.20831,3496.97,4.20224,-2.53434,4.12389,-4061.89,0
3.2148,3497.08,4.09342,-2.65845,0.290203,-4018.47,0
3.22135,3497.19,3.90915,-2.55507,3.99337,-3977.16,0
3.22787,3497.22,3.75403,-2.59082,5.54544,-3957.85,0
3.23433,3497.27,3.82309,-2.54472,0.769165,-3937.27,0
3.24082,3497.37,3.61702,-2.5853,2.94076,-3898.04,0
3.24729,3497.37,3.62974,-2.44423,4.30883,-3888.83,0
3.25376,3497.29,3.70789,-2.46988,2.82684,-3904.82,0
3.26029,3497.33,3.74398,-2.38658,1.60184,-3886.23,0
3.26683,3497.37,3.57603,-2.35604,6.05807,-3865.17,0
3.27334,3497.33,3.61801,-2.48255,1.52728,-3871.22,0
3.27981,3497.36,3.57885,-2.34835,4.12658,-3854.12,0
3.28636,3497.17,3.60876,-2.52046,4.26186,-3903.21,0
3.29288,3497.22,3.56442,-2.48198,4.2414,-3879.92,0
3.29938,3497.04,3.6088,-2.54431,5.48951,-3928.03,0
3.30585,3497.13,3.55148,-2.56693,1.69227,-3892.36,0
3.31236,3497.07,3.61579,-2.41104,4.9304,-3903.98,0
3.31888,3497.05,3.54155,-2.47191,5.39431,-3903.38,0
3.32532,3497.05,3.57459,-2.41396,3.28381,-3893.43,0
3.33189,3496.96,3.68081,-2.34192,2.97947,-3912.6,0
3.33839,3497.13,3.53431,-2.38535,0.229591,-3853.67,0
3.34481,3497.05,3.45705,-2.44865,4.36977,-3871.75,0
3.35133,3496.96,3.45024,-2.64523,1.42164,-3891.14,0
3.35778,3496.99,3.26031,-2.72078,4.41028,-3873.11,0
3.36431,3496.97,3.16773,-2.82664,4.4601,-3871.66,0
3.37082,3496.93,3.11011,-2.9423,3.27494,-3876.47,0
3.37739,3496.79,3.10675,-2.95413,6.18096,-3910.61,0
3.38394,3496.83,3.17962,-2.86736,3.33169,-3893.03,0
3.3905,3496.8,3.05528,-2.85365,8.32741,-3894.52,0
3.39699,3496.73,2.98517,-2.81741,8.26421,-3906.33,0
3.4035,3496.64,3.11501,-2.86587,3.31498,-3924.16,0
3.41001,3496.54,3.18915,-2.72671,7.61747,-3947.05,0
3.41653,3496.55,3.11828,-2.75907,4.57995,-3935.72,0
3.42299,3496.55,3.09205,-2.83981,2.23208,-3928.88,0
3.42948,3496.54,3.07479,-2.71742,4.32049,-3923.54,0
3.43602,3496.47,3.0379,-2.65641,5.87372,-3938.5,0
3.44253,3496.46,3.05506,-2.65427,2.93677,-3933.24,0
3.44904,3496.51,3.08924,-2.54623,2.63509,-3910.36,0
3.45553,3496.37,3.13907,-2.6194,2.80395,-3945.66,0
3.46204,3496.25,3.17515,-2.67477,3.27191,-3972.48,0
3.46854,3496.19,3.14983,-2.66808,4.46235,-3980.27,0
3.47503,3496.23,3.09081,-2.62415,5.21251,-3962.25,0
3.48153,3496.41,3.13075,-2.4151,2.93455,-3904.25,0
3.48807,3496.51,3.25109,-2.12583,2.7301,-3867.99,0
3.49456,3496.53,3.22556,-2.01782,5.83232,-3853.8,0
3.50104,3496.64,3.20302,-1.89907,5.02294,-3816.13,0
3.50756,3496.8,3.186,-1.76334,2.41034,-3761.96,0
3.51407,3496.69,3.22161,-1.8196,1.93537,-3788.93,0
3.52055,3496.71,3.04201,-1.84188,8.26979,-3775.2,0
3.52707,3496.67,3.10464,-1.89146,3.22715,-3779.19,0
3.53362,3496.66,3.07285,-1.82909,5.20878,-3774.3,0
3.54012,3496.63,3.07715,-1.80641,5.09169,-3777.85,0
3.54661,3496.64,2.97448,-1.78335,7.13309,-3766.13,0
3.5531,3496.6,2.9126,-1.84271,6.41917,-3770.55,0
3.55958,3496.52,3.00529,-1.88785,2.21839,-3788.17,0
3.56605,3496.49,3.02195,-1.85129,3.14385,-3789.83,0
3.57255,3496.38,2.97806,-1.98152,4.18895,-3813.6,0
3.57905,3496.33,3.04459,-1.97414,2.01463,-3820.59,0
3.58554,3496.27,3.03487,-1.7912,8.34212,-3828.35,0
3.59205,3496.23,2.95485,-1.84034,6.71849,-3833.43,0
3.59854,3496.19,3.01404,-1.8458,1.96244,-3837.87,0
3.60506,3496.13,3.07907,-1.81072,0.903996,-3848.24,0
3.61154,3496.01,3.00982,-1.69884,8.04979,-3872.36,0
3.61805,3495.95,3.057,-1.69373,2.33642,-3884.66,0
3.62456,3495.92,3.05932,-1.61691,4.93575,-3883.97,0
3.63109,3495.99,3.05527,-1.55552,3.23907,-3859.3,0
3.63759,3495.88,3.03968,-1.65614,4.16387,-3881.4,0
3.64416,3495.94,2.96384,-1.67734,5.08551,-3859.56,0
3.65065,3495.77,3.01066,-1.76503,3.8267,-3896.88,0
3.65715,3495.74,2.88753,-1.77827,7.15334,-3899.19,0
3.66366,3495.66,2.89577,-1.75136,5.5628,-3913.08,0
3.67017,3495.62,2.94807,-1.69675,3.09198,-3917.03,0
3.67666,3495.58,2.90171,-1.70034,5.66088,-3921.73,0
3.68315,3495.72,2.8026,-1.71715,3.72627,-3876.69,0
3.68965,3495.62,2.79721,-1.74973,3.22769,-3897.66,0
3.69615,3495.64,2.76225,-1.72743,4.39643,-3886.03,0
3.70264,3495.67,2.70894,-1.77093,3.88134,-3871.3,0
3.70918,3495.65,2.69644,-1.80773,3.06149,-3868.42,0
3.71571,3495.7,2.59723,-1.92557,0.848646,-3847.79,0
3.72222,3495.72,2.55949,-1.7792,6.39428,-3837.55,0
3.72875,3495.74,2.53246,-1.77024,4.22906,-3824.56,0
3.73526,3495.69,2.52846,-1.83171,3.13727,-3832.14,0
3.74178,3495.71,2.57608,-1.73626,1.77363,-3820.37,0
3.7483,3495.76,2.46341,-1.80131,3.23863,-3798.04,0
3.75481,3495.61,2.51061,-1.83688,3.64471,-3833.65,0
3.7613,3495.56,2.49048,-1.77965,5.65544,-3839.48,0
3.76784,3495.51,2.55903,-1.73038,3.34404,-3844.49,0
3.77434,3495.67,2.52245,-1.627,3.14446,-3795.38,0
3.78087,3495.67,2.51591,-1.61405,3.01577,-3789.46,0
3.78742,3495.78,2.47495,-1.51782,5.08592,-3755.14,0
3.79396,3495.92,2.44457,-1.47075,2.2684,-3711.16,0
3.80044,3495.91,2.42019,-1.41675,5.60662,-3707.62,0
3.80695,3496.08,2.3293,-1.48708,0.936695,-3657.12,0
3.81344,3495.93,2.40334,-1.33307,7.53736,-3688.6,0
3.81995,3495.99,2.3515,-1.30396,2.95219,-3666.96,0
3.82649,3496,2.30513,-1.24932,7.76501,-3658.15,0
3.83302,3496.03,2.29573,-1.25892,4.79945,-3644.23,0
3.83954,3496.17,2.31088,-1.08826,3.13411,-3600.77,0
3.84601,3496.26,2.21344,-1.178,2.4635,-3571.33,0
3.85248,3496.25,2.14835,-1.16604,6.56828,-3570.09,0
3.85901,3496.33,2.07042,-1.29508,0.954667,-3541.21,0
3.8655,3496.31,2.04445,-1.2117,7.49329,-3542.35,0
3.872,3496.27,1.97018,-1.21957,9.05653,-3546.5,0
3.87851,3496.35,1.9085,-1.31585,3.36475,-3520.5,0
3.88502,3496.26,1.85963,-1.26788,8.66067,-3535.66,0
3.89155,3496.24,1.89988,-1.15145,7.68345,-3536.43,0
3.8981,3496.16,1.89389,-1.18366,7.23802,-3551.55,0
3.90461,3496.1,1.8411,-1.16991,7.98965,-3559.74,0
3.91106,3496.16,1.86535,-1.03429,7.62435,-3539.62,0
3.91755,3496.19,1.78546,-0.940476,4.1613,-3525.96,0
3.92404,3496.29,1.84411,-0.705289,3.36823,-3494.6,0
3.93055,3496.29,1.84267,-0.596814,6.26541,-3486.92,0
3.93708,3496.21,1.75833,-0.585168,3.2166,-3503.62,0
3.94356,3496.22,1.74384,-0.567016,1.93436,-3493.21,0
3.95009,3496.18,1.70963,-0.649479,3.54425,-3497.45,0
3.95661,3496.06,1.71721,-0.713895,1.74585,-3522.93,0
3.9631,3496.03,1.65176,-0.816246,3.16493,-3525.17,0
3.9696,3496.08,1.51169,-0.750375,8.83696,-3507.59,0
3.97611,3496,1.40721,-0.829814,3.97177,-3520.18,0
3.98262,3495.94,1.3901,-0.857326,4.73823,-3529.46,0
3.98915,3495.94,1.3107,-0.900486,8.36758,-3524.69,0
3.99569,3495.87,1.33806,-0.913473,3.08112,-3535.07,0
4.00221,3495.95,1.36349,-0.822937,2.27006,-3511.17,0
4.00869,3495.91,1.28611,-0.794363,1.09146,-3515.34,0
4.01518,3496,1.26691,-0.729874,1.08393,-3485.88,0
4.02164,3495.96,1.25422,-0.62782,9.74769,-3491.49,0
4.02812,3495.81,1.3131,-0.633276,4.54435,-3523.18,0
4.03461,3495.65,1.28466,-0.562337,8.67087,-3557.5,0
4.04112,3495.79,1.20377,-0.492722,5.66047,-3516.33,0
4.04761,3495.81,1.19088,-0.524093,1.03443,-3505.18,0
4.05414,3495.93,1.11301,-0.411042,4.12692,-3470.81,0
4.06062,3495.95,1.05568,-0.411148,10.4529,-3459.08,0
4.06719,3495.83,0.968605,-0.481613,2.52207,-3484.45,0
4.07364,3495.76,0.864972,-0.469806,2.79507,-3495.36,0
4.07982,3495.8,0.724716,-0.445681,0.221852,-3481.63,0
