0.00650542,3509.92,-1.51684,-1.60318,2.03466,-11625.7,0
0.0130213,3509.96,-1.66027,-1.54703,0.386989,-3345.01,0
0.0195414,3509.79,-1.79813,-1.80004,3.79927,-10901.4,0
0.026087,3509.75,-1.86881,-1.79791,3.43194,-9555.01,0
0.0325801,3509.76,-1.96715,-1.73915,2.53729,-7325.14,0
0.0390588,3509.83,-1.72033,-1.77649,0.659404,-4319.46,0
0.0456103,3509.75,-1.67912,-1.61344,2.98421,-5483.63,0
0.0521069,3509.84,-1.48859,-1.64984,0.419397,-3162.29,0
0.0586445,3509.8,-1.4016,-1.75113,0.850866,-3444.85,0
0.0651541,3509.72,-1.44171,-1.54273,2.72007,-4237.39,0
0.0716146,3509.7,-1.66001,-1.76972,2.21459,-4225.36,0
0.0781318,3509.7,-1.85196,-1.74371,1.32418,-3870.46,0
0.0846639,3509.61,-1.80012,-1.61199,3.33792,-4556.8,0
0.0911637,3509.68,-1.76272,-1.65163,1.11909,-3505.79,0
0.0976386,3509.63,-1.69887,-1.39776,2.69656,-3788.6,0
0.10417,3509.65,-1.67702,-1.59999,1.65526,-3375.42,0
0.110677,3509.65,-1.67669,-1.54042,1.26588,-3122.54,0
0.117229,3509.57,-1.91564,-1.59557,2.53845,-3631.99,0
0.123739,3509.55,-1.86155,-1.32517,3.25944,-3631.83,0
0.130225,3509.46,-2.02177,-1.3546,4.56933,-4175.09,0
0.136755,3509.54,-2.17808,-1.33087,1.25489,-3398.03,0
0.143252,3509.42,-2.33059,-1.22547,3.93065,-4042.39,0
0.149749,3509.4,-2.29567,-1.25893,3.9616,-3998.42,0
0.156252,3509.42,-2.21697,-1.23097,3.07425,-3719.9,0
0.162716,3509.48,-2.24815,-1.1796,0.866853,-3225.11,0
0.1692,3509.51,-1.88677,-1.23797,0.429303,-2903.93,0
0.175734,3509.33,-2.02067,-1.53222,4.20001,-3837.17,0
0.182243,3509.39,-2.10459,-1.49376,1.13059,-3345.13,0
0.188737,3509.3,-2.12178,-1.49256,2.80192,-3693.18,0
0.195238,3509.21,-2.14049,-1.37135,4.57194,-4023.94,0
0.201716,3509.22,-2.1309,-1.46686,2.98745,-3855.18,0
0.208208,3509.27,-1.9975,-1.57672,1.27888,-3493.25,0
0.214706,3509.17,-2.21264,-1.47689,3.34827,-3851.23,0
0.22124,3509.18,-2.1424,-1.28796,3.03659,-3721.55,0
0.227753,3509.23,-2.06928,-1.19375,1.13187,-3377.7,0
0.23421,3509.13,-2.12511,-1.12149,3.32572,-3701.4,0
0.240739,3509.01,-2.25495,-1.09287,5.5147,-4111.22,0
0.247238,3509.05,-2.10627,-1.10155,3.0922,-3824.51,0
0.253705,3509.11,-1.97078,-1.08315,1.39162,-3521.11,0
0.260218,3509.07,-1.86858,-0.991561,2.45537,-3558.88,0
0.266766,3508.98,-1.94786,-0.908049,4.42477,-3833.41,0
0.273269,3509.03,-1.7105,-1.02806,2.61009,-3542.55,0
0.279809,3508.97,-1.86231,-0.855947,3.49415,-3692.27,0
0.286322,3509.07,-1.75519,-0.911574,0.268372,-3236.78,0
0.292812,3509.01,-1.76477,-1.04369,1.68927,-3375.22,0
0.299342,3508.96,-1.67633,-0.868636,3.24492,-3485.14,0
0.305839,3508.85,-1.76365,-0.846338,4.70536,-3761.06,0
0.312335,3508.85,-1.73212,-1.03613,3.55,-3686.24,0
0.318891,3508.77,-1.92096,-1.16026,4.5736,-3858.8,0
0.325357,3508.75,-1.80903,-1.19523,4.47149,-3851.35,0
0.331857,3508.76,-1.85834,-1.13462,3.10858,-3748.53,0
0.33835,3508.7,-1.71411,-1.23988,4.41873,-3848.08,0
0.344847,3508.68,-1.69843,-1.34881,3.44191,-3819.26,0
0.351403,3508.74,-1.51135,-1.19344,2.08298,-3596.36,0
0.357924,3508.79,-1.46265,-1.10999,0.306094,-3385.12,0
0.364397,3508.72,-1.60654,-1.40621,1.37725,-3526.16,0
0.370889,3508.7,-1.47925,-1.17801,2.1073,-3497.03,0
0.377387,3508.59,-1.52658,-1.03965,4.30948,-3749.3,0
0.383895,3508.64,-1.56328,-0.753302,2.59979,-3544.5,0
0.390407,3508.54,-1.55764,-0.688081,4.16194,-3752.1,0
0.396894,3508.49,-1.62876,-0.69531,3.92518,-3800.76,0
0.40337,3508.49,-1.69427,-0.701353,3.34332,-3751.23,0
0.409903,3508.44,-1.64085,-0.855988,3.79868,-3796.98,0
0.416412,3508.49,-1.89679,-0.973301,1.08156,-3624.07,0
0.422922,3508.46,-1.94973,-1.14807,1.15097,-3651,0
0.429459,3508.41,-1.99556,-1.01647,2.11681,-3712.75,0
0.435937,3508.44,-1.76481,-1.05205,0.933994,-3579.35,0
0.442481,3508.26,-1.83972,-0.884799,5.18606,-3937.53,0
0.449021,3508.37,-1.90225,-0.805717,0.788874,-3626.38,0
0.45555,3508.29,-1.49374,-0.65823,4.01274,-3746.83,0
0.462029,3508.29,-1.51382,-0.715231,2.75108,-3693.49,0
0.468509,3508.23,-1.68657,-0.823789,3.54298,-3772.37,0
0.47504,3508.24,-1.53999,-0.798396,3.24502,-3704.85,0
0.481534,3508.23,-1.63775,-0.99927,2.62497,-3667.76,0
0.48808,3508.17,-1.69253,-1.3312,3.55454,-3754.79,0
0.49457,3508.26,-1.68354,-1.21807,0.326527,-3511.24,0
0.501072,3508.13,-1.80779,-1.09504,3.78803,-3722.78,0
0.507572,3508.12,-1.86591,-1.10031,3.13425,-3710.76,0
0.514101,3508.14,-1.69919,-1.06483,2.51454,-3613.97,0
0.520571,3508.14,-1.48082,-1.12584,2.30659,-3571.18,0
0.527115,3508.15,-1.20805,-1.01113,1.87957,-3500.59,0
0.53363,3508.13,-0.971791,-0.800726,3.08712,-3503.65,0
0.540175,3508.11,-0.932257,-0.720042,3.53499,-3505.09,0
0.546748,3508.1,-0.973462,-0.953898,2.90037,-3474.41,0
0.553261,3508.08,-1.18045,-0.987992,2.53766,-3463.52,0
0.559768,3508.1,-1.14455,-0.831486,1.58587,-3390.03,0
0.566282,3508.03,-1.1916,-0.697395,3.65976,-3485.78,0
0.572772,3507.98,-1.10784,-0.794247,4.22264,-3527.73,0
0.579286,3507.99,-1.08143,-0.760976,2.82383,-3471.33,0
0.585794,3508,-1.37045,-0.547452,1.79142,-3410.29,0
0.592312,3507.95,-1.5732,-0.212472,3.01524,-3467.29,0
0.598871,3507.95,-1.38587,-0.280836,2.75686,-3418.37,0
0.605392,3507.92,-1.26131,-0.468143,3.06844,-3428.43,0
0.611883,3507.78,-1.20001,-0.437374,5.48673,-3625.29,0
0.618395,3507.79,-1.11287,-0.397338,3.84659,-3580.14,0
0.62491,3507.77,-1.29205,-0.271992,3.4891,-3567.53,0
0.631423,3507.72,-1.29975,-0.231115,3.81829,-3616.45,0
0.637911,3507.75,-1.30267,-0.205429,1.97743,-3528.57,0
0.644429,3507.6,-1.23752,-0.209339,6.26956,-3728.33,0
0.650926,3507.56,-1.22438,-0.146206,5.08884,-3749.56,0
0.657466,3507.49,-1.30648,-0.124999,5.64255,-3823.27,0
0.663951,3507.59,-1.29826,-0.181882,1.02521,-3631.2,0
0.67048,3507.54,-1.28987,-0.0957809,2.42199,-3674.55,0
0.676994,3507.49,-1.35036,-0.17272,2.82736,-3702.44,0
0.683489,3507.48,-1.48669,-0.358671,2.47476,-3680.48,0
0.689988,3507.42,-1.52912,-0.485026,3.74101,-3732,0
0.696507,3507.39,-1.66235,-0.525962,3.74465,-3742.69,0
0.703044,3507.3,-1.6448,-0.614042,5.42788,-3842.52,0
0.709541,3507.31,-1.51704,-0.562414,3.77195,-3788.33,0
0.716063,3507.33,-1.63856,-0.510963,2.25508,-3723.84,0
0.722531,3507.3,-1.78989,-0.457291,2.68452,-3734.67,0
0.729022,3507.31,-1.66287,-0.410224,2.38466,-3686.71,0
0.735539,3507.27,-1.81895,-0.275541,3.17434,-3717.79,0
0.741997,3507.24,-1.94028,-0.290691,2.84454,-3716.26,0
0.748485,3507.15,-1.68476,-0.252479,5.86577,-3803.99,0
0.755016,3507.26,-1.56757,-0.368807,0.83685,-3626.57,0
0.761513,3507.14,-1.29506,-0.320785,5.27729,-3755.29,0
0.768026,3507.14,-1.28544,-0.250385,4.27671,-3728.86,0
0.774544,3507.07,-1.29682,-0.258737,5.07228,-3783.87,0
0.781023,3507.05,-1.31726,-0.183034,4.24724,-3781.78,0
0.787517,3507.03,-1.39571,-0.0782882,3.14007,-3774.19,0
0.793986,3507.04,-1.47717,-0.0783068,1.53641,-3726,0
0.800507,3506.99,-1.68295,0.0496982,2.06388,-3757.76,0
0.807005,3506.98,-1.77877,0.427519,1.49143,-3736.3,0
0.813525,3506.99,-1.96846,0.744846,0.182211,-3704.29,0
0.820013,3506.86,-1.88183,0.857757,3.81922,-3828.95,0
0.826516,3506.86,-1.79167,0.851916,3.2585,-3804.11,0
0.832996,3506.83,-1.99749,1.05032,2.64472,-3803.13,0
0.839456,3506.78,-1.89801,0.969915,4.53884,-3839.73,0
0.846,3506.7,-1.86263,0.912543,5.05845,-3896.84,0
0.852517,3506.69,-1.7979,0.84185,4.17304,-3885.32,0
0.859021,3506.68,-2.05084,0.857453,2.58662,-3862.89,0
0.865551,3506.71,-1.7002,0.794268,2.61735,-3804.38,0
0.87208,3506.7,-1.74136,0.750785,2.31289,-3786.25,0
0.87861,3506.61,-1.70785,0.75128,4.92346,-3859.5,0
0.885107,3506.66,-1.59069,0.950414,2.64245,-3777.64,0
0.891637,3506.6,-1.652,1.01666,3.73015,-3814.88,0
0.898102,3506.64,-1.64876,1.03876,1.90765,-3746.15,0
0.904536,3506.61,-1.51959,1.04884,2.85877,-3752.21,0
0.911067,3506.64,-1.56196,0.784536,1.54179,-3689.42,0
0.917593,3506.55,-1.75335,0.81257,3.41161,-3764.48,0
0.924076,3506.47,-1.77792,0.775344,4.76311,-3818.05,0
0.930533,3506.52,-1.87056,0.920352,1.89948,-3741.87,0
0.93703,3506.53,-1.90069,0.721438,1.34836,-3703.09,0
0.943507,3506.47,-1.92136,0.70393,3.19663,-3742.71,0
0.950006,3506.38,-1.93728,0.756303,4.63346,-3810.37,0
0.956527,3506.4,-1.94948,0.745343,3.25753,-3767.61,0
0.963067,3506.34,-2.03012,0.858471,3.62553,-3802.59,0
0.96961,3506.33,-1.93586,0.814035,3.46492,-3781.38,0
0.97612,3506.33,-1.99622,0.940006,2.58919,-3761.42,0
0.982639,3506.28,-1.94258,1.00397,3.97531,-3785.46,0
0.989151,3506.32,-2.00123,1.00595,1.68299,-3719.93,0
0.995655,3506.22,-2.17941,1.0207,3.81587,-3796.97,0
1.00215,3506.21,-2.06299,1.0976,3.80771,-3781.32,0
1.0087,3506.1,-2.0107,1.18758,5.65421,-3869.73,0
1.01518,3506.05,-1.99446,1.33517,4.46594,-3892.8,0
1.02166,3506.02,-1.95618,1.3287,4.22128,-3896.29,0
1.02821,3506.05,-1.81489,1.30342,2.66538,-3839.56,0
1.03473,3506.06,-1.69988,1.26807,2.42774,-3812.52,0
1.04122,3506.08,-1.67609,1.29279,1.18184,-3768.5,0
1.04769,3506.01,-1.59144,1.07207,4.06406,-3805.67,0
1.05419,3505.97,-1.64612,1.21276,4.01283,-3827.09,0
1.06068,3506.01,-1.74871,1.17638,1.4142,-3763.52,0
1.06719,3505.97,-1.71038,1.15598,2.73889,-3776.73,0
1.07367,3505.97,-1.70375,1.2757,1.60598,-3756.57,0
1.0802,3505.98,-1.73922,1.1427,1.17617,-3725.24,0
1.08671,3505.91,-1.66488,1.29148,2.91117,-3762.58,0
1.09321,3505.9,-1.49278,1.45068,3.09314,-3750.73,0
1.09972,3505.87,-1.38483,1.51889,4.05847,-3758.56,0
1.10621,3505.86,-1.29877,1.60669,3.11158,-3740.76,0
1.11272,3505.91,-0.913128,1.74729,1.38268,-3675.71,0
1.11921,3505.89,-0.874692,1.84791,1.36781,-3672.56,0
1.12574,3505.89,-0.886759,1.64006,1.69184,-3647.68,0
1.13226,3505.88,-1.00614,1.52174,1.98078,-3637.16,0
1.13876,3505.9,-1.10343,1.46767,0.816831,-3599.65,0
1.14524,3505.86,-1.10435,1.45923,2.08207,-3612.7,0
1.15177,3505.84,-1.11675,1.20932,3.20566,-3611.5,0
1.15827,3505.74,-1.1424,1.45186,5.26977,-3674.39,0
1.16475,3505.68,-1.16113,1.36249,5.12263,-3712.09,0
1.17123,3505.63,-1.12001,1.35801,5.26342,-3731.16,0
1.17769,3505.64,-1.16024,1.31002,3.34839,-3698.22,0
1.18416,3505.59,-1.30283,1.22778,4.79639,-3723.28,0
1.19065,3505.56,-1.2708,1.21736,3.5533,-3725.48,0
1.19714,3505.57,-1.27489,1.28015,2.74064,-3700.34,0
1.20369,3505.53,-1.38304,1.31139,3.60704,-3717.46,0
1.21019,3505.57,-1.38201,1.3829,1.22832,-3662.59,0
1.21671,3505.6,-1.06069,1.37127,0.887984,-3619.06,0
1.22325,3505.62,-1.10325,1.13549,0.222626,-3579,0
1.22972,3505.57,-1.26028,0.937195,1.54532,-3599.16,0
1.23623,3505.48,-1.43983,0.90983,4.16399,-3652.59,0
1.24275,3505.48,-1.40267,0.896002,3.99149,-3638.27,0
1.24922,3505.54,-1.26014,0.900777,1.3992,-3570.11,0
1.25575,3505.53,-1.00441,0.986878,2.08225,-3561.82,0
1.26227,3505.52,-1.05772,0.747953,2.41058,-3551.63,0
1.26877,3505.45,-1.01267,0.622061,4.41731,-3587.17,0
1.2753,3505.5,-0.995688,0.545234,1.09378,-3529.78,0
1.28182,3505.46,-1.02505,0.602474,2.16215,-3543.5,0
1.28835,3505.44,-0.974891,0.521285,2.92994,-3542.16,0
1.29486,3505.49,-0.937593,0.65967,0.0921367,-3483.65,0
1.30138,3505.36,-1.02423,0.649098,3.84526,-3562.36,0
1.30793,3505.4,-1.00565,0.440747,2.1346,-3515.81,0
1.31443,3505.34,-1.37088,0.248845,3.31949,-3544.07,0
1.32098,3505.34,-1.41397,0.269324,2.78032,-3528.32,0
1.32745,3505.35,-1.69854,0.393926,0.373563,-3501.4,0
1.33392,3505.3,-1.71745,0.139431,2.39162,-3522.14,0
1.34044,3505.32,-1.60882,0.172967,1.78488,-3490.81,0
1.34693,3505.16,-1.74764,0.0505957,6.35243,-3593.91,0
1.35344,3505.12,-1.78545,0.0561117,4.64945,-3601.94,0
1.35997,3505.09,-1.81032,0.0855437,4.66555,-3613.85,0
1.36646,3505.01,-1.80454,0.133862,4.38746,-3648.82,0
1.37294,3504.98,-1.77003,0.0457033,4.92495,-3655.3,0
1.37947,3504.96,-1.77769,-0.0112225,3.28776,-3656.96,0
1.38597,3504.85,-1.78827,-0.0368624,5.64529,-3712.38,0
1.39248,3504.8,-1.85147,-0.0587705,5.44475,-3735.07,0
1.39898,3504.79,-1.87291,0.0135862,4.58025,-3726.79,0
1.40551,3504.78,-1.95605,0.0533076,2.9873,-3715.75,0
1.41202,3504.75,-2.1123,0.152847,2.52378,-3718.47,0
1.41854,3504.77,-1.92396,0.162713,2.01116,-3683.76,0
1.42506,3504.76,-1.89548,-0.0956137,2.58617,-3678.49,0
1.43158,3504.79,-1.80108,-0.228159,1.17651,-3637.1,0
1.43812,3504.72,-2.09845,-0.323528,2.07648,-3674.14,0
1.44466,3504.68,-2.15517,-0.331232,2.99436,-3684.57,0
1.45115,3504.7,-2.11926,-0.459118,1.42345,-3649.72,0
1.45768,3504.68,-2.28864,-0.474874,0.389086,-3649.78,0
1.4642,3504.59,-2.20178,-0.536318,4.08748,-3692.51,0
1.47075,3504.53,-2.19394,-0.577733,5.1045,-3722.1,0
1.47722,3504.52,-2.45689,-0.589735,2.44772,-3707.28,0
1.48375,3504.52,-2.38008,-0.715165,2.41935,-3692.35,0
1.49028,3504.43,-2.54375,-0.676407,4.49098,-3740.66,0
1.49679,3504.41,-2.70041,-0.716928,3.20205,-3737.21,0
1.50326,3504.38,-2.61778,-0.820248,3.6132,-3736.21,0
1.50977,3504.4,-2.60203,-0.859787,2.36991,-3706.76,0
1.51626,3504.32,-2.76358,-0.799035,3.8062,-3748.36,0
1.52275,3504.27,-2.83088,-0.744894,4.26714,-3762.19,0
1.52924,3504.28,-2.85971,-0.73857,1.78066,-3737.95,0
1.53578,3504.24,-2.55468,-0.798587,5.66822,-3748.76,0
1.54232,3504.25,-2.69784,-0.786573,1.73797,-3726.46,0
1.54885,3504.25,-2.67308,-0.599214,1.30816,-3715.17,0
1.55534,3504.17,-2.67567,-0.68953,3.63627,-3745.22,0
1.56186,3504.12,-2.6732,-0.635802,4.55592,-3762.81,0
1.5684,3504.14,-2.82358,-0.653613,1.65235,-3738.14,0
1.5749,3504.17,-2.4836,-0.654796,3.5527,-3703.51,0
1.5814,3504.15,-2.52505,-0.70089,3.26042,-3697.81,0
1.58789,3504.19,-2.50996,-0.490496,1.91142,-3661.59,0
1.59441,3504.16,-2.26723,-0.443238,5.10067,-3665.15,0
1.60094,3504.1,-2.28476,-0.450015,6.04744,-3687.59,0
1.60743,3504.14,-2.24942,-0.474756,3.15313,-3647.96,0
1.61394,3504.22,-1.77528,-0.437659,2.62789,-3579.93,0
1.62043,3504.18,-1.62556,-0.45461,4.24894,-3591.26,0
1.62689,3504.15,-1.72552,-0.569716,3.72947,-3597.1,0
1.6334,3504.09,-1.58505,-0.396147,6.50416,-3615.94,0
1.6399,3504.12,-1.63167,-0.309922,1.89319,-3583.17,0
1.64638,3504.07,-1.69803,-0.362452,3.33657,-3603.07,0
1.65288,3504.01,-1.70626,-0.251561,4.47153,-3623.07,0
1.65939,3503.99,-1.76198,-0.217964,4.41834,-3624.35,0
1.66588,3503.98,-1.84249,-0.167826,3.27279,-3615.24,0
1.67242,3503.95,-1.7381,-0.0904477,4.78354,-3618.11,0
1.67895,3503.89,-1.6769,-0.122984,6.2926,-3638.13,0
1.68546,3503.88,-1.66299,-0.121679,3.77109,-3630.96,0
1.69195,3503.82,-1.75179,-0.135276,4.95715,-3651.49,0
1.69842,3503.77,-1.73722,-0.0946742,5.42342,-3667.93,0
1.70494,3503.76,-1.92383,-0.16496,3.25075,-3657.88,0
1.71148,3503.73,-2.04597,-0.0837791,3.17134,-3663.03,0
1.71799,3503.77,-2.0842,0.0165046,0.611296,-3629.17,0
1.72451,3503.67,-2.16741,-0.0743487,4.06154,-3667.95,0
1.73103,3503.68,-2.26771,-0.0416777,1.69392,-3648.6,0
1.73754,3503.67,-2.29573,-0.0232563,1.71004,-3644.93,0
1.74405,3503.56,-2.33014,-0.149554,6.08138,-3691.34,0
1.75054,3503.54,-2.39067,-0.0601444,3.78266,-3687.51,0
1.75705,3503.5,-2.5406,-0.0940624,3.41217,-3701.4,0
1.7636,3503.37,-2.73661,-0.127919,5.2617,-3756.9,0
1.77007,3503.32,-2.74719,-0.0513355,6.09876,-3775.56,0
1.77658,3503.36,-2.59582,-0.133472,4.2665,-3737.23,0
1.7831,3503.4,-2.59779,-0.0749349,0.655435,-3701.81,0
1.78961,3503.26,-2.53334,-0.0965124,6.34861,-3768.78,0
1.79609,3503.14,-2.50955,-0.0898377,7.73845,-3819.4,0
1.8026,3503.18,-2.40571,-0.0640566,3.18943,-3782.36,0
1.8091,3503.13,-2.48781,-0.129215,4.14435,-3797.63,0
1.81559,3503.11,-2.50554,-0.225556,4.0417,-3795.45,0
1.82205,3503.09,-2.51798,0.179881,4.68948,-3794.34,0
1.82854,3503.18,-2.40912,0.20073,0.342541,-3730.85,0
1.83503,3503.2,-2.24205,0.139589,0.959566,-3707.78,0
1.84159,3503.14,-2.1534,0.0223335,4.29631,-3725.64,0
1.8481,3503.02,-2.12755,0.0363263,6.65999,-3778.25,0
1.85461,3502.98,-2.16118,0.07209,5.04894,-3783.46,0
1.86108,3502.96,-2.31663,0.111939,2.32239,-3784.09,0
1.86758,3502.9,-2.2571,0.120131,6.04404,-3804.26,0
1.8741,3502.92,-2.25337,0.269255,3.36309,-3775.53,0
1.88056,3502.94,-2.21811,0.368195,1.93865,-3755.97,0
1.88705,3502.94,-2.21301,0.376289,0.884801,-3742.93,0
1.89358,3502.81,-2.33795,0.556454,5.0947,-3795.84,0
1.90009,3502.82,-2.38081,0.435478,3.31499,-3778.19,0
1.9066,3502.86,-2.37537,0.308121,0.95102,-3746.54,0
1.91315,3502.84,-2.19885,0.263771,4.48538,-3742.72,0
1.91964,3502.85,-2.19053,0.24366,3.47635,-3724.75,0
1.92611,3502.81,-2.29126,0.441042,3.27095,-3733.12,0
1.93264,3502.79,-2.2575,0.294849,4.31624,-3729.21,0
1.93912,3502.82,-2.11998,0.286561,4.03654,-3700.65,0
1.94562,3502.89,-1.95013,0.0902351,2.41687,-3655.87,0
1.95212,3502.84,-2.00874,0.075938,2.91115,-3666.49,0
1.95861,3502.78,-1.91589,0.0304333,6.18775,-3685.34,0
1.96508,3502.68,-1.85808,0.104937,9.33633,-3725.53,0
1.97154,3502.67,-1.74473,0.0896268,7.00904,-3717.5,0
1.97802,3502.65,-1.77323,0.0111822,5.4576,-3716.24,0
1.98451,3502.59,-1.69201,-0.029712,6.32415,-3733.24,0
1.99102,3502.55,-1.70567,-0.107532,6.43737,-3740.46,0
1.99756,3502.52,-1.93006,-0.153448,2.87869,-3745.3,0
2.00409,3502.53,-1.84255,-0.34094,3.0242,-3728.95,0
2.01057,3502.4,-1.84944,-0.421634,7.94155,-3780.33,0
2.01706,3502.36,-1.83948,-0.384981,5.468,-3786.05,0
2.02354,3502.2,-1.71305,-0.422243,3.03262,-3854.96,0
2.03007,3502.17,-1.66842,-0.294354,4.99194,-3855.49,0
2.03661,3502.08,-1.72527,-0.266533,5.5027,-3891.11,0
2.0431,3502.11,-1.62037,-0.318913,4.18318,-3864.2,0
2.04967,3502.08,-1.5861,-0.353193,5.40412,-3863.7,0
2.0562,3502.03,-1.60491,-0.342879,6.71885,-3877.3,0
2.06273,3502,-1.50898,-0.412219,6.14068,-3880.08,0
2.06924,3502.01,-1.35472,-0.522801,5.91117,-3859.02,0
2.07572,3501.97,-1.42444,-0.530094,6.26184,-3869.52,0
2.08219,3501.9,-1.41959,-0.432752,7.67742,-3889.1,0
2.08865,3501.93,-1.42805,-0.450199,1.47741,-3862.05,0
2.09516,3501.94,-1.32784,-0.388632,3.03473,-3847.78,0
2.10168,3501.93,-1.3971,-0.356698,0.318303,-3838.63,0
2.10816,3501.82,-1.49344,-0.323694,6.40949,-3880.62,0
2.11463,3501.83,-1.49033,-0.324681,2.79908,-3861.77,0
2.12113,3501.87,-1.37688,-0.191803,2.01766,-3831.32,0
2.12763,3501.79,-1.54451,-0.0668945,4.37275,-3858.71,0
2.13415,3501.74,-1.5461,-0.00953191,6.54854,-3869.96,0
2.14061,3501.74,-1.51702,-0.0110035,5.26624,-3856.79,0
2.14711,3501.72,-1.66509,0.00976027,1.8552,-3858.37,0
2.15359,3501.65,-1.64892,0.0273497,5.52111,-3876.3,0
2.16012,3501.63,-1.70282,-0.0238519,4.67832,-3872.91,0
2.16665,3501.66,-1.65029,-0.293613,2.41158,-3848.16,0
2.17316,3501.58,-1.80761,-0.284048,2.93473,-3875.87,0
2.17967,3501.57,-1.82989,-0.325277,1.29462,-3868.16,0
2.18617,3501.51,-1.82394,-0.254967,5.28387,-3882.13,0
2.19267,3501.47,-1.89923,-0.174659,5.33772,-3888.12,0
2.19916,3501.45,-1.9092,-0.0151059,5.07662,-3888.72,0
2.20569,3501.39,-1.84012,0.0740684,5.56749,-3903.66,0
2.2122,3501.41,-1.78795,-0.097408,3.7697,-3883.61,0
2.21869,3501.4,-1.72746,-0.175569,5.3429,-3877.44,0
2.22519,3501.48,-1.60425,-0.196546,0.390232,-3828.24,0
2.23164,3501.4,-1.69532,-0.195667,3.17788,-3854.43,0
2.23813,3501.3,-1.65453,-0.200941,8.6468,-3889.35,0
2.24462,3501.22,-1.55349,-0.205211,1.60809,-3912.18,0
2.25106,3501.12,-1.59711,-0.198119,8.0705,-3945.03,0
2.25755,3501.11,-1.60646,-0.21488,6.0454,-3936.99,0
2.26405,3501.1,-1.64423,-0.373657,1.04848,-3932.62,0
2.27052,3501.03,-1.68359,-0.44573,3.06782,-3949.79,0
2.27698,3501.04,-1.72289,-0.291475,1.06701,-3935.53,0
2.28346,3500.93,-1.76003,-0.153769,6.16957,-3970.1,0
2.28996,3500.93,-1.69969,-0.174524,4.90445,-3959.82,0
2.29648,3500.93,-1.6446,-0.207141,6.46006,-3950.78,0
2.30299,3500.93,-1.64569,-0.279692,3.819,-3938.95,0
2.30951,3500.92,-1.70267,-0.392994,0.570763,-3933.22,0
2.31603,3500.85,-1.67206,-0.326581,6.87395,-3951.46,0
2.3225,3500.8,-1.65451,-0.374315,7.75733,-3959.62,0
2.32901,3500.84,-1.567,-0.577016,1.95725,-3932.89,0
2.33553,3500.77,-1.69156,-0.477031,3.31909,-3949.89,0
2.342,3500.67,-1.79312,-0.321232,8.07958,-3983.4,0
2.34851,3500.64,-1.82541,-0.349357,4.22948,-3987.62,0
2.35502,3500.64,-1.87217,-0.165406,2.36251,-3976.57,0
2.36156,3500.63,-1.84557,-0.161588,3.85498,-3967.94,0
2.36808,3500.57,-1.89021,-0.266947,6.08544,-3984.14,0
2.37457,3500.56,-1.79794,-0.291409,8.59692,-3974.77,0
2.3811,3500.41,-1.89737,-0.241241,1.42862,-4027.98,0
2.38762,3500.34,-1.91693,-0.183681,7.10173,-4044.55,0
2.3941,3500.32,-1.95967,-0.206305,3.67098,-4043.19,0
2.40059,3500.29,-1.93974,-0.219946,6.1011,-4046,0
2.40708,3500.37,-1.84017,-0.287158,0.940304,-4000.08,0
2.41357,3500.28,-1.83223,-0.258131,8.35097,-4027.54,0
2.42009,3500.28,-1.76276,-0.260742,7.42935,-4015.23,0
2.42659,3500.3,-1.72594,-0.258035,3.92166,-3996.23,0
2.43311,3500.32,-1.6642,-0.291753,4.69629,-3979.06,0
2.4396,3500.32,-1.6053,-0.303091,6.81706,-3969.87,0
2.44614,3500.36,-1.52955,-0.412956,2.58274,-3940.52,0
2.45267,3500.38,-1.39111,-0.536329,5.6286,-3920.61,0
2.45918,3500.39,-1.31505,-0.473436,8.1818,-3909.64,0
2.4657,3500.4,-1.23485,-0.417975,9.16468,-3891.5,0
2.4722,3500.4,-1.25058,-0.410998,4.13437,-3882.62,0
2.47873,3500.33,-1.36862,-0.427568,4.08875,-3903.05,0
2.48523,3500.31,-1.34366,-0.394968,4.7766,-3900.17,0
2.49177,3500.16,-1.53737,-0.287571,7.05721,-3947.4,0
2.49828,3500.08,-1.69504,-0.304217,1.96888,-3971.82,0
2.50479,3500,-1.69423,-0.300832,7.59948,-3993.58,0
2.51131,3500.04,-1.63832,-0.287625,4.79561,-3966.47,0
2.51785,3499.95,-1.61068,-0.266146,4.15264,-3992.72,0
2.52434,3499.96,-1.46901,-0.208276,3.24072,-3976.16,0
2.53083,3499.9,-1.40637,-0.199708,3.93634,-3989.59,0
2.53733,3499.92,-1.29657,-0.278597,8.4211,-3974.48,0
2.54382,3499.77,-1.20863,-0.289452,2.15199,-4022.39,0
2.55032,3499.75,-1.22627,-0.16112,4.43868,-4018.65,0
2.55684,3499.64,-1.33432,-0.172391,2.62557,-4049.98,0
2.56338,3499.45,-1.23155,-0.109785,10.34,-4115.99,0
2.56992,3499.37,-1.1125,-0.174548,5.35455,-4137.62,0
2.57642,3499.43,-1.02321,-0.210847,8.82012,-4102.87,0
2.58297,3499.32,-0.983111,-0.157024,1.43475,-4135.82,0
2.5895,3499.25,-0.955475,-0.130713,5.42577,-4149.58,0
2.59597,3499.25,-0.969181,-0.00743178,2.03632,-4142.54,0
2.60245,3499.23,-0.943242,-0.0559375,8.20086,-4139.37,0
2.60899,3499.05,-0.82827,-0.147894,7.09175,-4197.45,0
2.61551,3499.06,-0.756577,-0.127759,3.49892,-4183.66,0
2.622,3498.99,-0.617243,-0.242132,8.09031,-4200,0
2.62849,3498.87,-0.541453,-0.187914,10.9534,-4234.55,0
2.63503,3498.92,-0.367119,-0.0998428,1.89269,-4203.71,0
2.64071,3498.91,-0.227547,0.00915468,12.47,-4199.3,0
