0.00652242,3509.93,-3.96244,-8.03455,1.25419,-11177,0
0.0130422,3509.74,-4.22611,-8.26969,2.73718,-19827.3,0
0.0195572,3509.7,-4.22402,-8.35259,2.65697,-15393.9,0
0.0260565,3509.66,-4.26561,-8.42397,2.37124,-12977.7,0
0.0325536,3509.64,-4.34507,-8.63101,0.889213,-10966.4,0
0.0390286,3509.56,-4.37682,-8.40551,3.4941,-11387.3,0
0.0455232,3509.45,-4.44211,-8.44495,4.46246,-12112.4,0
0.0520402,3509.46,-4.62751,-8.50991,1.88841,-10303.4,0
0.0585243,3509.33,-4.66763,-8.61964,3.70171,-11490.8,0
0.0650436,3509.4,-4.71189,-8.61579,1.62422,-9250.17,0
0.0715586,3509.44,-4.74341,-8.51728,0.749712,-7760.14,0
0.0780893,3509.42,-4.59396,-8.27241,2.88883,-7425.11,0
0.0846221,3509.38,-4.47316,-8.48827,2.51538,-7378.81,0
0.0911431,3509.35,-4.51694,-8.4491,2.64113,-7091.61,0
0.0976895,3509.37,-4.54928,-8.34106,2.58319,-6483.94,0
0.104198,3509.32,-4.50682,-8.34579,3.44436,-6561.36,0
0.110723,3509.28,-4.52615,-8.47832,2.69195,-6496.12,0
0.117185,3509.27,-4.50691,-8.45056,2.49213,-6255.4,0
0.123664,3509.18,-4.77614,-8.74563,1.30376,-6631.1,0
0.130207,3509.14,-4.47491,-8.74059,3.05595,-6634.76,0
0.136734,3509.16,-4.40536,-8.90425,1.18907,-6148.34,0
0.143251,3509.08,-4.45086,-8.89866,2.3532,-6423.13,0
0.149774,3509.1,-4.55162,-8.73069,2.30575,-6019.55,0
0.156221,3509.13,-4.47651,-8.59537,2.33146,-5574.95,0
0.162709,3509.03,-4.51706,-8.77945,2.78593,-5935.07,0
0.169213,3509.07,-4.72039,-8.63195,1.87279,-5477.3,0
0.175725,3509.09,-4.86068,-8.43806,1.98374,-5164.49,0
0.182254,3509.11,-4.79179,-8.33458,2.00124,-4859.64,0
0.188772,3509.12,-4.75516,-8.45703,0.929688,-4656.17,0
0.195279,3509.01,-5.07177,-8.44391,2.09743,-5093.23,0
0.201768,3509.01,-5.20113,-8.40428,1.45848,-4921.36,0
0.208255,3509.05,-4.8251,-8.44979,1.40917,-4547.85,0
0.214731,3508.97,-5.05052,-8.5043,1.90244,-4814.95,0
0.221255,3508.96,-5.12721,-8.46449,1.40482,-4684.14,0
0.227744,3508.89,-5.16443,-8.42238,2.78133,-4880.96,0
0.234276,3508.93,-5.33013,-8.52297,0.153104,-4583.13,0
0.240805,3508.86,-5.41213,-8.51573,1.28671,-4751.29,0
0.247345,3508.93,-5.29113,-8.01324,2.96392,-4312.34,0
0.253849,3508.88,-5.09144,-8.26247,3.07767,-4426.53,0
0.260312,3508.91,-5.20422,-8.2598,1.61072,-4174.49,0
0.266839,3508.77,-5.31012,-8.21121,4.13733,-4627.75,0
0.27332,3508.79,-5.26961,-8.06655,3.79406,-4440.67,0
0.279839,3508.77,-5.2794,-8.13624,2.59436,-4377.64,0
0.286358,3508.73,-5.20381,-8.24941,2.86709,-4437.24,0
0.292864,3508.8,-5.22516,-8.04071,2.33451,-4110.77,0
0.299359,3508.87,-5.13993,-8.04528,0.509479,-3781.43,0
0.305866,3508.67,-5.01214,-8.07544,4.70815,-4334.53,0
0.312394,3508.68,-4.98264,-7.96602,3.95749,-4212.21,0
0.318865,3508.78,-4.83719,-7.81595,2.72793,-3817.81,0
0.325395,3508.87,-4.60489,-7.78112,1.63242,-3484.57,0
0.331885,3508.87,-4.64086,-7.62095,2.00834,-3390.57,0
0.338415,3508.89,-4.65529,-7.67606,0.979586,-3288.13,0
0.344884,3508.81,-4.82396,-7.44201,3.36087,-3454.67,0
0.351348,3508.75,-4.93925,-7.63894,2.62579,-3557.8,0
0.357866,3508.8,-4.96224,-7.55236,1.70143,-3362.6,0
0.364374,3508.71,-5.07342,-7.63704,2.48765,-3550.34,0
0.370878,3508.65,-5.29889,-7.7033,1.98377,-3641.8,0
0.377382,3508.49,-5.41714,-7.61821,4.6691,-4002.46,0
0.383876,3508.62,-5.39179,-7.57924,1.496,-3601.56,0
0.390377,3508.49,-5.25052,-7.65732,3.73391,-3863.16,0
0.396866,3508.48,-5.34421,-7.65177,3.12361,-3827.14,0
0.403349,3508.44,-5.50938,-7.61266,3.01862,-3864.76,0
0.409863,3508.4,-5.38835,-7.46557,3.98897,-3901.9,0
0.416407,3508.45,-5.31678,-7.52595,1.74036,-3718.98,0
0.422933,3508.47,-5.00635,-7.51518,2.46909,-3607.28,0
0.429453,3508.48,-4.92037,-7.55375,1.96062,-3547.38,0
0.435934,3508.47,-4.8307,-7.30174,3.60363,-3513.68,0
0.442442,3508.49,-4.89795,-7.2818,2.40887,-3411.02,0
0.448924,3508.61,-4.75559,-7.0126,1.3811,-3091.25,0
0.455421,3508.63,-4.77532,-6.7587,2.14927,-3010.81,0
0.461928,3508.49,-4.83238,-6.90043,3.68641,-3267,0
0.468404,3508.59,-5.02766,-6.71855,1.15972,-3006,0
0.474942,3508.55,-5.14491,-6.83918,0.765195,-3056.1,0
0.481401,3508.48,-5.27466,-6.70878,2.13353,-3153.67,0
0.487932,3508.56,-5.10404,-6.78414,0.363993,-2957.85,0
0.494467,3508.47,-5.35282,-6.76382,1.28384,-3096.45,0
0.500969,3508.38,-5.20307,-6.80158,3.30587,-3228.53,0
0.507462,3508.38,-5.24151,-6.72166,2.88241,-3191.14,0
0.513974,3508.39,-5.00412,-6.70439,3.49227,-3140.54,0
0.520476,3508.26,-5.10708,-6.85174,4.33576,-3349.08,0
0.526957,3508.29,-5.12921,-6.76218,2.78211,-3243.58,0
0.533437,3508.29,-4.98514,-6.80001,2.61016,-3199.92,0
0.539943,3508.44,-4.89727,-6.67904,0.0738983,-2897.62,0
0.546472,3508.26,-4.93219,-6.69555,3.6607,-3183.33,0
0.553018,3508.27,-4.83274,-6.74885,2.9705,-3136.05,0
0.559489,3508.15,-4.84797,-6.6899,4.59,-3304,0
0.565967,3508.1,-4.77069,-6.75482,4.12135,-3359.65,0
0.572528,3507.98,-4.78264,-6.86322,4.87084,-3527.24,0
0.579027,3508.08,-4.8343,-6.78193,1.52714,-3319.05,0
0.585579,3508.04,-4.90268,-6.91287,0.964807,-3344.21,0
0.592131,3507.91,-4.84626,-6.88391,4.13014,-3522.02,0
0.59864,3507.91,-4.82261,-7.08132,2.3569,-3494.17,0
0.605144,3507.92,-4.81715,-6.93746,2.68048,-3433.57,0
0.611639,3507.83,-4.81709,-7.05128,3.60128,-3553.72,0
0.618168,3507.84,-4.71825,-7.0281,2.17227,-3488.79,0
0.624678,3507.76,-4.83037,-7.22257,2.11773,-3592.4,0
0.631167,3507.66,-4.83096,-7.61702,1.20233,-3700.11,0
0.637667,3507.44,-5.14043,-7.85397,3.1909,-4021.63,0
0.644234,3507.42,-5.22007,-7.69799,3.86343,-4011.43,0
0.65077,3507.34,-5.28137,-7.83269,3.82234,-4086.63,0
0.657238,3507.31,-5.36274,-7.77514,3.64867,-4093.15,0
0.663763,3507.27,-5.38925,-7.82714,3.13841,-4111.03,0
0.670246,3507.28,-5.5568,-7.89673,1.20052,-4059.89,0
0.676742,3507.11,-5.73654,-8.14304,2.06155,-4264.56,0
0.683223,3507.08,-5.8998,-8.17682,1.36597,-4268.26,0
0.689765,3506.96,-5.86197,-8.08474,4.15935,-4408.64,0
0.696254,3506.88,-5.87527,-8.07076,4.25108,-4480.66,0
0.702772,3507.04,-5.93191,-7.91011,0.76934,-4211.67,0
0.709225,3506.96,-5.74286,-7.83942,3.7922,-4290.05,0
0.715748,3507.07,-5.84523,-7.81369,0.305963,-4095.47,0
0.722245,3506.98,-5.76086,-8.00821,1.14504,-4179.49,0
0.728698,3507,-5.91735,-7.78596,1.23653,-4122.13,0
0.735246,3507,-5.77191,-7.58336,3.08999,-4074.19,0
0.741824,3506.96,-5.81138,-7.5019,3.52775,-4096.61,0
0.748282,3506.94,-6.01798,-7.55656,1.90826,-4087.1,0
0.754777,3506.91,-5.94428,-7.51218,3.20946,-4098.87,0
0.761282,3506.95,-6.22315,-7.25451,1.88136,-4005.23,0
0.767829,3506.89,-5.96768,-7.40146,3.28442,-4050.78,0
0.774364,3506.99,-5.96675,-7.25804,1.47447,-3882.28,0
0.780847,3506.96,-5.95645,-7.21369,2.37078,-3888.16,0
0.787331,3506.98,-5.96649,-7.2776,0.988415,-3835.01,0
0.793823,3506.95,-5.8279,-7.43798,0.852657,-3839.91,0
0.800346,3506.88,-5.75057,-7.3766,3.12131,-3903.41,0
0.806865,3507.01,-5.66395,-7.27639,0.61992,-3702.59,0
0.813357,3506.93,-5.60222,-7.23796,2.91683,-3770.13,0
0.819846,3506.93,-5.55515,-7.28818,2.40398,-3743.76,0
0.826385,3506.91,-5.57697,-7.28899,2.01964,-3736.31,0
0.832894,3506.88,-5.65439,-7.28054,2.18598,-3747.39,0
0.839433,3506.88,-5.54484,-7.15821,3.00256,-3714.14,0
0.845938,3506.89,-5.56243,-7.15611,2.30236,-3679.94,0
0.852444,3506.78,-5.44217,-6.99967,5.40917,-3775.1,0
0.858938,3506.76,-5.45827,-6.93235,4.57292,-3771.57,0
0.86544,3506.78,-5.58857,-6.91433,2.44187,-3716.24,0
0.871982,3506.83,-5.57341,-6.68753,2.57939,-3631.59,0
0.878541,3506.94,-5.39708,-6.70816,0.305025,-3483.67,0
0.885046,3506.85,-5.68773,-6.48771,1.93017,-3555.71,0
0.89154,3506.67,-5.69468,-6.47608,5.16343,-3730.96,0
0.898074,3506.62,-5.73058,-6.35525,4.9881,-3769.01,0
0.904601,3506.61,-5.81071,-6.45384,2.38017,-3750.08,0
0.911069,3506.63,-6.02647,-6.22524,1.74964,-3702.39,0
0.917614,3506.54,-6.17606,-6.1935,2.57114,-3768.28,0
0.924095,3506.55,-6.21159,-6.32218,0.174533,-3729.3,0
0.930593,3506.38,-6.47517,-6.1782,3.54098,-3893.38,0
0.937102,3506.49,-6.42004,-5.9302,2.14173,-3740.86,0
0.943591,3506.42,-6.55829,-6.00999,1.94777,-3788.8,0
0.950054,3506.4,-6.72701,-5.95404,1.42055,-3790.92,0
0.956578,3506.39,-6.71855,-6.04263,0.796972,-3775.42,0
0.96308,3506.32,-6.78109,-5.94186,2.36537,-3817.92,0
0.969615,3506.36,-6.71843,-5.90963,1.39313,-3750.31,0
0.976059,3506.31,-6.5639,-5.83609,4.08203,-3781.65,0
0.982565,3506.37,-6.61422,-5.83887,0.894858,-3691.84,0
0.989073,3506.15,-6.7042,-5.76632,5.26665,-3895.25,0
0.995622,3506.08,-6.75204,-5.91366,3.74322,-3937.91,0
1.0021,3506.06,-6.77961,-5.89497,3.47343,-3934.25,0
1.0086,3506.08,-6.94685,-5.71956,2.46726,-3888.57,0
1.0151,3506.02,-6.90254,-5.8394,3.16757,-3922.24,0
1.0216,3505.91,-6.95239,-5.84937,3.97026,-3999.98,0
1.02811,3505.83,-7.00067,-5.80382,4.7614,-4054.74,0
1.03459,3505.91,-7.01217,-5.8052,1.09416,-3950.81,0
1.04112,3505.88,-6.88479,-5.72565,3.25095,-3961,0
1.04762,3505.9,-6.90336,-5.78859,1.63287,-3913.74,0
1.05411,3505.79,-7.01787,-5.75381,3.38407,-3996.07,0
1.0606,3505.8,-6.97442,-5.59834,3.59072,-3958.2,0
1.06714,3505.74,-7.1222,-5.67373,2.95894,-3993.37,0
1.07364,3505.83,-7.02954,-5.69636,0.825417,-3886.13,0
1.08015,3505.78,-6.7664,-5.69306,3.85614,-3906.11,0
1.08663,3505.78,-7.02866,-5.74539,0.799108,-3885.88,0
1.09313,3505.76,-7.04865,-5.57078,2.03881,-3877.78,0
1.0996,3505.71,-7.25568,-5.63818,0.934418,-3902.31,0
1.10614,3505.64,-7.1394,-5.73774,2.93533,-3941.51,0
1.11266,3505.63,-7.14711,-5.67259,3.24206,-3929.56,0
1.11916,3505.56,-7.25378,-5.58571,4.42479,-3970.08,0
1.12573,3505.5,-7.31978,-5.52305,4.47048,-3993.56,0
1.13223,3505.45,-7.39966,-5.68297,3.18001,-4018.98,0
1.13874,3505.48,-7.36063,-5.63892,2.18201,-3965.96,0
1.14526,3505.39,-7.26596,-5.55311,5.15676,-4023.5,0
1.15177,3505.56,-7.05048,-5.59459,1.60095,-3857.9,0
1.1583,3505.69,-6.76992,-5.44715,1.20744,-3721.45,0
1.16481,3505.62,-6.72147,-5.52266,2.38171,-3758.72,0
1.17132,3505.65,-6.59274,-5.72504,1.03721,-3717.81,0
1.17785,3505.67,-6.47162,-5.7251,0.980839,-3678.63,0
1.18435,3505.69,-6.37409,-5.72795,0.687876,-3641.74,0
1.19086,3505.61,-6.43944,-5.64374,2.5643,-3683.34,0
1.1974,3505.61,-6.50742,-5.44011,3.00128,-3664.01,0
1.20389,3505.54,-6.59514,-5.55477,3.08314,-3707.06,0
1.2104,3505.65,-6.43844,-5.48755,1.15322,-3593.03,0
1.21687,3505.6,-6.40366,-5.35722,3.39508,-3619.17,0
1.22337,3505.68,-6.55674,-4.90811,2.48956,-3529.62,0
1.22985,3505.57,-6.3787,-5.18463,4.63867,-3601.02,0
1.23638,3505.6,-6.3015,-5.17413,3.87072,-3561.91,0
1.24287,3505.53,-6.23822,-5.2532,4.75359,-3593.91,0
1.24942,3505.63,-6.36988,-5.20596,0.294343,-3494.58,0
1.2559,3505.57,-6.39882,-5.18975,1.79935,-3530.77,0
1.26238,3505.42,-6.47666,-5.03125,5.24774,-3625.7,0
1.2688,3505.44,-6.52529,-5.22634,2.17449,-3590.32,0
1.2753,3505.4,-6.69169,-5.10454,2.57716,-3609.76,0
1.28183,3505.36,-6.69119,-5.28669,1.56403,-3616.79,0
1.28836,3505.26,-6.73077,-5.41441,2.83282,-3680.58,0
1.29488,3505.33,-6.73025,-5.39714,0.508364,-3605.24,0
1.30138,3505.34,-6.71746,-5.32219,0.715344,-3584.27,0
1.30792,3505.38,-6.43805,-5.04356,3.75938,-3534.38,0
1.31447,3505.31,-6.48976,-5.10009,3.40627,-3569.3,0
1.32096,3505.3,-6.52194,-5.3621,0.983472,-3561.07,0
1.32754,3505.21,-6.40406,-5.37443,4.08361,-3608.85,0
1.33404,3505.02,-6.34216,-5.36485,6.70109,-3732.25,0
1.34054,3505.02,-6.46462,-5.26399,3.92538,-3712.49,0
1.34705,3505.01,-6.35084,-5.47678,3.50942,-3707.14,0
1.35361,3505.12,-6.34059,-5.22715,1.65489,-3608,0
1.36016,3504.98,-6.13008,-5.30752,5.64713,-3687.44,0
1.36667,3505,-6.05358,-5.35192,3.61196,-3659.13,0
1.37314,3505.02,-5.82851,-5.49499,2.85085,-3625.99,0
1.37963,3505.02,-5.93037,-5.37293,2.38086,-3606.45,0
1.38617,3505.03,-5.81935,-5.21458,3.97439,-3585.43,0
1.3927,3505.02,-5.86505,-5.1793,3.04972,-3572.54,0
1.39921,3505.05,-5.67464,-5.41379,1.80398,-3540.85,0
1.4057,3504.97,-5.65835,-5.39786,3.3221,-3578.82,0
1.41223,3504.93,-5.71847,-5.47463,2.48778,-3590.8,0
1.41872,3504.93,-6.04356,-5.18011,1.56716,-3573.71,0
1.42524,3504.79,-6.08839,-5.32855,3.366,-3656.2,0
1.43178,3504.65,-6.17997,-5.74596,2.43412,-3737.67,0
1.43824,3504.64,-6.127,-5.94753,1.02104,-3730.2,0
1.44475,3504.46,-6.23178,-6.16025,2.64951,-3835,0
1.45128,3504.49,-6.32067,-5.95746,2.53705,-3798.4,0
1.45778,3504.41,-6.39353,-6.08881,2.14815,-3834.7,0
1.46429,3504.38,-6.36387,-6.06256,2.91802,-3837.81,0
1.47083,3504.41,-6.22096,-6.1813,1.47723,-3801.93,0
1.47733,3504.22,-6.16641,-6.23057,4.6065,-3913.44,0
1.48387,3504.14,-6.1912,-6.11386,5.48944,-3946.87,0
1.49036,3504.11,-6.31717,-5.97921,4.48873,-3954.07,0
1.49687,3504.08,-6.23758,-5.98561,4.68873,-3953.67,0
1.5034,3504.1,-6.3364,-5.93516,2.54919,-3926.72,0
1.50994,3504.15,-6.29732,-5.90192,1.02142,-3871.97,0
1.51645,3504.1,-6.29753,-5.79838,3.20603,-3890.21,0
1.52293,3504.2,-6.23663,-5.81085,0.360834,-3808.67,0
1.52942,3504.16,-6.09027,-5.719,3.56195,-3819.33,0
1.53591,3504.19,-6.21257,-5.55865,2.13803,-3781.32,0
1.54244,3504.18,-6.28571,-5.57882,0.94144,-3771.66,0
1.54893,3504.14,-6.13459,-5.56796,2.99203,-3783.19,0
1.55545,3504.15,-6.11188,-5.70469,1.23927,-3760.37,0
1.56195,3504.2,-5.96153,-5.66787,1.52082,-3715.08,0
1.56848,3504.17,-5.85342,-5.66588,2.8365,-3714.23,0
1.57499,3504.08,-5.85789,-5.75261,3.91614,-3757.3,0
1.58147,3504.01,-5.84721,-5.73193,4.66453,-3788.11,0
1.58795,3504.01,-5.77432,-5.89535,2.89415,-3774.03,0
1.5944,3503.98,-5.84459,-5.82044,3.12787,-3775.38,0
1.6009,3503.97,-6.08501,-5.58015,2.98629,-3765.29,0
1.60743,3504.09,-5.91891,-5.52156,1.2092,-3675.66,0
1.61391,3504.02,-6.09443,-5.5092,1.25331,-3704.45,0
1.62042,3503.91,-6.15031,-5.6022,2.92493,-3759.99,0
1.62693,3503.97,-6.0561,-5.50391,2.49371,-3707.98,0
1.63342,3503.98,-6.03702,-5.57063,1.32789,-3686.35,0
1.6399,3503.91,-6.02164,-5.41106,4.60625,-3710.89,0
1.64644,3503.88,-6.03889,-5.36415,4.45254,-3719.86,0
1.65297,3503.84,-6.02836,-5.34835,4.91537,-3726.51,0
1.65948,3503.81,-6.22845,-5.37309,2.59763,-3730.69,0
1.66596,3503.77,-6.46148,-5.31986,1.1466,-3739.13,0
1.67246,3503.84,-6.40972,-5.03314,1.87441,-3686,0
1.67897,3503.92,-6.33394,-4.96316,0.109801,-3619.11,0
1.68546,3503.98,-6.282,-4.79386,0.123385,-3570.18,0
1.692,3503.87,-6.22853,-4.8084,3.31308,-3624.81,0
1.69856,3503.81,-6.25783,-4.78809,3.98742,-3642.64,0
1.70509,3503.78,-6.24764,-4.81512,3.87157,-3645.34,0
1.71165,3503.84,-6.05426,-5.09901,0.991404,-3597.24,0
1.71817,3503.73,-5.97919,-5.00114,4.96086,-3646.95,0
1.72466,3503.7,-5.9931,-5.08146,3.08612,-3652.38,0
1.7311,3503.68,-5.9187,-5.2384,2.3716,-3649.14,0
1.73759,3503.65,-5.98803,-5.14053,3.14088,-3652.85,0
1.7441,3503.56,-5.89413,-5.05965,6.07753,-3694.35,0
1.75058,3503.51,-5.86388,-5.06882,5.60526,-3708.88,0
1.75708,3503.51,-5.9533,-5.0323,3.65817,-3691.26,0
1.76362,3503.42,-6.05793,-5.18219,3.39541,-3732.16,0
1.77011,3503.42,-5.88329,-5.13293,5.3362,-3718.62,0
1.7766,3503.47,-5.80502,-5.01194,4.40772,-3677.3,0
1.78315,3503.56,-5.69511,-4.93204,2.65682,-3612.9,0
1.78965,3503.54,-5.85414,-4.72506,2.94145,-3607.72,0
1.79614,3503.49,-5.89998,-4.6835,3.12364,-3622,0
1.8026,3503.46,-5.93903,-4.70541,3.02974,-3625.67,0
1.8091,3503.38,-5.98221,-4.80016,3.59083,-3661.39,0
1.81559,3503.3,-5.99863,-4.774,4.91069,-3690.74,0
1.82213,3503.31,-6.11916,-4.60848,3.82677,-3672.08,0
1.82864,3503.29,-6.13747,-4.94567,0.524028,-3670.99,0
1.83512,3503.21,-6.18985,-4.82121,3.09916,-3699.72,0
1.84162,3503.25,-6.06293,-4.89253,1.99861,-3665.72,0
1.84811,3503.24,-5.94368,-4.79145,3.62835,-3657.31,0
1.8546,3503.16,-5.87933,-4.75821,6.19125,-3686.12,0
1.86109,3503.24,-5.88289,-4.83974,0.694671,-3631.54,0
1.8676,3503.25,-5.84423,-4.76888,1.47344,-3613.93,0
1.87408,3503.23,-5.88376,-4.63925,2.24263,-3609.93,0
1.8806,3503.19,-5.93093,-4.53217,3.59328,-3623.51,0
1.88711,3503.25,-6.07667,-4.28783,1.40985,-3577.93,0
1.89362,3503.32,-5.97287,-3.99206,3.04211,-3528.83,0
1.90009,3503.41,-5.83494,-3.7299,3.87925,-3469.4,0
1.90657,3503.41,-5.80073,-3.76651,3.06353,-3454.84,0
1.91311,3503.38,-5.99077,-3.53869,2.82628,-3460.27,0
1.91959,3503.4,-5.81944,-3.34884,5.24785,-3436,0
1.92607,3503.42,-5.71635,-3.40719,4.05886,-3413.7,0
1.93256,3503.5,-5.62668,-3.38131,2.53919,-3364.73,0
1.93908,3503.47,-5.62867,-3.2624,3.27641,-3368.08,0
1.9456,3503.45,-5.63145,-3.31822,3.11917,-3367.69,0
1.95215,3503.51,-5.60348,-3.19347,2.07136,-3326.02,0
1.95865,3503.55,-5.44736,-3.26633,1.75499,-3295.01,0
1.96514,3503.46,-5.52209,-3.55981,0.695322,-3325.77,0
1.97163,3503.42,-5.6185,-3.29761,3.03726,-3339.78,0
1.97819,3503.48,-5.49385,-3.1685,3.50103,-3298.4,0
1.98472,3503.49,-5.50095,-2.9524,4.19342,-3282.32,0
1.99123,3503.44,-5.7188,-2.99339,1.83693,-3294.7,0
1.99774,3503.44,-5.70119,-3.0711,1.09824,-3281.76,0
2.00427,3503.46,-5.46594,-2.9657,4.24334,-3263.65,0
2.01078,3503.54,-5.40333,-2.74098,2.9072,-3211.17,0
2.01729,3503.51,-5.46838,-2.89506,1.56383,-3219.24,0
2.0238,3503.38,-5.42507,-3.10372,4.57652,-3269.99,0
2.03031,3503.46,-5.39488,-3.1015,1.00702,-3221.06,0
2.0368,3503.37,-5.40509,-3.10338,3.69333,-3254.63,0
2.04331,3503.33,-5.35896,-3.12092,4.82465,-3264.6,0
2.04985,3503.3,-5.58097,-3.0311,1.68962,-3266.78,0
2.05637,3503.28,-5.58286,-3.10591,1.48895,-3268.49,0
2.0629,3503.17,-5.70555,-3.16506,2.69136,-3309.7,0
2.06938,3503.08,-5.77497,-3.08072,4.68591,-3345.89,0
2.07586,3503.1,-5.89005,-2.80689,3.37297,-3322.78,0
2.08242,3503.1,-5.99185,-2.69405,1.79583,-3311.96,0
2.08895,3503,-6.14239,-2.78844,2.1504,-3352.16,0
2.09547,3502.92,-6.11097,-2.7695,4.7481,-3378.93,0
2.10197,3502.9,-6.1332,-2.74737,3.72715,-3378.79,0
2.10851,3502.93,-6.11488,-2.81016,1.87232,-3353.33,0
2.11501,3502.96,-5.98593,-2.80087,2.31683,-3330.45,0
2.12153,3502.84,-5.92001,-2.71982,6.77383,-3372.77,0
2.12803,3502.88,-5.83654,-2.77554,4.22255,-3346.13,0
2.13455,3502.8,-5.76942,-2.88153,5.67303,-3372.41,0
2.14108,3502.87,-5.82156,-2.74747,2.5107,-3330.28,0
2.14756,3502.93,-5.66434,-2.95644,0.40518,-3291.32,0
2.15402,3502.99,-5.49325,-2.80191,2.07691,-3256.31,0
2.1605,3502.93,-5.71799,-2.54017,2.36947,-3273.63,0
2.16701,3502.97,-5.56783,-2.57668,2.38399,-3241.79,0
2.17353,3502.85,-5.74272,-2.76565,1.91063,-3287.91,0
2.18004,3502.82,-5.76825,-2.7471,2.29723,-3291.72,0
2.18654,3502.87,-5.68374,-2.85716,0.632018,-3261.44,0
2.19303,3502.81,-5.51023,-2.94381,4.45321,-3279.95,0
2.19951,3502.78,-5.58724,-3.20028,1.07476,-3281.76,0
2.20603,3502.68,-5.59843,-3.3567,2.77285,-3318.99,0
2.21255,3502.66,-5.51229,-3.30059,4.02151,-3318.09,0
2.21908,3502.65,-5.65855,-3.25192,1.88124,-3310.85,0
2.2256,3502.69,-5.66582,-3.15496,0.738907,-3282.59,0
2.23212,3502.57,-5.64274,-3.22735,4.42013,-3326.84,0
2.23866,3502.55,-5.54961,-3.29804,5.34055,-3328.91,0
2.24517,3502.54,-5.49187,-3.31786,4.90125,-3322.31,0
2.25164,3502.55,-5.51561,-3.43066,2.21641,-3310.38,0
2.25812,3502.48,-5.54399,-3.42597,3.04016,-3329.35,0
2.26461,3502.47,-5.53996,-3.25812,3.78906,-3324.76,0
2.27114,3502.55,-5.43764,-3.13602,2.89392,-3279.71,0
2.27763,3502.71,-5.20033,-3.1017,0.63375,-3200.3,0
2.28412,3502.6,-5.11229,-3.00633,6.12338,-3239.75,0
2.29061,3502.57,-5.05405,-2.97469,5.33588,-3242.77,0
2.2971,3502.58,-4.99429,-2.92065,4.3714,-3230.19,0
2.30362,3502.63,-4.90218,-2.92627,2.8833,-3197.82,0
2.31009,3502.68,-4.81691,-3.01199,0.688702,-3168.11,0
2.31658,3502.59,-5.01293,-2.9822,1.06604,-3199.88,0
2.32309,3502.5,-5.07107,-2.98284,2.9025,-3226.55,0
2.32959,3502.5,-5.12659,-3.00397,1.4807,-3219.28,0
2.33606,3502.37,-5.16935,-2.9141,5.5965,-3264.52,0
2.34257,3502.35,-5.27197,-2.94878,3.06121,-3264.31,0
2.34906,3502.38,-5.16358,-2.85694,4.15621,-3245.6,0
2.35557,3502.34,-5.18451,-2.93419,2.39131,-3252.32,0
2.36206,3502.4,-4.99525,-2.98045,2.28511,-3216.51,0
2.36853,3502.53,-4.8753,-2.76987,1.20829,-3155.79,0
2.37503,3502.47,-4.87905,-2.78642,2.93085,-3170.31,0
2.38156,3502.42,-4.78162,-2.7283,6.14253,-3183,0
2.38806,3502.58,-4.56891,-2.67617,2.83338,-3105.44,0
2.39461,3502.59,-4.55154,-2.52688,3.64838,-3095.77,0
2.40112,3502.53,-4.60894,-2.55277,3.07981,-3109.48,0
2.4076,3502.46,-4.77711,-2.56638,2.32946,-3130.99,0
2.41409,3502.38,-4.83788,-2.56823,3.87437,-3156.63,0
2.42058,3502.3,-4.93345,-2.59871,4.11419,-3183.1,0
2.42709,3502.25,-4.9339,-2.52738,5.60587,-3193.25,0
2.43359,3502.21,-4.85318,-2.50974,6.35499,-3200.7,0
2.44008,3502.2,-4.91224,-2.64981,2.0547,-3197.82,0
2.44666,3502.06,-5.02123,-2.66769,4.26519,-3246.63,0
2.45318,3502.17,-4.91793,-2.57885,1.13308,-3189.89,0
2.45964,3502.09,-4.85009,-2.90631,2.20201,-3217.19,0
2.46617,3502.06,-4.85152,-2.84387,3.13285,-3218.69,0
2.47266,3502,-4.86221,-2.84808,4.66213,-3235.73,0
2.47914,3501.89,-5.12653,-2.86636,2.41532,-3270.78,0
2.48562,3501.86,-5.0524,-3.00852,3.181,-3275.09,0
2.49211,3501.94,-4.83855,-3.13047,1.7315,-3234.06,0
2.49861,3501.91,-4.76662,-2.86419,6.81573,-3239.03,0
2.5051,3501.93,-4.80613,-2.98446,0.796936,-3219.73,0
2.51158,3501.9,-4.88674,-2.87462,1.77058,-3226.02,0
2.51807,3501.8,-4.87411,-2.89638,5.0687,-3256.62,0
2.52457,3501.8,-4.85614,-2.94244,3.0475,-3247.19,0
2.53111,3501.82,-4.86488,-2.94724,1.49454,-3231.88,0
2.53758,3501.69,-4.89268,-2.90837,6.04908,-3275.49,0
2.54406,3501.79,-4.84292,-2.94143,0.174715,-3228.77,0
2.55054,3501.71,-4.89455,-2.88971,2.69754,-3250.75,0
2.55705,3501.73,-4.82732,-2.81821,3.56198,-3234.18,0
2.56357,3501.71,-4.92027,-2.88979,0.819329,-3232.57,0
2.5701,3501.71,-4.92796,-2.76604,1.77523,-3223.98,0
2.5766,3501.65,-5.13087,-2.71043,0.498955,-3242.38,0
2.58309,3501.59,-5.11339,-2.74741,2.32615,-3256.55,0
2.58958,3501.51,-5.17084,-2.68907,4.70888,-3279.52,0
2.59609,3501.52,-5.16792,-2.71756,2.57766,-3264.62,0
2.60257,3501.53,-5.21947,-2.5468,2.76338,-3256.07,0
2.60904,3501.51,-5.25317,-2.64838,1.12991,-3254,0
2.61556,3501.58,-5.07185,-2.50763,3.47235,-3220.56,0
2.62208,3501.57,-4.95256,-2.47053,5.81074,-3215.79,0
2.62858,3501.6,-4.89024,-2.60538,3.28773,-3196.69,0
2.6351,3501.71,-4.61706,-2.48706,4.8514,-3147.74,0
2.64158,3501.83,-4.40997,-2.46546,2.71517,-3092.68,0
2.64804,3501.89,-4.26495,-2.35513,3.47996,-3061.46,0
2.65455,3501.86,-4.23893,-2.33663,4.63686,-3068.19,0
2.66108,3501.81,-4.29085,-2.46661,2.658,-3076.92,0
2.66759,3501.7,-4.33826,-2.48005,5.11665,-3109.89,0
2.67412,3501.69,-4.22431,-2.46432,5.87373,-3107.81,0
2.68069,3501.68,-4.16328,-2.50718,4.90535,-3102.96,0
2.6872,3501.65,-4.1027,-2.44742,6.39471,-3106.75,0
2.6937,3501.63,-4.17308,-2.44337,2.73409,-3106.13,0
2.70023,3501.61,-4.04154,-2.53891,4.72756,-3107.34,0
2.70672,3501.65,-4.05452,-2.42645,3.53048,-3085.45,0
2.71323,3501.58,-4.10902,-2.36922,4.50932,-3101.96,0
2.71974,3501.52,-4.01506,-2.39776,6.60105,-3116.37,0
2.72621,3501.52,-4.06353,-2.39651,3.16124,-3111.96,0
2.7327,3501.52,-3.94467,-2.35334,5.45245,-3103.34,0
2.73921,3501.5,-3.88351,-2.59046,3.64384,-3103.82,0
2.74571,3501.4,-4.00456,-2.69342,3.26168,-3130.72,0
2.75221,3501.51,-3.90162,-2.45771,3.80106,-3085.8,0
2.75871,3501.47,-3.86611,-2.27825,6.82377,-3090.6,0
2.7652,3501.57,-3.77545,-2.28554,3.30229,-3049.7,0
2.77169,3501.63,-3.72032,-2.1773,1.92192,-3018.41,0
2.77819,3501.57,-3.79773,-2.04256,3.99741,-3035.35,0
2.7847,3501.52,-3.8574,-2.23422,1.33043,-3045.59,0
2.79121,3501.45,-3.8707,-2.2253,4.09559,-3062.38,0
2.7977,3501.45,-3.91813,-2.16746,2.79286,-3056.35,0
2.80426,3501.28,-4.06086,-2.36185,3.97186,-3109.18,0
2.81076,3501.32,-4.10134,-2.26456,1.69961,-3089.17,0
2.81728,3501.32,-4.08138,-2.12805,2.96908,-3081.57,0
2.82381,3501.26,-4.03541,-2.18871,5.58934,-3094.01,0
2.83028,3501.16,-4.16359,-2.37348,3.83386,-3124.39,0
2.8368,3501.04,-4.2645,-2.45675,4.71462,-3156.92,0
2.84331,3500.94,-4.21656,-2.40568,8.86214,-3186.29,0
2.84978,3500.94,-4.33709,-2.43257,1.45391,-3178.17,0
2.85633,3500.88,-4.29201,-2.38839,4.93375,-3194.23,0
2.86284,3500.86,-4.32034,-2.3759,4.00399,-3191.88,0
2.86934,3500.75,-4.27635,-2.36406,8.7857,-3225.4,0
2.87582,3500.76,-4.28509,-2.49364,2.27193,-3213.45,0
2.88235,3500.68,-4.25396,-2.48419,4.43305,-3233.8,0
2.88886,3500.81,-4.18836,-2.34693,1.25098,-3180.67,0
2.89535,3500.69,-4.14174,-2.44849,5.8977,-3216.43,0
2.90188,3500.71,-4.0492,-2.50188,4.76856,-3200.55,0
2.90841,3500.68,-4.09329,-2.45679,4.00974,-3203.35,0
2.9149,3500.62,-4.13066,-2.46344,4.48622,-3219.07,0
2.92141,3500.65,-4.08233,-2.4785,3.09968,-3199.1,0
2.92791,3500.55,-4.01896,-2.58806,6.94345,-3228.07,0
2.93438,3500.53,-3.95406,-2.47114,6.39384,-3225.83,0
2.94091,3500.67,-3.95253,-2.31049,0.531693,-3172.16,0
2.94741,3500.55,-3.99822,-2.53032,0.683872,-3206.98,0
2.95391,3500.5,-4.05943,-2.45359,2.6976,-3217.71,0
2.96044,3500.48,-4.01068,-2.40564,4.04795,-3214.08,0
2.96692,3500.59,-3.89413,-2.31027,3.18436,-3172.39,0
2.97341,3500.57,-4.00182,-2.29886,0.420733,-3172,0
2.97997,3500.49,-3.93946,-2.35399,4.04278,-3190.2,0
2.98651,3500.47,-4.03897,-2.32517,1.5036,-3191.51,0
2.99304,3500.47,-3.96917,-2.25784,4.29343,-3184.51,0
2.99955,3500.54,-3.89739,-2.26802,2.17919,-3154.59,0
3.00608,3500.59,-3.83868,-2.09152,3.47036,-3128.9,0
3.0126,3500.59,-3.74069,-2.12525,4.42925,-3122.35,0
3.01911,3500.55,-3.93687,-2.06586,0.783674,-3128.68,0
3.02562,3500.46,-4.03047,-1.9845,3.71243,-3152.49,0
3.03211,3500.38,-4.00614,-2.13858,5.47624,-3171.29,0
3.03866,3500.34,-4.04484,-2.19068,3.48362,-3179.89,0
3.04519,3500.29,-4.08722,-2.21715,2.08121,-3187.45,0
3.05164,3500.13,-4.24708,-2.29159,2.62678,-3233.05,0
3.05813,3500.14,-4.35029,-2.02004,3.26658,-3225.31,0
3.06466,3500,-4.41427,-1.94537,7.08886,-3264.31,0
3.07115,3499.93,-4.37979,-1.95082,6.73623,-3280.48,0
3.07763,3499.93,-4.40345,-1.96709,3.64393,-3272.43,0
3.08419,3499.9,-4.3146,-1.96906,6.25854,-3275.86,0
3.09073,3499.87,-4.2603,-2.13056,4.649,-3276.37,0
3.09727,3499.92,-4.12347,-2.32818,1.13806,-3254.59,0
3.10381,3499.82,-4.02917,-2.41885,6.71417,-3280.46,0
3.11031,3499.87,-3.94303,-2.49164,3.5227,-3255.96,0
3.1168,3499.81,-4.02363,-2.49825,2.71808,-3268.39,0
3.12329,3499.75,-3.99267,-2.45547,6.72097,-3282.67,0
3.12981,3499.86,-3.98593,-2.39505,0.584841,-3241.28,0
3.13634,3499.72,-3.95345,-2.42356,5.79109,-3276.31,0
3.14288,3499.82,-3.98121,-2.28217,2.00823,-3240.63,0
3.14941,3499.81,-3.97839,-2.28324,1.43096,-3236.5,0
3.15593,3499.8,-3.92208,-2.2299,4.56939,-3231.56,0
3.16246,3499.74,-4.00243,-2.24791,3.50525,-3243.29,0
3.16893,3499.7,-3.93182,-2.24787,4.52437,-3249.61,0
3.17545,3499.78,-3.91914,-2.08253,2.99438,-3217.38,0
3.18196,3499.68,-3.90797,-2.15977,5.5508,-3244.7,0
3.18845,3499.7,-3.79304,-2.12317,6.27518,-3230.54,0
3.19497,3499.67,-3.82164,-2.11582,5.67903,-3233.18,0
3.20147,3499.67,-3.74575,-2.06221,6.6388,-3228.05,0
3.20793,3499.79,-3.63691,-1.95757,4.37452,-3182.09,0
3.21446,3499.77,-3.71906,-1.86874,3.49466,-3181.74,0
3.22092,3499.67,-3.79355,-1.87201,5.89343,-3208.66,0
3.22742,3499.65,-3.85564,-1.77345,4.17019,-3207.51,0
3.23396,3499.58,-3.84699,-1.76687,5.46591,-3221.29,0
3.24049,3499.62,-3.84975,-1.6796,3.30337,-3202.43,0
3.24701,3499.68,-3.89247,-1.45328,1.58138,-3178.65,0
3.25347,3499.7,-3.81966,-1.34095,4.83841,-3165.73,0
3.25998,3499.74,-3.72666,-1.39131,4.69598,-3148.17,0
3.26648,3499.73,-3.72162,-1.34052,5.11571,-3144.64,0
3.27299,3499.68,-3.67164,-1.40022,6.70171,-3151.81,0
3.2795,3499.76,-3.5906,-1.3564,3.0759,-3123.73,0
3.28601,3499.72,-3.56957,-1.38437,4.58642,-3129.3,0
3.2925,3499.78,-3.52775,-1.38759,1.04986,-3102.79,0
3.29899,3499.72,-3.47352,-1.39272,6.4746,-3114.71,0
3.30551,3499.75,-3.44944,-1.39066,4.2814,-3100.85,0
3.31204,3499.78,-3.38991,-1.55114,0.889773,-3085.95,0
3.31852,3499.68,-3.25609,-1.74242,7.62272,-3110.86,0
3.32502,3499.68,-3.27366,-1.80767,2.83261,-3103.03,0
3.33153,3499.56,-3.39546,-1.82442,3.61388,-3132.65,0
3.33803,3499.6,-3.3942,-1.80316,1.16597,-3115.28,0
3.34456,3499.59,-3.31525,-1.79465,4.74459,-3113.78,0
3.35107,3499.6,-3.33811,-1.80209,1.22683,-3103.51,0
3.35755,3499.57,-3.37117,-1.76716,1.09729,-3105.55,0
3.36408,3499.54,-3.35296,-1.82425,1.80189,-3107.94,0
3.3706,3499.66,-3.21456,-1.80127,0.894338,-3067.35,0
3.37714,3499.66,-3.11819,-1.92125,0.530025,-3061.13,0
3.38368,3499.58,-3.18915,-1.97662,0.092186,-3080.14,0
3.3902,3499.55,-3.11059,-1.98667,3.06939,-3081.31,0
3.39667,3499.5,-3.19507,-1.87891,4.1743,-3092.58,0
3.40311,3499.43,-3.31357,-1.83707,3.46878,-3106.92,0
3.40962,3499.37,-3.34481,-1.82224,4.5871,-3118.58,0
3.41609,3499.36,-3.28595,-1.86202,4.71752,-3115.34,0
3.4226,3499.3,-3.31932,-1.77422,7.72223,-3127.02,0
3.42908,3499.4,-3.23296,-1.77826,2.23168,-3090.24,0
3.4356,3499.37,-3.2375,-1.80336,2.7517,-3093.5,0
3.44209,3499.2,-3.33692,-2.0188,1.89245,-3137.48,0
3.44861,3499.13,-3.22949,-2.09315,6.30012,-3151.39,0
3.45514,3499.08,-3.24357,-2.0846,4.74879,-3161.44,0
3.46165,3499.06,-3.31091,-2.01573,3.64443,-3160.48,0
3.46816,3499.19,-3.1752,-2.00496,1.42585,-3115.87,0
3.47469,3499.23,-3.18986,-1.84741,2.77029,-3100.04,0
3.48122,3499.16,-3.16414,-1.86895,6.18138,-3112.96,0
3.48773,3499.17,-3.18364,-1.81606,4.85924,-3105.27,0
3.49425,3499.31,-3.20045,-1.54213,1.50133,-3058.48,0
3.50075,3499.4,-3.07664,-1.54384,0.628574,-3026.97,0
3.50722,3499.37,-3.03395,-1.62992,1.59955,-3031.21,0
3.51372,3499.37,-2.92494,-1.51112,8.64264,-3026.48,0
3.52026,3499.35,-2.87249,-1.50383,6.45659,-3025.71,0
3.52679,3499.43,-2.67425,-1.62554,6.38477,-2996.9,0
3.53328,3499.41,-2.67461,-1.73653,1.63394,-2995.95,0
3.53976,3499.35,-2.65797,-1.73329,6.06427,-3008.4,0
3.54625,3499.26,-2.5655,-1.77861,7.86263,-3028.42,0
3.55276,3499.31,-2.49591,-1.7805,5.96613,-3009.54,0
3.55925,3499.37,-2.41896,-1.74809,4.88869,-2985.86,0
3.56577,3499.42,-2.37642,-1.6455,6.15542,-2967.04,0
3.57232,3499.54,-2.35552,-1.52238,1.11739,-2929.38,0
3.57881,3499.47,-2.35225,-1.41351,7.37244,-2942.4,0
3.5853,3499.45,-2.39701,-1.4421,1.50736,-2942.17,0
3.5918,3499.45,-2.43903,-1.34356,1.61964,-2936.89,0
3.59835,3499.39,-2.41284,-1.44691,2.97897,-2948.11,0
3.60486,3499.29,-2.48246,-1.38666,7.64645,-2971.91,0
3.61133,3499.39,-2.47339,-1.23649,3.18692,-2938.08,0
3.61783,3499.29,-2.41527,-1.26847,10.3835,-2959.18,0
3.62435,3499.3,-2.34842,-1.30954,6.49939,-2951.1,0
3.63089,3499.28,-2.27466,-1.38501,7.89939,-2953.38,0
3.63741,3499.31,-2.18865,-1.35495,7.34485,-2939.86,0
3.64395,3499.27,-2.22646,-1.2842,5.81334,-2943.35,0
3.65045,3499.21,-2.30623,-1.25771,2.20688,-2955.06,0
3.65696,3499.11,-2.31336,-1.3148,7.05887,-2978.55,0
3.66348,3499.12,-2.33267,-1.28805,4.1711,-2970.5,0
3.67004,3499.08,-2.29731,-1.22905,9.15287,-2975.21,0
3.67655,3499.02,-2.33987,-1.21033,9.5634,-2987.23,0
3.68304,3498.96,-2.38471,-1.2569,4.16524,-2997.01,0
3.68956,3498.91,-2.33663,-1.31435,8.06144,-3005.4,0
3.69607,3498.89,-2.2375,-1.22351,6.02692,-3005.34,0
3.70257,3498.89,-2.16462,-1.28186,3.9418,-3001.02,0
3.70911,3499,-2.08763,-1.19226,3.99182,-2965.34,0
3.71562,3498.98,-2.09526,-1.09463,8.48019,-2967.15,0
3.72214,3498.86,-1.94139,-1.19234,11.3373,-2991.71,0
3.72866,3498.84,-1.85527,-1.12171,9.3953,-2992.18,0
3.73511,3498.82,-1.92167,-1.13256,3.04431,-2993.46,0
3.7416,3498.86,-1.83829,-1.11152,6.02242,-2977.66,0
3.74809,3498.78,-1.77725,-1.15767,3.31491,-2994.06,0
3.75457,3498.77,-1.70633,-1.14174,7.47889,-2991.44,0
3.76102,3498.81,-1.63383,-1.03557,3.11725,-2975.1,0
3.76751,3498.8,-1.60835,-1.01504,5.68931,-2971.98,0
3.77401,3498.88,-1.551,-0.977509,5.55566,-2945.67,0
3.78049,3498.81,-1.63007,-0.9502,4.51276,-2960.02,0
3.78699,3498.77,-1.62438,-0.952213,6.14555,-2965.03,0
3.79352,3498.74,-1.52213,-1.09505,8.36541,-2968.17,0
3.80001,3498.81,-1.47439,-1.03832,7.87102,-2944.16,0
3.80651,3498.8,-1.50813,-0.944588,5.50701,-2942.4,0
3.813,3498.52,-1.74601,-0.90266,6.88294,-3011.42,0
3.81952,3498.51,-1.64471,-0.98928,9.83251,-3007.46,0
3.82599,3498.42,-1.6221,-1.00638,6.15428,-3027.7,0
3.8325,3498.32,-1.73807,-0.920718,5.11066,-3047.63,0
3.83902,3498.29,-1.73034,-0.913979,5.95444,-3049.62,0
3.84555,3498.24,-1.82729,-0.772049,5.40397,-3059.12,0
3.85205,3498.24,-1.79,-0.774319,7.00585,-3052.07,0
3.85856,3498.25,-1.8465,-0.625025,2.1087,-3044.41,0
3.86508,3498.12,-1.81065,-0.641361,2.80642,-3074.18,0
3.87161,3498.17,-1.80434,-0.513119,3.38185,-3055.06,0
3.87814,3498.02,-1.87525,-0.432878,6.57403,-3089.3,0
3.88462,3497.96,-1.87595,-0.482302,5.75663,-3098.9,0
3.89113,3497.91,-1.7708,-0.346051,4.44579,-3106.67,0
3.89764,3497.91,-1.71113,-0.243295,3.51091,-3101.31,0
3.90416,3497.87,-1.58746,-0.316923,2.0124,-3107.88,0
3.91066,3497.83,-1.53807,-0.339025,1.76063,-3111.98,0
3.9172,3497.87,-1.44217,-0.280314,3.28245,-3096.54,0
3.92369,3497.88,-1.31473,-0.287952,3.92575,-3088.09,0
3.93021,3497.89,-1.29752,-0.265037,6.88116,-3082.25,0
3.9367,3497.71,-1.34082,-0.251375,0.871839,-3121.07,0
3.94322,3497.63,-1.32216,-0.334369,7.31868,-3135.92,0
3.94976,3497.55,-1.30181,-0.300841,8.00225,-3151.29,0
3.95633,3497.38,-1.21352,-0.251224,1.88914,-3188.9,0
3.96284,3497.29,-1.23833,-0.182754,5.93269,-3207.48,0
3.96935,3497.27,-1.18213,-0.255588,5.50646,-3206.66,0
3.97585,3497.28,-1.1711,-0.248973,4.5438,-3198.43,0
3.98234,3497.41,-0.944416,-0.212955,3.43011,-3161.84,0
3.98883,3497.32,-0.898334,-0.171116,8.80343,-3180.09,0
3.99533,3497.32,-0.89154,0.0123896,2.10544,-3173.19,0
4.00184,3497.33,-0.716701,-0.0217892,6.39968,-3165.1,0
4.00835,3497.32,-0.652972,0.0437361,4.75293,-3164.36,0
4.01231,3497.4,-0.526862,0.0504912,5.00238,-3140.03,0
