0.00647893,3509.91,-1.84042,1.34129,2.68228,-14278.3,0
0.0129928,3509.8,-1.76301,1.34263,4.6775,-15382.9,0
0.0194778,3509.92,-1.60935,1.33633,0.877175,-4357.02,0
0.0260104,3509.88,-1.62148,1.36748,1.49688,-4493.56,0
0.0325427,3509.8,-1.39657,1.58412,3.33925,-6256.32,0
0.0390533,3509.76,-1.46539,1.48453,3.73837,-6239.26,0
0.045582,3509.68,-1.40619,1.54107,4.24761,-7067.97,0
0.052097,3509.66,-1.44164,1.50517,3.68687,-6581.41,0
0.0586282,3509.61,-1.44143,1.57359,3.85496,-6685.74,0
0.0651414,3509.57,-1.48664,1.4933,3.79475,-6663.03,0
0.0716158,3509.57,-1.44505,1.68164,2.80076,-6037.14,0
0.0781388,3509.61,-1.65409,1.65813,0.83927,-5048.09,0
0.0846298,3509.58,-1.70945,1.71125,0.939591,-4912.32,0
0.0911495,3509.49,-1.63412,1.84809,2.77497,-5547.36,0
0.0976162,3509.44,-1.72848,2.02191,3.23314,-5752.98,0
0.104144,3509.45,-1.66486,2.17861,2.01858,-5237.94,0
0.110608,3509.5,-1.57239,1.94814,1.0382,-4514.31,0
0.117116,3509.42,-1.54406,1.74158,3.28178,-4978.29,0
0.123633,3509.43,-1.66707,1.6585,2.01393,-4580.86,0
0.130125,3509.48,-1.67157,1.64378,0.474864,-3986.47,0
0.136605,3509.33,-1.85194,1.65542,3.25576,-4897.17,0
0.14312,3509.33,-1.96347,1.60896,2.63898,-4710.52,0
0.149605,3509.24,-2.21807,1.66852,3.89331,-5097.71,0
0.156138,3509.25,-2.16093,1.60965,3.28909,-4821.67,0
0.162655,3509.19,-2.30157,1.6727,3.7795,-5003.89,0
0.16919,3509.22,-2.39726,1.67823,2.0363,-4581.78,0
0.175673,3509.11,-2.42105,1.65356,4.2245,-5045.05,0
0.182158,3509.05,-2.45003,1.67131,4.05207,-5241.35,0
0.188654,3509,-2.49264,1.75421,4.1049,-5299.41,0
0.195149,3508.96,-2.53724,1.76969,3.88662,-5326.54,0
0.201633,3508.98,-2.52022,1.65982,2.09142,-5042.2,0
0.208117,3508.94,-2.52407,1.63676,3.01603,-5088.15,0
0.21463,3508.98,-2.71698,1.44698,1.23372,-4754.76,0
0.221164,3509.01,-2.40368,1.34543,1.21573,-4486.55,0
0.227632,3508.97,-2.20074,1.33484,2.30278,-4511.16,0
0.234138,3508.81,-2.2874,1.38736,5.27046,-5069.69,0
0.240628,3508.9,-2.18147,1.38722,1.98623,-4558.41,0
0.24711,3508.92,-2.24679,1.39453,0.994518,-4376.41,0
0.253592,3508.88,-2.20875,1.26869,2.06828,-4422.81,0
0.260095,3508.91,-2.08407,1.39817,0.915974,-4174.65,0
0.266597,3508.8,-2.09771,1.50853,3.5837,-4497.34,0
0.273042,3508.81,-2.02046,1.52616,2.67422,-4340.42,0
0.279545,3508.86,-1.97128,1.50686,0.899836,-4087.86,0
0.286093,3508.79,-1.83525,1.62726,2.51967,-4226.89,0
0.292646,3508.76,-1.83927,1.50705,3.18975,-4253.01,0
0.29916,3508.74,-1.80723,1.47819,2.93222,-4214.89,0
0.305682,3508.71,-1.69335,1.59071,3.30678,-4204.48,0
0.312231,3508.66,-1.70482,1.53565,4.50709,-4300.75,0
0.318743,3508.62,-1.96715,1.55442,3.72117,-4334.91,0
0.325271,3508.65,-1.99451,1.70524,1.83571,-4155.39,0
0.331785,3508.66,-2.09753,1.66562,1.03109,-4033.16,0
0.338282,3508.59,-2.08712,1.51806,2.97415,-4154.56,0
0.344792,3508.61,-1.91958,1.62802,2.6095,-4044.38,0
0.35136,3508.65,-1.84992,1.45324,1.72346,-3847.77,0
0.357893,3508.64,-1.54096,1.55057,2.1008,-3800.11,0
0.36436,3508.56,-1.60168,1.36684,4.08098,-3962.24,0
0.370863,3508.53,-1.69579,1.39904,3.6819,-3957.86,0
0.377397,3508.48,-1.70512,1.29365,4.42839,-4034.88,0
0.383877,3508.5,-1.72257,1.25318,3.06942,-3913.27,0
0.390439,3508.45,-1.69829,1.34286,3.35202,-3972.72,0
0.396998,3508.45,-1.46802,1.30304,3.28573,-3903.91,0
0.403508,3508.52,-1.14706,1.33353,1.52177,-3680.18,0
0.410046,3508.46,-1.12293,1.37433,2.80602,-3748.48,0
0.416532,3508.49,-1.26826,1.36698,1.08987,-3614.24,0
0.42302,3508.46,-1.4849,1.22046,1.61842,-3631.64,0
0.429555,3508.34,-1.55229,1.31546,4.3819,-3857.73,0
0.436061,3508.46,-1.66632,1.34163,0.269098,-3538.45,0
0.442539,3508.34,-1.87943,1.58978,2.37565,-3752.22,0
0.449046,3508.29,-1.84811,1.52219,3.74138,-3800,0
0.455562,3508.34,-1.85982,1.56014,1.44564,-3636.96,0
0.462058,3508.35,-1.83902,1.62952,1.02478,-3580.68,0
0.468541,3508.3,-1.79301,1.66072,2.08501,-3623.6,0
0.475048,3508.27,-1.67102,1.63838,2.83245,-3635.75,0
0.481548,3508.2,-1.56749,1.68198,4.00539,-3730.67,0
0.488061,3508.12,-1.48191,1.64725,5.17514,-3845.93,0
0.494552,3508.18,-1.52883,1.60063,2.22865,-3689.84,0
0.501066,3508.14,-1.64269,1.58463,2.42052,-3708.45,0
0.507572,3508.18,-1.74571,1.69085,0.224448,-3587.09,0
0.514076,3508.09,-1.76263,1.59325,2.73048,-3717.34,0
0.520575,3508.09,-1.52062,1.58198,2.66044,-3671.93,0
0.527123,3507.93,-1.58067,1.50036,6.11275,-3934.8,0
0.533698,3507.87,-1.50748,1.52582,5.24796,-3986.81,0
0.54025,3507.86,-1.52582,1.52515,4.37699,-3968.77,0
0.546753,3507.83,-1.55481,1.51881,3.83601,-3968.65,0
0.553302,3507.8,-1.6262,1.42011,3.8441,-3976.57,0
0.559776,3507.81,-1.56168,1.46392,2.62044,-3912.06,0
0.56629,3507.77,-1.63071,1.28809,3.00843,-3938.36,0
0.572786,3507.76,-2.09412,1.05838,2.20229,-3918.57,0
0.579271,3507.64,-2.12187,0.970081,5.38993,-4074.89,0
0.58577,3507.68,-2.0986,1.09605,2.17193,-3965.74,0
0.59228,3507.67,-2.16181,1.09267,2.02771,-3940.69,0
0.598807,3507.62,-2.08238,1.10949,3.32148,-3979.64,0
0.605293,3507.57,-1.9212,1.14094,4.41165,-4009.8,0
0.611779,3507.65,-1.9272,1.25777,0.359225,-3839.31,0
0.618235,3507.63,-1.82093,1.22752,1.06178,-3840.58,0
0.624745,3507.49,-2.00134,1.12475,4.38625,-4024.07,0
0.631252,3507.44,-2.02519,1.032,4.90198,-4054.43,0
0.637771,3507.46,-2.10748,1.1128,2.72147,-3983.36,0
0.64428,3507.43,-1.97785,1.17006,3.40272,-3994.35,0
0.650835,3507.49,-1.82363,1.31729,1.01341,-3858.5,0
0.657363,3507.36,-1.98361,1.28583,4.52044,-4022.61,0
0.663897,3507.36,-1.99057,1.22913,3.42812,-3971.72,0
0.670368,3507.36,-1.9887,1.18245,2.72997,-3936.19,0
0.676854,3507.29,-1.9232,1.25452,4.73266,-4008.41,0
0.683321,3507.28,-1.9508,1.14994,3.62669,-3976.02,0
0.689798,3507.26,-2.04863,1.25909,3.17004,-3967.61,0
0.696333,3507.22,-2.06991,1.23281,4.06581,-3992.16,0
0.70282,3507.24,-2.03255,1.24514,1.91044,-3922.8,0
0.709345,3507.26,-2.0824,0.922616,1.51213,-3858.74,0
0.715869,3507.13,-2.18971,0.985143,4.3672,-4008.22,0
0.722387,3507.18,-2.19705,1.09425,1.82444,-3898.08,0
0.728942,3507.19,-2.01625,0.921944,1.99171,-3854.51,0
0.735443,3507.19,-1.95344,0.884388,2.14239,-3826.8,0
0.741972,3507.17,-1.89282,0.893598,2.03803,-3816.71,0
0.748475,3507.15,-1.83883,1.0416,1.89952,-3806.17,0
0.754981,3507.07,-2.02069,1.05595,3.52047,-3876.4,0
0.761444,3507.14,-1.90433,0.931412,1.36302,-3760.53,0
0.767994,3507.09,-2.03183,1.10879,1.76537,-3794.49,0
0.774532,3506.96,-2.15437,1.03373,5.0912,-3922.68,0
0.781067,3506.95,-2.1478,0.923781,3.73368,-3900.73,0
0.7876,3506.86,-2.17817,0.8939,5.00483,-3981.97,0
0.794142,3506.84,-2.15035,0.906476,4.47581,-3981.24,0
0.800675,3506.89,-2.29874,0.780374,1.33369,-3886.82,0
0.807144,3506.87,-2.47028,1.01368,0.688085,-3883.72,0
0.813646,3506.8,-2.25408,1.10199,3.00033,-3930.16,0
0.820121,3506.84,-2.25877,1.17765,0.754509,-3853.02,0
0.826594,3506.77,-2.27157,1.47979,1.83648,-3903.57,0
0.833058,3506.8,-2.49094,1.28918,0.137987,-3844.48,0
0.839626,3506.65,-2.46762,1.38503,3.94484,-3987.11,0
0.846135,3506.6,-2.59358,1.3485,4.20199,-4014.94,0
0.852676,3506.62,-2.4662,1.53881,2.45473,-3969.23,0
0.859208,3506.59,-2.44059,1.70758,2.43395,-3971.65,0
0.865712,3506.54,-2.52977,1.81453,2.82135,-3999.06,0
0.872202,3506.58,-2.53118,1.67103,1.24917,-3917.52,0
0.878684,3506.52,-2.64068,1.85735,2.01377,-3964.02,0
0.885182,3506.43,-2.54249,1.92478,4.76811,-4036.77,0
0.891717,3506.45,-2.76513,1.76677,2.63512,-3980,0
0.89826,3506.33,-2.74172,1.73173,3.78456,-4080.4,0
0.904749,3506.32,-2.69007,1.65494,3.02126,-4069.52,0
0.911243,3506.25,-2.83879,1.72991,3.82621,-4113.08,0
0.917724,3506.3,-2.80906,1.71559,1.09792,-4028.91,0
0.924253,3506.1,-2.78551,1.68436,6.54553,-4214.73,0
0.930741,3506.25,-2.57856,1.658,0.981591,-4029.23,0
0.937195,3506.2,-2.49166,1.84772,2.17851,-4051.77,0
0.943696,3506.2,-2.29413,1.81974,3.09707,-4029.09,0
0.950201,3506.18,-2.43291,1.61913,2.83737,-4015.13,0
0.956694,3506.05,-2.4404,1.66737,5.81312,-4132.25,0
0.963235,3506.01,-2.46145,1.62792,5.02836,-4139.93,0
0.969787,3506.06,-2.58054,1.55798,1.92397,-4064.39,0
0.976345,3505.98,-2.60649,1.67895,3.42686,-4117.1,0
0.982916,3505.98,-2.72469,1.93121,1.34629,-4093.29,0
0.989421,3505.89,-2.61523,1.8897,4.77752,-4157.29,0
0.995962,3505.87,-2.60242,1.92659,3.92035,-4149.33,0
1.00246,3505.91,-2.58165,2.0509,0.739271,-4082.39,0
1.00892,3505.73,-2.54059,2.20803,5.63482,-4234.18,0
1.01545,3505.72,-2.62103,2.25296,3.74027,-4210.24,0
1.02195,3505.77,-2.53816,1.99244,3.35283,-4137.06,0
1.02844,3505.74,-2.83223,1.96765,2.45898,-4143.16,0
1.03496,3505.75,-2.94284,1.95025,1.21177,-4110.55,0
1.04151,3505.6,-2.96484,2.07795,5.33238,-4224.75,0
1.04803,3505.61,-2.90201,1.98514,3.91584,-4193.44,0
1.05451,3505.45,-3.10384,2.10966,5.97329,-4313.86,0
1.061,3505.43,-3.08655,2.16819,3.93836,-4308.75,0
1.06751,3505.37,-3.2766,2.60101,1.67251,-4334.54,0
1.07402,3505.22,-3.35104,2.51679,5.60604,-4448.57,0
1.08057,3505.32,-3.19877,2.30531,2.06253,-4331.02,0
1.08704,3505.22,-3.19255,2.14157,5.3697,-4393.03,0
1.09354,3505.29,-3.25134,2.12925,1.28071,-4303.12,0
1.10003,3505.23,-3.22741,2.14179,3.29855,-4331.86,0
1.10659,3505.23,-3.00605,2.29716,3.84884,-4313.97,0
1.11305,3505.24,-2.95748,2.25528,3.20812,-4275.54,0
1.11959,3505.19,-2.99416,2.16162,4.55017,-4295.76,0
1.12613,3505.21,-2.87903,2.27306,3.30147,-4253.64,0
1.13265,3505.17,-2.86434,2.46257,3.44343,-4265.49,0
1.13915,3505.18,-2.81939,2.44168,2.95379,-4235.5,0
1.1457,3505.21,-2.60478,2.38619,3.23845,-4182.08,0
1.15215,3505.11,-2.62762,2.35327,5.93217,-4241.65,0
1.15871,3505.08,-2.5752,2.37581,4.04464,-4242.77,0
1.16527,3505.05,-2.54605,2.40488,3.70872,-4249.44,0
1.17176,3505.04,-2.55426,2.49625,2.31298,-4234.2,0
1.17824,3505.12,-2.3881,2.35837,0.7873,-4144.3,0
1.18477,3505.03,-2.46573,2.21189,4.37505,-4196.46,0
1.19128,3505.09,-2.61383,2.14977,0.399487,-4119.12,0
1.19783,3504.96,-2.58975,2.10879,5.08126,-4210.8,0
1.20433,3504.9,-2.56806,2.07712,5.5434,-4237.28,0
1.21083,3504.97,-2.53614,1.8386,2.57407,-4153.32,0
1.21732,3504.94,-2.39591,1.84925,3.66833,-4155.16,0
1.22388,3504.97,-2.17189,1.81282,3.33273,-4108.56,0
1.23041,3505.03,-2.10416,1.78604,0.883648,-4040.65,0
1.23692,3505.03,-1.90477,1.75044,1.84717,-4018.63,0
1.24343,3504.97,-1.85807,1.79678,3.58443,-4042.21,0
1.24992,3504.98,-1.91462,1.79928,2.61094,-4020.15,0
1.25641,3505,-2.02264,1.60165,1.19409,-3980.41,0
1.26292,3504.95,-1.92877,1.63979,3.3911,-3999.9,0
1.26944,3504.9,-2.01639,1.76226,3.47059,-4015.12,0
1.27593,3504.87,-1.94809,1.64284,4.33077,-4020.77,0
1.28239,3504.85,-1.89592,1.54151,4.79319,-4013.34,0
1.2889,3504.87,-2.03682,1.55899,1.69324,-3978.19,0
1.29543,3504.89,-1.96404,1.59931,0.582638,-3941.31,0
1.3019,3504.8,-2.0517,1.66799,2.9617,-3995.38,0
1.30838,3504.75,-1.98171,1.57466,5.37116,-4012.35,0
1.31488,3504.78,-1.92753,1.54361,2.93711,-3972.93,0
1.32133,3504.71,-2.05762,1.59947,3.45156,-4002.5,0
1.32786,3504.69,-2.02265,1.67648,2.70418,-4000.55,0
1.33437,3504.64,-2.25547,1.81876,1.38583,-4016.15,0
1.34093,3504.56,-2.34901,1.75132,4.12227,-4059.18,0
1.34742,3504.5,-2.48572,1.90474,3.85905,-4082.11,0
1.35392,3504.55,-2.53145,1.92083,0.696358,-4025.3,0
1.3605,3504.49,-2.54318,1.82459,3.08457,-4052.19,0
1.36701,3504.45,-2.61706,1.77373,3.54331,-4057.94,0
1.37355,3504.47,-2.56538,1.57588,3.99096,-4029.64,0
1.38007,3504.38,-2.582,1.53202,5.6202,-4069.12,0
1.38656,3504.33,-2.5869,1.53008,5.61416,-4092.09,0
1.39305,3504.37,-2.57596,1.67356,0.720745,-4044.22,0
1.39956,3504.31,-2.57697,1.78221,2.14117,-4065.53,0
1.40605,3504.29,-2.58808,1.82271,2.55534,-4064.03,0
1.41257,3504.25,-2.74289,1.71103,2.74127,-4067.39,0
1.41907,3504.24,-2.66231,1.83015,3.23932,-4061.9,0
1.42562,3504.09,-2.66863,1.79994,6.77638,-4144.68,0
1.4321,3504.05,-2.66623,1.80635,5.2301,-4156.92,0
1.43864,3504.05,-2.66891,1.87143,3.45843,-4139.11,0
1.44514,3504.02,-2.83821,1.88775,2.13722,-4135.38,0
1.45165,3503.96,-2.91128,1.98707,2.67586,-4158.15,0
1.45815,3503.93,-2.91013,1.91652,3.75172,-4163.6,0
1.46463,3503.95,-2.93668,1.76048,2.05661,-4129.25,0
1.47111,3503.95,-3.01198,1.86024,0.0124585,-4111.97,0
1.4776,3503.82,-3.02723,1.88517,4.32832,-4179.12,0
1.48409,3503.75,-3.04221,1.87512,4.82485,-4211.43,0
1.49063,3503.81,-2.9171,1.82678,3.03139,-4149.98,0
1.49713,3503.87,-2.83338,1.62081,2.31952,-4092.75,0
1.50365,3503.87,-2.64772,1.59189,4.47214,-4076.66,0
1.51015,3503.9,-2.70593,1.69359,1.40826,-4042.59,0
1.51664,3503.78,-2.87235,1.86155,3.04983,-4100.1,0
1.52314,3503.77,-2.94541,1.89404,2.0651,-4089.99,0
1.52965,3503.67,-3.07786,1.89979,4.31531,-4141.4,0
1.53622,3503.69,-3.24308,1.71093,1.41749,-4107.23,0
1.5427,3503.59,-3.34214,1.73987,4.20846,-4157.18,0
1.54921,3503.55,-3.36232,1.70635,4.32769,-4164.3,0
1.55572,3503.49,-3.35247,1.70515,4.84837,-4182.25,0
1.56222,3503.43,-3.33065,1.81537,6.21682,-4207.02,0
1.56874,3503.51,-3.3288,1.92088,0.355238,-4138.61,0
1.57529,3503.39,-3.30984,1.99155,4.78267,-4193.89,0
1.58181,3503.4,-3.15058,1.99591,5.49035,-4175.21,0
1.58829,3503.39,-3.15156,2.14673,3.08349,-4159.05,0
1.59483,3503.32,-3.39044,2.13758,2.59688,-4186.84,0
1.60134,3503.32,-3.49057,2.13843,0.813067,-4171,0
1.60785,3503.23,-3.52236,2.19252,3.34326,-4212.59,0
1.61435,3503.22,-3.6582,2.12064,1.82148,-4202.17,0
1.62085,3503.17,-3.61055,2.14279,3.09403,-4212.78,0
1.62736,3503.11,-3.61967,2.03897,5.36362,-4234.96,0
1.6339,3503.12,-3.73081,2.03539,0.827302,-4209.28,0
1.64045,3503.1,-3.68948,1.99306,2.50217,-4203.7,0
1.64697,3503.09,-3.70657,1.94824,2.89966,-4195.23,0
1.65346,3503.05,-3.6821,1.9995,3.94537,-4206.07,0
1.65999,3503.13,-3.41176,2.09666,2.76014,-4138.39,0
1.66647,3503.15,-3.26609,2.05799,3.62688,-4112.91,0
1.67297,3503.18,-3.25689,2.03294,2.10347,-4079.5,0
1.67944,3503.18,-3.15551,2.158,1.6602,-4060.25,0
1.68594,3503.07,-3.24991,2.1493,4.90988,-4111.72,0
1.69246,3503.06,-3.38869,1.92466,4.4811,-4098.43,0
1.69897,3503.03,-3.40806,1.9809,3.89837,-4104.45,0
1.70546,3502.99,-3.47668,1.96646,4.00966,-4110.83,0
1.71198,3503.03,-3.39378,1.99995,1.27268,-4070.73,0
1.7185,3502.93,-3.50156,1.87192,4.39265,-4111.17,0
1.72496,3502.96,-3.4955,1.74471,3.25131,-4078.74,0
1.7315,3502.95,-3.46556,1.76288,3.83286,-4072.63,0
1.73798,3502.97,-3.42647,1.68413,3.32071,-4042.75,0
1.74446,3503.03,-3.51847,1.48889,0.120596,-3995.08,0
1.75095,3502.92,-3.58017,1.58863,2.35415,-4042.29,0
1.75748,3502.88,-3.57243,1.50417,4.55682,-4051.83,0
1.76404,3502.93,-3.37739,1.59078,4.1195,-4008.95,0
1.77055,3502.85,-3.40437,1.5397,5.89561,-4039.75,0
1.7771,3502.88,-3.43829,1.38392,3.12653,-4006.13,0
1.78358,3502.83,-3.3857,1.42343,4.83092,-4020.78,0
1.79007,3502.8,-3.53142,1.57767,1.74942,-4021.29,0
1.79658,3502.71,-3.33902,1.77389,6.41584,-4057.22,0
1.80309,3502.75,-3.29353,1.91818,2.73002,-4021.05,0
1.80957,3502.71,-3.30299,2.10906,1.86621,-4027.02,0
1.8161,3502.62,-3.20629,2.11306,5.95276,-4063.64,0
1.8226,3502.65,-3.24107,2.03684,3.51413,-4034.11,0
1.82912,3502.58,-3.37108,1.92798,4.6551,-4058.24,0
1.83561,3502.59,-3.44658,1.91013,1.67206,-4034.17,0
1.84211,3502.67,-3.33473,1.77963,1.0583,-3980.77,0
1.84859,3502.64,-3.42536,1.42602,3.32623,-3980.18,0
1.85508,3502.71,-3.35183,1.32161,1.27269,-3930.47,0
1.86163,3502.67,-3.27725,1.37058,3.91719,-3936.3,0
1.86815,3502.71,-3.03247,1.46377,4.89009,-3902.42,0
1.87469,3502.72,-3.0456,1.65353,0.321082,-3880.66,0
1.88122,3502.71,-2.88999,1.82171,1.38839,-3874.01,0
1.88769,3502.61,-2.95804,1.80676,4.80297,-3913.89,0
1.89419,3502.55,-3.05373,1.91466,3.94311,-3934.25,0
1.9007,3502.46,-3.21099,1.95799,4.15958,-3964.9,0
1.9072,3502.45,-3.19762,2.01435,3.75857,-3957.62,0
1.91371,3502.46,-3.2107,1.98972,1.98764,-3938,0
1.92026,3502.45,-3.16321,2.22492,0.0318645,-3930,0
1.92676,3502.43,-3.14729,2.05456,3.24096,-3928.79,0
1.9333,3502.42,-3.07929,2.12347,3.09554,-3919.31,0
1.93981,3502.44,-2.69392,2.30641,5.41245,-3895.73,0
1.94633,3502.56,-2.47607,2.28893,1.76175,-3822.35,0
1.95287,3502.53,-2.53059,2.27702,2.18644,-3827.51,0
1.95937,3502.47,-2.57114,2.268,3.9479,-3841.19,0
1.96586,3502.38,-2.62993,2.30103,6.28859,-3877.58,0
1.97243,3502.35,-2.66432,2.30595,4.47275,-3878.4,0
1.97891,3502.31,-2.63561,2.2575,5.36671,-3886.53,0
1.98544,3502.24,-2.67712,2.23139,5.7459,-3909.22,0
1.99195,3502.3,-2.73341,2.18029,0.988031,-3863.92,0
1.99847,3502.27,-2.67875,2.22982,2.69595,-3868.48,0
2.00501,3502.21,-2.58841,2.24985,5.55499,-3886.57,0
2.01151,3502.25,-2.58218,2.27273,0.901293,-3853.38,0
2.01807,3502.2,-2.58914,2.19425,2.64345,-3863.83,0
2.0246,3502.2,-2.67431,2.16284,0.285694,-3852.44,0
2.03114,3502.2,-2.53934,2.11426,2.66992,-3839.6,0
2.03759,3502.1,-2.6224,2.13593,4.62239,-3876.78,0
2.04408,3502.05,-2.5405,2.10227,6.71745,-3888.5,0
2.05061,3502.06,-2.52074,2.16258,2.9657,-3873.37,0
2.05709,3502.01,-2.40823,2.26594,4.74413,-3883.28,0
2.06361,3501.99,-2.31641,2.33872,4.06325,-3883.32,0
2.07009,3501.96,-2.27467,2.26607,6.01852,-3883.82,0
2.07658,3501.98,-2.28452,2.2538,3.86223,-3859.94,0
2.08305,3501.87,-2.35575,2.25614,6.52149,-3901.89,0
2.08956,3501.89,-2.35445,2.30855,3.00156,-3881.33,0
2.09605,3501.84,-2.27034,2.30561,6.38812,-3892.13,0
2.10254,3501.87,-2.15122,2.3708,2.73621,-3866.26,0
2.10903,3501.77,-2.14228,2.33358,6.51711,-3903.97,0
2.11552,3501.83,-2.11912,2.25492,2.77297,-3863.29,0
2.12199,3501.77,-2.18645,2.16552,4.86149,-3879.35,0
2.1285,3501.86,-2.10143,2.07434,1.11373,-3823.73,0
2.13501,3501.9,-2.11812,1.93072,0.184414,-3792.93,0
2.1415,3501.84,-2.16045,2.05012,0.596801,-3810.64,0
2.14802,3501.78,-2.23095,1.99954,2.65411,-3826.22,0
2.15453,3501.82,-2.26942,1.92124,0.456466,-3797.19,0
2.16103,3501.69,-2.26468,1.97638,6.13504,-3844.93,0
2.16753,3501.59,-2.20878,2.00286,7.42201,-3879.22,0
2.17404,3501.64,-2.36637,1.87461,2.21433,-3847.33,0
2.18049,3501.67,-2.31312,1.82611,1.41714,-3821.2,0
2.187,3501.57,-2.35454,1.95764,3.85588,-3855.29,0
2.19347,3501.53,-2.35349,1.96478,4.97714,-3863.47,0
2.19995,3501.63,-2.22294,1.82324,2.80345,-3806.51,0
2.20641,3501.53,-2.29699,1.84367,4.15859,-3836.68,0
2.2129,3501.49,-2.27834,2.0805,1.75845,-3844.17,0
2.21942,3501.4,-2.38056,2.11988,3.62554,-3875.62,0
2.22591,3501.32,-2.35088,2.13518,5.38934,-3897.59,0
2.23249,3501.32,-2.34493,2.26194,0.807838,-3887.9,0
2.239,3501.22,-2.23169,2.33679,6.44379,-3923.34,0
2.24547,3501.23,-2.2054,2.25347,4.63177,-3907.14,0
2.25197,3501.11,-2.29541,2.32874,5.73336,-3945.91,0
2.2585,3501.22,-2.33519,2.12553,1.68489,-3885.87,0
2.26503,3501.08,-2.17963,2.04119,3.24805,-3938.51,0
2.27153,3501.12,-2.08792,1.91593,5.95626,-3911.12,0
2.27804,3501.1,-2.12461,1.97845,3.32617,-3905.92,0
2.28454,3501.1,-2.0719,1.73394,8.54212,-3895.59,0
2.29102,3501.07,-2.09728,1.74839,3.94133,-3899.79,0
2.29755,3500.93,-2.07724,1.76098,10.2528,-3947.83,0
2.30409,3500.86,-2.24369,1.93769,0.908564,-3965.22,0
2.3106,3500.88,-2.23883,1.83095,1.41066,-3945.99,0
2.31712,3500.9,-2.18703,1.71069,4.53704,-3927.15,0
2.32363,3500.9,-2.06126,1.8136,3.48634,-3915.69,0
2.33012,3500.88,-2.17975,1.82263,0.776783,-3915.77,0
2.33663,3500.81,-2.24948,1.84398,0.550506,-3932.05,0
2.34317,3500.72,-2.19263,1.8994,6.54432,-3961.6,0
2.34967,3500.65,-2.18989,1.93123,6.36083,-3978.09,0
2.35621,3500.61,-2.1621,1.9164,7.76668,-3983.42,0
2.3627,3500.64,-2.11809,1.91025,2.8384,-3962.7,0
2.36922,3500.58,-2.06338,1.9072,7.05856,-3976.22,0
2.37574,3500.53,-2.04089,1.92961,6.06687,-3985.84,0
2.38221,3500.45,-2.05708,1.93005,8.44311,-4009.52,0
2.38871,3500.42,-2.11525,1.84574,7.05115,-4010.68,0
2.39518,3500.42,-2.12526,1.84194,1.53938,-3999.65,0
2.40169,3500.43,-1.96243,1.91841,2.86579,-3986.19,0
2.40821,3500.45,-1.8714,1.87024,3.69287,-3966.13,0
2.41468,3500.42,-1.92369,1.92198,1.78636,-3969.4,0
2.42119,3500.43,-2.04109,1.76923,0.716497,-3953.87,0
2.42771,3500.45,-2.10776,1.61707,0.371638,-3934.28,0
2.43418,3500.35,-2.14331,1.66604,4.13136,-3964.51,0
2.44067,3500.36,-2.0271,1.80844,1.68421,-3949.82,0
2.44718,3500.28,-2.04418,1.80813,2.95122,-3970.95,0
2.45367,3500.22,-1.86771,1.74831,1.56052,-3986.82,0
2.46018,3500.28,-1.67378,1.60437,7.68885,-3949.57,0
2.46668,3500.21,-1.68649,1.6943,7.79887,-3969.37,0
2.47315,3500.19,-1.7338,1.59651,6.13627,-3967.26,0
2.47965,3500.16,-1.77613,1.6322,3.93602,-3969.94,0
2.48613,3500.18,-1.73387,1.57231,5.14598,-3951.12,0
2.49264,3500.11,-1.75078,1.60413,7.38365,-3965.73,0
2.49914,3500.14,-1.69736,1.56589,6.47831,-3944.88,0
2.50565,3500.14,-1.75194,1.58205,2.21918,-3934.47,0
2.51218,3500.16,-1.67652,1.5861,2.10368,-3917.76,0
2.51867,3500.19,-1.57051,1.55039,4.95294,-3894.42,0
2.52516,3500.28,-1.44987,1.43113,5.32803,-3850.97,0
2.53169,3500.2,-1.49812,1.45116,7.94587,-3870.27,0
2.53817,3500.05,-1.53408,1.39391,8.76241,-3919.8,0
2.5447,3500.05,-1.5771,1.32408,3.62548,-3909.32,0
2.55121,3499.96,-1.61689,1.29863,7.80054,-3935.61,0
2.55769,3500.06,-1.54671,1.27658,0.766744,-3888.17,0
2.56416,3500.1,-1.45586,1.23369,2.59758,-3859.12,0
2.5707,3500,-1.48139,1.26617,7.2729,-3888.88,0
2.57722,3500.06,-1.43753,1.29911,0.726113,-3857.58,0
2.58374,3499.94,-1.62963,1.21537,3.46166,-3894.37,0
2.59022,3499.84,-1.50676,1.25443,13.2925,-3920.99,0
2.59675,3499.73,-1.46626,1.2595,1.25554,-3954.61,0
2.60329,3499.59,-1.5157,1.22217,11.9313,-3997.45,0
2.6098,3499.47,-1.44897,1.18412,4.35773,-4035.37,0
2.61629,3499.4,-1.42523,1.11927,4.86357,-4053.41,0
2.62281,3499.25,-1.44529,1.27872,4.55283,-4100.53,0
2.62936,3499.28,-1.37477,1.1967,8.98049,-4077,0
2.63586,3499.34,-1.21966,1.1626,1.17979,-4042.92,0
2.64235,3499.37,-1.14531,1.15515,3.8998,-4022.29,0
2.64885,3499.36,-1.1493,0.96649,9.16179,-4015.57,0
2.65534,3499.25,-1.1131,0.869805,11.0868,-4049.26,0
2.66184,3499.14,-1.07365,1.02676,0.562051,-4078.29,0
2.66835,3499.06,-1.06187,0.915572,11.0994,-4100.72,0
2.67484,3499.02,-1.12214,0.921967,4.71658,-4105.94,0
2.68135,3499.04,-1.15339,0.761675,0.226985,-4087.29,0
2.68785,3499.01,-1.20502,0.638629,4.73235,-4090,0
2.69432,3498.94,-1.18343,0.525169,1.13085,-4105.13,0
2.70078,3498.8,-1.25511,0.497169,4.56932,-4145.24,0
2.70729,3498.74,-1.24048,0.572382,8.03142,-4160.12,0
2.71383,3498.65,-1.25125,0.508253,6.96305,-4183.05,0
2.72034,3498.65,-1.10598,0.681984,4.40855,-4171.51,0
2.72681,3498.73,-1.01648,0.732302,3.11172,-4134.5,0
2.73335,3498.65,-0.970086,0.657097,8.31271,-4153.7,0
2.73986,3498.66,-0.902241,0.667418,4.94531,-4139.83,0
2.74637,3498.68,-0.808153,0.730505,5.81355,-4121.24,0
2.75286,3498.76,-0.76751,0.64714,1.05373,-4084.37,0
2.75935,3498.72,-0.625502,0.577444,6.37747,-4088.9,0
2.76586,3498.66,-0.564746,0.542929,2.25206,-4099.05,0
2.77234,3498.67,-0.4685,0.530984,7.86702,-4088.56,0
2.77882,3498.55,-0.419053,0.310763,3.3821,-4119.26,0
2.78533,3498.51,-0.353236,0.215606,13.9259,-4126.43,0
2.78868,3498.51,-0.280617,0.12896,1.55741,-4121.86,0
