1.19852,18.0635,31.3686,26.3033,0.413453,15071.4,0
2.38357,58.5901,40.1341,35.7948,1.34319,24580.8,0
3.56902,63.5905,31.5616,81.3245,1.45218,17817.4,0
4.78508,147.55,101.838,57.2474,3.34549,30835.3,0
5.97509,138.483,71.8849,5.93053,3.06074,23176.8,0
7.16711,145.169,87.933,-56.7929,3.17449,20254.9,0
8.38751,115.803,73.553,-31.8311,2.45238,13806.6,0
9.59136,97.9237,77.8176,8.00006,2.02166,10209.6,0
10.7773,181.585,39.6945,3.55773,3.89989,16848.8,0
11.9838,222.932,80.505,53.2013,4.70909,18602.7,0
13.1909,190.576,140.179,50.5656,3.85071,14447.5,0
14.3786,191.062,132.067,22.2977,3.75674,13287.9,0
15.5553,159.927,105.906,43.1944,2.95407,10281.2,0
16.7496,154.04,110.469,71.2852,2.76596,9196.64,0
17.9455,152.373,103.324,54.9545,2.69535,8490.89,0
19.1269,154.709,129.442,56.1983,2.70999,8088.59,0
20.3095,158.447,94.6917,60.1587,2.75072,7801.65,0
21.4781,154.114,65.132,81.7882,2.59971,7175.38,0
22.6557,134.994,53.1433,91.8006,2.13654,5958.52,0
23.8552,119.174,122.536,29.7337,1.758,4995.73,0
25.041,98.1071,105.142,61.8891,1.25498,3917.85,0
26.239,140.726,65.3812,73.3445,2.21804,5363.22,0
27.4178,165.16,26.4133,125.082,2.73735,6023.83,0
28.6141,182.866,28.5561,141.294,3.10676,6390.76,0
29.8044,165.955,63.9511,111.374,2.66541,5568.15,0
31.0069,222.878,127.513,152.316,3.90887,7188.01,0
32.2018,125.885,137.411,105.025,1.63997,3909.27,0
33.3945,208.294,110.004,144.764,3.50463,6237.38,0
34.6045,195.515,52.8198,114.838,3.12571,5650,0
35.7797,180.518,42.4189,29.9982,2.7438,5045.25,0
36.9806,267.247,47.7218,41.2907,4.66505,7226.67,0
38.1579,300.833,88.0617,45.8041,5.26306,7883.89,0
39.3498,243.181,88.1852,28.4474,3.76801,6179.98,0
40.5378,285.21,83.6293,30.5557,4.61527,7035.64,0
41.7404,314.622,72.8939,13.6965,5.06673,7537.6,0
42.9342,301.878,37.3017,47.9862,4.57973,7031.17,0
44.1406,329.348,89.0621,85.8476,5.02237,7461.34,0
45.3377,330.32,120.352,72.1994,4.84247,7285.78,0
46.527,321.56,125.527,-13.5004,4.45754,6911.25,0
47.7183,347.401,138.226,-3.6337,4.91366,7280.26,0
48.8995,393.827,112.924,15.4753,5.73972,8053.81,0
50.1199,406.781,113.464,31.0973,5.76148,8116.16,0
51.3352,413.442,164.87,32.3188,5.6344,8053.77,0
52.5435,342.889,181.368,48.3938,3.78937,6525.82,0
53.7185,273.697,177.491,92.6216,2.14196,5095.03,0
54.9362,270.91,153.861,67.7231,2.05066,4931.35,0
56.1383,260.911,190.275,52.1545,1.79603,4647.66,0
57.3402,299.771,222.221,44.2319,2.67321,5227.95,0
58.5344,290.558,238.209,62.0106,2.42848,4963.88,0
59.7192,355.492,242.876,73.0111,3.86245,5952.71,0
60.9166,358.375,318.101,19.0219,3.82706,5883.04,0
62.1173,338.207,348.538,-41.2181,3.29542,5444.65,0
63.3221,417.643,346.126,-7.12644,5.00153,6595.53,0
64.5055,416.876,276.13,-34.3583,4.81152,6462.64,0
65.6962,407.56,257.937,-15.058,4.46645,6203.7,0
66.8834,450.953,287.144,-36.9843,5.30846,6742.37,0
68.0992,425.31,321.045,4.63589,4.55216,6245.44,0
69.3051,440.643,304.801,-24.1294,4.70786,6358.02,0
70.5104,427.23,371.005,-58.2204,4.26348,6059.1,0
71.7023,370.378,455.793,-18.9797,2.88631,5165.49,0
72.8998,311.098,453.676,-39.1803,1.50918,4267.47,0
74.1133,357.163,523.282,55.9913,2.55091,4819.15,0
75.3121,410.361,533.012,70.1123,3.69789,5448.8,0
76.4967,354.609,491.898,154.157,2.36596,4635.61,0
77.7042,288.514,595.473,161.598,0.84156,3712.98,0
78.899,325.41,607.088,112.42,1.68515,4124.38,0
80.0779,300.916,567.518,-3.4548,1.118,3757.79,0
81.2618,276.061,568.91,-85.1957,0.546053,3397.19,0
82.4488,299.424,583.334,-104.597,1.07484,3631.64,0
83.6146,320.862,548.608,-180.627,1.56055,3837.39,0
84.811,341.084,542.055,-199.187,2.00206,4021.7,0
86.0033,343.805,622.875,-202.031,2.03839,3997.57,0
87.2049,343.608,614.337,-212.336,2.00367,3940.24,0
88.4064,319.788,620.647,-217.509,1.43836,3617.26,0
89.5659,292.008,557.51,-205.102,0.795832,3260.26,0
90.7627,280.477,553.848,-124.417,0.52941,3090.23,0
91.9724,318.772,624.359,-106.007,1.40135,3465.96,0
93.1642,301.301,623.935,-84.9041,0.995447,3234.09,0
94.3677,309.503,705.758,15.7894,1.17642,3279.76,0
95.5693,368.173,688.876,-38.573,2.50931,3852.42,0
96.7756,360.422,687.78,-34.9822,2.29397,3724.31,0
97.964,410.97,643.03,-50.1685,3.41165,4195.11,0
99.1399,394.539,573.748,-1.14947,2.98114,3979.61,0
100.336,417.41,598.529,-30.5003,3.44864,4160.11,0
101.509,423.91,605.962,-53.4266,3.51982,4176.09,0
102.712,348.039,618.873,-54.2318,1.70847,3388.51,0
103.935,383.78,579.355,-86.241,2.50938,3692.5,0
105.142,407.717,519.632,-36.2642,3.0182,3877.77,0
106.324,365.077,463.945,-81.105,2.00259,3433.63,0
107.516,384.684,405.321,-99.7141,2.44127,3577.93,0
108.696,377.686,411.02,-57.5449,2.24744,3474.69,0
109.872,401.689,450.625,-64.2062,2.7642,3655.98,0
111.079,398.706,500.656,-53.3746,2.66556,3589.4,0
112.246,395.233,458.875,-53.4325,2.55218,3521.14,0
113.429,394.705,501.265,39.1759,2.51953,3479.75,0
114.619,432.857,539.103,58.7604,3.33068,3776.5,0
115.834,443.237,461.159,145.58,3.50659,3826.47,0
117.046,480.416,470.117,224.511,4.26312,4104.51,0
118.253,461.273,458.88,261.421,3.73359,3900.72,0
119.443,477.71,463.376,254.188,4.01124,3999.48,0
120.612,439.924,478.951,174.068,3.03676,3647.42,0
121.801,401.96,496.574,177.58,2.12793,3300.14,0
122.99,421.062,473.065,168.673,2.54756,3423.54,0
124.19,446.136,480.99,133.161,3.08046,3592.36,0
125.395,390.829,523.29,126.535,1.77373,3116.78,0
126.582,379.097,579.129,44.1212,1.49174,2994.88,0
127.781,418.937,604.119,61.5695,2.39819,3278.56,0
128.995,348.978,603.775,66.8279,0.783778,2705.35,0
130.204,343.935,530.258,107.063,0.666414,2641.51,0
131.403,339.326,566.443,108.212,0.558237,2582.33,0
132.589,391.786,578.534,185.715,1.75059,2954.88,0
133.765,358.859,598.727,115.313,0.99099,2682.76,0
134.961,387.749,752.561,56.14,1.65094,2873.05,0
136.149,325.83,815.862,30.6249,0.216593,2393.19,0
137.37,363.673,835.934,5.3005,1.08132,2647.4,0
138.556,331.844,884.487,0.593703,0.347432,2395.03,0
139.776,398.476,870.628,-1.19422,1.87587,2850.81,0
140.97,467.711,892.011,-81.9699,3.43915,3317.8,0
142.17,439.458,829.569,-58.3976,2.75141,3091.09,0
143.372,420.469,802.978,-28.7526,2.2837,2932.71,0
144.543,409.922,844.554,-70.2029,2.02418,2836,0
145.733,364.736,838.228,-17.1001,0.967257,2502.76,0
146.92,343.239,846.446,51.9435,0.470637,2336.23,0
148.136,393.056,814.404,29.5735,1.61285,2653.35,0
149.313,403.284,793.011,72.8654,1.83619,2700.93,0
150.515,357.826,846.091,130.829,0.785608,2377.34,0
151.72,344.433,860.923,182.473,0.476834,2270.19,0
152.951,406.924,807.695,135.36,1.90278,2660.49,0
154.171,425.707,810.929,118.085,2.31302,2761.27,0
155.348,398.378,820.734,65.7285,1.66036,2564.42,0
156.56,480.158,805.867,72.0101,3.49335,3066.93,0
157.756,569.514,754.87,65.8704,5.41319,3610.08,0
158.937,550.598,778.177,62.1459,4.7764,3464.25,0
160.15,571.587,761.524,16.1522,5.07162,3569.07,0
161.344,537.664,752.592,-24.4742,4.12519,3332.4,0
162.53,504.913,743.467,23.4024,3.24755,3106.59,0
163.723,501.813,739.376,57.5998,3.10529,3065.01,0
164.904,573.689,679.162,20.0823,4.6446,3478.93,0
166.122,584.23,643.579,69.35,4.72753,3516.88,0
167.313,644.84,656.303,50.9412,5.87069,3854.1,0
168.503,649.427,672.269,40.686,5.67522,3854.1,0
169.679,674.633,709.658,67.6841,5.91375,3975.93,0
170.865,673.815,690.665,84.6643,5.61747,3943.56,0
172.05,750.316,659.76,63.9673,6.97386,4361.03,0
173.227,751.797,643.975,89.6413,6.61019,4339.95,0
174.426,736.031,582.528,94.5153,5.90048,4219.74,0
175.623,716.595,573.533,69.1791,5.17383,4080.31,0
176.831,759.034,590.353,60.8942,5.82234,4292.43,0
178.043,729.689,603.567,54.1423,4.93895,4098.39,0
179.222,762.373,574.274,-8.49593,5.46887,4253.78,0
180.4,717.67,637.91,-23.4131,4.28232,3978.2,0
181.583,675.995,608.975,-55.8045,3.2609,3722.78,0
182.764,691.941,569.647,-76.4887,3.51161,3785.99,0
183.961,643.363,585.19,-14.5879,2.35166,3497.28,0
185.164,682.436,627.113,18.2002,3.21466,3685.58,0
186.366,705.892,670.737,50.3602,3.69068,3787.67,0
187.551,714.393,644.182,31.8491,3.81016,3809.06,0
188.749,734.447,633.275,0.471376,4.17057,3891.13,0
189.954,697.676,624.619,35.3304,3.24344,3672.86,0
191.158,683.545,668.618,60.6445,2.87592,3575.82,0
192.366,692.475,694.597,29.7232,3.02914,3599.78,0
193.561,706.754,697.946,-36.8813,3.27705,3651.32,0
194.745,725.532,662.907,-113.802,3.64811,3725.55,0
195.935,773.563,595.734,-105.809,4.60061,3948.05,0
197.107,772.227,581.528,-52.1795,4.37032,3917.8,0
198.305,790.838,550.956,-65.1501,4.63859,3988,0
199.498,781.466,589.674,-64.8564,4.26866,3917.16,0
200.688,805.35,582.219,-125.551,4.64172,4012.94,0
201.875,803.463,638.254,-188.988,4.45314,3980,0
203.065,820.736,692.138,-237.61,4.70606,4041.75,0
204.251,798.271,710.895,-264.808,4.07659,3908.28,0
205.45,811.862,734.272,-280.718,4.29248,3951.63,0
206.626,805.112,745.056,-271.069,4.03476,3896.46,0
207.819,827.451,799.857,-316.559,4.42087,3981.59,0
209.024,803.29,821.83,-297.336,3.69786,3843.06,0
210.207,788.644,840.805,-307.978,3.28213,3751.75,0
211.4,799.122,870.737,-298.621,3.46768,3780.13,0
212.562,816.348,821.269,-327.621,3.79469,3840.52,0
213.751,865.045,898.987,-269.045,4.76201,4046.97,0
214.925,831.855,945.059,-286.488,3.86608,3870.44,0
216.134,759.008,905.654,-271.512,2.12684,3511.74,0
217.33,758.221,892.741,-363.952,2.09528,3488.8,0
218.521,764.064,948.161,-352.871,2.21401,3496.52,0
219.696,774.43,985.221,-264.973,2.41724,3525.01,0
220.898,743.279,1078.89,-241.708,1.68154,3364.81,0
222.102,791.332,1111.48,-276.978,2.75427,3562.92,0
223.298,757.124,1122.15,-276.75,1.94346,3390.65,0
224.499,758.112,1064.1,-343.864,1.94704,3376.9,0
225.673,756.878,1039.54,-354.681,1.9037,3353.87,0
226.881,725.584,1035.05,-304.903,1.17388,3198.08,0
228.07,762.537,953.687,-268.701,2.01332,3343.43,0
229.275,748.454,1011.28,-206.771,1.67493,3264.44,0
230.461,825.489,1016.68,-141.903,3.41046,3581.9,0
231.654,825.187,1022.99,-159.889,3.32674,3562.15,0
232.841,716.539,978.429,-169.546,0.803767,3077.37,0
234.063,780.274,929.382,-186.65,2.24854,3333.61,0
235.264,781.307,845.428,-133.854,2.25548,3320.97,0
236.459,796.278,804.81,-172.19,2.56945,3367.51,0
237.632,749.833,855.09,-224.983,1.47813,3155.43,0
238.822,712.667,884.975,-222.817,0.616267,2984.09,0
240.023,729.606,881.096,-236.111,1.00172,3039.73,0
241.232,720.858,870.059,-250.806,0.798848,2988.23,0
242.414,716.878,920.63,-159.439,0.70626,2957.25,0
243.613,687.344,1040.91,-173.447,0.0207362,2821.46,0
244.819,706.218,1066.18,-132.953,0.45028,2884.65,0
246.018,736.786,1082.08,-28.3009,1.1504,2994.85,0
247.202,738.69,1064.26,-10.3864,1.19131,2988.21,0
248.389,788.22,1055.99,-29.883,2.32062,3173.32,0
249.577,768.002,1131.13,35.1477,1.84116,3077.21,0
250.748,753.186,1136.21,-5.29684,1.49272,3003.76,0
251.942,757.388,1064.98,-27.896,1.57509,3006.2,0
253.166,720.991,1058.18,-67.1313,0.735993,2847.9,0
254.36,740.508,1089.56,-39.5973,1.18236,2911.26,0
255.542,769.604,1062.34,-60.1902,1.82835,3011.65,0
256.718,801.493,1107.89,-5.65966,2.54845,3122.08,0
257.935,829.898,1054.83,11.2907,3.15958,3217.47,0
259.125,850.197,1026.35,-55.2721,3.57193,3281.04,0
260.32,796.076,1012.75,-106.681,2.27066,3058.06,0
261.509,806.594,1007.77,-159.404,2.49288,3084.39,0
262.703,883.594,950.336,-152.624,4.22072,3363.46,0
263.88,879.63,906.906,-219.541,3.98096,3333.45,0
265.056,848.803,938.515,-272.201,3.16335,3202.35,0
266.255,921.404,981.468,-271.089,4.73408,3460.61,0
267.453,955.319,1016.69,-264.627,5.31446,3571.92,0
268.661,881.596,1028.77,-229.666,3.49815,3281.45,0
269.852,842.208,1043.96,-188.841,2.54931,3121,0
271.037,796.92,1049.24,-187.412,1.48955,2940.27,0
272.244,766.587,1071.34,-198.439,0.785423,2815.81,0
273.437,752.713,1092.49,-206.202,0.465563,2752.78,0
274.632,762.143,1190.81,-152.053,0.680912,2775.15,0
275.808,765.091,1167.84,-135.953,0.743419,2774,0
277.005,834.746,1194.39,-190.394,2.33734,3013.47,0
278.224,819.81,1209.39,-185.573,1.97765,2946.59,0
279.448,839.35,1268.67,-126.959,2.39927,3003.59,0
280.63,864.905,1271.98,-135.776,2.94338,3082.01,0
281.843,907.645,1282.37,-76.6882,3.86147,3220.39,0
283.033,941.65,1259.6,-99.9563,4.50742,3326.99,0
284.191,968.602,1242.28,-81.4576,4.97041,3408.28,0
285.374,931.379,1219.17,-110.793,3.9544,3263.72,0
286.586,923.358,1132.53,-137.535,3.67046,3221.92,0
287.797,924.995,1198.28,-86.0401,3.61598,3214.05,0
288.997,973.269,1164.26,-75.3111,4.57954,3367.74,0
290.193,1014.35,1161.81,-81.3196,5.33282,3495.42,0
291.399,1005.47,1194.1,-63.6749,4.89049,3450.49,0
292.607,1013.66,1208.78,-68.1021,4.84509,3464.26,0
293.812,988.153,1190.24,-67.6355,4.11793,3363.22,0
294.995,999.458,1203.13,-72.1935,4.24661,3388.05,0
296.195,1053.52,1202.26,-77.8165,5.28397,3556.84,0
297.407,1061.04,1213.34,-102.756,5.21657,3567.66,0
298.61,1064.61,1224.09,-130.273,5.117,3565.2,0
299.784,1039.27,1192.22,-72.9892,4.32158,3466.73,0
300.981,1037.28,1191.96,-35.4741,4.16147,3446.32,0
302.175,1010.19,1158.21,-43.7681,3.44203,3343.05,0
303.389,1008.12,1191.03,27.6792,3.30194,3322.87,0
304.587,975.382,1202.74,99.6222,2.50017,3202.31,0
305.776,875.732,1303.64,111.95,0.203486,2863.96,0
306.969,943.863,1396.87,121.152,1.7644,3074.78,0
308.155,890.276,1378.46,-13.0985,0.528873,2889.06,0
309.363,957.551,1289.75,-64.5952,2.0674,3095.24,0
310.572,1034.43,1273.18,-37.7338,3.79167,3330.72,0
311.795,1033.33,1262.55,-64.8206,3.6732,3314.13,0
313.008,1118.57,1250.96,-96.6931,5.45835,3573.62,0
314.21,1160.13,1249.32,-128.459,6.10617,3692.2,0
315.421,1127.76,1275.79,-145.986,5.01396,3575.41,0
316.593,1111.36,1305.02,-189.83,4.42221,3510.39,0
317.767,1123.83,1283.79,-177.813,4.51802,3536.65,0
318.97,1080.59,1291.67,-129.037,3.39087,3387.76,0
320.137,1053.34,1275.56,-121.21,2.70507,3290.29,0
321.336,1024.58,1293.89,-147.598,2.00636,3188.51,0
322.526,1056,1298.91,-134.775,2.70638,3274.15,0
323.748,1049.58,1335.76,-139.894,2.52508,3241.97,0
324.98,1000.27,1429.98,-134.563,1.37008,3077.93,0
326.157,1113.15,1432.89,-89.1671,3.92929,3412.93,0
327.353,1093.37,1411.35,-118.998,3.39765,3340.03,0
328.565,1129.49,1428.69,-96.2206,4.14601,3437.65,0
329.739,1131.27,1429.96,-123.464,4.0845,3430.81,0
330.959,1138.16,1440.68,-122.922,4.11175,3438.99,0
332.159,1080.66,1494.72,-93.4472,2.71019,3253.46,0
333.349,1155.35,1534.86,-60.6915,4.35382,3465.88,0
334.524,1161.63,1575.54,-105.414,4.35891,3472.49,0
335.716,1105.04,1629.79,22.1543,2.93332,3291.6,0
336.894,1089.13,1621.77,77.6671,2.51407,3232.87,0
338.083,1069.92,1657.56,78.2046,2.04208,3164.65,0
339.277,1092.94,1629.72,120.511,2.54478,3221.37,0
340.455,1087.77,1596.03,157.201,2.39493,3195.04,0
341.669,1088.24,1594.63,164.296,2.36782,3185.06,0
342.85,1091.11,1561.08,211.724,2.39665,3182.47,0
344.051,1102.37,1635.23,246.151,2.62995,3204.09,0
345.237,1084.3,1627.52,146.645,2.18134,3140.73,0
346.415,1038.23,1614.15,171.585,1.1173,2997.08,0
347.621,1013.94,1626.59,177.279,0.552321,2916.79,0
348.832,1011.74,1618.24,274.244,0.501269,2900.37,0
350.04,1005.67,1446.39,268.49,0.360445,2873.02,0
351.222,1038.17,1370.35,294.477,1.10531,2955.88,0
352.407,1037.05,1394.15,279.229,1.075,2942.77,0
353.575,1021.92,1338.18,264.935,0.725649,2890.23,0
354.76,1017.21,1373.66,335.64,0.614705,2867.31,0
355.933,1008.22,1415.76,361.67,0.405499,2832.6,0
357.137,1024.77,1382.18,536.292,0.782294,2869.4,0
358.359,1006.45,1298.19,558.914,0.36082,2808.51,0
359.561,1043.93,1281.72,505.712,1.21423,2903.35,0
360.742,1064.87,1205.52,620.827,1.69145,2951.88,0
361.952,1028.2,1212.21,629.041,0.842946,2840.71,0
363.117,1075.83,1224.35,648.968,1.91905,2962.77,0
364.319,1121.35,1208.64,658.838,2.94531,3077.93,0
365.52,1212.25,1183.82,622.265,4.94762,3316.52,0
366.738,1236.34,1201.37,578.203,5.28478,3371.18,0
367.956,1259.6,1224.97,595.467,5.60917,3423.24,0
369.152,1205.37,1282.15,570.748,4.18642,3265.25,0
370.337,1150.96,1209.19,535.391,2.86109,3107.88,0
371.543,1154.46,1313.97,555.353,2.88113,3107.19,0
372.755,1122.39,1352.51,563.172,2.11927,3011.06,0
373.951,1136.3,1359.74,524.358,2.40588,3038.64,0
375.149,1168.25,1361.94,466.887,3.09117,3114.1,0
376.346,1153.51,1418.95,428.243,2.70453,3065.04,0
377.567,1183.1,1430.18,402.503,3.31653,3133.48,0
378.758,1179.87,1468.79,411.122,3.1898,3115.1,0
379.932,1105.46,1478.49,452.463,1.45154,2909.63,0
381.132,1135.84,1502.93,433.431,2.12712,2980.18,0
382.329,1126.15,1454.85,462.834,1.88278,2945.51,0
383.547,1139.79,1397.4,534.781,2.17977,2971.7,0
384.739,1095.46,1397.17,425.179,1.15679,2847.28,0
385.933,1087.28,1445.67,346.564,0.964445,2817.27,0
387.129,1079.34,1478.97,349.921,0.776885,2788.07,0
388.315,1135.01,1458.12,380.168,2.04882,2922.91,0
389.531,1133.25,1470.4,400.2,1.98249,2909.27,0
390.697,1184.39,1511.12,461.091,3.12939,3031.48,0
391.91,1172.08,1544.09,395.887,2.78157,2990.68,0
393.121,1193.56,1588.38,394.704,3.22459,3036.12,0
394.317,1211.31,1530.93,386.586,3.58374,3071.92,0
395.515,1225.55,1478.78,394.812,3.8177,3098.61,0
396.716,1189.63,1392.01,382.947,2.93112,2998.69,0
397.91,1235.05,1409.39,381.413,3.88593,3103.85,0
399.095,1226.4,1453.94,414.705,3.60157,3072.96,0
400.27,1251.5,1447.18,479.478,4.08761,3126.64,0
401.454,1216.26,1431.76,497.566,3.17745,3029.64,0
402.667,1206.14,1432.22,496.856,2.85066,2995.38,0
403.863,1199.6,1479.92,463.851,2.67299,2970.3,0
405.046,1221.27,1496.7,493.904,3.12272,3015.13,0
406.218,1214.67,1563.11,555.841,2.91976,2990.19,0
407.391,1204.64,1524.34,501.08,2.63516,2956.97,0
408.59,1141.54,1566.05,469.836,1.17055,2793.85,0
409.818,1139.37,1565.5,453.694,1.11899,2780.18,0
411.008,1159.21,1612.3,439.997,1.56467,2820.41,0
412.173,1225.05,1681.12,503.739,3.04157,2972.17,0
413.352,1281.8,1644.13,450.157,4.24793,3100.98,0
414.539,1276.52,1554.93,421.829,4.03372,3079.39,0
415.71,1306.05,1521.37,410.219,4.58664,3141.74,0
416.893,1299,1478.66,418.887,4.26417,3115.91,0
418.052,1283.44,1453.14,415.039,3.81963,3070.04,0
419.24,1276.71,1436.39,408.137,3.56431,3045.3,0
420.435,1159.33,1478.24,414.893,0.85113,2757.46,0
421.623,1190.58,1592.28,316.093,1.55793,2823.8,0
422.847,1193.71,1550.68,225.276,1.62463,2823.04,0
424.031,1169.8,1528.31,216.618,1.07119,2758.75,0
425.227,1218.31,1526.27,265.887,2.17951,2865.07,0
426.405,1215.64,1593.8,220.109,2.10737,2850.92,0
427.612,1235.07,1654.81,234.384,2.53471,2888.3,0
428.811,1233.85,1676.08,298.376,2.47412,2877.36,0
430.002,1274.47,1665.3,292.086,3.35552,2963.87,0
431.226,1255.31,1690.46,249.707,2.84541,2911.04,0
432.434,1307.83,1698.76,184.161,3.98212,3024.33,0
433.627,1367.32,1679.68,187.324,5.18902,3153.22,0
434.825,1346.84,1696.01,172.284,4.50221,3097.42,0
436.03,1365.68,1730.82,200.18,4.76126,3132.08,0
437.207,1372.43,1696.19,247.192,4.70641,3139.09,0
438.398,1383.8,1692.94,216.414,4.79763,3156.48,0
439.606,1390.4,1713.43,226.37,4.76601,3162.84,0
440.765,1368.03,1742.35,186.393,4.11539,3103.76,0
441.952,1436.03,1767.15,131.061,5.50651,3249.28,0
443.167,1475.19,1824.64,138.324,6.10043,3328.74,0
444.363,1488.51,1821.58,149.25,6.00437,3349.77,0
445.569,1465.23,1783.25,110.015,5.1885,3288.46,0
446.769,1480.08,1811.96,112.786,5.32714,3312.85,0
447.958,1444.64,1805.22,131.299,4.30421,3224.95,0
449.167,1461.65,1840.96,105.958,4.54554,3254.13,0
450.36,1434.18,1819,57.4479,3.79652,3184.51,0
451.571,1505.97,1839.48,34.9117,5.27136,3334.97,0
452.791,1501.07,1902.03,58.4616,4.91329,3315.15,0
453.968,1475.35,1914.92,112.112,4.09468,3249.9,0
455.136,1461.78,1961.86,56.2372,3.69847,3211.73,0
456.332,1528.67,1964.32,46.3283,5.07656,3349.91,0
457.508,1581.94,1950.83,55.6323,6.02249,3457.72,0
458.695,1567.09,1973.61,133.928,5.38901,3416.41,0
459.897,1516.9,2000.51,104.938,4.04325,3298.34,0
461.093,1511.51,2079.36,129.18,3.83195,3278.1,0
462.291,1497.09,2068.65,30.0334,3.44203,3238.42,0
463.477,1516.94,2055.83,-16.1,3.79986,3272.96,0
464.666,1482.35,2063.71,-19.0964,2.92832,3190.15,0
465.882,1434.43,2112.48,-15.5934,1.80081,3078.96,0
467.072,1424.15,2000.61,35.6233,1.55049,3049.11,0
468.261,1381.54,1968.04,-5.5528,0.567734,2950.36,0
469.43,1423.97,2039.31,-24.316,1.53213,3033.4,0
470.624,1455.02,2055.71,-43.8219,2.221,3091.68,0
471.831,1458.11,2073.05,-139.769,2.26202,3090.33,0
473.006,1467.22,2043.49,-129.371,2.4486,3101.9,0
474.221,1428.14,1987.95,-130.224,1.52971,3011.56,0
475.406,1473.61,2068.19,-227.415,2.56036,3099.68,0
476.572,1513.84,2035.44,-190.574,3.43838,3176.52,0
477.761,1421.45,2030.11,-179.661,1.2817,2975.23,0
478.958,1373.52,2126.13,-170.732,0.178523,2867.72,0
480.143,1455.17,2084.3,-131.047,2.05025,3030.71,0
481.326,1465.11,2086.82,-51.9611,2.26187,3043.9,0
482.51,1551.6,2179.44,8.38018,4.16603,3215.69,0
483.701,1512.74,2115.04,-28.9113,3.17439,3127.43,0
484.866,1497.21,2167.74,-7.48528,2.76421,3087.88,0
486.039,1487.82,2230.07,-21.7257,2.49845,3061.12,0
487.219,1558.25,2257.45,-89.5231,4.05827,3198.26,0
488.405,1526.69,2233.19,-110.459,3.22602,3125.87,0
489.593,1577.11,2244.07,-67.7664,4.28618,3221.27,0
490.815,1530.21,2164.16,-17.167,3.13474,3117.7,0
491.993,1541.38,2153.34,-68.8214,3.33706,3132.93,0
493.175,1579.14,2137,-31.9952,4.11281,3201.99,0
494.363,1542.3,2148.35,-95.4944,3.19028,3119.77,0
495.567,1579.08,2117.02,-98.3413,3.95109,3186.4,0
496.768,1566.86,2186.93,-48.2577,3.55914,3154.12,0
497.971,1538.38,2210.8,-132.924,2.83962,3089.3,0
499.155,1538.85,2285,-134.81,2.82481,3082.91,0
500.368,1547.2,2218.54,-170.663,2.95822,3092.13,0
501.582,1530.01,2180.16,-121.718,2.5092,3050.36,0
502.794,1553.82,2145.1,-105.872,3.01668,3090.36,0
504.019,1557.52,2113.6,-127.185,3.03701,3090.2,0
505.194,1601.06,2086.45,-149.032,3.93352,3169.2,0
506.385,1612.4,2116.6,-204.676,4.10892,3184.14,0
507.579,1585.74,2165.72,-209.119,3.40295,3124.12,0
508.756,1586.96,2217.85,-258.834,3.36674,3119.29,0
509.961,1570.12,2195.19,-236.245,2.9342,3078.91,0
511.167,1617.71,2194.62,-257.445,3.93067,3164.73,0
512.38,1587.98,2158.68,-250.925,3.15559,3099.23,0
513.555,1548.62,2175.8,-236.292,2.23056,3015.5,0
514.736,1571.04,2164.42,-198.451,2.72356,3052.12,0
515.904,1524.95,2137.68,-325.651,1.63214,2955.88,0
517.105,1545.48,2260.95,-331.361,2.09435,2988.72,0
518.321,1519.73,2347.37,-427.236,1.49411,2932.03,0
519.489,1500.23,2309.18,-455.862,1.04397,2887.89,0
520.666,1565.07,2319.27,-424.518,2.52501,3005.91,0
521.848,1560.02,2362.29,-433.123,2.38552,2989.42,0
523.04,1516.97,2389.96,-425.107,1.37304,2900.29,0
524.238,1531.11,2328.61,-347.713,1.69062,2920.63,0
525.417,1586.79,2380.12,-397.142,2.91585,3020.05,0
526.621,1615.48,2394.3,-420.811,3.51099,3067.64,0
527.815,1613.63,2415.85,-395.653,3.40724,3057.19,0
529.035,1606.25,2459.48,-448.182,3.15176,3036.19,0
530.2,1644.63,2476.63,-456.012,3.97891,3101.91,0
531.387,1619.39,2433.17,-495.64,3.29438,3047.47,0
532.565,1680.68,2470.52,-559.363,4.6019,3155.83,0
533.774,1682.29,2448.13,-606.554,4.47361,3151.68,0
534.965,1711.67,2422.97,-598.624,4.9497,3199.59,0
536.145,1717.3,2429.79,-563.715,4.86499,3203.04,0
537.335,1740.41,2468.31,-581.049,5.19005,3238.97,0
538.519,1728.26,2529.21,-598.725,4.72026,3209.28,0
539.724,1747.57,2592.09,-609.359,4.99012,3237.89,0
540.92,1768.95,2588.92,-615.569,5.2534,3270.26,0
542.108,1784.15,2538.8,-579.96,5.4103,3291.14,0
543.28,1744.47,2450.97,-613.569,4.33843,3211,0
544.49,1716.24,2435.43,-620.865,3.59666,3152.01,0
545.672,1743.01,2401.28,-580.358,4.10234,3194.25,0
546.862,1772.37,2345.1,-618.983,4.63867,3240.98,0
548.041,1824.49,2341.8,-576.951,5.62523,3329.11,0
549.237,1822.22,2353.2,-561.685,5.33382,3317.73,0
550.415,1816.05,2322.98,-468.821,4.96999,3299.43,0
551.593,1822.6,2349.15,-456.806,4.88391,3304.24,0
552.789,1840.52,2357.2,-513.662,5.1004,3329.52,0
553.987,1814.58,2361.67,-562.415,4.31619,3275.49,0
555.196,1846.69,2378.4,-556.164,4.87275,3326.19,0
556.371,1843.48,2403.03,-566.541,4.62762,3313.41,0
557.545,1845.12,2425.44,-513.581,4.49602,3309.37,0
558.746,1832.11,2419.79,-470.502,4.06212,3278.97,0
559.909,1845.92,2422.31,-520.632,4.25014,3296.81,0
561.116,1848.08,2409.82,-511.089,4.16872,3293.59,0
562.33,1812.53,2431.95,-488.925,3.23827,3223.25,0
563.522,1873.38,2478.33,-405.316,4.52952,3324.42,0
564.719,1890.83,2427.19,-440.135,4.73627,3348.27,0
565.904,1902.08,2443.33,-411.927,4.84645,3361.13,0
567.089,1894.61,2427.61,-414.39,4.47706,3340.94,0
568.262,1880.04,2443.25,-378.044,3.95917,3308.41,0
569.453,1862.2,2348.6,-416.823,3.43921,3270.15,0
570.657,1859.47,2382.88,-395.409,3.31372,3258.48,0
571.861,1870.11,2396.36,-348.01,3.48078,3270.21,0
573.073,1888.16,2359.36,-306.692,3.81845,3294.8,0
574.288,1907.89,2338.69,-316.641,4.16282,3322.18,0
575.479,1900.35,2326.24,-316.534,3.87903,3302.21,0
576.656,1910.95,2277.16,-329.898,4.01609,3313.85,0
577.85,1939.35,2277.66,-359.992,4.55588,3356.15,0
579.039,1930.6,2250.43,-362.773,4.20828,3334.14,0
580.249,1953.88,2239.02,-339.32,4.56988,3367.32,0
581.433,1976.08,2251.8,-350.213,4.92906,3398.64,0
582.607,1982.39,2250.55,-350.601,4.85078,3402.62,0
583.793,1951,2205.17,-337.27,3.9844,3341.93,0
584.976,1913.02,2179.37,-356.597,3.05976,3270.25,0
586.175,1960.02,2120.57,-356.635,4.0587,3343.74,0
587.36,1991.67,2117.29,-381.687,4.63169,3390.88,0
588.528,2003,2089.56,-358.77,4.7285,3403.41,0
589.712,2041.73,2060.67,-413.763,5.39416,3462.25,0
590.915,2017.14,2069.01,-411.604,4.61885,3413.59,0
592.121,2064.52,2064,-400.453,5.45223,3486.65,0
593.328,2096.35,2025.64,-429.723,5.87358,3533.2,0
594.528,2093.37,2022.11,-450.357,5.50436,3521.06,0
595.707,2117.93,2015.42,-446.995,5.81114,3555.32,0
596.899,2114.13,1988,-465.671,5.44956,3541.86,0
598.08,2118.42,1906.91,-504.866,5.31669,3542.03,0
599.271,2110.56,1852.05,-495.863,4.90709,3521.88,0
600.458,2138.53,1850.91,-497.904,5.36645,3561.49,0
601.658,2165.45,1801.34,-474.319,5.71648,3599.13,0
602.865,2165.8,1741.14,-489.344,5.42017,3592.52,0
604.045,2182.54,1756.76,-473.719,5.51251,3613.2,0
605.251,2176.96,1718.07,-484.905,5.15857,3596.79,0
606.441,2154.56,1711.4,-476.387,4.47821,3552.79,0
607.63,2125.22,1687.45,-500.101,3.71965,3497.56,0
608.839,2110.62,1716.07,-468.186,3.32366,3466.63,0
609.991,2150.71,1703.19,-440.399,4.14874,3525.8,0
611.172,2158.11,1711.74,-445.041,4.18123,3531.1,0
612.344,2180.04,1702.24,-474.922,4.53492,3560.16,0
613.536,2240.5,1691.32,-460.734,5.69133,3651.78,0
614.714,2261.03,1687.52,-498.081,5.84182,3678.19,0
615.915,2259.3,1619.69,-545.678,5.52326,3668.2,0
617.111,2249.91,1653.82,-587.03,5.03364,3645.88,0
618.284,2252.58,1651.23,-583.557,4.88419,3643.27,0
619.453,2254.88,1688.26,-566.749,4.74264,3640.12,0
620.642,2242.66,1703.4,-583.864,4.30802,3613.46,0
621.803,2271.97,1714.69,-660.59,4.7973,3653.84,0
622.992,2260.63,1683.59,-677.199,4.38923,3628.67,0
624.192,2277.88,1695.22,-645.118,4.58129,3649.32,0
625.388,2254.35,1754.82,-710.491,3.91814,3604.72,0
626.571,2212.73,1741.5,-702.837,2.88129,3531.48,0
627.739,2264.71,1734.29,-685.886,3.99607,3607.72,0
628.942,2184.98,1773.6,-606.501,2.11458,3474.06,0
630.115,2179.27,1780.94,-545.16,1.96305,3458.52,0
631.324,2235.29,1724.21,-615.321,3.19693,3540.65,0
632.498,2216.65,1747.52,-551.492,2.72825,3504.59,0
633.7,2230.67,1655.6,-551.198,3.00605,3520.08,0
634.867,2209.09,1681.68,-557.628,2.45188,3479.62,0
636.05,2274.75,1673.92,-583.904,3.88453,3576.37,0
637.254,2257.21,1681.26,-564.965,3.40931,3542.08,0
638.459,2227.65,1707.73,-506.564,2.68734,3489.11,0
639.66,2190.63,1788.84,-589.674,1.81351,3424.69,0
640.867,2246.93,1766.97,-594.846,3.09083,3506.08,0
642.047,2278.72,1802.93,-590.608,3.74895,3549.16,0
643.245,2290.79,1789.7,-557.358,3.94418,3561.3,0
644.425,2287.77,1814.22,-565.174,3.75956,3550.1,0
645.621,2289.51,1821.01,-546.142,3.68668,3546.22,0
646.791,2209.37,1731.71,-581.678,1.81001,3415.89,0
647.99,2165.31,1742.81,-568.735,0.78838,3341.58,0
649.161,2209.74,1725.14,-584.6,1.80175,3404,0
650.376,2205.96,1839.07,-619.271,1.70898,3391.82,0
651.575,2236.02,1877.88,-738.402,2.38196,3431.71,0
652.753,2268.84,1884.18,-726.519,3.09777,3475.8,0
653.922,2264.94,1859.36,-762.714,2.96407,3463.63,0
655.11,2286.17,1843.82,-741.584,3.3893,3489.76,0
656.291,2295.51,1823.61,-755.594,3.53282,3497.7,0
657.512,2265.9,1815.28,-704.306,2.81224,3446.18,0
658.719,2157.35,1772.24,-722.484,0.309951,3275.07,0
659.902,2253.24,1841.46,-774.306,2.50014,3414.51,0
661.087,2218.19,1796.25,-866.179,1.66003,3355.36,0
662.283,2211.41,1807.7,-940.057,1.48098,3339.07,0
663.498,2190.43,1807.58,-860.305,0.997524,3301.34,0
664.668,2228.02,1794.07,-820.574,1.85067,3352.07,0
665.86,2176.48,1769.25,-723.715,0.660603,3268.68,0
667.045,2209.46,1680.63,-805.686,1.41604,3312.31,0
668.221,2151.38,1692.86,-882.147,0.0780777,3219.57,0
669.418,2170.51,1812.55,-983.373,0.516282,3242.38,0
670.609,2249.74,1839.23,-991.41,2.3204,3354.77,0
671.791,2230.19,1848.96,-973.999,1.85302,3319.76,0
672.963,2239.35,1866.8,-985.589,2.04674,3327.6,0
674.142,2205.84,1947.31,-992.174,1.25838,3272.07,0
675.335,2223.24,1903.69,-995.761,1.6533,3292.06,0
676.546,2256.77,1847.5,-964.718,2.41259,3335.73,0
677.758,2278.03,1823.87,-956.392,2.8457,3361.13,0
678.944,2387.15,1835.31,-1009.2,5.23228,3515.98,0
680.131,2363.3,1899.35,-976.787,4.48757,3474.76,0
681.325,2424.52,1872.83,-1008.92,5.66982,3558.54,0
682.509,2484.72,1898.13,-1066.7,6.73883,3640.57,0
683.722,2502.77,1926.86,-1017.75,6.65037,3660.51,0
684.919,2530.14,1894.78,-984.224,6.86693,3694.07,0
686.092,2573.88,1945.06,-958.441,7.33446,3751.51,0
687.252,2535.11,1966.96,-957.012,6.00892,3688.76,0
688.466,2546.54,1988.68,-930.667,6.00227,3698.86,0
689.615,2535.42,1989.22,-931.734,5.46971,3676.57,0
690.832,2543.64,2011.85,-967.774,5.42665,3681.99,0
692.043,2540.19,2012.77,-984.999,5.11734,3670.57,0
693.239,2533.72,1998.36,-1011.43,4.78702,3654.91,0
694.458,2530.71,2033.6,-970.616,4.56978,3644.15,0
695.655,2460.19,1998.56,-985.364,2.85189,3536.52,0
696.846,2408.97,2000.95,-987.06,1.64721,3456.96,0
698.068,2448.42,2136.43,-928.224,2.53009,3507.43,0
699.279,2485.55,2161.05,-944.09,3.3171,3554.45,0
700.474,2486.46,2209.61,-868.427,3.27279,3549.67,0
701.667,2491.37,2193.91,-880.307,3.32807,3550.64,0
702.85,2558.52,2192.29,-874.269,4.76249,3640.21,0
704.032,2557.36,2213.41,-898.582,4.55276,3632.45,0
705.229,2585.79,2269.59,-857.646,4.99669,3666.59,0
706.43,2570.42,2226.6,-853.464,4.49759,3638.6,0
707.611,2587.72,2222.45,-920.335,4.74174,3656.98,0
708.784,2627.95,2179.84,-949.57,5.43754,3707.69,0
709.985,2630.07,2155.34,-977.863,5.27007,3704.41,0
711.182,2621.97,2208.38,-1005.05,4.86633,3686.78,0
712.378,2619.59,2266.56,-1051.77,4.60192,3677.25,0
713.564,2668.44,2246.22,-1071.08,5.53326,3739.59,0
714.75,2640.56,2229.39,-1055.41,4.67798,3694.39,0
715.954,2639.29,2279.78,-1070.99,4.47192,3686.4,0
717.152,2698.55,2293.59,-1096.97,5.64029,3762.87,0
718.351,2645.14,2236.61,-1062.37,4.21657,3682.24,0
719.518,2587.41,2194.06,-1020.19,2.80682,3596.03,0
720.699,2596.12,2208.96,-1042.1,2.97351,3602.23,0
721.899,2521.42,2207.74,-1081.27,1.22354,3492.76,0
723.104,2503.37,2091.39,-1070.97,0.804672,3461.98,0
724.313,2516.97,2121.59,-993.173,1.11501,3474.97,0
725.471,2485.26,2134.98,-978.303,0.378127,3425.72,0
726.7,2589.5,2069.56,-1012.16,2.75357,3563.38,0
727.88,2581.3,2051.06,-1065.5,2.53571,3546.33,0
729.07,2569.29,2020.45,-1123.69,2.23798,3524.06,0
730.265,2547.45,2090.86,-1098.26,1.7248,3488.39,0
731.451,2567.09,2078.72,-1120.01,2.15436,3509.59,0
732.651,2588.28,2128.09,-1125.48,2.60751,3532.76,0
733.866,2613.28,2123.14,-1177.61,3.13218,3560.98,0
735.067,2553.5,2146.93,-1164.05,1.71701,3473.83,0
736.261,2505.38,2179.9,-1160.59,0.610015,3402.85,0
737.45,2513.6,2259.37,-1066.01,0.798111,3408.51,0
738.649,2539.94,2169.32,-1004.86,1.40024,3438.63,0
739.836,2489.3,2166.94,-1000.56,0.235105,3364.66,0
741.024,2630.87,2186.55,-1015.81,3.47041,3550.31,0
742.196,2592.17,2140.99,-1033.86,2.53095,3492.56,0
743.396,2628.4,2101.36,-1012.95,3.31581,3535.67,0
744.578,2640.57,2145.44,-1025.77,3.50499,3546.4,0
745.773,2672.19,2122.18,-1018.35,4.12205,3583.11,0
746.926,2672.48,2074.58,-964.188,4.01392,3577.97,0
748.142,2714.19,2096.88,-985.303,4.85228,3627.91,0
749.345,2716.32,2065.22,-1007.92,4.74785,3624.93,0
750.532,2673.69,2122.31,-1027.77,3.63284,3562.4,0
751.715,2623.72,2046.6,-983.949,2.43546,3490.32,0
752.892,2583.82,1937.51,-1021.49,1.50026,3431.86,0
754.101,2634.52,1931.01,-1071.3,2.64586,3493.59,0
755.273,2645.07,1983.08,-1067.69,2.84771,3502.14,0
756.471,2672.89,1980.18,-1120.29,3.42578,3533.37,0
757.647,2728.24,1992.71,-1141.68,4.57404,3600.93,0
758.859,2733.06,2009.65,-1161.32,4.55534,3601.54,0
760.036,2699.19,2027.8,-1081.39,3.64083,3551.4,0
761.221,2728.22,1990.8,-1013.02,4.2151,3584.01,0
762.413,2724.01,2036.79,-1092.32,4.01488,3572.88,0
763.597,2741.35,2028.2,-1089.54,4.2698,3590.05,0
764.773,2722.76,2058,-1079.27,3.74141,3560.23,0
765.954,2744.02,2043.35,-1082.01,4.14958,3582.48,0
767.144,2705.84,2086.61,-1108.09,3.21403,3527.17,0
768.331,2632.63,2052.2,-1091.56,1.51403,3426.42,0
769.521,2625.19,2012.55,-1012.13,1.33821,3411.46,0
770.734,2594.21,2039.42,-1149.81,0.620797,3365.9,0
771.909,2593,2151.64,-1081.82,0.591405,3359.21,0
773.113,2649.56,2195.78,-983.134,1.88719,3427.13,0
774.329,2645.81,2080.39,-968.072,1.78956,3416.9,0
775.526,2685.9,2088.26,-1018.78,2.69268,3463.33,0
776.708,2668.31,2058.74,-1082.58,2.25645,3435.4,0
777.897,2645.04,2122.34,-1084.1,1.70134,3400.25,0
779.11,2678.34,2066.18,-1132.39,2.44702,3437.7,0
780.295,2671.33,2100.72,-1093.19,2.25901,3423.48,0
781.516,2633.72,2154.11,-1102.44,1.38783,3370.02,0
782.698,2622.13,2176.34,-1128.06,1.11866,3350.12,0
783.902,2652.25,2088.84,-1195.73,1.80566,3383.39,0
785.094,2612.25,2097.66,-1259.07,0.874684,3327.31,0
786.275,2641.59,2073.4,-1329.47,1.54054,3359.62,0
787.462,2599.05,2094.94,-1347.14,0.549991,3300.54,0
788.657,2632.29,2197.23,-1358.8,1.31149,3337.68,0
789.853,2651.94,2171.71,-1347.6,1.75084,3357.51,0
791.057,2664.78,2150.76,-1303.17,2.02134,3368.64,0
792.26,2602.68,2154.73,-1352.18,0.585454,3285.13,0
793.452,2621.79,2201.67,-1378.38,1.02306,3304.28,0
794.635,2674.87,2060.17,-1328.65,2.22431,3366.16,0
795.831,2649.06,2018.48,-1293.2,1.60546,3328.67,0
797.021,2623.49,1922.08,-1271.59,1.01454,3291.62,0
798.212,2593.64,1839.64,-1236.96,0.326124,3249.32,0
799.41,2615.63,1751.12,-1253.24,0.82918,3271.96,0
800.597,2660.88,1690.69,-1294.61,1.85264,3323.63,0
801.771,2657.32,1680.18,-1287.14,1.74894,3314.31,0
802.966,2669.14,1799.53,-1190.4,2.00392,3324.1,0
804.175,2688.67,1762.84,-1192.4,2.41266,3343.39,0
805.372,2634.17,1760.48,-1200.78,1.15466,3270.75,0
806.563,2635.42,1767.3,-1231.62,1.17514,3267.47,0
807.746,2642.91,1825.82,-1251.58,1.33359,3271.95,0
808.946,2651.41,1836.25,-1338.46,1.52362,3277.61,0
810.14,2649.92,1819.73,-1308.66,1.47018,3270.95,0
811.328,2657.9,1859.59,-1297.12,1.63898,3275.99,0
812.549,2641.39,1941.37,-1321.76,1.24873,3250.75,0
813.759,2648.76,1942.77,-1320.57,1.40631,3254.97,0
814.952,2620.86,1898.33,-1208.71,0.76279,3215.97,0
816.14,2734.89,1962.15,-1268.44,3.331,3351,0
817.33,2711.81,1949.18,-1268.04,2.73553,3317.88,0
818.518,2630.17,1979.08,-1242.78,0.849126,3213.33,0
819.737,2648.86,1998.72,-1279.79,1.2727,3231.35,0
820.94,2620.62,1983.27,-1278.62,0.621767,3192.22,0
822.146,2697.78,1934.26,-1251.4,2.38198,3281.39,0
823.335,2646.83,1938.53,-1199.57,1.20214,3214.77,0
824.516,2622.71,1998.94,-1277.27,0.641777,3180.9,0
825.697,2638.07,1994.61,-1254.52,0.99368,3194.96,0
826.903,2659.51,1980.81,-1243.88,1.47573,3216.23,0
828.124,2648.26,1993.47,-1225.61,1.2075,3197.9,0
829.318,2623.98,1903.63,-1208.22,0.645569,3164.02,0
830.521,2610.28,1855.26,-1213.74,0.330271,3142.94,0
831.7,2600.85,1802.82,-1180.62,0.110463,3127.15,0
832.896,2650.71,1787.79,-1198.2,1.2533,3182.52,0
834.098,2637.25,1775.83,-1135.3,0.940284,3161.8,0
835.282,2644.54,1834.02,-999.622,1.10697,3166.05,0
836.489,2631.59,1842.4,-1041.88,0.806516,3145.99,0
837.677,2665.31,1767.38,-1057.23,1.57471,3181.79,0
838.893,2740.35,1738.15,-1026.94,3.26644,3266.63,0
840.073,2767.31,1757.3,-1006.69,3.81998,3294.13,0
841.269,2752.74,1765.36,-1043.65,3.40231,3272.12,0
842.473,2734.77,1746.47,-1016.6,2.92625,3246.12,0
843.673,2748.13,1786.46,-1057.23,3.17475,3257.34,0
844.887,2728.56,1736.72,-1047.89,2.67781,3229.49,0
846.083,2734.22,1708.57,-1003.45,2.77269,3231.62,0
847.261,2731.32,1709.3,-990.549,2.65523,3223.7,0
848.46,2729.72,1762.88,-1050.27,2.57873,3217.27,0
849.657,2763.87,1605.3,-1104.33,3.31658,3252.93,0
850.799,2732.26,1618.39,-1163.25,2.54439,3211.4,0
852,2654.79,1602.19,-1181.69,0.754437,3115.95,0
853.216,2748.95,1565.68,-1141.6,2.88889,3221.87,0
854.413,2699.58,1543.58,-1192.88,1.73523,3159.58,0
855.591,2648.27,1616.48,-1199.2,0.554133,3095.25,0
856.798,2695.36,1521.34,-1261.22,1.6322,3145.86,0
857.977,2689.65,1502.47,-1331.29,1.48106,3134.87,0
859.168,2697.53,1611.74,-1271.99,1.65832,3139.7,0
860.368,2754.81,1590.41,-1330.82,2.94823,3201.9,0
861.565,2772.75,1575.35,-1367.22,3.31019,3218.28,0
862.758,2777.38,1598.88,-1402.2,3.35572,3219.19,0
863.962,2811.47,1604.67,-1308.14,4.04673,3254.16,0
865.181,2805.23,1605.92,-1286.19,3.78302,3242.36,0
866.349,2768.74,1675.59,-1259.28,2.88085,3195.87,0
867.539,2795.36,1657.76,-1244.78,3.43683,3222.17,0
868.705,2740.69,1604.24,-1210.16,2.13374,3154.92,0
869.897,2718.23,1576.02,-1216.97,1.59694,3124.77,0
871.076,2788.25,1562.5,-1187.87,3.18202,3200.93,0
872.291,2738,1609.77,-1192.91,2.00225,3138.86,0
873.483,2667.2,1599.68,-1225.61,0.369211,3053.53,0
874.686,2682.68,1681.48,-1180.19,0.723826,3067.02,0
875.868,2733.32,1615.46,-1095.32,1.88398,3120.69,0
877.046,2782.69,1616.8,-1048.81,2.98499,3172.8,0
878.233,2819.02,1666.76,-1078.1,3.75603,3209.88,0
879.427,2798.01,1694.54,-1078.25,3.20459,3181.62,0
880.619,2802.51,1740.5,-1117.81,3.25574,3182.44,0
881.83,2839.72,1675.23,-1119.38,4.03492,3220.25,0
883.044,2817.32,1736.06,-1093.85,3.44239,3190.47,0
884.231,2833.54,1746.5,-1114.4,3.71739,3204.53,0
885.438,2795.02,1752.21,-1149.34,2.77669,3156.66,0
886.621,2807.4,1739.87,-1158.54,3.02472,3166.41,0
887.806,2748.83,1778.23,-1210.13,1.63808,3096.21,0
889.017,2777.63,1774.8,-1231.27,2.28504,3124.38,0
890.218,2753.63,1810.56,-1263.34,1.72245,3093.21,0
891.428,2832.4,1791.68,-1216.85,3.47915,3177.37,0
892.592,2907.72,1797.34,-1186.07,5.081,3257.61,0
893.781,2916.12,1848.44,-1172.79,5.06105,3262.67,0
894.987,2941.14,1853.61,-1193.17,5.3866,3286.24,0
896.179,2989.01,1837.46,-1200.37,6.14141,3335.28,0
897.376,2975.15,1861.53,-1164.35,5.46391,3315.38,0
898.589,2941.78,1921.36,-1115.01,4.50704,3273.78,0
899.787,2899.8,1945.1,-1105.53,3.45404,3222.77,0
900.982,2906.2,1909.69,-1066.38,3.52029,3225.59,0
902.189,2943.15,1900.15,-1111.49,4.28023,3262.24,0
903.387,2926.33,1924.81,-1134.23,3.75652,3239.29,0
904.56,2956.86,1954.32,-1164.09,4.35983,3268.84,0
905.765,2958.86,1953.97,-1112.15,4.25026,3266.7,0
906.963,2991.01,1970.5,-1110.49,4.86427,3297.83,0
908.151,2970.83,1968.36,-1095.78,4.23971,3271.29,0
909.336,2930.28,1960.52,-1137.48,3.23883,3222.44,0
910.575,3000.95,1997.45,-1113.44,4.75131,3295.67,0
911.774,2971.54,2025.77,-1075.96,3.92563,3259.08,0
912.974,2983.94,1990.38,-1085.63,4.07942,3268.37,0
914.19,2943.99,2041.43,-1048.13,3.08284,3220.32,0
915.365,2941.19,2009.92,-1048.03,2.97675,3213.13,0
916.542,3022.08,2038.66,-1087.22,4.74247,3297.26,0
917.735,2992.09,2019.72,-1007.95,3.91617,3260.3,0
918.95,3023.99,1943.25,-1002.16,4.51781,3290.7,0
920.144,2968.77,1913.75,-993.499,3.17488,3226.42,0
921.342,2966.78,1899.85,-967.635,3.04594,3220.06,0
922.536,2977.1,1909.57,-1028.18,3.21857,3227.08,0
923.736,2965.43,1891.48,-1037.72,2.89657,3210.26,0
924.936,2977.25,1879.22,-1066.92,3.10049,3218.87,0
926.122,3066.88,1870.64,-1050.64,5.04138,3311.53,0
927.33,3072.53,1872.65,-1046.34,4.9814,3313.31,0
928.521,3069.41,1884.9,-1097.3,4.7294,3305.7,0
929.726,3035.72,1806.89,-1140.04,3.84895,3265.17,0
930.907,3046.11,1741.54,-1172.97,3.98706,3272.19,0
932.114,3096.28,1742.01,-1215.85,4.96291,3321.78,0
933.307,3122.52,1768.73,-1204.95,5.33445,3345.65,0
934.514,3155.44,1762.73,-1195.07,5.8272,3376.56,0
935.74,3162.54,1784.91,-1191.61,5.69053,3379.72,0
936.938,3125.87,1818.73,-1184.77,4.61822,3336.27,0
938.161,3159.18,1803.71,-1149.21,5.1487,3367.41,0
939.385,3186.72,1776.3,-1139.65,5.52233,3392.34,0
940.591,3144.99,1777.43,-1141.94,4.34297,3343.63,0
941.79,3129.89,1758.85,-1109.78,3.8766,3323.34,0
942.998,3109.58,1778.47,-1111.35,3.33585,3297.54,0
944.192,3138.14,1838,-1082.6,3.89193,3323.63,0
945.373,3160.98,1797.36,-1053.78,4.29369,3343.63,0
946.568,3128.78,1796.36,-1088.09,3.45971,3305.39,0
947.776,3141.6,1827.22,-1105.79,3.66945,3314.71,0
948.964,3106.77,1844.25,-1093.41,2.81934,3273.85,0
950.175,3082.64,1868.68,-1013.83,2.24607,3244.28,0
951.374,3024.72,1794.76,-882.353,0.906533,3179.32,0
952.58,3019.42,1787.37,-836.649,0.782991,3169.73,0
953.771,3014.83,1926.5,-767.076,0.676235,3160.96,0
954.956,2996.7,1974.25,-698.111,0.25618,3138.05,0
956.167,3024.25,1990.18,-616.459,0.885869,3162.89,0
957.358,3055.42,1973.86,-577.926,1.59272,3191.51,0
958.568,3056.87,2024.56,-548.165,1.62139,3189,0
959.782,3045.7,2011.73,-535.873,1.35681,3173.33,0
961.004,3072.12,2017.58,-564.088,1.94715,3196.79,0
962.222,3025.88,2043.18,-517.669,0.873991,3144.68,0
963.408,3050.35,2037.87,-459.802,1.42931,3166.21,0
964.588,3091.48,2096.02,-497.123,2.36552,3204.97,0
965.802,3122.13,2026.45,-503.018,3.03133,3232.68,0
966.989,3099.9,2012.09,-447.41,2.45923,3205.72,0
968.17,3090.39,1998.35,-412.9,2.20467,3191.99,0
969.333,3036.48,2002.61,-418.987,0.955826,3132.55,0
970.498,3125.75,2021.21,-371.101,2.98943,3220.77,0
971.695,3136.8,2015,-353.632,3.16502,3228.17,0
972.883,3097.01,1998.46,-366.142,2.20806,3183.33,0
974.083,3108.04,2034.53,-365.962,2.43546,3190.73,0
975.271,3144.94,2016.03,-359.971,3.23042,3224.68,0
976.481,3097.58,2055.61,-412.286,2.10298,3172.19,0
977.637,3145.7,2093.1,-446.671,3.15587,3217.66,0
978.823,3156.61,2118.23,-569.639,3.34172,3224.9,0
980.01,3173.04,2102.96,-597.505,3.64179,3237.76,0
981.187,3204.32,2142.55,-593.585,4.28109,3265.76,0
982.368,3278.45,2104.88,-657.113,5.81993,3337.3,0
983.567,3347.45,2096.93,-663.174,6.96727,3403.38,0
984.777,3338.48,2102.39,-684.065,6.32219,3390.09,0
985.95,3350.74,2130.17,-733.209,6.1926,3398.49,0
987.123,3369.41,2152.47,-743.224,6.23682,3413.36,0
988.302,3339.19,2167.08,-778.095,5.23735,3378.72,0
989.482,3295.54,2101.19,-766.222,4.07594,3330.57,0
990.684,3258.53,2084.38,-710.649,3.11208,3289.18,0
991.892,3305.45,2069.53,-714.4,4.09877,3332.47,0
993.1,3342.93,2065.29,-782.794,4.82491,3366.16,0
994.331,3313.58,2038.54,-736.835,4.03268,3332.47,0
995.509,3322.86,2038.02,-684.137,4.14405,3337.85,0
996.71,3291.55,2025.31,-662.119,3.36051,3302.41,0
997.914,3298.4,2032.32,-684.958,3.46095,3305.29,0
999.107,3252.94,2048.58,-648.397,2.38166,3255.85,0
1000,3252.98,2098.6,-624.055,2.35947,3252.97,0
