1.18714,202.874,-9.86897,33.8952,5.34489,170893,18
2.38411,429.702,5.92835,7.41417,0.7896,180236,39
3.55779,642.543,9.43819,4.47792,11.0606,180601,56
4.76897,836.325,-10.5847,6.18957,12.6406,175368,76
5.96534,1023.45,-13.6856,23.2704,15.9645,171567,91
7.17095,1251.44,10.3576,48.8081,24.5283,174516,116
8.34069,1443.35,-2.66376,-25.3198,10.1938,173050,133
9.53558,1650.98,-12.5227,-8.63859,11.4036,173139,146
10.7246,1868.28,-51.2196,24.589,18.728,174205,165
11.941,2088.65,-42.5144,36.812,3.41963,174913,184
13.1292,2274.37,-16.1669,75.868,2.64566,173229,199
14.3476,2472.43,-94.8981,72.5345,7.38226,172323,212
15.53,2651.45,-95.4997,106.995,6.19484,170731,228
16.7239,2899.45,-79.6774,150.883,4.99101,173371,252
17.9302,3099.14,-127.689,170.174,7.60721,172845,270
19.1236,3316.65,-137.889,184.632,17.7755,173433,287
20.3177,3493.86,-138.192,176.443,2.14476,171961,297
21.4945,3708.59,-159.962,189.733,2.46139,172537,316
22.6729,3913.16,-190.083,221.763,12.3976,172592,330
23.8619,4084.93,-184.995,227.455,4.20205,171190,345
25.0463,4264.02,-204.771,246.574,7.5295,170245,358
26.2467,4425.47,-179.181,256.496,16.7951,168610,369
27.4349,4608.31,-137.419,177.425,10.7365,167973,382
28.6397,4825.41,-148.966,132.482,14.2006,168487,393
29.8236,5024.35,-155.796,107.657,15.8627,168469,411
30.9899,5192.42,-185.068,105.638,12.8462,167552,431
32.1706,5416.47,-167.201,110.243,12.0089,168367,447
33.3567,5614.94,-200.762,98.8387,1.22117,168330,465
34.5601,5848.8,-175.652,87.8641,8.97647,169235,482
35.745,5996.52,-166.783,165.672,3.33679,167758,493
36.946,6188.32,-139.452,102.874,9.49518,167496,512
38.1652,6362.87,-87.832,126.194,16.491,166719,525
39.3547,6596.75,-104.776,121.89,11.6833,167623,543
40.5436,6805.07,-79.6118,60.0844,7.08391,167845,562
41.7621,7024.34,-69.5713,55.9569,4.3016,168199,582
42.9737,7207.93,-55.4569,23.2272,0.625862,167729,595
44.161,7402.2,18.679,-7.5016,1.50268,167618,614
45.3502,7625.76,2.32916,13.3314,7.66986,168153,630
46.5804,7857.95,98.4114,13.2808,2.89556,168696,653
47.7871,8045.06,77.1239,33.7615,6.48966,168352,667
49.0067,8315.05,27.8698,52.7165,13.1558,169672,689
50.2084,8486.05,9.08347,73.7734,5.92308,169017,706
51.3801,8712.93,11.3069,107.804,8.699,169578,722
52.5834,8920.69,-1.76056,116.232,2.54442,169649,739
53.7894,9152.52,5.73531,129.141,6.93941,170155,753
54.9802,9360.94,6.94912,159.173,3.32631,170260,766
56.1746,9541.85,-37.9033,131.42,1.96257,169860,779
57.3489,9748.46,-62.9037,115.047,11.5468,169985,799
58.5339,10003.6,-108.942,124.153,5.05606,170902,818
59.7245,10195.7,-118.54,103.204,11.6722,170713,836
60.9088,10396.7,-62.9323,122.641,1.99106,170692,854
62.1131,10602.1,-88.5394,74.4187,6.19466,170690,870
63.289,10789.2,-80.3762,49.7859,3.87085,170476,886
64.4685,10960.4,-101.796,105.804,9.54953,170011,899
65.6562,11164.9,-109.236,96.0704,4.265,170051,922
66.855,11347.4,-109.443,146.418,7.86361,169731,937
68.0559,11549.2,-137.011,141.29,13.7757,169701,955
69.2412,11753.1,-94.4737,141.979,9.6167,169741,974
70.4337,11988.4,-116.705,120.007,10.2507,170208,989
71.6549,12172.1,-128.216,118.356,14.5892,169871,1000
72.8664,12380.9,-153.363,169.68,4.29446,169912,1020
74.0664,12632.3,-101.855,171.931,5.84165,170553,1042
75.273,12827.6,-98.0573,134.663,1.0738,170414,1055
76.5075,13069.3,-57.1951,160.697,14.2476,170824,1080
77.6651,13291.2,-19.8919,152.464,3.81691,171134,1102
78.8628,13532.9,-63.9633,152.694,4.39141,171600,1126
80.0485,13742.5,-37.396,115.474,3.71652,171677,1147
81.2437,13948,-110.943,124.005,4.68971,171682,1163
82.4516,14166.8,-117.471,124.081,1.96368,171820,1185
83.6531,14350.5,-76.3152,118.148,11.2509,171547,1200
84.8796,14583.1,-100.999,170.262,2.68991,171810,1212
86.107,14882.2,-122.389,133.311,17.0864,172834,1238
87.2836,15056.2,-104.988,200.078,8.43928,172497,1252
88.4505,15273.5,-96.4333,176.469,22.4577,172679,1275
89.6255,15477.6,-99.7944,196.618,6.95301,172692,1293
90.8148,15623.9,-157.858,231.729,5.12897,172042,1306
92.0031,15823.1,-155.988,227.171,3.83878,171984,1320
93.205,16050.1,-107.905,236.416,5.25194,172202,1335
94.3964,16243.6,-76.2762,208.477,15.2064,172078,1351
95.5996,16419.1,-88.2022,163.613,8.61933,171748,1367
96.8064,16622.3,-110.965,180.888,4.43543,171706,1387
98.0058,16790.8,-102.059,131.366,8.45072,171325,1400
99.1881,17002.3,-69.5475,145.935,9.61848,171414,1419
100.36,17150.6,-67.6625,215.484,9.68049,170891,1432
101.552,17323.2,-75.9891,174.706,12.4774,170584,1451
102.742,17523.2,-59.7479,184.591,0.354697,170556,1469
103.926,17738.8,-43.1998,270.584,7.78238,170686,1488
105.117,17913.2,-78.9402,276.363,2.19614,170412,1498
106.347,18102.8,-115.866,281.991,6.05553,170224,1513
107.564,18323.4,-149.695,297.284,8.26049,170349,1530
108.768,18550.5,-161.739,325.915,5.57799,170551,1546
109.944,18753.9,-182.769,336.331,4.95166,170577,1562
111.095,18937.5,-190.061,294.671,12.0836,170463,1581
112.277,19150,-171.596,281.744,7.79222,170561,1597
113.477,19300.8,-126.202,314.399,12.5048,170086,1612
114.667,19482.4,-128.107,335.355,14.0037,169905,1627
115.862,19670,-101.938,351.873,8.26831,169771,1642
117.053,19856.1,-44.9645,298.756,1.71687,169634,1658
118.24,20019,-1.32637,266.725,9.52585,169308,1668
119.424,20229.2,13.1792,254.467,11.0713,169390,1683
120.618,20405.7,20.9869,205.113,7.55827,169176,1700
121.803,20620.6,46.6175,167.502,16.3748,169295,1716
123.005,20823.9,61.6336,151.446,7.86912,169293,1727
124.204,21023,42.8822,221.525,2.18478,169262,1742
125.379,21193.5,28.0382,230.624,10.693,169036,1757
126.597,21400.5,9.20144,200.946,9.30412,169043,1769
127.77,21588.4,-26.5056,164.59,14.084,168963,1786
128.945,21801.8,24.8661,153.541,12.8702,169078,1802
130.138,22035.2,22.9497,134.836,14.2489,169322,1820
131.316,22279.9,19.9012,120.876,6.02797,169667,1852
132.494,22481.1,-7.6509,124.3,10.3478,169677,1869
133.681,22692.4,-10.959,123.257,13.8602,169750,1887
134.889,22856.7,-15.0424,165.211,2.89231,169448,1901
136.088,23066.1,-26.7253,161.396,8.18261,169494,1920
137.304,23292.6,-7.78162,249.223,5.10751,169643,1938
138.491,23513.7,-33.605,257.773,11.918,169784,1959
139.707,23709.5,-25.1309,265.673,0.504199,169709,1978
140.903,23882.9,-27.6677,282.316,1.57511,169499,1995
142.079,24106.5,-54.8304,254.574,4.93897,169669,2015
143.28,24299,-45.7559,226.895,11.5647,169591,2027
144.477,24502.5,-44.745,188.731,6.93776,169595,2044
145.673,24654.9,30.395,201.434,7.05547,169249,2058
146.851,24856.8,81.3607,211.841,2.47631,169265,2075
148.036,25045.9,51.3815,238.446,10.5721,169188,2089
149.216,25267.4,62.276,250.957,15.939,169335,2108
150.431,25463.9,69.2704,226.296,0.200813,169273,2123
151.621,25676,22.4717,267.108,2.26965,169343,2141
152.803,25849.9,18.065,261.51,4.71467,169172,2161
154.004,26013.1,-3.31074,198.201,9.42626,168911,2171
155.2,26193,-32.6555,219.285,11.121,168769,2190
156.381,26335.7,-62.2802,210.073,2.33428,168407,2203
157.59,26537,-86.5592,178.797,2.77834,168393,2216
158.784,26749.1,-40.3503,196.48,1.57767,168462,2237
159.98,26944.1,34.6119,188.406,4.90192,168421,2253
161.191,27149,24.2973,146.55,3.61665,168428,2265
162.372,27368.4,23.8241,110.988,3.92394,168553,2284
163.577,27599.9,142.811,74.2121,22.9055,168727,2309
164.769,27800.2,121.161,67.0633,0.451145,168723,2327
165.975,28050.5,97.7947,57.7694,8.65687,169004,2348
167.184,28287.2,105.215,100.657,9.86628,169198,2365
168.363,28489.2,120.785,97.4556,8.02055,169212,2382
169.564,28706.2,130.558,63.7752,15.9957,169294,2402
170.755,28926.2,157.505,64.0769,6.87403,169402,2422
171.945,29159.9,204.703,74.7806,10.6009,169589,2439
173.123,29330,202.916,86.5184,1.95096,169417,2454
174.315,29563.1,191.048,84.1618,15.9644,169596,2474
175.52,29744.2,208.868,94.9593,2.21031,169463,2487
176.696,29928.1,231.104,151.401,5.09742,169377,2498
177.873,30123.6,212.733,122.263,3.26549,169355,2515
179.065,30315.1,229.958,115.561,4.43208,169296,2530
180.263,30565.4,226.353,137.95,17.6317,169560,2549
181.479,30791.2,270.003,177.414,1.07282,169668,2566
182.662,30982.6,248.872,208.684,18.1627,169617,2577
183.871,31173.6,194.005,195.747,7.31527,169541,2589
185.048,31413,216.41,175.908,4.04808,169755,2611
186.227,31622.9,219.26,242.935,24.4778,169808,2627
187.415,31784.2,170.715,226.055,15.114,169593,2642
188.607,31972,181.685,248.708,7.46678,169517,2656
189.82,32201.7,192.76,233.495,10.6029,169643,2672
191.007,32375.8,180.646,262.745,2.31228,169501,2689
192.196,32613.5,187.925,248.279,13.8285,169689,2710
193.388,32837.5,160.853,242.178,6.63696,169801,2723
194.593,32998.7,128.068,306.65,5.84652,169578,2735
195.773,33179.8,81.7375,296.925,20.6139,169481,2751
196.951,33378.2,76.5373,307.767,2.41562,169475,2772
198.154,33556.4,48.1303,328.121,10.1782,169345,2787
199.348,33757.3,45.1701,311.024,9.352,169339,2806
200.524,33949.1,119.202,317.498,10.1189,169302,2820
201.729,34171.1,102.119,310.522,6.09863,169391,2840
202.888,34371.4,105.565,331.402,2.35059,169411,2854
204.09,34586.9,183.631,288.159,8.19031,169469,2875
205.268,34776.3,201.795,243.982,9.3023,169419,2895
206.446,35001.8,175.914,204.016,1.21293,169545,2916
207.638,35228.7,194.992,251.337,2.61851,169664,2932
208.846,35422.3,193.161,173.405,5.62629,169610,2953
210.026,35604.8,185.335,183.862,11.3898,169526,2969
211.206,35777.8,174.149,199.931,8.30823,169398,2980
212.427,35994.5,175.904,190.556,16.2987,169444,2996
213.625,36242.4,154.682,172.618,8.8833,169654,3015
214.81,36457.1,117.606,193.627,19.4211,169718,3032
216.003,36659,122.915,146.446,7.65601,169715,3048
217.21,36872.1,114.507,144.183,14.8104,169753,3062
218.412,37020.2,92.9441,161.667,14.4365,169497,3072
219.639,37255,139.555,165.23,4.92007,169619,3096
220.825,37441.8,121.851,210.641,7.65822,169554,3107
222.007,37612.9,127.42,166.836,9.87821,169422,3118
223.221,37822.7,142.145,193.754,12.4899,169440,3139
224.434,38026.5,139.063,146.195,6.28541,169433,3158
225.661,38242.4,146.704,129.189,6.1693,169469,3172
226.866,38460,148.383,129.392,8.85055,169528,3181
228.062,38661.1,159.947,165.871,1.30634,169520,3197
229.25,38869.9,156.695,142.698,8.82928,169553,3212
230.453,39054.9,121.714,143.103,15.7612,169470,3227
231.634,39226.7,157.933,137.478,3.08137,169348,3242
232.837,39414.8,131.555,166.066,1.37065,169281,3256
234.043,39586.8,109.373,183.299,0.368595,169143,3268
235.229,39760.9,108.1,182.625,6.88229,169030,3279
236.402,39896.7,53.2999,187.848,11.7178,168766,3285
237.584,40089,61.5533,169.302,9.00317,168736,3299
238.775,40266.5,-12.1053,121.319,11.6959,168638,3312
239.983,40459.7,-35.4539,122.359,1.56946,168594,3334
241.164,40663.9,-39.4091,170.135,7.30617,168615,3355
242.349,40898.5,-39.079,126.726,2.39011,168759,3380
243.547,41127.3,-47.9544,130.151,10.5893,168868,3392
244.714,41298.2,29.7345,113.92,12.9052,168761,3405
245.905,41536.7,26.044,77.4616,0.543238,168914,3426
247.053,41695.3,50.5259,116.583,12.0039,168771,3438
248.246,41887.8,15.309,178.05,8.07478,168735,3454
249.43,42126.3,-15.6493,124.2,16.647,168890,3474
250.658,42341.3,0.390067,136.055,8.58476,168921,3494
251.841,42543.1,7.60093,145.077,16.4359,168929,3508
253.024,42715,-40.9348,179.812,1.6685,168818,3516
254.202,42849.8,-22.3077,188.006,0.144639,168566,3531
255.416,43036.2,-43.4919,186.184,9.55184,168495,3541
256.604,43241.3,0.599562,195.245,14.2089,168514,3558
257.809,43444.1,-23.2176,231.302,15.6385,168513,3576
259.014,43646.6,-98.7687,237.365,7.48784,168511,3593
260.198,43813.8,-102.758,203.656,3.58954,168386,3606
261.381,43991.2,-71.6465,211.396,7.0426,168303,3621
262.59,44216.7,-73.7086,216.306,20.3092,168387,3636
263.816,44434.1,-68.7603,223.127,4.03404,168428,3653
265.017,44660.8,-71.0097,240.627,11.8846,168520,3669
266.207,44857.2,-36.7231,249.235,14.4552,168505,3684
267.413,45101.7,-94.5031,248.071,11.5361,168659,3701
268.625,45265.3,-104.181,342.978,13.2251,168507,3717
269.818,45491.4,-158.769,404.703,8.69359,168601,3737
271.018,45749.9,-130.759,375.612,4.52613,168808,3760
272.206,45979,-149.08,408.934,13.6818,168912,3784
273.398,46169,-164.167,429.083,13.1135,168871,3797
274.616,46365.1,-158.568,481.498,6.46716,168836,3809
275.823,46575.5,-140.197,449.228,0.631155,168860,3824
277.011,46767.4,-152.263,467.235,2.42294,168829,3842
278.216,46963.2,-123.292,452.375,14.2625,168802,3862
279.411,47137.7,-108.521,441.469,13.5917,168704,3880
280.595,47367.6,-89.3448,455.34,11.0833,168811,3901
281.788,47510.4,-96.9643,446.53,1.37596,168603,3913
283.006,47724.7,-95.9556,489.094,14.6004,168635,3933
284.222,47967.4,-87.1735,511.565,7.73707,168767,3955
285.409,48207.6,-121.658,485.65,6.17187,168907,3977
286.597,48405.2,-97.9987,509.708,6.66665,168896,3994
287.79,48604.6,-50.623,512.497,14.9542,168889,4010
288.956,48781.4,-70.4485,539.177,5.61005,168820,4024
290.137,48998,-39.1537,525.97,4.11888,168879,4046
291.314,49206.2,-36.4812,477.852,8.14723,168911,4065
292.507,49379.4,-51.0701,429.906,16.2539,168815,4079
293.711,49577.3,-70.8434,400.774,1.87128,168796,4101
294.899,49802.3,-97.8261,401.424,0.734061,168879,4119
296.065,50005.4,-111.158,429.862,11.2034,168900,4134
297.265,50216.3,-119.039,416.398,2.2119,168928,4154
298.467,50418.8,-91.0743,411.06,13.7245,168926,4169
299.684,50624.7,-86.9349,433.688,10.9628,168927,4186
300.885,50798.6,-70.9554,435.269,16.1892,168830,4198
302.073,51009,-51.6271,442.582,7.36735,168863,4217
303.276,51261.3,-99.1226,424.579,7.1769,169025,4243
304.455,51418.8,-87.6326,425.455,4.84173,168888,4256
305.638,51647.8,-80.1375,443.407,9.35047,168983,4276
306.805,51876.8,-55.7707,495.332,5.27765,169087,4291
308.006,52037.9,-69.2991,467.965,4.03233,168951,4307
309.203,52250.8,-33.6287,463.349,3.05396,168986,4323
310.394,52448.9,-28.2472,461.222,14.906,168975,4338
311.606,52675.9,-0.1209,450.976,3.84639,169046,4360
312.806,52901.2,-42.4962,392.566,11.2796,169118,4377
314.003,53140.5,-19.5724,388.765,8.50042,169236,4400
315.202,53310.3,-47.059,416.352,5.21853,169130,4414
316.381,53493.2,-101.342,438.543,19.2,169078,4429
317.555,53704.7,-111.624,436.98,8.92054,169119,4449
318.742,53917.8,-130.153,389.768,13.7353,169158,4467
319.943,54150.8,-119.267,357.884,7.99305,169251,4484
321.153,54387.7,-79.9595,391.039,9.57119,169351,4504
322.364,54598.8,-69.1111,359.719,16.0246,169370,4524
323.561,54826.3,-110.553,325.782,9.20995,169447,4538
324.781,55012.9,-111.561,329.252,6.71077,169385,4558
325.988,55221.6,-113.655,329.246,5.52449,169398,4574
327.176,55436,-80.883,383.576,3.84461,169438,4597
328.365,55593.5,-110.945,369.404,3.33984,169304,4611
329.539,55741.9,-125.46,354.737,2.28293,169151,4623
330.719,55987.4,-87.1659,352.237,4.56165,169290,4645
331.913,56179.9,-81.1677,360.613,5.70785,169261,4660
333.093,56413.4,-95.6424,362.331,12.7041,169362,4673
334.281,56611.8,-119.748,376.069,8.34216,169354,4688
335.476,56810.8,-122.167,311.604,13.1737,169344,4703
336.693,57037.4,-82.4944,327.307,8.38616,169405,4721
337.881,57266.7,-89.4578,347.931,10.2041,169488,4743
339.057,57489.2,-65.6909,306.964,9.76333,169556,4755
340.247,57659.6,-41.624,314.075,3.56233,169464,4763
341.449,57828.3,-31.2211,324.546,7.30602,169362,4776
342.649,58017.9,13.742,321.05,4.69383,169322,4786
343.858,58208.3,-20.7065,308.901,1.52033,169280,4802
345.062,58370.6,-72.5569,300.579,3.11312,169159,4814
346.254,58558.3,-42.2174,333.107,9.06714,169120,4829
347.429,58814.8,-55.4403,374.502,18.9526,169286,4849
348.616,59011.9,-89.6533,315.235,5.84413,169275,4866
349.822,59167.3,-85.1164,348.326,0.344365,169136,4882
351,59362.3,-72.3928,380.653,15.5689,169123,4903
352.18,59540.6,-60.8291,307.974,11.0631,169063,4918
353.361,59760.2,-74.5981,282.685,8.05118,169120,4941
354.53,59955.5,-58.408,302.357,20.2019,169113,4956
355.718,60163.4,-89.7487,309.771,10.8165,169132,4971
356.936,60388,-117.903,255.078,12.3293,169184,4990
358.125,60576.3,-147.885,244.255,5.41242,169148,5005
359.337,60763.2,-150.63,257.517,11.3157,169098,5020
360.547,60972.9,-141.154,272.731,9.12441,169112,5034
361.732,61139.4,-105.037,279.3,12.2946,169019,5048
362.934,61352,-65.5957,310.389,13.1095,169044,5066
364.133,61526.3,-89.0601,335.343,4.72341,168966,5082
365.317,61693.7,-97.6414,303.446,16.1812,168877,5097
366.523,61924.7,-96.8261,305.857,11.015,168952,5115
367.712,62153.3,-78.1584,291.492,10.386,169027,5129
368.894,62352.4,-89.2957,291.35,5.17161,169025,5142
370.09,62546.1,-73.6716,344.712,6.70429,169002,5158
371.281,62752.2,-142.19,320.041,10.5172,169015,5176
372.455,62940.3,-157.001,237.595,6.53878,168988,5193
373.662,63181.4,-149.782,172.98,8.85883,169087,5211
374.857,63371.5,-163.836,192.215,11.1074,169055,5226
376.07,63525.7,-156.993,199.302,6.16731,168920,5241
377.268,63766.7,-144.285,207.532,3.31001,169022,5257
378.47,63988.6,-137.348,192.437,11.4133,169072,5272
379.659,64180.6,-139.712,222.814,2.01114,169048,5282
380.881,64392.3,-127.786,207.666,10.4412,169061,5295
382.071,64616.5,-160.322,197.883,7.63699,169122,5322
383.284,64868.6,-137.991,130.552,11.1111,169244,5340
384.453,65061.5,-107.981,93.2671,4.14231,169232,5357
385.636,65298,-85.5686,89.6532,5.16678,169326,5379
386.849,65467.2,-49.9589,88.3208,12.29,169232,5394
388.047,65678.9,-81.9214,112.453,4.18344,169255,5412
389.256,65897.8,-86.6335,155.958,4.82902,169292,5430
390.447,66068.6,-108.418,147.918,4.347,169213,5438
391.652,66272.1,-175.832,130.913,2.72903,169212,5457
392.828,66431.2,-159.145,122.387,12.956,169110,5468
394.035,66665.3,-162.111,138.081,9.27815,169186,5488
395.226,66842.7,-139.401,151.046,11.1796,169125,5501
396.407,67055.3,-112.406,214.566,6.96011,169158,5522
397.597,67239.4,-119.626,207.154,2.67612,169114,5540
398.787,67406,-105.73,165.18,5.09157,169028,5553
399.955,67607.8,-109.214,182.9,17.2863,169038,5569
401.197,67786,-121.97,153.837,8.18625,168959,5592
402.403,68045.2,-104.145,169.381,12.3777,169097,5614
403.59,68257.7,-120.318,119.791,7.81609,169126,5632
404.789,68451.9,-73.9107,134.064,2.0473,169105,5649
405.989,68668.5,-66.4329,143.906,11.4362,169139,5665
407.18,68907.9,-49.1916,155.111,11.3971,169232,5688
408.382,69125.9,-9.92103,156.524,1.83234,169268,5707
409.581,69283.8,-49.4312,124.102,7.25034,169158,5718
410.778,69515.9,-41.5506,144.991,11.1922,169230,5738
411.972,69713.9,-30.9872,171.569,3.15911,169220,5748
413.164,69906.2,-37.8573,193.809,11.251,169197,5766
414.366,70087.1,3.36464,211.514,2.5959,169143,5784
415.525,70272.3,26.3368,265.222,1.94664,169117,5802
416.729,70477.4,10.7473,236.945,3.83221,169120,5815
417.922,70646.4,2.14035,199.201,2.83394,169042,5827
419.119,70850.7,16.398,182.974,10.0984,169047,5841
420.304,71072.8,-8.88019,207.78,13.8931,169099,5853
421.497,71240.9,17.5654,225.027,1.86017,169019,5867
422.677,71426.4,36.5998,228.666,10.6715,168986,5880
423.885,71665.5,85.0627,172.16,17.0066,169068,5899
425.087,71885.2,72.605,105.047,15.4952,169107,5917
426.267,72054.6,77.4678,128.812,4.12905,169036,5931
427.452,72259.2,109.593,139.482,5.47021,169046,5951
428.64,72477.7,54.0696,110.941,5.15543,169088,5968
429.82,72705.6,67.4439,92.0089,22.6858,169154,5990
431.015,72868.5,62.0885,85.2369,11.9297,169063,6003
432.209,73089.6,82.3458,55.0047,9.59298,169107,6024
433.368,73281.1,128.593,49.8487,6.04648,169097,6039
434.55,73506.6,96.9376,39.3917,13.3596,169156,6063
435.744,73658.2,61.527,41.5395,3.71861,169040,6074
436.951,73898.3,57.9355,25.3143,8.32045,169123,6089
438.116,74106.5,6.12214,-9.42606,5.1205,169148,6103
439.299,74314.8,-12.6845,-5.81554,2.38773,169167,6116
440.475,74500.2,57.8962,-19.2156,4.87558,169136,6128
441.683,74698.9,38.9255,-38.0514,16.5167,169123,6148
442.864,74931,62.7507,-65.3688,10.1218,169197,6164
444.077,75151.5,64.0339,-102.745,20.0736,169231,6182
445.263,75356,130.19,-86.2866,4.1957,169240,6199
446.457,75560.3,148.56,-57.88,6.44315,169244,6213
447.635,75769.3,208.511,-25.9833,9.88027,169266,6237
448.832,75975.2,234.826,-0.33262,1.12989,169273,6251
450.028,76194.6,230.645,13.6722,19.6659,169311,6268
451.216,76373,295.728,23.3073,11.451,169260,6285
452.41,76569,304.415,-37.0666,12.8226,169247,6303
453.597,76759,308.621,22.7213,2.25828,169223,6318
454.793,76961,345.092,13.2095,9.20558,169222,6334
455.988,77165.8,379.308,0.813366,16.1886,169228,6351
457.17,77379.3,366.526,-4.74959,15.0738,169257,6366
458.358,77556.6,351.035,-0.724999,5.56233,169206,6379
459.555,77802.6,347.804,-32.5528,11.3881,169300,6401
460.773,77959.5,365.112,-35.9401,3.05088,169193,6415
461.973,78168.8,304.377,-42.1766,5.25059,169206,6431
463.176,78404.8,292.882,-50.3559,4.31622,169276,6456
464.385,78617.4,340.869,-95.5115,2.0993,169294,6475
465.55,78820.7,388.945,-137.217,15.7845,169307,6491
466.746,79015.5,416.563,-159.775,3.3557,169290,6508
467.957,79249.8,465.42,-177.362,5.91021,169353,6532
469.167,79416.7,509.486,-209.342,9.14504,169272,6545
470.359,79612.7,498.971,-213.853,4.85249,169259,6567
471.558,79817,510.368,-220.047,10.8098,169262,6584
472.75,80041.9,473.062,-217.467,9.36448,169311,6603
473.952,80277.1,468.922,-212.427,5.17164,169378,6622
475.151,80509.2,478.191,-174.165,7.68228,169439,6640
476.332,80702.8,484.593,-135.878,12.1745,169426,6655
477.524,80925.1,506.224,-145.062,9.6827,169468,6675
478.703,81112.1,459.37,-101.939,1.87574,169441,6691
479.887,81336,477.958,-124.714,8.7712,169490,6710
481.072,81530.1,493.066,-133.9,13.4213,169476,6727
482.266,81719,493.051,-139.574,6.98095,169448,6739
483.435,81926.5,493.159,-119.196,11.6938,169467,6756
484.625,82154.4,529.765,-160.24,7.04536,169522,6778
485.799,82365.4,505.851,-130.408,7.37802,169546,6795
486.978,82509.2,508.209,-96.0425,6.96232,169431,6804
488.167,82741.1,492.357,-56.8087,1.88976,169493,6823
489.344,82952.9,517.608,-60.4059,11.7162,169519,6841
490.525,83165.1,516.901,-80.5714,11.5066,169543,6858
491.729,83357.4,558.806,-34.7372,4.61622,169519,6874
492.945,83563.1,587.254,-49.2094,12.9575,169518,6888
494.121,83801.4,559.571,-27.8832,7.22825,169597,6901
495.336,83975.1,543.94,-46.1775,7.79334,169532,6918
496.541,84149.8,534.869,-51.554,7.57263,169472,6927
497.722,84369.5,554.232,-86.6483,2.93545,169511,6949
498.914,84544.2,580.834,-101.236,7.08273,169456,6966
500.105,84751.7,555.586,-111.548,9.06861,169468,6982
501.302,84941.7,582.946,-120.184,4.19611,169442,6996
502.498,85125.5,560.248,-131.212,11.4241,169405,7009
503.683,85281.9,539.543,-187.002,2.89225,169317,7019
504.867,85489.1,555.677,-193.04,25.8342,169330,7029
506.055,85698.2,514.905,-150.824,1.1179,169345,7050
507.241,85938.3,515.679,-174.641,1.53356,169423,7065
508.462,86148.8,448.329,-138.461,5.77383,169430,7082
509.673,86314.7,438.41,-146.29,12.8495,169353,7097
510.858,86517.2,418.682,-93.7883,17.2105,169357,7116
512.046,86739.9,403.57,-87.7387,5.17163,169399,7137
513.266,86965.2,404.595,-108.93,7.77616,169435,7159
514.473,87116.8,439.362,-134.875,4.29981,169332,7175
515.671,87296.6,426.155,-172.119,6.7984,169287,7191
516.852,87440,434.961,-171.52,16.3129,169178,7202
518.017,87681.9,432.855,-176.627,4.83337,169264,7220
519.229,87851,442.221,-220.203,8.0349,169195,7237
520.424,88047.9,452.863,-205.619,5.44201,169185,7250
521.65,88255.3,476.701,-198.304,11.6065,169185,7267
522.863,88491.8,478.719,-202.692,2.95721,169245,7290
524.083,88685.6,502.917,-202.603,4.26333,169221,7304
525.281,88886.5,464.751,-270.522,10.1775,169217,7323
526.481,89092.7,427.698,-304.668,14.7069,169223,7339
527.674,89328.1,409.316,-243.068,9.51522,169287,7356
528.883,89521.8,367.87,-251.629,11.1694,169266,7376
530.086,89738.5,360.019,-261.017,3.47799,169290,7399
531.284,89956.8,394.234,-222.916,10.0689,169320,7414
532.456,90164.1,418.752,-247.635,7.76646,169336,7430
533.644,90377.4,440.059,-276.428,8.49372,169359,7442
534.809,90536.3,447.503,-272.2,8.33287,169287,7454
536.008,90721.9,445.107,-317.817,3.55707,169255,7473
537.191,90897.7,443.377,-249.531,7.08881,169209,7483
538.375,91119.4,477.664,-280.635,9.44431,169249,7500
539.556,91330.6,442.745,-299.303,22.0877,169270,7516
540.766,91506.5,431.333,-339.718,11.9613,169216,7528
541.959,91740.9,428.827,-323.466,9.61936,169276,7546
543.181,91921.4,441.683,-325.321,7.18359,169228,7559
544.375,92090.5,405.564,-321.418,10.8739,169167,7576
545.561,92275.5,391.336,-356.705,11.5228,169139,7589
546.78,92508,385.642,-398.976,11.5546,169187,7603
547.958,92722.7,425.116,-458.485,1.05943,169215,7618
549.146,92943.8,397.575,-458.886,7.99931,169252,7634
550.344,93142,395.749,-470.088,6.90762,169243,7647
551.545,93340.6,405.765,-478.524,24.9722,169235,7662
552.731,93556.7,355.928,-461.106,13.6435,169263,7684
553.913,93761.8,333.116,-425.273,9.56608,169272,7704
555.123,93964.5,333.221,-383.463,7.09835,169268,7718
556.31,94185.2,332.649,-374.859,9.62525,169303,7737
557.513,94395.4,333.154,-385.413,4.18497,169315,7757
558.716,94576.8,345.86,-395.272,8.13139,169275,7770
559.929,94772.4,350.743,-359.81,11.5693,169258,7790
561.113,94952.8,331.213,-361.106,14.456,169222,7807
562.291,95165.4,300.229,-411.603,10.5735,169246,7820
563.474,95382.3,276.55,-436.965,11.3554,169275,7841
564.652,95592,312.82,-418.895,5.40294,169294,7861
565.858,95793.5,296.659,-362.701,1.11377,169289,7878
567.067,96015,265.841,-357.536,3.04104,169319,7903
568.282,96226,264.506,-331.723,12.8106,169328,7922
569.475,96446.8,224.372,-299.765,13.4132,169361,7939
570.675,96644.4,175.074,-270.521,15.0308,169351,7953
571.862,96848.4,177.947,-275.321,12.1673,169356,7968
573.057,97055.9,200.929,-295.509,7.16711,169365,7983
574.251,97260,208.311,-253.745,4.62944,169368,7998
575.453,97461.4,238.358,-270.036,5.67426,169365,8007
576.635,97644.2,218.678,-264.203,7.02494,169334,8020
577.835,97933,289.338,-328.422,10.0875,169483,8048
579.032,98112.9,277.644,-365.244,13.8851,169443,8064
580.203,98302.7,300.571,-399.204,6.48052,169428,8084
581.402,98498.5,289.301,-380.484,9.7194,169416,8099
582.613,98683.9,297.404,-370.306,12.4419,169382,8112
583.811,98865.1,293.513,-389.218,1.8512,169344,8126
585.034,99114.2,319.291,-378.242,8.2289,169416,8147
586.261,99292.9,317.047,-411.616,12.892,169366,8161
587.472,99509.8,304.905,-386.128,15.5562,169387,8177
588.636,99706.5,322.593,-366.167,1.38971,169386,8189
589.856,99960.2,293.981,-392.819,10.1172,169466,8210
591.058,100178,310.064,-366.879,9.96027,169489,8229
592.276,100388,292.821,-370.992,1.05108,169494,8242
593.463,100600,255.546,-387.818,14.5392,169514,8262
594.659,100859,214.532,-359.336,2.3258,169608,8282
595.861,101049,169.27,-359.16,3.56758,169585,8296
597.072,101245,178.563,-350.858,1.36969,169569,8311
598.275,101466,237.71,-381.16,3.49657,169598,8324
599.48,101628,247.502,-362.74,10.7572,169527,8340
600.669,101825,282.685,-366.297,2.09304,169519,8349
601.859,102052,277.213,-335.263,10.8419,169561,8367
603.044,102267,221.238,-345.423,9.06269,169585,8382
604.23,102481,263.671,-325.388,5.13987,169607,8400
605.456,102706,282.407,-346.705,12.1189,169634,8418
606.646,102948,316.839,-358.022,3.66212,169700,8434
607.828,103165,323.323,-365.69,7.53224,169727,8455
609.048,103347,373.323,-358.925,9.3987,169687,8461
610.251,103548,406.714,-366.871,10.4158,169681,8478
611.45,103717,405.675,-378.824,4.16023,169625,8494
612.668,103890,438.998,-386.309,2.77962,169569,8507
613.868,104130,406.559,-416.222,16.2242,169630,8526
615.052,104334,394.703,-402.179,7.31658,169635,8543
616.259,104504,384.808,-407.559,8.13057,169578,8553
617.451,104666,393.234,-435.551,3.26007,169513,8566
618.637,104877,385.492,-437.137,11.1208,169529,8585
619.83,105091,353.673,-461.235,7.54183,169549,8599
621.034,105291,351.571,-450.115,15.1209,169541,8615
622.206,105488,367.437,-379.439,6.56344,169538,8631
623.368,105697,370.441,-387.483,13.0562,169557,8646
624.533,105928,389.22,-362.743,10.8404,169612,8668
625.73,106114,333.415,-351.506,19.9092,169584,8685
626.911,106333,379.801,-330.727,6.38624,169614,8708
628.129,106572,380.765,-383.434,5.92099,169666,8732
629.313,106741,374.115,-416.398,5.63571,169615,8742
630.498,106981,444.304,-437.238,24.6466,169677,8766
631.701,107205,513.124,-401.634,5.49907,169709,8792
632.915,107441,476.974,-452.369,13.3199,169756,8810
634.096,107630,482.911,-485.912,3.64235,169737,8826
635.301,107830,439.961,-490.534,6.17288,169731,8839
636.508,108073,446.297,-480.158,14.7512,169791,8864
637.672,108255,452.171,-461.92,17.2792,169766,8873
638.851,108450,485.736,-456.275,20.6862,169758,8892
640.029,108679,519.403,-487.648,4.29367,169803,8910
641.224,108868,476.167,-421.031,6.29375,169782,8923
642.421,109093,442.604,-440.175,12.8856,169816,8946
643.604,109289,389.174,-426.109,0.937217,169807,8963
644.781,109492,378.186,-435.031,11.7664,169812,8975
645.982,109687,359.553,-463.357,3.4067,169799,8992
647.17,109873,407.916,-490.354,7.92969,169774,9006
648.396,110075,460.592,-475.206,17.9999,169765,9025
649.583,110299,461.701,-459.545,11.4107,169799,9046
650.782,110484,430.536,-449.059,6.56784,169772,9059
651.967,110717,393.179,-478.039,4.14479,169819,9079
653.16,110909,357.931,-483.295,4.68896,169804,9096
654.357,111076,346.06,-518.924,12.6986,169749,9112
655.553,111324,361.486,-530.147,14.5047,169817,9130
656.778,111509,321.426,-526.325,20.2177,169782,9143
657.945,111744,337.28,-487.385,0.639423,169837,9167
659.127,111926,302.493,-457.227,8.64543,169810,9178
660.309,112138,298.535,-506.746,7.20722,169827,9195
661.503,112390,322.335,-493.554,8.66639,169900,9217
662.666,112577,328.832,-510.563,5.30172,169885,9231
663.877,112817,349.884,-481.512,13.9744,169936,9251
665.064,113003,321.531,-499.768,6.65423,169913,9266
666.251,113228,338.325,-533.028,3.72657,169948,9284
667.443,113430,344.948,-514.642,3.74606,169947,9301
668.634,113628,347.582,-517.064,6.71136,169941,9326
669.809,113852,333.888,-532.01,3.5029,169977,9344
670.999,114035,320.123,-500.558,11.3535,169948,9357
672.184,114219,326.243,-510.401,1.5842,169922,9367
673.386,114423,293.767,-496.031,3.85997,169922,9387
674.551,114615,299.668,-534.571,12.8926,169913,9404
675.737,114816,291.124,-502.81,4.44978,169912,9421
676.942,114991,273.025,-520.544,5.57379,169869,9437
678.124,115170,300.695,-549.998,1.37331,169836,9453
679.348,115407,297.79,-527.251,16.0597,169880,9470
680.532,115580,380.761,-521.653,10.7934,169838,9482
681.721,115762,339.883,-587.196,13.7614,169808,9495
682.904,115985,351.105,-560.974,8.24755,169841,9509
684.089,116207,331.244,-553.631,16.7925,169871,9527
685.3,116406,282.121,-617.453,10.3327,169861,9544
686.498,116609,226.958,-584.293,11.1044,169860,9563
687.708,116788,179.89,-575.809,2.83427,169822,9576
688.894,116956,150.65,-594.549,2.42556,169774,9594
690.101,117109,160.552,-605.312,12.8804,169698,9605
691.286,117306,146.497,-626.798,3.38257,169692,9620
692.483,117507,90.9872,-622.728,3.21945,169689,9638
693.638,117701,82.6042,-601.311,8.44161,169686,9653
694.827,117908,46.5653,-598.895,3.35278,169694,9669
695.994,118112,39.5289,-588.404,12.3073,169702,9686
697.173,118278,9.92955,-595.773,12.4749,169653,9705
698.361,118469,-5.16323,-547.185,13.0559,169639,9715
699.574,118661,44.8185,-544.678,8.54904,169619,9727
700.779,118898,64.2638,-563.093,14.6081,169666,9746
701.98,119094,86.0946,-511.878,6.53665,169654,9761
703.193,119284,31.1229,-515.866,11.1178,169632,9774
704.39,119484,5.76132,-553.492,2.02387,169627,9789
705.594,119694,-19.5573,-570.687,10.1627,169636,9803
706.75,119848,-29.4053,-597.673,5.92407,169576,9811
707.954,120033,4.97207,-609.919,2.55723,169549,9830
709.148,120213,54.7854,-594.591,12.8778,169518,9837
710.344,120433,100.502,-542.931,5.92628,169542,9855
711.534,120632,89.8068,-547.47,8.24299,169538,9868
712.728,120836,98.9617,-541.359,20.5237,169540,9884
713.945,121043,73.5116,-518.452,12.7085,169541,9906
715.163,121222,71.4594,-473.827,9.00484,169503,9920
716.352,121393,65.2705,-547.571,16.2415,169460,9931
717.545,121575,103.676,-516.186,0.415841,169432,9950
718.758,121749,85.7638,-536.693,3.50192,169388,9959
719.973,121940,103.796,-474.156,6.79028,169368,9969
721.145,122147,55.7071,-479.864,4.27312,169380,9982
722.32,122326,32.7697,-447.345,2.5241,169352,9997
723.525,122507,-15.7159,-450.651,4.30635,169320,10006
724.738,122708,44.3028,-419.726,15.9727,169313,10026
725.945,122873,76.1105,-421.869,3.311,169260,10041
727.135,123108,103.761,-407.899,7.05426,169306,10057
728.331,123360,94.8673,-431.116,14.7606,169374,10075
729.526,123540,115.031,-489.959,0.890639,169343,10091
730.722,123763,100.434,-515.617,6.34862,169371,10109
731.922,123955,107.306,-519.094,3.45154,169355,10123
733.105,124134,104.578,-542.82,8.5842,169326,10136
734.291,124305,88.6952,-573.377,13.674,169286,10146
735.477,124528,84.4915,-574.676,4.54309,169315,10167
736.662,124724,63.4286,-584.004,15.4278,169310,10182
737.853,124903,64.2406,-544.519,7.99388,169279,10192
739.057,125141,14.2892,-500.783,8.61691,169325,10209
740.256,125355,11.496,-499.85,10.2967,169340,10227
741.442,125540,38.0694,-518.37,15.4647,169319,10246
742.64,125755,-12.921,-518.336,5.02517,169335,10263
743.816,125914,-60.0821,-581.445,14.2671,169281,10275
745.017,126091,-38.4206,-511.956,1.8646,169245,10288
746.217,126301,-25.0008,-504.22,6.6937,169256,10306
747.394,126514,26.7545,-501.201,7.10262,169274,10326
748.603,126746,35.3343,-540.841,10.622,169309,10342
749.817,126998,-20.8944,-554.821,8.76618,169373,10360
751.021,127214,-17.5409,-570.978,12.3689,169389,10378
752.215,127450,7.17165,-571.82,18.7076,169433,10395
753.428,127691,89.0483,-522.534,7.13951,169480,10416
754.591,127908,110.154,-497.694,23.7993,169506,10437
755.791,128099,100.628,-547.931,0.988901,169490,10453
756.985,128307,134.381,-531.193,1.2968,169498,10472
758.186,128461,154.223,-521.949,2.07581,169432,10486
759.399,128660,158.558,-521.157,24.5112,169423,10498
760.612,128871,108.867,-464.182,6.12602,169431,10519
761.81,129079,108.654,-496.235,9.14047,169438,10537
762.997,129291,127.769,-559.924,8.84161,169451,10554
764.157,129476,130.209,-530.863,12.4195,169436,10568
765.35,129659,116.566,-563.314,4.89599,169412,10585
766.549,129839,127.69,-569.738,5.83685,169381,10604
767.751,130028,133.393,-553.14,8.37803,169362,10619
768.939,130197,139.313,-520.498,1.31002,169321,10638
770.117,130406,126.996,-534.96,6.43224,169333,10657
771.317,130665,170.533,-540.628,11.463,169405,10678
772.54,130866,154.773,-428.141,2.5903,169398,10689
773.732,131093,127.377,-484.188,0.693611,169430,10709
774.95,131350,160.139,-506.758,11.0614,169495,10736
776.153,131530,156.478,-533.513,10.7657,169464,10752
777.377,131736,111.804,-537.626,6.42996,169462,10774
778.574,131938,79.0002,-566.299,7.52422,169461,10791
779.742,132133,125.18,-589.664,6.60683,169457,10810
780.947,132363,140.332,-601.97,11.1406,169490,10827
782.152,132607,153.084,-616.536,15.055,169541,10841
783.373,132834,114.423,-591.658,10.8006,169567,10864
784.547,132987,171.387,-578.792,13.4151,169508,10873
785.761,133176,180.003,-563.301,14.8093,169487,10886
786.933,133360,182.509,-508.803,6.64929,169468,10901
788.142,133568,164.858,-531.183,6.74315,169472,10920
789.348,133774,174.985,-512.948,9.06265,169474,10933
790.515,133956,193.463,-519.948,6.20696,169455,10949
791.706,134162,242.08,-554.872,11.736,169459,10963
792.908,134357,228.069,-587.912,8.30447,169448,10981
794.117,134537,262.588,-582.391,18.9713,169417,10993
795.321,134760,231.222,-546.766,14.2108,169441,11007
796.503,134939,195.456,-512.101,19.4682,169415,11021
797.702,135149,142.682,-521.727,0.306867,169423,11040
798.896,135334,165.995,-482.176,5.87176,169401,11055
800.093,135539,150.1,-429.263,6.89096,169404,11073
801.289,135734,157.38,-438.644,3.71575,169395,11089
802.475,135955,225.693,-452.167,3.53773,169419,11109
803.662,136091,202.706,-453.293,10.4787,169338,11114
804.867,136298,251.757,-490.785,15.055,169342,11133
806.093,136468,259.667,-466.281,10.6739,169296,11143
807.296,136716,251.552,-515.201,12.5187,169350,11163
808.466,136926,310.772,-449.225,5.21337,169365,11180
809.685,137131,320.796,-459.887,8.96254,169364,11202
810.883,137291,347.515,-489.059,10.6252,169311,11209
812.1,137474,383.266,-490.659,6.14142,169282,11223
813.283,137657,350.359,-454.232,9.98925,169261,11238
814.474,137868,321.506,-467.438,1.44229,169272,11251
815.64,138042,349.596,-471.894,6.57007,169244,11265
816.826,138224,429.025,-472.387,12.0775,169221,11275
818.035,138412,425.453,-461.75,5.10065,169200,11289
819.227,138650,396.151,-448.54,5.05704,169245,11306
820.374,138793,422.031,-412.403,10.6292,169182,11317
821.574,138959,449.889,-409.401,2.20257,169138,11331
822.761,139166,462.707,-403.533,13.6878,169145,11343
823.953,139435,456.529,-414.743,33.049,169227,11360
825.149,139668,452.095,-404.468,6.28993,169264,11377
826.331,139907,415.078,-441.026,7.42419,169311,11396
827.502,140102,467.742,-486.874,8.34682,169307,11415
828.72,140341,464.812,-498.863,10.9191,169346,11436
829.905,140567,517.588,-524.349,11.9048,169377,11453
831.099,140801,438.162,-497.033,15.1452,169415,11473
832.279,141003,390.322,-456.453,1.09856,169418,11490
833.455,141164,400.182,-422.491,8.64691,169372,11502
834.641,141361,407.689,-368.789,4.12032,169368,11516
835.82,141562,420.839,-366.08,12.1315,169369,11535
837.008,141731,433.036,-340.181,8.56523,169330,11548
838.197,141894,463.642,-376.216,14.3342,169285,11561
839.42,142110,449.695,-371.605,11.0873,169295,11583
840.623,142296,455.421,-413.499,5.94657,169275,11594
841.802,142519,490.533,-388.047,2.91313,169302,11616
842.973,142739,515.327,-369.765,9.25505,169328,11632
844.185,142920,481.35,-358.497,8.02521,169300,11646
845.368,143099,489.747,-366.992,7.54659,169274,11659
846.545,143299,545.448,-322.793,2.19169,169275,11678
847.733,143478,548.453,-317.844,8.99954,169250,11692
848.93,143662,533.804,-283.035,0.437027,169227,11709
850.131,143881,562.778,-279.845,21.8994,169245,11725
851.323,144077,585.04,-285.61,8.23893,169239,11742
852.534,144284,583.456,-307.369,11.0829,169242,11762
853.72,144498,548.089,-309.025,8.50557,169257,11785
854.917,144711,542.109,-281.739,11.8498,169269,11805
856.102,144928,568.896,-247.544,4.86506,169288,11823
857.296,145150,565.07,-213.252,11.6147,169311,11839
858.479,145332,579.962,-196.497,36.3846,169291,11852
859.678,145559,593.206,-170.13,14.3405,169319,11871
860.864,145732,573.171,-153.961,1.63103,169286,11878
862.042,145941,536.96,-141.947,3.19922,169297,11894
863.236,146155,531.395,-121.444,5.76242,169311,11909
864.411,146353,532.575,-153.564,2.29116,169309,11927
865.574,146517,502.561,-168.453,2.19266,169271,11940
866.781,146697,495.513,-183.162,9.1474,169243,11953
867.954,146865,487.046,-161.46,8.62817,169208,11966
869.152,147064,489.939,-220.502,3.4024,169204,11984
870.32,147261,518.296,-205.997,5.5616,169203,12000
871.521,147423,523.316,-160.976,9.96657,169156,12016
872.728,147614,540.76,-229.695,5.09431,169140,12031
873.921,147863,555.032,-279.439,13.3129,169195,12052
875.122,148057,561.597,-266.643,2.20924,169184,12066
876.326,148254,490.462,-237.026,8.23027,169176,12080
877.514,148441,470.49,-224.287,9.7495,169161,12097
878.724,148631,467.185,-220.853,8.57265,169145,12113
879.932,148816,477.114,-252.875,5.55264,169122,12130
881.105,149018,502.43,-236.265,4.75272,169126,12145
882.337,149244,536.365,-248.195,8.47932,169146,12167
883.533,149465,505.51,-267.313,7.4996,169167,12187
884.728,149666,498.294,-267.575,7.42825,169166,12203
885.887,149833,518.32,-344.752,6.31844,169133,12216
887.088,150028,463.155,-363.193,10.2277,169125,12232
888.274,150285,455.641,-375.123,5.52227,169188,12252
889.471,150487,456.964,-392.679,3.45724,169187,12272
890.685,150699,445.494,-376.922,7.55343,169194,12290
891.894,150927,464.591,-364.321,7.53491,169221,12305
893.073,151117,400.381,-391.038,6.47614,169210,12323
894.277,151280,444.966,-405.702,7.44639,169164,12335
895.473,151483,442.729,-384.012,9.14097,169166,12351
896.668,151674,420.11,-375.162,8.52051,169153,12369
897.877,151870,424.996,-388.467,4.76605,169143,12387
899.059,152110,409.441,-422.933,2.28855,169188,12409
900.243,152354,340.532,-436.153,14.1529,169236,12429
901.446,152527,300.414,-414.079,11.2309,169202,12442
902.654,152720,354.479,-433.538,16.2371,169190,12456
903.858,152924,356.94,-407.33,3.61262,169190,12467
905.05,153160,350.587,-438.682,14.1263,169229,12492
906.263,153406,335.128,-421.668,4.71152,169273,12514
907.47,153629,326.829,-407.689,11.0958,169294,12528
908.679,153839,351.923,-414.951,3.38037,169299,12547
909.86,154059,327.147,-408.724,3.98992,169322,12566
911.054,154261,329.065,-399.256,9.25595,169321,12589
912.277,154483,329.699,-386.427,7.18781,169338,12605
913.452,154707,261.614,-396.434,4.2011,169365,12620
914.644,154917,272.953,-439.112,4.26399,169375,12642
915.82,155115,255.286,-449.956,10.1807,169373,12658
916.999,155354,282.445,-462.653,9.10592,169415,12675
918.182,155547,361.397,-505.789,10.6883,169407,12691
919.36,155805,389.322,-513.787,7.35132,169471,12716
920.547,155999,389.276,-535.755,3.23893,169464,12733
921.768,156191,386.821,-508.742,4.87445,169447,12749
922.934,156366,363.137,-489.362,9.48212,169423,12764
924.143,156567,303.778,-477.427,8.55792,169418,12781
925.35,156755,307.437,-510.783,7.57784,169401,12797
926.544,156948,349.069,-472.223,7.98412,169391,12813
927.758,157132,341.451,-433.7,2.46408,169368,12828
928.939,157279,360.369,-402.743,12.0823,169310,12839
930.16,157537,379.778,-427.788,13.9327,169366,12864
931.319,157752,280.163,-446.026,12.4384,169386,12883
932.526,157983,262.13,-451.685,12.3832,169414,12905
933.711,158183,250.011,-462.822,7.88144,169413,12918
934.907,158370,225.293,-485.008,11.4767,169397,12935
936.102,158567,230.4,-500.755,25.0664,169391,12953
937.326,158715,258.953,-520.145,4.51391,169327,12960
938.508,158936,229.008,-539.043,6.33775,169350,12979
939.694,159112,247.735,-501.682,2.28535,169323,12992
940.91,159336,221.148,-508.555,13.0064,169342,13012
942.108,159530,251.663,-611.71,1.43962,169333,13032
943.281,159718,260.22,-595.352,8.30492,169322,13052
944.458,159943,253.054,-652.005,2.75091,169349,13068
945.667,160155,203.604,-713.475,20.1482,169357,13080
946.89,160338,202.385,-721.563,6.22287,169331,13095
948.074,160513,226.439,-701.598,16.6221,169304,13111
949.275,160716,206.255,-706.518,1.33503,169304,13125
950.476,160915,198.48,-685.436,11.5911,169300,13139
951.667,161083,180.006,-664.576,2.63364,169264,13146
952.852,161263,193.428,-681.408,20.1547,169242,13158
954.049,161502,204.465,-697.385,6.10761,169281,13178
955.225,161721,191.425,-696.103,1.37104,169301,13193
956.411,161913,184.394,-670.227,11.12,169293,13211
957.599,162167,189.931,-643.135,11.9222,169348,13232
958.8,162366,173.867,-624.841,4.90659,169343,13246
959.996,162536,180.863,-642.01,14.7204,169309,13254
961.188,162759,175.006,-633.999,4.5559,169331,13277
962.39,162984,157.28,-626.997,14.1311,169354,13295
963.567,163192,148.948,-610.913,7.8194,169362,13315
964.762,163378,180.363,-632.817,19.2357,169346,13330
965.951,163576,142.056,-618.242,14.2863,169342,13347
967.145,163806,111.331,-623.527,7.40876,169371,13364
968.329,164025,148.574,-609.709,1.61168,169390,13379
969.526,164238,154.015,-577.994,14.4023,169401,13400
970.726,164442,157.464,-590.768,7.01803,169401,13419
971.907,164644,157.697,-633.615,6.73891,169403,13433
973.109,164783,181.14,-641.685,8.32445,169337,13446
974.294,164952,153.752,-684.341,16.4229,169304,13464
975.498,165164,145.746,-651.103,7.8756,169313,13484
976.693,165349,114.87,-654.048,10.5799,169295,13499
977.875,165517,114.754,-661.983,8.82876,169262,13512
979.068,165730,162.248,-704.075,10.6786,169273,13532
980.266,165918,133.494,-646.433,6.52968,169258,13547
981.45,166157,153.146,-628.336,3.34399,169297,13562
982.638,166318,134.425,-651.357,4.33908,169257,13574
983.856,166530,134.501,-649.561,1.04571,169263,13590
985.047,166742,149.781,-691.78,7.74935,169273,13605
986.229,166952,136.301,-649.795,4.73048,169284,13629
987.445,167175,134.635,-596.728,9.60136,169301,13647
988.649,167311,103.311,-591.457,0.510781,169232,13661
989.858,167564,106.911,-597.71,3.29753,169281,13673
991.066,167768,57.5523,-633.929,8.41546,169280,13691
992.277,167961,32.6282,-613.206,9.64343,169268,13709
993.462,168147,50.9436,-598.236,8.0135,169253,13719
994.643,168359,16.3056,-612.962,10.4485,169266,13737
995.846,168588,12.2769,-600.664,8.32488,169291,13761
997.041,168760,15.9688,-594.457,0.797097,169261,13772
998.215,168999,26.3142,-582.837,3.25555,169301,13790
999.375,169225,60.7617,-591.509,2.42212,169331,13806
1000,169299,84.1835,-573.962,10.247,169299,13809
