1.19016,83.1494,-73.5571,15.4087,0.415193,69864.2,0
2.39111,145.934,-27.4736,-3.11256,0.727232,61031.8,0
3.59877,110.601,-8.42736,126.265,0.549571,30733,0
4.81567,60.1808,60.9599,212.757,0.297514,12496.9,0
6.00583,99.5665,284.656,261.936,0.49402,16578.3,0
7.18815,211.163,332.992,357.317,1.04929,29376.6,0
8.38981,229.869,333.205,362.405,1.1371,27398.6,0
9.58114,203.949,359.809,289.129,1.00402,21286.5,0
10.7654,237.598,378.881,208.984,1.16745,22070.6,0
11.9491,184.896,370.527,173.371,0.899728,15473.7,0
13.1322,125.011,343.345,153.929,0.599557,9519.46,0
14.312,130.233,350.071,123.138,0.625199,9099.61,0
15.5052,96.8191,354.426,78.3907,0.457983,6244.3,0
16.6896,106.375,353.464,45.2607,0.505101,6373.76,0
17.8746,48.1074,389.274,86.8897,0.213935,2691.38,0
19.0795,167.385,375.321,-31.0156,0.809164,8773.04,0
20.2525,144.045,375.927,-33.931,0.691499,7112.45,0
21.4502,91.2273,492.939,-90.649,0.426949,4252.97,0
22.639,120.697,558.823,-84.078,0.573368,5331.36,0
23.8167,133.469,621.244,24.0078,0.636681,5604.02,0
25.0201,177.641,603.062,-30.0587,0.856575,7099.92,0
26.224,208.293,553.307,38.608,1.00661,7942.83,0
27.4479,211.446,590.566,75.5754,1.01844,7703.51,0
28.6357,233.834,512.674,145.856,1.12649,8165.84,0
29.8268,203.608,498.096,210.707,0.971608,6826.33,0
31.0272,221.147,520.916,123.919,1.0555,7127.53,0
32.2065,194.041,521.852,158.409,0.916121,6024.92,0
33.3972,184.2,438.181,113.06,0.864916,5515.45,0
34.5894,180.747,341.775,122.912,0.845661,5225.5,0
35.7891,237.991,320.387,136.728,1.12894,6649.82,0
36.9841,302.387,411.541,103.995,1.44465,8176.13,0
38.1998,365.896,374.056,70.855,1.75063,9578.46,0
39.3774,430.745,366.644,92.6315,2.05472,10938.9,0
40.5613,482.515,378.471,47.381,2.28587,11896,0
41.7298,477.984,382.407,-31.5852,2.23636,11454.3,0
42.911,473.479,413.782,-67.8862,2.19169,11034,0
44.1056,525.41,442.283,-71.4698,2.42413,11912.6,0
45.2997,546.444,462.388,-77.9271,2.49857,12062.8,0
46.5124,575.716,475.849,-35.5226,2.61135,12377.7,0
47.7277,528.841,493.666,-1.11073,2.34349,11080.4,0
48.9304,612.313,497.742,-15.0737,2.72204,12514,0
50.1169,560.918,543.102,-28.3319,2.42713,11192.2,0
51.3326,545.624,546.519,-61.9913,2.31863,10629.2,0
52.5311,524.44,566.774,-118.411,2.18501,9983.41,0
53.7565,526.131,630.992,-101.978,2.16826,9787.29,0
54.9175,531.832,610.899,-183.347,2.17357,9684.2,0
56.1044,527.92,640.971,-185.326,2.13028,9409.59,0
57.2992,525.835,669.553,-195.65,2.09947,9177.01,0
58.5008,533.844,702.514,-156.849,2.12032,9125.42,0
59.6983,538.692,685.387,-233.672,2.12276,9023.58,0
60.8682,593.481,674.418,-253.472,2.37265,9750.26,0
62.068,635.154,662.197,-257.438,2.54912,10233.2,0
63.29,547.537,661.95,-190.378,2.0841,8651.24,0
64.4912,524.83,597.176,-195.292,1.95271,8138.01,0
65.6767,555.265,684.697,-194.278,2.0871,8454.53,0
66.8798,550.437,681.539,-170.165,2.04404,8230.24,0
68.1033,543.317,753.244,-115.726,1.9905,7977.84,0
69.3201,494.916,707.593,-204.193,1.73482,7139.57,0
70.5096,500.058,714.237,-152.953,1.74481,7092.05,0
71.6908,421.499,639.178,-177.068,1.34481,5879.4,0
72.9047,382.353,645.281,-162.153,1.14451,5244.56,0
74.1092,368.39,619.199,-182.966,1.07117,4970.9,0
75.297,350.869,600.434,-156.467,0.980112,4659.8,0
76.4733,231.884,577.17,-164.193,0.384412,3032.22,0
77.6582,249.244,541.149,38.2358,0.470714,3209.5,0
78.857,314.565,574.808,10.4622,0.796194,3989.05,0
80.0592,336.929,588.826,89.2067,0.905227,4208.5,0
81.2373,350.783,523.898,93.4266,0.971223,4318,0
82.436,400.815,514.395,32.507,1.21704,4862.14,0
83.6206,421.248,521.015,49.7491,1.31211,5037.62,0
84.8224,491.315,466.824,130.621,1.65404,5792.29,0
86.0305,492.269,448.986,190.581,1.64716,5722.03,0
87.2167,529.481,398.843,179.469,1.81876,6070.86,0
88.4154,561.258,438.733,173.404,1.96324,6347.97,0
89.6044,536.534,405.794,161.312,1.82342,5987.81,0
90.8202,489.506,454.781,88.5302,1.57627,5389.84,0
92.0106,561.908,531.855,96.4034,1.92348,6107,0
93.2177,553.796,532.653,116.207,1.86588,5940.89,0
94.3955,577.839,543.388,56.5438,1.96852,6121.47,0
95.5869,606.358,500.271,13.2041,2.09131,6343.53,0
96.7992,634.226,453.636,-35.6607,2.21101,6551.98,0
98.0016,647.549,462.518,-26.5637,2.25436,6607.53,0
99.2102,645.665,511.513,5.9003,2.22039,6508.05,0
100.392,696.886,537.313,34.5556,2.45122,6941.62,0
101.598,687.206,549.893,56.1498,2.37287,6763.98,0
102.788,630.137,590.606,43.3702,2.06564,6130.42,0
103.986,703.052,562.611,59.6265,2.40641,6761.04,0
105.186,689.244,578.675,111.172,2.30854,6552.6,0
106.388,673.088,658.702,166.517,2.20771,6326.7,0
107.559,634.405,689.077,175.215,1.99384,5898.19,0
108.746,715.187,763.096,128.539,2.37546,6576.7,0
109.941,700.536,758.087,148.254,2.27407,6371.94,0
111.134,699.885,749.425,83.9567,2.24805,6297.65,0
112.357,713.651,711.247,66.2292,2.28951,6351.66,0
113.548,640.239,650.234,20.5104,1.89913,5638.5,0
114.74,603.527,608.47,-116.76,1.69982,5259.97,0
115.921,565.647,627.746,-93.6837,1.49853,4879.57,0
117.107,518.416,599.318,-127.735,1.25323,4426.86,0
118.317,547.709,550.8,-220.711,1.39404,4629.18,0
119.485,507.939,488.612,-233.817,1.18825,4251.08,0
120.696,386.53,516.147,-282.326,0.578704,3202.5,0
121.885,332.08,477.495,-257.791,0.306527,2724.52,0
123.098,339.572,516.498,-242.236,0.343845,2758.56,0
124.272,436.41,507.486,-181.578,0.826835,3511.74,0
125.477,468.761,551.2,-163.428,0.985288,3735.85,0
126.655,387.505,613.096,-80.9787,0.578069,3059.53,0
127.859,393.233,593.328,-135.984,0.606241,3075.52,0
129.026,297.76,696.289,-278.883,0.129402,2307.74,0
130.212,323.069,639.414,-270.99,0.255715,2481.11,0
131.396,371.148,789.575,-266.372,0.495221,2824.65,0
132.585,377.457,803.214,-300.203,0.52619,2846.9,0
133.797,361.866,877.727,-259.258,0.448257,2704.59,0
134.97,407.235,753.423,-366.043,0.673875,3017.22,0
136.186,466.455,665.728,-342.296,0.966541,3425.13,0
137.381,468.498,657.581,-238.184,0.973335,3410.21,0
138.585,504.434,692.731,-257.924,1.14946,3639.89,0
139.796,434.285,733.774,-173.616,0.796221,3106.55,0
140.985,382.9,617.24,-199.048,0.538798,2715.9,0
142.165,393.478,722.698,-214.737,0.590724,2767.74,0
143.353,307.408,672.622,-202.395,0.160398,2144.42,0
144.547,286.856,683.528,-190.75,0.0577123,1984.51,0
145.739,326.754,650.433,-161.606,0.256914,2242.04,0
146.948,374.779,597.519,50.6428,0.496647,2550.42,0
148.155,338.232,755.111,213.936,0.313481,2282.97,0
149.366,403.321,799.982,151.654,0.638218,2700.21,0
150.571,324.692,657.412,133.16,0.244866,2156.41,0
151.789,303.43,632.328,147.194,0.138648,1999.02,0
152.963,378.11,664.792,294.942,0.511445,2471.9,0
154.14,397.396,718.759,285.875,0.607337,2578.16,0
155.325,389.186,717.181,203.445,0.565047,2505.62,0
156.525,335.697,559.632,151.089,0.297849,2144.69,0
157.731,326.611,555.315,68.8162,0.252003,2070.68,0
158.919,356.642,544.105,111.54,0.401876,2244.17,0
160.113,397.461,665.885,20.5712,0.604778,2482.38,0
161.316,335.32,793.195,-8.82365,0.294418,2078.65,0
162.504,404.919,864.902,-36.7108,0.641433,2491.75,0
163.705,603.104,908.27,-143.064,1.62694,3684.08,0
164.909,620.43,952.239,-177.214,1.70396,3762.26,0
166.102,612.335,949.507,-141.252,1.65255,3686.51,0
167.313,657.668,1000.4,-102.61,1.86704,3930.77,0
168.505,653.515,948.94,-68.3483,1.83153,3878.31,0
169.688,669.652,943.779,-35.3275,1.89513,3946.38,0
170.864,663.961,900.73,-66.7849,1.85047,3885.92,0
172.026,673.168,934.098,-73.9831,1.88169,3913.18,0
173.21,651.544,906.091,-47.6532,1.76336,3761.58,0
174.416,710.746,912.615,-52.7995,2.04204,4075,0
175.622,693.184,919.273,40.6481,1.93354,3947.03,0
176.818,625.091,989.107,30.0326,1.57854,3535.22,0
178.015,610.467,947.628,-22.2591,1.49807,3429.31,0
179.197,630.568,928.775,-49.2257,1.59098,3518.86,0
180.388,573.714,913.524,-87.1699,1.29847,3180.45,0
181.587,633.828,896.248,12.9889,1.58917,3490.5,0
182.811,652.994,907.42,-12.63,1.67643,3571.95,0
183.999,633.188,837.794,38.3533,1.56627,3441.26,0
185.19,562.982,833.157,152.168,1.20689,3040.02,0
186.414,536.265,750.117,231.101,1.0693,2876.74,0
187.619,565.171,770.316,249.307,1.20892,3012.34,0
188.809,602.901,792.17,288.498,1.39134,3193.19,0
190.001,647.551,756.108,350.528,1.60693,3408.14,0
191.189,605.991,784.5,305.719,1.39065,3169.59,0
192.384,642.318,697.935,285.44,1.56452,3338.72,0
193.568,633.616,731.504,284.803,1.51231,3273.34,0
194.747,625.093,774.622,346.258,1.4575,3209.77,0
195.943,587.152,750.82,397.921,1.26127,2996.55,0
197.146,465.354,770.877,442.682,0.649863,2360.45,0
198.338,549.762,944.324,441.958,1.06958,2771.84,0
199.545,587.677,999.072,472.873,1.25355,2945.08,0
200.747,665.506,1052.52,467.035,1.6361,3315.14,0
201.938,715.914,1091.72,532.167,1.87385,3545.21,0
203.127,822.244,1116.31,528.274,2.38054,4047.94,0
204.301,854.137,1147.74,517.135,2.50535,4180.78,0
205.494,885.625,1169.33,446.949,2.62581,4309.74,0
206.67,943.347,1244.42,449.046,2.86876,4564.51,0
207.864,970.093,1340.29,408.994,2.95456,4666.96,0
209.078,948.032,1300.63,400.617,2.80365,4534.35,0
210.301,936.426,1318.81,438.181,2.70353,4452.8,0
211.476,938.878,1377.15,414.595,2.67847,4439.65,0
212.664,930.394,1357.44,358.162,2.60235,4374.96,0
213.846,883.039,1409.25,426.294,2.33705,4129.32,0
215.036,901.542,1413.12,372.908,2.40213,4192.52,0
216.21,842.097,1359.23,443.73,2.08159,3894.82,0
217.42,872.184,1407.2,392.805,2.20898,4011.52,0
218.633,880.759,1367.77,394.419,2.22747,4028.48,0
219.84,921.538,1345.6,422.39,2.40557,4191.86,0
221.037,921.871,1380.2,461.791,2.38093,4170.67,0
222.264,863.681,1389.9,459.058,2.06689,3885.82,0
223.462,844.517,1397.79,445.966,1.95349,3779.23,0
224.655,908.201,1446.19,511.671,2.2523,4042.64,0
225.835,943.648,1422.18,530.12,2.40162,4178.49,0
227.026,944.733,1415.14,533.608,2.37771,4161.35,0
228.233,1028.16,1371.84,577.128,2.75942,4504.86,0
229.44,1081.28,1389.13,605.607,2.97586,4712.67,0
230.605,1030.51,1414.03,588.726,2.67628,4468.72,0
231.789,1050.26,1357.88,636.357,2.73857,4531.09,0
232.985,1094.64,1349.05,658.476,2.91693,4698.32,0
234.159,1022.8,1292.12,658.501,2.52393,4367.99,0
235.337,1017.24,1307.39,659.671,2.46434,4322.49,0
236.534,1076.95,1351.11,649.859,2.73006,4553.05,0
237.694,1103.66,1382.63,608.792,2.82209,4643.21,0
238.897,1073.04,1401.51,596.551,2.62714,4491.63,0
240.094,1090.06,1405.95,543.563,2.67781,4540.12,0
241.305,1139.33,1326.78,538.845,2.87703,4721.53,0
242.472,1171.04,1360.43,605.714,2.98676,4829.57,0
243.672,1194.11,1344.51,580.455,3.04516,4900.5,0
244.839,1136.4,1386.92,579.443,2.7096,4641.39,0
246.039,1124.44,1427.69,566.495,2.61187,4570.16,0
247.223,1090.21,1436.22,641.643,2.40919,4409.82,0
248.405,1110.11,1448.81,652.739,2.47556,4468.98,0
249.628,1121.02,1441.87,653.665,2.49898,4490.77,0
250.818,1140.73,1409.79,629.074,2.56721,4548.03,0
252.006,1125.84,1457.11,579.316,2.45823,4467.52,0
253.198,1085.77,1480.47,486.999,2.22999,4288.21,0
254.413,1042.97,1599.35,483.232,1.99349,4099.51,0
255.606,1016.64,1595.58,550.661,1.84625,3977.36,0
256.83,1078.96,1624.46,536.126,2.1379,4201.06,0
258.047,998.749,1636.04,515.278,1.72061,3870.41,0
259.23,1033.51,1690.98,473.417,1.87926,3986.86,0
260.41,995.82,1645.3,450.012,1.67842,3824.05,0
261.612,921.986,1663.23,449.104,1.3005,3524.25,0
262.781,971.35,1685.24,403.058,1.53935,3696.42,0
263.973,982.399,1651.41,342.347,1.58389,3721.58,0
265.166,940.699,1658.33,368.128,1.36704,3547.58,0
266.343,946.041,1638.22,383.726,1.38767,3551.97,0
267.518,917.837,1599.33,366.269,1.23977,3430.93,0
268.722,895.75,1611.43,323.651,1.12444,3333.37,0
269.907,939.028,1650.5,296.098,1.33503,3479.08,0
271.107,1032.04,1582.24,245.489,1.78899,3806.76,0
272.275,1029.04,1602.7,207.968,1.76076,3779.42,0
273.47,1070.64,1588.39,272.414,1.95688,3915.01,0
274.673,1022.47,1595.46,343.267,1.70628,3722.48,0
275.869,1043.59,1597.79,369.874,1.79917,3782.94,0
277.053,982.512,1549.43,355.311,1.48196,3546.3,0
278.251,950.757,1433.29,332.444,1.3157,3416.9,0
279.453,958.381,1445.91,257.789,1.34704,3429.48,0
280.658,937.832,1409.58,297.693,1.23808,3341.54,0
281.856,976.995,1415.81,354.551,1.42591,3466.29,0
283.035,968.256,1348.16,344.774,1.37504,3420.98,0
284.212,895.841,1436.36,330.859,1.00959,3152.01,0
285.392,883.063,1468.4,255.676,0.943466,3094.21,0
286.597,890.819,1456.2,277.669,0.980128,3108.27,0
287.818,932.929,1446.47,257.18,1.18634,3241.38,0
289.006,1006.06,1405.89,151.97,1.54312,3481.11,0
290.193,1043.4,1489.76,172.928,1.71739,3595.53,0
291.378,1059.77,1415.84,177.037,1.78665,3637.11,0
292.567,1012.43,1490.33,127.575,1.53587,3460.52,0
293.74,1026.79,1502.33,80.5772,1.59588,3495.59,0
294.949,1086.76,1538.98,48.805,1.88491,3684.57,0
296.182,1091.78,1618.93,54.536,1.8946,3686.17,0
297.371,948.703,1593.28,52.0782,1.17018,3190.3,0
298.565,901.338,1581.34,-19.2361,0.930775,3018.9,0
299.74,846.95,1644.75,-15.0981,0.656836,2825.61,0
300.936,869.362,1608.27,40.987,0.767338,2888.86,0
302.126,926,1571.13,69.2918,1.04822,3064.95,0
303.306,905.266,1538.21,61.0031,0.940824,2984.66,0
304.53,867.909,1564.52,99.7567,0.751434,2850,0
305.724,808.032,1558.99,89.7009,0.452004,2643.01,0
306.919,859.429,1523.73,162.233,0.707933,2800.18,0
308.096,944.631,1529.52,60.3017,1.13131,3066.03,0
309.289,950.875,1512.6,54.2661,1.15826,3074.39,0
310.473,970.901,1461.47,50.0328,1.25271,3127.16,0
311.65,996.429,1505.82,-16.9787,1.37381,3197.27,0
312.846,957.32,1509.25,-58.5167,1.17342,3060.04,0
314.033,1079.3,1534.89,-75.908,1.77481,3436.92,0
315.249,1004.87,1620.97,-135.431,1.39345,3187.53,0
316.442,935.99,1539.78,-198.935,1.04587,2957.86,0
317.635,891.18,1530.58,-186.324,0.818808,2805.67,0
318.82,893.669,1553.75,-274.171,0.829573,2803.05,0
320.045,823.812,1486.32,-276.933,0.479995,2574.05,0
321.231,874.176,1483.36,-221.15,0.730102,2721.33,0
322.426,893.467,1455.41,-226.076,0.823748,2771.08,0
323.632,970.146,1431.87,-210.955,1.20408,2997.68,0
324.841,983.324,1455.63,-182.182,1.26518,3027.1,0
326.043,978.812,1545.49,-200.62,1.23615,3002.09,0
327.223,1070.97,1561.62,-203.623,1.68718,3272.9,0
328.42,1072.75,1624.79,-122.89,1.6802,3266.41,0
329.633,1131.98,1549.27,-121.087,1.96223,3434.07,0
330.833,1173.37,1480.32,-102.17,2.14718,3546.7,0
331.997,1197.65,1461.13,-72.4775,2.24151,3607.4,0
333.18,1216.5,1425.36,-108.31,2.31144,3651.19,0
334.35,1229.39,1389.51,-103.771,2.35059,3676.95,0
335.559,1219.85,1410.93,-76.2901,2.2709,3635.27,0
336.762,1232.2,1359.53,-48.2362,2.30859,3658.96,0
337.971,1282.49,1406.44,-30.0617,2.52923,3794.67,0
339.159,1329.4,1451.2,-50.5632,2.72652,3919.7,0
340.364,1360.06,1496,73.0212,2.83094,3995.91,0
341.553,1335.2,1509.99,111.189,2.66239,3909.22,0
342.763,1396.84,1508.58,96.1443,2.92698,4075.22,0
343.976,1359.36,1547.85,56.562,2.6997,3951.91,0
345.193,1325.83,1531.51,101.441,2.49612,3840.85,0
346.38,1307.8,1456.09,137.598,2.37837,3775.61,0
347.576,1313.87,1418.92,129.696,2.38137,3780.08,0
348.753,1349.73,1428.05,110.861,2.52678,3870.15,0
349.973,1344.4,1422.25,103.681,2.47063,3841.43,0
351.155,1394.77,1425.82,28.3517,2.68503,3971.96,0
352.363,1347.87,1378.99,43.1395,2.41598,3825.23,0
353.575,1321.37,1439.16,59.4548,2.2583,3737.17,0
354.756,1343.12,1360.22,27.6046,2.3386,3786.04,0
355.958,1390.13,1314.85,17.0561,2.54682,3905.32,0
357.138,1385.42,1372.79,21.1065,2.49138,3879.24,0
358.32,1321.8,1325.19,57.8817,2.14794,3688.87,0
359.521,1239.58,1305.44,91.9172,1.71964,3447.88,0
360.708,1270.21,1330.81,169.807,1.86283,3521.45,0
361.889,1179.25,1302.47,160.598,1.39634,3258.6,0
363.08,1121.89,1286.38,65.3849,1.10332,3089.93,0
364.265,1101.33,1305.66,175.684,0.995387,3023.43,0
365.467,1153.11,1297.67,220.757,1.24853,3155.16,0
366.644,1135.79,1279.02,202.824,1.15714,3097.81,0
367.837,1116.82,1252.42,242.086,1.0587,3036.18,0
369.026,1044.84,1283.45,279.477,0.69719,2831.34,0
370.228,1042.75,1353.43,238.354,0.685902,2816.52,0
371.416,1094.15,1345.03,241.238,0.940426,2945.9,0
372.613,1084.96,1265.58,216.006,0.891115,2911.78,0
373.834,1017.38,1313.13,222.873,0.551967,2721.47,0
375.008,988.606,1356.7,356.788,0.407289,2636.23,0
376.222,1047.71,1411.42,373.493,0.701942,2784.81,0
377.412,1107.17,1413.64,356.735,0.997173,2933.59,0
378.583,1103.34,1450.82,368.626,0.97416,2914.38,0
379.79,1085.04,1359.28,424.399,0.880637,2856.94,0
381.001,1143.2,1362.25,440.58,1.16793,3000.52,0
382.202,1034.84,1347.97,457.365,0.623812,2707.58,0
383.398,946.31,1245.15,451.332,0.181245,2468.22,0
384.604,977.74,1221.81,421.363,0.338042,2542.2,0
385.819,966.349,1153.52,541.274,0.2811,2504.67,0
387.048,970.247,1013.23,493.947,0.300511,2506.79,0
388.236,1016.19,895.633,508.983,0.529626,2617.47,0
389.438,969.086,764.596,620.454,0.294227,2488.42,0
390.625,1000.32,758.099,871.048,0.450068,2560.81,0
391.822,1055.58,702.04,862,0.725162,2694.02,0
393.013,976.995,700.363,798.185,0.332372,2485.91,0
394.221,1007.96,930.759,743.262,0.486895,2556.85,0
395.439,959.239,882.303,684.934,0.243057,2425.76,0
396.617,1003.54,737.72,566.954,0.464157,2530.25,0
397.814,959.713,742.89,430.636,0.245129,2412.47,0
399.005,1101.39,738.166,368.243,0.951626,2760.34,0
400.207,1062.75,675.141,414.557,0.756462,2655.49,0
401.389,945.392,637.95,484.725,0.170068,2355.3,0
402.562,1023.53,678.659,412.899,0.560238,2542.54,0
403.77,1047.84,660.372,426.48,0.68156,2595.15,0
404.953,1064.33,758.012,548.644,0.761011,2628.27,0
406.153,1007.38,780.431,359.474,0.475944,2480.3,0
407.35,1109.87,744.303,387.997,0.98623,2724.6,0
408.522,1053.57,711.951,412.336,0.703192,2578.97,0
409.719,978.121,563.197,508.198,0.325927,2387.3,0
410.931,987.74,639.983,523.206,0.373164,2403.66,0
412.128,1037.75,627.964,533.115,0.622469,2518.04,0
413.337,983.51,643.548,519.717,0.350912,2379.44,0
414.527,1017.18,605.967,532.99,0.51881,2453.84,0
415.715,1116.5,465.933,437.55,1.01351,2685.73,0
416.927,1127.41,451.815,534.018,1.06502,2704.1,0
418.099,1164.33,427.49,499.219,1.24544,2784.83,0
419.296,1131.23,364.951,535.288,1.07416,2697.93,0
420.491,1197.58,352.976,452.85,1.39976,2848.04,0
421.662,1203.32,341.333,413.959,1.42151,2853.75,0
422.872,1209.15,300.892,359.314,1.44115,2859.38,0
424.055,1206.58,325.824,265.542,1.41964,2845.34,0
425.255,1211.93,321.17,324.819,1.43738,2849.89,0
426.443,1190.02,279.113,348.318,1.32066,2790.56,0
427.641,1151.52,250.3,371.446,1.12241,2692.72,0
428.839,1203.94,292.26,388.142,1.3776,2807.44,0
430.02,1226.22,330.16,345.854,1.48193,2851.54,0
431.219,1211.56,342.436,466.86,1.39967,2809.62,0
432.43,1256.25,351.712,518.985,1.6114,2905.1,0
433.626,1352.59,309.867,579.406,2.07658,3119.25,0
434.834,1371.59,294.166,638.639,2.14763,3154.27,0
436.055,1365.15,248.374,653.364,2.08897,3130.68,0
437.235,1293.47,272.118,641.462,1.71726,2958.3,0
438.401,1283.1,202.88,689.223,1.65569,2926.78,0
439.586,1325.83,155.176,623.752,1.85556,3016.09,0
440.798,1346.85,192.475,599.218,1.94601,3055.49,0
441.971,1348.01,200.779,560.898,1.93494,3049.99,0
443.153,1388.47,207.275,547.931,2.11673,3133.17,0
444.371,1385.28,113.791,514.749,2.07911,3117.4,0
445.571,1442.11,114.675,494.943,2.34253,3236.53,0
446.749,1434.9,122.328,498.972,2.27961,3211.87,0
447.905,1420.69,174.205,496.846,2.18607,3171.85,0
449.1,1390.27,214.726,525.43,2.01286,3095.68,0
450.324,1437.86,175.763,479.996,2.22801,3192.94,0
451.473,1437.06,142.684,528.61,2.20064,3183.05,0
452.664,1381.04,130.427,512.807,1.89967,3050.92,0
453.86,1352.97,140.623,477.479,1.74352,2981.03,0
455.046,1313.39,125.484,430.918,1.53543,2886.28,0
456.258,1273.6,214.556,357.728,1.32907,2791.4,0
457.43,1364.73,149.997,340.129,1.77509,2983.47,0
458.638,1349.12,88.5146,381.247,1.68294,2941.57,0
459.853,1238.89,86.596,367.268,1.12382,2694.11,0
461.056,1205.85,35.5715,355.437,0.955568,2615.41,0
462.24,1238.25,79.6478,368.605,1.11409,2678.8,0
463.413,1196.08,7.64439,353.248,0.900634,2581.02,0
464.623,1279.36,9.06087,295.666,1.3136,2753.54,0
465.828,1314.86,11.7534,304.365,1.48369,2822.64,0
467.017,1346.97,-15.479,285.313,1.63487,2884.19,0
468.209,1371.96,16.2621,286.329,1.74699,2930.23,0
469.397,1380.58,36.4446,252.432,1.77687,2941.18,0
470.578,1389.76,39.0281,214.236,1.80711,2953.31,0
471.728,1400.14,58.0729,192.338,1.8448,2968.11,0
472.919,1423.39,112.61,161.862,1.94529,3009.8,0
474.125,1459.17,39.4754,95.1501,2.10854,3077.61,0
475.311,1504.5,69.504,136.063,2.31193,3165.31,0
476.524,1531.06,98.0712,101.89,2.41524,3212.98,0
477.694,1536.98,139.89,121.066,2.41438,3217.49,0
478.862,1543.74,207.105,92.0071,2.41957,3223.78,0
480.068,1533.65,238.769,83.0066,2.34404,3194.64,0
481.306,1567.83,322.664,119.55,2.4863,3257.45,0
482.473,1598.71,332.162,203.603,2.60501,3313.58,0
483.654,1695.84,322.572,220.846,3.04819,3506.31,0
484.849,1726.56,364.45,252.181,3.15024,3561.04,0
486.054,1762.65,425.409,241.902,3.2668,3626.45,0
487.229,1761.92,465.006,280.501,3.20209,3616.22,0
488.416,1768.03,469.272,330.721,3.16956,3619.93,0
489.611,1706.02,503.115,348.078,2.80736,3484.43,0
490.826,1717.85,524.672,399.715,2.81871,3499.91,0
492.03,1669.79,564.646,387.25,2.53824,3393.67,0
493.219,1634.17,488.837,408.236,2.33068,3313.27,0
494.411,1603.74,458.292,499.185,2.15682,3243.73,0
495.619,1624.75,489.389,471.284,2.23595,3278.23,0
496.829,1621.93,541.597,497.249,2.19908,3264.57,0
498.023,1687.49,524.121,552.901,2.501,3388.38,0
499.212,1653.4,508.916,528.01,2.30412,3312.03,0
500.415,1668.97,529.16,626.072,2.36038,3335.17,0
501.63,1725.95,446.842,605.541,2.61437,3440.68,0
502.818,1738.68,501.371,617.841,2.64658,3457.86,0
504.02,1755.73,517.489,688.532,2.69252,3483.46,0
505.21,1812.3,518.411,675.741,2.92739,3587.22,0
506.409,1825.49,527.616,717.386,2.93872,3604.77,0
507.613,1779.4,516.558,769.662,2.66078,3505.43,0
508.791,1736.99,526.255,829.719,2.41783,3413.96,0
510.001,1733.37,507.131,730.748,2.37428,3398.76,0
511.174,1711.29,504.469,753.91,2.23916,3347.76,0
512.372,1707.83,515.921,767.198,2.20044,3333.19,0
513.57,1761.67,482.009,785.089,2.44306,3430.25,0
514.762,1782.77,510.954,745.183,2.51921,3463.28,0
515.965,1833.32,427.377,689.638,2.73495,3553.19,0
517.148,1856.04,484.211,669.607,2.80384,3589,0
518.355,1880.72,467.638,707.392,2.88405,3628.25,0
519.534,1796.11,537.115,763.735,2.42596,3457.16,0
520.741,1784.58,545.432,822.163,2.33756,3427,0
521.913,1710.27,597.743,800.473,1.9447,3276.93,0
523.115,1720,629.72,743.029,1.97739,3288.01,0
524.32,1744.6,662.37,815.267,2.08075,3327.36,0
525.476,1789.18,675.904,838.473,2.28564,3404.88,0
526.665,1827.65,606.606,879.973,2.4457,3470.23,0
527.851,1745.91,599.665,858.049,2.0134,3307.57,0
529.043,1731.09,621.944,808.686,1.92334,3272.11,0
530.249,1719.09,592.767,785.77,1.84702,3242.04,0
531.438,1679.44,594.964,755.602,1.63757,3160.18,0
532.63,1670.01,606.647,731.41,1.58015,3135.39,0
533.817,1606.48,597.639,665.566,1.25497,3009.41,0
535.002,1669.39,496.29,650.731,1.56339,3120.34,0
536.175,1722.93,446.114,702.443,1.81891,3213.38,0
537.354,1668.97,514.329,680.605,1.53419,3105.89,0
538.581,1661.83,435.404,666.719,1.48759,3085.58,0
539.755,1659.78,431.166,720.638,1.47026,3075.06,0
540.937,1669.7,483.533,749.528,1.51163,3086.69,0
542.148,1680.55,491.084,730.905,1.55727,3099.79,0
543.353,1679.7,500.937,745.001,1.54237,3091.37,0
544.546,1771.03,490.79,698.462,1.98726,3252.3,0
545.746,1741.22,491.574,659.379,1.82113,3190.53,0
546.954,1767.16,492.69,632.809,1.93472,3230.91,0
548.163,1811.46,440.991,579.389,2.1364,3304.61,0
549.352,1807.01,456.644,604.041,2.09325,3289.35,0
550.535,1807.79,489.475,602.893,2.0783,3283.7,0
551.729,1848.01,524.283,559.159,2.25525,3349.49,0
552.911,1760.71,579.788,605.685,1.79955,3184.44,0
554.106,1765.57,561.414,657.239,1.81004,3186.33,0
555.3,1809.27,530.162,695.273,2.00888,3258.19,0
556.5,1775.58,479.946,791.943,1.82414,3190.63,0
557.704,1791.99,517.022,867.896,1.8937,3213.16,0
558.915,1799.44,556.673,834.543,1.91631,3219.52,0
560.115,1772.82,500.331,746.906,1.77125,3165.1,0
561.333,1761.75,472.203,762.049,1.70307,3138.52,0
562.512,1744.22,572.648,733.312,1.60328,3100.77,0
563.687,1711.84,582.458,749.05,1.43114,3036.86,0
564.895,1655.94,559.95,809.439,1.14459,2931.41,0
566.105,1751.5,470.869,777.654,1.61594,3093.95,0
567.292,1785.58,480.739,667.917,1.7731,3147.55,0
568.499,1757.69,492.804,734.573,1.62014,3091.81,0
569.69,1807.14,561.801,698.622,1.85375,3172.14,0
570.874,1862.12,607.878,662.309,2.1125,3261.87,0
572.045,1878.19,624.944,708.125,2.17224,3283.29,0
573.237,1882.82,671.968,697.774,2.1705,3284.54,0
574.422,1874.5,720.08,653.294,2.10755,3263.29,0
575.622,1879.09,701.044,662.37,2.1044,3264.45,0
576.83,1880.55,681.651,626.173,2.09196,3260.14,0
578.008,1830.83,780.782,568.64,1.82498,3167.49,0
579.207,1878.68,732.096,589.557,2.04754,3243.53,0
580.4,1907.56,718.197,620.987,2.17164,3286.62,0
581.587,1966.65,719.959,686.245,2.44408,3381.52,0
582.776,1956.22,749.537,715.155,2.35897,3356.72,0
583.957,1973.31,680.695,744.53,2.41748,3379.21,0
585.17,1931.38,698.809,731.268,2.18186,3300.54,0
586.367,1951.47,733.301,693.872,2.26022,3328.06,0
587.561,1982.69,768.686,723.643,2.38643,3374.45,0
588.785,2022.67,762.42,726.657,2.55072,3435.33,0
589.985,2085.26,738.531,688.694,2.82513,3534.42,0
591.17,2084.54,687.03,691.399,2.77538,3526.12,0
592.362,2097.18,650.071,764.03,2.80133,3540.37,0
593.553,2169.48,668.291,738.86,3.11463,3655.07,0
594.744,2168.55,664.79,732.186,3.05462,3646.19,0
595.94,2126.69,671.122,746.254,2.79569,3568.63,0
597.144,2173.19,626.344,729.502,2.98265,3639.31,0
598.351,2206.61,642.134,682.3,3.10137,3687.82,0
599.572,2225.96,668.526,650.763,3.14185,3712.57,0
600.755,2278.83,633.438,640.901,3.34519,3793.27,0
601.952,2324.72,588.282,669.013,3.50413,3861.96,0
603.136,2397.48,577.669,669.354,3.78196,3975.03,0
604.31,2380.27,513.962,667.055,3.60475,3938.81,0
605.473,2452.87,443.864,719.149,3.8787,4051.16,0
606.67,2460.3,400.893,734.564,3.81909,4055.41,0
607.864,2434.43,424.718,722.992,3.599,4004.9,0
609.055,2479.73,434.686,763.379,3.73077,4071.44,0
610.263,2474.21,491.482,717.869,3.62399,4054.33,0
611.467,2420.79,509.978,765.981,3.28215,3958.98,0
612.659,2345.72,507.975,731.842,2.84826,3828.76,0
613.87,2303.81,504.95,755.632,2.59765,3752.92,0
615.053,2250.85,628.894,771.533,2.30006,3659.6,0
616.238,2175.93,656.081,747.278,1.90368,3530.99,0
617.444,2193.25,652.939,706.041,1.97587,3552.14,0
618.628,2191.21,648.925,753.51,1.94877,3542.06,0
619.83,2180.88,723.732,729.009,1.88285,3518.51,0
621.016,2186.54,755.464,700.287,1.89774,3520.91,0
622.219,2132.31,787.547,609.539,1.614,3426.94,0
623.421,2145.27,790.214,648.02,1.66503,3441.12,0
624.595,2116.63,770.315,571.648,1.51144,3388.8,0
625.787,2039.68,736.255,630.367,1.11963,3259.38,0
626.993,2047.78,812,630.237,1.15542,3266.04,0
628.183,2054.15,801.534,683.469,1.18137,3269.98,0
629.355,1986.8,768.338,664.567,0.841572,3156.89,0
630.544,1954.3,749.184,637.839,0.677496,3099.39,0
631.721,2016.98,791.567,671.254,0.987165,3192.83,0
632.917,2103.35,712.162,730.029,1.41453,3323.27,0
634.114,2042.28,657.795,826.845,1.10424,3220.68,0
635.304,2041.71,700.667,852.367,1.0978,3213.76,0
636.49,2059.03,710.191,933.943,1.18026,3234.98,0
637.673,2068.2,685.402,911.75,1.22044,3243.35,0
638.885,2079.4,636.745,851.549,1.27108,3254.73,0
640.053,2100.72,693.08,817.973,1.37119,3282.1,0
641.249,2144.95,615.721,770.556,1.58191,3344.95,0
642.445,2110.83,618.197,783.645,1.40389,3285.62,0
643.641,2035.29,598.697,885.217,1.02162,3162.15,0
644.814,1991.19,688.918,846.268,0.799293,3088.01,0
646.021,1893.14,766.208,896.157,0.308258,2930.46,0
647.223,1857.53,806.741,954.099,0.130297,2870.01,0
648.439,1975.79,780.3,996.378,0.720221,3047,0
649.621,1862.59,818.836,1039.18,0.154618,2867.19,0
650.79,1845.91,805.9,1006.1,0.0712609,2836.41,0
651.999,2051.96,758.684,948.158,1.09849,3147.18,0
653.201,2034.09,682.792,931.345,1.00476,3114.03,0
654.382,1929.85,759.113,854.804,0.482601,2949.12,0
655.565,1960.78,736.29,701.949,0.636714,2990.98,0
656.752,1848.14,795.915,628.37,0.0739702,2814.06,0
657.92,1963.43,888.549,520.837,0.648652,2984.29,0
659.13,1913.01,876.691,436.102,0.396715,2902.33,0
660.343,1917.28,772.936,271.264,0.417938,2903.46,0
661.534,1901.65,722.495,98.0813,0.339782,2874.61,0
662.718,1986.27,720.244,62.7326,0.761932,2997.15,0
663.892,2113.85,617.896,129.268,1.3963,3184.03,0
665.085,2058,605.551,118.502,1.11147,3094.34,0
666.268,2024.74,600.31,123.327,0.942055,3038.92,0
667.447,1936.07,626.09,249.298,0.498014,2900.7,0
668.635,1925.44,529.987,213.097,0.444706,2879.66,0
669.838,1946.03,523.668,302.388,0.546256,2905.22,0
671.022,1954.07,553.742,238.579,0.585963,2912.08,0
672.23,2005.69,487.231,326.464,0.841997,2983.64,0
673.434,1973.98,411.029,330.123,0.68251,2931.21,0
674.6,1970.04,461.709,309.304,0.660884,2920.32,0
675.757,1971.2,442.689,306.748,0.665769,2917.02,0
676.951,2003.12,337.962,136.928,0.823584,2959.04,0
678.143,1890.87,157.356,60.6372,0.262577,2788.31,0
679.342,1865.74,-38.8687,-31.2529,0.136774,2746.39,0
680.512,1946.45,-0.32461,-124.353,0.539219,2860.27,0
681.731,1929.81,53.598,-208.097,0.455116,2830.75,0
682.933,1982.62,78.2919,-156.543,0.717905,2903.1,0
684.123,1985.25,21.2115,-173.776,0.729458,2901.89,0
685.307,1937.04,-23.8645,-158.243,0.487726,2826.52,0
686.504,2048.71,-68.9561,-152.234,1.04315,2984.26,0
687.729,2085,-109.551,-215.549,1.22018,3031.72,0
688.933,2137.84,-142,-174.122,1.47736,3103.12,0
690.141,2134.06,-138.203,-179.967,1.45005,3092.2,0
691.347,2012.89,-61.4675,-146.363,0.839477,2911.55,0
692.562,2014.56,-96.1931,-120.31,0.845494,2908.86,0
693.762,2057.67,-89.6781,-165.734,1.05835,2965.97,0
694.957,2109.81,-98.7399,-171.79,1.31293,3035.88,0
696.158,2135.59,-36.9799,-152.363,1.43535,3067.68,0
697.386,2193.34,-80.6035,-229.022,1.71504,3145.09,0
698.558,2203.62,-32.0895,-248.229,1.75308,3154.53,0
699.76,2203.42,-50.659,-244.705,1.73818,3148.83,0
700.953,2259.87,-67.9015,-175.583,2.00459,3224,0
702.158,2296.78,21.6681,-177.691,2.17129,3271.03,0
703.359,2269.61,27.216,-241.622,2.01621,3226.81,0
704.537,2162.79,-15.0018,-289.837,1.46816,3069.8,0
705.721,2113.4,-58.2377,-265.098,1.2114,2994.66,0
706.906,2096.11,-7.45296,-246.699,1.11999,2965.19,0
708.097,2081.35,-48.1201,-331.629,1.04382,2939.36,0
709.284,2080.66,-7.67027,-291.689,1.03669,2933.46,0
710.489,1982.64,-71.2162,-300.298,0.545168,2790.54,0
711.682,1989.2,-73.9029,-315.884,0.57738,2795.07,0
712.893,2022.63,-99.4339,-293.02,0.742728,2837.22,0
714.109,2064.24,-96.9036,-313.069,0.948099,2890.65,0
715.289,1972.48,-86.6784,-327.069,0.488368,2757.61,0
716.498,1963.54,-15.9268,-541.856,0.443342,2740.47,0
717.668,2041.19,-31.7802,-555.109,0.829766,2844.2,0
718.858,2007.9,20.8082,-643.791,0.661626,2793.18,0
720.067,1891.39,57.3357,-694.299,0.0797249,2626.69,0
721.287,1978.72,-40.4914,-629.81,0.515645,2743.32,0
722.479,1928.47,-53.4471,-517.341,0.264641,2669.24,0
723.659,1923.68,-40.3497,-463.003,0.240588,2658.26,0
724.817,2058.34,-39.6783,-522.585,0.912391,2839.8,0
726.015,1957.29,-5.23617,-509.988,0.407138,2695.94,0
727.204,2003.53,68.3228,-446.186,0.637844,2755.11,0
728.384,1896.54,77.7002,-482.057,0.103287,2603.76,0
729.583,2025.77,185.587,-514.982,0.748113,2776.61,0
730.779,2061.63,201.091,-567.788,0.924586,2821.14,0
731.967,2051.89,319.551,-645.767,0.872879,2803.25,0
733.147,2178.76,298.711,-673.074,1.50229,2971.8,0
734.324,2313.26,263.064,-723.642,2.15828,3150.19,0
735.564,2328.71,338.262,-760.189,2.21108,3165.89,0
736.778,2369.72,350.908,-699.593,2.39091,3216.33,0
737.987,2369.78,295.227,-695.952,2.36713,3211.14,0
739.209,2354.95,305.952,-713.05,2.26517,3185.77,0
740.399,2414.42,361.641,-762.803,2.53539,3260.97,0
741.597,2432.8,407.041,-733.005,2.59443,3280.5,0
742.787,2415.67,340.12,-743.368,2.47461,3252.17,0
743.986,2449.08,338.655,-764.863,2.60897,3291.83,0
745.177,2430.13,331.559,-720.69,2.47703,3261.14,0
746.393,2455.72,312.779,-817.269,2.5701,3290.11,0
747.571,2529.22,308.737,-877.916,2.89787,3383.25,0
748.744,2544.42,350.896,-921.119,2.92683,3398.25,0
749.971,2507.25,347.959,-894.341,2.70373,3343.13,0
751.184,2475.07,400.266,-915.182,2.50366,3294.89,0
752.411,2526.31,340.559,-945.176,2.72121,3357.62,0
753.589,2600.82,359.613,-919.966,3.05348,3451.24,0
754.787,2548.85,318.005,-880.565,2.74936,3376.91,0
755.989,2599.03,351.744,-873.53,2.95018,3437.92,0
757.191,2629.57,321.472,-889.567,3.04525,3472.79,0
758.381,2643.32,384.055,-901.319,3.06022,3485.47,0
759.558,2577.96,411.183,-891.121,2.69093,3394.02,0
760.768,2596.49,425.409,-941.191,2.74123,3412.99,0
761.955,2572.13,406.796,-974.182,2.57625,3375.7,0
763.144,2598.12,421.238,-985.096,2.6726,3404.49,0
764.339,2569.52,471.061,-980.69,2.49551,3361.76,0
765.572,2642.27,418.059,-928.058,2.82352,3451.37,0
766.756,2683.11,344.174,-959.072,2.98266,3499.3,0
767.946,2664.79,366.207,-980.809,2.84256,3470.02,0
769.152,2666.69,313.597,-1001.97,2.80967,3467.05,0
770.374,2660.05,385.999,-1041.44,2.73167,3452.93,0
771.553,2705.7,427.034,-1051.52,2.91788,3506.83,0
772.767,2713.42,430.61,-1033.35,2.90464,3511.31,0
773.945,2678.99,421.52,-1030.73,2.69027,3461.47,0
775.123,2626.09,377.081,-1071.63,2.38911,3387.97,0
776.308,2627.18,332.405,-1055.12,2.36583,3384.19,0
777.493,2584.09,369.899,-1114.8,2.12802,3323.62,0
778.68,2588.44,327.199,-1095.56,2.12868,3324.14,0
779.9,2536.23,309.709,-1110.79,1.84841,3251.99,0
781.084,2629.27,366.823,-1126.74,2.29312,3366.18,0
782.295,2688.01,449.979,-1057.17,2.55541,3436.06,0
783.485,2671.99,436.119,-1057.63,2.44428,3410.4,0
784.679,2665.56,433.275,-1153.39,2.38371,3397.01,0
785.882,2629.76,444.043,-1160.02,2.17611,3346.26,0
787.087,2669.26,485.411,-1188.67,2.3493,3391.31,0
788.267,2703.31,424.986,-1188.48,2.49186,3429.43,0
789.445,2761.53,446.392,-1154.36,2.74462,3498.07,0
790.638,2811.53,425.38,-1157.79,2.94765,3556.02,0
791.823,2791.93,392.115,-1155.23,2.80574,3525.95,0
793.064,2770.08,369.663,-1129.54,2.65663,3492.89,0
794.275,2782.35,402.629,-1090.7,2.68018,3503.01,0
795.479,2810.68,379.371,-1007.04,2.78819,3533.32,0
796.646,2789.3,426.789,-1023.46,2.64283,3501.31,0
797.83,2777.99,455.384,-1042.36,2.55515,3481.93,0
799.02,2798.41,505.166,-1070.92,2.62542,3502.31,0
800.235,2759.85,545.205,-1064.73,2.40492,3448.79,0
801.447,2836.04,490.038,-1085.25,2.74865,3538.65,0
802.645,2896.93,501.418,-1037.34,3.0055,3609.23,0
803.824,2878.85,455.91,-998.639,2.87163,3581.44,0
805.008,2829.21,428.979,-1010.44,2.58304,3514.51,0
806.183,2836.03,443.697,-946.836,2.58233,3517.85,0
807.356,2825.75,453.811,-973.539,2.49712,3500,0
808.558,2866.9,421.556,-962.387,2.66432,3545.7,0
809.754,2905.81,488.488,-975.175,2.82228,3588.52,0
810.922,2937.13,526.159,-942.027,2.93312,3621.97,0
812.098,2872.28,626.871,-949.03,2.57264,3536.86,0
813.288,2869.2,641.539,-894.925,2.52109,3527.91,0
814.453,2892.88,672.199,-839.8,2.60142,3551.93,0
815.646,2925.41,636.671,-798.478,2.72393,3586.61,0
816.848,2937.66,651.803,-821.347,2.74897,3596.34,0
818.016,2957.59,712.81,-796.88,2.80208,3615.57,0
819.213,2888.72,754.561,-765.028,2.42305,3526.21,0
820.422,2876.79,816.528,-760.058,2.33607,3506.47,0
821.594,2917.05,808.069,-727.52,2.50561,3550.48,0
822.779,2895.75,811.123,-712.158,2.36906,3519.47,0
823.988,2938.93,738.242,-755.727,2.55611,3566.72,0
825.194,2942.54,760.712,-846.155,2.53837,3565.88,0
826.417,2983.95,778.958,-857.227,2.70548,3610.7,0
827.599,3067.34,725.287,-854.461,3.07394,3706.32,0
828.794,3053.36,689.842,-859.885,2.95339,3684.1,0
829.991,3090.61,695.479,-885.342,3.08241,3723.67,0
831.163,3131.02,752.221,-865.788,3.22883,3767.03,0
832.351,3104.94,785.667,-846.374,3.04853,3730.33,0
833.533,3127.92,782.76,-911.805,3.10495,3752.6,0
834.71,3203,844.088,-875.423,3.41383,3837.26,0
835.936,3184.32,769.963,-814.059,3.25213,3809.28,0
837.151,3222.21,744.384,-767.909,3.37072,3849.02,0
838.331,3269.99,751.007,-753.854,3.53445,3900.59,0
839.524,3351.37,695.417,-748.32,3.85655,3991.99,0
840.704,3334.39,695.729,-737.476,3.68769,3966.19,0
841.891,3340.44,646.375,-745.916,3.63467,3967.78,0
843.113,3349.39,669.19,-836.306,3.59886,3972.64,0
844.288,3393.28,717.289,-812.619,3.72575,4019.1,0
845.484,3437.81,720.993,-882.422,3.85122,4066.09,0
846.678,3495.67,705.699,-888.237,4.03714,4128.69,0
847.865,3512.16,716.835,-924.253,4.01479,4142.35,0
849.057,3485.55,729.249,-945.423,3.77313,4105.2,0
850.248,3448.95,714.142,-878.661,3.51016,4056.4,0
851.453,3473.71,716.785,-887.364,3.55148,4079.74,0
852.637,3546.02,766.21,-931.453,3.81276,4158.88,0
853.858,3525.11,800.128,-883.669,3.61123,4128.45,0
855.049,3575.59,810.353,-898.296,3.77267,4181.74,0
856.23,3563.24,836.797,-888.696,3.61498,4161.55,0
857.403,3574.94,768.744,-877.701,3.5906,4169.5,0
858.607,3582.54,753.841,-867.106,3.54009,4172.5,0
859.784,3535.64,811.287,-894.942,3.2388,4112.25,0
860.974,3518.16,808.803,-869.579,3.08921,4086.26,0
862.166,3516.17,732.783,-809.726,3.02881,4078.3,0
863.36,3501.59,744.98,-844.758,2.90787,4055.77,0
864.553,3462.47,774.744,-795.864,2.66869,4004.93,0
865.762,3464.62,699.006,-769.864,2.64128,4001.81,0
866.931,3451.95,667.289,-771.301,2.54007,3981.8,0
868.098,3459.38,655.769,-729.302,2.54551,3985.01,0
869.298,3504.45,746.011,-711.335,2.73358,4031.35,0
870.487,3500.16,764.502,-727.253,2.67798,4020.92,0
871.661,3536.39,773.091,-743.375,2.81561,4057.07,0
872.856,3516.14,914.366,-674.907,2.67559,4028.32,0
874.05,3543.08,865.95,-720.22,2.76654,4053.64,0
875.23,3540.6,868.734,-649.882,2.71335,4045.33,0
876.396,3458.67,895.961,-601.857,2.27108,3946.46,0
877.589,3493.99,893.691,-617.949,2.42344,3981.35,0
878.778,3512.78,930.162,-607.352,2.48664,3997.34,0
879.975,3444.08,878.178,-602.756,2.11626,3913.84,0
881.132,3431.6,854.72,-581.015,2.03525,3894.53,0
882.317,3501.62,879.103,-599.078,2.3618,3968.66,0
883.491,3495.34,893.686,-638.314,2.30358,3956.29,0
884.67,3436.37,966.356,-670.998,1.98655,3884.36,0
885.856,3420.62,963.749,-664.208,1.88798,3861.38,0
887.057,3471.37,1016.71,-718.128,2.12545,3913.36,0
888.27,3452.98,1001.53,-708.345,2.01226,3887.31,0
889.451,3480.08,982.968,-696.009,2.12635,3912.62,0
890.637,3415.51,1073.26,-711.326,1.78633,3834.91,0
891.808,3409.72,1059.64,-733.549,1.74247,3823.38,0
892.982,3367.24,1013.27,-702.837,1.51864,3770.78,0
894.167,3374.63,1009.22,-578.018,1.54676,3774.04,0
895.386,3430.52,964.634,-613.974,1.81495,3831.33,0
896.572,3383.43,983.036,-626.776,1.56774,3773.74,0
897.777,3341.08,957.833,-513.415,1.34771,3721.51,0
898.973,3409.61,864.033,-430.715,1.68069,3792.78,0
900.188,3436.43,876.634,-382.749,1.80031,3817.46,0
901.396,3432.82,864.222,-386.044,1.76903,3808.34,0
902.577,3422.99,824.888,-454.811,1.70304,3792.46,0
903.756,3488.66,822.147,-408.664,2.01633,3860.18,0
904.956,3530.94,762.985,-429.098,2.2091,3901.78,0
906.123,3632.91,761.951,-458.243,2.69021,4009.28,0
907.285,3669.21,768.884,-494.67,2.82965,4044.16,0
908.463,3713.48,795.259,-386.607,3.00165,4087.66,0
909.643,3684.14,740.837,-399.184,2.80552,4050.09,0
910.826,3731.79,670.568,-414.756,2.9958,4097.15,0
911.997,3787.91,706.829,-378.436,3.22283,4153.42,0
913.204,3749.89,774.17,-349.833,2.97988,4106.3,0
914.409,3775.81,731.81,-388.657,3.05871,4129.24,0
915.612,3780.06,748.983,-370.597,3.02927,4128.45,0
916.786,3718.85,756.394,-408.975,2.67478,4056.4,0
917.984,3723.53,653.106,-468.639,2.65903,4056.2,0
919.163,3784.83,595.17,-434.585,2.92271,4117.69,0
920.364,3786.16,619.782,-453.041,2.88046,4113.76,0
921.54,3735.7,697.355,-408.93,2.58902,4053.76,0
922.737,3809.39,635.651,-404.541,2.91459,4128.36,0
923.942,3750.57,618.836,-427.744,2.5804,4059.32,0
925.136,3674.05,617.027,-452.475,2.17206,3971.37,0
926.309,3709.64,633.45,-486.766,2.32667,4004.76,0
927.506,3756.24,569.715,-497.912,2.52805,4049.83,0
928.68,3755.03,650.641,-517.731,2.48599,4043.41,0
929.882,3793.06,676.144,-560.875,2.64213,4079.08,0
931.081,3776.96,691.16,-510.614,2.52475,4056.53,0
932.246,3747.7,710.05,-574.72,2.34974,4020.08,0
933.447,3701.83,699.48,-604.896,2.09349,3965.76,0
934.64,3765.41,665.056,-587.292,2.38576,4028.73,0
935.832,3800.53,694.738,-575.009,2.53129,4061.12,0
937.056,3802.33,702.198,-542.562,2.50433,4057.74,0
938.269,3757.64,789.33,-526.952,2.25193,4004.87,0
939.486,3814.99,758.52,-542.619,2.50967,4060.73,0
940.675,3808.77,781.81,-577.497,2.44872,4048.98,0
941.858,3877.64,815.529,-561.589,2.75523,4117.01,0
943.044,3915.82,834.72,-554.85,2.90138,4152.32,0
944.239,3862.3,807.233,-562.559,2.59108,4090.38,0
945.424,3828.57,833.07,-590.104,2.39434,4049.58,0
946.62,3817.87,818.034,-618.496,2.31356,4033.15,0
947.809,3763.6,866.519,-602.199,2.01917,3970.85,0
948.994,3791.81,858.046,-660.747,2.13921,3995.61,0
950.186,3827.19,904.328,-617.724,2.29099,4027.84,0
951.377,3867.77,887.258,-542.179,2.46544,4065.44,0
952.578,3929.84,841.679,-532.864,2.73977,4125.48,0
953.792,3933.47,823.781,-476.251,2.7151,4124.04,0
954.973,3996.35,910.557,-428.753,2.98523,4184.78,0
956.179,3907.17,930.205,-433.964,2.50191,4086.23,0
957.392,3888.33,936.225,-462.015,2.3812,4061.37,0
958.581,3965.44,977.678,-424.173,2.73331,4136.78,0
959.777,3963.54,986.949,-476.168,2.6839,4129.65,0
960.991,3924.93,957.006,-455.419,2.4568,4084.25,0
962.186,3994.81,952.893,-477.691,2.77202,4151.8,0
963.395,3962.53,934.088,-441.113,2.57393,4113.1,0
964.576,3970.67,910.272,-446.441,2.58067,4116.5,0
965.755,3951.2,905.294,-470.149,2.45363,4091.31,0
966.941,3963.04,931.549,-506.824,2.48226,4098.53,0
968.096,3893.14,899,-607.855,2.10975,4021.44,0
969.298,3906.73,906.677,-600.325,2.158,4030.47,0
970.479,3898.24,912.977,-569.878,2.0931,4016.82,0
971.662,3842.93,872.847,-588.613,1.79922,3955,0
972.876,3789.28,825.394,-616.885,1.52097,3894.92,0
974.056,3807.99,909.993,-693.16,1.60407,3909.41,0
975.282,3759.01,907.588,-610.946,1.35027,3854.28,0
976.482,3758.78,882.895,-617.28,1.3412,3849.31,0
977.652,3843.72,910.237,-644.399,1.75462,3931.59,0
978.87,3833.35,944.083,-581.236,1.68813,3916.1,0
980.069,3826.56,935.337,-547.591,1.6427,3904.38,0
981.229,3924.15,914.5,-532.743,2.11501,3999.22,0
982.44,3950.82,915.769,-569.831,2.22921,4021.43,0
983.629,3907.17,909.704,-598.974,1.99035,3972.2,0
984.816,3866.77,954.569,-610.834,1.7703,3926.38,0
986.013,3867.23,993.798,-602.316,1.75963,3922.09,0
987.222,3818.53,942.513,-552.814,1.5067,3867.95,0
988.42,3879.2,964.255,-531.832,1.7974,3924.65,0
989.62,3955.57,931.934,-490.508,2.16308,3997.06,0
990.811,3887.88,909.801,-476.498,1.80971,3923.94,0
991.985,3865.94,977.414,-557.681,1.68984,3897.17,0
993.202,3900.99,1003.75,-566.691,1.85151,3927.69,0
994.391,3858.01,996.078,-578.323,1.62535,3879.77,0
995.595,3762.49,1071.98,-558.317,1.13971,3779.14,0
996.754,3704.01,964.166,-594.728,0.845104,3716.07,0
997.954,3779.64,896.974,-593.092,1.22,3787.38,0
999.159,3759.33,923.681,-500.062,1.11344,3762.49,0
1000,3700.61,918.874,-540.589,0.81751,3700.61,0
