1.18907,86.5915,20.0552,-45.4141,0.432336,72822.6,0
2.36121,68.0092,56.5978,-95.8748,0.339345,28802.8,0
3.55056,76.5749,-12.2092,-114.339,0.38178,21567,0
4.75795,24.4558,28.4069,-107.909,0.121467,5139.99,0
5.93435,121.691,42.0157,-26.9224,0.606778,20506.2,0
7.1122,67.6774,-39.5455,10.7057,0.336398,9515.68,0
8.2832,102.918,33.9381,1.58982,0.512311,12424.9,0
9.47151,102.381,62.7457,-94.0793,0.509343,10809.3,0
10.6746,63.3836,83.6081,-157.335,0.314339,5937.81,0
11.8863,129.306,24.3574,-272.631,0.643339,10878.6,0
13.0739,156.023,-81.8042,-305.783,0.7748,11933.9,0
14.2954,87.0363,-114.446,-204.961,0.428763,6088.39,0
15.4998,81.7676,-171.652,-329.891,0.401984,5275.41,0
16.6891,25.8814,-76.806,-395.808,0.122838,1550.8,0
17.8898,83.3367,-18.0076,-467.419,0.40969,4658.35,0
19.0686,61.2659,-47.5966,-541.763,0.299337,3212.92,0
20.2552,169.532,-57.4243,-604.165,0.838707,8369.79,0
21.4372,167.881,-75.721,-610.082,0.828801,7831.27,0
22.6307,192.974,-102.739,-534.549,0.951763,8527.09,0
23.7873,131.273,-106.533,-486.132,0.642108,5518.61,0
24.9732,58.6225,57.7812,-509.879,0.279193,2347.42,0
26.1518,36.5525,82.8946,-463.813,0.16892,1397.7,0
27.3472,6.51312,115.01,-349.981,0.018843,238.164,0
28.5311,3.8974,107.199,-346.637,0.00576766,136.602,0
29.7112,61.9057,172.126,-367.241,0.295303,2083.58,0
30.8856,115.131,59.4155,-426.961,0.560877,3727.67,0
32.0994,42.6595,143.116,-499.976,0.198472,1328.98,0
33.2939,51.9135,232.39,-416.947,0.244634,1559.25,0
34.482,38.0626,223.113,-542.268,0.175381,1103.84,0
35.6846,145.915,275.764,-426.024,0.71316,4089.03,0
36.8653,67.401,131.405,-487.672,0.320643,1828.3,0
38.0308,15.6871,55.7477,-526.962,0.0622433,412.483,0
39.1954,30.2091,98.2747,-553.832,0.134581,770.732,0
40.3865,119.454,77.1647,-564.502,0.579781,2957.77,0
41.5678,106.044,94.926,-596.085,0.512478,2551.12,0
42.7509,70.1197,162.465,-598.262,0.332888,1640.19,0
43.9387,92.7399,141.299,-724.608,0.445806,2110.66,0
45.1521,65.514,10.8859,-672.434,0.309581,1450.96,0
46.3728,115.276,-46.7241,-659.917,0.557974,2485.86,0
47.5628,133.005,63.0065,-743.07,0.645886,2796.4,0
48.7506,107.004,64.4246,-633.29,0.515728,2194.93,0
49.9443,69.0182,267.541,-676.761,0.325696,1381.9,0
51.1416,56.651,164.132,-751.843,0.263787,1107.73,0
52.3575,143.397,228.964,-789.701,0.696257,2738.79,0
53.5632,58.093,233.597,-728.513,0.269928,1084.57,0
54.7543,71.1544,276.293,-743.1,0.335128,1299.52,0
55.9426,80.4658,304.65,-777.775,0.381507,1438.36,0
57.1295,161.401,229.523,-736.533,0.784742,2825.18,0
58.3178,187.128,231.801,-793.95,0.911293,3208.76,0
59.5259,192.911,197.875,-703.258,0.937276,3240.79,0
60.6972,206.955,187.979,-747.993,1.00314,3409.63,0
61.8836,150.158,222.176,-744.329,0.717107,2426.46,0
63.1032,206.77,284.542,-772.799,0.998072,3276.69,0
64.2921,193.03,339.989,-637.806,0.925906,3002.39,0
65.4801,261.393,401.8,-636.893,1.26338,3991.95,0
66.6912,230.31,489.959,-617.896,1.10362,3453.37,0
67.8863,208.514,430.078,-463.238,0.992144,3071.53,0
69.0796,235.23,524.135,-414.405,1.12263,3405.21,0
70.2577,252.858,530.52,-448.515,1.2063,3599.01,0
71.4382,327.924,514.871,-397.489,1.57232,4590.32,0
72.6311,304.493,610.014,-379.748,1.4466,4192.32,0
73.8479,362.256,642.05,-389.241,1.72664,4905.44,0
75.033,379.055,624.732,-354.32,1.79935,5051.85,0
76.2072,339.442,768.796,-307.33,1.59187,4454.2,0
77.4139,384.638,754.116,-222.306,1.80715,4968.6,0
78.6189,359.559,776.233,-214.385,1.67105,4573.45,0
79.8228,289.683,815.679,-225.263,1.31238,3629.08,0
81.0226,304.065,820.838,-207.534,1.37848,3752.84,0
82.2248,247.466,814.51,-223.381,1.09281,3009.63,0
83.4241,196.939,724.267,-234.358,0.838667,2360.69,0
84.6357,230.184,788.781,-228.335,1.00022,2719.7,0
85.8273,173.885,839.662,-149.782,0.717166,2025.99,0
87.0376,120.4,861.38,-238.208,0.449516,1383.31,0
88.2258,122.326,826.313,-88.8285,0.458418,1386.51,0
89.3943,150.935,678.674,-13.5054,0.600949,1688.42,0
90.6032,225.147,620.061,-8.02447,0.969589,2484.98,0
91.782,199.279,615.073,-88.5641,0.838393,2171.22,0
92.9792,240.312,490.847,-62.6878,1.03936,2584.58,0
94.1693,221.563,464.591,-47.502,0.942407,2352.81,0
95.3823,232.813,409.391,-61.4404,0.995921,2440.84,0
96.5506,252.934,398.814,-85.5255,1.0924,2619.7,0
97.7621,205.816,439.79,-107.167,0.853871,2105.27,0
98.9532,212.164,392.469,-48.799,0.882446,2144.09,0
100.147,172.762,360.075,57.2296,0.6847,1725.08,0
101.346,74.5663,314.883,20.564,0.194089,735.758,0
102.558,45.5362,340.727,-32.8899,0.0488254,444.003,0
103.746,81.1268,335.469,-77.9934,0.226477,781.974,0
104.961,124.69,290.384,-63.2245,0.443947,1187.96,0
106.159,125.288,275.618,-198.438,0.44675,1180.2,0
107.376,137.261,152.622,-190.323,0.506426,1278.33,0
108.574,154.685,28.5661,-254.602,0.592838,1424.7,0
109.779,62.2564,25.8231,-267.895,0.130862,567.106,0
111.003,104.643,37.0996,-291.522,0.342479,942.708,0
112.187,148.535,-117.196,-326.256,0.560912,1324,0
113.378,198.134,-164.38,-456.107,0.807697,1747.54,0
114.571,146.825,-126.288,-470.57,0.549579,1281.51,0
115.764,101.746,-221.374,-437.795,0.324151,878.909,0
116.962,184.253,-287.626,-445.86,0.735097,1575.33,0
118.138,124.606,-299.217,-356.81,0.436559,1054.75,0
119.337,186.623,-432.659,-400.565,0.745446,1563.84,0
120.522,132.985,-395.136,-330.237,0.477263,1103.41,0
121.754,97.4527,-434.531,-367.704,0.29963,800.408,0
122.955,108.502,-520.981,-304,0.35445,882.451,0
124.147,140.011,-471.322,-382.536,0.511626,1127.79,0
125.347,291.55,-456.054,-335.567,1.2662,2325.95,0
126.546,264.979,-420.982,-260.924,1.1271,2093.93,0
127.72,317.759,-412.546,-204.976,1.38564,2487.93,0
128.927,375.244,-505.118,-182.46,1.66356,2910.52,0
130.117,355.081,-589.151,-199.798,1.55223,2728.94,0
131.306,284.232,-619.967,-207.31,1.19235,2164.66,0
132.505,344.126,-578.757,-236.413,1.48454,2597.09,0
133.7,292.656,-580.306,-223.402,1.22134,2188.9,0
134.852,324.515,-574.826,-223.831,1.37446,2406.45,0
136.038,254.12,-579.455,-243.999,1.01716,1868.01,0
137.227,363.448,-569.587,-327.851,1.5562,2648.52,0
138.436,375.635,-636.038,-385.425,1.60759,2713.42,0
139.631,397.639,-705.44,-349.715,1.70709,2847.79,0
140.818,441.403,-615.766,-328.952,1.91081,3134.57,0
142.043,384.948,-588.159,-250.934,1.61502,2710.07,0
143.215,418.637,-578.611,-208.094,1.77079,2923.13,0
144.398,473.469,-533.872,-267.405,2.03196,3278.92,0
145.603,535.329,-514.266,-329.569,2.31398,3676.64,0
146.785,547.656,-587.726,-316.006,2.34663,3731.01,0
147.97,537.831,-591.79,-317.945,2.26886,3634.74,0
149.158,542.177,-565.233,-269.147,2.26472,3634.92,0
150.343,575.859,-493.4,-266.936,2.40818,3830.29,0
151.551,532.418,-451.97,-256.829,2.16994,3513.14,0
152.748,543.377,-460.069,-358.994,2.20216,3557.33,0
153.931,474.34,-409.9,-388.313,1.83772,3081.51,0
155.119,496.896,-418.405,-372.343,1.93578,3203.32,0
156.319,537.818,-510.787,-396.461,2.12227,3440.52,0
157.52,543.253,-579.028,-366.836,2.12815,3448.79,0
158.717,538.011,-582.383,-323.272,2.08395,3389.76,0
159.899,410.133,-553.952,-250.15,1.43416,2564.95,0
161.083,428.923,-503.153,-162.191,1.52071,2662.75,0
162.269,398.484,-547.506,-226.025,1.3599,2455.69,0
163.467,360.039,-530.83,-218.045,1.16123,2202.51,0
164.673,381.554,-500.171,-173.515,1.26341,2317.04,0
165.879,364.43,-414.138,-262.714,1.17326,2196.97,0
167.054,420.304,-393.861,-372.97,1.44428,2515.98,0
168.223,430.864,-275.306,-325.175,1.48604,2561.27,0
169.414,380.256,-182.354,-227.976,1.22428,2244.53,0
170.603,402.528,-168.816,-228.572,1.33075,2359.45,0
171.789,387.045,-197.689,-235.437,1.24761,2253.03,0
173,347.743,-175.031,-279.926,1.04694,2010.07,0
174.182,433.975,-177.553,-277.082,1.4702,2491.51,0
175.366,496.596,-184.138,-261.032,1.77229,2831.77,0
176.558,498.28,-173.174,-248.819,1.76993,2822.19,0
177.77,557.267,-145.523,-304.649,2.04975,3134.77,0
178.949,527.188,-177.242,-371.112,1.87936,2946.03,0
180.144,589.639,-189.366,-336.467,2.17106,3273.16,0
181.335,581.587,-233.937,-371.891,2.11001,3207.25,0
182.512,582.106,-287.508,-418.964,2.08797,3189.42,0
183.687,508.56,-339.027,-405.941,1.70253,2768.62,0
184.878,539.516,-303.008,-452.92,1.84472,2918.24,0
186.067,476.984,-229.199,-502.568,1.52029,2563.51,0
187.28,616.445,-274.52,-521.524,2.19917,3291.57,0
188.479,691.702,-257.978,-582.935,2.54389,3669.91,0
189.657,731.361,-230.475,-558.321,2.70614,3856.24,0
190.848,784.879,-178.342,-528.327,2.92892,4112.59,0
192.034,739.481,-132.982,-479.989,2.66198,3850.78,0
193.215,762.89,-165.692,-417.49,2.74258,3948.39,0
194.413,765.149,-185.056,-436.667,2.71749,3935.69,0
195.598,758.24,-180.945,-467.579,2.64489,3876.52,0
196.808,748.565,-167.611,-395.846,2.55933,3803.53,0
198.022,793.762,-123.553,-441.767,2.74967,4008.46,0
199.214,788.71,-130.403,-420.734,2.68277,3959.11,0
200.417,791.897,-151.479,-359.563,2.6533,3951.25,0
201.603,815.903,-148.764,-376.192,2.73376,4047.08,0
202.784,825.332,-125.135,-388.709,2.73986,4070,0
203.98,843.255,-110.069,-375.803,2.78364,4134,0
205.185,847.228,-120.534,-306.762,2.75718,4129.09,0
206.385,803.452,-191.43,-349.47,2.50067,3892.99,0
207.569,783.845,-271.658,-322.996,2.37329,3776.31,0
208.751,725.022,-363.485,-302.722,2.05449,3473.14,0
209.949,638.706,-304.365,-229.809,1.60948,3042.2,0
211.146,638.097,-309.132,-273.739,1.59696,3022.06,0
212.336,646.771,-239.742,-252.064,1.63041,3045.98,0
213.521,541.39,-170.91,-278.572,1.09602,2535.53,0
214.712,515.865,-223.85,-253.93,0.965305,2402.59,0
215.929,480.768,-209.964,-184.466,0.787561,2226.51,0
217.126,389.941,-179.509,-78.7003,0.3336,1795.92,0
218.362,484.788,-343.833,-85.6195,0.806251,2220.11,0
219.563,400.59,-496.894,-16.6398,0.385102,1824.49,0
220.742,336.255,-601.635,-104.824,0.0635523,1523.29,0
221.954,436.858,-542.337,38.7218,0.565823,1968.23,0
223.159,458.708,-642.119,21.2078,0.673766,2055.52,0
224.346,447.431,-660.32,37.2269,0.617275,1994.38,0
225.568,464.663,-681.294,-40.133,0.702295,2059.97,0
226.75,583.657,-755.091,-51.2602,1.29197,2574.02,0
227.945,655.791,-757.27,-56.1377,1.64416,2876.97,0
229.15,678.41,-766.78,52.0348,1.7431,2960.55,0
230.323,715.632,-710.249,41.9427,1.91477,3107.08,0
231.525,657.861,-661.889,95.7909,1.61425,2841.43,0
232.731,660.438,-658.321,16.3375,1.61643,2837.77,0
233.956,633.481,-619.688,-80.5153,1.4725,2707.7,0
235.154,629.758,-623.833,-65.5628,1.44438,2678.06,0
236.363,654.868,-621.111,-33.3147,1.55944,2770.6,0
237.55,637.286,-522.732,-122.337,1.46301,2682.75,0
238.734,666.792,-436.076,-55.8771,1.60053,2793.04,0
239.938,665.376,-420.693,-66.8403,1.58432,2773.11,0
241.133,657.434,-449.907,-39.6783,1.5354,2726.43,0
242.34,744.253,-477.918,9.02323,1.95561,3071.12,0
243.523,776.531,-458.089,-66.15,2.09577,3188.74,0
244.703,793.283,-492.894,-94.2302,2.15887,3241.82,0
245.875,775.652,-553.179,-134.231,2.04831,3154.66,0
247.1,754.452,-458.852,-59.7975,1.92559,3053.22,0
248.284,727.501,-445.691,-20.2713,1.7787,2930.11,0
249.487,706.473,-451.999,10.2806,1.66068,2831.7,0
250.68,596.546,-404.953,-50.7542,1.105,2379.71,0
251.868,605.859,-346.926,-50.3131,1.14461,2405.46,0
253.027,596.107,-440.64,-98.1144,1.09121,2355.91,0
254.223,636.66,-376.221,-167.355,1.28915,2504.33,0
255.429,660.639,-413.728,-142.949,1.40144,2586.39,0
256.621,638.578,-358.364,-87.6258,1.28492,2488.41,0
257.819,634.909,-325.259,-100.233,1.25898,2462.61,0
259.027,640.112,-315.171,-113.531,1.27722,2471.21,0
260.207,671.409,-328.147,-147.369,1.4269,2580.29,0
261.396,693.979,-327.828,-105.104,1.52962,2654.89,0
262.604,632.781,-284.201,-58.6016,1.21717,2409.65,0
263.813,671.565,-279.527,-80.1505,1.40343,2545.61,0
264.997,714.546,-187.887,-84.6295,1.61124,2696.43,0
266.203,698.437,-265.214,-22.8219,1.52028,2623.7,0
267.433,724.225,-326.16,-77.6942,1.64284,2708.06,0
268.612,741.284,-299.821,-49.1166,1.71657,2759.68,0
269.818,734.501,-285.264,-32.1881,1.667,2722.21,0
270.998,687.268,-292.072,-79.4783,1.42247,2536.06,0
272.188,486.695,-310.815,-68.5099,0.417812,1788.09,0
273.353,510.944,-413.52,-98.8393,0.538666,1869.17,0
274.535,513.205,-395.399,-148.555,0.549164,1869.36,0
275.736,535.785,-446.666,-46.0706,0.661586,1943.11,0
276.948,657.163,-498.951,-62.7789,1.26413,2372.88,0
278.163,687.67,-461.618,-62.0427,1.41119,2472.18,0
279.368,699.45,-509.899,-66.7168,1.46186,2503.68,0
280.547,756.108,-590.728,-101.472,1.73422,2695.12,0
281.74,830.721,-564.784,-59.1738,2.08967,2948.54,0
282.944,880.41,-550.131,-14.9958,2.31455,3111.61,0
284.135,965.615,-517.615,-53.9029,2.70832,3398.44,0
285.332,944.781,-559.543,2.61883,2.55909,3311.17,0
286.524,945.489,-585.475,49.3396,2.52174,3299.86,0
287.699,919.755,-638.599,18.4411,2.36232,3196.94,0
288.906,943.316,-603.14,65.3907,2.45101,3265.13,0
290.087,927.513,-617.438,91.307,2.34582,3197.37,0
291.271,936.451,-610.82,65.1555,2.36491,3215.05,0
292.474,967.137,-607.006,71.1912,2.48505,3306.74,0
293.691,905.704,-656.329,107.379,2.15108,3083.87,0
294.916,926.602,-618.651,117.594,2.23438,3141.92,0
296.117,842.384,-622.316,163.884,1.79581,2844.77,0
297.317,838.075,-613.847,102.054,1.76394,2818.8,0
298.473,834.163,-636.297,89.2185,1.73147,2794.77,0
299.658,821.479,-694.475,84.3246,1.6547,2741.39,0
300.848,895.218,-732.726,105.01,2.00943,2975.65,0
302.029,900.997,-707.856,123.804,2.0167,2983.15,0
303.206,951.935,-764.307,152.446,2.24983,3139.57,0
304.378,912.147,-781.148,136.714,2.03414,2996.76,0
305.606,892.503,-737.14,108.341,1.91542,2920.44,0
306.797,893.948,-697.527,89.4212,1.90751,2913.81,0
308.006,985.693,-636.349,157.602,2.34472,3200.24,0
309.214,1061.27,-592.843,85.2773,2.69087,3432.16,0
310.412,1035.52,-596.538,123.903,2.52671,3335.94,0
311.622,1055.92,-559.814,173.629,2.59411,3388.47,0
312.833,991.537,-612.769,132.02,2.24275,3169.54,0
314.011,951.153,-610.313,115.646,2.01858,3029.04,0
315.211,939.618,-556.633,165.917,1.9426,2980.92,0
316.402,836.143,-604.56,170.824,1.4138,2642.66,0
317.634,842.65,-574.621,294.133,1.43661,2652.9,0
318.833,829.588,-563.511,316.62,1.36205,2601.95,0
320.045,881.519,-594.369,395.973,1.61238,2754.36,0
321.212,851.209,-617.854,328.752,1.44886,2649.99,0
322.399,837.701,-626.099,299.803,1.37498,2598.34,0
323.585,704.202,-647.236,240.677,0.704482,2176.25,0
324.78,729.71,-606.548,201.076,0.830209,2246.79,0
325.974,692.512,-605.115,175.506,0.643957,2124.44,0
327.151,755.909,-698.217,169.731,0.958665,2310.58,0
328.349,861.388,-718.821,256.143,1.4792,2623.39,0
329.535,788.966,-718.129,256.872,1.11041,2394.18,0
330.727,748.61,-742.354,267.992,0.904234,2263.53,0
331.92,777.857,-742.792,254.627,1.04614,2343.51,0
333.094,690.252,-762.363,228.384,0.605487,2072.25,0
334.271,747.038,-742.589,119.08,0.887912,2234.82,0
335.462,744.911,-830.138,112.613,0.874741,2220.55,0
336.642,763.628,-842.466,59.7121,0.965652,2268.37,0
337.825,795.749,-792.655,91.4857,1.12303,2355.51,0
339.035,882.916,-820.505,132.757,1.55184,2604.21,0
340.239,882.721,-823.411,128.576,1.53982,2594.41,0
341.41,930.661,-847.562,87.456,1.76968,2725.93,0
342.586,948.703,-894.947,40.7052,1.84511,2769.24,0
343.79,947.999,-851.581,95.9089,1.82777,2757.49,0
344.96,1009.95,-863.043,124.105,2.12047,2927.72,0
346.162,1014.73,-852.287,153.535,2.12345,2931.37,0
347.354,983.421,-873.576,143.569,1.9493,2831.18,0
348.549,1073.14,-899.622,62.9616,2.37099,3078.87,0
349.749,1055.66,-975.84,70.6246,2.25869,3018.32,0
350.953,1077.76,-942.424,169.616,2.34695,3070.94,0
352.156,1125.96,-986.369,161.09,2.55666,3197.34,0
353.358,1110.82,-941.487,127.905,2.44922,3143.6,0
354.552,1056.62,-983.513,92.3658,2.1532,2980.15,0
355.758,1104.74,-997.871,77.035,2.37397,3105.33,0
356.95,1133.13,-1037.58,108.827,2.4899,3174.46,0
358.157,1134.51,-955.131,118.935,2.46812,3167.64,0
359.359,1083.85,-997.423,84.7648,2.18847,3016.06,0
360.534,1086.31,-995.37,101.835,2.1759,3013.05,0
361.737,1170.91,-1000.04,75.7157,2.57085,3236.92,0
362.945,1222.86,-979.232,136.707,2.79097,3369.26,0
364.153,1244.14,-987.659,151.435,2.85336,3416.53,0
365.348,1189.91,-1011.83,108.461,2.54588,3256.92,0
366.512,1193.93,-1021.88,129.744,2.52938,3257.55,0
367.689,1208.57,-1021.22,142.636,2.56839,3286.93,0
368.897,1207.81,-1015.9,131.799,2.5308,3274.11,0
370.085,1212.5,-1033.52,148.805,2.52424,3276.29,0
371.285,1159.02,-988.121,228.042,2.22532,3121.65,0
372.464,1239.07,-944.191,193.604,2.59828,3326.67,0
373.66,1247.1,-967.021,202.051,2.60272,3337.54,0
374.859,1245.89,-918.326,192.688,2.55879,3323.62,0
376.035,1361.67,-976.774,195.454,3.0959,3621.13,0
377.231,1400.81,-946.471,202.071,3.24006,3713.41,0
378.423,1420.64,-954.127,170.24,3.27899,3754.1,0
379.631,1428.7,-979.129,170.89,3.24988,3763.4,0
380.809,1381.99,-1000.6,120.608,2.95999,3629.09,0
382.006,1374.8,-967.109,127.985,2.87564,3598.9,0
383.215,1362.26,-931.396,166.428,2.76619,3554.82,0
384.415,1375.02,-945.11,101.475,2.78855,3576.92,0
385.616,1389.46,-1014.77,120.726,2.81864,3603.23,0
386.819,1366.36,-990.078,109.927,2.66117,3532.3,0
387.996,1329.85,-1009.18,160.971,2.44464,3427.49,0
389.198,1326.92,-966.214,216.813,2.40163,3409.38,0
390.391,1327.51,-904.604,217.967,2.37746,3400.47,0
391.559,1330.42,-935.012,309.688,2.36205,3397.74,0
392.744,1314.12,-969.308,312.2,2.25355,3346,0
393.912,1328.83,-924.686,394.004,2.30318,3373.43,0
395.123,1319.26,-944.569,403.939,2.23501,3338.87,0
396.314,1376.43,-957.256,364.439,2.48978,3473.08,0
397.514,1429.92,-955.519,420.301,2.7282,3597.16,0
398.713,1460.15,-946.561,404.573,2.83333,3662.15,0
399.908,1478.55,-971.443,469.261,2.88006,3697.23,0
401.123,1456.24,-1054.04,448.257,2.72405,3630.41,0
402.303,1486.55,-1087.38,498.052,2.83431,3695.1,0
403.476,1454.26,-1081.21,503.141,2.63452,3604.33,0
404.663,1483.23,-1078.4,543.591,2.74347,3665.35,0
405.836,1500.72,-1087.83,505.152,2.78681,3697.85,0
407.004,1441.44,-1047.22,478.57,2.45164,3541.59,0
408.2,1458.49,-1076.09,537.473,2.50569,3572.98,0
409.395,1436.58,-1076.89,578.72,2.36687,3509.02,0
410.573,1463.05,-1031.3,622.102,2.46735,3563.43,0
411.778,1464.93,-1036.9,617.451,2.44435,3557.57,0
412.943,1441.94,-968.459,628.27,2.29863,3491.86,0
414.146,1450.48,-959.15,643.024,2.31571,3502.35,0
415.325,1400.82,-908.353,724.25,2.04167,3372.84,0
416.527,1448,-970.645,695.299,2.25404,3476.38,0
417.734,1384.15,-963.967,707.24,1.91381,3313.47,0
418.942,1495.87,-964.41,751.604,2.44957,3570.58,0
420.143,1469.35,-893.415,745.412,2.29108,3497.27,0
421.341,1515.57,-834.93,696.508,2.49269,3597,0
422.548,1508.68,-852.615,733.735,2.42659,3570.44,0
423.722,1528.42,-886.858,730.287,2.49827,3607.14,0
424.924,1510.58,-802.826,759.709,2.37841,3554.94,0
426.135,1521.8,-843.314,811.804,2.40492,3571.16,0
427.325,1538.63,-887.923,740.672,2.45937,3600.61,0
428.517,1439.46,-956.13,762.597,1.94164,3359.16,0
429.712,1504.77,-944.175,726.338,2.24895,3501.81,0
430.922,1503.24,-896.672,638.325,2.21666,3488.43,0
432.108,1483.89,-882.402,707.828,2.09641,3434.06,0
433.314,1505,-878.824,766.853,2.18174,3473.22,0
434.488,1536.52,-896.89,763.562,2.31727,3536.4,0
435.657,1503.62,-878.474,742.269,2.13137,3451.38,0
436.831,1501.96,-860.713,789.779,2.0977,3438.31,0
438.046,1551.03,-897.965,742.263,2.32066,3540.79,0
439.229,1433.83,-947.39,803.07,1.71777,3264.41,0
440.412,1428.27,-991.357,860.74,1.67765,3243.05,0
441.614,1447.65,-901.815,858.613,1.76129,3278.09,0
442.814,1472.39,-868.039,874.27,1.87054,3325.08,0
444.009,1500.98,-881.561,880.735,1.99728,3380.52,0
445.213,1553.37,-967.195,866.065,2.23629,3489.05,0
446.383,1550.83,-981.863,831.475,2.20087,3474.22,0
447.606,1584.05,-1027.13,819.484,2.34188,3538.93,0
448.792,1561.91,-1030.21,823.868,2.20658,3480.24,0
449.983,1588.28,-1018.48,739.059,2.31564,3529.64,0
451.182,1516.64,-1017.32,623.573,1.93418,3361.47,0
452.363,1578.59,-989.173,672.908,2.22379,3489.66,0
453.548,1564.63,-989.09,706.38,2.13169,3449.75,0
454.73,1519.75,-1000.46,686.995,1.89056,3342.09,0
455.94,1537.07,-1019.74,778.886,1.96088,3371.21,0
457.135,1479.02,-1038.76,813.521,1.65586,3235.41,0
458.324,1536.58,-1060.64,793.042,1.92999,3352.6,0
459.501,1569.51,-1084.57,889.348,2.0777,3415.69,0
460.697,1532.59,-1118.71,901.406,1.87506,3326.68,0
461.87,1611.15,-1097.61,884.078,2.24775,3488.33,0
463.068,1633.18,-1127.14,847.906,2.3299,3526.86,0
464.267,1636.89,-1059.47,827.957,2.32073,3525.74,0
465.457,1658.09,-1113.28,864.14,2.39516,3562.29,0
466.647,1709.88,-1101.5,869.276,2.62167,3664.19,0
467.833,1738.75,-1024.36,867.914,2.72723,3716.61,0
469.008,1749.77,-988.602,894.292,2.73773,3730.79,0
470.176,1721.49,-974.714,874.618,2.55851,3661.37,0
471.375,1744.55,-1018.04,893.202,2.63901,3700.99,0
472.575,1679.49,-1036.91,882.236,2.2804,3553.92,0
473.8,1704.44,-975.465,903.827,2.37846,3597.39,0
474.975,1771.65,-1013.21,919.673,2.6805,3729.97,0
476.194,1745.3,-959.995,899.189,2.51592,3665.1,0
477.372,1715.84,-951.506,894.896,2.33994,3594.34,0
478.563,1767.09,-987.401,888.737,2.56587,3692.5,0
479.758,1768.01,-1028.8,897.642,2.53325,3685.21,0
480.977,1751.4,-1061.55,907.602,2.4204,3641.34,0
482.177,1696.83,-1031.55,951.34,2.12423,3519.1,0
483.361,1675.68,-1056.31,987.192,1.99973,3466.72,0
484.569,1639.9,-1039.89,956.347,1.80465,3384.24,0
485.756,1671.06,-1078.7,927.246,1.94474,3440.12,0
486.961,1657.4,-1067.53,921.489,1.86093,3403.57,0
488.178,1624.82,-1127.42,906.684,1.68409,3328.34,0
489.384,1518.62,-1182.51,970.513,1.14666,3103.12,0
490.595,1472.8,-1236.47,869.683,0.914798,3002.07,0
491.794,1434.4,-1160.11,889.645,0.721552,2916.67,0
492.975,1518.72,-1131.61,848.317,1.13985,3080.72,0
494.173,1455.96,-1129.28,877.503,0.822716,2946.25,0
495.364,1520.69,-1107.83,828.143,1.14221,3069.84,0
496.524,1527.58,-1075.77,802.475,1.17171,3076.56,0
497.704,1539.08,-1110.2,794.394,1.22423,3092.37,0
498.916,1535.53,-1048.58,757.615,1.20147,3077.74,0
500.124,1527.05,-1099.07,870.576,1.15475,3053.34,0
501.305,1513.61,-1116.51,896.465,1.08194,3019.34,0
502.521,1430.93,-1143,827.133,0.667528,2847.5,0
503.722,1404.22,-1199.44,862.679,0.533207,2787.68,0
504.874,1386.26,-1054.62,926.651,0.44321,2745.75,0
506.056,1407.73,-1066.07,1010.62,0.550051,2781.78,0
507.229,1446.63,-1051.02,1254.07,0.744051,2852.02,0
508.404,1431.28,-1111.87,1426.82,0.666806,2815.25,0
509.59,1310.78,-1032.4,1456.7,0.0646553,2572.23,0
510.784,1349.33,-1003.72,1473.09,0.257095,2641.68,0
511.976,1481.48,-978.789,1458.15,0.91647,2893.65,0
513.193,1533.11,-951.46,1417.36,1.17147,2987.4,0
514.364,1555.48,-982.445,1480.34,1.27746,3024.09,0
515.56,1447.04,-1041.64,1444.13,0.732229,2806.74,0
516.769,1495.79,-1143.37,1385.54,0.972809,2894.51,0
517.942,1519.22,-1121.23,1385.78,1.08636,2933.19,0
519.147,1478.82,-1178.91,1432.95,0.880781,2848.55,0
520.364,1511.72,-1130.85,1481.46,1.04121,2905.11,0
521.552,1552.3,-1091.7,1495.93,1.23951,2976.3,0
522.748,1531.53,-1248.81,1511.49,1.13153,2929.76,0
523.93,1570.11,-1226.82,1593.42,1.31845,2996.79,0
525.123,1539.78,-1156.48,1613.39,1.16112,2932.23,0
526.291,1531.58,-1130.52,1643.87,1.11517,2910.13,0
527.482,1513.13,-1125.75,1699.54,1.01873,2868.6,0
528.667,1487.17,-1140.35,1725.07,0.886398,2813.06,0
529.852,1486.65,-1103.93,1727.4,0.881188,2805.79,0
531.039,1424.25,-1120.09,1684.96,0.567712,2682.01,0
532.226,1390.27,-1142.46,1626.31,0.397526,2612.17,0
533.418,1392.43,-1152.68,1536.04,0.408279,2610.39,0
534.622,1393.72,-1049.79,1591.6,0.414512,2606.92,0
535.814,1325.34,-1032.99,1596.24,0.0729463,2473.5,0
537.014,1386.28,-1018.85,1608.81,0.377155,2581.45,0
538.179,1382.47,-1079.67,1433.15,0.358076,2568.79,0
539.376,1400.21,-999.086,1427.06,0.446621,2595.99,0
540.57,1419.84,-1081.99,1456.77,0.544179,2626.56,0
541.763,1435.31,-1176.64,1464.89,0.620974,2649.33,0
542.966,1364.21,-1237.01,1442.61,0.26547,2512.51,0
544.144,1431.77,-1221.63,1418.87,0.602576,2631.24,0
545.32,1490.19,-1157.74,1385.63,0.893293,2732.69,0
546.501,1507.21,-1134.9,1362.1,0.974221,2757.93,0
547.699,1459.18,-1161.19,1365.8,0.731223,2664.21,0
548.907,1508.83,-1215.51,1429.02,0.97747,2748.79,0
550.114,1571.58,-1213.91,1301.72,1.28697,2856.82,0
551.294,1525.03,-1244.23,1291.32,1.04981,2766.27,0
552.524,1484.76,-1223.1,1320.13,0.845518,2687.23,0
553.714,1570.86,-1262.96,1369.96,1.27148,2836.95,0
554.946,1625.34,-1290.49,1501.97,1.53819,2928.82,0
556.143,1585.27,-1363.85,1434.5,1.32959,2850.47,0
557.345,1619.58,-1384.17,1463.58,1.49293,2905.88,0
558.53,1528.83,-1324.62,1430.39,1.0327,2737.23,0
559.723,1506.38,-1261.09,1466.66,0.91827,2691.29,0
560.923,1515.51,-1326.37,1466.99,0.961151,2701.8,0
562.092,1547.58,-1356.28,1470.98,1.11863,2753.25,0
563.287,1519.74,-1271.15,1417.01,0.974976,2697.99,0
564.461,1466.12,-1254.32,1490.41,0.705343,2597.38,0
565.634,1422.3,-1288.38,1541.85,0.485671,2514.53,0
566.851,1536.18,-1285.26,1482.93,1.05235,2710.02,0
568.021,1589.99,-1283.37,1454.47,1.31575,2799.18,0
569.21,1654.17,-1265.79,1540.91,1.62904,2906.09,0
570.404,1622,-1216.28,1459.49,1.4595,2843.61,0
571.63,1708.32,-1198.45,1483.94,1.8792,2988.51,0
572.831,1744.61,-1207.75,1531.71,2.04411,3045.59,0
574.036,1709.07,-1201.23,1513.74,1.85089,2977.28,0
575.225,1736.22,-1213.9,1523.98,1.96933,3018.33,0
576.443,1729.19,-1322.22,1562.66,1.91539,2999.76,0
577.632,1751.29,-1297.01,1481.07,2.00907,3031.85,0
578.818,1732.74,-1313.93,1506.95,1.89893,2993.59,0
580.007,1757.16,-1360.5,1456.07,2.00426,3029.55,0
581.196,1788.57,-1406.14,1429.82,2.13927,3077.39,0
582.38,1796.83,-1412.8,1363.7,2.1576,3085.33,0
583.605,1764.44,-1411.58,1405.22,1.9758,3023.34,0
584.792,1822.08,-1497.36,1417.98,2.23907,3115.78,0
585.987,1826.97,-1524.52,1435.17,2.23935,3117.77,0
587.2,1847.01,-1519.91,1481.49,2.31125,3145.45,0
588.372,1815.17,-1510.14,1470.43,2.13011,3085.07,0
589.576,1769.85,-1505.88,1415.57,1.88659,3001.9,0
590.767,1810.3,-1616.36,1390.65,2.07169,3064.32,0
591.963,1800.07,-1603.45,1455.17,2.00352,3040.85,0
593.157,1829.29,-1669.21,1527.28,2.13352,3083.98,0
594.352,1865.34,-1670.43,1535.21,2.28895,3138.45,0
595.537,1931.73,-1626.67,1545.32,2.58881,3243.67,0
596.722,1932.27,-1653.21,1448.14,2.55465,3238.14,0
597.926,1912.75,-1662.45,1437.99,2.42744,3198.98,0
599.108,1971.91,-1649.86,1389.84,2.68891,3291.41,0
600.307,2004.09,-1643.87,1441.8,2.81205,3338.44,0
601.5,2041.51,-1604.92,1380.18,2.95129,3394.02,0
602.69,2018.18,-1629.35,1360.12,2.7837,3348.63,0
603.869,2089.49,-1622.53,1439.51,3.0926,3460.16,0
605.084,2129.16,-1551.25,1457.09,3.23257,3518.79,0
606.279,2154.34,-1503.25,1455.57,3.29577,3553.38,0
607.458,2112.06,-1449.85,1488.94,3.026,3476.88,0
608.648,2116.31,-1470.84,1526.35,2.99298,3477.07,0
609.838,2122.02,-1482.54,1536.88,2.97791,3479.65,0
611.036,2127.17,-1520.92,1537.42,2.94423,3481.26,0
612.204,2145.52,-1536.38,1470.3,2.9898,3504.59,0
613.415,2148.77,-1529.57,1419.09,2.95207,3502.96,0
614.597,2153.39,-1531.68,1338.66,2.92621,3503.74,0
615.76,2125.09,-1577,1356.26,2.74007,3451.16,0
616.969,2046.52,-1560.5,1349.75,2.3104,3317.05,0
618.18,2001.66,-1487.11,1332.45,2.06293,3237.99,0
619.382,2006.65,-1468.27,1359.25,2.06698,3239.76,0
620.587,1935.58,-1455.12,1441.99,1.69719,3118.95,0
621.783,1917.5,-1462.39,1468.82,1.59865,3083.88,0
622.977,1986.17,-1486.3,1511.71,1.92764,3188.19,0
624.158,2058.11,-1495.15,1569.15,2.26533,3297.42,0
625.355,2110.94,-1524.72,1622.05,2.49884,3375.58,0
626.538,2092.79,-1521.87,1556.62,2.37832,3340.25,0
627.717,2045.41,-1539.41,1544.14,2.11493,3258.49,0
628.906,2009.37,-1548.2,1588.4,1.91929,3195.02,0
630.093,1912.95,-1493.8,1639.56,1.42634,3035.98,0
631.32,1969.5,-1549.96,1663.39,1.69872,3119.66,0
632.515,1939.71,-1502.03,1710.46,1.53703,3066.67,0
633.717,1948.12,-1565.17,1680.69,1.56781,3074.11,0
634.926,1853.25,-1541.27,1705.87,1.08758,2918.85,0
636.112,1903.81,-1487.89,1757.52,1.33359,2992.89,0
637.285,1826.82,-1458.33,1793.9,0.944208,2866.57,0
638.487,1865.76,-1461.15,1861.4,1.13531,2922.15,0
639.693,1931.37,-1417.6,1904.95,1.45594,3019.21,0
640.904,1877.15,-1478.41,1903.38,1.17647,2928.91,0
642.085,1929.28,-1524.27,1883.85,1.43147,3004.71,0
643.308,1938.45,-1509.32,1842.45,1.46671,3013.25,0
644.493,1945.7,-1501.78,1818.44,1.49361,3018.96,0
645.7,1985.26,-1499.99,1843.17,1.68237,3074.59,0
646.89,1960.56,-1510.32,1824.19,1.54618,3030.74,0
648.06,2037.42,-1442.09,1836.1,1.91922,3143.88,0
649.272,2006.87,-1483.95,1974.19,1.75233,3090.95,0
650.49,1966.21,-1467.42,1978.24,1.53789,3022.66,0
651.692,1928.38,-1479.02,1932.34,1.33833,2959.04,0
652.878,1916.63,-1484.12,1938.54,1.2724,2935.66,0
654.073,1929.6,-1461.14,1966.84,1.33034,2950.13,0
655.284,2018.87,-1476.47,1967.34,1.76561,3080.92,0
656.457,2036.18,-1478.92,1951.41,1.83717,3101.77,0
657.645,1968.86,-1460.94,1902.72,1.48848,2993.8,0
658.813,1950.28,-1398.31,1854.76,1.38756,2960.29,0
659.996,1969.14,-1355.38,1922.19,1.47312,2983.57,0
661.197,1987.05,-1295.08,1993.49,1.55473,3005.22,0
662.399,2007.88,-1414.27,2066.76,1.64743,3031.23,0
663.582,2031.81,-1444.85,2078.6,1.75423,3061.88,0
664.781,2050.3,-1499.99,2033.51,1.82976,3084.18,0
665.99,2071.67,-1473.23,1978.78,1.91911,3110.66,0
667.172,2082.78,-1434.42,1944.8,1.95506,3121.81,0
668.37,2108.68,-1427.14,2058.22,2.06503,3154.96,0
669.525,2116.61,-1424.44,2040.04,2.08584,3161.35,0
670.724,2180.46,-1343.4,2029.89,2.38232,3250.9,0
671.924,2189.14,-1349.67,2046.64,2.40101,3258.02,0
673.108,2080.92,-1302.69,2012.54,1.83467,3091.51,0
674.282,2087.02,-1327.57,2051.07,1.85087,3095.17,0
675.519,2056.6,-1305.01,2084.45,1.68453,3044.48,0
676.718,2007.14,-1307.79,2110.85,1.42789,2966,0
677.904,2028.61,-1310.75,2180,1.52622,2992.47,0
679.093,2045.78,-1318.72,2145.11,1.60334,3012.52,0
680.281,2045.5,-1345.64,2093.09,1.59169,3006.85,0
681.47,1968.71,-1259.88,2122.76,1.20136,2888.92,0
682.671,1993.5,-1306.15,2075.49,1.31937,2920.16,0
683.849,2050.04,-1306.07,1987.65,1.59103,2997.8,0
685.054,1965.88,-1321.97,1880.67,1.16249,2869.67,0
686.25,2021.4,-1339.91,1880.54,1.4327,2945.57,0
687.467,2090.48,-1341.52,1879.57,1.76532,3040.85,0
688.68,2081.11,-1324.53,1894.13,1.70491,3021.88,0
689.873,2085.56,-1355.23,1841.59,1.71512,3023.11,0
691.073,2002.77,-1307.46,1894.98,1.29269,2898.06,0
692.264,2042.25,-1362.52,1872.49,1.48473,2950.09,0
693.462,2095.22,-1420.12,1785.76,1.7396,3021.38,0
694.669,2107.89,-1405.35,1658.15,1.7891,3034.38,0
695.869,2100.18,-1409.53,1697.96,1.73771,3018.07,0
697.06,2178.04,-1466.71,1742.11,2.10996,3124.61,0
698.244,2237.21,-1419.4,1645.47,2.37988,3204.05,0
699.431,2167.56,-1361.1,1672.4,2.00607,3099.04,0
700.632,2239.91,-1335.32,1714.51,2.34117,3196.98,0
701.847,2203.55,-1340.73,1692.29,2.13121,3139.64,0
703.063,2234.22,-1345.51,1694.06,2.26124,3177.84,0
704.256,2276.27,-1328.44,1706.34,2.44391,3232.16,0
705.462,2250.83,-1355.82,1738.76,2.28536,3190.57,0
706.668,2275.75,-1339.82,1789.24,2.38277,3220.39,0
707.858,2162.42,-1362.31,1676.51,1.7952,3054.88,0
709.055,2125.66,-1301.01,1712.82,1.6004,2997.87,0
710.262,2146.04,-1290.06,1699.92,1.69133,3021.48,0
711.466,2185.92,-1236.08,1670.46,1.88025,3072.41,0
712.656,2123.1,-1194.28,1675.09,1.55114,2979.13,0
713.862,2108.44,-1208.2,1725.46,1.46895,2953.57,0
715.056,2156.13,-1279,1688.66,1.69843,3015.33,0
716.239,2140.24,-1245.59,1741.82,1.60765,2988.17,0
717.449,2147.77,-1268.94,1695.98,1.63641,2993.63,0
718.654,2052.01,-1211.96,1663.4,1.1502,2855.35,0
719.847,2054.26,-1286.97,1670.36,1.15703,2853.74,0
721.064,2122.81,-1300.14,1718.77,1.49429,2944,0
722.271,2080.04,-1256.79,1719.02,1.27582,2879.87,0
723.457,2093.56,-1270.59,1753.47,1.33708,2893.83,0
724.637,2107.84,-1152.52,1750.67,1.40028,2908.83,0
725.798,2082.86,-1204.18,1708.93,1.26816,2869.75,0
726.986,2102.72,-1234.76,1726.4,1.36006,2892.39,0
728.209,2182.31,-1215.59,1727.02,1.74755,2996.82,0
729.421,2224.56,-1214.94,1725.72,1.94656,3049.76,0
730.622,2296.62,-1265.24,1684.92,2.28443,3143.38,0
731.805,2326.38,-1359.33,1687.56,2.40667,3178.97,0
732.977,2328.16,-1387.17,1675.3,2.38732,3176.31,0
734.148,2278.4,-1365.41,1651.87,2.11644,3103.46,0
735.353,2263.89,-1280.34,1588.14,2.02569,3078.65,0
736.532,2189.75,-1277.58,1558.39,1.63864,2973.05,0
737.739,2148.41,-1304.15,1563.54,1.42402,2912.15,0
738.91,2068.44,-1324.94,1610.71,1.01872,2799.31,0
740.127,1967.61,-1280.18,1574.16,0.51408,2658.48,0
741.326,1931.54,-1398.04,1525.29,0.333852,2605.52,0
742.515,1959.66,-1435.45,1431.38,0.474128,2639.22,0
743.715,1960.99,-1531.96,1349.43,0.480275,2636.75,0
744.895,1963.98,-1643.99,1279.87,0.494897,2636.59,0
746.093,1964.46,-1552.91,1189.55,0.497188,2633,0
747.302,2039.8,-1559.11,1219.49,0.872288,2729.55,0
748.48,2042.2,-1606.31,1180.63,0.882692,2728.46,0
749.69,2039.74,-1597.32,1124.72,0.867761,2720.78,0
750.858,2026.97,-1529.95,1083.6,0.80237,2699.55,0
752.037,1952.59,-1523.76,930.114,0.430228,2596.41,0
753.24,1922.28,-1473.57,893.756,0.278451,2552.02,0
754.439,2018.01,-1317.29,787.03,0.755799,2674.84,0
755.622,2042.98,-1295.71,761.322,0.878242,2703.71,0
756.819,1987.53,-1262.71,795.8,0.599702,2626.17,0
758.025,2004.27,-1336.43,802.659,0.681746,2644.07,0
759.207,2048.69,-1408.85,744.6,0.901831,2698.46,0
760.386,1992.8,-1506.15,786.067,0.621196,2620.77,0
761.588,1984,-1518.04,872.475,0.576122,2605.08,0
762.8,2092.63,-1504.2,972.314,1.116,2743.35,0
763.993,2013.12,-1465.42,965.715,0.715507,2635,0
765.185,1893.14,-1450.46,930.376,0.115816,2474.09,0
766.378,2005.96,-1365.22,953.217,0.678718,2617.46,0
767.589,2013.74,-1284.18,987.701,0.715899,2623.47,0
768.768,1998.04,-1274.54,893.94,0.636303,2599.02,0
769.971,2039.87,-1248.56,934.645,0.843781,2649.28,0
771.152,1960.9,-1398.22,1100.89,0.448716,2542.82,0
772.361,1991,-1394.34,1049.79,0.59862,2577.81,0
773.543,2077.1,-1523.83,1065.79,1.0271,2685.18,0
774.709,2007.29,-1503.92,1086.48,0.676459,2591.02,0
775.893,2057.7,-1504.03,1061.48,0.925646,2652.04,0
777.103,2074.26,-1546.82,1060.12,1.00594,2669.23,0
778.288,2026.37,-1487.15,1076.24,0.764967,2603.63,0
779.49,2096.44,-1517.19,1156.02,1.11131,2689.5,0
780.685,2079.92,-1466.93,1131.08,1.02445,2664.23,0
781.89,2107.29,-1578.58,1159.34,1.15717,2695.12,0
783.068,2149.2,-1608.67,1241.96,1.36215,2744.59,0
784.266,2184.91,-1660.59,1321.49,1.53313,2785.93,0
785.49,2211.97,-1667.32,1340.39,1.65726,2816.04,0
786.67,2209.47,-1689.68,1331.4,1.63368,2808.64,0
787.872,2271.8,-1679.77,1332.89,1.93015,2883.46,0
789.042,2257.24,-1691.32,1257.05,1.84075,2860.74,0
790.255,2276.66,-1631.37,1262.47,1.92248,2880.93,0
791.45,2292.07,-1593.68,1326.44,1.98171,2896.03,0
792.634,2296.43,-1581.09,1393,1.9837,2897.22,0
793.824,2354.04,-1553.99,1302.16,2.25356,2965.44,0
795.023,2357.54,-1578.24,1245.25,2.25075,2965.37,0
796.234,2347.24,-1518.86,1186.39,2.17537,2947.93,0
797.44,2310.13,-1532.3,1182.34,1.97104,2896.93,0
798.609,2404.89,-1467.66,1141.21,2.42147,3011.35,0
799.816,2368.5,-1488.01,1186.28,2.21458,2961.3,0
801.017,2354.12,-1408.32,1161.9,2.12008,2938.92,0
802.228,2341.74,-1375.89,1075.67,2.03759,2919.05,0
803.436,2354.35,-1433.75,1098.37,2.08329,2930.35,0
804.602,2411.98,-1497.3,1149.27,2.35125,2997.73,0
805.794,2430.03,-1488.69,1175.42,2.41347,3015.7,0
806.981,2352.37,-1454.58,1151.66,2.00519,2915.03,0
808.18,2376.08,-1400.52,1189.87,2.10635,2940.04,0
809.389,2394.88,-1369.53,1123.24,2.17895,2958.88,0
810.597,2396.93,-1377.63,1218.26,2.16535,2956.99,0
811.801,2332.82,-1319.62,1212.32,1.82452,2873.64,0
812.983,2368.51,-1324.61,1204.39,1.98708,2913.36,0
814.177,2312.4,-1355.8,1234.99,1.69129,2840.17,0
815.354,2284.54,-1359.31,1293.58,1.54004,2801.9,0
816.558,2321.78,-1369.6,1195.72,1.71338,2843.37,0
817.736,2279.68,-1382.99,1169.38,1.4913,2787.79,0
818.947,2325.9,-1389.44,1152.76,1.71117,2840.11,0
820.132,2263.94,-1421.02,1102.71,1.39059,2760.46,0
821.335,2322.08,-1391.98,997.712,1.67437,2827.2,0
822.545,2325.22,-1361.06,1035.83,1.67835,2826.86,0
823.714,2318,-1416.71,1019,1.63198,2814.08,0
824.916,2285.57,-1439.1,913.489,1.45974,2770.66,0
826.08,2243.64,-1457.98,930.856,1.24377,2716,0
827.272,2279.49,-1444.19,928.878,1.41594,2755.43,0
828.487,2310.55,-1403.64,1014.57,1.56108,2788.88,0
829.687,2266.44,-1360.97,1052.61,1.33406,2731.68,0
830.903,2306.48,-1313.9,1094.29,1.52525,2775.87,0
832.114,2343.6,-1284.81,1126.69,1.69934,2816.44,0
833.297,2320.06,-1218.39,1123.24,1.57399,2784.19,0
834.491,2195.01,-1050.75,1113.42,0.943382,2630.36,0
835.694,2216.91,-986.365,1142,1.04906,2652.78,0
836.888,2241.36,-1121.09,1092.3,1.16713,2678.21,0
838.097,2192.65,-1119.55,1135.11,0.919693,2616.23,0
839.26,2189.33,-1077.01,1052.72,0.900878,2608.65,0
840.444,2151.12,-1154.37,1022.99,0.708796,2559.5,0
841.61,2218.06,-1098.48,971.158,1.04069,2635.5,0
842.784,2195.01,-1068.13,1035.99,0.923363,2604.47,0
843.99,2250.67,-1035.01,1083.65,1.19744,2666.7,0
845.184,2279.78,-1044.2,1051.98,1.33621,2697.38,0
846.356,2353.95,-1104.2,996.396,1.69702,2781.27,0
847.549,2334.79,-1185.19,1037.97,1.58854,2754.76,0
848.755,2338.42,-1224.83,1138.16,1.59449,2755.12,0
849.959,2374.72,-1287.14,1095.43,1.76436,2793.92,0
851.142,2336.6,-1286.22,1205.29,1.56318,2745.25,0
852.339,2419.9,-1315.44,1261.35,1.96627,2839.13,0
853.528,2425.42,-1352.49,1306.34,1.97323,2841.64,0
854.718,2370.56,-1454.79,1312.05,1.68703,2773.49,0
855.932,2395.32,-1428.43,1236.72,1.79619,2798.49,0
857.123,2427.51,-1401.37,1185.87,1.94056,2832.16,0
858.319,2426.6,-1339,1180.23,1.91926,2827.15,0
859.514,2421.89,-1366.9,1186.02,1.87787,2817.75,0
860.705,2475.73,-1430.22,1247.02,2.12968,2876.4,0
861.905,2429.62,-1389.92,1234.98,1.88252,2818.89,0
863.098,2446.03,-1429.89,1305.61,1.94801,2834.02,0
864.289,2400.6,-1393.51,1298.31,1.70798,2777.55,0
865.458,2429.46,-1403.74,1259.57,1.84106,2807.14,0
866.657,2444.88,-1383.35,1299.42,1.90442,2821.05,0
867.828,2458.61,-1393.34,1252.49,1.95431,2833.06,0
869.015,2461.08,-1393.44,1251.21,1.94993,2832.03,0
870.206,2484.55,-1272.34,1200.21,2.04818,2855.13,0
871.396,2512.74,-1223.94,1170.22,2.17068,2883.58,0
872.601,2546.66,-1265.05,1106.41,2.31359,2918.47,0
873.816,2571.75,-1234.18,1094.47,2.41003,2943.12,0
875.025,2540.13,-1181.72,1132.39,2.22679,2902.92,0
876.24,2475.15,-1147.93,1134.6,1.88046,2824.74,0
877.42,2465.78,-1150.36,1095.93,1.81817,2810.26,0
878.583,2437.21,-1140.52,1120.41,1.66341,2774.02,0
879.78,2429.35,-1078.69,1135.2,1.61338,2761.32,0
880.976,2439.33,-932.304,1135.82,1.65338,2768.9,0
882.172,2320.26,-877.271,1140.13,1.05295,2630.17,0
883.357,2256.25,-829.403,1128.68,0.730732,2554.18,0
884.56,2123.5,-932.45,1154.56,0.0677639,2400.62,0
885.748,2210.72,-1100.65,1157.88,0.50312,2495.88,0
886.933,2216.67,-1208.24,1169.12,0.53249,2499.26,0
888.104,2228.63,-1181.7,1140.57,0.591222,2509.42,0
889.298,2235.81,-1239.37,1097.5,0.625261,2514.13,0
890.509,2258.82,-1213.19,1074.02,0.738931,2536.55,0
891.719,2205.87,-1192.31,1168,0.474138,2473.72,0
892.908,2193.07,-1135.24,1104.6,0.410213,2456.1,0
894.098,2219.37,-1149.69,1030.43,0.541066,2482.24,0
895.289,2259.25,-1183.29,1024.09,0.738977,2523.49,0
896.478,2173.72,-1179.47,931.236,0.311473,2424.73,0
897.666,2211.09,-1163.99,1053.79,0.498016,2463.15,0
898.849,2310.12,-1169.44,1197.89,0.990906,2570.09,0
900.054,2329.57,-1277.16,1199.76,1.08522,2588.25,0
901.254,2272.67,-1257.57,1262.38,0.799398,2521.67,0
902.46,2327.57,-1263.87,1187.75,1.06963,2579.14,0
903.658,2317.2,-1270.3,1206.45,1.01283,2564.25,0
904.846,2262.5,-1169.84,1084.02,0.738246,2500.43,0
906.029,2291.13,-1262.16,1100.22,0.879606,2528.77,0
907.251,2282.52,-1232.71,1099.63,0.834644,2515.86,0
908.443,2138.87,-1330.29,1020.7,0.116183,2354.43,0
909.617,2223.14,-1284.19,1055.35,0.536893,2444.04,0
910.815,2214.81,-1275.68,1097.17,0.494733,2431.68,0
912.006,2219.26,-1320.98,1052.28,0.516232,2433.38,0
913.216,2239.92,-1385.96,883.085,0.618885,2452.78,0
914.424,2291.21,-1405.6,861.034,0.872594,2505.64,0
915.634,2309.66,-1334.15,884.721,0.962136,2522.48,0
916.805,2239.45,-1489.37,873.138,0.610586,2442.67,0
917.984,2267.02,-1423.32,840.264,0.747104,2469.56,0
919.173,2375.63,-1484.16,895.411,1.28643,2584.53,0
920.361,2443.24,-1386.24,919.16,1.61664,2654.65,0
921.527,2432.51,-1369.3,912.383,1.55254,2639.65,0
922.738,2490.69,-1350.09,957.772,1.82983,2699.24,0
923.941,2478.8,-1341.57,882.957,1.75463,2682.86,0
925.146,2387.87,-1336.4,862.668,1.29041,2581.08,0
926.314,2346.45,-1309.56,800.479,1.07797,2533.11,0
927.511,2415.22,-1274.07,787.036,1.41648,2603.99,0
928.703,2365.18,-1303.38,713.552,1.15923,2546.75,0
929.898,2405.33,-1310.44,635.602,1.35341,2586.65,0
931.079,2364.58,-1312.35,586.974,1.14539,2539.61,0
932.281,2391.57,-1297.35,622.996,1.2732,2565.29,0
933.468,2372.99,-1239.01,647.514,1.17543,2542.12,0
934.654,2426.09,-1158.4,670.899,1.43461,2595.71,0
935.893,2397.82,-1105.89,681.529,1.28745,2562.07,0
937.082,2462.76,-1122.8,708.553,1.60394,2628.12,0
938.294,2420.74,-1094.19,763.678,1.38849,2579.94,0
939.489,2425.71,-1111.42,777.544,1.4052,2581.94,0
940.693,2486.22,-1096.33,852.969,1.6939,2642.97,0
941.899,2477.99,-1021.49,818.958,1.64155,2630.85,0
943.104,2400.01,-975.291,819.935,1.24327,2544.79,0
944.275,2397.31,-1026.69,818.117,1.22469,2538.79,0
945.463,2401.73,-1123.3,824.626,1.24263,2540.27,0
946.665,2394.71,-1098.97,832.793,1.20322,2529.63,0
947.857,2363.03,-1127.76,857.488,1.04086,2493.02,0
949.058,2383.5,-1132.38,891.324,1.1381,2511.44,0
950.232,2466.09,-1107.35,924.278,1.54424,2595.25,0
951.432,2475.34,-1103.93,917.465,1.57783,2601.7,0
952.638,2450.14,-1179.85,862.638,1.44292,2571.95,0
953.828,2469.84,-1225.13,851.755,1.53087,2589.4,0
955.042,2505.48,-1202.71,830.98,1.70013,2623.42,0
956.244,2548.92,-1238.43,782.205,1.9029,2665.55,0
957.431,2506.04,-1285.85,774.348,1.6763,2617.46,0
958.655,2434.31,-1279.15,717.37,1.31001,2539.3,0
959.818,2403.84,-1217.13,746.423,1.15124,2504.48,0
961.024,2368.92,-1250.59,630.598,0.973753,2465,0
962.238,2290.94,-1284.5,685.765,0.58253,2380.84,0
963.417,2272.29,-1105.94,740.73,0.488907,2358.58,0
964.596,2231.35,-1106.12,818.675,0.284397,2313.25,0
965.782,2306.2,-1246.66,748.972,0.658076,2387.91,0
966.97,2292.3,-1262.39,773.428,0.587466,2370.6,0
968.183,2487.25,-1277.47,815.219,1.55762,2568.98,0
969.376,2401.4,-1250.44,862.079,1.12386,2477.27,0
970.561,2419.14,-1230.2,889.139,1.20789,2492.52,0
971.752,2428.17,-1260.49,944.907,1.24766,2498.75,0
972.932,2441.31,-1205.83,913.637,1.30883,2509.23,0
974.133,2437.82,-1171.22,1060.98,1.28377,2502.56,0
975.349,2409.82,-1121.02,1078.82,1.13862,2470.73,0
976.572,2459.43,-1087.8,1108.95,1.38105,2518.43,0
977.774,2430.77,-1115.39,1076.97,1.23254,2486.02,0
978.971,2462.9,-1115.01,1070.76,1.38792,2515.81,0
980.13,2430,-1096.87,1126.3,1.21777,2479.26,0
981.331,2434.21,-1116.71,1136.14,1.23422,2480.52,0
982.515,2400.65,-1184.17,1133.46,1.06169,2443.38,0
983.707,2409.04,-1191.59,1013.09,1.09873,2448.94,0
984.913,2492.24,-1231.01,980.681,1.50699,2530.42,0
986.104,2575.01,-1220.44,993.8,1.90646,2611.29,0
987.289,2598.69,-1180.62,1005.11,2.00512,2632.15,0
988.453,2524.87,-1162.9,1035.94,1.62362,2554.37,0
989.65,2451.68,-1197.7,977.635,1.25099,2477.32,0
990.85,2385.05,-1236.64,954.485,0.914516,2407.08,0
992.03,2432.69,-1242.16,1004.49,1.14838,2452.23,0
993.224,2394.78,-1177.54,889.499,0.956361,2411.12,0
994.408,2339.08,-1241.56,850.099,0.676451,2352.23,0
995.611,2276.34,-1406.31,805.615,0.36291,2286.38,0
996.816,2341.31,-1330.99,767.63,0.686126,2348.79,0
998.017,2294.26,-1475.06,735.73,0.450098,2298.81,0
999.193,2353.22,-1483.87,672.137,0.743886,2355.12,0
1000,2328.83,-1500.4,657.245,0.620927,2328.82,0
