1.37658,3641.11,11.83,5.53184,3.58192,-6457.94,0
2.74519,3641.2,-15.3283,-22.3877,2.82884,-3204.39,0
4.10788,3630.78,-28.3457,-26.1887,4.76261,-4678.1,0
5.47374,3612.54,-39.4587,15.1899,9.52645,-6842.76,0
6.84075,3594.65,-43.008,46.7855,11.8055,-8091.43,0
8.21443,3608.43,-31.7233,56.9487,4.03848,-5060.06,0
9.60105,3564.23,-33.6726,79.758,6.36302,-8932.9,0
10.971,3545.7,-48.4136,97.7502,7.72452,-9507.07,0
12.35,3527.26,-67.122,69.5932,4.51951,-9938.62,0
13.7258,3531.14,-63.5547,79.042,0.126766,-8659.8,0
15.0917,3524,-48.6422,57.0057,9.87065,-8348.87,0
16.4676,3536.65,-30.357,56.0134,4.94377,-6882.92,0
17.813,3549.94,-1.58612,30.7318,2.44766,-5617.27,0
19.1725,3537.34,-36.2519,10.5784,8.5677,-5876.11,0
20.5343,3513.88,-4.5782,4.46263,9.77545,-6628.82,0
21.0373,3490.13,1.40815,1.29002,13.1461,-7599.39,1
