1.36068,3612.86,-66.953,44.732,10.4453,-27292.1,0
2.71692,3628.07,-79.1127,60.3974,2.49432,-8069.93,0
4.09043,3625.72,-29.9183,51.946,5.87568,-5936.05,0
5.4604,3619.71,-36.9844,62.3851,6.63887,-5546.78,0
6.82163,3622.4,-26.9854,86.1042,2.24647,-4046.38,0
8.18775,3585.39,-26.8674,97.0314,1.56875,-7890.76,0
9.56761,3573.34,-30.0216,119.479,2.76292,-8012.4,0
10.9256,3563.36,-51.084,133.384,2.54972,-7929.95,0
12.301,3528.27,-48.1861,139.491,2.88201,-9895.95,0
13.6638,3505.26,-49.0451,127.519,3.77675,-10592.8,0
15.0241,3487.35,-95.1696,75.413,3.51925,-10825.8,0
16.3855,3456.42,-105.091,81.2036,10.9041,-11814.4,0
16.4065,3449.95,-106.966,82.1966,1.13634,-12193.4,0
