1.36252,3618.23,70.1522,-33.057,7.12999,-23316.8,0
2.73434,3607.74,68.1037,-63.4585,6.92102,-15454.6,0
4.09882,3574,92.1424,-61.01,4.13029,-18541,0
5.46394,3581.36,74.7102,-59.0768,3.0505,-12562.7,0
6.81861,3556.39,105.432,-83.7604,5.46177,-13729.2,0
8.19133,3551.29,97.213,-112.441,4.13325,-12050,0
9.54955,3539.51,111.057,-100.629,7.1457,-11570.2,0
10.9165,3531.88,131.213,-47.6748,10.5929,-10820.4,0
12.3004,3515.29,136.146,-38.338,4.59142,-10951.4,0
13.6632,3502.23,146.807,-21.7948,7.52096,-10815.1,0
15.0287,3509.35,148.691,-19.6923,2.2158,-9358.46,0
16.3983,3488.9,139.366,-32.7647,2.26513,-9824.03,0
17.7703,3469.36,158.899,-38.9265,2.29645,-10165.4,0
19.1109,3449.97,136.797,-62.4885,4.89517,-10467,0
