1.35479,3637.07,21.3066,14.0772,3.27626,-9546.38,0
2.71791,3613.94,-10.7849,-11.8977,11.4937,-13266,0
4.09488,3601.05,-39.5017,-1.33533,1.74747,-11953,0
5.45848,3581.86,-66.3755,-5.6472,7.12085,-12483.9,0
6.83529,3582.51,-64.444,2.30315,5.02478,-9873.7,0
8.20299,3581.88,-63.7162,-9.28642,3.39735,-8304.28,0
9.5707,3572.24,-84.0074,-20.8792,4.17902,-8124.55,0
10.9222,3579.81,-65.7707,-2.17486,2.54582,-6426.83,0
12.2859,3563.71,-72.8218,-19.233,8.20207,-7023.62,0
13.6443,3552.66,-82.1443,-51.3741,8.19861,-7134.08,0
15.016,3524.94,-61.3799,-41.9735,2.09375,-8328.69,0
16.3894,3473.87,-66.8644,-12.567,0.417255,-10746.5,0
17.7556,3456.31,-6.97835,-4.80089,3.98652,-10908.8,1
