1.38172,3636.84,-42.1581,-12.0341,5.20871,-9523.1,0
2.74986,3617.73,-41.1382,-29.9657,9.12306,-11735.1,0
4.12443,3602.93,-32.2762,-30.448,1.31486,-11411.6,0
5.49531,3605,-22.0791,-13.3406,0.91,-8188.82,0
6.85619,3600.33,-32.5858,-34.4747,0.940232,-7245.27,0
8.23235,3602.08,-16.8795,-32.178,0.423947,-5821.3,0
9.60966,3579.94,-58.1484,-21.0483,6.5638,-7290.43,0
10.9838,3537.7,-49.2073,-57.7929,10.8807,-10223.8,0
12.3578,3520.79,-81.8019,-21.7487,4.16379,-10455.7,0
13.7216,3492.45,-118.983,-5.68618,5.41534,-11481.7,0
15.0903,3482.06,-95.9278,-7.12143,6.35913,-11129,0
16.4373,3462.4,-95.4191,4.1329,3.98027,-11413.3,0
17.012,3449.99,-99.4753,21.9731,6.39348,-11757.3,0
