1.37704,3617.36,26.3937,-8.79488,10.2313,-23701.7,0
2.75284,3618.8,17.8684,19.3777,6.01746,-11334.1,0
4.12039,3608.25,72.2027,-4.80399,6.29603,-10132.3,0
5.4885,3617.13,84.5551,10.7197,0.991506,-5989.33,0
6.85074,3600.55,103.341,-36.9347,4.1808,-7217.48,0
8.23091,3596.49,109.97,-17.1051,4.21652,-6501.41,0
9.59922,3582.62,114.401,-25.3477,7.90697,-7019.36,0
10.9816,3565.86,108.946,-1.63261,2.63514,-7661.54,0
12.3406,3560.7,111.347,-1.46183,3.65202,-7236.3,0
13.7215,3523.63,156.106,-14.0397,6.69292,-9209.45,0
15.0889,3509.13,111.812,8.89668,3.13296,-9335.99,0
16.4513,3503.72,102.764,8.72527,7.7034,-8891.8,0
17.8224,3477.5,107.945,25.7383,3.437,-9678.57,0
19.1899,3473.64,98.0602,36.422,7.67597,-9190.38,0
20.5414,3479.96,80.7655,4.13308,3.28812,-8278.14,0
21.9046,3465.57,78.1647,-38.114,5.90479,-8419.63,0
23.2815,3466.13,58.3399,-38.8598,3.60587,-7897.6,0
23.7935,3449.87,56.7291,-31.1365,3.8266,-8411.24,0
