1.36746,3634.15,-11.167,-76.2283,2.46239,-11589.9,0
2.72354,3622.34,30.9341,-122.495,1.75172,-10154.5,0
4.08564,3617.64,-20.801,-108.9,4.14287,-7921.37,0
5.44117,3620.37,-33.6538,-122.936,1.20926,-5445.8,0
6.8221,3606.9,-45.4266,-91.2508,7.25068,-6317.24,0
8.18285,3604.51,-11.1474,-95.4543,7.6463,-5558.91,0
9.54896,3599.24,-0.921773,-69.4283,9.93658,-5315.69,0
10.908,3607.44,-4.3857,-77.2823,4.18375,-3902.16,0
12.2813,3569.7,17.2743,-60.6812,7.85655,-6538.59,0
13.6402,3548.31,-2.18406,-62.051,5.67518,-7455.26,0
15.0224,3551.16,-29.5393,-41.6779,5.61127,-6579.32,0
16.4004,3526.43,-41.7435,-65.5111,11.6501,-7534.4,0
17.7748,3485.55,-67.3313,-83.5549,8.8289,-9251.91,0
18.9652,3449.84,-84.9895,-71.1363,11.4698,-10553.9,0
