1.36099,3634.55,-62.6011,58.8081,4.21683,-11350.5,0
2.73247,3621.15,-70.3617,92.587,5.89196,-10557.6,0
4.09953,3637.16,-73.4269,56.241,1.20926,-3130.87,0
5.47103,3624.94,-101.984,56.6893,2.16768,-4581.01,0
6.84745,3622.58,-79.038,15.9267,5.45166,-4005.05,0
8.2282,3608.44,-50.4411,19.0682,10.7954,-5050.48,0
9.58812,3605.48,-58.0919,-10.5731,7.93657,-4642.85,0
10.9728,3567.48,-59.4099,-20.4363,10.1757,-7520.18,0
12.3466,3537.95,-63.9371,-7.09282,0.707422,-9075.09,0
13.7183,3501.43,-41.1823,8.98602,0.737586,-10830,0
14.6796,3461.03,0.263794,7.64513,10.2572,-12872.7,0
