0.00648388,3509.86,-0.816283,-5.26949,4.92199,-21551.7,0
0.0129851,3509.83,-0.811163,-5.2884,3.93877,-13436.5,0
0.0194764,3509.81,-1.03869,-5.11476,4.54723,-9576.51,0
0.0259598,3509.87,-1.01866,-4.96154,3.17456,-5086.27,0
0.0324832,3509.84,-1.06884,-4.97341,2.22879,-4917.45,0
0.0390267,3509.85,-1.0505,-4.98738,1.05929,-3743.89,0
0.0455618,3509.72,-0.926614,-4.90173,6.26541,-6214.52,0
0.0520649,3509.68,-0.930189,-4.89512,5.17767,-6234.43,0
0.0585787,3509.7,-0.948208,-4.81879,4.09185,-5120.95,0
0.0650781,3509.72,-0.687669,-4.88526,2.10535,-4282.85,0
0.0715983,3509.73,-0.678788,-4.64571,3.68131,-3747.93,0
0.0781406,3509.69,-0.763144,-4.6248,4.51151,-3903.91,0
0.0846439,3509.71,-0.723948,-4.86105,0.709437,-3384.52,0
0.0911552,3509.66,-0.701623,-4.79957,3.18328,-3748.44,0
0.097677,3509.64,-0.880701,-4.91303,2.34375,-3718.51,0
0.104171,3509.49,-1.08745,-5.08606,5.57485,-4889.82,0
0.110674,3509.53,-1.16298,-5.20405,1.53494,-4247.81,0
0.117199,3509.48,-1.26635,-5.35132,1.61155,-4473.28,0
0.123752,3509.49,-1.27246,-5.16969,2.18182,-4113.22,0
0.130284,3509.38,-1.22274,-5.20606,5.18215,-4780.87,0
0.136798,3509.43,-1.07792,-5.22099,2.5937,-4196.65,0
0.143317,3509.38,-1.18608,-5.28335,2.97651,-4296.22,0
0.149778,3509.37,-1.29049,-5.30368,2.43033,-4181.54,0
0.156296,3509.4,-1.53691,-5.08789,2.58743,-3855.93,0
0.162765,3509.39,-1.50144,-5.0726,2.90241,-3770.73,0
0.169225,3509.44,-1.43902,-4.96221,1.42584,-3311.75,0
0.175736,3509.43,-1.51435,-4.80207,2.83994,-3271.68,0
0.182247,3509.38,-1.52595,-4.80718,4.20969,-3415.19,0
0.188801,3509.35,-1.50688,-4.83874,4.06555,-3454.74,0
0.195334,3509.3,-1.51921,-4.84775,4.3442,-3584.36,0
0.201777,3509.26,-1.42127,-4.98545,3.87678,-3659.27,0
0.20831,3509.24,-1.66725,-4.92464,4.03639,-3662.48,0
0.214803,3509.23,-1.51534,-4.99034,3.75378,-3598.42,0
0.22128,3509.31,-1.50425,-4.85682,1.08644,-3126.42,0
0.22782,3509.28,-1.23641,-4.86105,2.90488,-3165.13,0
0.234291,3509.28,-1.1093,-4.86065,2.81192,-3090.47,0
0.240781,3509.22,-1.10044,-4.80815,3.9646,-3252.78,0
0.247281,3509.25,-1.04875,-4.65202,3.54725,-3035.75,0
0.253775,3509.22,-1.01721,-4.57097,4.67958,-3092.09,0
0.260277,3509.24,-1.09754,-4.56734,2.50186,-2917.39,0
0.266811,3509.25,-0.915998,-4.50212,2.14456,-2812.69,0
0.273318,3509.18,-0.957683,-4.63265,3.20031,-2990,0
0.279832,3509.2,-0.706557,-4.67913,2.03033,-2870.11,0
0.286327,3509.09,-0.932189,-4.90152,3.2773,-3173.68,0
0.292784,3508.97,-0.984033,-5.1169,4.33123,-3511.99,0
0.299301,3508.94,-0.889321,-5.29164,3.39103,-3540.36,0
0.305804,3508.88,-0.957408,-5.3151,4.50764,-3673.83,0
0.312291,3508.86,-1.12793,-5.43755,2.45268,-3643.43,0
0.318786,3508.88,-1.11841,-5.42135,1.24007,-3510.77,0
0.325317,3508.77,-1.04556,-5.57078,4.06576,-3795.33,0
0.331823,3508.79,-1.00738,-5.68892,0.369549,-3634.54,0
0.338311,3508.72,-0.900339,-5.6403,4.08894,-3789.96,0
0.344822,3508.69,-1.21261,-5.72831,2.35917,-3796.02,0
0.35134,3508.82,-0.920683,-5.43333,0.910569,-3363.66,0
0.357841,3508.77,-0.883724,-5.56255,0.994068,-3433.3,0
0.364364,3508.71,-0.916141,-5.42716,4.55428,-3540,0
0.370898,3508.81,-0.815604,-5.18316,2.77578,-3211.21,0
0.377416,3508.78,-0.765896,-5.23916,2.88416,-3240.07,0
0.383907,3508.77,-0.97303,-5.27656,1.88966,-3209.11,0
0.390468,3508.78,-0.952492,-5.14411,2.51947,-3111.9,0
0.397001,3508.82,-0.980011,-5.11696,0.835361,-2965.93,0
0.403492,3508.61,-1.05634,-5.21213,6.6131,-3442.15,0
0.409992,3508.6,-1.02241,-5.10284,6.38274,-3418.82,0
0.416527,3508.6,-1.05599,-5.19683,3.38317,-3352.31,0
0.423027,3508.51,-0.962172,-5.23498,5.14579,-3514.67,0
0.429548,3508.47,-0.944619,-5.14636,6.16284,-3559.65,0
0.43608,3508.38,-0.903228,-5.15342,6.54754,-3725.04,0
0.44259,3508.4,-0.906551,-5.21233,2.64674,-3617.78,0
0.449069,3508.37,-0.794517,-5.22097,3.67287,-3632.64,0
0.455613,3508.34,-0.704701,-5.19192,4.52543,-3639.01,0
0.462123,3508.34,-0.640321,-5.07906,4.43211,-3581.37,0
0.468659,3508.43,-0.473124,-4.98255,1.3319,-3356.4,0
0.475162,3508.34,-0.456354,-4.94487,4.61779,-3494.7,0
0.481692,3508.28,-0.499076,-4.97407,4.143,-3577.97,0
0.48823,3508.32,-0.558436,-4.94771,1.0715,-3442.58,0
0.494757,3508.26,-0.937271,-4.88426,3.75477,-3519.62,0
0.501242,3508.31,-0.973518,-4.76231,2.24368,-3366.27,0
0.507752,3508.27,-1.2385,-4.78304,2.58285,-3402.9,0
0.514245,3508.33,-1.53155,-4.602,0.697763,-3254.81,0
0.52077,3508.3,-1.61931,-4.42018,3.2186,-3257.71,0
0.527274,3508.31,-1.70063,-4.43873,1.47772,-3202.12,0
0.533779,3508.27,-1.67713,-4.38549,3.89029,-3244.55,0
0.540261,3508.22,-1.63551,-4.4888,4.45248,-3293.36,0
0.54675,3508.27,-1.8013,-4.42043,1.58493,-3161.32,0
0.553271,3508.2,-1.76278,-4.65953,1.998,-3261.76,0
0.559761,3508.18,-1.63391,-4.52116,4.53969,-3252.24,0
0.56625,3508.2,-1.71418,-4.39197,2.9091,-3181.48,0
0.572757,3508.11,-1.83721,-4.65778,2.67818,-3305.34,0
0.579286,3508.11,-1.88894,-4.56948,2.07059,-3261.05,0
0.585739,3508.04,-1.87227,-4.46425,5.57501,-3348.16,0
0.592265,3508.13,-1.70676,-4.45748,1.4428,-3164.7,0
0.598753,3508.19,-1.55798,-3.99791,4.20328,-3017.94,0
0.605274,3508.25,-1.40715,-3.87569,2.78543,-2894.46,0
0.611737,3508.29,-1.31707,-3.75719,1.3271,-2793.13,0
0.61826,3508.29,-1.15886,-3.57681,3.50346,-2769.54,0
0.6248,3508.3,-1.1042,-3.51092,3.05817,-2719.87,0
0.631296,3508.27,-1.16606,-3.48527,3.32878,-2746.28,0
0.637797,3508.27,-1.30057,-3.53569,1.96391,-2718.3,0
0.644333,3508.21,-1.18937,-3.45775,5.04533,-2785.48,0
0.650847,3508.22,-1.13864,-3.52128,1.82636,-2728.97,0
0.657344,3508.23,-1.15149,-3.41581,2.37721,-2698.76,0
0.663836,3508.19,-1.13864,-3.45418,3.69787,-2732.64,0
0.670333,3508.09,-1.17152,-3.46969,6.99443,-2853.3,0
0.676829,3508.03,-1.15713,-3.49689,6.02558,-2917.43,0
0.683323,3508.02,-1.12702,-3.44872,3.75266,-2900.46,0
0.689806,3508.07,-1.10698,-3.17591,2.93447,-2798.57,0
0.6963,3508.07,-1.12716,-3.29508,1.17689,-2772.35,0
0.702811,3508.04,-0.986948,-3.28501,2.15635,-2784.4,0
0.709322,3508.03,-0.89705,-3.3235,2.44787,-2779.96,0
0.715838,3507.96,-0.889339,-3.46961,3.96735,-2855.09,0
0.722324,3507.92,-0.852256,-3.50855,3.71034,-2883.53,0
0.728868,3507.91,-0.999355,-3.36614,4.50467,-2864.02,0
0.735409,3507.92,-1.0462,-3.29726,3.35357,-2824.86,0
0.741881,3507.98,-1.00832,-3.24838,0.605689,-2725.39,0
0.748383,3507.84,-1.02593,-3.33101,5.92795,-2880.85,0
0.754897,3507.9,-1.05084,-3.36646,0.147222,-2788.41,0
0.761391,3507.88,-0.919808,-3.23066,2.6662,-2787.37,0
0.76794,3507.82,-1.01338,-3.11687,5.91596,-2839.06,0
0.774487,3507.82,-1.16925,-3.18452,3.4186,-2819.15,0
0.781016,3507.73,-1.16281,-3.18756,6.2171,-2902.78,0
0.787504,3507.76,-1.19339,-3.17003,2.90523,-2847.37,0
0.794018,3507.65,-1.21068,-3.04025,7.57545,-2960.39,0
0.800537,3507.73,-1.31045,-3.08479,0.776156,-2835.59,0
0.807007,3507.62,-1.39755,-3.00968,5.91564,-2953.94,0
0.813479,3507.59,-1.3588,-3.0044,4.86862,-2967.52,0
0.819998,3507.57,-1.33422,-3.11057,3.77019,-2965.73,0
0.826462,3507.56,-1.12864,-3.24555,2.66563,-2947.62,0
0.832947,3507.55,-1.10536,-3.10948,4.75074,-2942.14,0
0.839452,3507.6,-1.12692,-3.08535,1.48492,-2863.03,0
0.845938,3507.48,-1.21808,-2.9116,7.03879,-2982.08,0
0.852443,3507.45,-1.23247,-2.96344,4.65552,-2994.46,0
0.858931,3507.36,-1.18939,-2.86943,7.44358,-3078.77,0
0.865458,3507.34,-1.10203,-2.90824,4.96366,-3075.72,0
0.872003,3507.19,-1.19637,-3.00956,8.34211,-3218.54,0
0.878584,3507.17,-1.31503,-2.99772,4.28362,-3220.07,0
0.885111,3507.18,-1.33964,-3.07169,2.1126,-3185.55,0
0.891629,3507.13,-1.36387,-3.0114,4.92114,-3216.79,0
0.898155,3507.13,-1.27869,-3.10553,3.2419,-3191.61,0
0.904693,3507.13,-1.13483,-3.19973,2.2415,-3169.8,0
0.911189,3507,-1.20615,-3.31805,6.3122,-3287.68,0
0.917723,3507.05,-1.21189,-3.16752,4.25547,-3210.25,0
0.924269,3507.07,-1.27697,-3.09562,3.24424,-3169.57,0
0.930778,3507.15,-1.15864,-2.85705,1.82097,-3064.7,0
0.937314,3507.06,-1.11927,-3.13594,3.44778,-3141.54,0
0.943829,3507.02,-1.1664,-3.20924,3.79792,-3160.55,0
0.950335,3506.93,-1.1843,-3.15544,7.10931,-3232.38,0
0.956847,3506.94,-1.14979,-3.09933,4.13202,-3200.18,0
0.96335,3506.89,-1.21721,-3.09444,4.59809,-3227.76,0
0.969822,3506.94,-1.3856,-2.97778,0.687568,-3155.11,0
0.976363,3506.79,-1.66122,-3.27668,3.24352,-3287.81,0
0.982856,3506.77,-1.50554,-3.12026,5.82932,-3288.21,0
0.989411,3506.77,-1.61506,-3.14511,2.89876,-3262.11,0
0.995896,3506.74,-1.74612,-3.08509,3.89663,-3272.75,0
1.00242,3506.73,-1.69593,-3.1067,2.94012,-3259.66,0
1.00898,3506.71,-1.50072,-3.12656,5.16071,-3265.18,0
1.01547,3506.75,-1.51302,-3.11933,0.545716,-3203.92,0
1.022,3506.71,-1.35661,-3.07795,3.93276,-3219.24,0
1.02848,3506.78,-1.24793,-2.79397,3.88227,-3134.59,0
1.03499,3506.73,-1.24603,-2.76275,5.46859,-3162.77,0
1.04149,3506.77,-1.29558,-2.72654,1.18016,-3097.65,0
1.04799,3506.72,-1.29774,-2.78794,3.28705,-3132.26,0
1.05447,3506.62,-1.508,-2.81742,6.13917,-3203.02,0
1.061,3506.64,-1.46083,-2.8998,2.97052,-3170.68,0
1.0675,3506.69,-1.42318,-2.85285,0.132882,-3103.67,0
1.07401,3506.64,-1.48467,-2.68319,4.35225,-3126.1,0
1.08047,3506.62,-1.57535,-2.78204,2.05759,-3125.36,0
1.08698,3506.61,-1.3932,-2.72048,4.19564,-3115.78,0
1.09348,3506.49,-1.35417,-2.70278,7.34135,-3207.51,0
1.10002,3506.4,-1.25304,-2.71466,7.33117,-3275.29,0
1.1065,3506.34,-1.26781,-2.74239,6.19404,-3304.4,0
1.113,3506.4,-1.25986,-2.5611,4.11084,-3237.3,0
1.11951,3506.36,-1.31434,-2.5044,4.80896,-3249.5,0
1.12599,3506.31,-1.31217,-2.46609,6.49088,-3275.65,0
1.13253,3506.29,-1.25208,-2.43191,6.2338,-3278.34,0
1.13904,3506.33,-1.26844,-2.30962,3.22487,-3224.22,0
1.14552,3506.3,-1.19298,-2.3322,3.39359,-3229.18,0
1.15201,3506.35,-1.16057,-2.02743,3.92284,-3171.45,0
1.15847,3506.34,-1.18776,-1.95668,2.8418,-3155.94,0
1.16501,3506.37,-1.10206,-1.90656,1.70259,-3114.74,0
1.17147,3506.28,-1.05558,-2.02685,4.79023,-3175.02,0
1.17796,3506.31,-1.0956,-1.962,2.70109,-3135.38,0
1.18445,3506.25,-1.45291,-1.87025,4.27313,-3163.1,0
1.19095,3506.31,-1.31333,-1.6814,2.5435,-3098.27,0
1.19741,3506.29,-1.39744,-1.55492,3.57874,-3100.58,0
1.2039,3506.29,-1.26894,-1.46425,4.20628,-3078.17,0
1.21042,3506.25,-1.24456,-1.3803,6.13153,-3100.57,0
1.21693,3506.27,-1.3815,-1.44634,1.22745,-3062.85,0
1.22343,3506.18,-1.46251,-1.56246,3.79678,-3118.51,0
1.22995,3506.16,-1.37641,-1.60864,4.66773,-3120.53,0
1.23649,3506.16,-1.37792,-1.65849,3.05245,-3107.66,0
1.24296,3506.1,-1.31165,-1.83882,5.04192,-3137.9,0
1.24945,3506.06,-1.4381,-1.79201,3.6911,-3155.54,0
1.25596,3505.91,-1.68293,-2.189,6.21517,-3259.27,0
1.26251,3505.86,-1.58572,-2.18916,6.54542,-3277.93,0
1.26898,3505.71,-1.588,-2.19161,9.51721,-3378.16,0
1.27554,3505.72,-1.54338,-2.18336,4.16204,-3359.19,0
1.28204,3505.69,-1.66156,-2.1781,2.68772,-3358.32,0
1.28858,3505.63,-1.78898,-2.12298,3.26674,-3391.04,0
1.2951,3505.55,-1.66672,-2.28102,7.16818,-3432.73,0
1.30157,3505.55,-1.6754,-2.281,4.00176,-3420.16,0
1.30808,3505.55,-1.66273,-2.31355,3.01167,-3402.89,0
1.31461,3505.5,-1.49439,-2.3563,6.53716,-3422.23,0
1.32113,3505.5,-1.54166,-2.29471,4.06301,-3404.59,0
1.32766,3505.42,-1.60748,-2.51594,4.55729,-3448.45,0
1.33417,3505.4,-1.54151,-2.39678,5.87397,-3444.13,0
1.34063,3505.42,-1.45232,-2.42145,3.84183,-3419.35,0
1.34712,3505.4,-1.4465,-2.31255,6.09609,-3415.58,0
1.35368,3505.33,-1.42773,-2.36004,8.15459,-3452.41,0
1.36016,3505.25,-1.4599,-2.28867,7.82753,-3490.36,0
1.36666,3505.28,-1.50795,-2.2178,4.31856,-3450.81,0
1.37317,3505.31,-1.32317,-2.24444,3.57595,-3418.99,0
1.37968,3505.28,-1.41003,-2.19691,4.3498,-3419.35,0
1.38617,3505.29,-1.32016,-2.09622,2.93842,-3398.77,0
1.39268,3505.3,-1.33718,-1.97037,3.46409,-3375.24,0
1.39918,3505.27,-1.20851,-1.99142,5.89903,-3378.77,0
1.40565,3505.24,-1.30558,-1.85191,7.25562,-3387.09,0
1.41218,3505.25,-1.4167,-1.81764,1.67175,-3362.24,0
1.41873,3505.17,-1.44742,-1.88092,4.14846,-3403.24,0
1.42519,3505.11,-1.37653,-2.06362,5.73033,-3429.79,0
1.4317,3505.11,-1.30877,-2.31083,0.536739,-3416.77,0
1.43823,3505.08,-1.18333,-2.27371,4.62254,-3424.04,0
1.44475,3505.05,-1.18882,-2.29782,1.12523,-3426.15,0
1.45127,3504.93,-1.05792,-2.43849,6.63428,-3493.41,0
1.45778,3504.97,-1.01572,-2.30757,3.64797,-3451.41,0
1.46429,3504.88,-0.986434,-2.27329,8.28943,-3495.07,0
1.47082,3504.81,-0.998699,-2.30738,8.04599,-3528.42,0
1.47735,3504.8,-1.00035,-2.28434,6.94038,-3520.44,0
1.48385,3504.92,-0.761556,-2.14506,0.238479,-3424.43,0
1.49038,3504.89,-0.633375,-2.14336,3.46682,-3429.98,0
1.49689,3504.89,-0.682288,-2.03976,5.18899,-3417.05,0
1.50337,3504.83,-0.648735,-2.24978,4.42698,-3439.57,0
1.50987,3504.8,-0.689224,-2.37489,1.30996,-3446.18,0
1.51635,3504.81,-0.790886,-2.3005,0.705183,-3423.08,0
1.52286,3504.72,-0.765738,-2.27409,6.54012,-3465.69,0
1.52938,3504.78,-0.662868,-2.24101,1.51204,-3414.37,0
1.5359,3504.7,-0.611241,-2.1267,8.32502,-3449.57,0
1.5424,3504.59,-0.450898,-2.18437,2.69269,-3506.71,0
1.54895,3504.46,-0.557206,-2.2735,9.95166,-3579.14,0
1.55542,3504.39,-0.532111,-2.24961,9.38812,-3609.64,0
1.5619,3504.32,-0.441256,-2.27069,8.86081,-3637.41,0
1.56841,3504.35,-0.470355,-2.2719,0.671832,-3600.06,0
1.57494,3504.33,-0.52932,-2.21174,3.56045,-3598.58,0
1.58146,3504.31,-0.591386,-2.23832,4.27866,-3600.34,0
1.58796,3504.24,-0.588435,-2.16288,6.88246,-3626.87,0
1.59449,3504.21,-0.389697,-2.15696,9.14718,-3633.92,0
1.60101,3504.14,-0.361377,-2.15817,7.9151,-3659.37,0
1.60754,3504.14,-0.41566,-2.16039,5.86635,-3644.3,0
1.61403,3504.08,-0.425326,-2.13749,7.0505,-3670.44,0
1.62051,3504.01,-0.399222,-2.17547,6.55141,-3698.81,0
1.62706,3504.03,-0.384069,-2.11399,4.11259,-3670.13,0
1.63358,3504.02,-0.444651,-2.17813,1.82441,-3663.66,0
1.64008,3503.98,-0.401636,-2.13641,6.17284,-3669.08,0
1.64657,3503.95,-0.347076,-2.26461,3.42497,-3674.07,0
1.65308,3503.85,-0.595665,-2.32934,8.16177,-3720.29,0
1.65964,3503.84,-0.592927,-2.29001,6.46909,-3710.19,0
1.66612,3503.89,-0.603207,-2.18046,1.60734,-3664.79,0
1.6726,3503.81,-0.737093,-2.23461,5.9068,-3703.81,0
1.67908,3503.83,-0.700042,-2.22107,0.538843,-3672.26,0
1.68558,3503.76,-0.743845,-2.17046,6.93445,-3699.32,0
1.69208,3503.72,-0.792046,-2.16267,4.41096,-3710.71,0
1.69857,3503.7,-0.802788,-2.1279,6.76688,-3709.59,0
1.70511,3503.72,-0.838982,-1.96046,6.08188,-3683.83,0
1.71168,3503.76,-0.639647,-1.94031,4.00587,-3645.29,0
1.71821,3503.76,-0.581612,-1.92179,4.59736,-3633.39,0
1.72474,3503.75,-0.62735,-1.81918,5.60682,-3623.39,0
1.73126,3503.75,-0.636786,-1.81009,2.59472,-3610.75,0
1.7378,3503.67,-0.722885,-1.81787,7.17452,-3640.48,0
1.74428,3503.66,-0.764112,-1.86146,4.50944,-3632.94,0
1.75083,3503.65,-0.750926,-1.81822,5.76682,-3627.39,0
1.75734,3503.66,-0.626745,-1.78099,5.65941,-3607.87,0
1.76384,3503.65,-0.61214,-1.68418,5.6387,-3598.63,0
1.77034,3503.65,-0.698045,-1.66929,4.4796,-3588.02,0
1.77689,3503.49,-0.662248,-1.77196,5.71436,-3663.61,0
1.78337,3503.46,-0.678241,-1.73727,7.49017,-3669.06,0
1.7899,3503.35,-0.720775,-1.83542,1.99191,-3717.15,0
1.79643,3503.31,-0.892606,-1.7192,4.82,-3721.28,0
1.80294,3503.27,-0.916422,-1.73001,6.31226,-3732.35,0
1.80945,3503.25,-0.924628,-1.68067,7.57087,-3728.34,0
1.81595,3503.25,-0.877265,-1.77134,1.96175,-3715.08,0
1.82245,3503.2,-1.09002,-1.79019,1.73067,-3729.84,0
1.82897,3503.14,-1.09138,-1.84268,4.56194,-3749.37,0
1.83551,3503.1,-1.12731,-1.87772,5.04004,-3759.74,0
1.84201,3503.16,-1.04797,-1.81139,0.155581,-3712.68,0
1.84855,3503.09,-0.972657,-1.7381,10.3422,-3738.32,0
1.85504,3503.07,-1.00466,-1.71473,7.50654,-3734.72,0
1.86153,3503.05,-1.05059,-1.68729,5.45507,-3733.89,0
1.86802,3503.06,-1.07339,-1.62321,3.21827,-3712.82,0
1.87454,3502.92,-1.10382,-1.61065,9.75628,-3776.82,0
1.88103,3502.97,-0.969486,-1.63714,1.13548,-3736.46,0
1.88751,3502.93,-0.796942,-1.53504,9.73991,-3747.7,0
1.89404,3502.9,-0.881399,-1.58398,4.83625,-3749.4,0
1.90053,3502.87,-0.908206,-1.52452,7.87398,-3750.26,0
1.90705,3502.9,-0.885184,-1.43143,5.60242,-3724.5,0
1.91358,3502.83,-0.959086,-1.47963,7.97307,-3744.43,0
1.92008,3502.82,-0.975128,-1.53791,3.35583,-3736.93,0
1.92659,3502.86,-0.855243,-1.55052,0.342029,-3707.55,0
1.93314,3502.78,-1.04642,-1.48603,7.08512,-3735.72,0
1.9397,3502.71,-0.918565,-1.4594,7.32137,-3756.01,0
1.94621,3502.75,-0.828424,-1.37716,7.98472,-3727.57,0
1.95273,3502.7,-0.85637,-1.41048,9.20103,-3737.16,0
1.95917,3502.62,-0.871867,-1.35859,10.2508,-3766.04,0
1.9657,3502.61,-0.795649,-1.40907,8.43879,-3760.12,0
1.97222,3502.54,-0.800258,-1.33489,9.97282,-3784.65,0
1.97879,3502.43,-0.788574,-1.29227,6.49228,-3827.52,0
1.98527,3502.44,-0.719269,-1.21041,6.7061,-3808.44,0
1.99176,3502.47,-0.713356,-1.14047,4.57636,-3782.87,0
1.99825,3502.48,-0.647772,-1.08955,3.32739,-3762.33,0
2.00477,3502.5,-0.647704,-0.977295,2.76126,-3741.04,0
2.0113,3502.4,-0.61288,-0.881675,2.47023,-3776.47,0
2.01782,3502.28,-0.64555,-0.737744,10.817,-3827.52,0
2.02432,3502.08,-0.595128,-0.673345,7.0708,-3912.83,0
2.03082,3501.96,-0.619428,-0.75913,5.48647,-3957.97,0
2.03732,3501.91,-0.793174,-0.741657,4.24518,-3969.15,0
2.04378,3501.82,-0.71921,-0.71978,3.32104,-4004.42,0
2.05033,3501.67,-0.635923,-0.710555,11.8305,-4063.8,0
2.05684,3501.61,-0.699234,-0.5394,6.44905,-4081.48,0
2.06335,3501.49,-0.681177,-0.533586,2.04649,-4123.95,0
2.0699,3501.45,-0.541892,-0.442135,2.43963,-4129.41,0
2.07637,3501.32,-0.568176,-0.432037,5.73097,-4180.54,0
2.08286,3501.22,-0.483343,-0.460576,9.53039,-4213.41,0
2.08934,3501.02,-0.47878,-0.471915,2.15276,-4298.28,0
2.09585,3500.78,-0.50669,-0.378752,8.12712,-4400.34,0
2.09596,3500.77,-0.503432,-0.38845,1.4873,-4402.99,0
