0.0065043,3509.93,-2.69864,-0.787914,0.956689,-10001.6,0
0.0129865,3509.9,-2.51363,-0.682161,3.4347,-7785.77,0
0.019523,3509.83,-2.58268,-0.648339,3.76016,-8452.72,0
0.02607,3509.84,-2.60689,-0.680964,2.58991,-6156.76,0
0.0325439,3509.81,-2.57556,-0.810884,3.03652,-5910.48,0
0.0390797,3509.8,-2.52875,-0.794189,3.3766,-5174.45,0
0.0455872,3509.79,-2.60008,-0.673262,2.47701,-4617.61,0
0.052054,3509.74,-2.42971,-0.853057,4.63725,-4924.9,0
0.0585942,3509.73,-2.54145,-1.03089,3.40174,-4555.77,0
0.0650926,3509.78,-2.53781,-1.21145,0.464854,-3418.51,0
0.0716551,3509.75,-2.59468,-1.14782,0.94564,-3440.93,0
0.0781986,3509.77,-2.44098,-1.09779,0.832803,-2965.79,0
0.0847042,3509.77,-2.14082,-1.55321,0.541727,-2673.13,0
0.0912172,3509.74,-2.2007,-1.76317,0.254025,-2799.73,0
0.0977383,3509.64,-2.22131,-1.71869,4.13685,-3639.82,0
0.104231,3509.62,-2.2541,-1.75809,3.31954,-3601.49,0
0.110722,3509.57,-2.30582,-1.68866,3.42982,-3841,0
0.117232,3509.62,-2.17902,-1.55202,1.94676,-3247.11,0
0.12375,3509.56,-1.99489,-1.79131,3.8656,-3584.33,0
0.130309,3509.56,-1.9044,-1.76791,3.54458,-3364.27,0
0.13682,3509.54,-1.94028,-1.73881,3.02784,-3337.76,0
0.143388,3509.49,-2.3561,-1.88479,2.15473,-3574.93,0
0.149883,3509.39,-2.30249,-1.82381,5.81145,-4102.01,0
0.156402,3509.31,-2.32294,-1.93639,5.79596,-4424.75,0
0.162898,3509.31,-2.35608,-2.01502,3.10808,-4232.28,0
0.16937,3509.37,-2.39885,-1.7245,1.13503,-3728.7,0
0.175859,3509.26,-2.74808,-1.78568,3.37127,-4220.45,0
0.182402,3509.19,-2.76482,-1.87506,4.60285,-4451.99,0
0.188903,3509.2,-2.62918,-1.89745,4.0257,-4216.21,0
0.195429,3509.23,-2.64595,-1.93055,1.33428,-3937.89,0
0.201964,3509.21,-2.78235,-1.99113,0.677424,-3908.12,0
0.208453,3509.12,-2.64188,-2.15858,4.59981,-4210.21,0
0.21495,3509.14,-2.76538,-1.99229,2.23031,-3978.37,0
0.221475,3509.02,-2.81794,-1.96266,6.45016,-4428.58,0
0.227993,3509.02,-2.71901,-1.94643,4.15817,-4312.25,0
0.234475,3509.03,-2.80825,-2.06607,1.54408,-4144.47,0
0.24096,3508.96,-2.80636,-1.81065,5.27141,-4332.05,0
0.247462,3508.97,-2.69255,-1.89994,2.35863,-4180.98,0
0.25396,3508.94,-2.6498,-1.96223,1.66108,-4175.3,0
0.260431,3508.94,-2.44926,-1.97644,2.15293,-4063.71,0
0.266929,3508.94,-2.301,-1.83319,3.73887,-3983.04,0
0.273462,3508.97,-2.34067,-1.75606,1.58805,-3778.41,0
0.279958,3508.94,-2.43491,-1.66991,2.4906,-3801.96,0
0.286444,3508.91,-2.52721,-1.64551,2.18634,-3821.6,0
0.292954,3508.88,-2.52735,-1.46163,3.44429,-3807.13,0
0.299452,3508.85,-2.57556,-1.39247,4.27186,-3847.08,0
0.305951,3508.84,-2.48618,-1.39371,4.39589,-3805.62,0
0.312504,3508.84,-2.38678,-1.42691,3.09471,-3699.12,0
0.319002,3508.85,-2.34374,-1.37971,2.94783,-3614.48,0
0.325521,3508.84,-2.27427,-1.38916,2.85558,-3550.45,0
0.332041,3508.79,-2.24854,-1.20236,5.73908,-3655.46,0
0.338524,3508.73,-2.22967,-1.20066,5.22113,-3736.96,0
0.345019,3508.74,-2.39165,-1.16869,2.33621,-3648.06,0
0.351501,3508.74,-2.51225,-0.966508,1.76892,-3586.54,0
0.358041,3508.64,-2.50526,-0.725468,5.86466,-3788.02,0
0.364582,3508.58,-2.56329,-0.817088,6.31457,-3884.97,0
0.371099,3508.58,-2.61574,-0.821398,3.92964,-3838.36,0
0.377564,3508.44,-2.67763,-0.924631,6.70448,-4120.51,0
0.384105,3508.46,-2.76901,-0.964481,2.02433,-4016.3,0
0.390615,3508.36,-2.74959,-0.951767,5.48493,-4187.65,0
0.397118,3508.31,-2.71858,-0.997812,5.768,-4249.02,0
0.403649,3508.41,-2.62877,-0.912599,0.902973,-3940.14,0
0.41012,3508.42,-2.47237,-0.91109,1.14532,-3850.4,0
0.416635,3508.45,-2.29491,-0.865897,0.726956,-3730.25,0
0.423137,3508.36,-2.5391,-0.680988,3.24083,-3866.76,0
0.429644,3508.32,-2.50589,-0.681457,3.41057,-3902.79,0
0.436174,3508.28,-2.47611,-0.783358,4.87967,-3954.05,0
0.442658,3508.26,-2.44076,-0.829263,4.21617,-3934.72,0
0.44922,3508.3,-2.35313,-0.522596,2.77237,-3787.13,0
0.455718,3508.33,-2.28598,-0.257492,1.582,-3669.92,0
0.462235,3508.28,-2.08625,-0.256609,4.93378,-3721.88,0
0.468748,3508.29,-2.02145,-0.180971,3.76009,-3651.68,0
0.475209,3508.25,-2.00651,-0.11482,4.49561,-3676.4,0
0.481744,3508.28,-1.99124,-0.0830952,2.36229,-3567.43,0
0.488218,3508.22,-1.92213,0.0256405,5.47554,-3637.35,0
0.494731,3508.18,-1.94472,0.010261,5.59291,-3687.67,0
0.501255,3508.16,-1.97339,0.0477717,4.69475,-3674.3,0
0.507777,3508.12,-2.00109,-0.0601465,5.45799,-3699.1,0
0.514275,3508.04,-2.01598,-0.103057,6.33737,-3809.52,0
0.520776,3507.93,-2.10161,-0.138163,7.1412,-3975.77,0
0.52729,3507.81,-2.08399,-0.116198,6.44237,-4150.67,0
0.533836,3507.84,-1.96608,-0.0689484,4.63219,-4041.77,0
0.540359,3507.83,-2.07389,0.00928632,3.68606,-4016.98,0
0.546867,3507.74,-2.14092,0.11863,5.99362,-4123.65,0
0.553389,3507.75,-2.02149,0.109934,4.53481,-4062.73,0
0.559944,3507.74,-2.09298,0.101804,3.74391,-4032.79,0
0.566473,3507.7,-2.07591,0.272513,5.02686,-4059.48,0
0.572986,3507.74,-1.85581,-0.0340996,3.88031,-3941.78,0
0.579505,3507.78,-1.57841,0.0229714,2.69857,-3835.39,0
0.586008,3507.79,-1.49178,-0.0560763,1.91529,-3770.26,0
0.592502,3507.76,-1.4701,0.0597433,3.17082,-3776.17,0
0.598995,3507.77,-1.34721,-0.21657,2.95169,-3727.76,0
0.60553,3507.71,-1.47456,-0.216758,5.05825,-3784.37,0
0.612036,3507.71,-1.37146,-0.178086,4.32157,-3741.17,0
0.618517,3507.69,-1.32454,-0.196633,4.9909,-3740.12,0
0.625,3507.65,-1.38967,-0.205359,4.30019,-3759.28,0
0.631484,3507.66,-1.47447,-0.189674,2.57733,-3704.8,0
0.638019,3507.58,-1.49623,-0.159903,5.84032,-3791.81,0
0.644521,3507.53,-1.54092,-0.147398,4.88644,-3825.32,0
0.651037,3507.59,-1.51473,-0.312431,0.787545,-3702.77,0
0.657529,3507.47,-1.37519,-0.296569,6.58639,-3844.44,0
0.66405,3507.46,-1.48252,-0.3855,4.09657,-3818.87,0
0.670566,3507.39,-1.46623,-0.298476,6.62633,-3893.88,0
0.677068,3507.43,-1.50049,-0.327938,2.08073,-3789.89,0
0.683611,3507.43,-1.52682,-0.279734,1.31177,-3762.87,0
0.690184,3507.42,-1.47812,-0.384725,0.763451,-3734.46,0
0.696699,3507.32,-1.30601,-0.342128,7.00038,-3846.9,0
0.703217,3507.3,-1.29644,-0.271913,5.41517,-3834.35,0
0.709734,3507.32,-1.30519,-0.275716,2.59269,-3776.24,0
0.71627,3507.27,-1.36917,-0.178883,4.78921,-3814.94,0
0.72278,3507.23,-1.31385,-0.105803,6.05405,-3837.18,0
0.729335,3507.18,-1.41067,-0.167704,5.65368,-3860.03,0
0.735849,3507.2,-1.53233,-0.118491,1.16068,-3799.83,0
0.742325,3507.17,-1.49541,-0.0692732,3.26376,-3818.71,0
0.748832,3507.11,-1.42265,-0.0528486,4.71083,-3855.61,0
0.755363,3507.15,-1.56038,0.124404,0.483531,-3770.82,0
0.761798,3507.13,-1.4722,0.0571464,2.09819,-3765.98,0
0.768359,3507.14,-1.31621,0.0304741,1.78171,-3720.41,0
0.774906,3507.09,-1.30597,0.150638,4.51348,-3759.72,0
0.7814,3507.06,-1.42275,0.0299211,4.53756,-3763.71,0
0.787914,3507.09,-1.23369,-0.094047,3.24557,-3693.69,0
0.794457,3507.05,-1.32115,-0.0997263,4.53894,-3710.41,0
0.800964,3507.06,-1.19509,-0.136275,3.95941,-3668.3,0
0.807462,3507,-1.07734,-0.255715,6.85771,-3718.8,0
0.813994,3506.95,-1.11504,-0.255235,5.61482,-3744.86,0
0.820521,3506.93,-1.11926,-0.288782,5.0933,-3736.19,0
0.827012,3506.92,-1.28446,-0.0804111,4.64288,-3726.43,0
0.833518,3506.87,-1.17647,-0.0353007,6.8253,-3753.51,0
0.84005,3506.84,-1.26152,-0.0665313,4.77024,-3763,0
0.846561,3506.75,-1.44757,-0.075151,7.27981,-3839.11,0
0.853091,3506.73,-1.47474,-0.059403,6.20209,-3831.03,0
0.859612,3506.79,-1.51969,-0.0999792,0.207638,-3734.65,0
0.866155,3506.71,-1.53232,-0.0507592,4.34426,-3799.61,0
0.872643,3506.7,-1.46003,0.0620756,4.29554,-3781.09,0
0.87913,3506.63,-1.53714,0.150571,5.31337,-3835.7,0
0.885639,3506.64,-1.6137,0.216538,0.464244,-3797.1,0
0.892168,3506.65,-1.44819,0.0536302,0.703312,-3756.6,0
0.898693,3506.59,-1.53182,0.0054914,3.10009,-3794.41,0
0.905225,3506.57,-1.49949,0.0239046,3.17558,-3792.9,0
0.911745,3506.61,-1.42142,-0.0348216,0.0794371,-3714.4,0
0.918269,3506.56,-1.35325,0.120503,3.23968,-3747.25,0
0.924794,3506.54,-1.54077,0.278504,2.51895,-3743.38,0
0.931309,3506.52,-1.70965,0.202798,1.79915,-3738,0
0.93782,3506.53,-1.54231,0.309638,1.16982,-3697.74,0
0.944305,3506.47,-1.6047,0.465715,3.97502,-3735.98,0
0.950769,3506.4,-1.60938,0.513157,6.39996,-3782.12,0
0.957273,3506.41,-1.58134,0.576856,4.11717,-3751.55,0
0.963791,3506.36,-1.59119,0.630719,5.34274,-3772.49,0
0.970323,3506.38,-1.63992,0.687102,2.26233,-3732.91,0
0.976843,3506.33,-1.5975,0.734607,5.23307,-3753.38,0
0.983326,3506.24,-1.59357,0.725108,7.77506,-3819.95,0
0.989823,3506.31,-1.61433,0.709535,0.56434,-3731.54,0
0.996339,3506.23,-1.57813,0.699773,4.49529,-3785.15,0
1.00282,3506.2,-1.44205,0.610149,6.84598,-3789.7,0
1.00934,3506.24,-1.38496,0.656723,1.8631,-3729.93,0
1.01588,3506.16,-1.40322,0.685741,5.71655,-3776.07,0
1.02236,3506.01,-1.15546,0.806711,4.05116,-3904.25,0
1.02889,3506.03,-1.12995,0.777172,2.15933,-3860.08,0
1.03542,3506,-1.27712,0.823968,1.30429,-3858.34,0
1.04198,3505.92,-1.27445,0.907587,6.16625,-3916.78,0
1.04848,3505.91,-1.3665,0.900893,2.06428,-3902.97,0
1.05498,3505.86,-1.55189,0.910533,2.81659,-3924.57,0
1.06148,3505.82,-1.91591,0.918654,0.615461,-3937.83,0
1.06798,3505.76,-1.93597,0.925807,4.25622,-3973.1,0
1.07446,3505.71,-2.00103,0.84759,5.65559,-3989.66,0
1.08095,3505.64,-2.014,0.783711,8.49397,-4035.92,0
1.08746,3505.62,-2.03433,0.784893,5.04196,-4025.24,0
1.09395,3505.58,-2.12849,0.798095,5.20688,-4043.96,0
1.10051,3505.59,-2.19271,0.772469,1.85049,-4003.89,0
1.10708,3505.6,-2.13076,0.636802,0.916731,-3974.01,0
1.11356,3505.56,-1.99085,0.48117,6.45324,-3987.35,0
1.12012,3505.59,-1.93874,0.563393,1.38321,-3937.44,0
1.12662,3505.57,-2.01899,0.657275,0.753545,-3931.79,0
1.13314,3505.47,-1.96885,0.624018,7.51375,-4000.78,0
1.13962,3505.36,-1.92179,0.554282,9.85477,-4069.02,0
1.14615,3505.28,-2.03855,0.542894,8.15553,-4120.01,0
1.15265,3505.24,-2.06673,0.481513,6.11212,-4126.21,0
1.15915,3505.26,-2.21957,0.221517,1.44482,-4087.29,0
1.1657,3505.26,-2.2177,0.092888,1.71148,-4069.98,0
1.1722,3505.29,-1.96391,-0.0397067,2.83746,-4013.99,0
1.17872,3505.2,-2.07793,-0.0949017,7.28644,-4072.81,0
1.18526,3505.17,-2.03099,-0.11179,7.17341,-4072.27,0
1.19176,3505.15,-1.91798,-0.0672225,6.39515,-4072.7,0
1.1983,3505.13,-1.9038,0.0995081,6.56293,-4067.95,0
1.20482,3505.14,-1.87917,0.130694,3.21586,-4032.66,0
1.21131,3505.1,-1.88567,0.253841,5.84077,-4045.45,0
1.21784,3505.08,-1.87831,0.216053,3.61907,-4040.88,0
1.22435,3505.09,-1.78772,0.385725,2.44812,-4006.69,0
1.23087,3505.08,-1.70488,0.419645,3.81472,-3997.44,0
1.2374,3505.03,-1.67773,0.414944,6.65192,-4019.9,0
1.24392,3504.95,-1.71046,0.339731,6.57458,-4062.51,0
1.25042,3504.98,-1.4987,0.277839,6.21273,-4016,0
1.25694,3504.87,-1.45271,0.274045,9.50917,-4080.13,0
1.26346,3504.9,-1.48873,0.234899,1.9434,-4036.61,0
1.26999,3504.84,-1.60916,0.0995864,4.8059,-4061.26,0
1.27647,3504.86,-1.52119,0.139113,2.56631,-4023.78,0
1.28304,3504.8,-1.56454,0.0719186,3.98498,-4055.08,0
1.28953,3504.75,-1.57602,0.0751603,5.62856,-4069.21,0
1.29608,3504.72,-1.60796,-0.144059,5.78983,-4071.61,0
1.30256,3504.72,-1.62396,-0.256985,2.67358,-4050.86,0
1.30906,3504.72,-1.62858,-0.330728,2.21635,-4035.09,0
1.31558,3504.68,-1.68555,-0.213073,3.93733,-4041.81,0
1.32207,3504.66,-1.70496,-0.198966,4.76039,-4041.87,0
1.32859,3504.62,-1.7167,-0.220236,3.70024,-4046.43,0
1.3351,3504.62,-1.64824,-0.249952,3.88962,-4031.54,0
1.34153,3504.62,-1.69101,-0.29881,2.33001,-4013.61,0
1.34802,3504.52,-1.80637,-0.360532,8.32643,-4066.75,0
1.35451,3504.49,-1.92897,-0.356945,4.31369,-4066.5,0
1.36109,3504.49,-1.82047,-0.410232,5.96516,-4047.5,0
1.36758,3504.42,-2.0302,-0.428254,3.03869,-4079.26,0
1.37409,3504.35,-1.98155,-0.49598,7.30955,-4108.27,0
1.38062,3504.26,-1.96561,-0.482218,2.1213,-4156.72,0
1.38713,3504.29,-1.82421,-0.437221,1.24495,-4113.1,0
1.39367,3504.25,-1.87472,-0.388831,4.04031,-4123.25,0
1.40017,3504.28,-1.79109,-0.286747,3.12603,-4083.4,0
1.40668,3504.2,-1.8339,-0.313455,7.79778,-4121.13,0
1.4132,3504.21,-1.79957,-0.248017,4.14085,-4096.42,0
1.41977,3504.19,-1.78565,-0.241866,4.9855,-4090.52,0
1.42626,3504.22,-1.7656,-0.0999242,1.03567,-4051.03,0
1.43283,3504.2,-1.73359,-0.0697792,3.23872,-4045.77,0
1.43931,3504.19,-1.70478,-0.0321191,4.18867,-4036.02,0
1.44584,3504.21,-1.59656,-0.249726,3.81555,-4005.65,0
1.45237,3504.21,-1.59016,-0.25031,1.98776,-3986.33,0
1.45888,3504.18,-1.56058,-0.330122,2.8336,-3990.2,0
1.4654,3504.11,-1.63309,-0.326202,6.82991,-4019.69,0
1.47191,3504.09,-1.7192,-0.287049,3.32712,-4013.6,0
1.47842,3504.07,-1.67274,-0.433521,3.59427,-4008.12,0
1.48492,3504.09,-1.64734,-0.44213,0.890271,-3979.59,0
1.4914,3504.06,-1.61139,-0.247813,5.25435,-3982.91,0
1.49789,3504.02,-1.73529,-0.262984,3.6793,-3989.3,0
1.50439,3504,-1.77396,-0.222052,4.22069,-3990.39,0
1.51087,3503.96,-1.80956,-0.389605,4.43213,-3996.68,0
1.51741,3503.87,-1.79227,-0.307052,8.18729,-4041.15,0
1.52392,3503.81,-1.69905,-0.180934,4.01411,-4059.12,0
1.53044,3503.82,-1.6651,-0.39519,2.70244,-4041.01,0
1.53692,3503.8,-1.67411,-0.364937,4.12076,-4035.18,0
1.54343,3503.72,-1.69996,-0.232176,9.13517,-4066.13,0
1.54989,3503.71,-1.77415,-0.292362,3.48998,-4055.22,0
1.55641,3503.62,-1.81936,-0.403252,8.74471,-4096.68,0
1.56289,3503.71,-1.66379,-0.267668,1.92872,-4025.13,0
1.5694,3503.72,-1.54214,-0.237347,2.44393,-3998.93,0
1.57587,3503.71,-1.56037,-0.200023,3.66112,-3994.3,0
1.58231,3503.67,-1.5236,-0.13319,6.82379,-3999.94,0
1.58879,3503.58,-1.47989,-0.247369,2.67442,-4041.54,0
1.59528,3503.56,-1.45715,-0.190438,5.29126,-4035.34,0
1.60176,3503.56,-1.38726,-0.253356,5.73669,-4020.31,0
1.60824,3503.56,-1.38666,-0.0927381,3.64488,-4002.23,0
1.61474,3503.48,-1.5196,-0.0447347,8.16006,-4035.55,0
1.62123,3503.48,-1.45623,-0.182364,7.33025,-4022.25,0
1.6278,3503.48,-1.45483,-0.218317,3.55239,-4005.73,0
1.63432,3503.41,-1.47647,-0.240888,4.40014,-4030.76,0
1.6408,3503.39,-1.43675,-0.171173,7.37813,-4029.89,0
1.64732,3503.34,-1.35426,-0.0763816,1.38838,-4040.58,0
1.65384,3503.3,-1.40126,-0.0429511,4.15698,-4053.58,0
1.66036,3503.27,-1.42495,-0.0695934,3.54206,-4050.99,0
1.66686,3503.2,-1.43997,0.00969813,8.6134,-4081.92,0
1.67336,3503.19,-1.45861,-0.0467778,4.45772,-4070.73,0
1.67992,3503.22,-1.35961,-0.0097349,0.908042,-4034.68,0
1.68639,3503.22,-1.23089,-0.0187363,4.10165,-4020.78,0
1.69295,3503.1,-1.17795,0.0254048,6.96491,-4076.44,0
1.69943,3503.07,-1.27875,0.205907,3.59125,-4075.12,0
1.70595,3503.05,-1.19548,0.309103,9.05028,-4075.53,0
1.71246,3503.02,-1.30943,0.437805,1.9545,-4075.39,0
1.71899,3503.02,-1.20647,0.438824,5.04608,-4060.75,0
1.72545,3503.03,-1.18167,0.436262,4.05406,-4042.02,0
1.73189,3502.94,-1.07426,0.45769,7.20903,-4075.1,0
1.73836,3502.87,-1.08105,0.496077,2.79704,-4102.63,0
1.74488,3502.83,-1.11757,0.574006,4.17821,-4108.59,0
1.75138,3502.74,-1.05999,0.577163,8.06914,-4146.23,0
1.75792,3502.7,-0.991368,0.543102,1.58146,-4154.18,0
1.76442,3502.69,-0.987956,0.493315,2.99298,-4141.73,0
1.77091,3502.58,-0.93077,0.502224,10.8576,-4189.13,0
1.7774,3502.49,-0.846824,0.577222,4.20488,-4226.63,0
1.7839,3502.5,-0.79004,0.599869,1.94807,-4206.78,0
1.79043,3502.37,-0.780636,0.552118,4.37623,-4259.88,0
1.79695,3502.3,-0.894965,0.601284,10.7608,-4287.31,0
1.80347,3502.12,-0.981984,0.697044,4.01517,-4372.06,0
1.80996,3502.1,-0.915702,0.677368,10.2191,-4362.99,0
1.8165,3502,-0.966468,0.669517,7.22399,-4406.09,0
1.82299,3501.86,-0.973373,0.685674,3.79033,-4465.47,0
1.82945,3501.78,-1.01282,0.690184,6.09441,-4493.15,0
1.83601,3501.68,-1.03318,0.562583,4.62083,-4534.13,0
1.84251,3501.46,-1.02349,0.485017,5.27222,-4633.65,0
1.84902,3501.28,-1.01673,0.595919,9.55524,-4715.68,0
1.85555,3501.17,-1.05145,0.490297,2.53083,-4756.2,0
1.86204,3501.03,-0.865547,0.484743,5.57179,-4816.1,0
1.86854,3501.05,-0.746318,0.427865,9.46796,-4789.78,0
1.87499,3500.85,-0.702361,0.377466,1.54792,-4879.39,0
1.87968,3500.71,-0.617561,0.339756,8.97677,-4942.94,0
