0.00651943,3509.79,-5.48525,-0.553221,6.47957,-32835.6,0
0.0130371,3509.82,-5.57231,-0.347055,3.04017,-13519.8,0
0.0195725,3509.82,-5.59151,-0.447224,2.28926,-9037.36,0
0.0260957,3509.73,-5.50427,-0.366743,5.7648,-10274.2,0
0.0326043,3509.72,-5.39751,-0.468541,5.23391,-8537.02,0
0.0390825,3509.69,-5.33791,-0.464262,4.70297,-7833.39,0
0.0456043,3509.71,-5.42362,-0.793222,2.16508,-6375.3,0
0.0520771,3509.65,-5.49,-0.861677,3.0992,-6774.25,0
0.0585799,3509.76,-5.0534,-0.824773,2.58126,-4054.48,0
0.0650861,3509.79,-5.06426,-0.906535,0.851749,-3264.12,0
0.0715922,3509.7,-5.15929,-1.15231,2.36669,-4133.47,0
0.0780787,3509.57,-5.44454,-1.1097,4.55255,-5538.25,0
0.0846103,3509.54,-5.55087,-1.17837,3.68711,-5494.96,0
0.0911162,3509.54,-5.45859,-1.24424,3.08709,-5029.54,0
0.0976244,3509.5,-5.50837,-1.14415,3.85937,-5145.06,0
0.104153,3509.39,-5.54852,-1.20875,6.20715,-5867.37,0
0.11071,3509.32,-5.58165,-1.14504,5.4528,-6171.64,0
0.117226,3509.36,-5.67079,-1.06003,0.768442,-5449.84,0
0.123725,3509.26,-5.61876,-1.21519,4.49151,-5960.29,0
0.130213,3509.18,-5.73804,-1.42578,4.75155,-6267.53,0
0.136741,3509.21,-5.72158,-1.479,2.86759,-5766.26,0
0.143267,3509.16,-5.72824,-1.45191,2.77578,-5840.03,0
0.149777,3509.17,-5.7301,-1.09588,3.22065,-5567.88,0
0.156297,3509.2,-5.77194,-1.05664,0.690801,-5098.37,0
0.162795,3509.16,-5.74252,-1.1508,2.23557,-5179.14,0
0.16936,3509.14,-5.7284,-1.01014,2.97951,-5093.66,0
0.175868,3509.15,-5.71417,-0.941382,2.55337,-4861.08,0
0.182338,3509.1,-5.8139,-0.805991,3.12066,-4931.24,0
0.188859,3509.01,-6.17159,-0.61477,2.27446,-5266.5,0
0.195369,3509.09,-5.90073,-0.962115,0.940269,-4639.74,0
0.201854,3508.98,-5.93074,-0.995513,4.94675,-5057.21,0
0.208348,3508.93,-5.84101,-1.01314,4.88216,-5146.89,0
0.214865,3508.94,-5.90481,-0.93031,2.93555,-4929.25,0
0.221354,3508.9,-5.87232,-0.80533,4.21469,-4960.53,0
0.227879,3508.94,-5.79527,-0.693493,3.09846,-4638.4,0
0.234391,3508.9,-5.85115,-0.873752,3.29985,-4688.96,0
0.240891,3508.83,-5.99222,-0.83985,4.05579,-4860.48,0
0.247432,3508.9,-5.78,-0.86913,3.37606,-4457.28,0
0.253948,3508.9,-5.7179,-1.00079,3.37812,-4336.65,0
0.260456,3508.92,-5.67029,-1.01162,2.74185,-4159.11,0
0.266967,3508.81,-5.78048,-0.99243,4.15394,-4455.21,0
0.273515,3508.79,-5.704,-1.03255,4.76134,-4439.88,0
0.279989,3508.78,-5.87489,-1.16246,1.51846,-4371.19,0
0.286471,3508.68,-6.12375,-1.26427,1.73527,-4615.83,0
0.29302,3508.59,-6.30592,-1.21036,2.84507,-4817.23,0
0.299537,3508.48,-6.29486,-1.35386,5.65973,-5060.53,0
0.306022,3508.49,-6.32661,-1.27569,3.82583,-4925.5,0
0.312553,3508.47,-6.34302,-1.2893,2.91247,-4882.35,0
0.319057,3508.37,-6.36041,-1.30116,5.25953,-5120.75,0
0.32552,3508.34,-6.3324,-1.32673,5.25244,-5109.99,0
0.332013,3508.33,-6.43605,-1.3422,2.8423,-5026.94,0
0.338511,3508.42,-6.30567,-1.16316,0.942515,-4669.01,0
0.345006,3508.42,-6.17298,-1.12365,2.19851,-4573.66,0
0.351493,3508.38,-6.19051,-1.19635,3.09035,-4604.11,0
0.358015,3508.47,-6.04614,-1.18206,0.913398,-4270.94,0
0.364523,3508.33,-6.29335,-1.17365,3.42961,-4594.81,0
0.371014,3508.31,-6.2207,-1.19529,4.19051,-4557.34,0
0.377488,3508.34,-6.29388,-1.19909,1.28772,-4402.83,0
0.384015,3508.26,-6.32719,-1.28408,3.29816,-4522.82,0
0.39052,3508.17,-6.39547,-1.20522,5.29339,-4675.2,0
0.397038,3508.2,-6.35009,-1.22325,3.4509,-4545.03,0
0.403561,3508.15,-6.47415,-1.12806,3.10085,-4586.37,0
0.410094,3508.26,-6.27151,-1.18585,0.807743,-4251.33,0
0.416604,3508.17,-6.27807,-1.24272,3.54322,-4387.02,0
0.423115,3508.13,-6.37021,-1.27875,3.00632,-4412,0
0.429615,3508.13,-6.32657,-1.4678,2.89436,-4360.51,0
0.436084,3508.06,-6.47396,-1.31962,3.58863,-4447.65,0
0.442601,3508.01,-6.57594,-1.27726,3.93599,-4503.57,0
0.449111,3507.95,-6.71058,-1.44558,3.51231,-4575.17,0
0.455619,3508.04,-6.59604,-1.42416,0.79515,-4309.43,0
0.462114,3508.08,-6.37872,-1.32718,2.20688,-4160.01,0
0.46863,3508,-6.32009,-1.47063,5.44266,-4262.6,0
0.475145,3507.94,-6.3683,-1.46454,5.39958,-4334.13,0
0.481688,3507.96,-6.35581,-1.25125,4.61244,-4239.07,0
0.48818,3507.9,-6.50982,-1.21686,3.62759,-4292.19,0
0.494684,3507.92,-6.46286,-1.24093,3.02177,-4195.52,0
0.501203,3507.97,-6.27257,-1.24275,3.62465,-4052.86,0
0.507722,3507.86,-6.26169,-1.22612,6.1751,-4207.25,0
0.514228,3507.84,-6.16,-1.23412,5.75614,-4209.24,0
0.520762,3507.86,-6.10333,-1.31259,3.74411,-4115.51,0
0.527241,3507.9,-5.99647,-1.3772,1.75356,-3991.51,0
0.533726,3507.92,-5.89726,-1.19397,2.0499,-3889.8,0
0.54021,3507.9,-6.00546,-1.02114,1.41819,-3880.68,0
0.546725,3507.85,-5.99695,-1.16,2.90063,-3928.55,0
0.553251,3507.75,-6.25414,-0.781573,3.65333,-4058.95,0
0.559749,3507.78,-6.20877,-0.890957,1.79831,-3959.96,0
0.566272,3507.71,-6.34656,-0.868574,2.30328,-4040.81,0
0.572794,3507.68,-6.35992,-0.863531,3.08919,-4049.17,0
0.579292,3507.67,-6.30719,-0.828787,3.40739,-4029.23,0
0.5858,3507.62,-6.36345,-0.837234,3.83669,-4070.29,0
0.592278,3507.62,-6.3359,-0.956393,3.26398,-4014.65,0
0.59878,3507.48,-6.78149,-0.926695,1.7691,-4212.18,0
0.605302,3507.44,-6.81239,-0.788461,2.41682,-4232.3,0
0.611792,3507.37,-6.9667,-0.99186,1.67147,-4291.42,0
0.618319,3507.44,-6.78716,-1.0339,1.0671,-4134.48,0
0.624837,3507.46,-6.70901,-1.1824,1.07798,-4072.3,0
0.631381,3507.39,-6.67678,-1.03964,4.29198,-4129.54,0
0.637839,3507.36,-6.69151,-1.04876,4.27097,-4137.57,0
0.644352,3507.39,-6.62661,-0.966043,3.16134,-4049.38,0
0.65084,3507.32,-6.64039,-0.895125,5.21024,-4112.73,0
0.657378,3507.33,-6.5937,-1.05632,3.57272,-4056.33,0
0.663946,3507.36,-6.58608,-1.01357,1.30731,-3977.03,0
0.670425,3507.24,-6.62777,-0.979877,5.07975,-4114.64,0
0.676946,3507.25,-6.583,-0.70208,4.90378,-4061.79,0
0.68341,3507.19,-6.51023,-0.67774,5.64913,-4107.41,0
0.689926,3507.11,-6.51656,-0.726374,6.70791,-4194.32,0
0.69644,3507.09,-6.65631,-0.77531,3.25018,-4171.99,0
0.702957,3507.04,-6.68257,-0.858427,4.14342,-4207.39,0
0.709452,3507.06,-6.69493,-0.998497,2.54563,-4150.48,0
0.715931,3507.09,-6.67309,-1.03781,0.572636,-4058.55,0
0.722428,3506.93,-7.02585,-1.03303,1.19558,-4252.65,0
0.728967,3506.93,-6.87022,-0.884567,3.87569,-4209.92,0
0.73546,3506.82,-6.89723,-0.891734,6.00033,-4317.48,0
0.741994,3506.93,-6.77054,-0.862891,2.37566,-4136.26,0
0.748491,3506.81,-6.75185,-0.889651,7.08463,-4268.5,0
0.754963,3506.73,-6.75679,-0.901089,6.17974,-4336.91,0
0.761464,3506.73,-6.77811,-0.70207,4.57228,-4288.66,0
0.767979,3506.8,-6.7697,-0.803817,0.746403,-4165.73,0
0.774517,3506.71,-6.58925,-0.813637,6.68935,-4252.25,0
0.781013,3506.71,-6.78151,-0.823348,0.990025,-4208.09,0
0.787537,3506.63,-6.77886,-0.760662,4.25983,-4276.54,0
0.794036,3506.6,-6.88461,-0.896921,2.54434,-4284.22,0
0.800521,3506.68,-6.69116,-0.89089,1.91611,-4143.3,0
0.807043,3506.75,-6.54292,-1.04601,0.631555,-4024.94,0
0.813535,3506.76,-6.32182,-0.761106,4.68956,-3982.64,0
0.820075,3506.74,-6.40994,-0.918844,2.55698,-3978.73,0
0.826538,3506.63,-6.44924,-0.919598,5.33303,-4073.34,0
0.833032,3506.58,-6.42441,-0.81263,5.94364,-4102.93,0
0.83953,3506.59,-6.4273,-0.859886,3.16114,-4065.06,0
0.845999,3506.51,-6.33832,-0.933881,6.34273,-4126.66,0
0.85251,3506.48,-6.29306,-0.907282,5.56821,-4126.23,0
0.859009,3506.43,-6.30052,-0.984447,5.41633,-4150.76,0
0.865475,3506.35,-6.19486,-0.933663,7.9872,-4215.82,0
0.871964,3506.37,-6.18317,-0.984185,3.59716,-4161.27,0
0.878472,3506.38,-6.16469,-1.03478,2.0624,-4118.81,0
0.88496,3506.39,-5.9905,-1.07705,4.63063,-4083.59,0
0.891425,3506.4,-5.95738,-1.40856,2.95101,-4042.85,0
0.897901,3506.3,-6.04568,-1.52508,4.89236,-4116.62,0
0.904444,3506.38,-5.95065,-1.51124,1.98569,-4003.45,0
0.910934,3506.35,-5.87557,-1.43823,4.7423,-4010.2,0
0.917463,3506.35,-5.98855,-1.31084,1.94913,-3974.67,0
0.923933,3506.31,-5.99552,-1.35967,3.3239,-3991.96,0
0.930453,3506.34,-5.93628,-1.18345,2.91725,-3933.1,0
0.937003,3506.35,-5.97561,-1.10825,1.14886,-3891.78,0
0.943508,3506.36,-5.87914,-0.963247,2.70333,-3860.27,0
0.950013,3506.33,-5.79501,-1.12606,4.7848,-3864.8,0
0.956557,3506.28,-5.81975,-1.11885,4.78857,-3883.92,0
0.963091,3506.19,-5.89004,-1.13871,5.96153,-3959.95,0
0.969598,3506.13,-5.93793,-1.09137,5.69111,-3991.61,0
0.97611,3506.09,-5.92541,-1.15535,4.84724,-4005.66,0
0.982553,3505.99,-6.04399,-1.22205,5.09704,-4081.55,0
0.989029,3506.02,-6.05715,-1.14505,2.5588,-4020.96,0
0.995534,3506.11,-5.77024,-1.19651,3.8401,-3910.08,0
1.00203,3506.04,-5.7316,-1.24665,5.72656,-3949.31,0
1.00859,3505.96,-6.00567,-1.12431,3.41247,-4003.83,0
1.01508,3505.92,-6.03346,-1.12647,4.44615,-4022.25,0
1.0216,3505.88,-6.05163,-1.03914,4.10259,-4028.97,0
1.02807,3505.84,-6.09287,-0.995959,3.77748,-4042.86,0
1.03462,3505.75,-6.03662,-1.02036,7.53086,-4108.79,0
1.04117,3505.65,-6.05868,-0.91391,6.55263,-4174.7,0
1.04773,3505.73,-6.03175,-0.781792,2.58977,-4077.19,0
1.0542,3505.68,-5.92562,-0.857819,6.664,-4100.53,0
1.06071,3505.62,-5.84111,-0.874144,7.39198,-4131.12,0
1.0672,3505.6,-5.94544,-0.870558,3.306,-4121.24,0
1.07372,3505.66,-5.8838,-0.662609,1.78602,-4042.1,0
1.08028,3505.65,-5.73413,-0.68129,5.62442,-4030.06,0
1.08684,3505.64,-5.70354,-0.777878,4.58186,-4007.88,0
1.09338,3505.61,-5.8388,-0.65598,2.7738,-4010.97,0
1.09987,3505.64,-5.73196,-0.464639,3.83503,-3963.7,0
1.10641,3505.59,-5.77933,-0.338545,3.31377,-3982.35,0
1.11289,3505.58,-5.7965,-0.352972,1.85992,-3969.68,0
1.11935,3505.53,-5.85587,-0.246108,2.80571,-3989.74,0
1.12582,3505.48,-6.00273,-0.534364,1.20467,-4018.58,0
1.13235,3505.37,-5.93521,-0.491576,5.74936,-4087.63,0
1.13889,3505.33,-5.94323,-0.578617,5.6128,-4099.85,0
1.14542,3505.23,-5.9179,-0.530394,5.88777,-4164.94,0
1.15195,3505.25,-5.98298,-0.460037,2.52747,-4125.97,0
1.15845,3505.37,-5.69361,-0.692125,2.10527,-3996.88,0
1.16498,3505.36,-5.56468,-0.729666,4.11622,-3980.98,0
1.17147,3505.33,-5.48323,-0.714395,7.0383,-3990.6,0
1.17805,3505.32,-5.54799,-0.718611,3.82263,-3971.69,0
1.18454,3505.21,-5.6975,-0.76963,4.4193,-4041.94,0
1.19107,3505.24,-5.66452,-0.907338,2.28553,-3994.64,0
1.19761,3505.21,-5.58417,-0.975489,4.73414,-3996.06,0
1.20413,3505.12,-5.7754,-0.830676,4.80392,-4049.91,0
1.21066,3505.09,-5.75427,-0.799238,4.69241,-4057.32,0
1.21721,3505.17,-5.71807,-0.710182,0.63763,-3966.89,0
1.22371,3505.02,-5.76954,-0.637639,6.97618,-4069.24,0
1.23028,3505.01,-5.80563,-0.648507,3.68212,-4056.36,0
1.23679,3504.94,-5.79593,-0.649411,5.84038,-4090.93,0
1.24331,3504.89,-5.89641,-0.659425,3.32471,-4109.61,0
1.24982,3504.8,-5.93559,-0.679791,5.79608,-4161.79,0
1.25631,3504.82,-5.9141,-0.466731,4.39458,-4119.8,0
1.26282,3504.75,-5.82305,-0.407729,7.4968,-4156.53,0
1.26933,3504.75,-5.77559,-0.393814,4.39642,-4136.23,0
1.27583,3504.79,-5.68536,-0.301279,4.28284,-4086.11,0
1.28229,3504.83,-5.62866,-0.469924,1.57013,-4033.4,0
1.2888,3504.78,-5.60274,-0.574856,4.53013,-4053.9,0
1.29532,3504.72,-5.63274,-0.539174,5.69537,-4072.8,0
1.30184,3504.78,-5.62113,-0.530525,0.515914,-4010.27,0
1.30834,3504.82,-5.47927,-0.591844,1.42098,-3959.89,0
1.31488,3504.74,-5.57312,-0.656533,3.01338,-4003.84,0
1.32141,3504.73,-5.53069,-0.678891,3.82625,-3989.01,0
1.3279,3504.81,-5.41424,-0.742948,1.48462,-3906.32,0
1.33444,3504.73,-5.476,-0.697466,3.21528,-3947.2,0
1.34094,3504.65,-5.45669,-0.82732,6.34282,-3988.88,0
1.34745,3504.65,-5.4698,-0.896186,3.12068,-3968.03,0
1.354,3504.68,-5.38739,-0.930773,2.97658,-3926.21,0
1.36049,3504.57,-5.57836,-0.949479,3.6004,-3992.12,0
1.36703,3504.57,-5.53122,-1.02104,2.99439,-3974.86,0
1.37357,3504.56,-5.43996,-1.13664,3.65498,-3958.55,0
1.38008,3504.47,-5.36436,-1.16152,7.81673,-4010.49,0
1.38659,3504.47,-5.29607,-1.23777,6.20301,-3991.4,0
1.39309,3504.41,-5.34985,-1.29347,4.69793,-4012.35,0
1.39957,3504.43,-5.16911,-1.54338,5.88517,-3980.61,0
1.4061,3504.48,-5.22914,-1.30966,1.8773,-3928.86,0
1.41259,3504.33,-5.09637,-1.2907,9.78459,-4011.39,0
1.41913,3504.26,-5.07782,-1.31148,8.82083,-4042.28,0
1.42561,3504.32,-4.99146,-1.36433,1.70347,-3982.51,0
1.43216,3504.29,-4.94453,-1.27706,5.3196,-3988.68,0
1.43865,3504.25,-4.97787,-1.32771,4.81861,-4000.1,0
1.44516,3504.25,-4.88982,-1.35207,5.23966,-3978.46,0
1.45166,3504.25,-4.96776,-1.40969,1.05795,-3959.51,0
1.45821,3504.21,-4.94295,-1.50838,3.13311,-3972.26,0
1.46465,3504.16,-4.8841,-1.38201,7.38941,-3986.15,0
1.47117,3504.11,-4.89043,-1.27847,7.09112,-4006.87,0
1.47765,3504.11,-4.94052,-1.19542,4.01793,-3986.84,0
1.48416,3504,-4.90703,-1.25809,9.2314,-4044.32,0
1.49066,3503.97,-4.85863,-1.27106,6.16763,-4045.15,0
1.49715,3504.02,-4.87073,-1.18504,2.05566,-3994.74,0
1.50366,3504.04,-4.73869,-1.14897,3.64399,-3964.17,0
1.51017,3504.02,-4.72718,-1.06058,3.75146,-3959.52,0
1.51666,3504,-4.63233,-1.07339,7.14478,-3958.86,0
1.52315,3504.01,-4.66453,-1.08395,1.02823,-3931.04,0
1.52965,3503.97,-4.56718,-1.09057,5.94535,-3939.92,0
1.53618,3503.9,-4.60052,-1.10928,5.71565,-3971.14,0
1.54268,3503.84,-4.64517,-1.04309,6.68994,-3992.98,0
1.54919,3503.83,-4.68992,-1.05629,2.75611,-3982.65,0
1.55566,3503.98,-4.36875,-0.958649,4.21145,-3871.05,0
1.56214,3504.01,-4.40751,-0.677189,1.82203,-3834.59,0
1.56866,3503.92,-4.2919,-0.73319,9.39925,-3874.46,0
1.5752,3503.93,-4.32221,-0.798846,2.49308,-3856.28,0
1.58171,3503.93,-4.30263,-0.691146,2.37467,-3836.63,0
1.58822,3503.98,-4.12706,-0.605691,4.22176,-3790.96,0
1.59472,3504.09,-3.96434,-0.510032,0.984716,-3703.69,0
1.60123,3504.02,-4.06352,-0.475924,2.58264,-3733.23,0
1.60774,3504.01,-4.05748,-0.340842,3.32742,-3725.68,0
1.61425,3503.95,-4.12979,-0.556431,3.66971,-3748.71,0
1.62079,3503.87,-4.21836,-0.571578,5.38505,-3781.03,0
1.6273,3503.83,-4.31595,-0.526636,4.4393,-3792.75,0
1.63383,3503.8,-4.29259,-0.485415,5.52762,-3793.91,0
1.64034,3503.75,-4.34691,-0.438977,3.64623,-3807.15,0
1.64682,3503.76,-4.34606,-0.395357,1.31636,-3786.29,0
1.6533,3503.69,-4.36939,-0.441047,4.49705,-3814.98,0
1.65981,3503.69,-4.36651,-0.636929,2.88987,-3803.67,0
1.66635,3503.67,-4.33715,-0.6754,4.72026,-3801.66,0
1.67283,3503.61,-4.29568,-0.508585,8.90929,-3817.65,0
1.67932,3503.53,-4.31777,-0.525152,5.92404,-3850.9,0
1.68579,3503.52,-4.34717,-0.565286,1.9388,-3843.27,0
1.69228,3503.42,-4.48865,-0.517411,2.95444,-3885.95,0
1.69877,3503.39,-4.49072,-0.662136,2.32736,-3893.01,0
1.70524,3503.34,-4.47895,-0.714607,3.49663,-3902.89,0
1.71175,3503.3,-4.46647,-0.765072,4.55025,-3913.62,0
1.71829,3503.26,-4.54367,-0.717304,3.7903,-3921.95,0
1.72483,3503.26,-4.51736,-0.582235,5.21246,-3906.61,0
1.73138,3503.21,-4.58923,-0.700007,4.35543,-3923.79,0
1.73791,3503.22,-4.60214,-0.69509,1.79114,-3901.79,0
1.74442,3503.17,-4.67611,-0.63274,2.32025,-3917.84,0
1.75091,3503.21,-4.51779,-0.60876,5.21186,-3876.05,0
1.75742,3503.2,-4.58938,-0.696501,0.615363,-3868.43,0
1.76394,3503.15,-4.61387,-0.641644,3.45554,-3885.01,0
1.77044,3503,-4.78692,-0.691431,5.20341,-3954.12,0
1.7769,3502.93,-4.8058,-0.612934,6.49064,-3977.04,0
1.78336,3502.94,-4.78759,-0.664997,3.73019,-3957.47,0
1.78987,3502.98,-4.70643,-0.742031,3.25161,-3920.37,0
1.79634,3502.95,-4.73485,-0.761056,3.64842,-3924.18,0
1.80285,3502.95,-4.64171,-0.70367,7.93777,-3912.03,0
1.80934,3503.07,-4.5009,-0.676614,3.84566,-3832.3,0
1.81585,3503.09,-4.47733,-0.649976,0.673197,-3806.56,0
1.82239,3502.97,-4.53033,-0.855591,4.56825,-3856.66,0
1.82888,3502.9,-4.54695,-0.801076,7.03572,-3880.42,0
1.83539,3502.9,-4.53734,-0.84798,3.8677,-3867.34,0
1.84191,3502.95,-4.44159,-0.805417,3.18788,-3829.9,0
1.84839,3503.03,-4.29113,-0.653482,3.55928,-3769.33,0
1.85491,3503,-4.27217,-0.588194,5.65754,-3773.46,0
1.86145,3503.12,-4.09203,-0.56948,1.60245,-3695.76,0
1.86796,3503.11,-4.07784,-0.612061,1.61204,-3690.62,0
1.87452,3503.05,-4.05533,-0.512181,5.93258,-3707.79,0
1.88102,3503.08,-4.00762,-0.487553,3.79932,-3677.2,0
1.88754,3503.03,-4.0733,-0.415978,4.91632,-3694.93,0
1.89404,3502.97,-4.09175,-0.315369,6.04023,-3711.35,0
1.90057,3502.96,-4.00322,-0.260669,8.15127,-3705.7,0
1.90708,3503.02,-3.98033,-0.261232,1.46972,-3661.34,0
1.91361,3503.05,-3.79564,-0.232176,3.25779,-3629.81,0
1.9201,3503.02,-3.76302,-0.249779,7.02682,-3634.83,0
1.92662,3502.99,-3.77251,-0.12112,4.82506,-3636.22,0
1.93313,3502.91,-3.82104,-0.0848074,7.71568,-3666.98,0
1.93964,3502.9,-3.89117,-0.167609,2.09388,-3662.67,0
1.94613,3502.87,-3.81365,-0.0989748,7.1193,-3665.47,0
1.95266,3502.97,-3.66786,-0.201695,3.44711,-3602.67,0
1.95912,3502.95,-3.70523,-0.263812,0.59731,-3596.82,0
1.96567,3502.86,-3.66968,-0.205804,8.09394,-3629.84,0
1.97217,3502.84,-3.67369,-0.207504,6.88622,-3628.41,0
1.97864,3502.86,-3.63235,-0.181782,3.83216,-3606.57,0
1.98515,3502.85,-3.60094,-0.257298,2.65798,-3600.26,0
1.99167,3502.82,-3.64777,-0.256406,2.16736,-3605.17,0
1.99813,3502.77,-3.62791,-0.299897,2.22333,-3617.32,0
2.00469,3502.82,-3.46811,-0.345567,6.03154,-3581.25,0
2.01119,3502.73,-3.4143,-0.413504,10.5597,-3614.69,0
2.01772,3502.63,-3.42501,-0.625987,5.58265,-3653.89,0
2.02418,3502.53,-3.21777,-0.595972,1.80257,-3690.49,0
2.03072,3502.48,-3.23115,-0.615081,4.44742,-3705.51,0
2.03718,3502.43,-3.13153,-0.695315,2.18027,-3717.13,0
2.04371,3502.37,-3.13635,-0.683047,3.19691,-3731.31,0
2.05026,3502.36,-2.9993,-0.693933,11.0044,-3726.71,0
2.05679,3502.28,-3.02387,-0.628423,5.41422,-3755.05,0
2.06328,3502.27,-2.99292,-0.58925,6.13556,-3748.46,0
2.06976,3502.26,-2.97285,-0.659095,5.87032,-3740.49,0
2.07623,3502.1,-3.00522,-0.654227,6.10105,-3802.63,0
2.08276,3502.16,-2.92068,-0.679279,4.01293,-3765.44,0
2.08928,3502.1,-2.94522,-0.671336,6.4885,-3778.87,0
2.09581,3501.98,-3.13016,-0.616704,5.2851,-3827.72,0
2.10233,3501.95,-3.19383,-0.589813,1.87138,-3829.69,0
2.10884,3501.91,-3.13847,-0.473635,9.61017,-3836.63,0
2.11536,3501.92,-3.13855,-0.40752,3.61639,-3820.5,0
2.12189,3501.72,-3.08397,-0.391248,4.67851,-3900.11,0
2.12837,3501.64,-3.09438,-0.392625,7.74523,-3929.17,0
2.13485,3501.73,-2.86209,-0.426608,5.67734,-3873.95,0
2.14133,3501.62,-2.80529,-0.404005,10.6195,-3914,0
2.14785,3501.51,-2.71782,-0.323963,7.91385,-3953.65,0
2.15438,3501.43,-2.71586,-0.231806,3.73465,-3979.21,0
2.16086,3501.29,-2.7656,-0.204506,1.91341,-4029.47,0
2.16734,3501.23,-2.76537,-0.313369,6.23047,-4047.61,0
2.17386,3501.33,-2.65361,-0.423402,1.45151,-3987.79,0
2.18037,3501.27,-2.65935,-0.469061,5.83503,-4001.87,0
2.18689,3501.14,-2.7248,-0.498195,11.7128,-4049.53,0
2.19343,3501.1,-2.63833,-0.579664,1.72926,-4058.88,0
2.19994,3500.97,-2.60202,-0.649262,8.32605,-4105.7,0
2.20641,3500.98,-2.46459,-0.735738,6.71512,-4087.47,0
2.21292,3500.96,-2.51672,-0.619679,2.53421,-4086.15,0
2.21943,3500.95,-2.43111,-0.676815,10.4947,-4075.51,0
2.22593,3500.97,-2.3304,-0.718184,7.8484,-4057.98,0
2.23243,3500.86,-2.29722,-0.731963,2.03137,-4095.89,0
2.23889,3500.8,-2.16264,-0.704738,8.80354,-4107.51,0
2.24539,3500.79,-2.18642,-0.73264,1.26639,-4100.42,0
2.2519,3500.64,-2.15576,-0.696905,9.49987,-4158.06,0
2.25839,3500.62,-2.09656,-0.608592,2.69393,-4152.34,0
2.26489,3500.6,-2.02142,-0.506673,1.60424,-4150.23,0
2.27139,3500.32,-2.04848,-0.638306,6.4875,-4261.06,0
2.27786,3500.29,-2.10614,-0.532348,1.01054,-4260.67,0
2.28433,3500.2,-2.09962,-0.433014,8.88165,-4291.11,0
2.2908,3500.25,-1.91082,-0.41832,0.561546,-4257.26,0
2.29733,3500.19,-1.82626,-0.451375,5.49688,-4270.29,0
2.30382,3500.21,-1.654,-0.387123,2.00729,-4249.83,0
2.31035,3500.15,-1.6078,-0.380333,2.85047,-4265.47,0
2.31686,3500.03,-1.53958,-0.351212,2.12151,-4301.98,0
2.32336,3499.94,-1.33875,-0.321989,0.927505,-4329.95,0
2.32985,3499.9,-1.22597,-0.404104,2.25168,-4333.69,0
2.33637,3499.84,-1.09706,-0.488724,0.980546,-4348.57,0
2.34275,3499.8,-0.951016,-0.418234,9.94504,-4352.81,0
