0.00654964,3509.9,2.79093,0.175361,4.47899,-15204.6,0
0.0130612,3509.9,2.66084,0.113708,5.04647,-7849.99,0
0.0195811,3509.83,2.6625,0.146023,7.93587,-8618.06,0
0.0260893,3509.88,2.62483,0.204978,1.55665,-4711.22,0
0.0325426,3509.85,2.56705,0.252903,2.39261,-4628.37,0
0.0390549,3509.78,2.39268,0.221302,6.60964,-5527.98,0
0.0455227,3509.86,2.27252,0.0856962,0.728997,-3078.43,0
0.052033,3509.77,2.45393,0.183681,3.87174,-4374.5,0
0.05851,3509.71,2.38725,0.202385,5.75421,-4920.08,0
0.0650356,3509.72,2.37582,0.204792,3.77124,-4247.63,0
0.0715329,3509.68,2.53033,0.288293,3.81826,-4414.26,0
0.0780414,3509.68,2.5889,0.313354,2.65144,-4073.35,0
0.0845582,3509.62,2.61247,0.417527,4.77922,-4465.49,0
0.0911294,3509.69,2.44844,0.308541,0.690752,-3418.69,0
0.0976853,3509.65,2.47814,0.568139,1.49216,-3552.34,0
0.104196,3509.55,2.70388,0.8134,5.13803,-4293.72,0
0.110675,3509.57,2.54917,0.975982,2.76122,-3888.11,0
0.117181,3509.57,2.44329,0.902511,3.17547,-3649.56,0
0.123669,3509.59,2.19379,0.980672,3.45707,-3322.72,0
0.130174,3509.55,2.1775,0.918013,2.83943,-3432.44,0
0.13671,3509.59,1.99474,0.828186,1.25823,-3030.85,0
0.143231,3509.55,2.07548,0.844953,2.42161,-3117.49,0
0.149719,3509.51,2.1356,0.911562,3.05591,-3299.84,0
0.156223,3509.5,2.04897,0.879905,3.64829,-3222.24,0
0.162702,3509.5,2.03394,0.879687,2.66953,-3057.23,0
0.169184,3509.44,2.36282,1.01112,3.35359,-3329.06,0
0.175739,3509.47,2.35074,0.865123,1.19645,-3018.8,0
0.182241,3509.38,2.29651,0.80206,5.14718,-3377.98,0
0.188748,3509.4,2.41684,0.777808,1.62618,-3187.47,0
0.19522,3509.33,2.28967,0.741596,5.25065,-3428.41,0
0.201746,3509.32,2.50552,0.626914,3.03899,-3355.82,0
0.208265,3509.29,2.49772,0.77573,3.92326,-3411.84,0
0.214785,3509.31,2.52776,0.731472,1.71362,-3232.77,0
0.22127,3509.25,2.50002,0.736346,5.43886,-3409.01,0
0.227793,3509.19,2.56189,0.686126,3.77299,-3537.75,0
0.234293,3509.18,2.38171,0.59641,5.37636,-3494.63,0
0.240807,3509.13,2.43686,0.550462,5.34147,-3616.57,0
0.247319,3509.18,2.4586,0.493656,0.548706,-3302.26,0
0.253827,3509.09,2.4965,0.391811,6.10881,-3578.92,0
0.260332,3509.06,2.43853,0.381287,6.52666,-3603.07,0
0.266822,3509.02,2.41395,0.356757,6.30277,-3671.27,0
0.273333,3509.04,2.47621,0.425762,2.69743,-3497.15,0
0.279823,3509.06,2.52487,0.445009,0.308395,-3364,0
0.286319,3509.04,2.41122,0.459079,2.57011,-3366.66,0
0.292825,3509.01,2.486,0.481933,1.71947,-3397.37,0
0.299369,3508.99,2.34307,0.65027,3.78016,-3386.5,0
0.305892,3508.91,2.4284,0.621237,7.4011,-3574.55,0
0.312434,3508.86,2.40198,0.689392,7.76276,-3634.06,0
0.318927,3508.8,2.37533,0.767825,6.85199,-3778.28,0
0.32545,3508.77,2.40487,0.876665,6.17838,-3793.4,0
0.331967,3508.8,2.38729,0.937246,2.2521,-3620.99,0
0.338505,3508.79,2.4996,0.955719,0.161312,-3562.61,0
0.34497,3508.69,2.60167,1.10191,5.19023,-3791.49,0
0.351507,3508.63,2.65548,1.21163,5.54397,-3889.85,0
0.358056,3508.59,2.67594,1.22465,6.3064,-3942.49,0
0.364537,3508.63,2.76956,1.28329,0.270671,-3752.19,0
0.371043,3508.59,2.77601,1.11521,3.38403,-3797.96,0
0.377591,3508.62,2.74604,0.930632,0.793443,-3655.2,0
0.384146,3508.56,2.76806,1.12041,3.67208,-3748.89,0
0.390653,3508.48,2.81107,1.19847,5.45535,-3889.63,0
0.397164,3508.47,2.67819,1.14243,6.62364,-3860.47,0
0.403693,3508.49,2.78629,1.12534,1.99742,-3736.83,0
0.410228,3508.48,2.78076,1.16007,1.42653,-3707.83,0
0.416716,3508.42,3.02346,1.1058,2.68138,-3799.46,0
0.42322,3508.4,3.01823,1.09516,3.76603,-3786.96,0
0.429729,3508.3,3.19539,1.23093,6.73333,-3955.02,0
0.436268,3508.24,3.16977,1.22033,6.2337,-4042.11,0
0.442796,3508.24,3.0945,1.18223,5.30613,-3965.12,0
0.449302,3508.16,3.10115,1.15998,7.66956,-4094.83,0
0.455814,3508.1,3.08956,1.2078,7.21648,-4169.46,0
0.462323,3508.18,3.09579,0.855472,1.42233,-3941.27,0
0.468811,3508.17,3.17564,0.684045,0.261762,-3897.82,0
0.475318,3508.04,3.18103,0.472373,7.46838,-4115.92,0
0.481864,3508.09,3.1866,0.465682,1.47663,-3972.27,0
0.488345,3508.05,3.27055,0.521821,2.49953,-3999.2,0
0.494853,3508,3.23844,0.468304,5.85776,-4038.87,0
0.501349,3508.01,3.26644,0.345856,3.78434,-3962.78,0
0.507859,3508.09,2.98069,0.193191,1.62746,-3754.78,0
0.514361,3508.06,2.84771,0.10463,5.25766,-3779.7,0
0.520834,3507.86,2.80705,0.108567,7.01468,-4109.22,0
0.527336,3507.86,2.96519,0.183178,2.95334,-4052.98,0
0.533788,3507.88,2.84931,0.503287,2.20902,-3978.77,0
0.540278,3507.84,2.74659,0.517116,5.08551,-3998.17,0
0.546796,3507.8,2.77452,0.480035,5.21005,-4021.2,0
0.553259,3507.79,2.74064,0.510053,5.45192,-3988.64,0
0.559776,3507.83,2.75144,0.287101,0.607906,-3872.41,0
0.566248,3507.77,2.95202,0.190281,2.0446,-3929.96,0
0.572728,3507.72,3.06448,0.364769,3.96186,-3981.43,0
0.579309,3507.74,2.9369,0.410857,3.69259,-3903.68,0
0.585842,3507.75,2.91848,0.492796,0.671972,-3833.45,0
0.592358,3507.64,2.88933,0.35399,7.2334,-3976.04,0
0.598886,3507.64,2.94368,0.276297,4.66025,-3934.81,0
0.605386,3507.63,3.00671,0.183854,3.01283,-3919.02,0
0.611931,3507.62,2.92683,0.282281,4.1566,-3888.01,0
0.618425,3507.64,2.84756,0.367927,1.86614,-3811.77,0
0.624974,3507.51,2.97622,0.263505,8.25832,-3979.88,0
0.631462,3507.57,2.94143,0.248501,0.131176,-3840.72,0
0.637946,3507.55,2.91445,0.176035,2.63807,-3848.12,0
0.644441,3507.52,2.90628,0.277806,3.47683,-3854.97,0
0.650959,3507.41,2.90517,0.21014,7.89238,-3972.63,0
0.657481,3507.42,2.95589,0.157996,4.82464,-3930.73,0
0.664025,3507.45,2.94385,0.155699,0.725609,-3837.5,0
0.670496,3507.36,2.85032,0.0614915,5.92341,-3933.43,0
0.676992,3507.36,2.94757,0.131356,1.54214,-3898.03,0
0.683497,3507.29,3.02159,0.0995698,5.51848,-3958.42,0
0.690028,3507.29,3.00614,0.13805,4.57671,-3926.67,0
0.696525,3507.29,3.04529,0.122332,1.53538,-3887.08,0
0.703013,3507.26,3.03931,0.170139,3.80332,-3893.51,0
0.709528,3507.3,2.96241,0.131546,1.31741,-3804.41,0
0.716092,3507.17,3.05267,0.153654,7.63293,-3946.14,0
0.722583,3507.2,3.03654,0.109844,1.31048,-3872.8,0
0.729118,3507.16,3.02642,0.0770543,4.61282,-3900.99,0
0.73566,3507.1,3.00742,0.217623,7.79297,-3947.07,0
0.742169,3507.11,2.95216,0.189007,5.46711,-3894.2,0
0.748657,3507.05,3.01766,0.136533,7.64118,-3940.09,0
0.755148,3507.1,2.95738,0.0592624,0.94313,-3836.87,0
0.761674,3506.99,3.05789,-0.11416,4.98914,-3946.42,0
0.768202,3506.93,3.09995,-0.0235965,5.15136,-4000.64,0
0.774704,3506.99,2.93574,-0.206937,1.04981,-3880.81,0
0.781173,3506.92,3.05417,-0.305568,3.34494,-3941.88,0
0.787712,3506.86,2.98009,-0.412194,7.67714,-3987.54,0
0.794185,3506.83,3.05699,-0.421965,5.07101,-3993.39,0
0.800725,3506.81,3.0168,-0.433422,5.29535,-3987.14,0
0.807256,3506.79,3.06059,-0.461792,3.52607,-3977.16,0
0.813788,3506.74,3.08824,-0.3892,5.70231,-4011.19,0
0.820271,3506.75,3.1083,-0.196706,1.76491,-3963.66,0
0.826796,3506.68,3.03661,-0.229565,7.4118,-4012.71,0
0.833274,3506.7,2.94316,-0.20801,4.14588,-3964.19,0
0.839776,3506.62,3.04683,-0.0366944,6.99145,-4021.51,0
0.846272,3506.61,3.0043,0.00944783,5.55518,-4007.18,0
0.852767,3506.6,2.95154,-0.0678468,4.82387,-3984.64,0
0.859272,3506.61,2.87861,-0.236331,4.06287,-3939.76,0
0.865747,3506.59,2.82442,-0.296311,5.68051,-3939.76,0
0.872278,3506.52,2.85683,-0.427613,7.8246,-3989.25,0
0.878799,3506.55,2.8885,-0.450794,0.19155,-3922.11,0
0.885313,3506.53,2.94444,-0.381497,0.930465,-3920.61,0
0.891809,3506.44,3.0475,-0.188092,6.93591,-3992.11,0
0.898298,3506.47,2.98768,-0.100595,3.49106,-3929.63,0
0.904793,3506.46,3.06612,-0.179536,1.48071,-3913.94,0
0.911264,3506.44,2.95458,-0.220802,4.08905,-3904.57,0
0.917787,3506.43,2.92515,-0.159816,4.83004,-3894.48,0
0.924276,3506.44,2.82967,-0.197318,2.14292,-3846.85,0
0.930775,3506.37,3.04495,-0.0537454,2.8268,-3894.81,0
0.937357,3506.37,3.06299,0.032126,1.505,-3871.52,0
0.943826,3506.34,2.99219,-0.0838077,3.64956,-3875.57,0
0.950352,3506.33,2.8998,0.00666768,5.11696,-3858.61,0
0.956847,3506.33,2.83603,0.0931841,3.93431,-3834.91,0
0.963396,3506.3,2.84707,-0.0311472,6.06765,-3843.59,0
0.969913,3506.32,2.94916,0.176731,0.192647,-3797.11,0
0.976417,3506.28,2.9039,0.109151,4.59234,-3811.35,0
0.982897,3506.23,2.875,0.103622,6.55013,-3839.32,0
0.989424,3506.24,2.82623,0.135114,1.30721,-3795.41,0
0.995932,3506.17,2.99108,0.13008,3.96969,-3846.67,0
1.00244,3506.17,2.89318,0.140681,4.26139,-3824.72,0
1.00896,3506.17,2.89468,0.248579,2.50718,-3799.15,0
1.01551,3506.16,2.77794,0.0872747,5.92185,-3783.62,0
1.02197,3506.15,2.69038,0.0702543,3.8936,-3766.24,0
1.02847,3506.15,2.66905,-0.0559259,1.69585,-3743.36,0
1.03496,3506.08,2.60687,-0.0707616,7.19161,-3785.75,0
1.0415,3505.98,2.67353,0.00501878,10.2216,-3862.92,0
1.04798,3505.97,2.71715,0.0559101,5.82131,-3844.94,0
1.05447,3505.9,2.71104,0.027816,7.56989,-3883.86,0
1.061,3505.8,2.75046,0.0250489,10.0686,-3956.18,0
1.06748,3505.71,2.6867,0.0685829,5.57748,-4018.65,0
1.07399,3505.7,2.76719,0.0114798,3.07992,-4000.1,0
1.0805,3505.66,2.77918,0.065472,5.50937,-4015.18,0
1.08701,3505.62,2.6959,0.0897923,7.84893,-4026.32,0
1.09348,3505.57,2.71012,0.0735738,7.60902,-4048.92,0
1.10001,3505.55,2.60905,0.0500724,7.47252,-4047.07,0
1.10652,3505.53,2.57188,0.00312591,3.9345,-4037.94,0
1.11304,3505.52,2.50675,0.130661,5.40681,-4020.58,0
1.11954,3505.51,2.37383,0.158353,5.49957,-4008.51,0
1.12604,3505.55,2.29107,0.116844,1.59502,-3955.1,0
1.13251,3505.51,2.30273,0.0208371,3.12364,-3962.91,0
1.13901,3505.56,2.1084,0.061587,1.51882,-3897.11,0
1.14554,3505.55,2.11741,-0.0537374,2.59512,-3888.75,0
1.15203,3505.55,1.98945,0.0863887,3.05273,-3862.4,0
1.15853,3505.54,1.88908,0.0149872,5.25138,-3848.43,0
1.16507,3505.56,1.76228,0.0996508,1.15652,-3813.04,0
1.17157,3505.48,1.73369,0.219782,8.17448,-3854.08,0
1.17812,3505.53,1.66442,0.309358,0.604367,-3792.55,0
1.18464,3505.49,1.65789,0.300794,4.3459,-3807.88,0
1.19117,3505.45,1.58614,0.399753,7.01236,-3822.81,0
1.19764,3505.34,1.57428,0.549447,2.23509,-3891.6,0
1.20415,3505.33,1.58868,0.666175,1.96331,-3879.91,0
1.21066,3505.28,1.4844,0.697372,7.64991,-3896.36,0
1.21716,3505.24,1.57941,0.544187,7.47567,-3913.92,0
1.22368,3505.14,1.59633,0.573885,3.87907,-3972.77,0
1.23022,3505.12,1.57121,0.447821,6.2026,-3965.03,0
1.23672,3505.13,1.52294,0.424375,4.99793,-3935.98,0
1.2432,3505.07,1.5635,0.480361,6.33561,-3966.66,0
1.24975,3505.12,1.44191,0.4654,1.56777,-3907.85,0
1.25627,3505.09,1.46202,0.477177,3.06005,-3905.68,0
1.26276,3505.04,1.53721,0.558691,4.98215,-3927.52,0
1.26926,3505.07,1.43447,0.460474,1.75189,-3884.25,0
1.27578,3505.07,1.46002,0.447436,0.729396,-3864.94,0
1.28227,3504.98,1.45792,0.341699,11.3968,-3914.33,0
1.28874,3504.88,1.43899,0.318333,11.523,-3970.23,0
1.29531,3504.86,1.31575,0.256585,5.84193,-3971.83,0
1.3018,3504.83,1.38454,0.201663,5.53003,-3972.67,0
1.30827,3504.8,1.38836,0.0667006,7.1767,-3972.07,0
1.31479,3504.78,1.37899,0.040238,6.06895,-3970.27,0
1.32131,3504.8,1.36788,-0.135556,2.01363,-3935.61,0
1.32781,3504.79,1.2545,-0.140337,4.76164,-3922.36,0
1.33428,3504.68,1.20764,-0.209071,7.80478,-3985.33,0
1.34078,3504.68,1.27244,-0.286826,2.30638,-3969.64,0
1.34729,3504.6,1.24371,-0.0969929,1.42975,-4007.33,0
1.35374,3504.58,1.32026,-0.149673,1.56663,-4004.37,0
1.3603,3504.53,1.18435,-0.107195,9.26787,-4021.13,0
1.36677,3504.49,1.24441,-0.0879756,6.92525,-4031.98,0
1.37326,3504.53,1.06433,-0.271818,3.68347,-3985.57,0
1.37972,3504.44,1.16377,-0.297785,0.429728,-4026.65,0
1.38623,3504.32,1.16026,-0.218165,4.05151,-4096.5,0
1.3927,3504.28,1.2,-0.166452,7.55982,-4109.55,0
1.39919,3504.32,1.02351,-0.229579,2.74488,-4059.5,0
1.4057,3504.29,0.845593,-0.23798,7.35061,-4062.68,0
1.41216,3504.3,0.768212,-0.264907,3.61719,-4039.59,0
1.41864,3504.28,0.573184,-0.331286,5.83143,-4032.1,0
1.42511,3504.22,0.677893,-0.375324,8.38084,-4056.45,0
1.43159,3504.2,0.731888,-0.292593,8.13134,-4052.94,0
1.43811,3504.18,0.778739,-0.332092,5.54403,-4048.31,0
1.44462,3504.17,0.768193,-0.250027,5.95247,-4034.43,0
1.45113,3504,0.782931,-0.437566,8.97734,-4132.49,0
1.45765,3503.93,0.729285,-0.427338,6.51048,-4162.71,0
1.46416,3503.87,0.691494,-0.453861,3.36154,-4186.99,0
1.47071,3503.81,0.747311,-0.519031,0.689775,-4212.14,0
1.4772,3503.74,0.653211,-0.396188,4.67222,-4240.04,0
1.48371,3503.66,0.674661,-0.388028,5.24092,-4274.02,0
1.49021,3503.59,0.723468,-0.193913,6.09689,-4298.2,0
1.49668,3503.6,0.677354,-0.233017,2.30882,-4275.82,0
1.50321,3503.55,0.691535,-0.252745,8.11515,-4291.67,0
1.5097,3503.42,0.71717,-0.261952,8.09595,-4356.97,0
1.5162,3503.37,0.767213,-0.317372,3.15129,-4370.19,0
1.5227,3503.25,0.918944,-0.225684,0.699302,-4429.86,0
1.52918,3503.23,0.81315,-0.193626,6.70152,-4426.51,0
1.5357,3503.2,0.92454,-0.146383,6.49818,-4427.8,0
1.54221,3503.06,1.00096,-0.114729,9.44237,-4499.19,0
1.54868,3502.94,0.794089,0.103851,4.85049,-4559.13,0
1.55515,3502.91,0.843487,0.163824,7.2051,-4559.74,0
1.56166,3502.91,0.650791,0.119752,2.39167,-4538.69,0
1.56815,3502.82,0.541554,0.0870976,7.7432,-4577.95,0
1.57463,3502.76,0.516322,0.195236,2.48471,-4600.58,0
1.58114,3502.64,0.471581,0.168807,4.61429,-4656.18,0
1.58767,3502.49,0.487802,0.203874,4.79378,-4728.35,0
1.59418,3502.39,0.471381,0.165656,7.21542,-4772.07,0
1.60068,3502.23,0.522044,0.192137,5.10012,-4851.62,0
1.60718,3502.13,0.393327,0.221691,9.75815,-4895.44,0
1.61371,3502.03,0.356136,0.28178,5.36042,-4939.05,0
1.6202,3501.9,0.296244,0.233462,3.39603,-4999.67,0
1.62677,3501.75,0.241375,0.243089,2.23291,-5071.94,0
1.63325,3501.53,0.229916,0.173157,4.56467,-5187.86,0
1.63977,3501.25,0.167448,0.190052,12.099,-5333.61,0
1.64433,3500.97,0.150232,0.186719,2.61629,-5491.2,5
