0.00647296,3509.9,1.92679,3.13585,4.3158,-15223.2,0
0.0129798,3509.93,2.01396,3.11636,0.592677,-5632.65,0
0.0194967,3509.87,2.06149,2.93635,4.70305,-6515.45,0
0.0259842,3509.87,2.17285,2.76605,5.03536,-5176.2,0
0.032484,3509.85,2.29512,3.00762,2.29384,-4661.39,0
0.0390214,3509.77,2.29173,2.98945,5.26195,-5940.28,0
0.0454781,3509.82,2.26613,2.96479,1.71346,-3954.3,0
0.0519562,3509.79,2.38366,2.99542,1.98846,-3986.85,0
0.0584641,3509.7,2.58084,2.95845,6.07271,-5183.56,0
0.064997,3509.7,2.50705,2.9598,4.23946,-4686.57,0
0.0715281,3509.68,2.50434,2.99301,3.88387,-4464,0
0.0780564,3509.59,2.64699,3.02215,6.24162,-5210.75,0
0.0846136,3509.64,2.52111,3.03237,2.98675,-4215.97,0
0.0911472,3509.62,2.47157,3.10172,3.93166,-4189.5,0
0.097655,3509.59,2.39869,3.08369,3.59267,-4186.37,0
0.104165,3509.61,2.42872,3.15138,0.358857,-3740.77,0
0.110685,3509.5,2.39626,3.09471,4.91361,-4498.8,0
0.117162,3509.47,2.51042,3.25958,3.35461,-4527.96,0
0.123642,3509.41,2.55241,3.39149,4.93931,-4810.92,0
0.130161,3509.37,2.63409,3.33559,5.98514,-4809.67,0
0.136709,3509.38,2.54524,3.52363,2.61864,-4540.96,0
0.14327,3509.33,2.71794,3.55643,3.24292,-4647.91,0
0.149834,3509.28,2.75444,3.48482,5.72709,-4817.77,0
0.156325,3509.32,2.66862,3.51348,1.09267,-4347.21,0
0.162834,3509.25,2.69822,3.40566,5.3133,-4617.1,0
0.169363,3509.2,2.63067,3.44676,5.0811,-4727.7,0
0.175836,3509.21,2.69098,3.45384,2.11465,-4493.69,0
0.182378,3509.15,2.60892,3.48124,5.61976,-4661.43,0
0.188839,3509.15,2.61461,3.429,4.18756,-4479.12,0
0.195378,3509.12,2.72695,3.27712,5.01856,-4501.64,0
0.201876,3509.09,2.70642,3.3693,4.31587,-4507.4,0
0.20838,3509.09,2.64223,3.28484,3.94998,-4383.23,0
0.214809,3509.1,2.89202,3.17345,1.2712,-4194.4,0
0.221389,3508.99,2.93805,3.1929,7.36347,-4568.15,0
0.227906,3509.04,3.00272,3.10416,1.60225,-4203.76,0
0.234436,3508.97,3.13265,2.96662,5.57598,-4412.16,0
0.24096,3508.95,3.18477,3.04748,1.72545,-4368.81,0
0.247516,3508.88,3.16582,2.75489,6.76879,-4542.48,0
0.254028,3508.88,3.14807,2.73671,3.0884,-4417.69,0
0.260571,3508.9,3.27817,2.63595,0.426039,-4228.51,0
0.267118,3508.84,3.16595,2.5954,4.6948,-4359.73,0
0.273594,3508.8,3.31733,2.92054,1.27011,-4400.8,0
0.280069,3508.71,3.59643,2.98497,2.27804,-4607.79,0
0.286563,3508.73,3.51465,2.98598,1.30973,-4435.05,0
0.293099,3508.62,3.51547,3.07881,5.45562,-4699.71,0
0.29957,3508.67,3.37858,3.0402,3.65938,-4433.38,0
0.30606,3508.61,3.38403,3.27113,4.30122,-4545.34,0
0.312558,3508.58,3.29471,3.23661,6.17232,-4548.83,0
0.319057,3508.63,3.21471,3.23051,1.76698,-4302.86,0
0.32555,3508.63,3.34302,3.16599,0.6277,-4220.83,0
0.332059,3508.63,3.23313,3.01519,3.32432,-4136.78,0
0.338556,3508.55,3.1271,3.05227,6.81157,-4268.34,0
0.345081,3508.56,3.07482,3.1673,3.68681,-4166.5,0
0.351577,3508.63,3.03671,2.95651,0.703927,-3898.94,0
0.358088,3508.52,3.03797,2.98563,5.14857,-4128.84,0
0.364578,3508.49,3.1093,2.94745,4.45317,-4128.07,0
0.371042,3508.55,2.98454,2.86558,1.50954,-3909.33,0
0.377562,3508.53,2.78587,2.77062,5.37626,-3882.26,0
0.384078,3508.53,2.74461,2.68816,5.4448,-3836.48,0
0.390579,3508.53,2.80081,2.86134,1.47918,-3773.67,0
0.397083,3508.51,2.87285,2.9213,0.804187,-3760.11,0
0.403586,3508.44,2.78055,2.81702,6.15161,-3863.94,0
0.410019,3508.39,2.742,2.76484,6.7673,-3934.63,0
0.416486,3508.35,2.69295,2.81833,5.19652,-3966.32,0
0.422992,3508.32,2.77007,2.82641,5.21761,-3965.75,0
0.42951,3508.38,2.72679,2.72469,2.09089,-3778.32,0
0.436038,3508.3,2.59511,2.80942,6.48232,-3900.89,0
0.442545,3508.25,2.5409,2.8279,6.47894,-3954.87,0
0.449054,3508.23,2.67478,2.81725,3.82097,-3938.42,0
0.455618,3508.22,2.74175,2.74664,4.57427,-3914.56,0
0.462147,3508.2,2.74333,2.70887,4.71811,-3896.5,0
0.46862,3508.21,2.75989,2.83949,1.27528,-3815.98,0
0.475148,3508.22,2.75933,2.78586,0.817294,-3748.58,0
0.48162,3508.18,2.90346,2.81553,0.681097,-3771.48,0
0.488168,3508.1,2.94311,2.86195,5.11193,-3894.49,0
0.494652,3508.12,2.91834,2.9305,1.35348,-3794.55,0
0.501161,3508.09,2.75644,2.92491,5.21197,-3808.15,0
0.507686,3508.06,2.60619,3.04003,6.30252,-3819.44,0
0.514203,3508.08,2.58165,2.97077,4.87105,-3740.25,0
0.520683,3508.14,2.5,2.86393,1.39843,-3563.76,0
0.527155,3508.08,2.34533,2.87642,6.81335,-3648.25,0
0.533689,3507.95,2.38673,2.76927,9.11043,-3849.23,0
0.540165,3507.93,2.3352,2.83968,4.10361,-3823.39,0
0.546658,3507.97,2.35921,2.59357,3.28554,-3706.01,0
0.553144,3507.92,2.29568,2.51268,5.57661,-3765.06,0
0.559654,3507.91,2.23216,2.53619,3.62937,-3727.95,0
0.566145,3507.84,2.45025,2.48833,6.59846,-3821.78,0
0.572614,3507.78,2.40372,2.56381,7.09022,-3878.47,0
0.579124,3507.76,2.5109,2.65298,5.0585,-3874.32,0
0.585671,3507.7,2.4465,2.77468,7.7793,-3931.47,0
0.59221,3507.7,2.53039,2.86857,2.66175,-3885.05,0
0.59872,3507.62,2.50363,2.89219,5.61102,-3974.5,0
0.605224,3507.58,2.46496,2.84815,6.54778,-3998.79,0
0.611672,3507.55,2.5514,2.87597,4.58313,-4011.36,0
0.618152,3507.59,2.49538,2.75076,2.92151,-3899.75,0
0.624665,3507.56,2.40029,2.74896,5.21768,-3907.55,0
0.631188,3507.6,2.4321,2.65491,1.11844,-3800.62,0
0.637695,3507.52,2.35547,2.69681,6.56618,-3884.67,0
0.644213,3507.57,2.42495,2.57779,2.35299,-3768.45,0
0.650761,3507.53,2.46948,2.76329,1.29677,-3791.64,0
0.657267,3507.45,2.33651,2.75769,8.53067,-3873.08,0
0.663757,3507.42,2.28832,2.6417,8.76677,-3893.42,0
0.670256,3507.4,2.29521,2.67423,5.79001,-3875.03,0
0.676789,3507.37,2.1581,2.73303,5.37403,-3879.72,0
0.683315,3507.42,2.15029,2.65601,0.601814,-3769.11,0
0.689792,3507.39,2.16614,2.54228,3.1943,-3779.06,0
0.696313,3507.44,2.06273,2.44024,0.495123,-3669.45,0
0.702854,3507.33,2.03324,2.36219,7.37449,-3793.41,0
0.709316,3507.32,2.1601,2.34447,6.06777,-3783.28,0
0.715831,3507.34,2.11889,2.36388,2.76985,-3716.26,0
0.722365,3507.29,2.32587,2.30909,3.9792,-3753.81,0
0.7289,3507.21,2.3348,2.42186,7.94226,-3829.77,0
0.735408,3507.22,2.33749,2.5588,2.69023,-3776.02,0
0.741903,3507.11,2.36691,2.73,7.72123,-3897.93,0
0.74838,3507.07,2.3474,2.71445,7.13886,-3909.92,0
0.754911,3507.03,2.29713,2.71725,6.43122,-3931.02,0
0.761419,3507.03,2.12303,2.79525,5.96409,-3899.37,0
0.767917,3507.02,2.06253,2.83201,4.56845,-3874.7,0
0.774435,3506.96,2.04788,2.86979,6.70825,-3925.85,0
0.780921,3506.97,2.12594,2.80887,4.4945,-3882.12,0
0.787447,3506.91,2.05694,2.86928,6.77827,-3926.61,0
0.793905,3506.84,1.96765,2.89133,6.99584,-3977.08,0
0.800411,3506.74,1.92094,2.92112,9.51459,-4071.32,0
0.806954,3506.78,1.91663,2.86312,2.71929,-3988.86,0
0.813463,3506.73,1.83213,2.81452,7.08248,-4022.41,0
0.819965,3506.8,1.86274,2.739,0.821031,-3908.56,0
0.826488,3506.74,1.92668,2.71756,4.30001,-3942.78,0
0.832971,3506.72,2.02265,2.70472,2.27985,-3936.61,0
0.839501,3506.64,2.26255,2.77627,3.818,-3996.52,0
0.845968,3506.58,2.27593,2.79775,7.08782,-4042.5,0
0.852459,3506.61,2.28224,2.66564,3.15633,-3976.35,0
0.858913,3506.55,2.2072,2.62719,7.12095,-4018.1,0
0.865433,3506.53,2.27457,2.65352,5.86601,-4013.67,0
0.871885,3506.53,2.20993,2.56438,4.80782,-3985.38,0
0.87836,3506.53,1.98575,2.70181,4.60688,-3952.71,0
0.884871,3506.56,1.84774,2.63728,3.25074,-3881.95,0
0.891405,3506.5,1.79692,2.72333,5.59828,-3921.52,0
0.897971,3506.47,1.83254,2.64811,8.14047,-3931.83,0
0.904486,3506.46,1.76075,2.65149,5.51196,-3914.55,0
0.910939,3506.44,1.69452,2.69653,5.63936,-3908.49,0
0.917475,3506.43,1.83312,2.59712,4.87917,-3886.72,0
0.923985,3506.43,1.87627,2.54022,4.80402,-3868.11,0
0.93053,3506.42,2.0404,2.47793,3.0812,-3850.67,0
0.937017,3506.25,2.14693,2.35943,3.42187,-4004.88,0
0.943477,3506.25,2.01661,2.38995,3.79088,-3973.94,0
0.950008,3506.3,1.84521,2.25883,3.19641,-3890.94,0
0.956564,3506.22,1.71575,2.31797,7.8851,-3949.23,0
0.963111,3506.18,1.65996,2.36682,7.37252,-3971.45,0
0.969608,3506.15,1.61935,2.40829,4.87928,-3971.72,0
0.976092,3506.19,1.64184,2.30737,1.69133,-3907.38,0
0.982612,3506.09,1.72156,2.33995,7.9605,-3979.31,0
0.989088,3506.08,1.75648,2.47687,4.65702,-3966.71,0
0.995601,3506.06,1.76007,2.47321,3.28507,-3954.55,0
1.00209,3506.02,1.69968,2.43815,6.36802,-3966.76,0
1.00862,3506.03,1.68826,2.2678,6.877,-3934.2,0
1.01511,3506.02,1.69297,2.2381,4.92243,-3919.78,0
1.02163,3505.98,1.75653,2.3353,3.70144,-3933.7,0
1.02814,3505.94,1.93755,2.23108,4.0936,-3945.09,0
1.03468,3505.86,2.05436,2.20078,6.97497,-3998.57,0
1.04118,3505.84,2.02986,2.24495,6.66769,-3998.2,0
1.0477,3505.8,1.91318,2.2652,10.1355,-4005.98,0
1.05426,3505.8,1.88372,2.3315,5.83839,-3988.39,0
1.06074,3505.76,1.86834,2.36045,5.90302,-3999.08,0
1.06722,3505.74,1.9649,2.25241,2.68458,-3989.3,0
1.0737,3505.73,1.85879,2.17586,6.07256,-3980.7,0
1.08017,3505.71,1.89797,2.25231,3.52688,-3967.78,0
1.08668,3505.69,1.9002,2.20812,6.34414,-3968.41,0
1.09322,3505.68,1.89428,2.11872,4.9476,-3949.51,0
1.09972,3505.66,1.81252,2.08291,3.95424,-3950.74,0
1.10623,3505.51,1.87146,2.12843,3.72486,-4061.87,0
1.11275,3505.52,1.9928,1.88923,3.67969,-4023.68,0
1.1192,3505.5,2.01293,1.79214,5.0925,-4019.94,0
1.12565,3505.36,1.86029,1.62313,0.736849,-4124.76,0
1.13213,3505.27,1.84635,1.66147,6.89913,-4180.19,0
1.13861,3505.21,2.00963,1.61702,8.63484,-4209.65,0
1.14518,3505.14,1.93578,1.54434,2.83505,-4245.61,0
1.15162,3505.05,1.89304,1.74839,8.14362,-4301.04,0
1.15811,3505.07,1.88383,1.68743,3.05096,-4258.48,0
1.16461,3505.05,1.79846,1.88366,0.88448,-4251.71,0
1.17109,3505,1.90227,1.76185,6.28002,-4267.16,0
1.1776,3504.99,1.86413,1.71755,7.18296,-4254.45,0
1.1841,3505.01,1.76737,1.58655,5.18393,-4211.64,0
1.19055,3504.97,1.89528,1.6974,3.23607,-4225.38,0
1.19708,3504.82,1.99538,1.66648,2.71785,-4325.1,0
1.20355,3504.82,2.02262,1.6527,0.864547,-4305.98,0
1.21005,3504.72,1.99559,1.80214,7.80055,-4359.85,0
1.21655,3504.77,2.04617,1.65212,0.860245,-4299.85,0
1.22306,3504.7,2.09209,1.65982,4.5543,-4334.08,0
1.22957,3504.61,1.97219,1.66057,3.84456,-4379.79,0
1.23607,3504.56,2.00148,1.56916,10.3819,-4404.86,0
1.2426,3504.56,1.97708,1.6634,5.14498,-4374.85,0
1.2491,3504.51,2.06761,1.69398,4.65803,-4391.3,0
1.25559,3504.43,2.17042,1.74924,7.3959,-4435.35,0
1.26212,3504.32,2.17634,1.72352,8.0419,-4497.56,0
1.26863,3504.33,2.19852,1.79664,0.472191,-4471.84,0
1.27513,3504.28,2.21226,1.76805,5.53775,-4484.5,0
1.28168,3504.1,2.19668,1.78261,2.47602,-4600.64,0
1.2882,3504.06,2.2506,1.89758,1.56872,-4611.13,0
1.2947,3503.92,2.30963,1.9237,10.3382,-4692.37,0
1.30121,3503.82,2.33795,1.94333,7.80772,-4746.15,0
1.30773,3503.81,2.33454,2.01912,2.40272,-4733.26,0
1.3142,3503.74,2.43493,2.10237,0.910711,-4762.51,0
1.32074,3503.66,2.39028,2.25011,6.27392,-4801.13,0
1.32724,3503.68,2.42863,2.18129,1.02629,-4763.98,0
1.33372,3503.59,2.45177,2.2984,6.18824,-4806.41,0
1.34022,3503.5,2.49668,2.32296,10.5516,-4852.89,0
1.3467,3503.53,2.43788,2.26781,5.14546,-4805.03,0
1.35322,3503.48,2.44696,2.27295,8.45038,-4815.61,0
1.35969,3503.45,2.41517,2.43282,4.5657,-4817.54,0
1.36623,3503.4,2.48422,2.4497,4.28764,-4831.7,0
1.37272,3503.49,2.58038,2.11737,0.979087,-4742.91,0
1.37925,3503.36,2.67165,2.23781,5.6069,-4817.41,0
1.38576,3503.26,2.7095,2.20542,2.52244,-4861.67,0
1.3923,3503.21,2.72066,2.20914,6.6983,-4880.16,0
1.3988,3503.06,2.75447,2.27599,7.44592,-4959.19,0
1.40526,3502.98,2.69512,2.2769,3.96494,-4992.16,0
1.41181,3502.93,2.64516,2.35699,8.63054,-5007.32,0
1.41833,3502.89,2.63795,2.39483,5.47639,-5011.45,0
1.42482,3502.81,2.54818,2.43541,5.56563,-5044.16,0
1.43129,3502.71,2.54779,2.58559,6.97367,-5090.55,0
1.43783,3502.7,2.5559,2.44134,4.70404,-5078.04,0
1.44431,3502.72,2.5105,2.34183,7.71965,-5043.25,0
1.45083,3502.62,2.52978,2.37409,5.08902,-5087.05,0
1.45736,3502.54,2.55243,2.46432,7.66024,-5119.3,0
1.46385,3502.56,2.51207,2.48823,0.992869,-5082,0
1.47037,3502.47,2.49246,2.49161,2.54708,-5123.18,0
1.47688,3502.37,2.3425,2.71155,9.07016,-5166.55,0
1.48343,3502.29,2.38958,2.68409,3.24011,-5196.45,0
1.48991,3502.17,2.54513,2.75277,3.95551,-5257.25,0
1.49637,3501.97,2.57427,2.76014,3.0808,-5366.27,0
1.50285,3501.93,2.52999,2.68203,5.26761,-5367.27,0
1.50935,3501.92,2.53707,2.72461,1.32843,-5352.69,0
1.51585,3501.95,2.4979,2.67632,2.42466,-5311.01,0
1.52239,3501.96,2.32746,2.61313,5.33761,-5280.61,0
1.52886,3501.97,2.3497,2.54654,4.69318,-5251.91,0
1.53534,3501.86,2.38217,2.55398,4.62344,-5302.94,0
1.5418,3501.78,2.43681,2.56745,5.85236,-5333.55,0
1.54829,3501.75,2.40984,2.5109,3.20026,-5329.11,0
1.55484,3501.75,2.22915,2.4175,3.52797,-5304.89,0
1.56138,3501.71,2.22979,2.4516,3.0043,-5309.16,0
1.56789,3501.56,2.21391,2.52645,8.45444,-5383.92,0
1.5744,3501.41,2.24782,2.49203,7.35857,-5456.02,0
1.58094,3501.25,2.22574,2.49079,9.23834,-5535.68,0
1.58743,3501.17,2.21011,2.53997,3.88897,-5560.6,0
1.59395,3501.16,2.09419,2.52823,6.35023,-5546.34,0
1.6005,3501.17,1.99859,2.44585,9.93347,-5514.87,0
1.607,3501.17,1.98698,2.46858,6.00802,-5497.41,0
1.61351,3501.16,1.95547,2.44896,9.35903,-5477.85,0
1.61998,3501.14,1.84738,2.4876,6.38308,-5471.47,0
1.62651,3501.14,1.91508,2.34092,5.2419,-5447.21,0
1.633,3501.1,2.0456,2.27884,4.61631,-5452.87,0
1.63954,3500.87,2.1069,2.28078,12.2713,-5568.5,0
1.64603,3500.94,2.06828,2.12377,1.93087,-5504.6,0
1.65251,3500.85,2.09788,2.13895,10.2424,-5537.72,0
1.65903,3500.8,2.06434,2.1459,8.68378,-5546.37,0
1.66553,3500.68,2.0368,2.07744,8.44854,-5595.8,0
1.67204,3500.64,1.95774,2.03741,9.01868,-5597.23,0
1.67852,3500.54,1.93665,2.0433,4.53166,-5633.52,0
1.68506,3500.58,1.96023,1.89497,4.01027,-5588.85,0
1.69156,3500.49,1.95904,1.90468,7.66227,-5623.54,0
1.69802,3500.47,1.99691,1.81909,5.21749,-5612.28,0
1.70454,3500.31,1.99623,1.78125,5.78972,-5683.43,0
1.71101,3500.32,1.90366,1.79223,6.5595,-5659.4,0
1.71748,3500.34,1.82535,1.82112,8.62863,-5625.62,0
1.72397,3500.18,1.67999,1.91776,10.9429,-5694.69,0
1.7305,3500.13,1.63698,1.80485,8.1824,-5702.55,0
1.73696,3500.16,1.44551,1.83546,10.4193,-5666.07,0
1.74346,3500.11,1.4695,1.71917,8.69424,-5674.84,0
1.74993,3500.12,1.23927,1.68196,0.0584453,-5647.06,0
1.75649,3500.06,1.21704,1.66746,8.30892,-5658.19,0
1.76298,3499.97,1.06844,1.57657,5.19284,-5690.83,0
1.76949,3499.78,1.00148,1.45697,9.45847,-5773.17,0
1.77597,3499.76,0.958499,1.31331,4.02235,-5765.56,0
1.78248,3499.7,0.866153,1.1467,5.46654,-5779.78,0
1.78898,3499.62,0.720734,0.970799,1.08652,-5804.61,0
1.79221,3499.58,0.681732,0.842297,9.04259,-5815.72,0
