0.00652652,3509.99,-4.26784,-2.2136,0.969949,-1719.97,0
0.0130294,3509.95,-4.19528,-2.1984,2.7693,-4140.5,0
0.019497,3509.88,-4.07799,-2.17029,6.54366,-6152.81,0
0.0259867,3509.85,-4.00794,-2.17702,4.80865,-5801.51,0
0.0324731,3509.82,-3.98998,-2.09315,5.68421,-5487.38,0
0.0389751,3509.85,-4.12955,-2.11062,0.573284,-3974.63,0
0.0454832,3509.79,-4.10335,-2.14043,3.078,-4669.42,0
0.0520232,3509.74,-4.01359,-2.30768,5.28125,-4959.5,0
0.0585718,3509.72,-4.03935,-2.39449,5.08366,-4832.14,0
0.0650749,3509.76,-3.93344,-2.57402,0.976276,-3629.41,0
0.0715975,3509.73,-3.78125,-2.49603,5.39112,-3795.46,0
0.0780932,3509.69,-3.9005,-2.3669,6.04398,-3923.22,0
0.0846066,3509.66,-3.92783,-2.44922,5.17482,-4007.41,0
0.0911239,3509.62,-3.87142,-2.4999,5.67479,-4166.02,0
0.0976859,3509.62,-3.84005,-2.46934,3.93235,-3841.61,0
0.10419,3509.65,-3.7551,-2.55319,2.37904,-3388.72,0
0.110709,3509.5,-3.83756,-2.60773,7.8512,-4518.84,0
0.11719,3509.47,-3.94958,-2.52975,4.03287,-4513.86,0
0.123654,3509.41,-3.96148,-2.54087,5.35988,-4742.25,0
0.130181,3509.38,-4.1311,-2.46647,4.80522,-4738.57,0
0.13668,3509.33,-4.18344,-2.49639,4.60572,-4884.87,0
0.143166,3509.31,-4.42948,-2.52878,0.674771,-4848.4,0
0.14973,3509.24,-4.44069,-2.65527,3.44522,-5104.85,0
0.156259,3509.17,-4.40911,-2.6729,5.21273,-5315.89,0
0.162778,3509.1,-4.64007,-2.63655,2.94009,-5506.67,0
0.169255,3509.06,-4.54672,-2.62667,5.22936,-5527.71,0
0.175737,3509.1,-4.42225,-2.70397,2.42922,-5104.02,0
0.182277,3509.09,-4.29,-2.66225,3.90557,-4974.9,0
0.188792,3509.11,-4.12111,-2.71341,4.33906,-4721.1,0
0.195302,3509.11,-4.17505,-2.58272,2.62568,-4554.82,0
0.201787,3509.01,-4.21713,-2.68519,6.73804,-4926.37,0
0.208295,3509.04,-4.20857,-2.74422,2.90168,-4591.36,0
0.214857,3508.99,-4.12109,-2.75339,6.22452,-4719.78,0
0.221384,3509,-4.12401,-2.72133,3.81626,-4498.66,0
0.227909,3508.97,-4.21375,-2.59415,5.39715,-4514.87,0
0.234429,3509.02,-4.11675,-2.66291,1.86827,-4172.29,0
0.240875,3508.97,-4.09857,-2.76942,4.37596,-4285.01,0
0.247378,3509,-4.14614,-2.75947,0.836494,-4057.84,0
0.253859,3508.96,-3.9932,-2.91194,3.06056,-4078.96,0
0.260378,3508.84,-4.17736,-2.84395,6.85639,-4442.68,0
0.266904,3508.84,-4.22234,-2.84949,2.6038,-4350.06,0
0.273418,3508.82,-4.2027,-2.81378,4.16333,-4323.62,0
0.27993,3508.82,-4.25205,-2.75264,2.14122,-4226.76,0
0.286442,3508.8,-4.13423,-2.87778,2.55613,-4177.9,0
0.292983,3508.8,-4.08935,-2.90921,0.602056,-4078.84,0
0.299463,3508.74,-4.26288,-2.8728,2.57383,-4221,0
0.305965,3508.72,-4.25192,-2.96479,2.38057,-4186.62,0
0.312488,3508.65,-4.2719,-2.95494,6.08902,-4321.85,0
0.318898,3508.66,-4.1869,-2.98105,3.91862,-4202.51,0
0.325376,3508.64,-4.37271,-3.01404,1.80503,-4192.34,0
0.331854,3508.49,-4.38281,-3.09858,7.75284,-4535.96,0
0.338317,3508.47,-4.41206,-3.17144,4.58773,-4522.83,0
0.344773,3508.44,-4.45694,-3.35508,2.90598,-4518.98,0
0.351317,3508.31,-4.53737,-3.36377,8.87282,-4822.72,0
0.357792,3508.33,-4.66456,-3.40954,2.22769,-4671.22,0
0.364318,3508.29,-4.81323,-3.24701,3.9738,-4704.13,0
0.370835,3508.32,-4.73845,-3.18142,2.23526,-4528.22,0
0.377343,3508.32,-4.58852,-3.2259,4.04914,-4451.92,0
0.383847,3508.33,-4.51826,-3.092,4.9339,-4348.05,0
0.390369,3508.26,-4.56116,-3.04755,5.28556,-4466.27,0
0.396878,3508.32,-4.5194,-3.01081,0.481045,-4238,0
0.403389,3508.24,-4.53881,-2.99856,5.08232,-4363.88,0
0.409871,3508.29,-4.43865,-3.04197,1.4424,-4182.28,0
0.416374,3508.23,-4.48573,-3.16666,1.5672,-4244.06,0
0.422927,3508.15,-4.41779,-3.1197,7.64089,-4368.63,0
0.429407,3508.23,-4.3466,-3.04007,3.44853,-4130.81,0
0.435871,3508.19,-4.19366,-3.0653,6.07459,-4145.32,0
0.442358,3508.18,-4.3003,-3.05556,4.12512,-4124.06,0
0.448878,3508.23,-4.18226,-3.11905,0.981173,-3944.59,0
0.455414,3508.13,-4.0446,-3.19555,4.60113,-4108.36,0
0.461938,3508.21,-3.98848,-2.94221,2.08213,-3866.23,0
0.468423,3508.18,-4.02042,-2.85242,4.22997,-3874.78,0
0.474902,3508.19,-4.04065,-2.95624,1.40139,-3803.6,0
0.481413,3508.08,-4.20043,-3.12912,2.73965,-3982.3,0
0.487963,3507.94,-4.34269,-3.01081,7.14501,-4218.91,0
0.494459,3507.98,-4.30529,-2.96788,3.44237,-4080.19,0
0.500984,3508.01,-4.25614,-3.01261,1.18175,-3977.86,0
0.507502,3507.92,-4.20791,-3.04192,4.5703,-4093.01,0
0.514,3507.87,-4.14791,-3.01439,6.44214,-4140.3,0
0.520468,3507.84,-4.11098,-3.03219,3.29551,-4156.35,0
0.526969,3507.77,-4.14693,-3.02008,6.1915,-4232.8,0
0.533551,3507.71,-4.09353,-2.91924,7.80805,-4292.8,0
0.540019,3507.67,-4.16245,-2.84749,6.60949,-4309.42,0
0.546504,3507.71,-4.2758,-2.74566,2.29161,-4195.11,0
0.553022,3507.69,-4.34443,-2.81708,0.828855,-4178.75,0
0.559542,3507.67,-4.37123,-2.73928,2.03408,-4168.01,0
0.566068,3507.62,-4.29436,-2.70613,6.00828,-4212.53,0
0.572572,3507.66,-4.237,-2.43412,6.21399,-4094.42,0
0.579014,3507.65,-4.20704,-2.40657,5.30574,-4059.84,0
0.585551,3507.73,-4.17508,-2.2468,0.633439,-3883.06,0
0.592008,3507.68,-4.27722,-2.24303,1.17211,-3926.57,0
0.598521,3507.68,-4.11713,-2.19697,3.74257,-3874.98,0
0.605013,3507.65,-4.25741,-2.19714,2.03456,-3892.2,0
0.611508,3507.6,-4.1599,-2.16167,5.67204,-3918.54,0
0.618032,3507.64,-4.22951,-2.05391,0.830722,-3810.89,0
0.624562,3507.58,-4.2334,-2.20342,3.9773,-3879.76,0
0.631074,3507.56,-4.29353,-2.32583,1.71725,-3862.3,0
0.637564,3507.58,-4.18887,-2.39946,0.953414,-3789.32,0
0.644097,3507.55,-4.15341,-2.52532,0.842402,-3801.66,0
0.650613,3507.51,-4.24117,-2.40458,1.90312,-3824.13,0
0.657128,3507.43,-4.24233,-2.40464,6.7049,-3911.18,0
0.663663,3507.46,-4.23882,-2.30619,1.57975,-3820.11,0
0.670178,3507.36,-4.36989,-2.22302,5.30017,-3936.33,0
0.676719,3507.4,-4.22914,-2.30407,3.99966,-3848.49,0
0.683251,3507.29,-4.27928,-2.33449,7.83565,-3965.57,0
0.689782,3507.25,-4.28439,-2.39092,6.11137,-3982.01,0
0.696331,3507.32,-4.2637,-2.34765,0.0911729,-3853.8,0
0.70285,3507.18,-4.3225,-2.56014,5.57003,-4005.45,0
0.709338,3507.13,-4.40247,-2.63352,6.03976,-4049.17,0
0.715859,3507.06,-4.49534,-2.79765,5.68672,-4108.84,0
0.72239,3506.99,-4.484,-2.89068,5.44508,-4165.16,0
0.728907,3506.98,-4.42309,-2.94558,5.05368,-4140.16,0
0.735426,3507.03,-4.34205,-2.9217,2.13044,-4037,0
0.74194,3506.92,-4.33731,-2.97242,5.27016,-4155.56,0
0.748454,3506.81,-4.58163,-2.96383,6.081,-4267.01,0
0.754927,3506.81,-4.60978,-3.06301,0.503651,-4219.5,0
0.761374,3506.74,-4.56473,-3.14026,4.73202,-4285.33,0
0.76789,3506.74,-4.50278,-3.09507,4.65005,-4251.17,0
0.774433,3506.74,-4.52716,-3.13336,2.25798,-4215.97,0
0.780909,3506.7,-4.53159,-3.01658,3.24728,-4225.03,0
0.787368,3506.66,-4.54488,-3.04763,4.54151,-4246.46,0
0.793865,3506.61,-4.68658,-3.10573,3.45759,-4276.04,0
0.800394,3506.54,-4.57926,-3.17533,5.63396,-4317.28,0
0.806918,3506.53,-4.5763,-3.20934,4.0252,-4299.97,0
0.813413,3506.54,-4.53628,-3.15604,3.21607,-4249.06,0
0.819934,3506.5,-4.58152,-3.23902,2.80277,-4265.92,0
0.826463,3506.42,-4.81591,-3.11905,4.12592,-4330.37,0
0.833006,3506.35,-4.78814,-3.15661,6.96625,-4385.41,0
0.839522,3506.32,-4.72774,-3.03151,8.28818,-4381.29,0
0.846039,3506.31,-4.67718,-3.14138,5.6272,-4357.5,0
0.85259,3506.35,-4.58801,-3.04366,5.22009,-4284.47,0
0.859095,3506.27,-4.80288,-3.06956,3.77895,-4337.5,0
0.865664,3506.23,-4.90422,-3.11003,3.42501,-4357.67,0
0.872245,3506.25,-4.94022,-2.96305,2.4993,-4297.22,0
0.878743,3506.22,-4.88772,-2.94062,5.2331,-4306.57,0
0.885305,3506.23,-4.89605,-3.04439,1.54165,-4262.19,0
0.89186,3506.07,-5.15634,-3.13186,4.16454,-4404.51,0
0.898364,3506.01,-5.12205,-3.12785,6.54256,-4436.61,0
0.904879,3506,-5.17314,-3.15195,3.73641,-4419.5,0
0.911387,3506.06,-5.10627,-3.01744,2.68313,-4321.27,0
0.917892,3506.01,-5.25962,-2.9049,3.46165,-4347.24,0
0.924425,3506,-5.26336,-2.87657,3.59479,-4324.54,0
0.93097,3506.02,-5.17667,-3.00901,1.49764,-4271.75,0
0.93744,3506.02,-5.05821,-2.90259,5.84053,-4247.85,0
0.943932,3506,-5.0722,-2.95293,1.32154,-4233.55,0
0.950422,3505.96,-5.02911,-2.96882,4.6348,-4248.64,0
0.956971,3505.94,-5.04341,-3.0295,3.30864,-4244.72,0
0.96348,3505.9,-5.10549,-3.09926,1.55233,-4250.43,0
0.970028,3505.9,-5.02867,-3.0719,3.74365,-4229.9,0
0.976563,3505.87,-5.01144,-2.98377,3.98756,-4224.02,0
0.983058,3505.88,-5.12585,-2.88121,1.11774,-4193.49,0
0.989571,3505.89,-4.89168,-2.95939,5.39924,-4154.49,0
0.99608,3505.75,-5.1648,-3.09861,5.05077,-4267.9,0
1.00255,3505.74,-5.26824,-3.09074,1.74604,-4250.48,0
1.00903,3505.73,-5.05903,-3.20505,5.48077,-4230,0
1.01553,3505.68,-5.11952,-3.2086,6.13984,-4258.82,0
1.02202,3505.7,-5.13329,-3.08038,4.7354,-4205.52,0
1.02855,3505.66,-5.12285,-3.06355,6.15988,-4215.83,0
1.03508,3505.69,-5.12394,-3.12929,1.41641,-4167.56,0
1.04157,3505.68,-5.12497,-3.00923,2.3786,-4147.35,0
1.04808,3505.57,-5.15586,-2.99466,8.62891,-4230.57,0
1.05465,3505.51,-5.09654,-3.01768,8.15725,-4253.33,0
1.06115,3505.59,-5.0413,-2.99044,2.3917,-4155.73,0
1.06768,3505.53,-5.04813,-3.05705,5.14745,-4188.87,0
1.07416,3505.62,-4.82008,-3.06092,3.50144,-4073.04,0
1.08066,3505.55,-4.95327,-3.12279,3.79707,-4118.72,0
1.0872,3505.55,-4.89494,-3.11739,4.39606,-4095.21,0
1.09369,3505.59,-4.8729,-2.96429,4.02573,-4033.8,0
1.10022,3505.55,-4.94455,-2.94717,2.63444,-4042.86,0
1.10672,3505.59,-4.82953,-2.89899,3.27045,-3984.94,0
1.11328,3505.73,-4.56192,-2.79428,1.30722,-3837.04,0
1.11981,3505.72,-4.54743,-2.77141,2.12664,-3820.98,0
1.12627,3505.71,-4.65085,-2.6875,0.888667,-3809.47,0
1.13279,3505.6,-4.71922,-2.78969,4.75707,-3885.35,0
1.13925,3505.58,-4.69896,-2.80649,3.77587,-3877.53,0
1.14572,3505.68,-4.44062,-2.8097,2.84656,-3771.77,0
1.15225,3505.65,-4.31326,-2.77303,7.48022,-3778.77,0
1.15871,3505.73,-4.20147,-2.6644,4.15926,-3688.19,0
1.16524,3505.63,-4.41889,-2.64433,5.12419,-3749.71,0
1.17175,3505.61,-4.52371,-2.56592,2.6421,-3744.96,0
1.17825,3505.58,-4.45117,-2.57416,5.4231,-3753.05,0
1.18478,3505.56,-4.40155,-2.51549,5.90379,-3746.54,0
1.19126,3505.51,-4.14255,-2.54935,2.22454,-3766.99,0
1.19773,3505.48,-4.1894,-2.54188,2.80664,-3771.85,0
1.20423,3505.43,-4.32768,-2.46934,1.85091,-3796.07,0
1.2107,3505.33,-4.26639,-2.52091,8.19096,-3860.53,0
1.21718,3505.27,-4.31918,-2.60969,7.12485,-3886.9,0
1.22368,3505.2,-4.33402,-2.60913,7.31538,-3919.76,0
1.23022,3505.18,-4.38898,-2.65906,4.19695,-3920.87,0
1.23671,3505.18,-4.29325,-2.6237,7.45463,-3900.3,0
1.24323,3505.14,-4.38562,-2.67121,3.21963,-3911.97,0
1.24974,3505.12,-4.37598,-2.59179,4.96695,-3903.48,0
1.25622,3505.09,-4.48318,-2.54941,3.94988,-3909.85,0
1.26274,3505,-4.6357,-2.58788,4.79915,-3958.91,0
1.26928,3504.96,-4.67955,-2.65246,4.44221,-3973.07,0
1.27579,3504.97,-4.53188,-2.62363,7.26784,-3939.39,0
1.2823,3505.06,-4.43655,-2.48529,2.11868,-3855.52,0
1.28883,3505.07,-4.36176,-2.33947,5.18966,-3826.19,0
1.29534,3505.02,-4.43633,-2.4578,0.582444,-3843.47,0
1.30186,3505,-4.30919,-2.59468,3.89771,-3842.39,0
1.30832,3504.98,-4.28829,-2.58312,2.87957,-3838.58,0
1.31486,3504.96,-4.41291,-2.48159,1.04625,-3836.11,0
1.32137,3504.97,-4.36011,-2.33406,3.88012,-3806.85,0
1.32791,3504.94,-4.44804,-2.29735,3.01981,-3807.56,0
1.33444,3504.93,-4.36092,-2.30471,4.83187,-3796.93,0
1.34095,3504.76,-4.33691,-2.31605,6.27362,-3905.39,0
1.34751,3504.72,-4.40738,-2.40122,3.43023,-3915.43,0
1.354,3504.67,-4.47211,-2.20988,6.67328,-3938.34,0
1.36047,3504.66,-4.54823,-2.26391,1.36882,-3923.19,0
1.36694,3504.55,-4.64151,-2.29344,6.3544,-3987.01,0
1.37344,3504.55,-4.55916,-2.30883,7.13794,-3969,0
1.37993,3504.57,-4.52491,-2.28814,5.25472,-3933.32,0
1.38646,3504.6,-4.49842,-2.23286,3.76009,-3898.28,0
1.39299,3504.56,-4.49189,-2.29307,3.28949,-3907.51,0
1.39955,3504.55,-4.43371,-2.36464,4.21315,-3897.67,0
1.40602,3504.49,-4.46793,-2.32438,4.93486,-3918.47,0
1.41247,3504.56,-4.44243,-2.14578,2.64668,-3854.55,0
1.41901,3504.46,-4.46846,-2.22033,2.4955,-3902.95,0
1.42551,3504.44,-4.3978,-2.28437,5.33199,-3900.74,0
1.43202,3504.45,-4.27579,-2.29453,6.50327,-3875.21,0
1.43856,3504.48,-4.20929,-2.43604,1.06262,-3834.39,0
1.44514,3504.43,-4.20984,-2.48528,4.32059,-3856.99,0
1.45169,3504.44,-4.17382,-2.46319,4.73404,-3833.05,0
1.45818,3504.42,-4.13146,-2.50822,5.36345,-3827.74,0
1.46465,3504.36,-4.17781,-2.47981,6.95763,-3849.26,0
1.47118,3504.33,-4.26631,-2.44421,5.61095,-3853.76,0
1.47767,3504.29,-4.21184,-2.44451,7.58314,-3861.03,0
1.48416,3504.29,-4.13307,-2.4367,5.26668,-3845.38,0
1.49067,3504.28,-4.18153,-2.43035,3.08573,-3834.11,0
1.49722,3504.23,-4.21612,-2.44363,4.60733,-3852.36,0
1.50371,3504.24,-4.12654,-2.461,5.70547,-3831.42,0
1.51021,3504.21,-4.07939,-2.45137,6.28127,-3833.31,0
1.51674,3504.13,-4.1216,-2.41411,7.55508,-3867.62,0
1.52329,3504.12,-4.03668,-2.65435,4.766,-3862.42,0
1.52979,3504.04,-4.08156,-2.59456,6.41078,-3896.42,0
1.53626,3504.09,-3.99846,-2.56897,4.04849,-3848.9,0
1.54273,3504.03,-4.02351,-2.5444,4.50871,-3870.82,0
1.54923,3504.06,-3.89173,-2.5879,4.9934,-3835.77,0
1.55574,3503.96,-3.9917,-2.6933,4.77061,-3879.81,0
1.56223,3503.98,-3.96673,-2.75244,1.57456,-3856.3,0
1.56874,3504,-3.74931,-2.74687,6.46555,-3822.89,0
1.57525,3504,-3.73246,-2.70011,4.51191,-3811.32,0
1.58176,3504.02,-3.64267,-2.75834,2.52485,-3778.07,0
1.58824,3503.98,-3.57374,-2.67004,7.68873,-3789.69,0
1.59473,3503.95,-3.59452,-2.61507,7.00528,-3795.04,0
1.60125,3503.96,-3.49163,-2.61037,6.60219,-3772.28,0
1.60776,3503.87,-3.54402,-2.60482,10.2063,-3810.12,0
1.6142,3503.88,-3.48904,-2.6803,5.74757,-3789.94,0
1.6207,3503.86,-3.44622,-2.69491,6.3595,-3790.76,0
1.62724,3503.84,-3.52635,-2.6568,4.41348,-3784.45,0
1.63371,3503.82,-3.4263,-2.63593,7.965,-3783.29,0
1.6402,3503.87,-3.37672,-2.64134,1.93273,-3734.55,0
1.64673,3503.73,-3.41733,-2.63139,1.57059,-3805.37,0
1.65323,3503.73,-3.42505,-2.48096,5.33244,-3795.16,0
1.65975,3503.67,-3.46316,-2.53193,2.87079,-3812.63,0
1.66626,3503.61,-3.39096,-2.47637,1.37929,-3834.03,0
1.67279,3503.65,-3.21431,-2.44995,3.51129,-3795.47,0
1.67927,3503.69,-2.94852,-2.59549,5.8661,-3760.19,0
1.6858,3503.62,-2.89602,-2.59707,2.78044,-3785.04,0
1.69228,3503.56,-2.94569,-2.47494,10.2227,-3806.97,0
1.69883,3503.54,-2.84133,-2.47138,8.42433,-3801.72,0
1.70533,3503.5,-2.75336,-2.4755,12.3991,-3808.84,0
1.71183,3503.39,-2.79107,-2.56477,7.65552,-3863.37,0
1.71835,3503.46,-2.70438,-2.43617,6.93696,-3806.74,0
1.72482,3503.42,-2.68836,-2.39449,9.04355,-3813.68,0
1.73132,3503.39,-2.62131,-2.43151,6.56831,-3817.52,0
1.73784,3503.39,-2.56645,-2.49517,2.65707,-3805.99,0
1.74434,3503.35,-2.37742,-2.46326,4.24275,-3813.35,0
1.75087,3503.29,-2.44545,-2.43858,8.47851,-3831.51,0
1.75742,3503.23,-2.45233,-2.39412,2.93074,-3853.83,0
1.76392,3503.21,-2.39717,-2.39145,5.03023,-3848.2,0
1.77046,3503.26,-2.20556,-2.36666,7.14767,-3807.48,0
1.77702,3503.22,-2.17662,-2.32365,9.59074,-3812.85,0
1.78352,3503.11,-2.08732,-2.24641,8.71381,-3861.29,0
1.79005,3503.02,-1.90307,-2.21244,8.24582,-3898.7,0
1.79659,3503.03,-1.97093,-2.08798,7.00504,-3880.96,0
1.80313,3503,-1.98558,-2.09965,6.60465,-3880.28,0
1.80967,3502.94,-1.95649,-2.07233,6.4365,-3900.57,0
1.81617,3502.83,-1.93068,-2.18829,2.95468,-3946.57,0
1.82266,3502.86,-1.92285,-2.09434,4.51702,-3918.18,0
1.8292,3502.84,-1.89928,-2.09721,2.87657,-3915.1,0
1.83573,3502.69,-1.86768,-2.13018,10.5356,-3982.17,0
1.84224,3502.6,-1.74231,-2.15806,6.97079,-4015.96,0
1.84876,3502.59,-1.58182,-2.08675,7.88014,-4005.57,0
1.85527,3502.59,-1.50411,-1.87104,6.28653,-3996.01,0
1.86175,3502.49,-1.48282,-1.9342,7.43626,-4035.06,0
1.86828,3502.48,-1.46237,-1.91586,8.37565,-4024.79,0
1.87473,3502.46,-1.29367,-1.96264,0.513268,-4020.74,0
1.88123,3502.31,-1.35363,-1.95037,4.66405,-4085.82,0
1.88775,3502.29,-1.46059,-1.88784,6.09531,-4083.94,0
1.89427,3502.21,-1.33171,-1.89251,7.34082,-4113.09,0
1.9008,3502.16,-1.22744,-1.85103,3.06064,-4122.43,0
1.90732,3502.15,-1.22113,-1.77249,1.8102,-4115.98,0
1.91384,3502.05,-1.28812,-1.75996,6.23986,-4151.6,0
1.92035,3502.05,-1.19959,-1.78195,8.54474,-4140.02,0
1.92683,3501.98,-1.20548,-1.78398,7.65822,-4160.22,0
1.93329,3501.92,-1.25388,-1.77172,1.87789,-4176.84,0
1.9398,3501.91,-1.3091,-1.69768,6.53153,-4169.81,0
1.94631,3501.77,-1.25685,-1.5887,5.19281,-4230.43,0
1.95281,3501.72,-1.10516,-1.441,9.6671,-4239.17,0
1.95929,3501.75,-1.08432,-1.19986,3.33478,-4209.4,0
1.96582,3501.76,-0.964618,-1.11416,5.79474,-4193.05,0
1.97234,3501.6,-0.928585,-1.05365,7.91193,-4259.21,0
1.97888,3501.48,-0.836615,-1.01815,8.67085,-4303.62,0
1.98541,3501.34,-0.725649,-0.911672,3.70587,-4363.23,0
1.99191,3501.25,-0.541236,-0.843191,6.11263,-4392.57,0
1.99842,3501.05,-0.562417,-0.865566,9.62374,-4476.82,0
2.0049,3500.85,-0.51413,-0.790023,8.27073,-4563.86,1
2.00954,3500.67,-0.494817,-0.550236,10.6275,-4641.19,3
