0.00652923,3509.82,-4.92308,-3.60411,8.27962,-27721.7,0
0.013027,3509.81,-4.98862,-3.56857,4.56404,-14578.8,0
0.0195496,3509.85,-4.99968,-3.4837,1.81949,-7578.39,0
0.0260697,3509.81,-5.08444,-3.49979,2.84977,-7423.47,0
0.0326091,3509.77,-5.11178,-3.39877,3.14159,-7016.74,0
0.0390991,3509.75,-5.02404,-3.42102,4.84106,-6278.35,0
0.045596,3509.73,-5.04656,-3.49592,2.58705,-5848.28,0
0.0521805,3509.72,-4.87542,-3.63778,3.52809,-5375.92,0
0.0586555,3509.64,-4.87252,-3.60066,6.63503,-6156.94,0
0.0651632,3509.71,-4.79969,-3.56791,1.22682,-4429.55,0
0.0716697,3509.63,-4.82847,-3.50933,6.0826,-5108.95,0
0.0782178,3509.61,-4.8225,-3.5646,4.32885,-4975.27,0
0.0847072,3509.52,-4.84171,-3.67567,7.73652,-5692.48,0
0.0912549,3509.48,-4.82585,-3.65676,6.41752,-5752.21,0
0.0977357,3509.48,-4.82544,-3.6127,4.79617,-5316.92,0
0.104212,3509.4,-4.8637,-3.53652,7.91314,-5762.99,0
0.110757,3509.42,-4.80135,-3.50563,5.4628,-5237.94,0
0.117282,3509.41,-4.85983,-3.54114,4.30504,-5059.58,0
0.123757,3509.4,-4.84918,-3.54556,3.84084,-4878.42,0
0.130257,3509.39,-4.7714,-3.58033,4.62126,-4704.94,0
0.136801,3509.4,-4.73695,-3.61582,0.63246,-4376.6,0
0.143272,3509.39,-4.7337,-3.56943,1.69613,-4252.83,0
0.149781,3509.31,-4.72804,-3.58699,6.55593,-4594.99,0
0.156284,3509.28,-4.70501,-3.58424,4.36685,-4625.62,0
0.162818,3509.23,-4.71657,-3.62374,5.18372,-4741.43,0
0.169367,3509.24,-4.63945,-3.73168,2.37984,-4463.51,0
0.175868,3509.24,-4.63837,-3.62812,3.50009,-4348.1,0
0.182318,3509.19,-4.67032,-3.72576,4.51996,-4451.23,0
0.188794,3509.21,-4.63794,-3.76602,1.56349,-4174.17,0
0.195295,3509.23,-4.68381,-3.55036,1.5157,-3957.81,0
0.201837,3509.18,-4.65042,-3.55295,3.49106,-4084.42,0
0.208349,3509.17,-4.64617,-3.40157,5.10125,-3981.83,0
0.214901,3509.19,-4.55239,-3.41828,1.30771,-3752.5,0
0.221396,3509.13,-4.70041,-3.40253,1.7129,-3921.04,0
0.227916,3509.09,-4.70486,-3.37293,4.06182,-3975.37,0
0.234426,3509.06,-4.84128,-3.27785,3.44316,-4014.84,0
0.240897,3509.02,-4.78992,-3.30647,5.29229,-4073.43,0
0.247358,3509,-4.72248,-3.33522,5.06857,-4050.85,0
0.253834,3508.99,-4.69351,-3.58931,2.19049,-3995.52,0
0.260324,3508.95,-4.72272,-3.56285,4.19899,-4050.06,0
0.266817,3508.89,-4.8055,-3.45844,7.05908,-4156.98,0
0.2733,3508.92,-4.78394,-3.38227,3.36761,-3945.98,0
0.27981,3508.89,-4.83256,-3.33621,3.73202,-3980.46,0
0.286265,3508.79,-4.9096,-3.32407,7.69066,-4237.4,0
0.292768,3508.78,-4.86307,-3.28581,5.41197,-4176.07,0
0.299295,3508.77,-4.92186,-3.24172,2.7018,-4111.76,0
0.30576,3508.71,-4.93093,-3.3282,4.33433,-4231.52,0
0.312295,3508.73,-4.87313,-3.36757,2.16639,-4069.12,0
0.318815,3508.72,-4.69194,-3.48454,3.42765,-4000.62,0
0.325331,3508.77,-4.60589,-3.42496,1.54412,-3765.86,0
0.331791,3508.7,-4.60063,-3.38124,5.13546,-3916.18,0
0.338326,3508.78,-4.46669,-3.20326,3.45047,-3616.68,0
0.344837,3508.77,-4.34439,-3.24023,4.77001,-3577.62,0
0.35133,3508.72,-4.48517,-3.12622,6.54119,-3655.5,0
0.357808,3508.71,-4.48938,-3.17212,4.44252,-3598.18,0
0.364323,3508.72,-4.41732,-3.26925,2.96257,-3524.34,0
0.370826,3508.71,-4.31834,-3.34239,4.07039,-3486.92,0
0.37734,3508.71,-4.26725,-3.26017,3.56028,-3406.1,0
0.383844,3508.69,-4.31724,-3.23676,3.03018,-3405.27,0
0.390381,3508.67,-4.30416,-3.15187,5.38142,-3404.5,0
0.396894,3508.71,-4.25784,-3.12113,2.26594,-3248.08,0
0.40342,3508.71,-4.23615,-3.15083,1.86934,-3200.44,0
0.409912,3508.64,-4.2863,-3.01216,6.37758,-3314.73,0
0.416409,3508.68,-4.17619,-2.98844,3.43179,-3171.18,0
0.422933,3508.61,-4.13174,-3.04536,7.61522,-3283.52,0
0.429471,3508.64,-4.04824,-3.19716,1.20504,-3166.39,0
0.435959,3508.59,-4.06732,-3.33139,1.99311,-3223.46,0
0.442453,3508.56,-4.15301,-3.38041,1.81305,-3263.77,0
0.448944,3508.52,-4.12795,-3.28825,4.14155,-3286.62,0
0.455498,3508.58,-3.90308,-3.16699,4.96539,-3123.71,0
0.462054,3508.55,-4.07019,-3.10016,3.33566,-3137.07,0
0.468586,3508.54,-4.0487,-2.91256,5.52095,-3110.27,0
0.475115,3508.52,-4.03971,-2.95449,4.78426,-3110.49,0
0.481623,3508.58,-4.00624,-2.82577,1.73681,-2948.71,0
0.488107,3508.56,-3.93842,-2.81787,3.89339,-2944.37,0
0.494619,3508.53,-4.06334,-2.6492,4.45834,-2962.23,0
0.501085,3508.54,-3.98926,-2.75084,2.41137,-2914.03,0
0.507605,3508.52,-3.9736,-2.7025,3.00104,-2919.76,0
0.51415,3508.52,-3.78411,-2.6004,6.25311,-2869.51,0
0.520637,3508.56,-3.81241,-2.64289,0.110118,-2760.83,0
0.527214,3508.44,-4.03133,-2.93275,2.035,-2956.34,0
0.533698,3508.36,-4.06252,-2.97241,4.28914,-3065.7,0
0.5402,3508.28,-4.07718,-2.98693,6.63554,-3186.3,0
0.546748,3508.32,-4.09218,-2.97983,2.11159,-3075.64,0
0.553258,3508.24,-4.14901,-2.94033,5.8079,-3179.01,0
0.559782,3508.17,-4.19428,-2.78123,9.25825,-3268.36,0
0.566309,3508.14,-4.18629,-2.78466,7.48493,-3278.2,0
0.572833,3508.09,-4.14539,-2.73011,7.44805,-3333.56,0
0.579313,3508.02,-4.1795,-2.70525,6.05077,-3411.21,0
0.585846,3508.04,-4.25873,-2.62152,1.91505,-3345.79,0
0.59236,3508.02,-4.11919,-2.84552,2.88987,-3341.09,0
0.598805,3507.99,-4.1012,-2.93967,2.9118,-3358.53,0
0.605343,3508.03,-3.9267,-2.86587,3.58929,-3259.23,0
0.611873,3507.99,-3.90475,-2.89669,4.97412,-3290.88,0
0.618393,3508.02,-3.82196,-2.87841,2.82531,-3197.91,0
0.62489,3508.01,-3.85607,-2.69461,3.36226,-3178.31,0
0.631426,3507.94,-3.84174,-2.64584,7.84675,-3257.67,0
0.637892,3507.97,-3.94681,-2.69768,0.908123,-3184.24,0
0.644437,3507.95,-3.86072,-2.59298,2.69887,-3181.85,0
0.650976,3507.92,-3.95621,-2.48782,4.34938,-3199.12,0
0.657477,3507.93,-3.91007,-2.40248,2.48318,-3155.95,0
0.663964,3507.97,-3.88889,-2.22483,0.154299,-3050.11,0
0.670473,3507.98,-3.72383,-2.34576,1.61284,-3019.84,0
0.676944,3507.93,-3.82105,-2.2948,2.86823,-3063.14,0
0.683419,3507.87,-3.76251,-2.33999,6.15255,-3119.75,0
0.689935,3507.82,-3.82321,-2.31775,7.56759,-3164.69,0
0.696457,3507.8,-3.8817,-2.27638,3.86819,-3165.59,0
0.702988,3507.83,-3.73307,-2.37243,1.7549,-3091.06,0
0.709484,3507.77,-3.77144,-2.42405,4.81605,-3141.96,0
0.715985,3507.82,-3.67254,-2.26514,3.16175,-3039.84,0
0.722483,3507.82,-3.65472,-2.16708,1.82246,-3012.44,0
0.728965,3507.76,-3.7175,-2.22027,3.87136,-3068.56,0
0.735429,3507.74,-3.69164,-2.3723,2.62829,-3068.49,0
0.741929,3507.65,-3.86946,-2.56288,3.77741,-3167.99,0
0.748495,3507.66,-3.75562,-2.55205,3.21155,-3121.34,0
0.755031,3507.66,-3.54762,-2.45054,6.80787,-3094.16,0
0.76156,3507.69,-3.50629,-2.51921,1.53113,-3033.59,0
0.768071,3507.64,-3.59118,-2.59196,1.36302,-3077.29,0
0.774636,3507.48,-3.74935,-2.66913,6.96362,-3258.25,0
0.781136,3507.53,-3.72017,-2.55516,2.80454,-3164.19,0
0.787654,3507.53,-3.63171,-2.53316,4.19769,-3135.66,0
0.794124,3507.54,-3.61452,-2.51383,3.06567,-3103.22,0
0.800601,3507.46,-3.66225,-2.56205,6.70222,-3170.24,0
0.807073,3507.46,-3.63239,-2.5106,5.32912,-3148.44,0
0.813545,3507.49,-3.56032,-2.39541,1.874,-3086.75,0
0.820069,3507.4,-3.59799,-2.36016,6.34356,-3165.36,0
0.826596,3507.34,-3.54105,-2.30077,9.28936,-3219.24,0
0.833159,3507.36,-3.50597,-2.2623,5.17899,-3162.83,0
0.839649,3507.37,-3.41529,-2.29013,3.0844,-3136.63,0
0.846212,3507.39,-3.36496,-2.1505,1.96501,-3079.7,0
0.85274,3507.36,-3.42577,-2.20918,2.70495,-3099.59,0
0.859215,3507.27,-3.44475,-2.3333,7.634,-3179.07,0
0.86573,3507.23,-3.42888,-2.37236,5.9207,-3194.02,0
0.872244,3507.19,-3.37078,-2.34108,7.39239,-3220.01,0
0.878752,3507.19,-3.36112,-2.48032,2.63237,-3196.54,0
0.885246,3507.07,-3.66601,-2.74144,2.39845,-3313.11,0
0.891741,3507.03,-3.65832,-2.87679,2.36815,-3327.02,0
0.898278,3507.01,-3.59118,-2.94499,2.8814,-3328.91,0
0.904787,3506.91,-3.57523,-3.03783,7.78654,-3419.56,0
0.911321,3506.75,-3.68645,-3.06553,3.41893,-3562.57,0
0.917818,3506.74,-3.68713,-3.09714,2.80224,-3548.13,0
0.924323,3506.72,-3.72249,-3.13116,1.63947,-3546.06,0
0.930878,3506.72,-3.72344,-2.91357,5.61681,-3527.04,0
0.937372,3506.7,-3.75234,-2.92714,3.96045,-3515.34,0
0.943887,3506.63,-3.6708,-2.93275,8.61376,-3572.25,0
0.950396,3506.72,-3.59202,-2.72326,3.49019,-3451.99,0
0.956882,3506.71,-3.55357,-2.82636,2.01301,-3437.47,0
0.963338,3506.75,-3.34526,-2.55931,6.74652,-3372.2,0
0.969864,3506.72,-3.43656,-2.5449,3.06323,-3383.25,0
0.97633,3506.73,-3.46074,-2.50071,2.09258,-3354.28,0
0.982819,3506.69,-3.61691,-2.38392,2.99708,-3365.59,0
0.989325,3506.68,-3.64054,-2.29528,2.80418,-3355.61,0
0.995855,3506.58,-3.57057,-2.26801,8.58712,-3436.57,0
1.00238,3506.52,-3.66684,-2.27853,7.83435,-3468.42,0
1.00883,3506.44,-3.69418,-2.10044,3.71008,-3530,0
1.0153,3506.38,-3.77712,-1.9992,6.4668,-3568.49,0
1.02184,3506.31,-3.70644,-2.04043,9.37972,-3611.34,0
1.02834,3506.25,-3.72386,-1.98034,6.9967,-3643.64,0
1.03484,3506.28,-3.64014,-2.01322,3.1731,-3594.04,0
1.04134,3506.26,-3.65071,-2.12334,3.12433,-3594.67,0
1.04784,3506.2,-3.66041,-2.08612,8.08837,-3626.36,0
1.05433,3506.21,-3.68392,-1.98444,4.23885,-3590.33,0
1.06084,3506.24,-3.57288,-2.05326,2.24587,-3541.47,0
1.06735,3506.23,-3.44988,-2.00987,6.49134,-3532.94,0
1.07384,3506.15,-3.49636,-2.02235,9.08779,-3589.02,0
1.08033,3506.08,-3.62446,-2.05266,7.17462,-3630.34,0
1.0868,3506.12,-3.56919,-1.96282,3.62124,-3565.71,0
1.09331,3506.09,-3.66621,-1.97809,2.96803,-3577.39,0
1.09979,3506.1,-3.56925,-1.96913,3.51844,-3542.32,0
1.10631,3506.06,-3.5789,-2.10491,4.3026,-3562.17,0
1.11281,3506.07,-3.51322,-2.13597,3.21479,-3533.12,0
1.11928,3506.02,-3.61932,-2.17619,1.21441,-3560.06,0
1.1258,3505.99,-3.61236,-2.17009,3.35051,-3557.98,0
1.13232,3505.95,-3.67485,-2.26435,3.41356,-3580.71,0
1.13884,3505.86,-3.75137,-2.32431,4.42321,-3631.73,0
1.14536,3505.84,-3.79736,-2.40442,2.88496,-3630.92,0
1.15184,3505.78,-3.80046,-2.5507,5.12913,-3665.93,0
1.15838,3505.76,-3.76787,-2.52419,6.51966,-3661.13,0
1.16486,3505.78,-3.78587,-2.55155,0.729064,-3623.51,0
1.17138,3505.72,-3.77531,-2.57021,5.23718,-3655.43,0
1.1779,3505.6,-3.6813,-2.63019,4.97804,-3734.23,0
1.18442,3505.56,-3.55876,-2.67216,9.34241,-3751.51,0
1.19092,3505.49,-3.54974,-2.62568,8.82593,-3784.47,0
1.19738,3505.52,-3.53013,-2.57073,3.45869,-3739.05,0
1.20385,3505.49,-3.46562,-2.61322,6.78414,-3744.89,0
1.21039,3505.47,-3.49648,-2.59096,3.57755,-3739.43,0
1.21686,3505.46,-3.36519,-2.80048,1.33429,-3733.15,0
1.22335,3505.44,-3.26435,-2.95979,0.339376,-3726.25,0
1.22986,3505.32,-3.4549,-2.93777,5.52281,-3801.65,0
1.23635,3505.34,-3.49508,-2.89015,3.06605,-3768.81,0
1.24287,3505.31,-3.3889,-2.99919,5.08501,-3771.1,0
1.24936,3505.28,-3.42993,-3.00964,4.0118,-3775.9,0
1.25578,3505.16,-3.34167,-2.82807,10.9229,-3857.22,0
1.26231,3505.17,-3.43788,-2.80572,1.86965,-3825.28,0
1.26881,3505.14,-3.45303,-2.73903,3.63784,-3828.17,0
1.27532,3505.11,-3.51132,-2.56685,6.31002,-3833.63,0
1.28183,3505.08,-3.53678,-2.49773,7.78497,-3837.46,0
1.28836,3505.11,-3.43992,-2.429,6.42848,-3799.32,0
1.29484,3505.09,-3.54102,-2.44547,1.28397,-3794.44,0
1.30133,3505.04,-3.50367,-2.45472,6.88275,-3813.16,0
1.30786,3505,-3.56678,-2.49791,6.05053,-3823.81,0
1.31437,3504.95,-3.45975,-2.42964,3.40808,-3845.15,0
1.3209,3504.98,-3.27706,-2.5674,0.777819,-3797.69,0
1.32743,3504.9,-3.36565,-2.52251,5.41907,-3843.32,0
1.33394,3504.85,-3.41876,-2.72293,2.17386,-3861.85,0
1.34046,3504.76,-3.44723,-2.72281,9.74548,-3908.68,0
1.34693,3504.66,-3.40263,-2.71103,7.82901,-3965.14,0
1.35346,3504.71,-3.25408,-2.78072,3.41458,-3908.78,0
1.35997,3504.7,-3.38319,-2.58202,4.64501,-3899.17,0
1.36649,3504.69,-3.33812,-2.55632,4.64021,-3888.8,0
1.37303,3504.63,-3.42669,-2.60208,4.60548,-3908.44,0
1.37955,3504.59,-3.37846,-2.53958,11.3091,-3922.67,0
1.38601,3504.6,-3.35301,-2.62123,4.20364,-3898.36,0
1.39254,3504.55,-3.35938,-2.66319,4.27662,-3915.48,0
1.39904,3504.45,-3.38285,-2.60214,10.7022,-3967.43,0
1.40557,3504.38,-3.43303,-2.50404,3.77128,-3997.92,0
1.41205,3504.39,-3.39433,-2.40916,6.16713,-3975.56,0
1.41854,3504.37,-3.35473,-2.40412,4.2692,-3968.69,0
1.42504,3504.28,-3.16854,-2.51367,6.70598,-4016.58,0
1.43153,3504.27,-3.09602,-2.41864,10.3762,-4006.18,0
1.43804,3504.2,-3.03516,-2.4008,6.25435,-4033.91,0
1.44455,3504.11,-3.12526,-2.32077,1.90394,-4080.23,0
1.45104,3504.01,-3.09657,-2.67273,2.1678,-4130.75,0
1.45753,3503.89,-3.17783,-2.85627,4.29131,-4191.78,0
1.46405,3503.8,-3.18591,-2.81672,3.88082,-4231.99,0
1.47056,3503.74,-3.14244,-2.91509,7.38115,-4254.55,0
1.47706,3503.72,-3.08564,-2.9773,5.60739,-4254.77,0
1.48357,3503.75,-2.94375,-3.10512,0.447549,-4212.6,0
1.49008,3503.74,-2.85991,-2.94659,0.426367,-4203.2,0
1.49657,3503.59,-2.88774,-2.95249,5.44865,-4285.84,0
1.5031,3503.51,-3.02807,-3.03173,2.65487,-4314.99,0
1.50957,3503.53,-2.91819,-3.06585,2.98766,-4283.97,0
1.51606,3503.6,-2.83305,-2.84392,8.8413,-4221.75,0
1.5226,3503.57,-2.74178,-2.76178,6.64778,-4220.25,0
1.5291,3503.54,-2.83295,-2.73794,4.03554,-4226.54,0
1.53564,3503.53,-2.76416,-2.73746,5.19223,-4212.63,0
1.54214,3503.45,-2.66187,-2.60817,2.37727,-4246.69,0
1.54863,3503.46,-2.44601,-2.6573,7.76592,-4223.76,0
1.55511,3503.49,-2.35396,-2.62415,4.96283,-4183.8,0
1.56165,3503.39,-2.33783,-2.62948,6.87579,-4233.01,0
1.56815,3503.4,-2.25318,-2.6074,5.53233,-4210.81,0
1.57468,3503.33,-2.40418,-2.62011,3.62357,-4234.19,0
1.58121,3503.28,-2.44541,-2.59741,6.44955,-4247.73,0
1.58772,3503.26,-2.522,-2.58552,3.37828,-4243.07,0
1.59418,3503.33,-2.38214,-2.49807,4.49216,-4186.8,0
1.60068,3503.35,-2.37915,-2.35169,8.09265,-4153.12,0
1.60723,3503.28,-2.33381,-2.3322,5.2004,-4179.57,0
1.61373,3503.21,-2.2224,-2.37256,8.63951,-4210.51,0
1.62019,3503.12,-2.17721,-2.29022,6.28563,-4246.8,0
1.62667,3503.19,-2.09556,-2.15722,5.3187,-4187.98,0
1.63317,3503.04,-2.12462,-2.18907,2.98923,-4263.91,0
1.63969,3502.93,-2.19487,-2.3205,6.95321,-4313.58,0
1.64623,3502.94,-2.14531,-2.33044,5.03165,-4286.6,0
1.65274,3502.97,-2.08157,-2.23056,8.68891,-4255.58,0
1.65923,3502.88,-2.10201,-2.2932,3.65813,-4293.14,0
1.66571,3502.89,-2.02823,-2.19019,10.9509,-4265.97,0
1.67218,3502.86,-2.05692,-2.14775,4.47442,-4272.34,0
1.67869,3502.81,-1.86236,-2.21854,8.04125,-4285.73,0
1.68519,3502.84,-1.707,-2.17435,2.71433,-4250.64,0
1.69167,3502.75,-1.76113,-1.9904,7.40503,-4285.36,0
1.69816,3502.76,-1.79705,-1.85812,9.42737,-4260.85,0
1.70466,3502.72,-1.92909,-1.708,6.24755,-4273.38,0
1.71115,3502.61,-1.99362,-1.69583,10.2281,-4318.72,0
1.71767,3502.54,-1.90777,-1.73543,1.89583,-4342.7,0
1.72418,3502.46,-1.91265,-1.76827,1.8856,-4371.9,0
1.73066,3502.43,-1.88275,-1.70194,3.55536,-4373.79,0
1.73718,3502.47,-1.66337,-1.71935,1.0843,-4337.29,0
1.74369,3502.42,-1.53946,-1.74919,4.31487,-4348.36,0
1.7502,3502.36,-1.60188,-1.74136,8.49824,-4365.34,0
1.75669,3502.38,-1.53238,-1.71133,7.04332,-4335.06,0
1.76322,3502.33,-1.28781,-1.63843,3.57583,-4349.07,0
1.7697,3502.36,-1.27961,-1.57721,1.60382,-4318.23,0
1.77626,3502.24,-1.21336,-1.57125,5.48852,-4370.9,0
1.78276,3502.22,-1.1839,-1.50746,7.48731,-4365.37,0
1.78928,3502.11,-1.19572,-1.49123,2.67372,-4408.16,0
1.79577,3502.03,-1.05309,-1.43091,2.4365,-4436.25,0
1.80233,3501.91,-1.05594,-1.3026,3.86536,-4489.04,0
1.80883,3501.87,-0.886572,-1.15469,5.92836,-4492.27,0
1.81533,3501.72,-0.853232,-1.06699,3.99112,-4559.71,0
1.82186,3501.58,-0.777158,-1.02229,1.04209,-4623.13,0
1.82838,3501.46,-0.654213,-0.937486,3.46143,-4670.02,0
1.83483,3501.42,-0.554386,-0.831994,7.88862,-4677.59,0
1.84132,3501.21,-0.501166,-0.730263,3.71923,-4771.29,0
1.84779,3500.88,-0.469441,-0.505844,0.654252,-4933.11,2
1.85017,3500.77,-0.389645,-0.50583,3.41466,-4989.13,4
