0.00646606,3509.92,-0.0280632,-0.0260761,5.96276,-12535.5,0
0.0129305,3509.97,0.0101884,-0.0141738,0.395263,-2684.79,0
0.0194597,3509.9,-0.00511976,-0.105481,4.54169,-5054.25,0
0.0259681,3509.83,0.0106123,-0.133674,5.70321,-6478.94,0
0.0325104,3509.76,0.0639934,-0.203964,7.82407,-7481.41,0
0.0390177,3509.75,0.0425942,-0.185134,5.3814,-6358.29,0
0.0454857,3509.76,0.195332,-0.180203,3.20142,-5368.07,0
0.0519842,3509.7,0.163645,-0.158584,6.51462,-5846.31,0
0.058405,3509.65,0.195084,-0.110822,7.80531,-6041.88,0
0.0649691,3509.62,0.148761,-0.155075,6.64679,-5787.09,0
0.0715127,3509.66,0.0914633,-0.120334,2.43155,-4767.63,0
0.0779886,3509.57,-0.0635547,-0.16873,7.78856,-5469.16,0
0.0845,3509.6,-0.0777037,-0.149634,2.97382,-4736.34,0
0.090983,3509.53,-0.00375104,-0.208174,5.67111,-5131.3,0
0.0974692,3509.54,0.234559,-0.128225,3.32268,-4697.95,0
0.10395,3509.43,0.221468,-0.0902187,6.73014,-5501.72,0
0.11038,3509.43,0.23421,-0.178492,4.23191,-5151.71,0
0.116909,3509.43,0.171986,-0.129182,2.80691,-4836.62,0
0.12342,3509.34,0.188856,-0.0380333,7.81645,-5358.79,0
0.129955,3509.37,0.227743,-0.0131485,3.27437,-4863.17,0
0.136463,3509.31,0.185252,-0.0921086,4.61538,-5043.9,0
0.143013,3509.33,0.190011,-0.254686,1.73724,-4685.25,0
0.149517,3509.31,0.309215,-0.405501,1.4403,-4584.52,0
0.156063,3509.28,0.154987,-0.330172,4.06949,-4600.47,0
0.162576,3509.27,0.105924,-0.232008,1.38978,-4468.42,0
0.169086,3509.18,0.0932205,-0.237927,5.65411,-4834.78,0
0.175593,3509.2,-0.0406404,-0.262215,3.524,-4568.77,0
0.182089,3509.2,-0.108423,-0.200643,2.92572,-4403.4,0
0.188558,3509.1,-0.0799336,-0.289821,7.57874,-4750.39,0
0.195038,3509.08,-0.0737291,-0.268248,6.41926,-4717.49,0
0.201506,3509.05,-0.080393,-0.290872,5.74126,-4726.2,0
0.208038,3508.98,-0.0297081,-0.238226,8.07238,-4880.9,0
0.21454,3509,0.00672545,-0.290808,4.62903,-4659.59,0
0.220992,3509,-0.0529916,-0.234683,1.61478,-4506.07,0
0.227485,3508.97,-0.119141,-0.0704417,3.39509,-4533.34,0
0.23395,3508.95,-0.335117,0.146259,4.32427,-4492.58,0
0.240486,3508.9,-0.236278,0.240581,6.03777,-4562.02,0
0.246973,3508.84,-0.277666,0.198144,6.70233,-4679.99,0
0.253461,3508.88,-0.110868,0.267933,2.07828,-4421.75,0
0.259928,3508.83,-0.133141,0.310537,4.24088,-4489.92,0
0.266467,3508.84,-0.178576,0.36976,2.29438,-4341.91,0
0.272937,3508.85,-0.392386,0.309891,1.33102,-4227.14,0
0.279454,3508.83,-0.25938,0.353995,2.24178,-4186.76,0
0.285936,3508.79,-0.450558,0.498478,2.48365,-4218.59,0
0.292477,3508.73,-0.543288,0.348422,7.25401,-4343.91,0
0.298972,3508.68,-0.613049,0.327854,6.83461,-4409.47,0
0.305453,3508.57,-0.627051,0.300141,8.36081,-4667.5,0
0.311941,3508.58,-0.63646,0.328637,4.92197,-4568.01,0
0.318459,3508.54,-0.747806,0.603505,5.66729,-4592.41,0
0.324986,3508.5,-0.629539,0.782324,6.67958,-4610.72,0
0.331531,3508.54,-0.806981,0.812669,0.405985,-4415.53,0
0.338013,3508.51,-0.665865,0.886874,2.74788,-4414.02,0
0.344496,3508.45,-0.708696,0.981172,4.83289,-4497,0
0.350998,3508.41,-0.762952,0.982404,6.24481,-4520.97,0
0.357487,3508.36,-0.826303,0.936403,7.47152,-4586.7,0
0.364001,3508.37,-0.735499,0.910106,3.85194,-4482.86,0
0.370532,3508.25,-0.698038,0.974472,8.90444,-4721.41,0
0.377026,3508.22,-0.682941,0.957164,5.76666,-4711.92,0
0.38356,3508.26,-0.530055,1.04121,0.792232,-4544.64,0
0.390065,3508.18,-0.676668,1.09114,4.80252,-4661.89,0
0.396595,3508.15,-0.681198,1.06744,4.72881,-4657.25,0
0.403144,3508.07,-0.682221,1.10966,8.17376,-4791.04,0
0.409675,3507.97,-0.739026,1.25092,9.69122,-4943.53,0
0.416196,3507.97,-0.945771,1.25844,5.2484,-4884.53,0
0.422742,3507.92,-0.925387,1.26679,4.5795,-4912.02,0
0.429225,3507.93,-0.791444,1.23916,3.41441,-4812.4,0
0.435745,3507.9,-0.744522,1.15587,6.41344,-4825.66,0
0.442265,3507.92,-0.743403,0.931066,3.98148,-4707.75,0
0.44875,3507.92,-0.601064,0.924356,2.20733,-4630.14,0
0.455236,3507.86,-0.617564,0.89619,5.88432,-4692.18,0
0.461747,3507.88,-0.54904,0.81412,2.85482,-4585.14,0
0.46824,3507.86,-0.646227,0.78416,3.36134,-4579.37,0
0.474759,3507.87,-0.855698,0.669718,0.406576,-4482.82,0
0.481295,3507.84,-0.818709,0.54999,3.51235,-4483.48,0
0.487801,3507.77,-0.722811,0.551478,8.76755,-4566,0
0.494302,3507.8,-0.683481,0.647273,2.29723,-4460.68,0
0.500739,3507.71,-0.772252,0.761809,7.43927,-4576.65,0
0.507233,3507.7,-0.720485,0.647189,5.65757,-4524.99,0
0.513711,3507.71,-0.703878,0.688755,4.00782,-4461.18,0
0.520236,3507.68,-0.850957,0.610453,5.32357,-4461.28,0
0.526729,3507.7,-0.77849,0.490303,2.96439,-4363.67,0
0.53322,3507.68,-0.678128,0.368461,3.95864,-4355.09,0
0.53976,3507.69,-0.714705,0.357341,1.60436,-4287.36,0
0.546254,3507.58,-0.750108,0.348163,6.80497,-4426.98,0
0.552791,3507.54,-0.81225,0.365614,6.40703,-4456.29,0
0.559275,3507.53,-0.736258,0.365046,2.21265,-4411.9,0
0.565775,3507.47,-0.716815,0.451455,7.24237,-4469.73,0
0.572246,3507.48,-0.721153,0.503928,2.33005,-4410.22,0
0.578754,3507.42,-0.770756,0.585893,5.209,-4457,0
0.585205,3507.41,-0.58748,0.501977,6.52742,-4420.23,0
0.591682,3507.39,-0.621912,0.530604,6.67571,-4419.41,0
0.59823,3507.36,-0.564251,0.564041,5.162,-4410.19,0
0.60476,3507.34,-0.284272,0.747515,6.16698,-4394.45,0
0.61124,3507.27,-0.333583,0.733649,7.85507,-4473.88,0
0.617772,3507.28,-0.396076,0.658707,5.59633,-4410.41,0
0.624236,3507.23,-0.3046,0.532375,7.56155,-4431.74,0
0.630739,3507.25,-0.464603,0.556579,0.0790237,-4357.74,0
0.637245,3507.14,-0.573714,0.437729,9.66905,-4488.41,0
0.643774,3507.14,-0.650959,0.718678,4.23173,-4435.71,0
0.650239,3507.17,-0.74411,0.617928,0.325021,-4351.13,0
0.656731,3507.12,-0.838713,0.544231,4.27908,-4381.77,0
0.663246,3507.08,-0.851198,0.646884,5.90625,-4405.44,0
0.669758,3507.01,-0.812309,0.682016,9.08906,-4460.26,0
0.676252,3506.92,-0.720591,0.572314,4.49371,-4553.45,0
0.68276,3506.94,-0.644738,0.348069,2.24123,-4481.04,0
0.689262,3506.86,-0.705793,0.340833,6.84376,-4559.91,0
0.695792,3506.86,-0.763434,0.333571,1.96506,-4516.39,0
0.702303,3506.82,-0.78228,0.441874,3.24486,-4533.07,0
0.708793,3506.82,-0.739525,0.372654,1.75071,-4485.39,0
0.71529,3506.77,-0.640549,0.259231,7.41821,-4521.48,0
0.721772,3506.75,-0.666952,0.174354,3.18158,-4499.13,0
0.728275,3506.68,-0.820398,0.0799768,8.76192,-4557.42,0
0.734769,3506.72,-0.637968,0.0379081,2.20901,-4463.64,0
0.741267,3506.68,-0.651735,-0.0512131,5.90639,-4477.12,0
0.747762,3506.65,-0.599516,-0.147577,7.19133,-4483.74,0
0.75426,3506.63,-0.526703,-0.113588,4.26369,-4467.35,0
0.760789,3506.57,-0.664909,-0.0184946,7.2755,-4506.12,0
0.76732,3506.6,-0.673749,-0.0500304,0.37217,-4426.11,0
0.773847,3506.54,-0.62174,0.0645725,6.06778,-4470.09,0
0.780378,3506.42,-0.48671,0.111539,6.84153,-4591.05,0
0.786913,3506.37,-0.530725,0.189033,5.62016,-4610.69,0
0.793415,3506.33,-0.49881,0.131634,8.05226,-4630.99,0
0.799944,3506.32,-0.601071,0.209832,3.20196,-4602.94,0
0.806441,3506.3,-0.444325,0.108847,6.50932,-4591.16,0
0.812927,3506.29,-0.471176,0.0427465,4.75211,-4568.36,0
0.81944,3506.21,-0.492737,0.11986,11.8213,-4620.65,0
0.825973,3506.17,-0.498327,0.0551788,4.4209,-4631.71,0
0.832469,3506.18,-0.481612,0.139538,1.54418,-4590.11,0
0.838966,3506.12,-0.516288,0.200242,7.88942,-4624.19,0
0.84546,3506.11,-0.354005,0.169889,6.39775,-4605.11,0
0.851967,3506.04,-0.381637,0.277892,8.60201,-4649.07,0
0.858499,3506.08,-0.413493,0.22223,0.477407,-4569.62,0
0.86502,3505.93,-0.277048,0.19782,6.20449,-4702.19,0
0.871551,3505.87,-0.259894,0.190445,9.45663,-4742.05,0
0.878077,3505.73,-0.336233,0.0591108,2.36494,-4858.33,0
0.884584,3505.68,-0.269472,-0.00586668,8.64934,-4880.72,0
0.891107,3505.72,-0.0549041,-0.0362859,2.3804,-4804.41,0
0.897603,3505.7,0.0133053,-0.0576261,2.76882,-4787.95,0
0.904094,3505.68,-0.0699236,-0.0737356,4.14855,-4782.58,0
0.910602,3505.63,-0.0949057,-0.053908,6.39795,-4796.59,0
0.917103,3505.61,-0.118321,-0.0557937,6.86433,-4788.18,0
0.923666,3505.6,-0.100205,0.0142537,6.55438,-4765.44,0
0.930186,3505.59,-0.215291,0.0690672,4.26452,-4739.05,0
0.936693,3505.59,-0.428444,0.0407599,2.27128,-4708.46,0
0.943192,3505.57,-0.522914,0.0114981,1.10559,-4697.71,0
0.949656,3505.49,-0.431837,0.134736,9.93413,-4744.32,0
0.956151,3505.47,-0.391933,0.0874737,7.92792,-4732.59,0
0.962663,3505.37,-0.35252,-0.0492881,10.0909,-4806.55,0
0.969163,3505.3,-0.222607,-0.111892,6.02789,-4844.61,0
0.975675,3505.31,-0.143405,-0.0614239,0.806282,-4803.67,0
0.98219,3505.16,-0.389855,-0.0301352,10.0469,-4928.41,0
0.98868,3505.07,-0.437785,-0.107918,7.89713,-4984.97,0
0.995207,3505.04,-0.395598,-0.0987905,0.793287,-4987.21,0
1.00178,3504.97,-0.387451,-0.200335,8.34075,-5016.99,0
1.0083,3504.99,-0.396806,-0.244492,2.42809,-4967.53,0
1.01479,3504.96,-0.279737,-0.322187,7.51546,-4968.83,0
1.02131,3504.99,-0.3636,-0.325898,0.571527,-4908.9,0
1.02777,3504.86,-0.404992,-0.219432,7.6557,-4996.52,0
1.03431,3504.72,-0.37116,-0.0964436,8.45538,-5104.75,0
1.04078,3504.69,-0.0977268,-0.175867,1.83721,-5101.1,0
1.04734,3504.59,-0.0204532,-0.0624461,7.16058,-5166.72,0
1.05385,3504.57,-0.0944874,-0.073238,8.61306,-5152.5,0
1.06043,3504.57,-0.107409,-0.142295,4.23478,-5121.03,0
1.06694,3504.47,-0.13699,-0.101775,7.05331,-5178.77,0
1.0735,3504.47,-0.168543,-0.163016,5.83691,-5152.56,0
1.08,3504.46,-0.206271,-0.176168,1.99529,-5132.1,0
1.08653,3504.44,-0.122383,-0.0914981,2.12261,-5113.57,0
1.09304,3504.4,-0.204717,-0.127583,8.74632,-5127.6,0
1.09959,3504.34,-0.083488,-0.0512779,5.7033,-5147.11,0
1.10608,3504.3,-0.0797801,-0.0669794,7.88143,-5157.07,0
1.11261,3504.15,-0.189591,-0.0410817,10.8753,-5255.42,0
1.11912,3504.13,-0.204116,-0.160614,0.762846,-5243.59,0
1.12562,3504.09,-0.118637,-0.33213,5.9654,-5253.68,0
1.13214,3504.03,-0.00514295,-0.378511,2.68038,-5274.25,0
1.13869,3503.92,-0.00138043,-0.290989,4.00026,-5342.59,0
1.1452,3503.84,-0.0744434,-0.297694,6.66439,-5376.17,0
1.15174,3503.83,-0.0143744,-0.232882,7.11376,-5353.78,0
1.1583,3503.75,-0.0915556,-0.236287,10.9615,-5393.23,0
1.16482,3503.67,0.0532023,-0.260452,5.28571,-5430.63,0
1.17136,3503.62,-0.027637,-0.23439,5.86537,-5450.44,0
1.17786,3503.61,-0.0896904,-0.0922689,5.15749,-5422.7,0
1.18443,3503.45,-0.242367,-0.099648,10.0217,-5532.56,0
1.1909,3503.29,-0.277729,-0.111716,4.67262,-5630.27,0
1.19743,3503.18,-0.271458,-0.0729607,3.03785,-5699.68,0
1.20394,3503.16,-0.254809,-0.0844055,4.75409,-5680.4,0
1.21051,3503.02,-0.318008,-0.102293,1.79427,-5769.88,0
1.21698,3502.91,-0.327467,-0.14087,0.293066,-5827.94,0
1.2235,3502.82,-0.331738,-0.0715594,7.43149,-5870.97,0
1.23,3502.69,-0.259304,0.0510922,7.29827,-5942.6,0
1.23651,3502.61,-0.179472,0.0671104,1.63702,-5975.18,0
1.24303,3502.48,-0.103092,0.115822,8.90499,-6048.05,0
1.2495,3502.29,0.00272732,0.095019,3.18322,-6168.58,0
1.25604,3502.17,-0.0119784,0.116127,8.99074,-6237.8,0
1.26254,3502.02,0.0292563,0.018334,9.07503,-6321.03,0
1.26903,3501.82,0.0625042,-0.0145673,5.8708,-6444.43,0
1.27554,3501.6,-0.00592634,-0.203985,9.80907,-6583.38,0
1.28203,3501.32,-0.0884881,-0.25723,6.54214,-6771.66,1
1.28817,3500.98,-0.0776643,-0.171036,7.83533,-7000.65,7
