0.00651513,3509.77,-0.931097,-3.39084,2.70285,-35330.4,0
0.0129888,3509.69,-0.988071,-3.28961,3.2072,-23785.2,0
0.0195214,3509.93,-0.436454,-3.19461,0.695315,-3640.16,0
0.0260051,3509.74,-0.346248,-3.01869,2.76207,-10177.1,0
0.0325265,3509.87,-0.465,-3.05886,0.907737,-4139.78,0
0.0390194,3509.9,-0.392848,-2.96403,0.401275,-2528.37,0
0.045504,3509.93,-0.449898,-2.76641,0.284863,-1598.4,0
0.0520636,3509.79,-0.63399,-2.71195,1.68799,-4112.15,0
0.0585165,3509.72,-0.738898,-2.41019,2.39147,-4703.64,0
0.0650259,3509.87,-0.643202,-2.43678,0.3536,-1983.83,0
0.0715572,3509.87,-0.539884,-2.58907,0.0812925,-1771.84,0
0.0780233,3509.74,-0.715387,-2.28453,1.88781,-3381.93,0
0.0845301,3509.78,-0.988596,-2.37569,0.956017,-2607.69,0
0.0910532,3509.67,-0.93654,-2.16371,2.37384,-3638.43,0
0.0975389,3509.68,-0.949596,-2.22133,1.97101,-3293.49,0
0.104011,3509.78,-1.00494,-2.005,0.883757,-2160.18,0
0.110504,3509.51,-0.999905,-2.1009,3.28828,-4425.76,0
0.117012,3509.46,-0.999978,-2.17511,3.05208,-4652.33,0
0.123546,3509.37,-0.998823,-2.20997,3.3157,-5106.3,0
0.130013,3509.46,-1.14562,-2.41639,1.30715,-4187.4,0
0.136495,3509.42,-1.02446,-2.50243,1.51926,-4244.65,0
0.142997,3509.27,-1.03367,-2.45721,3.0153,-5101.39,0
0.149522,3509.24,-1.12459,-2.43311,2.9614,-5116.11,0
0.155995,3509.17,-1.27464,-2.37321,3.06026,-5340.43,0
0.162472,3509.09,-1.25077,-2.46621,3.32896,-5592.42,0
0.169024,3509.33,-1.21103,-2.18636,0.39955,-3939.23,0
0.17555,3509.26,-1.05223,-2.31395,1.13739,-4223.36,0
0.182037,3509.1,-0.845183,-2.53479,2.47627,-4919.29,0
0.188541,3509.19,-0.566651,-2.48303,1.47795,-4313.56,0
0.195027,3509.19,-0.780244,-2.4508,1.01251,-4168.3,0
0.201529,3509.18,-1.04895,-2.51185,0.648525,-4058.45,0
0.208052,3508.97,-1.03537,-2.51804,2.746,-4945.67,0
0.214591,3508.92,-0.915906,-2.48652,2.84667,-5030.3,0
0.221135,3508.86,-0.767515,-2.37288,3.15134,-5135.67,0
0.227625,3509,-0.81916,-2.3903,0.87873,-4381.37,0
0.234124,3508.95,-1.0904,-2.17861,1.35919,-4475.51,0
0.240655,3508.94,-1.22418,-2.43577,0.77757,-4410.72,0
0.247085,3508.8,-1.27386,-2.24453,2.48961,-4864.31,0
0.253624,3508.79,-1.35367,-2.20083,1.96029,-4761.66,0
0.260113,3508.82,-1.51214,-2.01786,1.48068,-4523.8,0
0.266623,3508.81,-1.81603,-2.17085,0.962359,-4469.65,0
0.273137,3508.73,-1.83643,-2.12979,1.85142,-4644.73,0
0.279655,3508.64,-1.6548,-2.03884,2.93853,-4852.24,0
0.286149,3508.72,-1.49007,-1.75454,2.29696,-4468.72,0
0.292665,3508.65,-1.34473,-1.65324,2.7734,-4612.51,0
0.299183,3508.6,-1.40738,-1.6371,2.85565,-4663.35,0
0.305683,3508.48,-1.34324,-1.65263,3.82974,-4980.54,0
0.312181,3508.6,-1.16221,-1.79818,1.77315,-4481.94,0
0.318686,3508.68,-1.2075,-1.57019,0.654051,-4141.98,0
0.325211,3508.54,-1.04155,-1.45574,2.43326,-4481.62,0
0.331722,3508.53,-1.08935,-1.31373,2.38062,-4431.11,0
0.338199,3508.41,-1.14707,-1.32335,3.38714,-4711.14,0
0.344749,3508.46,-0.872312,-1.2748,2.30241,-4469.21,0
0.351293,3508.36,-0.793664,-1.32141,3.03513,-4659.82,0
0.357801,3508.47,-0.878471,-1.59438,0.849257,-4280.86,0
0.364302,3508.47,-0.743049,-1.29147,1.1699,-4208.46,0
0.370806,3508.31,-0.918215,-1.45639,2.77002,-4549.24,0
0.377347,3508.32,-0.878933,-1.42513,2.11608,-4452.31,0
0.383865,3508.27,-0.889454,-1.43781,2.28764,-4516.25,0
0.390404,3508.21,-0.875321,-1.38368,2.72401,-4593.05,0
0.396926,3508.07,-0.953864,-1.48247,3.64009,-4855.16,0
0.403439,3508.06,-0.807663,-1.47405,3.11958,-4813.23,0
0.409903,3508.13,-0.766475,-1.3928,1.68846,-4568.1,0
0.416392,3508.14,-0.805184,-1.34994,1.29961,-4455.85,0
0.422923,3508.01,-0.740294,-1.19057,3.15459,-4695.79,0
0.429379,3507.92,-0.692957,-1.2889,3.60745,-4838.05,0
0.435924,3507.99,-0.748856,-1.34461,1.83378,-4609.65,0
0.442437,3507.87,-0.761994,-1.30621,3.12806,-4804.11,0
0.448968,3507.7,-0.736925,-1.30013,4.78093,-5117.42,0
0.455464,3507.69,-0.675144,-1.32512,3.94885,-5079.15,0
0.461972,3507.65,-0.729732,-1.23405,3.51375,-5090.28,0
0.468483,3507.62,-0.587418,-1.15695,3.49543,-5080.55,0
0.474978,3507.54,-0.548814,-1.1252,3.78917,-5179.37,0
0.481486,3507.5,-0.61896,-1.19608,3.60391,-5197.87,0
0.487959,3507.65,-0.588447,-1.03907,1.03388,-4822.88,0
0.494473,3507.59,-0.405435,-1.176,1.59055,-4869.77,0
0.500978,3507.53,-0.35398,-0.984303,2.52432,-4934,0
0.507491,3507.47,-0.452413,-1.01917,2.84573,-4980.64,0
0.514021,3507.38,-0.400407,-1.07041,3.44263,-5089.65,0
0.520512,3507.3,-0.356868,-0.968101,4.10438,-5182.07,0
0.526987,3507.26,-0.433787,-1.12528,3.53251,-5208.26,0
0.533527,3507.38,-0.40935,-1.08304,1.11658,-4914.85,0
0.540018,3507.42,-0.0808442,-1.14265,0.195932,-4775.05,0
0.546572,3507.4,-0.158183,-1.18828,0.144566,-4751.29,0
0.553073,3507.19,-0.125785,-1.00057,3.40538,-5082.28,0
0.55955,3507.32,-0.0678481,-1.21175,0.502632,-4795.46,0
0.566037,3507.15,-0.106888,-1.19957,2.76036,-5030.03,0
0.572493,3507.12,0.0548366,-1.22134,2.90433,-5034.75,0
0.579013,3507.06,-0.0354237,-1.16386,3.3314,-5072.78,0
0.58554,3507.08,0.112684,-1.11339,2.61402,-4987.37,0
0.592046,3507.01,0.170531,-1.15969,2.95319,-5048.91,0
0.598537,3506.92,0.133202,-1.04435,3.92615,-5149.85,0
0.60508,3507.01,0.273811,-0.758267,1.93122,-4937.24,0
0.611597,3507.01,0.319624,-0.834699,1.68115,-4893.97,0
0.618108,3506.99,0.129295,-1.06593,1.46238,-4876.19,0
0.624601,3506.98,0.381086,-1.03216,1.30253,-4838,0
0.631124,3506.92,0.533096,-1.24039,1.65185,-4880.45,0
0.637594,3506.85,0.493866,-1.66712,1.70864,-4935.75,0
0.644084,3506.69,0.636354,-1.77029,3.62259,-5135.71,0
0.650543,3506.64,0.569825,-1.69302,3.90909,-5159.2,0
0.657031,3506.77,0.735363,-1.59532,1.17799,-4910.67,0
0.663529,3506.75,0.337185,-1.56174,1.78281,-4900.27,0
0.67001,3506.64,0.361401,-1.61012,3.17444,-5015,0
0.67654,3506.58,0.309994,-1.56309,3.6108,-5055.47,0
0.68301,3506.69,0.273342,-1.58845,1.3347,-4844.28,0
0.689504,3506.61,0.335244,-1.64462,2.14664,-4912.66,0
0.696032,3506.63,0.324013,-1.69418,1.323,-4837.47,0
0.702592,3506.48,0.166354,-1.92018,3.06162,-5007.74,0
0.70915,3506.51,0.0740419,-1.99417,1.91848,-4917.42,0
0.715608,3506.59,-0.124776,-1.94662,0.199566,-4762.17,0
0.722102,3506.51,-0.262228,-1.81579,1.5025,-4836.15,0
0.728629,3506.42,-0.544646,-1.86427,2.46754,-4909.3,0
0.735191,3506.41,-0.674432,-1.86409,2.14531,-4876.88,0
0.741703,3506.48,-0.761483,-1.94633,0.29068,-4741.53,0
0.748236,3506.39,-1.0509,-1.95792,1.24183,-4823.64,0
0.754752,3506.33,-1.08789,-1.8306,2.32804,-4857.45,0
0.761254,3506.17,-1.17092,-1.96147,4.15469,-5024.96,0
0.767748,3506.01,-1.15244,-1.93674,5.23425,-5191.87,0
0.774282,3506.09,-1.0127,-2.01881,2.6027,-5052.05,0
0.780781,3506.07,-1.009,-2.18236,1.95969,-5036.02,0
0.787305,3506.08,-0.875262,-2.1216,1.97377,-4983.41,0
0.793822,3506.09,-0.81375,-2.27379,1.00702,-4921.05,0
0.800339,3506.06,-0.947415,-2.14264,1.56023,-4925.78,0
0.806866,3505.91,-0.906793,-2.03235,4.05492,-5067.71,0
0.813351,3506.13,-0.793374,-1.70458,0.739862,-4761,0
0.819821,3506,-0.786013,-1.82036,2.19064,-4875.7,0
0.826322,3505.97,-0.84956,-1.82781,2.48648,-4876.4,0
0.832845,3506.05,-0.814178,-1.88395,0.566312,-4748.73,0
0.839385,3505.95,-0.980308,-1.96456,1.49151,-4822.3,0
0.845882,3505.8,-0.922702,-2.13663,3.3594,-4966.96,0
0.852406,3505.94,-0.863926,-2.10539,0.533083,-4766.85,0
0.858938,3505.88,-1.01888,-1.92384,1.7499,-4796.02,0
0.865464,3505.88,-0.800082,-2.10023,0.961773,-4756.1,0
0.871928,3505.86,-0.659928,-1.8542,2.1926,-4747.89,0
0.878424,3505.8,-0.716536,-1.96767,2.5262,-4777.09,0
0.884907,3505.88,-0.789109,-1.88651,0.546513,-4650.25,0
0.891388,3505.86,-0.508387,-1.77618,1.44732,-4646.56,0
0.897901,3505.69,-0.647357,-1.78517,3.91569,-4800.25,0
0.904444,3505.63,-0.577184,-1.71693,4.15746,-4827.68,0
0.910965,3505.69,-0.590033,-1.99054,1.24457,-4735.38,0
0.91747,3505.66,-0.488184,-2.02939,1.45253,-4725.76,0
0.924014,3505.5,-0.27852,-2.30162,3.42829,-4870.86,0
0.930536,3505.56,-0.202817,-2.2347,2.19286,-4773.02,0
0.937055,3505.63,-0.318611,-1.83173,2.02857,-4666.5,0
0.943538,3505.6,-0.140697,-1.99858,1.9336,-4667.68,0
0.950083,3505.63,-0.193503,-1.73319,1.87446,-4594.4,0
0.956616,3505.58,-0.162585,-1.7102,2.66464,-4625.66,0
0.963107,3505.63,-0.377435,-1.72781,0.940287,-4539.36,0
0.969615,3505.48,0.017512,-1.67625,3.85474,-4659.87,0
0.976161,3505.52,0.0952172,-1.71089,2.01243,-4589.36,0
0.982647,3505.51,-0.0162567,-1.95498,0.89168,-4571.83,0
0.989121,3505.4,-0.138877,-1.86268,2.9806,-4646.69,0
0.995614,3505.33,-0.124355,-1.81859,4.06513,-4694.01,0
1.00216,3505.39,-0.182253,-1.87671,1.54153,-4595.52,0
1.00866,3505.37,0.148244,-1.55848,2.84884,-4589.2,0
1.01512,3505.44,0.398989,-1.41135,1.58181,-4495.49,0
1.02166,3505.31,0.255732,-1.59847,3.39763,-4587.03,0
1.02816,3505.31,0.233132,-1.69484,2.7991,-4564.96,0
1.03472,3505.27,0.537242,-1.54009,3.68864,-4576.1,0
1.0412,3505.27,0.231598,-1.65744,2.8785,-4541.22,0
1.04767,3505.21,0.176541,-1.64776,3.72317,-4576.03,0
1.0542,3505.2,0.209565,-1.53907,3.60594,-4549.07,0
1.06072,3505.11,0.208452,-1.49423,4.46846,-4609.14,0
1.06722,3505.07,0.208607,-1.41994,4.1013,-4619.42,0
1.0737,3504.99,0.354602,-1.39284,4.71812,-4669.72,0
1.08022,3504.92,0.408504,-1.41555,4.48459,-4705.93,0
1.08675,3504.82,0.417447,-1.43169,5.06665,-4767.94,0
1.09329,3504.79,0.333807,-1.36339,4.6642,-4767.68,0
1.0998,3504.86,0.334161,-1.25022,2.55897,-4671.83,0
1.10631,3504.81,0.327465,-1.24971,3.33387,-4693.57,0
1.11284,3504.88,0.45053,-1.28474,0.822072,-4605.13,0
1.1194,3504.79,0.581104,-1.4206,2.00912,-4657.45,0
1.12592,3504.8,0.598574,-1.39204,1.01101,-4615.38,0
1.13241,3504.72,0.69358,-1.34652,2.88284,-4666.91,0
1.13899,3504.65,0.598291,-1.4249,3.69042,-4701.52,0
1.14546,3504.7,0.451965,-1.43144,2.1163,-4629.18,0
1.15191,3504.73,0.449468,-1.32135,1.3289,-4571.1,0
1.15842,3504.71,0.592768,-1.20286,1.74883,-4562.67,0
1.16495,3504.74,0.534156,-1.17765,1.01902,-4519.02,0
1.17147,3504.73,0.43799,-1.14933,1.1347,-4499.86,0
1.17793,3504.7,0.361813,-1.00724,1.96625,-4498.22,0
1.18444,3504.66,0.456989,-1.14155,2.12624,-4509.77,0
1.19094,3504.58,0.411503,-1.00213,4.28225,-4551.76,0
1.19743,3504.64,0.582076,-0.983607,1.69163,-4476.31,0
1.20394,3504.6,0.41578,-1.05668,2.54046,-4484.11,0
1.21042,3504.55,0.439598,-1.04396,3.5071,-4500.95,0
1.21696,3504.51,0.489184,-1.05126,3.6657,-4513.08,0
1.22345,3504.52,0.579022,-0.985873,2.9676,-4479.26,0
1.22992,3504.55,0.691631,-1.05999,1.14863,-4435.01,0
1.23645,3504.41,0.603198,-0.998544,4.10738,-4517.48,0
1.24296,3504.38,0.58413,-0.993464,3.94536,-4525.38,0
1.24941,3504.41,0.676748,-1.00367,1.89966,-4477.5,0
1.25596,3504.36,0.638925,-1.04556,1.96993,-4489.95,0
1.26246,3504.36,0.678833,-1.00781,1.87103,-4468.63,0
1.26902,3504.41,0.610649,-0.767296,1.13789,-4403.55,0
1.2755,3504.32,0.57379,-0.756989,3.25483,-4449.85,0
1.28199,3504.3,0.555436,-1.24722,1.66843,-4446.69,0
1.28848,3504.21,0.712352,-1.32254,2.92846,-4491.42,0
1.29495,3504.26,0.483862,-1.11757,2.61929,-4434.77,0
1.3015,3504.23,0.512718,-1.03083,3.24359,-4436.5,0
1.30799,3504.17,0.456224,-1.02613,4.3444,-4457.17,0
1.31451,3504.25,0.466356,-1.03193,1.33201,-4375.93,0
1.32099,3504.17,0.446686,-0.694482,4.50307,-4411.55,0
1.3275,3504.14,0.530123,-0.553581,4.09581,-4415.79,0
1.33403,3504.16,0.69162,-0.552449,1.72757,-4374.96,0
1.34053,3504.1,0.579525,-0.680743,3.2765,-4403.08,0
1.34703,3504.08,0.770269,-0.892538,2.15166,-4396.6,0
1.35353,3504.03,0.635622,-0.89909,3.72104,-4412.18,0
1.36003,3504.04,0.613828,-0.890907,2.4084,-4384.13,0
1.36651,3504.03,0.562302,-0.824774,2.84258,-4371.17,0
1.37304,3503.95,0.643587,-0.900003,4.20563,-4408.96,0
1.37955,3504.08,0.733776,-0.570554,0.133125,-4289.26,0
1.38609,3504.02,0.650045,-0.699503,1.76577,-4316.94,0
1.39263,3504.02,0.686984,-0.735747,0.749144,-4293.36,0
1.39911,3503.96,0.683038,-0.84265,1.75261,-4315.18,0
1.40561,3504,0.608817,-0.532843,1.53422,-4268.22,0
1.41211,3503.89,0.639336,-0.590357,4.15058,-4327.1,0
1.41861,3503.9,0.658466,-0.506157,2.68731,-4301.08,0
1.42512,3503.9,0.614779,-0.763899,1.28086,-4277.46,0
1.43162,3503.9,0.608871,-0.717369,1.15066,-4258.17,0
1.43811,3503.75,0.587487,-0.925888,4.48756,-4344.47,0
1.44463,3503.78,0.610428,-1.01679,1.91764,-4303.7,0
1.45112,3503.74,0.834049,-0.8894,2.74214,-4311.71,0
1.45763,3503.66,0.906955,-0.849944,4.33472,-4352.71,0
1.4641,3503.72,1.00764,-0.88138,1.06947,-4291.46,0
1.47061,3503.68,0.894276,-0.818111,2.96172,-4297.75,0
1.47713,3503.63,0.945252,-0.763358,3.93186,-4311.18,0
1.4836,3503.65,0.84755,-0.749392,2.721,-4278,0
1.49015,3503.68,0.577813,-0.862746,2.09566,-4240.67,0
1.49667,3503.7,0.58386,-0.923978,0.898281,-4211.86,0
1.50317,3503.54,0.452037,-0.804198,6.56521,-4294.92,0
1.50965,3503.53,0.45852,-0.91256,4.13838,-4283.2,0
1.51612,3503.58,0.30087,-0.866649,1.808,-4233.89,0
1.52262,3503.62,0.305601,-0.537597,1.46945,-4192.71,0
1.52915,3503.56,0.401596,-0.450526,3.31548,-4211.55,0
1.53561,3503.5,0.334892,-0.484022,4.74287,-4233.02,0
1.54212,3503.48,0.316678,-0.49797,3.83139,-4228.23,0
1.54863,3503.42,0.425665,-0.635906,3.95421,-4251.57,0
1.55514,3503.39,0.43394,-0.603538,4.20743,-4247.24,0
1.56165,3503.37,0.341668,-0.654339,3.75603,-4243.22,0
1.56816,3503.3,0.321063,-0.728926,4.8098,-4272.68,0
1.57468,3503.26,0.280673,-0.70321,4.64594,-4282.76,0
1.58121,3503.14,0.306334,-0.810096,6.34822,-4337.05,0
1.58772,3503.11,0.350504,-0.90527,4.39241,-4337.39,0
1.59419,3503.07,0.288651,-0.898758,3.0332,-4349.1,0
1.60071,3503.04,0.440437,-0.815825,3.20385,-4345.63,0
1.60719,3503.06,0.418895,-0.897523,1.52291,-4316.76,0
1.61368,3503,0.272834,-1.05834,2.98701,-4338.05,0
1.6202,3503,0.346143,-1.0344,2.56311,-4322.55,0
1.62672,3503.03,0.442861,-0.735834,2.87955,-4284.27,0
1.63322,3503,0.497469,-0.647964,4.44127,-4288.82,0
1.6397,3502.92,0.494693,-0.740723,4.9824,-4320.55,0
1.64617,3502.96,0.579964,-0.687901,1.02921,-4276.78,0
1.65269,3502.89,0.771966,-0.688634,2.57469,-4305.11,0
1.65918,3502.83,0.804009,-0.877596,2.80674,-4322.54,0
1.66568,3502.82,0.790102,-0.955711,1.9259,-4308.68,0
1.67217,3502.82,0.718918,-0.896371,2.59856,-4291.25,0
1.67871,3502.8,0.693414,-0.762553,3.99612,-4287.82,0
1.6852,3502.76,0.659399,-0.865343,4.37407,-4297.88,0
1.6917,3502.72,0.639922,-0.814824,5.47889,-4302.71,0
1.69819,3502.69,0.550708,-0.930973,5.27431,-4305.13,0
1.70472,3502.66,0.676693,-0.886673,5.36753,-4307.29,0
1.71122,3502.68,0.782608,-0.856359,1.58991,-4278.31,0
1.71775,3502.73,0.682271,-0.708841,1.27441,-4233.6,0
1.72426,3502.66,0.602585,-0.915918,2.53726,-4256.62,0
1.73073,3502.57,0.646082,-1.04347,3.6273,-4291.27,0
1.73726,3502.57,0.671677,-1.02827,2.8757,-4277.68,0
1.74378,3502.48,0.80737,-1.16535,3.44935,-4313.77,0
1.75025,3502.53,0.73336,-1.07127,2.48438,-4266.47,0
1.75674,3502.56,0.611884,-1.01932,2.14337,-4232.3,0
1.76322,3502.59,0.439134,-0.971773,2.11144,-4200.68,0
1.76968,3502.6,0.509014,-0.768442,3.58755,-4184.15,0
1.77619,3502.58,0.453382,-0.601433,5.2844,-4175.1,0
1.78272,3502.61,0.488454,-0.401027,3.75934,-4146.25,0
1.78928,3502.56,0.603464,-0.521626,4.15207,-4157,0
1.7958,3502.58,0.637182,-0.405244,2.77024,-4133.59,0
1.80229,3502.58,0.625007,-0.527002,1.11555,-4117.35,0
1.80878,3502.45,0.613668,-0.621981,6.6002,-4171.91,0
1.81527,3502.37,0.575283,-0.684781,6.86602,-4203.24,0
1.82179,3502.26,0.539828,-0.639448,8.42313,-4249.27,0
1.8283,3502.2,0.573683,-0.670132,5.04064,-4266.2,0
1.83483,3502.19,0.648879,-0.654476,3.521,-4254.82,0
1.84132,3502.13,0.800942,-0.702331,4.1145,-4276.1,0
1.84779,3502.08,0.758796,-0.656885,6.84736,-4288.01,0
1.8543,3502.04,0.768582,-0.601959,6.75704,-4294.15,0
1.86082,3502.05,0.672524,-0.662517,3.32735,-4272.47,0
1.86734,3502.03,0.632225,-0.686825,2.71111,-4265.73,0
1.87386,3502.01,0.4637,-0.609227,6.22778,-4264.4,0
1.88039,3501.89,0.432022,-0.613624,9.05765,-4314.79,0
1.88691,3501.89,0.360281,-0.779509,4.37337,-4299.45,0
1.89344,3501.81,0.300035,-0.752206,9.31359,-4324.96,0
1.89993,3501.81,0.268129,-0.699308,8.20491,-4313.16,0
1.90647,3501.8,0.359233,-0.817191,1.08968,-4299.7,0
1.913,3501.78,0.346668,-0.785855,3.80547,-4298.99,0
1.91953,3501.71,0.397966,-0.72687,7.40303,-4317.96,0
1.92601,3501.78,0.342078,-0.641901,3.0579,-4269.85,0
1.93253,3501.75,0.326353,-0.778617,1.25332,-4271.1,0
1.93904,3501.68,0.236138,-0.762835,4.40932,-4291.29,0
1.94559,3501.62,0.483813,-0.775369,4.62808,-4306.64,0
1.95213,3501.62,0.545829,-0.751238,2.38036,-4291.48,0
1.95864,3501.6,0.518228,-0.760311,2.80937,-4287.78,0
1.96515,3501.53,0.613307,-0.705067,6.79169,-4307.7,0
1.97162,3501.53,0.618604,-0.744606,4.66338,-4297.12,0
1.97812,3501.52,0.551159,-0.658361,5.15793,-4289,0
1.98462,3501.43,0.675073,-0.690608,3.87848,-4315.84,0
1.99112,3501.37,0.604991,-0.668237,9.91051,-4333.62,0
1.99763,3501.27,0.642985,-0.691984,1.1897,-4369.71,0
2.00417,3501.26,0.729223,-0.580206,1.70667,-4361.08,0
2.01066,3501.22,0.79878,-0.562208,1.98822,-4367.49,0
2.01717,3501.14,0.783043,-0.576802,6.71167,-4390.78,0
2.0237,3501.08,0.7385,-0.74674,5.66077,-4408.65,0
2.03023,3501.02,0.888961,-0.747963,0.497143,-4422.14,0
2.03675,3501.08,0.775481,-0.635916,6.55249,-4379.85,0
2.04324,3501.01,0.853188,-0.5692,9.04472,-4402.17,0
2.04975,3500.95,0.817414,-0.681253,6.79771,-4417.11,0
2.05625,3500.87,0.760273,-0.663989,5.94865,-4442.33,0
2.06273,3500.89,0.720458,-0.592315,8.21287,-4415.15,0
2.06928,3500.95,0.502895,-0.602148,3.65325,-4372.01,0
2.07578,3500.89,0.53579,-0.613368,7.17908,-4388.15,0
2.08231,3500.93,0.343498,-0.713473,1.43242,-4353.58,0
2.08886,3500.93,0.395746,-0.652216,4.97099,-4341.84,0
2.09535,3500.88,0.475379,-0.660732,3.82107,-4352.83,0
2.10184,3500.79,0.390973,-0.564853,2.98082,-4383.84,0
2.10687,3500.75,0.366846,-0.555152,1.54413,-4392.14,0
