0.00650339,3509.86,-0.427002,6.28614,1.17929,-21755.4,0
0.0129975,3509.95,-0.500653,6.10406,0.676638,-4067.15,0
0.0195015,3509.95,-0.518423,5.57235,1.91652,-2762.88,0
0.0260325,3509.8,-0.62799,5.52678,2.98376,-7824.69,0
0.0325216,3509.74,-0.750338,5.76976,2.35861,-8125.72,0
0.039032,3509.65,-0.761069,5.86936,2.52447,-9062.68,0
0.0455382,3509.54,-0.741079,5.78179,3.13773,-10135.3,0
0.0520053,3509.52,-0.862508,5.63329,3.10399,-9324.16,0
0.0584947,3509.64,-1.00213,5.5944,1.42006,-6151.33,0
0.0650289,3509.59,-1.06824,5.38371,2.28025,-6340.77,0
0.0715298,3509.59,-1.16307,5.61791,1.18225,-5673.87,0
0.078045,3509.52,-1.0799,5.45366,1.96396,-6115.13,0
0.0845492,3509.41,-0.98093,5.45435,2.68023,-6949.52,0
0.0910289,3509.39,-0.93372,5.3152,2.77213,-6698.34,0
0.0975506,3509.47,-0.677365,5.3292,1.63789,-5430.08,0
0.104044,3509.56,-0.744577,5.03836,1.22145,-4228.82,0
0.11058,3509.43,-0.777422,5.1481,2.09597,-5152.23,0
0.117073,3509.47,-0.705196,5.16983,1.34874,-4540.08,0
0.123556,3509.3,-0.688161,5.06679,3.00846,-5655.54,0
0.130082,3509.35,-0.617926,5.1294,1.91706,-5009.04,0
0.136601,3509.26,-0.551251,5.1562,2.46066,-5422.67,0
0.143098,3509.32,-0.474041,5.42604,0.514797,-4736.59,0
0.149604,3509.11,-0.480815,5.52286,2.26958,-5975.12,0
0.156128,3509.08,-0.680021,5.71124,1.55626,-5873.43,0
0.162596,3509.1,-0.934319,5.52518,1.61692,-5509.25,0
0.16905,3509.05,-1.01268,5.40222,2.35562,-5648.42,0
0.175532,3509.19,-0.933626,5.55027,0.201171,-4595.54,0
0.182012,3508.98,-1.31548,5.56821,2.13676,-5626.48,0
0.188496,3508.84,-1.37639,5.67465,2.85908,-6162.87,0
0.194964,3508.88,-1.34981,5.63307,1.94071,-5747.17,0
0.201494,3508.9,-1.30531,5.45805,2.0216,-5444.47,0
0.207992,3508.95,-1.47498,5.4648,1.07201,-5038.79,0
0.214518,3509.02,-1.28108,5.40532,0.56232,-4556.44,0
0.221028,3508.93,-1.13353,5.53807,1.16962,-4844.69,0
0.227533,3508.85,-1.17442,5.74721,1.17401,-5046.02,0
0.234032,3508.62,-1.24361,5.76236,3.20884,-5915.56,0
0.240496,3508.54,-1.27255,5.70741,3.44764,-6089.08,0
0.247024,3508.48,-1.22911,5.77656,3.27323,-6167.21,0
0.253502,3508.51,-1.32917,5.75939,2.3785,-5865.91,0
0.26003,3508.45,-1.21115,5.66799,2.89935,-5958.91,0
0.266549,3508.51,-1.35827,5.59725,1.93008,-5592.09,0
0.273032,3508.27,-1.62721,5.67261,3.75217,-6351.95,0
0.279544,3508.26,-1.66402,5.67231,2.9314,-6227.42,0
0.286075,3508.28,-1.53755,5.69404,2.49765,-6020.08,0
0.292545,3508.26,-1.46027,5.66497,2.18217,-5952.62,0
0.299003,3508.16,-1.5074,5.59652,2.98297,-6161.21,0
0.305492,3508.17,-1.44098,5.6238,2.4238,-6002.07,0
0.312031,3508.4,-1.48516,5.29219,0.428057,-5141.22,0
0.318476,3508.44,-1.40697,5.07023,0.678993,-4907.08,0
0.324987,3508.39,-1.27354,5.08859,1.24153,-4962.76,0
0.331469,3508.49,-1.47212,4.75793,0.776604,-4568.28,0
0.337984,3508.42,-1.64911,4.977,0.415184,-4679.85,0
0.344468,3508.19,-1.61359,5.04991,2.4579,-5267.01,0
0.350994,3508.05,-1.67755,5.15234,3.18058,-5556.84,0
0.357515,3508.07,-1.73025,5.247,1.87925,-5402.7,0
0.3641,3508.2,-1.42081,5.258,0.464908,-4930.59,0
0.370555,3507.88,-1.66544,5.47175,2.70578,-5712.38,0
0.377067,3508.05,-1.91037,5.1745,1.27276,-5183.03,0
0.383628,3507.95,-1.60381,5.27412,2.19493,-5339.1,0
0.390129,3508.13,-1.78269,4.98401,0.731686,-4796.07,0
0.396621,3507.96,-1.92536,4.92219,2.22971,-5149.83,0
0.40307,3508.04,-1.85913,4.72298,1.70667,-4855.41,0
0.409565,3508.1,-2.06265,4.44397,1.50581,-4644.37,0
0.416056,3507.93,-2.15851,4.4194,2.9282,-4972.28,0
0.422569,3507.94,-2.01172,4.30781,2.72094,-4875.03,0
0.429055,3507.96,-2.05731,4.32163,1.90355,-4761.44,0
0.435535,3507.92,-1.89974,4.51304,1.76107,-4766.89,0
0.442007,3507.88,-1.66798,4.58973,2.1403,-4800.81,0
0.448536,3507.8,-1.65915,4.49173,2.98327,-4899.74,0
0.455099,3507.96,-1.62508,4.36642,0.870953,-4479.2,0
0.461582,3507.75,-1.58625,4.26218,3.57611,-4875.65,0
0.468074,3507.95,-1.56827,4.26923,0.377501,-4375.81,0
0.474603,3507.76,-1.49069,4.57422,1.748,-4716.11,0
0.481087,3507.73,-1.52193,4.51901,1.94724,-4713.93,0
0.487595,3507.6,-1.54659,4.45404,3.23933,-4929.76,0
0.494111,3507.66,-1.5064,4.33266,2.33962,-4728.88,0
0.500623,3507.68,-1.47602,4.30416,1.93999,-4644.11,0
0.507145,3507.66,-1.85066,4.41711,1.00629,-4610.2,0
0.51368,3507.51,-2.08017,4.88453,0.720132,-4851.96,0
0.5202,3507.31,-2.10739,4.84843,2.91537,-5164.1,0
0.52672,3507.36,-2.17233,4.82468,1.95747,-5005.62,0
0.533211,3507.39,-2.00506,4.69681,2.0312,-4896.28,0
0.539732,3507.52,-1.83404,4.50895,0.96748,-4598,0
0.546246,3507.34,-1.63677,4.46538,3.45555,-4876.59,0
0.552763,3507.27,-1.5542,4.38594,3.9723,-4930.87,0
0.559299,3507.31,-1.53493,4.46501,2.33073,-4807.74,0
0.565827,3507.23,-1.44289,4.42829,3.02019,-4893.1,0
0.572382,3507.3,-1.43787,4.69795,0.6794,-4714.84,0
0.578897,3507.22,-1.62741,4.81337,0.758453,-4806.77,0
0.585394,3506.96,-1.62435,4.99859,2.8812,-5187.59,0
0.591885,3506.91,-1.55841,5.25941,2.16204,-5226.17,0
0.598379,3506.8,-1.24034,5.30467,3.20922,-5349.27,0
0.604902,3506.79,-1.19223,5.12115,3.50368,-5305.39,0
0.611366,3506.76,-1.21877,5.05952,3.28866,-5294.24,0
0.617885,3506.89,-1.09961,5.1475,1.06602,-5034.11,0
0.624408,3506.78,-1.40628,5.08832,2.18674,-5152.29,0
0.63088,3506.76,-1.41163,4.93466,2.76972,-5130.15,0
0.637427,3506.8,-1.12137,4.99971,1.69678,-5017.96,0
0.643924,3506.78,-1.44194,4.8819,1.8663,-5006.76,0
0.650394,3506.77,-1.27489,4.96723,1.45345,-4969.09,0
0.656882,3506.81,-1.34014,4.87959,0.710427,-4861.31,0
0.663409,3506.55,-1.43095,5.02395,3.06422,-5203.31,0
0.669921,3506.52,-1.47556,4.87685,3.43684,-5194.53,0
0.676421,3506.78,-1.62923,4.70592,0.120515,-4767.57,0
0.682916,3506.79,-1.6064,4.40824,1.21545,-4706.71,0
0.689409,3506.91,-1.61682,4.03598,0.810971,-4483.28,0
0.695897,3506.92,-1.31422,3.63789,2.57195,-4429.83,0
0.702388,3506.84,-1.13007,3.80949,2.61553,-4492.89,0
0.708918,3506.79,-1.23275,3.73091,2.91531,-4527.35,0
0.715472,3506.79,-1.20653,3.76434,2.40033,-4488.23,0
0.721936,3506.89,-1.14635,3.88004,0.304602,-4307.78,0
0.728396,3506.87,-1.13983,3.68316,1.21143,-4303.02,0
0.734882,3506.57,-1.1228,3.9074,3.98232,-4665.43,0
0.741398,3506.49,-1.09688,3.81016,4.12715,-4732.15,0
0.747983,3506.44,-1.03446,3.79827,3.74039,-4754.41,0
0.754459,3506.49,-1.06837,3.8473,2.2238,-4651.88,0
0.760999,3506.42,-1.01046,4.01994,2.0017,-4702.86,0
0.767544,3506.58,-1.057,3.59997,1.15485,-4456.56,0
0.774079,3506.58,-0.996739,3.605,1.0569,-4419.53,0
0.780604,3506.37,-1.18572,3.56417,3.70364,-4644.56,0
0.787074,3506.25,-1.31636,3.64894,4.26656,-4759.96,0
0.793577,3506.49,-1.18574,3.55365,0.650242,-4428.58,0
0.80007,3506.44,-1.21562,3.53572,1.17535,-4449.66,0
0.806557,3506.3,-1.32798,3.64698,2.46642,-4592.93,0
0.813067,3506.25,-1.32532,3.64535,2.50562,-4617.84,0
0.819564,3506.2,-1.37251,3.75221,2.04798,-4634.8,0
0.826022,3506.07,-1.56742,3.6933,3.41036,-4757.95,0
0.832559,3506.16,-1.53511,3.73351,1.28121,-4606.77,0
0.839081,3506.03,-1.57202,3.57332,3.5116,-4730.02,0
0.845578,3506.2,-1.60074,3.48367,0.604149,-4491.22,0
0.852099,3506.05,-1.29772,3.3745,3.68992,-4632.54,0
0.858594,3506.09,-1.50971,3.32468,2.40338,-4549.98,0
0.865091,3506.14,-1.42786,3.06021,2.53629,-4461.82,0
0.871591,3506.11,-1.49341,3.19044,2.02032,-4459.91,0
0.878089,3506.11,-1.39848,3.152,2.21919,-4429.52,0
0.884585,3505.93,-1.36981,3.30193,4.01424,-4595.56,0
0.89106,3505.88,-1.44128,3.4497,3.30472,-4625.02,0
0.897553,3506,-1.50425,3.35105,1.15771,-4460.02,0
0.904052,3505.78,-1.53555,3.39939,3.98506,-4664.07,0
0.910553,3505.75,-1.53134,3.63947,2.69691,-4666.87,0
0.917068,3505.7,-1.52787,3.6747,2.76319,-4692.71,0
0.92356,3505.61,-1.71848,3.77407,2.9552,-4751.08,0
0.93004,3505.68,-1.883,3.87119,0.27858,-4645.71,0
0.93656,3505.5,-1.88025,3.8141,2.9617,-4809.57,0
0.943062,3505.42,-1.80009,3.72614,3.88883,-4851.55,0
0.949551,3505.39,-1.96086,3.99768,1.70509,-4852.12,0
0.956037,3505.47,-1.86191,3.89565,1.06736,-4740.57,0
0.96254,3505.56,-1.88454,3.56335,1.16439,-4611.35,0
0.969059,3505.52,-1.82586,3.4983,2.1589,-4625.86,0
0.975586,3505.41,-2.08816,3.5327,2.77555,-4709.66,0
0.982089,3505.33,-2.00267,3.61774,2.96394,-4755.16,0
0.988561,3505.26,-2.03933,3.58439,3.34965,-4792.98,0
0.99506,3505.19,-2.04348,3.89829,2.18678,-4838.2,0
1.00155,3505.15,-1.99302,3.81891,2.9978,-4843.57,0
1.00803,3505.23,-2.1267,3.83867,0.528244,-4733.18,0
1.01452,3505.12,-1.90174,3.89582,2.42206,-4807.6,0
1.02105,3505.07,-1.79756,3.92631,3.02456,-4826.71,0
1.02758,3505,-1.76106,3.76901,4.38862,-4866.57,0
1.03412,3504.96,-1.71607,3.93403,3.1836,-4874.54,0
1.04066,3505.15,-1.87517,3.58502,1.27908,-4662.7,0
1.04713,3505.05,-1.93122,3.80913,1.3591,-4730.68,0
1.05368,3505.04,-1.77983,3.69222,2.39567,-4711.48,0
1.06017,3505.09,-1.83516,3.55706,1.68787,-4627.72,0
1.0667,3505.07,-1.80247,3.72983,0.740109,-4624.62,0
1.07317,3505.01,-1.58292,3.76052,1.99846,-4650.09,0
1.07968,3504.9,-1.6189,3.9185,2.36587,-4721.33,0
1.08619,3504.9,-1.77399,4.10338,0.439448,-4699.87,0
1.09264,3504.71,-1.77777,4.14655,3.02161,-4840.62,0
1.09913,3504.6,-1.82215,4.18269,3.497,-4910.63,0
1.10565,3504.52,-1.88276,4.3428,2.72692,-4956.25,0
1.11216,3504.44,-1.95063,4.40276,3.14208,-5001.54,0
1.11868,3504.45,-1.9564,4.57576,0.965269,-4959.33,0
1.1252,3504.3,-2.29027,4.53586,2.33248,-5065.7,0
1.13172,3504.24,-2.22959,4.48521,3.29315,-5092.71,0
1.13821,3504.31,-2.07179,4.54708,1.7326,-5002.71,0
1.14472,3504.32,-2.39109,4.43895,0.836334,-4963.01,0
1.15122,3504.18,-2.30342,4.45672,3.11823,-5056.95,0
1.15771,3504.14,-2.32112,4.4899,2.56684,-5058.28,0
1.16423,3504.03,-2.25811,4.59467,2.99187,-5128.71,0
1.17076,3503.93,-2.15597,4.74099,3.60303,-5187.46,0
1.17724,3504,-1.92946,4.90869,1.33397,-5092.54,0
1.18373,3503.96,-1.89223,4.70832,3.57653,-5104.03,0
1.19025,3504.03,-1.93076,4.47939,3.83211,-5017.13,0
1.19675,3503.98,-1.8776,4.49921,3.84629,-5032.87,0
1.20326,3503.9,-1.91901,4.57502,3.55381,-5070.13,0
1.20976,3503.8,-2.32061,4.5172,3.59491,-5124.88,0
1.21624,3503.75,-2.28023,4.47844,3.73488,-5138.01,0
1.22275,3503.72,-2.2055,4.45832,3.7179,-5132.86,0
1.22924,3503.73,-2.29608,4.62918,1.03243,-5098.7,0
1.23574,3503.58,-2.3195,4.57321,3.66574,-5196.27,0
1.24226,3503.51,-2.40972,4.49144,4.17079,-5227.57,0
1.24877,3503.48,-2.36131,4.39157,4.71433,-5221.95,0
1.25526,3503.6,-2.39044,4.36577,1.23979,-5101.95,0
1.26176,3503.5,-2.41241,4.44572,1.94592,-5153.17,0
1.26822,3503.52,-2.32344,4.36698,2.36656,-5111.46,0
1.27471,3503.53,-2.15074,4.36187,2.6243,-5077.65,0
1.28121,3503.43,-2.10647,4.29013,4.31976,-5127.93,0
1.28775,3503.36,-2.14803,4.30978,3.94399,-5159.36,0
1.29426,3503.37,-2.08533,4.29528,3.3796,-5120.14,0
1.30075,3503.32,-2.1034,4.26411,3.90849,-5135.27,0
1.30726,3503.25,-2.06103,4.28243,4.61089,-5160.86,0
1.31375,3503.21,-2.13133,4.24114,4.27166,-5167.26,0
1.32028,3503.3,-2.13274,4.22617,1.85169,-5077.71,0
1.32676,3503.27,-2.11405,4.09857,3.3792,-5073.62,0
1.33325,3503.39,-2.0386,3.95117,2.32838,-4956.2,0
1.3397,3503.36,-1.64796,4.13428,2.54509,-4954.54,0
1.34625,3503.39,-1.62207,4.1528,1.46281,-4910.45,0
1.35276,3503.3,-1.55531,4.143,2.93842,-4954.82,0
1.3593,3503.24,-1.42409,4.15695,3.77745,-4976.63,0
1.36581,3503.18,-1.35263,4.16974,4.16038,-4991.37,0
1.37231,3503.06,-1.53001,4.15738,4.89177,-5056.71,0
1.37881,3503.01,-1.46008,4.16917,4.39592,-5073.11,0
1.38532,3502.97,-1.43527,4.11612,4.66356,-5073.78,0
1.39184,3502.91,-1.43425,4.34704,2.16033,-5092.54,0
1.39837,3502.85,-1.64041,4.45444,0.73678,-5112.21,0
1.40486,3502.91,-1.35929,4.25664,2.82138,-5045.49,0
1.41135,3503.03,-1.48211,4.09834,1.3903,-4939.91,0
1.41785,3503.05,-1.39297,4.10103,0.890821,-4899.89,0
1.42435,3502.93,-1.35224,4.08033,3.54979,-4965.71,0
1.43087,3502.99,-1.41989,4.13389,0.608951,-4895.66,0
1.43739,3502.98,-1.31826,3.96369,2.94739,-4881.21,0
1.44386,3502.77,-1.35751,4.40284,1.20815,-5006.5,0
1.45038,3502.64,-1.40308,4.26885,4.5632,-5072.46,0
1.45685,3502.62,-1.35003,4.25452,4.37344,-5065.34,0
1.46337,3502.69,-1.45109,4.11148,3.50535,-4997.02,0
1.46984,3502.66,-1.54404,4.05204,3.29926,-4993.73,0
1.47636,3502.62,-1.59951,4.05179,3.1691,-4997.87,0
1.4828,3502.67,-1.65955,3.93265,2.93755,-4942.57,0
1.48928,3502.66,-1.61071,3.99231,1.87942,-4925.24,0
1.49579,3502.74,-1.23979,3.96606,2.05578,-4854.46,0
1.5023,3502.64,-1.22902,4.01437,3.25492,-4899.06,0
1.50876,3502.6,-1.37458,3.9602,3.55836,-4902.33,0
1.51526,3502.68,-1.46287,3.81604,2.84566,-4828.4,0
1.52178,3502.77,-1.19523,3.90329,0.379083,-4749.33,0
1.52828,3502.82,-1.25201,3.63504,2.30121,-4695.53,0
1.53481,3502.77,-1.07394,3.48957,5.26378,-4707.46,0
1.54133,3502.74,-1.14982,3.52313,4.00411,-4707.43,0
1.54784,3502.79,-1.19715,3.61384,1.11293,-4659.24,0
1.55435,3502.65,-1.19638,3.68168,2.68832,-4729.14,0
1.56086,3502.75,-0.973874,3.63288,1.68846,-4646.15,0
1.56739,3502.67,-0.647262,3.70195,3.29054,-4677.46,0
1.57388,3502.61,-0.525155,3.97603,0.280613,-4696.7,0
1.58039,3502.47,-0.71436,3.98925,2.63058,-4767.48,0
1.58695,3502.39,-0.764016,3.93366,4.33741,-4795.51,0
1.59345,3502.35,-0.761312,3.89981,4.56093,-4801,0
1.59998,3502.35,-0.745887,3.81216,4.56486,-4783.03,0
1.6065,3502.33,-0.755454,3.81937,3.66704,-4774.97,0
1.61302,3502.28,-0.720902,3.7729,4.43332,-4785.73,0
1.6195,3502.3,-0.690513,3.86754,1.38569,-4756.27,0
1.62598,3502.2,-0.644742,3.98858,1.64648,-4799.77,0
1.63247,3502.14,-0.51981,3.96019,3.58702,-4814.6,0
1.63898,3502.12,-0.46975,4.10678,0.732588,-4807.55,0
1.64552,3502.07,-0.522886,4.10808,1.44167,-4818.72,0
1.65201,3501.94,-0.30373,4.05499,5.02808,-4878.19,0
1.65858,3501.91,-0.426045,4.12878,3.14759,-4879.53,0
1.66508,3501.98,-0.307829,4.01029,3.25096,-4819.12,0
1.67161,3501.94,-0.487266,3.96212,3.74592,-4819.86,0
1.67813,3501.84,-0.386619,4.01652,4.64938,-4864.13,0
1.68459,3501.88,-0.330086,4.05262,2.23367,-4820.5,0
1.69107,3501.83,-0.292905,4.00153,3.87038,-4829.57,0
1.69754,3501.86,-0.362595,4.0117,1.9272,-4794.11,0
1.70406,3501.8,-0.294702,3.9724,3.58507,-4813.43,0
1.71052,3501.98,-0.333753,3.80259,1.79822,-4689.03,0
1.71702,3502.1,-0.0779495,3.63314,2.07277,-4603.88,0
1.72355,3502.22,-0.249583,3.48296,1.08889,-4512.9,0
1.73004,3502.13,-0.259957,3.52448,2.61789,-4550.87,0
1.73659,3502,-0.308215,3.76165,0.901876,-4606.4,0
1.74309,3501.83,-0.350177,3.8536,2.79314,-4686.09,0
1.74956,3501.75,-0.468466,3.89582,2.91889,-4718.08,0
1.75611,3501.73,-0.312444,3.93647,2.50793,-4712.08,0
1.76263,3501.64,-0.122139,4.12764,0.537117,-4740.15,0
1.76915,3501.57,-0.210079,4.08494,2.83804,-4764.81,0
1.77571,3501.72,-0.0221003,3.97537,0.907939,-4661.62,0
1.78221,3501.7,0.0794713,3.88953,2.49779,-4655.22,0
1.78874,3501.69,-0.173604,3.94395,1.2052,-4644.34,0
1.79525,3501.36,0.0215867,4.31393,1.15008,-4812.29,0
1.80174,3501.27,0.116925,4.3577,1.7296,-4848,0
1.80825,3501.3,0.02237,4.27165,2.38716,-4812.99,0
1.81477,3501.23,-0.0739587,4.22871,4.20714,-4831.39,0
1.82128,3501.2,-0.185758,4.20693,3.82726,-4831.08,0
1.82778,3501.15,-0.180974,4.11089,5.27151,-4839.9,0
1.8343,3501.18,0.0229962,4.15451,2.93712,-4806.96,0
1.84082,3501.25,-0.255414,3.9688,4.82501,-4752.16,0
1.84729,3501.2,-0.00661599,4.07814,2.95121,-4763.25,0
1.85381,3501.04,-0.148972,4.13444,4.67633,-4833.57,0
1.86029,3500.99,-0.0854143,4.06718,5.6207,-4840.72,0
1.86679,3500.99,-0.167234,4.05188,4.12647,-4823.98,0
1.8733,3500.94,-0.1082,4.06158,3.70752,-4835.39,0
1.87979,3500.94,-0.071041,4.04275,3.2807,-4821.54,0
1.88627,3500.91,0.0155472,4.11645,1.79314,-4818.15,0
1.89284,3500.83,0.078399,4.12414,2.55854,-4843.6,0
1.89935,3500.85,-0.00962587,4.02395,2.46087,-4816.17,0
1.90585,3500.79,-0.18554,4.06191,2.44343,-4829.97,0
1.91237,3500.81,-0.158466,4.09908,0.776311,-4803.81,0
1.91888,3500.93,0.000729337,3.85723,3.63261,-4726.35,0
1.92536,3500.84,0.0181891,3.88339,4.53379,-4758.01,0
1.93183,3500.79,-0.0720105,3.86527,4.43368,-4767.65,0
1.93836,3500.7,-0.0818106,4.02842,1.4833,-4797.28,0
1.94489,3500.6,-0.153092,4.04093,3.26891,-4834.73,0
1.95139,3500.61,-0.201324,3.96617,3.27182,-4809.6,0
1.95788,3500.75,-0.118392,3.86058,2.2307,-4726.83,0
1.9644,3500.74,-0.0667957,3.85878,1.32214,-4716.42,0
1.97088,3500.47,0.163095,4.00275,3.12774,-4833.86,0
1.97741,3500.36,0.0825762,3.99565,4.90829,-4874.84,0
1.98388,3500.22,-0.057864,4.15655,2.90521,-4927.5,0
1.99039,3500,0.082442,4.32999,2.67842,-5023.64,0
1.9969,3500.03,0.317029,4.25073,3.66757,-4993.24,0
2.00341,3500.11,0.245111,4.14477,4.21441,-4934.54,0
2.00992,3500.08,0.326843,4.12047,4.73789,-4935.57,0
2.01642,3500.05,0.372781,4.12533,4.31763,-4934.34,0
2.02292,3499.96,0.488575,4.11662,4.97789,-4961.01,0
2.02946,3499.92,0.471876,4.13284,2.69911,-4967.27,0
2.03597,3499.97,0.669476,4.10621,1.08654,-4925.02,0
2.04247,3500.03,0.625555,3.8994,4.53661,-4881.19,0
2.04895,3500.1,0.687958,3.83891,3.05646,-4831.52,0
2.05547,3500.15,0.502938,3.81266,3.23003,-4793.69,0
2.06194,3499.95,0.536501,3.94815,2.74233,-4873.96,0
2.06851,3500.1,0.566567,3.83658,2.15584,-4788.32,0
2.07501,3500.15,0.484992,3.7063,4.07106,-4745.76,0
2.08153,3500.11,0.558448,3.74569,2.73433,-4751.55,0
2.08804,3500.1,0.462811,3.76256,2.44355,-4743.31,0
2.0945,3500.04,0.359558,3.72478,4.29969,-4755.83,0
2.10101,3500.08,0.312223,3.7109,3.19647,-4722.84,0
2.10748,3500.01,0.0857036,3.67976,5.43979,-4741.52,0
2.11399,3500,-0.0661457,3.74058,2.08137,-4732.21,0
2.12048,3499.81,-0.276,3.79912,3.94793,-4806.94,0
2.12698,3499.94,-0.320313,3.79695,0.470043,-4731.96,0
2.13347,3499.84,-0.23321,3.80322,2.12091,-4759.93,0
2.14001,3499.97,-0.103712,3.63714,4.24148,-4686.49,0
2.14652,3499.9,-0.0771411,3.71008,2.9428,-4706.5,0
2.15302,3499.88,-0.0420402,3.67841,3.40846,-4699.22,0
2.15955,3499.9,-0.118526,3.69916,0.791053,-4675.14,0
2.16608,3499.89,-0.0403535,3.56645,4.36469,-4667.24,0
2.17257,3499.8,-0.019911,3.55601,4.75977,-4694.53,0
2.17906,3499.75,-0.0740398,3.52344,4.69799,-4705.38,0
2.18557,3499.83,-0.035535,3.49412,2.79246,-4652.37,0
2.19207,3499.71,-0.136076,3.50405,3.66924,-4693.11,0
2.19861,3499.72,-0.232816,3.56216,0.755988,-4675.64,0
2.20513,3499.62,-0.323354,3.46138,5.95059,-4707.63,0
2.21163,3499.53,-0.299272,3.47892,4.15784,-4732.17,0
2.21812,3499.53,-0.484076,3.49422,2.36274,-4718.37,0
2.22468,3499.44,-0.32124,3.53611,3.22435,-4745.12,0
2.23119,3499.52,-0.337742,3.39544,4.81297,-4697.79,0
2.23769,3499.52,-0.274318,3.43938,2.64036,-4683.14,0
2.24422,3499.49,-0.217708,3.41279,3.66431,-4681.26,0
2.25075,3499.5,-0.263739,3.46195,0.928005,-4666.4,0
2.25725,3499.48,-0.153207,3.38639,4.05123,-4662.3,0
2.26375,3499.51,-0.380414,3.42859,0.43313,-4635.7,0
2.27025,3499.54,-0.520835,3.3121,3.0053,-4607.79,0
2.27671,3499.67,-0.436799,3.26606,1.54012,-4535.87,0
2.28319,3499.76,-0.378483,3.15215,3.53076,-4483.81,0
2.28969,3499.72,-0.432789,3.17885,2.8452,-4489.1,0
2.29614,3499.66,-0.502515,3.14624,4.61011,-4505.08,0
2.30267,3499.72,-0.484496,3.06559,4.90225,-4463.18,0
2.30922,3499.75,-0.380638,3.05593,3.97576,-4440.68,0
2.31571,3499.74,-0.355288,3.0085,3.79022,-4429.83,0
2.32218,3499.81,-0.276229,2.93731,4.0103,-4389.17,0
2.32869,3499.76,-0.31807,2.949,4.01117,-4397.8,0
2.33524,3499.84,-0.310322,2.9351,1.92901,-4351.85,0
2.34176,3499.77,-0.309902,2.88949,4.49183,-4368.82,0
2.34828,3499.78,-0.567897,2.88085,2.37258,-4354.08,0
2.35482,3499.96,-0.515216,2.78462,1.50231,-4265.56,0
2.36134,3499.95,-0.553849,2.69381,5.1397,-4257.7,0
2.36789,3499.91,-0.570005,2.64492,5.3307,-4261.41,0
2.37441,3499.92,-0.514916,2.60517,5.81832,-4247.12,0
2.38091,3499.89,-0.53119,2.59585,4.01256,-4245.75,0
2.38743,3499.91,-0.527752,2.56116,4.16339,-4225.63,0
2.39396,3499.92,-0.564209,2.56145,2.79508,-4209.14,0
2.40043,3499.94,-0.429431,2.57,2.55466,-4191.67,0
2.40694,3499.87,-0.414075,2.54915,4.26638,-4209.68,0
2.41341,3499.76,-0.517654,2.54615,5.12374,-4242.54,0
2.41992,3499.8,-0.518283,2.54628,3.49801,-4215.94,0
2.42641,3499.95,-0.480282,2.48201,1.80504,-4143.72,0
2.43294,3499.95,-0.523889,2.48689,0.456782,-4132.86,0
2.43948,3499.92,-0.515443,2.35478,5.72287,-4132.15,0
2.44599,3500.05,-0.592216,2.28597,2.94558,-4066.05,0
2.45252,3500.07,-0.427785,2.30093,2.75203,-4050.52,0
2.459,3500.13,-0.42939,2.19327,4.26576,-4015.78,0
2.46549,3500.17,-0.552363,2.11053,2.85244,-3985.13,0
2.47199,3500.15,-0.624539,2.04171,5.27751,-3984.6,0
2.47849,3500.09,-0.72167,2.04119,3.60219,-3998.17,0
2.48502,3500.01,-0.705474,2.02739,4.57187,-4021.33,0
2.49151,3500.06,-0.561776,2.01092,4.55663,-3989.51,0
2.49805,3500.08,-0.596822,1.92805,5.29598,-3969.25,0
2.50454,3500.22,-0.617138,1.83178,2.83951,-3904.51,0
2.51109,3500.21,-0.698046,1.75108,5.99578,-3899.95,0
2.51764,3500.27,-0.692696,1.76123,1.04389,-3864.74,0
2.52415,3500.24,-0.825691,1.67292,3.09774,-3867.54,0
2.53062,3500.13,-0.925149,1.66655,2.88556,-3901.63,0
2.5371,3500.17,-0.995691,1.55747,4.53238,-3874.37,0
2.54362,3500.14,-1.0033,1.47584,5.53343,-3875.26,0
2.55013,3500.16,-0.855211,1.58307,2.82944,-3859.34,0
2.55662,3500.24,-0.952031,1.45134,3.95373,-3817.88,0
2.5631,3500.12,-1.05884,1.3905,7.10626,-3856.1,0
2.56966,3500.23,-0.938259,1.41736,4.9077,-3802.61,0
2.57615,3500.15,-0.904759,1.33094,9.33946,-3822.15,0
2.58266,3500.17,-0.827154,1.31542,7.20982,-3806.61,0
2.58916,3500.09,-0.822062,1.2748,9.49263,-3826.48,0
2.59571,3499.94,-0.88495,1.13007,7.01487,-3874.82,0
2.60221,3500.08,-0.811719,1.10114,3.90587,-3812.57,0
2.60871,3500.1,-0.704241,1.1191,4.39157,-3794.92,0
2.61519,3500.07,-0.662415,1.06717,9.71133,-3797.38,0
2.62169,3500.03,-0.658813,0.992162,6.51837,-3804.34,0
2.62822,3500.08,-0.45904,1.09462,3.77076,-3776.11,0
2.63474,3499.98,-0.339173,1.09576,9.80195,-3804.66,0
2.63943,3500.05,-0.318345,0.946407,5.25626,-3768.61,0
