0.00649652,3509.9,-0.888995,-0.83087,2.23012,-15556.4,0
0.0130044,3509.91,-1.0975,-0.65452,1.65351,-7058.88,0
0.0195055,3509.73,-1.13158,-0.723898,4.72161,-13788.9,0
0.0260046,3509.73,-1.2265,-0.783991,2.95978,-10294.9,0
0.0325045,3509.77,-1.16727,-0.866572,1.31089,-6961.81,0
0.0390033,3509.79,-1.0823,-1.03962,0.45187,-5336.46,0
0.0455346,3509.7,-1.10186,-1.11945,2.02741,-6528.14,0
0.0520466,3509.68,-0.947952,-0.996668,2.52429,-6144.01,0
0.0585369,3509.61,-1.05166,-1.20953,3.07148,-6585.6,0
0.0650345,3509.67,-1.07774,-1.06714,1.59506,-5121.19,0
0.0715522,3509.55,-1.04706,-1.08082,3.52016,-6234.55,0
0.0780801,3509.66,-0.92293,-1.0312,0.649093,-4394.59,0
0.0845759,3509.6,-1.06254,-1.03924,1.6035,-4701.14,0
0.0911288,3509.55,-0.94915,-0.929702,2.79422,-4890.37,0
0.0976239,3509.59,-1.2453,-0.858869,0.818179,-4170.61,0
0.104151,3509.45,-1.26986,-1.13134,3.41986,-5265.97,0
0.110666,3509.4,-1.22645,-1.15796,3.81695,-5420.23,0
0.117152,3509.5,-1.1896,-1.26689,0.503368,-4234.68,0
0.123632,3509.45,-1.24249,-1.35261,1.46055,-4445.56,0
0.130148,3509.45,-1.23322,-0.935062,1.71111,-4221.36,0
0.136645,3509.44,-1.15478,-0.897561,1.65545,-4082.89,0
0.143152,3509.37,-1.55068,-1.05331,2.30728,-4416.44,0
0.149678,3509.42,-1.45226,-0.913234,0.843148,-3860.7,0
0.156171,3509.27,-1.43691,-0.887928,3.82154,-4680.79,0
0.1627,3509.27,-1.56046,-0.808949,3.16658,-4511.74,0
0.169199,3509.35,-1.37695,-0.751516,0.944958,-3841,0
0.175724,3509.24,-1.35953,-0.646435,3.54034,-4310.3,0
0.182253,3509.2,-1.39093,-0.721188,3.73142,-4366.79,0
0.188761,3509.21,-1.38644,-0.707754,2.78331,-4166.78,0
0.195257,3509.22,-1.36299,-0.914042,1.70384,-3988.13,0
0.201746,3509.17,-1.37197,-0.804938,2.61143,-4104.91,0
0.208256,3509.19,-1.39664,-0.660738,1.95793,-3885.26,0
0.214722,3509.06,-1.48906,-0.732726,3.92736,-4359.36,0
0.2212,3509.12,-1.21959,-0.810587,2.64687,-3998.4,0
0.227747,3509.07,-1.15356,-1.0492,3.13212,-4067.58,0
0.234282,3509.04,-1.17121,-0.99532,3.39858,-4097.45,0
0.240793,3509.01,-0.940612,-1.13175,3.62568,-4102.91,0
0.247297,3509.05,-1.07297,-1.0768,1.60868,-3832.3,0
0.253829,3508.99,-1.19359,-1.02829,2.62221,-3966.64,0
0.260355,3509,-1.12097,-0.984293,1.98279,-3836.51,0
0.266869,3509.06,-1.32053,-0.807135,0.0627981,-3517.06,0
0.273409,3508.98,-1.28394,-0.972819,1.7678,-3731.66,0
0.279911,3508.96,-1.54072,-1.00229,1.4277,-3706.68,0
0.286417,3508.97,-1.47155,-1.00444,0.899021,-3592.91,0
0.292956,3508.9,-1.42548,-0.952101,2.61274,-3769.86,0
0.299441,3508.93,-1.73635,-0.848088,0.918708,-3581.59,0
0.305884,3508.88,-1.80218,-0.97443,1.52564,-3661.9,0
0.312397,3508.82,-1.8221,-1.09314,2.41319,-3761.79,0
0.318916,3508.75,-1.80042,-1.19676,3.61709,-3927.77,0
0.325399,3508.81,-1.60905,-0.984559,2.3209,-3657.09,0
0.33189,3508.79,-1.71386,-1.11524,1.38403,-3630.88,0
0.338401,3508.68,-1.66508,-1.04782,4.12125,-3892.29,0
0.344933,3508.58,-1.6397,-1.00449,4.849,-4102.64,0
0.351466,3508.44,-1.51635,-1.0717,6.1894,-4426.09,0
0.357974,3508.49,-1.44902,-1.03478,3.14439,-4224.99,0
0.364494,3508.44,-1.5099,-1.1552,3.43145,-4276.89,0
0.371005,3508.55,-1.47177,-1.23227,0.0154333,-3902.4,0
0.37751,3508.42,-1.48465,-1.20363,3.03985,-4177.87,0
0.384025,3508.43,-1.35693,-1.17558,2.71575,-4079.08,0
0.390529,3508.38,-1.52982,-1.14469,3.32375,-4151.9,0
0.397024,3508.43,-1.82573,-1.38232,0.188058,-3955.69,0
0.403538,3508.26,-1.77271,-1.46586,4.1618,-4315.94,0
0.410062,3508.28,-1.7501,-1.47072,3.12063,-4196.17,0
0.416558,3508.23,-1.74671,-1.35932,4.18914,-4244.94,0
0.423059,3508.27,-2.02267,-1.48458,1.61311,-4096.55,0
0.429527,3508.22,-1.99134,-1.39356,2.91128,-4136.83,0
0.436028,3508.25,-1.87213,-1.41343,2.1039,-4013.39,0
0.442532,3508.18,-1.73711,-1.31587,3.89961,-4107.16,0
0.449014,3508.19,-1.83278,-1.34112,2.54062,-4039.36,0
0.455537,3508.25,-1.67629,-1.26894,1.1289,-3842.58,0
0.462038,3508.26,-1.48529,-1.32652,0.875498,-3760.29,0
0.46854,3508.18,-1.5927,-1.35618,2.17031,-3875.78,0
0.475036,3508.23,-1.496,-0.963333,1.69413,-3728.31,0
0.481551,3508.24,-1.52173,-1.07962,0.760952,-3651.85,0
0.488033,3508.13,-1.40694,-1.0385,3.87968,-3827.13,0
0.494583,3507.98,-1.46529,-1.00383,5.67207,-4081.63,0
0.501109,3507.87,-1.48493,-0.959677,5.84542,-4258.81,0
0.507617,3507.81,-1.42212,-0.940777,5.91232,-4308.1,0
0.51413,3507.89,-1.44333,-0.913819,1.51887,-4096.49,0
0.520655,3507.81,-1.44662,-0.944716,3.35519,-4197.97,0
0.527145,3507.84,-1.39463,-0.799867,2.73316,-4103.18,0
0.53363,3507.82,-1.32176,-0.634573,3.24397,-4087.22,0
0.540102,3507.82,-1.22637,-0.576653,3.23164,-4041.7,0
0.546592,3507.86,-1.42363,-0.393565,1.18735,-3921.85,0
0.5531,3507.89,-1.24944,-0.261852,0.312909,-3812.11,0
0.559594,3507.78,-1.22305,0.00540644,3.31846,-3964.33,0
0.566098,3507.72,-1.19474,0.0133761,4.39747,-4024.43,0
0.572572,3507.77,-0.918096,0.246638,2.91296,-3896.84,0
0.579106,3507.82,-0.855068,-0.0337842,1.28392,-3765.75,0
0.585587,3507.75,-1.01488,0.13461,2.51968,-3837.44,0
0.592097,3507.76,-0.982342,0.160085,1.99566,-3783.91,0
0.598589,3507.73,-0.94984,0.00332725,2.46062,-3789.22,0
0.605063,3507.75,-0.887619,-0.112982,1.50432,-3725.08,0
0.611639,3507.71,-0.825366,-0.262081,2.2526,-3746.95,0
0.618149,3507.66,-0.703218,-0.28519,3.33987,-3780.3,0
0.62464,3507.67,-0.749135,-0.0583096,2.85085,-3735.98,0
0.631141,3507.7,-0.579408,0.241753,1.7207,-3650.46,0
0.637662,3507.7,-0.360525,0.324229,1.3504,-3610.51,0
0.644185,3507.59,-0.54962,0.397668,4.08212,-3739.19,0
0.650762,3507.67,-0.524217,0.281102,1.01103,-3582.56,0
0.657271,3507.57,-0.451933,0.490658,3.56042,-3699.52,0
0.663692,3507.53,-0.52252,0.599625,3.3026,-3725.23,0
0.670203,3507.6,-0.249107,0.538072,1.12104,-3584.7,0
0.676664,3507.56,-0.00971064,0.69249,1.89767,-3606.53,0
0.683176,3507.45,0.00623629,0.561055,4.61764,-3727.17,0
0.689706,3507.47,0.0163519,0.542656,2.93075,-3663.52,0
0.696185,3507.44,0.044408,0.617314,3.20257,-3679.56,0
0.702724,3507.48,0.0626343,0.344653,1.74517,-3589.4,0
0.709245,3507.47,-0.0627061,0.617881,1.12206,-3571.5,0
0.715775,3507.38,0.100901,0.569964,3.67502,-3664.96,0
0.722266,3507.39,-0.0293045,0.617651,2.59246,-3606.96,0
0.728755,3507.42,-0.250548,0.636965,1.16081,-3534.25,0
0.735268,3507.3,-0.240096,0.715942,4.42473,-3665.8,0
0.741782,3507.3,-0.337894,0.704059,3.16031,-3643.93,0
0.74833,3507.29,-0.584239,0.899584,2.54545,-3627.45,0
0.754843,3507.23,-0.418275,0.962078,3.68899,-3665.23,0
0.761379,3507.19,-0.337145,1.03906,4.10355,-3692.93,0
0.767852,3507.22,-0.348116,0.930267,2.21273,-3615.42,0
0.774338,3507.2,-0.36961,0.968081,2.08793,-3614.41,0
0.780849,3507.14,-0.395409,0.99795,3.27694,-3664.96,0
0.787399,3507.13,-0.358564,1.2183,2.49705,-3646.74,0
0.793895,3507.03,-0.393001,1.33418,4.64293,-3743.2,0
0.800402,3506.97,-0.365886,1.33209,4.61936,-3785.75,0
0.8069,3506.95,-0.551247,1.19178,4.54573,-3775.5,0
0.8134,3506.98,-0.686337,1.169,2.90482,-3716.68,0
0.81988,3506.91,-0.842547,1.11077,4.04799,-3765.98,0
0.82637,3506.82,-0.760149,1.14165,5.2117,-3846.34,0
0.832865,3506.85,-0.748607,1.07752,3.5065,-3779.4,0
0.839335,3506.9,-0.885239,1.09264,1.12146,-3696.24,0
0.845837,3506.78,-0.848526,1.18199,4.43684,-3810.69,0
0.852369,3506.84,-0.78821,1.18699,1.0739,-3702.97,0
0.858867,3506.79,-0.598637,1.28157,2.22449,-3735.89,0
0.865381,3506.7,-0.60763,1.33386,3.94743,-3815.27,0
0.871881,3506.64,-0.680865,1.36276,4.78499,-3855.88,0
0.878451,3506.73,-0.679337,1.3944,0.653041,-3722.72,0
0.88496,3506.56,-0.948244,1.71613,4.15281,-3890.79,0
0.891451,3506.6,-1.05482,1.77959,1.56722,-3817.99,0
0.897938,3506.48,-1.11851,1.73099,4.45949,-3914.85,0
0.904495,3506.55,-1.32606,1.67165,1.23746,-3819.01,0
0.910978,3506.43,-1.4574,1.81765,3.33267,-3914.8,0
0.917456,3506.42,-1.46513,1.81667,3.33656,-3904.7,0
0.923943,3506.49,-1.439,1.79409,0.516205,-3802.89,0
0.930449,3506.34,-1.61127,1.79506,4.2546,-3932.09,0
0.936913,3506.37,-1.50718,1.89329,2.58333,-3877.06,0
0.943416,3506.28,-1.46394,1.8944,4.20789,-3948.2,0
0.949942,3506.35,-1.39652,1.77377,1.93935,-3840.21,0
0.95643,3506.28,-1.24311,1.90814,4.09363,-3892.72,0
0.96292,3506.36,-1.01548,1.8183,2.20468,-3782.14,0
0.969423,3506.27,-0.930107,1.91845,4.22981,-3844.46,0
0.975961,3506.36,-0.847518,1.99268,0.259949,-3731.93,0
0.982468,3506.19,-0.927608,2.00172,4.76778,-3878.65,0
0.988976,3506.28,-0.834302,1.96042,1.08947,-3758.96,0
0.995508,3506.26,-0.654367,1.95115,2.0732,-3755.54,0
1.00201,3506.27,-0.689169,1.9297,0.567861,-3721.26,0
1.00851,3506.23,-0.858366,2.06767,0.521915,-3742.83,0
1.01505,3506.23,-0.766293,1.89496,1.29067,-3716.61,0
1.02157,3506.2,-0.732692,1.84945,2.0721,-3722.29,0
1.02814,3506.16,-0.746063,1.9963,2.16198,-3734.63,0
1.03459,3506.15,-0.680552,2.00129,2.21333,-3717.57,0
1.04107,3506.07,-0.376332,1.98132,5.04524,-3770.31,0
1.04754,3506.03,-0.415407,1.82254,5.77005,-3794.04,0
1.0541,3505.97,-0.452151,1.8369,5.5344,-3820.25,0
1.06061,3505.99,-0.500376,1.94377,2.44776,-3776.64,0
1.06719,3505.97,-0.632898,1.8851,3.10932,-3777.5,0
1.07369,3505.99,-0.753127,2.01068,0.346667,-3730.27,0
1.08023,3505.97,-0.915506,1.85158,1.61665,-3733.9,0
1.08673,3505.91,-0.906387,1.74026,4.21818,-3766.33,0
1.09323,3505.92,-0.76982,1.67942,3.49138,-3729.69,0
1.09976,3505.85,-0.690686,1.74355,4.19799,-3771.2,0
1.10628,3505.85,-0.974936,1.68786,2.76917,-3746.87,0
1.11282,3505.81,-0.993702,1.59898,4.22495,-3764.22,0
1.11932,3505.88,-0.878114,1.61266,1.21134,-3679.33,0
1.12583,3505.83,-0.711538,1.65511,2.98943,-3700.44,0
1.13234,3505.79,-0.768643,1.72112,3.46458,-3721.36,0
1.1388,3505.81,-0.623673,1.79017,1.90289,-3676.39,0
1.1453,3505.85,-0.497535,1.4926,2.08103,-3625.91,0
1.15186,3505.73,-0.407221,1.37663,6.21972,-3711.07,0
1.15835,3505.71,-0.461093,1.35539,4.65612,-3703.67,0
1.16488,3505.7,-0.492606,1.40307,3.42298,-3690.3,0
1.17139,3505.72,-0.430344,1.49772,0.496931,-3651.46,0
1.17789,3505.62,-0.457089,1.59624,3.44349,-3720.22,0
1.18438,3505.47,-0.469653,1.66267,5.80221,-3822.72,0
1.19092,3505.44,-0.522916,1.76082,4.53876,-3828.48,0
1.19739,3505.41,-0.386582,1.89763,4.35184,-3836.61,0
1.2039,3505.48,-0.242006,1.92898,0.396778,-3754.06,0
1.21045,3505.4,-0.302761,2.02961,2.48155,-3799.81,0
1.21698,3505.42,-0.217136,1.90088,2.51086,-3764.27,0
1.22346,3505.47,-0.450531,1.77326,0.836883,-3705.17,0
1.22997,3505.39,-0.416657,1.80541,3.44775,-3745.2,0
1.23647,3505.35,-0.483781,1.96587,3.06337,-3764.21,0
1.24302,3505.27,-0.484309,2.2213,3.55872,-3808.52,0
1.24955,3505.29,-0.586878,2.20374,1.70127,-3768.32,0
1.25607,3505.2,-0.567651,2.62856,0.563165,-3820.74,0
1.2626,3505.23,-0.587806,2.34712,2.2443,-3780.24,0
1.26911,3505.2,-0.594021,2.53037,1.11982,-3785.32,0
1.2756,3505.15,-0.714229,2.63644,0.609108,-3801.61,0
1.28207,3505.2,-0.680224,2.35063,1.29505,-3740.61,0
1.28858,3505.21,-0.829471,2.32165,0.509068,-3720.87,0
1.29508,3505.13,-0.788336,2.3726,2.4477,-3759.06,0
1.30157,3505.05,-0.940018,2.36141,4.15673,-3803.96,0
1.3081,3504.97,-0.954718,2.38469,5.26236,-3843.78,0
1.31459,3504.92,-0.946293,2.38873,5.35449,-3867.34,0
1.32112,3504.98,-0.928749,2.3739,1.33121,-3800.59,0
1.32764,3504.96,-0.864038,2.31456,2.36765,-3792.54,0
1.33416,3504.98,-0.613519,2.19904,3.50246,-3762.69,0
1.34065,3504.98,-0.621663,2.11373,3.77731,-3744.25,0
1.3472,3505.02,-0.679871,2.10337,0.666288,-3699.4,0
1.35374,3504.94,-0.825532,2.15306,2.66213,-3740.26,0
1.36018,3504.9,-0.941957,2.31423,1.75732,-3752.73,0
1.36671,3504.91,-1.11369,2.08014,2.33917,-3723.98,0
1.37325,3504.96,-0.991855,1.9997,1.14967,-3671.09,0
1.37976,3504.97,-1.01098,1.90055,0.865888,-3644.91,0
1.3863,3504.84,-1.12938,2.07557,3.77821,-3720.35,0
1.39284,3504.77,-1.08427,2.02639,5.98334,-3753.37,0
1.39937,3504.84,-0.866667,2.00927,2.59563,-3689.29,0
1.40585,3504.75,-0.86128,2.00706,5.11225,-3734.18,0
1.41236,3504.75,-0.898219,2.02857,3.09541,-3717.87,0
1.41885,3504.76,-0.882092,2.05505,1.72867,-3690.13,0
1.42537,3504.73,-0.958382,2.0146,2.76047,-3695.22,0
1.43188,3504.78,-0.801207,1.96639,1.46478,-3647.58,0
1.43838,3504.74,-0.694901,1.96826,3.06068,-3657.4,0
1.44489,3504.72,-0.766459,2.15167,0.872782,-3656.11,0
1.45143,3504.63,-0.88506,2.02961,5.31936,-3701.46,0
1.45797,3504.58,-0.840234,2.01536,5.08421,-3720.13,0
1.46447,3504.52,-0.764217,1.92534,7.7194,-3743.03,0
1.471,3504.55,-0.819849,1.88254,5.04661,-3705.82,0
1.47755,3504.54,-0.852606,1.86152,2.88104,-3697.86,0
1.48408,3504.54,-0.868647,1.91951,0.97685,-3680.93,0
1.49063,3504.4,-0.957165,2.00727,4.98597,-3756.98,0
1.49711,3504.46,-0.882059,1.97883,2.36277,-3703.09,0
1.50359,3504.39,-0.7999,1.93802,5.36745,-3728.85,0
1.51013,3504.4,-0.813276,1.92995,3.62511,-3709.38,0
1.51666,3504.27,-0.806068,1.89979,6.74803,-3776.53,0
1.52313,3504.28,-0.807488,1.91439,3.2206,-3755.35,0
1.52967,3504.19,-0.884497,2.05255,4.64125,-3798.9,0
1.53618,3504.12,-0.927499,1.99179,6.5522,-3825.77,0
1.54268,3504.13,-0.935681,1.99265,4.62208,-3806.66,0
1.54921,3504.14,-0.75557,1.87635,5.12065,-3779.98,0
1.55569,3504.14,-0.665434,1.85819,3.78783,-3769.98,0
1.56221,3504.14,-0.739779,1.97996,0.589978,-3748.19,0
1.56868,3504.04,-0.850561,1.88588,5.83614,-3797.97,0
1.57517,3504.05,-0.799499,1.99987,2.58365,-3774.46,0
1.58167,3504.05,-0.632242,2.02354,2.64238,-3759.14,0
1.5882,3504.11,-0.574168,1.81557,2.77622,-3710.79,0
1.59477,3504.11,-0.544288,1.67077,3.30259,-3694.21,0
1.60133,3504.05,-0.465461,1.80215,3.25586,-3718.77,0
1.60785,3503.95,-0.589462,1.79267,5.70975,-3760.24,0
1.61437,3503.99,-0.641364,1.8479,1.42592,-3725.74,0
1.62087,3503.9,-0.774853,1.90434,3.95301,-3764.77,0
1.62739,3503.92,-0.716966,1.96946,1.48779,-3738.49,0
1.63388,3503.88,-0.771908,1.98472,2.42833,-3746.51,0
1.64038,3503.86,-0.698781,1.86733,4.41896,-3740.11,0
1.64692,3503.82,-0.692435,1.8064,7.01871,-3755.38,0
1.65339,3503.81,-0.667927,1.82202,4.81559,-3744.58,0
1.65989,3503.82,-0.710194,1.79062,3.74393,-3725.79,0
1.6664,3503.8,-0.581587,1.89529,2.47942,-3718.63,0
1.67295,3503.78,-0.587189,1.69737,6.2117,-3719.98,0
1.67948,3503.76,-0.57461,1.67753,5.78257,-3712.69,0
1.68599,3503.61,-0.627995,1.65292,8.03381,-3789.09,0
1.69254,3503.56,-0.680983,1.56905,6.14873,-3805.63,0
1.69901,3503.57,-0.740783,1.60495,0.821761,-3783.33,0
1.70551,3503.51,-0.763587,1.65667,3.6324,-3807.4,0
1.71203,3503.48,-0.8174,1.60105,4.34932,-3806.82,0
1.71861,3503.48,-0.713292,1.64131,3.89418,-3795.07,0
1.72509,3503.43,-0.7608,1.57339,4.4944,-3809.2,0
1.73164,3503.44,-0.806568,1.57506,1.90064,-3788.48,0
1.73811,3503.38,-0.935591,1.66601,1.91395,-3806.36,0
1.74458,3503.36,-0.952088,1.71804,1.78316,-3807.16,0
1.75104,3503.28,-0.797413,1.86396,4.89256,-3838.82,0
1.75759,3503.24,-0.89951,2.0117,1.85584,-3846.02,0
1.76411,3503.19,-0.802058,2.05356,3.94451,-3857.52,0
1.77062,3503.23,-0.821944,1.96563,2.07498,-3824.63,0
1.77711,3503.16,-1.00378,2.02686,2.291,-3847.09,0
1.78363,3503.14,-1.04343,1.8677,4.74647,-3847.9,0
1.79013,3503.03,-0.99235,1.73173,10.7533,-3894.81,0
1.79668,3502.97,-0.96999,1.74734,6.96057,-3912.08,0
1.80317,3503.06,-1.0917,1.48138,4.50647,-3851.35,0
1.80969,3503.05,-1.05329,1.50493,3.48427,-3842.8,0
1.8162,3502.95,-0.903503,1.6569,6.19674,-3880.41,0
1.82273,3502.97,-0.807873,1.72789,1.96411,-3856.32,0
1.82924,3502.96,-0.901922,1.71463,0.113403,-3851.16,0
1.83573,3502.88,-0.79681,1.71828,4.08966,-3879.2,0
1.84221,3502.87,-0.745668,1.68957,5.26724,-3872.41,0
1.84874,3502.8,-0.916549,1.74707,3.62818,-3895.3,0
1.85522,3502.72,-0.987227,1.69943,6.98514,-3925.96,0
1.86174,3502.72,-0.968268,1.7564,4.4207,-3911.41,0
1.86827,3502.6,-1.04073,1.81455,6.80707,-3959.86,0
1.87482,3502.59,-0.999268,1.84999,4.34934,-3950.77,0
1.88131,3502.55,-1.08635,1.76374,6.32749,-3958.63,0
1.88784,3502.52,-1.17742,1.77269,4.27169,-3962.03,0
1.89432,3502.5,-1.20179,1.81975,2.99426,-3961.54,0
1.90085,3502.37,-1.28083,1.97044,4.7507,-4013.89,0
1.9074,3502.38,-1.2384,1.84809,6.28401,-3992.39,0
1.91391,3502.37,-1.21623,1.81598,4.54707,-3986.74,0
1.92041,3502.34,-1.23674,1.76209,4.62395,-3990.29,0
1.92693,3502.34,-1.14209,1.79745,4.25384,-3974.17,0
1.9334,3502.37,-1.03687,1.85837,1.27025,-3947.04,0
1.93987,3502.33,-0.921532,1.92456,3.26422,-3953.22,0
1.94635,3502.4,-0.762691,1.88907,0.680587,-3902.89,0
1.95282,3502.28,-0.854028,1.83895,8.28492,-3952.52,0
1.95934,3502.26,-0.901102,1.95346,2.88614,-3948.66,0
1.9659,3502.23,-0.955558,1.98891,1.5244,-3950.06,0
1.97246,3502.09,-1.08805,1.90136,11.0258,-4010.42,0
1.97895,3502.05,-1.1211,1.96571,5.25912,-4016.17,0
1.9854,3502.12,-1.21608,1.80598,3.24433,-3968,0
1.99187,3502.12,-1.21709,1.72743,3.7996,-3954.5,0
1.99839,3502.1,-1.14372,1.71882,5.50711,-3954.58,0
2.00488,3501.98,-1.34674,1.63684,9.27644,-4001.24,0
2.01144,3502.01,-1.21675,1.78528,1.18782,-3972.72,0
2.01795,3502,-1.30384,1.73544,1.00707,-3966.2,0
2.02446,3502.05,-1.24955,1.66459,1.04015,-3928.13,0
2.03091,3501.98,-1.18472,1.7866,2.48448,-3951.08,0
2.03741,3501.89,-1.23021,1.67682,9.41354,-3981.82,0
2.04392,3501.77,-1.09776,1.81206,4.82439,-4029.01,0
2.05046,3501.74,-1.03768,1.78064,3.85441,-4026.75,0
2.05697,3501.75,-0.986439,1.76435,2.88735,-4009.32,0
2.0635,3501.79,-1.00617,1.64125,3.46145,-3980.31,0
2.07,3501.73,-0.890577,1.77087,4.03128,-3994.82,0
2.07649,3501.66,-0.843427,1.74081,8.77986,-4018.69,0
2.08301,3501.71,-0.760935,1.69771,4.79027,-3980.33,0
2.08958,3501.63,-0.854417,1.7833,3.77468,-4006.9,0
2.09612,3501.59,-0.873713,1.75565,4.46696,-4011.05,0
2.10261,3501.6,-0.762308,1.78278,0.773036,-3996.89,0
2.1091,3501.47,-0.718185,1.69663,5.70199,-4043.41,0
2.11558,3501.43,-0.603867,1.81132,2.41323,-4051.31,0
2.12207,3501.41,-0.451323,1.83513,4.61346,-4048.19,0
2.12855,3501.31,-0.379767,1.80684,5.10959,-4083.82,0
2.13508,3501.35,-0.297323,1.75986,3.98212,-4049.96,0
2.1416,3501.31,-0.223158,1.81051,2.86706,-4058.99,0
2.14813,3501.27,-0.1253,1.73166,11.4584,-4061.97,0
2.15467,3501.28,-0.0783087,1.67472,2.93007,-4048.45,0
2.16115,3501.27,-0.0729877,1.61996,4.16787,-4038.35,0
2.16764,3501.09,-0.134571,1.77659,6.95412,-4110.34,0
2.17417,3501.15,-0.167226,1.72554,1.48083,-4069.38,0
2.18069,3501.12,-0.0801747,1.6896,5.03075,-4072.75,0
2.18721,3501.13,-0.0462052,1.62458,7.09125,-4056.37,0
2.19375,3501.16,-0.0691567,1.58899,5.54366,-4031.88,0
2.2002,3501.1,-0.0756996,1.53528,5.01418,-4044.32,0
2.20673,3501.03,-0.14904,1.58095,2.579,-4064.94,0
2.21321,3501.02,-0.0929422,1.49924,1.62002,-4056.97,0
2.21975,3500.96,-0.194702,1.51884,1.62918,-4070.4,0
2.22627,3500.84,-0.157805,1.53716,2.05754,-4114.17,0
2.23278,3500.73,-0.20393,1.59334,4.08058,-4153.8,0
2.23929,3500.75,-0.0271231,1.59776,1.37625,-4131.01,0
2.24582,3500.67,-0.0330587,1.56389,1.51654,-4155.11,0
2.25234,3500.64,-0.0784917,1.53976,5.13146,-4157.43,0
2.25883,3500.59,-0.205371,1.4079,7.59598,-4165.95,0
2.26534,3500.55,-0.209254,1.37065,5.34106,-4173.6,0
2.27185,3500.48,-0.116683,1.28306,11.4418,-4189.69,0
2.27838,3500.38,-0.164127,1.20217,9.21392,-4224.33,0
2.28488,3500.37,-0.147532,1.0248,9.42265,-4213.99,0
2.29137,3500.41,-0.186189,0.906994,10.2937,-4185.03,0
2.29186,3500.41,-0.179714,0.892185,0.813417,-4182.54,0
