0.00651896,3509.81,-8.50648,0.318396,2.44214,-28791.1,0
0.0130395,3509.85,-8.58574,0.350015,0.731601,-11485.9,0
0.0195693,3509.81,-8.45405,0.353368,2.01044,-9852.87,0
0.0260756,3509.73,-8.47777,0.511066,2.71408,-10263.2,0
0.032605,3509.73,-8.27208,0.622032,3.38188,-8289.6,0
0.0391002,3509.7,-8.35097,0.519576,2.47828,-7545.28,0
0.0455741,3509.67,-8.32763,0.497715,2.78569,-7271.51,0
0.0520536,3509.59,-8.21367,0.508132,3.96426,-7850.64,0
0.0585578,3509.55,-8.20273,0.627983,3.76535,-7625.62,0
0.0650504,3509.75,-8.08086,0.721259,0.522048,-3914.36,0
0.071557,3509.67,-8.24264,0.850022,0.471303,-4633.73,0
0.0780956,3509.7,-7.98972,0.869894,1.40089,-3877.27,0
0.0845588,3509.7,-8.08501,0.914743,0.292881,-3496.37,0
0.0910457,3509.51,-7.9873,1.03507,3.92609,-5386.13,0
0.0975818,3509.55,-7.91889,1.00424,2.86096,-4624.57,0
0.104099,3509.58,-7.6141,1.15998,3.31723,-4004.09,0
0.110603,3509.71,-7.67654,0.985959,0.0553647,-2603.81,0
0.117117,3509.58,-7.65218,0.981036,2.18065,-3562.91,0
0.123643,3509.55,-7.82523,1.06236,1.13332,-3645.33,0
0.130133,3509.43,-7.79092,1.2483,3.03254,-4380.29,0
0.136634,3509.4,-7.75286,1.17664,3.05549,-4410.3,0
0.143106,3509.47,-7.59905,1.1174,1.97165,-3672.25,0
0.149583,3509.52,-7.66461,1.1959,0.252801,-3194.44,0
0.156119,3509.31,-7.5832,1.33096,3.99313,-4419.55,0
0.162687,3509.41,-7.53024,1.32905,2.057,-3627.31,0
0.169155,3509.47,-7.29999,1.27502,1.91551,-3119.42,0
0.175668,3509.48,-7.29216,1.33714,1.53727,-2952.45,0
0.182158,3509.49,-7.31476,1.14439,1.00617,-2785.02,0
0.188661,3509.38,-7.20156,1.07374,3.37255,-3260.86,0
0.195178,3509.33,-7.25201,1.16423,3.23045,-3455.7,0
0.201714,3509.37,-7.26357,1.16159,1.78594,-3138.42,0
0.2082,3509.31,-7.09618,1.30559,3.39508,-3328.53,0
0.214747,3509.32,-7.15149,1.29756,1.97096,-3149.32,0
0.221175,3509.3,-7.04338,1.3383,2.26916,-3184.76,0
0.227698,3509.36,-7.13801,1.35705,0.173254,-2814.43,0
0.23419,3509.28,-7.01854,1.72935,1.65589,-3064.79,0
0.240656,3509.21,-7.0055,1.61942,2.47313,-3291.7,0
0.247162,3509.17,-6.84836,1.83143,3.38784,-3345.43,0
0.253652,3509.14,-6.84731,1.84992,3.36421,-3401.66,0
0.260128,3509.24,-6.57055,2.15902,2.13093,-2922.55,0
0.266644,3509.26,-6.60088,2.09821,1.29193,-2775.77,0
0.273141,3509.13,-6.68154,2.12731,2.48236,-3167.93,0
0.27965,3509.13,-6.572,2.02158,2.88622,-3106.63,0
0.286174,3509.09,-6.4676,1.98409,3.5196,-3163.93,0
0.292716,3509.11,-6.55274,1.99183,1.83283,-3057.1,0
0.299208,3509.04,-6.61098,1.8383,2.75996,-3221.94,0
0.30574,3508.93,-6.53246,1.79386,4.38126,-3511.91,0
0.312237,3509.02,-6.40937,1.75813,2.14987,-3141.28,0
0.318757,3508.95,-6.37072,1.76159,3.28676,-3308.7,0
0.325282,3508.97,-6.34712,1.86363,2.10631,-3154.17,0
0.331783,3508.98,-6.1273,1.91057,2.79508,-3061.94,0
0.338319,3508.95,-6.23398,1.82853,2.6015,-3105.82,0
0.344844,3509.01,-6.3011,1.97286,0.0237566,-2862.69,0
0.351328,3508.97,-6.34552,2.00868,0.190475,-2923.11,0
0.357843,3508.91,-6.14317,1.80518,2.90875,-3044.81,0
0.364356,3508.97,-5.93966,1.84769,2.38352,-2827.58,0
0.370871,3508.95,-5.82251,2.1681,2.72261,-2832.85,0
0.377338,3508.88,-5.97139,2.06067,2.76901,-2967.69,0
0.383862,3508.85,-6.03709,1.79612,2.97088,-3006.68,0
0.390361,3508.83,-6.29212,2.07806,0.552939,-2990.31,0
0.396922,3508.66,-6.41729,2.15085,2.85873,-3366.5,0
0.40347,3508.72,-6.35391,2.13431,1.44597,-3165.52,0
0.409961,3508.71,-6.42466,2.02345,1.28982,-3152.78,0
0.416443,3508.77,-6.09124,1.96371,1.99019,-2947.28,0
0.422927,3508.72,-6.07622,1.92252,2.96775,-3035.07,0
0.4294,3508.58,-6.21461,2.04643,4.04557,-3303.79,0
0.435897,3508.59,-6.1186,2.05747,3.55101,-3239.46,0
0.442391,3508.57,-6.1667,1.87139,3.33886,-3223.33,0
0.448889,3508.46,-6.12115,1.93733,4.9087,-3421.94,0
0.455378,3508.39,-6.09334,1.90087,4.21245,-3527.46,0
0.461897,3508.44,-6.13058,1.85307,2.28363,-3368.91,0
0.468436,3508.53,-6.04594,1.89079,0.694376,-3141.72,0
0.47494,3508.39,-5.9595,1.89702,3.59487,-3379.62,0
0.481438,3508.41,-6.06452,1.96092,1.7544,-3297.17,0
0.487956,3508.45,-6.11419,1.8167,0.448883,-3174.17,0
0.494439,3508.5,-5.86589,1.95246,0.609003,-3032.45,0
0.500945,3508.47,-5.62896,2.13191,2.23813,-3063.36,0
0.507475,3508.5,-5.65051,2.12239,0.989894,-2955.29,0
0.513958,3508.46,-5.69372,2.0969,1.4642,-3005.34,0
0.520464,3508.4,-5.54807,2.16031,2.96941,-3080.09,0
0.526987,3508.41,-5.56079,2.29704,1.60758,-3009.5,0
0.533509,3508.39,-5.5152,2.12112,2.41343,-3018.2,0
0.540023,3508.53,-5.26434,1.97887,0.8936,-2714.21,0
0.546531,3508.45,-5.38443,2.19807,1.15655,-2833.41,0
0.553043,3508.52,-4.96018,2.23068,1.89602,-2670.06,0
0.55955,3508.46,-4.8488,2.21136,3.30478,-2750.82,0
0.56608,3508.53,-4.91364,2.15588,1.06145,-2596.35,0
0.572572,3508.64,-4.65668,2.10602,0.0897961,-2383.47,0
0.579085,3508.61,-4.61952,1.99844,0.905493,-2403.89,0
0.585565,3508.55,-4.39683,1.97062,3.26133,-2477.42,0
0.592038,3508.54,-4.4866,2.09996,2.12897,-2469,0
0.598571,3508.45,-4.57313,2.04992,3.35137,-2588.89,0
0.605059,3508.44,-4.57953,2.03239,2.88639,-2575.98,0
0.611515,3508.32,-4.41884,2.08365,5.24818,-2750.21,0
0.618059,3508.45,-4.36234,2.06395,1.6768,-2511.27,0
0.624519,3508.35,-4.47555,2.1658,2.75908,-2641.17,0
0.630983,3508.3,-4.53796,2.04494,3.1504,-2698.93,0
0.637485,3508.22,-4.81988,2.21799,2.2241,-2785.96,0
0.643958,3508.12,-4.77246,2.19993,4.2189,-2924.13,0
0.650439,3508.17,-5.04232,2.10558,1.08592,-2818.11,0
0.65696,3508.07,-5.16261,2.24508,1.8197,-2940.75,0
0.663451,3507.98,-5.19097,2.19301,3.0476,-3044.2,0
0.669921,3508.08,-5.08727,2.1254,1.22692,-2861.11,0
0.676449,3508.1,-4.99856,2.22509,0.639862,-2810.13,0
0.682933,3507.95,-5.06677,2.07587,3.65081,-2997.58,0
0.689468,3507.9,-5.20773,2.00965,3.4818,-3043.85,0
0.695957,3507.81,-5.08186,2.08395,5.17408,-3152.54,0
0.702466,3507.81,-5.07666,2.17435,3.3372,-3115.15,0
0.708982,3507.74,-4.98326,2.23698,4.75352,-3192.48,0
0.715505,3507.66,-4.9132,2.22229,5.19625,-3263.82,0
0.721952,3507.73,-4.8781,2.33538,2.36074,-3147.6,0
0.728477,3507.71,-4.71377,2.4485,3.14623,-3147.89,0
0.734999,3507.88,-4.60462,2.18944,0.226408,-2891.08,0
0.74155,3507.69,-4.85972,2.15776,2.80256,-3112.52,0
0.748032,3507.75,-4.81468,1.85329,2.25617,-3012.26,0
0.754594,3507.69,-4.97781,1.75312,2.1892,-3057.47,0
0.761118,3507.72,-5.07799,1.66185,0.525565,-2993.33,0
0.767662,3507.72,-4.79972,1.6437,2.57221,-2976.35,0
0.774164,3507.75,-4.55432,1.84114,2.62766,-2902.26,0
0.780646,3507.78,-4.76364,1.56983,0.989711,-2849.94,0
0.787139,3507.68,-4.6606,1.67447,3.42324,-2945.87,0
0.793679,3507.68,-4.56709,1.45888,3.60606,-2924.43,0
0.800219,3507.71,-4.78802,1.19688,1.35511,-2866.61,0
0.806748,3507.61,-4.81192,1.25968,2.76205,-2958,0
0.813204,3507.53,-4.98944,1.28408,2.89409,-3033.89,0
0.819722,3507.55,-4.99656,1.24027,1.79936,-2983.18,0
0.826222,3507.45,-5.02378,1.07379,3.94452,-3081.65,0
0.832753,3507.35,-5.02868,1.01023,4.5344,-3182.49,0
0.839277,3507.35,-5.03962,1.07713,3.29318,-3158.83,0
0.84578,3507.37,-5.20866,1.00762,1.21395,-3109.2,0
0.852267,3507.39,-5.16366,0.785007,1.09491,-3060.02,0
0.858766,3507.43,-5.12606,0.697431,0.227533,-2991.74,0
0.865308,3507.31,-5.34037,0.414101,1.51642,-3109.59,0
0.871833,3507.37,-5.12565,0.589146,1.45417,-3019.42,0
0.878317,3507.3,-5.30435,0.594653,1.25735,-3079.21,0
0.884908,3507.21,-5.15475,0.394695,4.36719,-3152.06,0
0.891434,3507.23,-5.09413,0.413125,3.50015,-3111.03,0
0.897944,3507.33,-4.88476,0.387403,1.84964,-2974.76,0
0.904414,3507.25,-4.94604,0.40354,3.07687,-3036.86,0
0.910876,3507.1,-5.08925,0.429945,4.38997,-3183.34,0
0.91736,3507.08,-5.11789,0.506815,3.6215,-3183.57,0
0.923869,3507.18,-4.92439,0.475673,2.04599,-3048.7,0
0.930408,3507.18,-5.0182,0.334518,1.06143,-3031.87,0
0.936905,3507.08,-4.895,0.306705,3.8714,-3114.49,0
0.943397,3507.02,-4.96062,0.244155,3.9371,-3154.62,0
0.949931,3507.03,-4.97133,0.119692,3.36467,-3130.76,0
0.956443,3507.03,-5.00139,0.0824953,2.56111,-3101.57,0
0.962906,3507.04,-5.01647,0.420096,1.62696,-3070.75,0
0.969397,3507.04,-5.01964,0.589192,1.12562,-3053.22,0
0.975857,3506.96,-4.73794,0.663678,4.95204,-3117.5,0
0.982409,3507.11,-4.73954,0.529668,0.146752,-2940.25,0
0.988883,3507,-4.88208,0.540259,1.49287,-3032.93,0
0.995367,3507.04,-4.73775,0.284235,1.58933,-2974.08,0
1.00186,3506.94,-4.83248,0.463352,2.76973,-3052.36,0
1.00835,3506.91,-4.95889,0.622937,1.92215,-3060.22,0
1.01482,3506.88,-5.0153,0.620533,1.87173,-3077.54,0
1.02131,3506.91,-4.88826,0.600997,1.7125,-3020.94,0
1.02775,3506.78,-4.89195,0.588197,4.39364,-3132.98,0
1.0343,3506.73,-4.82837,0.631522,4.93129,-3164.8,0
1.04083,3506.8,-4.82233,0.714396,2.08021,-3076.05,0
1.04734,3506.69,-4.73554,0.711648,4.71278,-3162.65,0
1.05379,3506.72,-4.68449,0.765623,2.98677,-3109.06,0
1.06025,3506.65,-4.65841,0.818373,4.00619,-3159.86,0
1.06678,3506.62,-4.77007,0.834751,3.09036,-3169.79,0
1.07329,3506.71,-4.55397,0.96323,2.02646,-3067.07,0
1.07981,3506.61,-4.65572,0.982017,3.3492,-3143.16,0
1.08631,3506.57,-4.79433,0.859766,2.90523,-3158.38,0
1.09283,3506.65,-4.66748,0.986914,1.07049,-3064.65,0
1.09935,3506.66,-4.6408,1.02903,0.665764,-3036.59,0
1.10591,3506.62,-4.60483,1.00603,1.79224,-3054.57,0
1.11238,3506.53,-4.71299,1.07519,3.0909,-3123.25,0
1.11892,3506.51,-4.66847,1.05333,3.18518,-3122.62,0
1.12544,3506.58,-4.70501,1.05201,0.299952,-3036.26,0
1.13197,3506.57,-4.53483,0.952311,2.21642,-3031.78,0
1.13846,3506.62,-4.27695,0.904778,2.817,-2969.43,0
1.14493,3506.53,-4.50481,0.802753,2.96957,-3034.27,0
1.15145,3506.51,-4.41392,0.711036,3.66114,-3027.04,0
1.15795,3506.55,-4.52988,0.615143,1.22691,-2980.3,0
1.16445,3506.49,-4.57833,0.804113,1.84408,-3017.23,0
1.17095,3506.35,-4.53778,0.822495,5.13401,-3115.22,0
1.17745,3506.39,-4.62498,0.641865,2.06044,-3066.31,0
1.18398,3506.37,-4.52484,0.729547,3.26086,-3067.75,0
1.19048,3506.3,-4.6234,0.749397,3.26915,-3104.2,0
1.19701,3506.29,-4.63399,0.680853,3.15962,-3101.58,0
1.20348,3506.34,-4.72845,0.602084,0.0744823,-3041.47,0
1.20995,3506.18,-4.67741,0.585106,4.42746,-3160.51,0
1.21643,3506.27,-4.68067,0.583605,1.01462,-3065.06,0
1.22294,3506.3,-4.64979,0.357867,0.511683,-3026.23,0
1.22941,3506.17,-4.78191,0.623416,2.08217,-3111.31,0
1.23592,3506.07,-4.69828,0.559952,5.0826,-3181.22,0
1.24243,3506.01,-4.60029,0.470975,5.73132,-3212.74,0
1.24897,3506.04,-4.59938,0.422789,3.35992,-3169.92,0
1.25546,3506.1,-4.47859,0.0920268,2.88174,-3110.03,0
1.26198,3505.97,-4.73544,0.0802183,3.42162,-3194.39,0
1.26848,3505.99,-4.76544,0.0397123,1.65226,-3164.13,0
1.27499,3506.08,-4.53814,-0.172962,1.10151,-3076.57,0
1.28145,3505.95,-4.67664,-0.307706,3.01973,-3159.7,0
1.28801,3505.95,-4.78125,-0.511577,1.09276,-3142.96,0
1.29451,3505.85,-4.62218,-0.541249,4.5759,-3205.98,0
1.30102,3505.89,-4.61846,-0.369966,2.84955,-3158.62,0
1.30751,3505.97,-4.46467,-0.58254,1.61267,-3083.95,0
1.31402,3505.94,-4.52564,-0.619418,1.10524,-3089.93,0
1.32054,3505.89,-4.53144,-0.451956,2.11067,-3108.57,0
1.32705,3505.84,-4.45669,-0.530289,3.99682,-3137.97,0
1.33356,3505.93,-4.36625,-0.55865,1.39942,-3055.71,0
1.34012,3505.95,-4.26609,-0.572988,1.01704,-3020.51,0
1.34664,3505.9,-4.14767,-0.553048,3.85534,-3048.13,0
1.35311,3505.83,-4.2813,-0.687297,3.64377,-3085.23,0
1.35965,3505.71,-4.49587,-0.828006,3.81344,-3156.47,0
1.36615,3505.64,-4.47996,-0.821912,4.69904,-3190.8,0
1.3727,3505.73,-4.44546,-0.814073,1.54947,-3107.68,0
1.3792,3505.65,-4.44933,-1.00699,3.267,-3152.8,0
1.3857,3505.64,-4.48312,-1.17759,2.44667,-3146.78,0
1.39223,3505.63,-4.44899,-1.22637,2.67935,-3137.23,0
1.39872,3505.6,-4.56626,-1.30701,1.18692,-3147.77,0
1.4052,3505.53,-4.6326,-1.40858,1.91137,-3182.02,0
1.41169,3505.5,-4.56291,-1.42804,2.59478,-3187.12,0
1.41821,3505.62,-4.3285,-1.41712,1.28587,-3087.61,0
1.42474,3505.57,-4.16416,-1.27522,4.80536,-3108.81,0
1.43122,3505.51,-4.14623,-1.33931,4.42999,-3138.2,0
1.43775,3505.55,-4.18463,-1.22421,2.23641,-3091.72,0
1.44423,3505.46,-4.19498,-1.38236,4.05989,-3141.62,0
1.45073,3505.51,-4.04241,-1.20405,4.29483,-3092.28,0
1.45725,3505.61,-3.87815,-1.38711,1.48356,-3010.19,0
1.46378,3505.61,-3.73338,-1.21674,3.4453,-3001.56,0
1.47032,3505.51,-3.54966,-1.26006,6.15762,-3055.05,0
1.47684,3505.56,-3.5338,-1.22264,2.26929,-3004.21,0
1.48338,3505.49,-3.39535,-1.49792,4.44968,-3037.43,0
1.48986,3505.55,-3.38427,-1.46165,2.04638,-2988.73,0
1.49635,3505.5,-3.48739,-1.61763,0.860322,-3005.04,0
1.50289,3505.45,-3.50801,-1.42668,3.17874,-3029.63,0
1.50937,3505.44,-3.57728,-1.57083,1.46805,-3022.12,0
1.51587,3505.45,-3.5789,-1.4016,1.65542,-3003.36,0
1.52237,3505.3,-3.62944,-1.33886,5.15612,-3084.4,0
1.52888,3505.26,-3.67895,-1.40543,3.90305,-3101.84,0
1.53534,3505.38,-3.65007,-1.16421,0.424675,-3007.18,0
1.54183,3505.23,-3.65594,-1.2347,4.44345,-3094.75,0
1.54829,3505.24,-3.63498,-1.18506,2.69063,-3073.24,0
1.55477,3505.18,-3.48708,-1.10703,6.03502,-3101.98,0
1.56126,3505.17,-3.60457,-1.15502,2.74026,-3091.26,0
1.56778,3505.23,-3.46753,-1.03054,2.52037,-3043.55,0
1.57429,3505.22,-3.59175,-1.00334,0.894738,-3035.74,0
1.58077,3505.16,-3.52,-1.00018,3.752,-3063.91,0
1.58725,3505.11,-3.50973,-1.039,3.89221,-3081.7,0
1.59373,3505.13,-3.47893,-0.829486,3.26637,-3056.18,0
1.60026,3505.1,-3.32639,-0.692153,4.92831,-3060.09,0
1.60675,3505.21,-3.15183,-0.460986,2.71813,-2979,0
1.61326,3505.23,-3.01115,-0.572753,3.24259,-2956.53,0
1.6198,3505.24,-2.93909,-0.359607,3.7819,-2940.12,0
1.6263,3505.22,-2.86289,-0.364108,3.17946,-2936.5,0
1.6328,3505.21,-2.79327,-0.369054,3.73812,-2933.11,0
1.63931,3505.19,-2.74793,-0.368772,4.00355,-2934.03,0
1.64579,3505.11,-2.82857,-0.439073,4.5354,-2970.11,0
1.65233,3505.09,-2.7701,-0.345804,4.54894,-2974.38,0
1.65883,3505.13,-2.84967,-0.319518,1.21272,-2935.41,0
1.66533,3505.02,-2.9717,-0.131546,3.54996,-2990.76,0
1.67186,3504.99,-3.02905,-0.0894352,3.28261,-2993.7,0
1.67837,3505.05,-2.78286,0.0701849,3.77598,-2950.99,0
1.68488,3505.06,-2.85255,0.0146309,1.35308,-2930.15,0
1.69138,3505.01,-2.86025,0.131059,2.90151,-2953.15,0
1.6979,3504.93,-2.89342,0.0967761,4.62202,-2988.23,0
1.7044,3504.85,-2.98127,0.258356,4.94065,-3020.09,0
1.71092,3504.87,-2.92491,0.198506,3.91045,-2998.7,0
1.71741,3504.79,-2.93906,0.189307,5.19072,-3031.01,0
1.72392,3504.83,-3.11435,0.167445,0.178311,-3000.3,0
1.73047,3504.72,-3.03761,0.168438,4.41176,-3052.21,0
1.73697,3504.67,-3.03499,0.17292,4.54155,-3069.52,0
1.74352,3504.69,-3.03987,0.239793,2.32865,-3048.21,0
1.74999,3504.59,-3.02897,0.323817,5.2673,-3090.58,0
1.7565,3504.62,-2.98825,0.398299,2.96721,-3061.17,0
1.76297,3504.54,-3.08684,0.425805,4.32268,-3094.42,0
1.76948,3504.49,-2.95939,0.395246,5.84381,-3112.88,0
1.77604,3504.5,-2.99972,0.210445,3.12276,-3098.52,0
1.78253,3504.45,-3.15012,0.129913,2.26164,-3110.94,0
1.78904,3504.3,-3.40876,0.396587,4.04961,-3187.8,0
1.79559,3504.32,-3.29447,0.594188,3.18842,-3162.35,0
1.80209,3504.4,-3.14298,0.464389,2.27223,-3109.16,0
1.8086,3504.32,-3.17026,0.475085,3.30563,-3142.57,0
1.81511,3504.25,-3.30356,0.549869,3.07553,-3165.3,0
1.82162,3504.24,-3.18383,0.564491,4.93156,-3162.48,0
1.82811,3504.16,-3.22406,0.590744,4.22946,-3193.05,0
1.83459,3504.24,-3.19225,0.438475,0.561281,-3137.17,0
1.84112,3504.18,-3.1947,0.48381,2.34826,-3159.67,0
1.84763,3504.13,-3.11797,0.595414,4.39649,-3176.24,0
1.85414,3504.1,-3.09197,0.690917,4.95174,-3182.89,0
1.86065,3504.07,-3.13246,0.716648,3.6571,-3184.39,0
1.86717,3503.99,-3.1382,0.681342,6.0605,-3218.87,0
1.87369,3503.96,-3.09442,0.764109,5.50361,-3220.99,0
1.88021,3504.02,-3.02121,0.891037,2.08548,-3178.23,0
1.88673,3503.98,-2.93586,1.0765,3.77458,-3189.27,0
1.89322,3503.92,-2.8552,1.06327,6.91465,-3212.88,0
1.89973,3503.94,-2.89283,0.952506,2.66919,-3189.72,0
1.90625,3503.92,-2.94966,0.874569,2.22939,-3189.13,0
1.91279,3503.84,-3.13985,0.904131,1.48303,-3219.09,0
1.91933,3503.78,-3.23496,0.841322,1.98266,-3241.64,0
1.92585,3503.81,-3.14537,0.598798,3.02266,-3215.07,0
1.93238,3503.68,-3.44185,0.360208,3.03422,-3270.34,0
1.93889,3503.6,-3.46281,0.283144,5.6906,-3302.47,0
1.9454,3503.57,-3.4601,0.322242,4.70516,-3305.18,0
1.9519,3503.59,-3.52464,0.379388,0.904721,-3283.78,0
1.95842,3503.43,-3.6057,0.408047,5.2323,-3355.37,0
1.96489,3503.5,-3.59913,0.446068,0.505134,-3307.57,0
1.97137,3503.43,-3.5727,0.356592,4.18832,-3334.73,0
1.97787,3503.45,-3.53989,0.310653,3.33421,-3314.15,0
1.98434,3503.42,-3.52546,0.159097,4.54478,-3318.21,0
1.99087,3503.37,-3.43798,0.0652699,5.72154,-3331.33,0
1.99735,3503.28,-3.58662,0.0100839,4.31433,-3362.67,0
2.00388,3503.4,-3.37687,-0.0516744,3.15653,-3294.34,0
2.01041,3503.55,-3.11863,0.0770534,1.38838,-3209.3,0
2.01692,3503.47,-3.18071,0.283883,2.72816,-3235.82,0
2.02345,3503.48,-3.1985,0.226032,1.40019,-3220.39,0
2.02994,3503.34,-3.2903,0.150328,4.60497,-3281.44,0
2.03644,3503.33,-3.37338,0.0995952,1.50674,-3273.68,0
2.04294,3503.43,-3.19422,0.0932991,0.5833,-3218.26,0
2.04941,3503.34,-3.26508,0.273685,2.32665,-3248.03,0
2.05593,3503.15,-3.51452,0.10552,5.01013,-3333.24,0
2.06244,3503.22,-3.41426,0.209255,3.19182,-3286.85,0
2.06893,3503.15,-3.45424,0.246488,4.24979,-3311.31,0
2.0755,3503.1,-3.54632,0.310186,2.9058,-3322.23,0
2.08198,3503.03,-3.62186,0.501663,3.06419,-3345.55,0
2.08846,3503.02,-3.6319,0.659268,2.15601,-3339.96,0
2.09498,3503.05,-3.5686,0.574713,1.69898,-3315.52,0
2.1015,3502.96,-3.53718,0.542802,5.53598,-3350.35,0
2.108,3502.9,-3.45073,0.560127,7.36183,-3368.65,0
2.11455,3502.94,-3.40636,0.497626,4.14145,-3341.04,0
2.12107,3502.98,-3.37392,0.596541,1.58952,-3308.71,0
2.12758,3502.84,-3.55458,0.776854,2.10119,-3365.8,0
2.13411,3502.77,-3.58352,0.955875,3.08356,-3389.34,0
2.14058,3502.67,-3.78746,0.810923,1.82687,-3422.44,0
2.14704,3502.78,-3.56497,0.775912,2.77119,-3360.81,0
2.15354,3502.72,-3.52892,0.844346,4.39965,-3380.59,0
2.16007,3502.77,-3.42852,0.92896,3.54641,-3346.61,0
2.16657,3502.83,-3.38105,0.915062,1.57573,-3310.42,0
2.1731,3502.88,-3.15806,1.1652,2.21957,-3276.71,0
2.17963,3502.79,-3.27901,1.41226,0.138795,-3309.82,0
2.1861,3502.82,-3.22465,1.27474,1.21228,-3285.94,0
2.19258,3502.72,-3.21183,1.31204,5.19551,-3320.69,0
2.19909,3502.68,-3.28224,1.35998,2.6137,-3326.53,0
2.20563,3502.69,-3.14254,1.48959,4.19745,-3315.85,0
2.2121,3502.73,-3.01448,1.63561,2.63187,-3287.24,0
2.21864,3502.66,-3.17086,1.42552,3.88269,-3307.98,0
2.22515,3502.67,-3.21622,1.42509,0.894371,-3294.72,0
2.23169,3502.58,-3.15123,1.3713,6.12,-3325.63,0
2.23818,3502.46,-3.13058,1.32989,8.02848,-3368.51,0
2.24469,3502.41,-3.19731,1.34929,3.0385,-3381.14,0
2.25119,3502.35,-3.29762,1.37184,1.96314,-3398.4,0
2.25771,3502.41,-3.18309,1.46053,0.547572,-3360,0
2.26423,3502.36,-3.1301,1.45025,4.14929,-3373.44,0
2.27075,3502.32,-3.13169,1.44923,4.45859,-3383.72,0
2.27723,3502.25,-3.08485,1.51776,6.93723,-3403.28,0
2.28379,3502.22,-3.26025,1.60091,0.430143,-3408.76,0
2.29027,3502.18,-3.25512,1.4092,4.45595,-3413.8,0
2.29679,3502.06,-3.44699,1.51035,2.14865,-3458.88,0
2.30329,3502.01,-3.54277,1.38828,2.45095,-3468.47,0
2.3098,3502.01,-3.63552,1.14005,1.63803,-3459.86,0
2.3163,3501.82,-3.6418,1.17562,5.97526,-3531.72,0
2.3228,3501.82,-3.66287,1.06506,3.91757,-3523.31,0
2.32929,3501.86,-3.66533,0.949133,1.69234,-3494.64,0
2.33581,3501.87,-3.63125,0.855611,2.453,-3481.37,0
2.34231,3501.89,-3.53311,1.00573,2.34367,-3460.52,0
2.34885,3501.82,-3.49236,0.952473,6.96202,-3483.72,0
2.35536,3501.78,-3.41828,0.994804,5.68031,-3489.32,0
2.36188,3501.8,-3.31556,1.19641,5.29306,-3472.29,0
2.36836,3501.82,-3.24809,1.24681,4.98974,-3452.2,0
2.37488,3501.87,-3.23557,1.18315,3.39127,-3423.9,0
2.3814,3501.88,-3.28609,0.986028,2.72837,-3409.07,0
2.38793,3501.95,-3.19607,0.8607,3.3754,-3371.49,0
2.39441,3502.11,-2.8927,0.952471,4.30282,-3295.74,0
2.40091,3502.09,-2.83364,1.01818,5.12725,-3292.91,0
2.40739,3502.2,-2.72148,0.985236,2.57243,-3240.91,0
2.41392,3502.2,-2.6256,1.03308,4.56411,-3229.83,0
2.42042,3502.3,-2.53311,0.957328,1.60547,-3182.37,0
2.42691,3502.18,-2.6392,1.08028,2.66665,-3223.42,0
2.4334,3502.17,-2.60208,1.04724,2.95071,-3215.8,0
2.43998,3502.07,-2.7386,1.09089,1.81178,-3248.79,0
2.44652,3501.96,-2.76474,0.9574,6.88404,-3284.75,0
2.45304,3501.95,-2.85619,1.04969,0.779493,-3281.38,0
2.45959,3501.79,-2.8275,1.07572,8.3811,-3336.3,0
2.4661,3501.66,-2.84821,1.02332,8.94948,-3383.66,0
2.47262,3501.67,-2.89503,1.13324,1.23904,-3369.38,0
2.47921,3501.65,-2.81522,1.22001,3.08565,-3367.45,0
2.48571,3501.67,-2.77337,1.2138,2.69637,-3350.23,0
2.49222,3501.55,-2.88704,1.29692,2.35173,-3390.26,0
2.49874,3501.45,-2.94448,1.29327,5.2914,-3421.57,0
2.50525,3501.43,-2.95879,1.18925,6.16346,-3421.2,0
2.51171,3501.43,-2.90186,1.20174,4.78462,-3411.06,0
2.5182,3501.33,-2.96905,1.21471,5.36565,-3444.22,0
2.52468,3501.25,-2.99047,1.20587,5.63217,-3466.3,0
2.53116,3501.19,-3.05623,1.20331,2.36108,-3478.73,0
2.53766,3501.01,-3.12378,1.21333,7.2318,-3542.04,0
2.54413,3501,-3.07659,1.16546,6.56285,-3537.77,0
2.55063,3501.04,-3.06537,1.08787,3.09904,-3513.98,0
2.5571,3501.04,-3.07334,1.07392,2.15423,-3502.38,0
2.56367,3501,-3.01762,1.11221,6.51439,-3512.39,0
2.5702,3500.95,-3.07034,1.09868,2.33264,-3520.62,0
2.57673,3500.9,-2.9969,1.08602,8.05794,-3533.26,0
2.58322,3500.81,-3.1611,0.822839,5.48928,-3555.78,0
2.58971,3500.79,-3.21598,0.813117,2.26858,-3557.57,0
2.59618,3500.72,-3.15056,0.823689,8.76658,-3575.73,0
2.60268,3500.73,-3.13252,0.798483,4.92207,-3562.06,0
2.6092,3500.66,-3.06754,0.818572,7.65312,-3579.8,0
2.61571,3500.63,-3.04682,0.768201,6.91311,-3583.18,0
2.6222,3500.65,-3.02002,0.936363,0.605181,-3566.39,0
2.62872,3500.75,-2.92079,0.811902,1.51765,-3520.15,0
2.63522,3500.74,-2.91845,0.818954,1.33342,-3515.06,0
2.64169,3500.73,-2.8093,0.768902,7.96713,-3510.88,0
2.64818,3500.72,-2.77681,0.776405,6.37319,-3505.57,0
2.65469,3500.73,-2.72508,0.782209,5.9717,-3490.33,0
2.66125,3500.79,-2.65441,0.801432,4.84344,-3462.06,0
2.66776,3500.68,-2.67465,0.774581,7.0541,-3493.17,0
2.67424,3500.73,-2.61109,0.84137,4.91678,-3465.4,0
2.68077,3500.59,-2.62626,0.908171,8.14449,-3510.68,0
2.68727,3500.58,-2.62186,0.906797,3.04076,-3505.47,0
2.69375,3500.52,-2.59122,0.907689,5.141,-3518.68,0
2.70024,3500.54,-2.59098,0.948514,1.3652,-3502.53,0
2.70671,3500.59,-2.48368,0.95693,2.28055,-3475.9,0
2.71321,3500.5,-2.52017,0.900649,6.37917,-3502.84,0
2.71975,3500.3,-2.48445,0.878883,7.33504,-3566.46,0
2.72627,3500.27,-2.52325,0.782603,5.12497,-3567.2,0
2.73275,3500.23,-2.5269,0.614224,8.80956,-3574.95,0
2.73928,3500.31,-2.49991,0.642338,2.88325,-3537.04,0
2.7458,3500.24,-2.49015,0.71607,4.62573,-3552.87,0
2.7523,3500.25,-2.50708,0.713091,1.8416,-3541.97,0
2.7588,3500.25,-2.39146,0.65012,7.90669,-3535.58,0
2.76533,3500.23,-2.40981,0.65441,2.34361,-3534.49,0
2.77187,3500.28,-2.32624,0.627595,5.85759,-3507.26,0
2.77843,3500.19,-2.37454,0.7162,3.26634,-3532.26,0
2.78489,3500.28,-2.32064,0.660436,3.10228,-3490.1,0
2.79144,3500.36,-2.24692,0.603482,4.83645,-3452.83,0
2.79792,3500.43,-2.14654,0.516816,8.87481,-3420.88,0
2.80446,3500.41,-2.1949,0.451249,3.59626,-3419.2,0
2.81095,3500.36,-2.22648,0.389243,4.62173,-3430.93,0
2.81749,3500.37,-2.19362,0.394229,6.43467,-3419.19,0
2.82399,3500.26,-2.2468,0.432275,3.59336,-3448.21,0
2.8305,3500.32,-2.19208,0.442932,2.6668,-3420.06,0
2.83704,3500.19,-2.25369,0.416366,5.40128,-3459.25,0
2.84352,3500.15,-2.10336,0.483365,6.75743,-3463.79,0
2.85005,3500.16,-1.99947,0.426776,1.97132,-3453.74,0
2.85656,3500.17,-1.9863,0.373045,2.9045,-3441.06,0
2.86307,3500.12,-1.99697,0.390326,3.78391,-3451.61,0
2.86957,3500.19,-1.90595,0.54637,2.74516,-3417.18,0
2.87607,3500.09,-1.95863,0.498604,4.94817,-3446.46,0
2.88256,3500.06,-1.96827,0.421139,6.83603,-3449.49,0
2.8891,3500.03,-1.83168,0.380929,1.69158,-3452.33,0
2.89558,3500.01,-1.80396,0.264929,7.34018,-3450.02,0
2.90215,3500.03,-1.78,0.268199,3.44143,-3433.96,0
2.9087,3499.87,-1.83278,0.356607,3.15377,-3481.66,0
2.91522,3499.81,-1.77904,0.365148,2.44443,-3495.19,0
2.92171,3499.67,-1.76437,0.316521,0.801419,-3534.98,0
2.92819,3499.64,-1.6715,0.329337,6.0752,-3539.32,0
2.93466,3499.49,-1.70235,0.371695,6.80475,-3581.23,0
2.94117,3499.44,-1.72016,0.266955,6.05523,-3589.21,0
2.94772,3499.45,-1.64973,0.315269,3.60711,-3580.21,0
2.95423,3499.35,-1.67716,0.276582,3.9047,-3604.26,0
2.96075,3499.25,-1.60664,0.340665,5.16861,-3630.93,0
2.96725,3499.35,-1.61457,0.0810071,2.95979,-3589.98,0
2.97381,3499.24,-1.61152,0.114917,8.35538,-3617.78,0
2.98033,3499.15,-1.6178,0.0564601,8.65411,-3641.47,0
2.98679,3499.26,-1.44991,0.0227027,10.1381,-3594.51,0
2.99328,3499.13,-1.26391,0.0528752,10.7669,-3633.01,0
2.99976,3499.16,-1.19605,0.101331,10.9637,-3612.15,0
3.00162,3499.09,-1.17622,0.104647,4.97839,-3635.9,0
