0.00653127,3509.96,-2.89751,-3.84981,1.54959,-6160.06,0
0.0129937,3509.85,-2.97999,-3.97018,3.55878,-11422.3,0
0.0195108,3509.78,-2.9177,-3.92293,4.64659,-11226.5,0
0.0260039,3509.82,-2.85794,-3.74207,4.16244,-6998.92,0
0.0324937,3509.78,-2.89564,-3.63901,4.3372,-6895.09,0
0.0390436,3509.81,-3.05614,-3.5725,1.444,-4821.71,0
0.0455369,3509.85,-2.57435,-3.48661,2.40246,-3202.88,0
0.052067,3509.81,-2.80363,-3.52926,2.16711,-3652.27,0
0.058586,3509.74,-2.72851,-3.40105,4.04887,-4426.11,0
0.0650781,3509.69,-2.7886,-3.49348,2.67227,-4692.99,0
0.0715692,3509.67,-2.7298,-3.53061,3.22518,-4668.97,0
0.0780865,3509.6,-2.60103,-3.64028,4.18742,-5105.14,0
0.0845721,3509.59,-2.585,-3.67957,3.61237,-4799.67,0
0.091089,3509.62,-2.73806,-3.54447,2.34785,-4128.48,0
0.0976028,3509.62,-2.38633,-3.72947,2.55021,-3941.69,0
0.10413,3509.56,-2.27622,-3.93428,3.14002,-4248.21,0
0.110617,3509.59,-2.10574,-3.93902,2.19465,-3731.2,0
0.117067,3509.44,-2.09245,-4.00917,5.36325,-4781,0
0.123591,3509.39,-2.10289,-3.9606,5.41198,-4914.08,0
0.130093,3509.43,-2.05603,-4.20265,1.92709,-4380.25,0
0.136584,3509.34,-1.68698,-4.09928,6.09272,-4858.13,0
0.143103,3509.32,-1.6767,-4.15032,4.54457,-4730.56,0
0.149623,3509.25,-1.60818,-4.29337,4.5278,-5004.52,0
0.156137,3509.27,-1.67537,-4.36014,2.33219,-4668.99,0
0.16265,3509.22,-1.46718,-4.34051,3.51552,-4781.49,0
0.169115,3509.13,-1.44942,-4.35891,5.36296,-5155.33,0
0.175646,3509.07,-1.44687,-4.39237,4.80686,-5271.02,0
0.182124,3509.1,-1.44134,-4.53567,1.99574,-4965.81,0
0.188665,3509.02,-1.43635,-4.4055,5.12544,-5219.16,0
0.1951,3508.94,-1.47782,-4.34528,5.20496,-5425.66,0
0.201555,3509.03,-1.45301,-4.23105,2.16298,-4819.44,0
0.20809,3508.9,-1.42771,-4.18966,5.45689,-5288.68,0
0.21458,3508.89,-1.48091,-4.2054,3.90197,-5155.91,0
0.221105,3508.91,-1.55665,-4.39064,1.01031,-4922.42,0
0.227586,3508.87,-1.48508,-4.281,3.18521,-4955.47,0
0.234114,3508.75,-1.49228,-4.36177,4.57553,-5328.45,0
0.240609,3508.7,-1.49215,-4.41241,4.69768,-5414.29,0
0.247109,3508.67,-1.51605,-4.39388,4.58923,-5383.78,0
0.253614,3508.61,-1.52306,-4.40659,4.38188,-5463.51,0
0.26013,3508.58,-1.61024,-4.36373,4.12043,-5455.42,0
0.266648,3508.64,-1.83183,-4.33107,0.97867,-5099.76,0
0.273159,3508.52,-1.93263,-4.40202,3.96115,-5410.65,0
0.279701,3508.42,-1.90276,-4.30561,6.30925,-5648.16,0
0.286237,3508.49,-1.84903,-4.46209,1.87719,-5283.21,0
0.292711,3508.56,-1.78245,-4.29528,0.338525,-4913.7,0
0.299181,3508.37,-2.00431,-4.40625,4.73476,-5438.43,0
0.305656,3508.37,-2.05137,-4.31722,4.26987,-5332.76,0
0.312173,3508.39,-2.20217,-4.29225,2.50958,-5157.31,0
0.318635,3508.35,-2.03243,-4.31536,4.19939,-5189.07,0
0.325125,3508.22,-2.02946,-4.1775,6.68627,-5463.78,0
0.33162,3508.29,-1.88915,-4.38163,0.644191,-5161.28,0
0.338126,3508.28,-1.75004,-4.35756,1.35999,-5091.41,0
0.344636,3508.28,-1.78386,-4.26939,1.38922,-4995.38,0
0.351142,3508.21,-1.73825,-4.28291,3.45267,-5088.06,0
0.357657,3508.15,-1.58304,-4.37552,4.70538,-5162.3,0
0.364135,3508.21,-1.4729,-4.5077,1.19843,-4922.07,0
0.370606,3508.17,-1.60171,-4.52859,1.37014,-4928.45,0
0.377108,3508.13,-1.65388,-4.5771,1.37213,-4963.64,0
0.383591,3507.99,-1.64866,-4.71364,4.65849,-5249.44,0
0.390105,3508.05,-1.5013,-4.55864,3.29503,-4994.26,0
0.396615,3508.02,-1.40795,-4.57157,3.11727,-4988.21,0
0.403118,3508,-1.38299,-4.68041,2.36868,-4959,0
0.409605,3507.94,-1.34239,-4.78983,3.24006,-5031.92,0
0.416111,3508.02,-1.41173,-4.69967,0.716339,-4768.7,0
0.422603,3507.99,-1.36091,-4.74411,1.19033,-4758.39,0
0.429114,3507.87,-1.32264,-4.82321,4.17429,-4972.46,0
0.435631,3507.86,-1.34581,-4.79818,3.23157,-4919.69,0
0.442132,3507.88,-1.2919,-4.77386,2.30148,-4804.81,0
0.448602,3507.84,-1.30855,-4.65027,3.97786,-4810.02,0
0.455146,3507.77,-1.28792,-4.71295,4.83232,-4908.65,0
0.461665,3507.86,-1.32408,-4.58438,1.15972,-4638.97,0
0.468185,3507.87,-1.52837,-4.47539,0.825496,-4551.78,0
0.474681,3507.81,-1.41032,-4.39871,3.79488,-4609.85,0
0.481188,3507.81,-1.41465,-4.23903,4.93172,-4549.22,0
0.487724,3507.78,-1.35909,-4.2288,4.35501,-4553.58,0
0.494204,3507.86,-1.21043,-4.20855,1.12278,-4331.65,0
0.500716,3507.83,-1.07672,-4.10515,3.04112,-4328.56,0
0.507221,3507.76,-1.19086,-4.22793,3.77234,-4411.43,0
0.51374,3507.65,-1.35149,-4.29194,5.51495,-4574.61,0
0.520248,3507.71,-1.43535,-4.31349,1.17953,-4397.07,0
0.526815,3507.59,-1.48642,-4.47625,3.43344,-4581.4,0
0.533282,3507.61,-1.44936,-4.42496,1.86196,-4480.11,0
0.539779,3507.57,-1.5099,-4.65991,0.181958,-4509.77,0
0.546294,3507.5,-1.59632,-4.57708,2.74084,-4583.76,0
0.552781,3507.48,-1.41698,-4.60218,3.36076,-4554.02,0
0.559293,3507.43,-1.37406,-4.96465,0.70072,-4588.24,0
0.565772,3507.45,-1.13708,-4.78157,2.50402,-4498.41,0
0.572272,3507.46,-1.29941,-4.70551,1.60708,-4445.63,0
0.578751,3507.53,-1.121,-4.59476,0.204462,-4265.68,0
0.58526,3507.49,-1.20787,-4.62797,0.637296,-4283.86,0
0.591736,3507.38,-1.30207,-4.50015,4.9623,-4434.38,0
0.59824,3507.26,-1.17594,-4.54627,6.07131,-4585.74,0
0.604786,3507.32,-1.249,-4.48098,2.33068,-4435.76,0
0.611297,3507.31,-1.16582,-4.55124,1.83018,-4405.11,0
0.617837,3507.23,-1.22162,-4.57864,3.92884,-4477.34,0
0.62438,3507.27,-1.47966,-4.45918,2.47623,-4368.75,0
0.630883,3507.23,-1.44414,-4.60351,2.06323,-4383.65,0
0.637349,3507.26,-1.51292,-4.54628,0.903544,-4299.21,0
0.643834,3507.22,-1.57999,-4.4281,2.86129,-4316.99,0
0.650311,3507.22,-1.50204,-4.37569,2.54817,-4273.41,0
0.656858,3507.18,-1.5671,-4.43517,2.75376,-4291.04,0
0.663389,3507.17,-1.55498,-4.32726,3.65563,-4265.36,0
0.669868,3507.08,-1.51887,-4.26588,6.47296,-4362.37,0
0.676358,3507.08,-1.57227,-4.20822,4.53569,-4314.25,0
0.682831,3506.96,-1.61293,-4.24585,6.55523,-4452.49,0
0.689319,3506.89,-1.6136,-4.29976,6.35451,-4508.93,0
0.695809,3506.98,-1.62062,-4.26902,1.47723,-4337.97,0
0.702323,3506.89,-1.46376,-4.24233,4.56341,-4425.04,0
0.708852,3506.87,-1.59364,-4.1557,3.8202,-4422.5,0
0.71533,3506.85,-1.76387,-4.16919,2.60489,-4408.22,0
0.721814,3506.73,-1.76814,-4.1714,5.75974,-4532.4,0
0.728331,3506.73,-1.54095,-4.30219,4.58652,-4496.28,0
0.734852,3506.81,-1.47966,-4.22231,0.677578,-4344.89,0
0.741362,3506.82,-1.40766,-4.01056,2.57561,-4287.95,0
0.747913,3506.86,-1.3866,-3.95622,0.940787,-4194.22,0
0.754428,3506.84,-1.34531,-3.99673,1.32416,-4189.93,0
0.760917,3506.73,-1.51987,-3.97625,3.24609,-4292.39,0
0.767409,3506.79,-1.47045,-3.86539,1.6698,-4176.61,0
0.773918,3506.73,-1.57323,-3.84653,3.49979,-4222.7,0
0.780445,3506.74,-1.68283,-3.90535,1.38609,-4181.48,0
0.786964,3506.69,-1.69832,-3.8333,3.92136,-4212.11,0
0.793487,3506.74,-1.75839,-3.77642,1.37531,-4108.33,0
0.799986,3506.66,-1.70667,-3.92114,3.02025,-4179.26,0
0.806473,3506.59,-1.58029,-3.95639,5.07284,-4231.29,0
0.813006,3506.67,-1.89355,-3.78918,1.10765,-4094.65,0
0.819479,3506.58,-1.96557,-3.72985,3.97604,-4169.51,0
0.825985,3506.46,-2.07892,-3.93152,5.15376,-4290.09,0
0.832496,3506.47,-2.09129,-3.89135,3.6494,-4234.63,0
0.838984,3506.51,-2.03436,-3.87115,1.42113,-4164.04,0
0.845501,3506.4,-1.93629,-3.99633,4.45778,-4252.05,0
0.852021,3506.33,-1.85138,-3.91687,6.08131,-4307.36,0
0.858476,3506.19,-1.85101,-3.88,7.26307,-4442.2,0
0.864991,3506.18,-1.83312,-3.95854,3.2188,-4419.21,0
0.871477,3506.14,-1.80814,-3.95651,3.70602,-4432.58,0
0.877975,3506.11,-1.74616,-3.97153,3.65178,-4427.38,0
0.884453,3506.09,-1.75775,-3.88019,3.68259,-4423.63,0
0.890976,3506.07,-1.64141,-3.80311,5.543,-4414.25,0
0.897497,3506.03,-1.60626,-3.83008,4.43573,-4426.07,0
0.903986,3505.98,-1.58523,-3.89424,4.86533,-4444.22,0
0.910518,3505.94,-1.52902,-3.9026,5.08688,-4454.52,0
0.916981,3505.87,-1.76821,-4.1028,3.18691,-4500.25,0
0.923472,3505.88,-1.82473,-3.91581,4.51702,-4466.26,0
0.930015,3505.9,-1.72176,-3.86094,3.08758,-4409.4,0
0.936567,3505.84,-1.6793,-3.88886,4.35925,-4441.71,0
0.943069,3505.71,-1.69897,-3.86262,7.24614,-4544.38,0
0.949565,3505.72,-1.7332,-3.92535,3.31964,-4504.23,0
0.956035,3505.67,-1.7358,-3.97116,4.08269,-4524.18,0
0.962574,3505.76,-1.54782,-4.00626,0.278257,-4407.01,0
0.969062,3505.77,-1.30973,-3.93672,1.4693,-4364.32,0
0.975567,3505.62,-1.36859,-4.03238,4.7758,-4489.99,0
0.982056,3505.58,-1.40607,-4.03169,4.92837,-4496.93,0
0.988567,3505.55,-1.49598,-4.00457,4.07242,-4497.3,0
0.995118,3505.55,-1.4984,-3.93884,3.258,-4472.18,0
1.00163,3505.55,-1.4905,-4.03484,0.380468,-4446.17,0
1.00815,3505.36,-1.5017,-4.27762,4.47255,-4598.16,0
1.01472,3505.4,-1.35957,-4.22716,3.8138,-4535.17,0
1.02119,3505.49,-1.36208,-4.10737,0.0569555,-4417.62,0
1.02768,3505.51,-1.29578,-3.805,4.47715,-4373.71,0
1.0342,3505.5,-1.34689,-3.89969,1.75361,-4348.92,0
1.0407,3505.5,-1.47811,-3.90761,0.584773,-4328.42,0
1.0472,3505.37,-1.44966,-4.01656,4.90731,-4423.92,0
1.0537,3505.45,-1.58892,-3.85543,0.724602,-4313.68,0
1.06025,3505.46,-1.20725,-3.81411,2.9147,-4283.36,0
1.06676,3505.42,-1.1537,-3.90536,2.74663,-4291.04,0
1.07331,3505.32,-1.07662,-3.85403,6.54397,-4358.73,0
1.07983,3505.27,-1.07824,-3.82364,7.2776,-4383.68,0
1.08635,3505.29,-1.1054,-3.74241,4.16399,-4334.42,0
1.09284,3505.25,-1.13573,-3.79883,3.04139,-4346.72,0
1.09936,3505.2,-0.928893,-3.85624,4.3941,-4363.93,0
1.10583,3505.16,-0.956615,-4.10182,0.994466,-4376.93,0
1.11238,3505,-0.983724,-4.2519,5.1324,-4495.21,0
1.11891,3505.07,-1.04393,-4.17134,0.896502,-4408.97,0
1.1254,3504.95,-1.14728,-4.23753,3.9218,-4484.55,0
1.13192,3504.91,-0.987609,-4.28754,5.27449,-4499.69,0
1.13839,3504.93,-1.02684,-4.35321,0.679309,-4452.57,0
1.1449,3504.73,-1.16004,-4.62857,3.72105,-4605.2,0
1.15136,3504.71,-1.11908,-4.54892,5.3929,-4598.17,0
1.15787,3504.67,-1.28836,-4.63847,2.78111,-4606.12,0
1.16437,3504.65,-1.29907,-4.64261,3.08432,-4598.09,0
1.17083,3504.57,-1.27582,-4.59936,6.24409,-4640.55,0
1.17734,3504.56,-1.24175,-4.54397,5.03485,-4617.04,0
1.18387,3504.56,-1.16432,-4.50677,5.45602,-4598.45,0
1.19037,3504.57,-1.16841,-4.55153,2.08802,-4564.02,0
1.19687,3504.58,-1.34357,-4.46177,2.13379,-4529.93,0
1.2034,3504.5,-1.4017,-4.65199,1.02805,-4572.59,0
1.2099,3504.41,-1.37272,-4.78565,2.17493,-4621.34,0
1.21641,3504.27,-1.29824,-4.7719,6.88527,-4710.18,0
1.22292,3504.31,-1.24545,-4.736,3.14794,-4654.81,0
1.22948,3504.29,-1.22307,-4.67378,5.27387,-4645.64,0
1.23601,3504.32,-1.38032,-4.46467,6.30402,-4593,0
1.24256,3504.3,-1.38209,-4.40561,6.38461,-4589.88,0
1.24905,3504.29,-1.34522,-4.4388,4.1392,-4568.55,0
1.25556,3504.26,-1.244,-4.44697,5.52858,-4574.56,0
1.26204,3504.26,-1.16609,-4.5565,1.04859,-4547.29,0
1.26853,3504.24,-1.09944,-4.59975,0.952766,-4539.14,0
1.2751,3504.19,-1.0198,-4.52598,5.07224,-4554.46,0
1.28161,3504.21,-1.09796,-4.48528,1.78257,-4514.2,0
1.2881,3504.13,-1.19626,-4.3812,6.46438,-4555.1,0
1.29461,3504.12,-1.23173,-4.39323,4.25936,-4544.96,0
1.30111,3504.13,-0.983899,-4.39767,3.75803,-4508.72,0
1.3076,3504.12,-1.13681,-4.39332,2.39104,-4493.07,0
1.3141,3504.1,-1.32193,-4.22441,6.47463,-4492.93,0
1.32061,3504.06,-1.23907,-4.24158,5.32029,-4495.34,0
1.32713,3504.17,-1.22143,-4.03939,2.89773,-4392.84,0
1.33363,3504.17,-1.15749,-3.87047,6.18062,-4369.99,0
1.34014,3504.27,-1.25404,-3.67224,3.62545,-4278.95,0
1.34666,3504.36,-1.07386,-3.57726,1.3054,-4187.76,0
1.35309,3504.35,-0.913331,-3.46976,3.11107,-4174.25,0
1.3596,3504.31,-0.832426,-3.57192,2.89038,-4183.6,0
1.36611,3504.23,-0.955403,-3.72102,3.12296,-4227.3,0
1.37263,3504.13,-0.937296,-3.74412,6.5201,-4275.29,0
1.37913,3504.08,-0.930814,-3.80466,6.06824,-4295.09,0
1.38566,3504,-0.909533,-4.08276,1.79742,-4329.36,0
1.39217,3504.08,-0.797411,-3.75273,5.85967,-4249.58,0
1.39868,3504.05,-0.915585,-3.68997,5.77518,-4255.01,0
1.40519,3504.06,-0.864443,-3.79093,1.70924,-4229.03,0
1.41169,3503.98,-0.921643,-3.94147,1.37517,-4265.17,0
1.41822,3503.97,-1.03271,-3.86245,2.13892,-4251.14,0
1.42469,3503.93,-0.913306,-3.89928,3.84214,-4259.68,0
1.43122,3504.02,-0.773393,-3.77612,2.32106,-4178.07,0
1.4377,3504.06,-0.553644,-3.73233,1.76268,-4131.34,0
1.44419,3504.02,-0.511347,-3.70942,4.33118,-4139.63,0
1.4507,3503.93,-0.466072,-3.79188,5.6208,-4185.03,0
1.45719,3503.91,-0.369886,-3.87233,3.43589,-4180.6,0
1.4637,3503.92,-0.454843,-3.93963,0.028144,-4156.39,0
1.47021,3503.99,-0.36742,-3.69791,1.17581,-4088.99,0
1.4767,3503.96,-0.248291,-3.69256,3.04715,-4089.74,0
1.48323,3503.97,-0.109024,-3.64865,3.2071,-4064.63,0
1.4897,3503.98,-0.119586,-3.61543,3.30305,-4042.84,0
1.49618,3503.97,-0.0685315,-3.57715,3.93671,-4027.5,0
1.50267,3503.92,-0.0415027,-3.63092,4.0475,-4044.26,0
1.50917,3503.94,0.0842176,-3.58841,3.07551,-4017.56,0
1.51567,3504.04,0.212437,-3.29123,3.94314,-3929.41,0
1.52217,3504.07,0.111569,-3.23411,2.95148,-3893.71,0
1.52868,3504.06,0.00670302,-3.2558,2.48109,-3884.93,0
1.53514,3504.02,0.0260248,-3.21457,4.83358,-3898.05,0
1.54164,3503.96,0.0504127,-3.27114,6.36709,-3919.74,0
1.54818,3503.92,-0.0200198,-3.22957,4.95476,-3926.77,0
1.5547,3503.92,-0.224743,-3.27699,2.70546,-3908.66,0
1.56123,3503.84,-0.269922,-3.3674,5.01613,-3948.52,0
1.56774,3503.86,-0.319736,-3.37385,0.440235,-3917.34,0
1.57423,3503.76,-0.321716,-3.3583,6.18049,-3963.53,0
1.58074,3503.79,-0.2699,-3.38237,1.55311,-3930,0
1.58728,3503.64,-0.353365,-3.49986,6.15318,-4004.43,0
1.59378,3503.62,-0.372576,-3.49137,4.44546,-4000.48,0
1.60028,3503.58,-0.310595,-3.53805,5.11385,-4011.15,0
1.60676,3503.52,-0.330041,-3.47066,6.04451,-4031.77,0
1.61324,3503.48,-0.35566,-3.64668,1.34732,-4039.48,0
1.61975,3503.37,-0.43988,-3.61698,6.82583,-4090.75,0
1.62626,3503.39,-0.4029,-3.6386,0.50764,-4063.84,0
1.63273,3503.35,-0.353392,-3.61977,2.6467,-4070.24,0
1.63922,3503.28,-0.205469,-3.66133,3.55587,-4100.31,0
1.64574,3503.2,-0.11662,-3.71054,4.41645,-4130.17,0
1.65221,3503.2,-0.151433,-3.60765,6.63078,-4117.25,0
1.6587,3503.26,-0.301586,-3.54879,2.65522,-4064.07,0
1.66519,3503.13,-0.254272,-3.55471,8.5352,-4124.24,0
1.67172,3503.05,-0.285443,-3.58785,6.37572,-4154.63,0
1.67825,3502.95,-0.326333,-3.7202,5.4577,-4200.62,0
1.68476,3503.06,-0.459903,-3.54951,2.57344,-4118.81,0
1.69125,3502.94,-0.449747,-3.44071,11.2231,-4175.66,0
1.69776,3502.9,-0.393862,-3.38906,3.85158,-4184.07,0
1.70422,3502.88,-0.419339,-3.44898,0.514119,-4175.79,0
1.7107,3502.96,-0.218047,-3.24318,4.17855,-4116.88,0
1.71721,3502.94,-0.182847,-3.29505,2.27723,-4108.44,0
1.72376,3502.94,-0.155635,-3.21358,5.6361,-4096.81,0
1.73029,3502.93,-0.169238,-3.12929,6.31005,-4083.32,0
1.73683,3502.92,-0.165365,-3.05621,6.82431,-4076.35,0
1.74337,3502.91,-0.176573,-3.01603,5.00235,-4067.79,0
1.74988,3502.88,-0.0249614,-3.12986,0.622639,-4066.39,0
1.75636,3502.91,-0.131849,-2.98404,4.32582,-4035.19,0
1.76289,3502.88,-0.096628,-2.96295,3.11577,-4041.15,0
1.76947,3502.82,-0.0880517,-2.96571,5.5196,-4059.49,0
1.77596,3502.76,-0.139565,-2.99036,5.77729,-4076.95,0
1.78247,3502.84,-0.138338,-2.9142,1.24071,-4017.54,0
1.78897,3502.78,-0.241489,-2.88939,6.22236,-4033.82,0
1.7955,3502.79,-0.0707011,-2.96274,1.53336,-4017.4,0
1.80203,3502.79,0.0346975,-2.87376,4.25799,-3999.78,0
1.80854,3502.76,-0.120466,-2.87454,6.10908,-4002.07,0
1.81502,3502.73,-0.141492,-2.85379,6.42975,-4008.02,0
1.8215,3502.73,0.0221757,-2.86625,3.11032,-3990.81,0
1.82803,3502.71,-0.0116285,-2.93223,1.161,-3990.24,0
1.83456,3502.62,0.163745,-2.91774,7.11116,-4021.87,0
1.84108,3502.68,0.101238,-2.87072,1.49336,-3977.66,0
1.84761,3502.63,0.0539038,-2.7972,7.13269,-3989.78,0
1.85419,3502.57,0.0753379,-2.95331,2.85571,-4009.03,0
1.8607,3502.49,0.0777788,-3.09255,0.956238,-4037.5,0
1.86721,3502.49,0.192521,-3.03612,1.72447,-4020.58,0
1.87372,3502.43,0.113665,-2.99494,6.14772,-4042.07,0
1.88023,3502.38,0.112013,-3.08758,3.66118,-4051.49,0
1.88675,3502.26,0.0806509,-3.17213,7.15619,-4102.79,0
1.89324,3502.28,0.129538,-3.16353,1.18395,-4075.93,0
1.89975,3502.23,0.185977,-3.07061,8.09424,-4087.4,0
1.9063,3502.23,0.246086,-3.07255,2.21419,-4075.02,0
1.91277,3502.27,0.265708,-3.03071,0.296755,-4039.64,0
1.91929,3502.18,0.224472,-3.06923,4.36552,-4074.35,0
1.92579,3502.11,0.257413,-3.13631,1.79399,-4096.97,0
1.93232,3502.04,0.210641,-3.19085,2.5464,-4117.1,0
1.93883,3501.89,0.23534,-3.21784,9.55063,-4184.7,0
1.94535,3501.79,0.26361,-3.22618,3.94208,-4222.09,0
1.95185,3501.64,0.153632,-3.32321,7.83803,-4284.44,0
1.95841,3501.63,0.317024,-3.32857,5.64615,-4271.98,0
1.9649,3501.69,0.2963,-3.24937,3.7733,-4228.31,0
1.9714,3501.62,0.338479,-3.30456,4.10528,-4253.03,0
1.97789,3501.6,0.328901,-3.35537,1.28056,-4247.98,0
1.98442,3501.63,0.257831,-3.30045,1.6499,-4220,0
1.99099,3501.57,0.189198,-3.24998,7.72761,-4235.54,0
1.99752,3501.54,0.172183,-3.25603,5.58077,-4236.71,0
2.00398,3501.37,0.131599,-3.22844,5.08059,-4304.43,0
2.01051,3501.22,0.161962,-3.19581,4.49357,-4366.84,0
2.01703,3501.12,0.0783292,-3.25465,5.00938,-4403.8,0
2.02353,3501.03,0.0367011,-3.20098,2.3212,-4434.97,0
2.03004,3501.11,-0.0487282,-3.09729,3.7761,-4381.41,0
2.03657,3501.07,-0.0946775,-3.07783,5.34573,-4385.24,0
2.04309,3501.04,-0.188692,-3.0664,4.88498,-4385.41,0
2.04957,3501.02,-0.218549,-3.03826,5.95673,-4379.18,0
2.05607,3501.04,-0.0966674,-2.89338,4.66988,-4356.78,0
2.06261,3501.01,-0.14598,-2.86036,5.54586,-4357.95,0
2.06906,3500.95,-0.15298,-2.79568,4.79216,-4372.4,0
2.07557,3500.96,0.0107863,-2.79979,3.1289,-4356.57,0
2.0821,3500.94,-0.100203,-2.77003,4.80854,-4353.56,0
2.08865,3500.81,-0.138105,-2.80856,10.0907,-4398.65,0
2.09516,3500.7,-0.206268,-2.70596,6.05204,-4438.69,0
2.10169,3500.73,-0.105699,-2.66206,5.16735,-4409.65,0
2.10818,3500.78,0.00530894,-2.62008,3.77659,-4371.16,0
2.11463,3500.78,-0.0347587,-2.60759,5.45312,-4362.15,0
2.12113,3500.64,-0.0807419,-2.62863,2.04802,-4413.85,0
2.12766,3500.59,-0.0743466,-2.60593,7.35473,-4421.26,0
2.13422,3500.43,-0.013754,-2.6509,2.69163,-4485.43,0
2.14073,3500.45,-0.0801736,-2.57511,5.30434,-4459.01,0
2.14724,3500.58,0.00686305,-2.45733,6.04746,-4387.67,0
2.15375,3500.63,0.00264453,-2.36997,4.94844,-4348.52,0
2.16029,3500.64,-0.0444879,-2.32926,3.91764,-4331.35,0
2.16683,3500.71,-0.137205,-2.24284,6.28886,-4288.01,0
2.17333,3500.64,-0.0456425,-2.26686,9.47608,-4305.9,0
2.17982,3500.68,0.154755,-2.16595,6.81873,-4277.84,0
2.18632,3500.58,0.171182,-2.21285,6.79619,-4308.02,0
2.19281,3500.46,0.208481,-2.27921,6.99926,-4352.47,0
2.19933,3500.47,0.195399,-2.19192,4.91424,-4333.37,0
2.20584,3500.41,0.159599,-2.16844,2.1801,-4346.57,0
2.21234,3500.46,0.0442187,-2.12066,3.87367,-4312.94,0
2.21884,3500.33,-0.0623431,-2.04894,8.16901,-4356.73,0
2.22534,3500.3,-0.000529204,-2.07507,3.56694,-4360.3,0
2.23185,3500.31,0.0785469,-1.99099,3.2573,-4339.88,0
2.23838,3500.22,0.0342744,-2.02568,4.23224,-4367.01,0
2.24485,3500.13,0.0728326,-1.85251,3.26476,-4396,0
2.25137,3500.08,-0.0584289,-1.75903,5.4613,-4405.81,0
2.2579,3500.03,0.0234121,-1.72498,3.88465,-4414.14,0
2.26439,3500.03,-0.0370587,-1.63705,3.41318,-4402.86,0
2.27086,3499.98,0.172266,-1.51743,5.1216,-4411.45,0
2.27736,3499.93,0.300077,-1.4331,4.75567,-4420.34,0
2.28384,3499.85,0.349937,-1.38083,1.81632,-4443.44,0
2.29035,3499.9,0.290305,-1.29288,7.64621,-4410.5,0
2.29689,3499.82,0.331877,-1.26559,8.33254,-4432.29,0
2.3034,3499.8,0.343361,-1.16142,1.82721,-4426.17,0
2.30993,3499.78,0.276301,-1.02862,8.68418,-4423.34,0
2.31098,3499.8,0.233556,-1.01264,3.05859,-4413.35,0
