1.36428,3612.83,2.12789,23.2797,9.56989,-27245.1,0
2.73712,3633.26,12.1143,36.8131,1.80135,-6116.24,0
4.10734,3638.4,5.12092,15.5946,0.500397,-2824.66,0
5.47545,3616.06,41.2416,20.5897,5.61071,-6198.78,0
6.83448,3600.24,36.206,-64.3979,7.70884,-7280.47,0
8.20705,3600.24,55.4231,-56.2244,4.51348,-6063.2,0
9.57559,3601.97,50.2204,-65.1429,2.9401,-5016.2,0
10.9555,3602.57,74.0438,-76.6916,0.650418,-4329.56,0
12.3086,3587.55,57.456,-32.5508,7.72409,-5073.54,0
13.6778,3563.04,50.4921,-29.303,3.20938,-6357.71,0
15.053,3559.01,23.5383,-65.1786,3.11577,-6044.42,0
16.4005,3560.05,19.7623,-61.9895,2.46428,-5484.38,0
17.7747,3517.88,67.5528,-113.352,5.65353,-7432.99,0
19.1224,3527.94,43.8289,-124.992,1.37263,-6383.2,0
20.4962,3516.49,48.8887,-141.81,0.859591,-6513.84,0
21.8635,3485.81,57.5443,-108.286,6.92321,-7509.68,0
23.2339,3462.34,44.1121,-107.916,3.23434,-8076.99,0
24.5246,3449.87,15.7668,-78.0111,9.8819,-8160.47,0
