1.36434,3629.16,-10.5839,26.5556,4.53905,-15271.7,0
2.7422,3624.15,41.6528,58.3788,4.06783,-9426.04,0
4.11411,3621.76,45.4303,38.5753,4.66403,-6865.39,0
5.46959,3602.79,62.9449,60.0273,6.91428,-8631.03,0
6.84143,3601.43,40.9916,90.4726,5.72377,-7099.23,0
8.21369,3602.76,-0.939629,101.351,3.3592,-5751.85,0
9.57554,3568.65,-34.0321,115.632,8.71544,-8495.86,0
10.9479,3571.89,-41.3019,128.595,4.6713,-7134.29,0
12.2932,3556.71,-59.6643,116.709,8.35567,-7588.89,0
13.6642,3551.79,-78.9143,150.54,3.43015,-7187.6,0
15.0436,3519.77,-67.0375,121.131,6.48317,-8657.09,0
16.4183,3495.31,-21.4202,106.41,9.07772,-9422.1,0
17.1489,3449.92,-7.52547,83.6838,1.32083e-06,-11667.4,0
