1.36633,3640.64,14.6871,8.88705,2.5956,-6850.43,0
2.7236,3621.76,1.03398,40.2831,6.15412,-10367.6,0
4.09803,3617.29,2.73619,67.5474,3.46132,-7982.38,0
5.46256,3607.05,19.7752,106.731,3.16269,-7862.67,0
6.82911,3597.04,30.1172,89.3738,5.24367,-7755.24,0
8.19892,3590.87,44.4708,87.4524,6.42293,-7212.5,0
9.57276,3602.03,41.4436,88.3639,2.84337,-5011.57,0
10.9317,3588.76,48.9872,84.3957,5.73916,-5602.31,0
12.2936,3590.89,78.2436,72.2415,4.07332,-4808.23,0
13.651,3567.72,76.6167,133.019,4.37557,-6027.53,0
15.0093,3557.09,60.1273,135.785,7.30653,-6190.28,0
16.3795,3563.61,58.2846,124.166,5.12164,-5274.45,0
17.7358,3536.49,51.1966,137.449,11.1478,-6399.82,0
19.1183,3524.14,25.0753,148.478,1.63124,-6583.16,0
20.4813,3504.04,23.2676,148.259,7.35301,-7126.66,0
21.8452,3493.79,23.6388,164.42,4.8295,-7150.7,0
23.2024,3464.17,0.409794,185.743,8.45663,-8008.9,0
24.5532,3473.22,-10.8901,149.168,5.09015,-7199.95,0
25.914,3476.55,-5.68968,155.768,0.550651,-6693.47,0
27.2598,3474.62,-38.7792,114.142,11.0929,-6433.63,0
28.6269,3491.38,-45.2262,111.817,3.65074,-5541.03,0
29.7818,3449.98,-37.7686,161.417,2.85546,-6716.11,0
