1.37483,3620.73,24.3003,-53.1096,6.21889,-21289.8,0
2.73784,3606.79,49.9528,-37.5577,7.75179,-15782.4,0
4.10356,3609.58,50.3104,-40.5035,4.52448,-9848.85,0
5.46138,3605.87,62.6051,-44.1577,4.42572,-8080.4,0
6.82949,3611.55,86.5636,-30.2571,0.984046,-5630.22,0
8.19066,3611.55,31.6474,-71.6586,1.66069,-4694.35,0
9.54795,3597.27,36.2373,-72.0846,5.26821,-5522.7,0
10.9038,3585.18,59.8555,-87.406,5.71818,-5945.07,0
12.2768,3584.84,76.5386,-66.4002,5.82309,-5307.93,0
13.6481,3585.04,53.536,-14.284,7.953,-4759.84,0
15.0152,3577.91,83.9505,-21.1529,4.76684,-4801.14,0
16.3813,3575.04,61.8613,-58.7408,4.44806,-4575.82,0
17.7589,3562.36,58.0636,-54.8708,7.59324,-4934.84,0
19.1173,3563.09,83.335,-35.2808,5.29512,-4546.33,0
20.4849,3564.56,84.8067,-50.3138,3.33648,-4170.7,0
21.8566,3549.81,73.2471,-50.1016,8.08065,-4584.18,0
23.2158,3544.82,33.0676,-41.921,1.66793,-4530.7,0
24.5801,3486.72,-0.00240518,-38.1285,5.13673,-6642.96,0
25.9471,3466.09,4.24291,-16.9023,2.92073,-7087.89,0
26.015,3462.93,0.944812,-7.34799,4.90193,-7190.87,0
