1.3583,3621.04,9.76239,-45.0177,6.36399,-21320.2,0
2.72488,3606.2,12.9512,-23.9192,7.95791,-16073.1,0
4.099,3581.58,-1.71138,-5.95267,3.11858,-16691.3,0
5.46379,3555.14,-64.6165,-27.1002,7.47274,-17360.7,0
6.84422,3563.15,-82.7369,14.9606,1.94424,-12690.1,0
8.20576,3557.51,-50.4978,8.10984,6.94323,-11270.8,0
9.58161,3557.53,-40.1183,8.8963,4.99232,-9651.16,0
10.9556,3524.91,-36.1553,20.3415,9.14806,-11418,0
12.3262,3492.02,-37.2859,1.60909,9.38539,-12816.6,0
13.4873,3472.39,-3.70354,-4.08361,3.25564,-13168.4,0
