1.36257,3629.98,-41.7107,-19.5042,5.19111,-14692.7,0
2.74899,3632.97,-37.7276,-20.6061,3.73845,-6194.17,0
4.10969,3628.54,-26.3343,-3.21083,4.45885,-5222.89,0
5.48091,3641.96,-18.1493,1.06998,0.228292,-1466.7,0
6.83908,3628.72,-3.80476,3.46335,2.59414,-3112.25,0
8.2126,3627.2,-9.66442,-15.934,2.71177,-2775.93,0
9.56689,3631.67,6.90965,-38.8161,0.392581,-1915.66,0
10.9355,3617.71,-11.6702,-47.8489,3.43612,-2952.57,0
12.2983,3599.68,-46.7258,-73.6376,5.9104,-4091.3,0
13.6578,3606.04,-11.5817,-81.7412,3.41548,-3218.56,0
15.0213,3603.21,-21.729,-76.8851,4.08116,-3115.04,0
16.3822,3592.96,3.58265,-79.7425,5.18138,-3481.99,0
17.7412,3572.18,-3.57056,-86.911,9.68104,-4386.23,0
19.1037,3560.26,-4.64097,-73.1063,2.52341,-4697.34,0
20.4701,3510.18,-29.5608,-96.0083,3.25984,-6830.44,0
21.844,3492.47,-22.4186,-110.258,6.48572,-7211.51,0
23.2111,3501.81,-50.5769,-79.7218,7.12924,-6384.41,0
24.5783,3484.16,-52.8676,-98.7256,7.29628,-6747.41,0
25.9007,3449.93,-56.3949,-60.6869,6.98381,-7724.47,0
