1.35209,3624.63,-90.8384,-3.06784,5.47186,-18761.3,0
2.72451,3619.23,-106.65,-51.0621,3.78084,-11293.6,0
4.09088,3608.52,-95.2547,-27.429,7.00501,-10138.9,0
5.46418,3614.7,-83.0174,-26.6122,3.64999,-6460.26,0
6.83156,3611.94,-92.2042,-30.5047,3.2529,-5570.95,0
8.20455,3612.72,-75.2767,14.7127,4.23548,-4543.42,0
9.55594,3607.37,-52.1314,13.4302,6.1522,-4461.52,0
10.9283,3600.88,-44.613,0.324276,7.11109,-4494.93,0
12.2828,3612.54,-86.0249,-3.00695,0.701597,-3050.16,0
13.6397,3597.22,-83.7748,5.29162,3.83086,-3869.34,0
15.0126,3600.76,-80.0171,10.3229,2.66014,-3280.13,0
16.3809,3584.53,-59.3194,52.759,6.97472,-3996.97,0
17.7391,3605,-9.3926,57.8424,1.57782,-2536.6,0
19.1078,3574.71,-20.1998,69.3367,8.08612,-3940.14,0
20.4661,3538.34,-38.5086,86.4418,3.4502,-5455.97,0
21.8122,3512.56,-62.5876,115.898,4.67323,-6300.98,0
23.1698,3517.16,-89.6703,102.184,1.24969,-5733.35,0
24.5287,3480.26,-100.505,138.986,2.99761,-6920.21,0
25.9033,3472.8,-74.5332,133.422,9.59256,-6840.88,0
27.2704,3467.45,-77.3902,149.413,5.92068,-6694.12,0
28.6249,3458.98,-53.7294,129.802,5.10508,-6673.34,0
29.1158,3449.96,-56.7909,121.74,10.5002,-6870.52,0
