1.3784,3638.61,-77.6318,48.8649,1.58879,-8260.31,0
2.74907,3626.22,-62.6859,56.2391,4.75172,-8649.3,0
4.11136,3625.12,-43.216,52.8553,5.13848,-6050.76,0
5.47455,3612.96,-55.0818,57.4486,6.02167,-6765.95,0
6.8387,3631.09,-66.6541,18.2208,1.3879,-2764.77,0
8.21375,3611.44,-43.4546,42.2756,6.18492,-4694.82,0
9.57993,3609.54,-49.1303,13.3577,5.10033,-4222.94,0
10.9504,3594.79,-81.7265,-20.0568,6.16729,-5041.69,0
12.3213,3554.69,-96.382,1.68478,4.76492,-7735.24,0
13.6998,3514.2,-89.8893,30.086,6.11509,-9912.22,0
15.0579,3512.59,-70.0592,26.2244,8.76586,-9125.65,0
16.4255,3514.27,-76.2113,2.01968,6.78009,-8263.34,0
17.8024,3483.41,-76.0516,34.1625,4.57667,-9357.6,0
19.1706,3488.97,-61.1782,15.4317,9.74333,-8399.9,0
20.5336,3455.11,-52.6266,5.05992,9.32154,-9491.31,0
20.6088,3449.71,-56.0141,4.83397,9.08877,-9718.63,0
