1.36949,3616.71,16.5718,0.231377,6.95677,-24305.7,0
2.72131,3622.23,5.2707,21.1334,4.19898,-10206.1,0
4.08435,3614.28,31.4642,29.9374,5.35294,-8746.5,0
5.43955,3606.85,34.4997,10.1743,6.04629,-7932.94,0
6.80115,3602.52,55.6463,-35.6621,5.15585,-6981.05,0
8.16179,3581.43,83.0324,-40.768,7.98273,-8401.54,0
9.52324,3546.65,102.493,-35.9014,2.80499,-10852.3,0
10.8872,3560.03,66.3588,-37.1328,2.25276,-8263.45,0
12.2539,3555.53,69.999,-34.7298,2.42673,-7709.05,0
13.6244,3544.53,70.9337,-63.5466,3.4691,-7740.89,0
14.9899,3515,74.6969,-63.8426,0.491629,-9005.9,0
16.3574,3485.29,79.9021,-72.7862,8.41227,-10069.6,0
17.7154,3490.76,20.7303,-47.014,3.24664,-8988.89,0
19.0877,3497.54,-6.25469,-34.2824,7.82583,-7987.29,0
20.4466,3477.86,-2.5353,-3.34672,10.091,-8419.17,1
