1.36667,3623.26,2.48105,32.2158,6.16486,-19568.2,0
2.73391,3639.58,53.5214,-11.3987,0.612957,-3812.15,0
4.09907,3619.94,48.6122,-13.1763,5.29503,-7334.17,0
5.45531,3625.55,44.0999,-24.7904,2.79788,-4482.7,0
6.81716,3618.83,66.8089,12.1946,3.0045,-4571.68,0
8.18733,3602.94,86.8495,28.5023,5.56921,-5747.57,0
9.5583,3572.52,114.268,33.9634,8.69688,-8106.45,0
10.9253,3547.62,109.011,33.3086,3.96247,-9370.8,0
12.3046,3518.05,115.751,69.5337,9.23782,-10723.6,0
13.6651,3512.98,92.8671,57.9979,3.79817,-10027.3,0
15.0401,3488.91,66.4222,66.8464,4.03368,-10710.5,0
16.406,3465.72,55.8574,49.659,9.22683,-11232.6,0
17.7632,3462.18,60.7287,35.898,0.312876,-10573.8,0
18.1004,3450,55.8899,14.786,2.61202,-11049.6,0
