1.36281,3612.65,-59.9916,-41.1584,8.5585,-27403.6,0
2.74265,3602.46,-46.5515,-29.6763,8.24835,-17331.8,0
4.10683,3617.39,-58.8655,-39.0138,1.54672,-7939.51,0
5.4774,3598.62,-59.9169,-42.6087,6.24047,-9381.21,0
6.83833,3597.61,-49.3149,-27.6624,5.64727,-7660.91,0
8.1956,3592.99,-27.6538,-41.5968,5.58655,-6955.91,0
9.56268,3575.38,-47.1911,-45.7008,9.13763,-7803.59,0
10.931,3549.3,-29.9659,-37.3478,8.38346,-9212.63,0
12.2912,3509.22,-19.0139,-3.5126,9.30056,-11453.9,0
12.607,3495.54,0.915024,0.16024,5.84581,-12251.9,6
