1.27601,3640.84,-76.1545,-69.764,4.44246,-7178.46,0
2.55479,3622.21,-79.0775,-54.6581,4.02434,-10878.4,0
3.83037,3619.51,-78.3108,-56.0507,4.62666,-7960.53,0
5.09794,3586.99,-77.4069,-37.2347,7.73442,-12360.1,0
6.37882,3590.78,-64.7845,-34.1792,6.51029,-9283.45,0
7.65866,3558.11,-71.4744,-18.4702,1.72444,-11998.7,0
8.93959,3542.92,-73.1827,-0.21478,6.06545,-11978.3,0
10.2203,3543.77,-71.0715,-21.0349,2.66925,-10394.3,0
11.494,3523.79,-55.8193,-38.6552,6.65933,-10980.8,0
12.7771,3523.75,-51.3098,-37.3776,8.93784,-9880.83,0
14.0492,3482.01,-52.0134,-25.3962,10.548,-11957.4,0
15.3259,3455.39,-38.1157,-21.0868,16.2875,-12698.3,0
15.6506,3449.9,-23.4904,-15.5569,4.52178,-12785.3,3
