1.26956,3628.54,77.7882,9.38596,0.682778,-16901.8,0
2.53936,3618.83,77.2002,5.32825,4.79125,-12273,0
3.82048,3601.23,76.8415,18.1316,3.25418,-12765.7,0
5.09941,3586.42,76.5293,-10.1749,3.02212,-12467.5,0
6.36899,3582.55,79.0263,-20.327,4.34051,-10590.7,0
7.64465,3567.82,72.3206,-2.31577,8.29834,-10750.3,0
8.9126,3572.68,52.4357,-24.4751,6.49823,-8675.62,0
10.1956,3550.34,51.0661,-10.8438,7.88082,-9775.07,0
11.4789,3506.99,16.2559,-5.62223,9.94595,-12458.1,0
11.7854,3499,0.213933,-0.0839357,5.24744,-12812.1,3
