1.26939,3645.15,-31.2003,53.7823,6.19313,-3818.56,0
2.54257,3627.79,-40.497,56.7614,4.6325,-8734.33,0
3.81632,3614.59,-43.6743,37.919,2.67546,-9277.65,0
5.07971,3607.97,-43.0101,58.3535,5.09995,-8274.01,0
6.35846,3603.29,-42.1059,57.2504,6.59445,-7345.91,0
7.6463,3563.19,-29.8304,68.2288,5.40487,-11353.6,0
8.92147,3544.61,-31.6872,82.0118,5.70729,-11813.2,0
10.1984,3520.53,-37.1363,57.9826,10.1441,-12695.5,0
11.4731,3506.63,-21.3034,43.6091,4.94885,-12495.9,0
12.3006,3481.06,-1.30132,3.55537,4.10953,-13734.1,2
