1.28528,3632,63.3071,-63.6024,8.87585,-14002.6,0
2.5602,3610.43,56.6611,-54.5552,0.698274,-15456,0
3.84267,3582.21,39.8595,-52.3037,4.01685,-17641.7,0
5.12235,3571.93,38.0151,-72.8458,5.03059,-15240.1,0
6.40304,3537.08,36.6853,-68.8061,7.19279,-17635.3,0
7.67765,3519.66,58.902,-74.4754,2.70728,-16976.3,0
8.93653,3504.04,59.5385,-72.0509,6.21741,-16333.4,0
10.2165,3487.22,53.6446,-68.1277,7.58353,-15932.6,0
11.4977,3456.77,31.1812,-59.7023,4.27829,-16806.1,0
11.6931,3449.96,26.9801,-51.579,9.7324,-17107.3,0
