1.27263,3631.72,61.4015,-19.8427,8.97413,-14366.5,0
2.54809,3626.42,63.1634,-14.7997,6.7699,-9255.34,0
3.82335,3607.83,58.3982,-7.16421,9.10791,-11029.2,0
5.10414,3609.89,60.6602,-3.79687,4.07581,-7857.75,0
6.39234,3603.62,45.9809,-19.3026,8.49257,-7255.14,0
7.67183,3610.41,27.6377,-17.4599,0.8797,-5159.86,0
8.93995,3601.31,36.7565,-24.6766,4.70269,-5445.94,0
10.219,3602.53,13.2116,-1.1895,5.56826,-4645.5,0
11.4855,3589.44,3.5986,-7.88288,5.22449,-5272.89,0
12.7575,3567.3,17.8489,15.2076,6.00689,-6482.74,0
14.038,3553.3,19.7733,27.924,7.16155,-6888.4,0
15.3178,3543.33,22.0594,31.4601,4.95121,-6963.99,0
16.5905,3535.79,12.9455,34.9235,2.12783,-6883.91,0
17.8682,3502.83,7.4166,8.54892,6.78627,-8236.33,0
18.0764,3498.78,-0.226665,-0.0112938,3.41684,-8365.75,8
