1.27256,3647.64,43.5494,4.64811,1.89517,-1854.29,0
2.55318,3641.08,32.4698,10.822,6.77018,-3492.45,0
3.83051,3645.3,38.7614,23.946,1.13019,-1226.14,0
5.10524,3642.1,44.9076,31.781,1.64621,-1546.6,0
6.3863,3640.51,34.3834,36.8475,1.70254,-1485.9,0
7.66065,3638.59,33.1873,49.1727,1.44645,-1488.85,0
8.93404,3626.29,39.1507,29.5909,9.68801,-2654.24,0
10.2076,3610.37,30.2466,22.8319,7.77821,-3882.02,0
11.4738,3593.87,34.9148,20.6818,8.40111,-4891.82,0
12.7501,3572.76,47.8908,-1.36652,3.9132,-6057.6,0
14.0235,3543.66,44.2277,11.4457,4.79487,-7583.33,0
15.3002,3532.72,53.5525,10.5428,2.05393,-7664.97,0
16.5755,3515.52,62.2966,21.1926,4.07293,-8113.25,0
17.8421,3500.49,39.6802,19.0787,4.9643,-8379.88,0
18.9344,3477.58,4.04815,1.84225,2.47688,-9106.01,3
