1.26741,3643.16,36.8862,12.7927,0.334943,-5394.9,0
2.54705,3630.2,49.2141,-10.9139,0.897907,-7774.71,0
3.82208,3605,60.0295,-27.0559,1.99473,-11772.9,0
5.09872,3619.54,66.6001,-27.7971,1.10074,-5973.7,0
6.37072,3619.79,92.8493,-34.0254,0.724008,-4742.77,0
7.64344,3617.8,80.423,-78.9231,0.648279,-4213.19,0
8.9148,3612.17,69.0814,-83.1613,0.972301,-4243.58,0
10.2031,3615.97,87.5913,-66.4838,0.754921,-3335.45,0
11.4763,3588.4,127.079,-46.0689,1.65606,-5367.35,0
12.7517,3597.99,151.996,-52.1471,0.598516,-4078.77,0
14.0295,3600.03,117.745,-30.2008,1.08123,-3562.04,0
15.2963,3588.76,115.625,-69.1648,1.47176,-4003.44,0
16.5753,3562.06,104.227,-53.8439,3.13788,-5305.3,0
17.853,3597.95,112.311,-61.8445,0.795172,-2915.65,0
19.1325,3594.09,75.4221,-48.4522,1.53381,-2922.22,0
20.4119,3573.84,56.2111,-50.0302,2.73315,-3730.95,0
21.6807,3568.96,52.0582,-48.6562,2.82886,-3738.04,0
22.9551,3580.96,47.1199,-48.6354,1.8983,-3007.41,0
24.2245,3592.61,30.6822,-44.4407,1.2761,-2369.13,0
25.4924,3585.83,35.7575,-65.7281,1.32224,-2517.31,0
26.771,3590.66,4.16715,-81.111,0.876717,-2216.5,0
28.0496,3602.45,-24.0351,-59.1354,0.455578,-1695.29,0
29.3233,3592.36,-24.9228,-37.7839,1.26407,-1965.63,0
30.5955,3581.2,-22.8722,-20.1183,2.07081,-2248.74,0
31.8717,3570.3,-18.3935,-55.3624,2.20413,-2500.78,0
33.1475,3553.1,0.338223,-41.7544,3.57819,-2923.23,0
34.4296,3553.84,0.675299,-54.7035,2.39325,-2792.92,0
35.697,3555.58,0.0209259,-70.5736,1.73644,-2644.92,0
36.9711,3552.72,-4.62991,-64.48,1.91024,-2631.29,0
38.2561,3540.77,-4.73419,-67.2153,2.4985,-2855.28,0
39.5332,3549.58,-24.8218,-50.7149,1.90349,-2540.03,0
40.8013,3539.16,-51.8004,-50.8162,2.15583,-2716.64,0
42.0786,3535.83,-16.9435,-30.8657,3.34816,-2713.17,0
43.3539,3532.87,-26.8003,-26.9597,3.06341,-2701.71,0
44.6256,3538.38,-24.0714,-30.1916,1.98951,-2501.18,0
45.8967,3541.64,-24.1297,-16.686,1.83399,-2361.05,0
47.1766,3533.91,-33.4073,-49.0533,1.4901,-2460.8,0
48.4469,3526.23,-15.3626,-74.3966,1.3291,-2554.66,0
49.7156,3526.73,-29.1832,-95.0682,0.314344,-2479.55,0
50.9872,3517.79,-36.3658,-80.3052,1.35046,-2593.01,0
52.2692,3519.93,-21.5801,-52.1194,2.60856,-2488.38,0
53.5392,3528.74,6.20816,-22.1334,3.16957,-2264.97,0
54.8207,3509.5,-5.68077,-23.4308,5.28558,-2562.91,0
56.0979,3521.02,-26.6641,-6.20929,2.41243,-2299.22,0
57.3715,3525.49,-31.2314,8.03809,1.26031,-2170.16,0
58.6489,3522.97,-13.124,-3.07837,2.47045,-2165.9,0
59.922,3498.52,-28.3095,-35.4897,2.94927,-2527.91,0
61.1939,3514.53,-36.9332,-17.0856,0.744693,-2213.8,0
62.4697,3493.47,-22.6507,-19.8446,4.79587,-2505.71,0
63.7468,3512.62,8.1031,-5.65211,2.48991,-2155.14,0
65.0261,3502.3,-1.89971,-4.06187,8.18204,-2271.37,0
65.5713,3495.09,-0.494624,-0.837261,5.10436,-2362.39,0
