1.27538,3643.11,50.1941,-53.4676,0.367858,-5401.3,0
2.54509,3638.15,72.7801,-20.9667,0.57232,-4657.83,0
3.82044,3636.79,73.3532,32.3191,0.584377,-3456.92,0
5.09292,3619.15,70.0842,34.349,1.42252,-6056.54,0
6.36981,3632.55,54.1403,48.0052,0.744497,-2740.14,0
7.64205,3643.34,36.2985,56.5064,0.275946,-871.279,0
8.90437,3611.28,5.90377,65.436,1.82233,-4348.02,0
10.1872,3577.77,0.738119,67.0331,3.45634,-7090.52,0
11.4675,3590.61,-0.918367,78.0023,2.20064,-5178.95,0
12.7407,3579.54,-5.30315,96.7809,2.34064,-5530.08,0
14.0218,3570.71,8.0041,122.611,2.15159,-5654.69,0
15.3048,3558.31,28.0282,134.103,2.47577,-5990.65,0
16.5904,3552.61,12.833,107.172,3.23954,-5870.23,0
17.8578,3546.58,8.05757,89.7392,3.44153,-5791.27,0
19.1346,3532.66,0.743511,92.4885,3.68272,-6132.45,0
20.406,3530.61,28.315,87.5376,3.30446,-5850.89,0
21.673,3544.24,31.7746,85.799,1.95997,-4880.03,0
22.9507,3538.07,26.0511,78.6295,2.34715,-4876.89,0
24.2302,3498.66,23.7539,91.3705,4.13072,-6245.83,0
25.5031,3499.73,-0.947643,97.5047,3.24617,-5892.08,0
26.7701,3476.24,-0.999241,82.7453,5.11423,-6490.71,0
28.0422,3468.46,12.4348,78.3735,4.14772,-6473.72,0
29.3171,3470.86,23.7298,84.8205,2.77125,-6110.47,0
30.593,3478.63,74.8675,90.3907,0.248587,-5601.48,0
31.233,3449.99,49.0102,115.572,1.47391,-6403.74,0
