1.27402,3619.71,1.68653,-13.5892,1.53634,-23776.8,0
2.54666,3611.21,-1.55781,5.84008,1.97812,-15230.1,0
3.8233,3615.21,-11.9627,11.3357,1.62044,-9099.39,0
5.10244,3616.36,-55.7149,15.8614,1.23597,-6592.6,0
6.38577,3618.44,-45.4705,-19.1383,1.16738,-4942.34,0
7.6621,3631.49,-43.3907,-13.3312,0.509865,-2416.03,0
8.92715,3640.89,-14.8646,-5.20652,0.153184,-1020.12,0
10.1994,3611.98,-23.5323,22.7193,1.54817,-3727.35,0
11.4766,3597.27,-23.4044,8.07664,2.36187,-4594.39,0
12.7584,3600.25,-49.1096,18.0579,1.71348,-3899.3,0
14.0271,3596.64,-19.3995,42.0323,1.90357,-3803.8,0
15.3002,3587.24,-21.8082,39.132,2.28681,-4101.93,0
16.5723,3583.04,-7.29565,57.0715,2.22094,-4040.59,0
17.8541,3569.62,6.98011,54.6531,2.92749,-4502.13,0
19.1264,3543.87,20.4546,61.9672,4.10921,-5549.13,0
20.4067,3546.04,7.99506,65.259,3.0443,-5094.48,0
21.6801,3552.1,13.6058,50.4543,2.61563,-4515.45,0
22.9444,3555.79,42.8737,19.144,2.25704,-4106.18,0
24.2184,3564.25,54.2598,7.61303,1.26401,-3540.86,0
25.497,3536.58,61.6987,-1.62298,2.90069,-4448.33,0
26.7732,3515.65,67.0151,-11.4536,3.86337,-5018.02,0
28.0499,3496.88,61.9664,-6.63306,4.50918,-5458.89,0
29.3279,3497.44,69.2228,24.1155,2.70007,-5201.7,0
30.6076,3485.53,67.7993,43.9679,2.51108,-5373.63,0
31.89,3488.43,81.5812,27.2228,1.66359,-5066.56,0
33.1567,3493.75,68.3749,28.6192,1.99256,-4712.51,0
34.4383,3506.3,68.0103,30.5499,0.817982,-4172.73,0
35.7204,3485.5,79.6298,12.7686,2.10146,-4605.19,0
37.0005,3475.07,78.1329,3.13664,2.87603,-4727.88,0
38.2719,3463.05,58.3394,14.3345,4.73627,-4884.68,0
39.5457,3455.64,80.6,20.6885,2.28241,-4914.89,0
40.4001,3449.97,90.5176,28.2214,1.59151,-4951.21,0
