1.27599,3644.44,-24.6782,-35.008,0.285969,-4359.87,0
2.55534,3611.16,-9.0719,-14.8069,2.09846,-15198.5,0
3.83397,3618.37,-26.9557,-15.8267,1.50523,-8248.79,0
5.10664,3599.03,-33.5556,-41.9662,2.33615,-9980.46,0
6.3773,3578.23,-31.2062,-41.4103,3.29691,-11254.5,0
7.65563,3557.84,-31.0043,-54.0421,3.90163,-12038,0
8.94182,3550.93,-35.5449,-30.0514,4.06587,-11079.2,0
10.2142,3574.79,-33.2345,-25.0495,1.95201,-7363.61,0
11.4829,3579.19,-38.0152,-24.6385,1.40748,-6166.68,0
12.7591,3577.45,-26.3344,-28.9662,1.50352,-5686.29,0
14.0253,3587.06,-37.5508,4.72369,0.82269,-4487.37,0
15.3051,3579.93,-14.449,-11.2017,1.39885,-4578.19,0
16.5916,3580.1,5.01389,14.0326,1.36561,-4212.88,0
17.8571,3594.05,14.7752,14.2929,0.327724,-3133.02,0
19.1415,3589.95,18.5371,-9.08687,0.589686,-3137.17,0
20.409,3581.3,43.5174,-59.0367,0.472509,-3366.39,0
21.6813,3583.48,84.5625,-27.9021,0.0533146,-3067.89,0
22.9578,3560.19,96.2628,-4.01986,1.24325,-3911.93,0
24.2392,3551.96,92.0951,-33.0491,1.59056,-4044.5,0
25.5223,3562.43,87.621,4.00479,1.12093,-3431.29,0
26.7935,3570.36,73.7596,42.6433,0.641607,-2972.54,0
28.0645,3563.61,55.8363,45.3358,1.35874,-3078.43,0
29.3381,3583.01,39.4982,54.7863,0.137266,-2283.22,0
30.6086,3586.39,9.76136,55.7722,0.0878929,-2078.33,0
31.8778,3574.65,-5.70009,42.9204,1.05753,-2363.67,0
33.1558,3567,22.0971,36.3139,1.61739,-2503.4,0
34.4225,3562.04,56.5176,38.8209,1.38808,-2555.35,0
35.699,3534.42,59.9315,10.2302,3.43707,-3237.62,0
36.9672,3524.27,74.1764,11.1407,3.29634,-3401.24,0
38.2456,3519.69,63.7254,10.2595,3.5234,-3407.18,0
39.5264,3509.95,66.6196,24.1181,3.66933,-3543.29,0
40.7976,3533.7,74.0706,34.6407,0.955374,-2850.55,0
42.071,3524.94,78.5969,60.845,0.882074,-2972.57,0
43.3506,3513.64,74.5433,79.1633,1.23127,-3145.42,0
44.6282,3500.76,67.8058,66.5421,2.81603,-3343.98,0
45.9009,3502.04,61.463,75.7187,2.27365,-3223.52,0
47.1771,3482.95,72.76,95.0975,2.41115,-3540.92,0
48.455,3467.31,84.3147,74.2098,3.75891,-3770.33,0
49.7314,3479.87,94.6954,66.0479,2.19471,-3420.93,0
51.007,3498.11,76.1169,69.6391,1.45696,-2977.86,0
52.2832,3498.84,55.3369,72.1732,2.01011,-2891.21,0
53.5498,3470.67,51.6409,76.0167,3.65635,-3348.75,0
54.8303,3477.99,40.1382,59.1116,4.0568,-3137.22,0
56.1102,3482.91,38.1217,40.6208,3.95211,-2977.84,0
57.3942,3487.35,31.2817,49.5915,2.25181,-2833.95,0
58.66,3483.71,36.4482,52.5005,1.92857,-2834.77,0
59.9405,3481.17,20.9918,17.4352,6.50002,-2816.59,0
61.2127,3464.9,17.5935,26.2034,4.79713,-3023.94,0
62.4906,3468.59,38.1638,26.2886,0.695496,-2902.96,0
63.1171,3449.97,43.4369,33.9535,1.30428,-3169.15,0
