1.27914,3621.5,-13.3654,-40.4008,1.34281,-22279.5,0
2.56363,3621.68,-32.7382,-32.0901,1.23804,-11046.2,0
3.83179,3632.36,-36.7221,-19.1423,0.699447,-4603.65,0
5.10512,3615.7,-33.2135,-17.9808,1.56271,-6718.5,0
6.39157,3611.32,-30.1015,3.2658,1.68505,-6051.95,0
7.67114,3597.23,-38.7631,11.3642,2.2579,-6879.13,0
8.93852,3584.25,-47.6136,43.5151,2.58448,-7355.55,0
10.2197,3561.69,-68.3184,49.2823,3.23381,-8641.53,0
11.4894,3596.85,-98.2388,39.5851,0.632309,-4626.1,0
12.7599,3573.64,-90.8391,14.0964,2.12017,-5984.17,0
14.0347,3551.44,-112.561,6.67636,2.63906,-7022.95,0
15.3189,3549.67,-115.181,22.9708,2.24564,-6549.18,0
16.5977,3572.63,-116.317,-13.1584,0.714413,-4661.7,0
17.8776,3562.81,-96.7818,-11.9954,1.64012,-4877.18,0
19.149,3537.58,-104.086,-17.859,2.7401,-5870.93,0
20.4229,3550.84,-104.527,-34.8798,1.64589,-4855.4,0
21.7006,3537.04,-96.7961,-8.10329,2.56547,-5205.5,0
22.9743,3535.75,-95.5464,4.36547,2.38092,-4972.97,0
24.2563,3549.81,-93.196,-12.1801,1.40856,-4130.59,0
25.5345,3560.23,-102.85,7.12503,0.527074,-3515.64,0
26.8123,3559.63,-81.8613,57.3735,0.5969,-3370.5,0
28.0783,3562.28,-83.4509,37.9496,0.632339,-3124.21,0
29.3562,3547.76,-88.6812,37.4561,1.38852,-3482.79,0
30.6406,3514.16,-84.3138,38.698,3.48508,-4433.43,0
31.9126,3510.21,-97.3641,63.3272,2.2624,-4380.35,0
33.1854,3522.63,-107.546,33.2022,1.41312,-3838.15,0
34.4571,3539.02,-110.616,17.4772,0.363976,-3220.86,0
35.7354,3521.08,-127.517,-21.6203,0.84896,-3607.67,0
37.002,3502.18,-126.199,-18.694,1.99596,-3994.98,0
38.2758,3492.4,-132.826,-17.856,2.19604,-4117.4,0
39.5536,3488.6,-126.354,-4.51851,2.64546,-4080.62,0
40.8193,3530.31,-113.597,0.132509,0.257155,-2932.2,0
42.0905,3534.57,-110.448,-4.62874,0.113082,-2742.49,0
43.3731,3517.76,-96.4883,-28.4959,1.60855,-3048.86,0
44.6424,3503.46,-112.595,-32.4571,1.90845,-3282.42,0
45.9221,3529.69,-97.6888,-10.63,0.855525,-2619.85,0
47.2003,3516.24,-88.7676,-60.1225,1.35044,-2833.86,0
48.4811,3515.72,-64.713,-66.723,1.89559,-2769.76,0
49.7512,3505.85,-59.5013,-44.5337,3.17722,-2897.4,0
51.0278,3509.39,-45.2474,-30.5512,3.59302,-2755.47,0
52.3003,3527.25,-42.6436,-17.0096,1.83989,-2347.09,0
53.5795,3508.98,-37.4221,-29.6941,3.44554,-2631.89,0
54.8476,3497.37,-25.4689,-29.6582,4.65302,-2782.71,0
56.1251,3505.27,-21.3548,-28.3181,3.12318,-2578.75,0
57.4085,3505.06,-30.2401,-57.6516,0.394777,-2524.79,0
58.6851,3499.75,-16.969,-54.8381,1.50159,-2560.29,0
59.9574,3512.57,-36.9893,-42.4116,0.17499,-2292.18,0
61.2253,3483.87,-20.0471,-47.2158,3.60622,-2713.46,0
62.5008,3469.17,-16.098,-47.5711,4.30978,-2893.26,0
63.7763,3475.89,-17.04,-44.404,3.2973,-2730.03,0
65.0606,3473.45,-8.73375,-44.1112,2.69959,-2713.69,0
66.3276,3478.91,17.5966,-21.4649,4.62791,-2579.43,0
67.5902,3471.25,38.8773,-7.17654,2.70985,-2644.58,0
68.8756,3479.67,38.4374,-0.652519,1.47628,-2472.97,0
69.5753,3449.86,33.3184,-8.53377,5.73343,-2876.61,0
