1.27217,3618.73,-38.234,-63.7914,1.3346,-24578.1,0
2.53758,3631.46,-47.8321,-32.2369,0.831005,-7307.4,0
3.79757,3634.8,-37.0944,-22.0347,0.744371,-4003.68,0
5.08236,3607.7,-51.2309,-4.94197,2.01505,-8322.65,0
6.35201,3638.58,-59.7052,-11.4383,0.248135,-1797.4,0
7.62851,3620.22,-80.3483,-6.36323,0.951951,-3904.14,0
8.8925,3620.4,-105.902,38.2944,0.569967,-3328.62,0
10.1663,3612.76,-129.554,50.2261,0.604959,-3663.04,0
11.4474,3603.84,-88.1713,55.5479,1.48042,-4032.53,0
12.7271,3629.51,-43.4876,55.8588,0.586668,-1610.01,0
14.0092,3619.7,-88.5857,77.5721,0.505735,-2162.51,0
15.2885,3595.96,-126.011,63.3652,1.2785,-3534.87,0
16.5565,3593.11,-173.247,100.047,0.460505,-3436,0
17.8407,3580.36,-150.124,105.763,1.40815,-3903.26,0
19.1214,3562.16,-150.527,85.6002,2.49027,-4593.73,0
20.4042,3584.33,-166,87.5865,0.812826,-3218.58,0
21.6743,3558.77,-168.309,113.223,1.95679,-4208.93,0
22.9625,3571.45,-150.56,102.597,1.6122,-3420.75,0
24.2415,3580.95,-149.107,49.7499,1.48372,-2848.53,0
25.5083,3597.15,-155.647,39.9384,0.464106,-2071.92,0
26.7925,3595.55,-182.17,51.7561,0.0727321,-2032.15,0
28.0656,3572.13,-176.143,46.9693,1.4683,-2774.56,0
29.3512,3569.69,-228.854,31.9335,0.500254,-2736.26,0
30.6392,3568.25,-236.393,-3.45535,0.464005,-2668.07,0
31.9141,3557.03,-257.995,-32.5596,0.553004,-2913.07,0
33.19,3533.35,-291.436,-5.86554,1.069,-3514.67,0
34.4692,3510.89,-293.103,-37.1558,2.52779,-4035.81,0
35.7565,3515.82,-284.311,-54.9466,2.29188,-3752.69,0
37.0329,3509.39,-272.748,-84.3278,2.46643,-3796.94,0
38.3082,3483.31,-273.592,-87.1603,3.65158,-4351.17,0
39.5762,3491.98,-277.761,-52.2556,2.95783,-3992.74,0
40.856,3526.12,-243.941,-45.8261,1.81184,-3032.07,0
42.127,3529.43,-268.512,-35.4555,0.556614,-2862.06,0
43.4066,3499.5,-257.103,-26.4453,2.82126,-3467.11,0
44.6891,3503.91,-266.696,-18.9259,1.96224,-3268.97,0
45.9739,3504.65,-281.636,-6.58563,0.97726,-3161.58,0
47.2447,3491.63,-275.632,-41.7094,2.01506,-3352.07,0
48.5116,3474.06,-266.318,-10.8991,3.37592,-3626.67,0
49.797,3476.58,-272.59,0.150069,2.45141,-3482.57,0
51.0708,3465.09,-251.703,-14.197,3.98574,-3620.59,0
51.5455,3449.91,-255.392,-25.255,4.41375,-3881.8,0
