1.27591,3636.71,44.4199,1.0489,0.882279,-10419.1,0
2.55475,3624,101.121,-1.47853,0.958943,-10176.8,0
3.82998,3594.93,98.9223,17.5617,2.22202,-14377.5,0
5.11249,3582.2,93.5055,18.5023,2.73581,-13260.8,0
6.38136,3587.25,108.741,39.4236,1.95573,-9833.06,0
7.66017,3572.13,129.098,30.5343,2.29321,-10165.4,0
8.93209,3566.96,129.796,34.3599,2.39621,-9296.83,0
10.2087,3560.32,123.247,30.1234,2.8111,-8784.53,0
11.4831,3547.2,99.5722,4.40922,3.8285,-8952.4,0
12.7585,3552.5,116.983,18.0617,2.69435,-7642.07,0
14.0356,3529.53,111.23,22.7962,3.80836,-8583.28,0
15.3079,3546.51,104.267,27.8589,2.52488,-6760.58,0
16.587,3558.34,82.6777,8.14882,2.22743,-5525.91,0
17.8734,3581.02,93.6684,33.8857,0.41814,-3859.25,0
19.1511,3557.11,110.748,67.9174,0.964966,-4850.11,0
20.4212,3555.98,100.998,61.3629,1.30551,-4604.12,0
21.6884,3566.09,86.5501,71.6792,0.822265,-3869.08,0
22.9676,3532.54,80.2795,86.6415,2.7502,-5114.29,0
24.2429,3516.45,100.323,91.2282,2.8782,-5508.83,0
25.5188,3514.48,111.351,98.2559,2.1359,-5310.79,0
26.7919,3516.24,115.357,114.531,1.20659,-4992.56,0
28.0735,3528.07,88.15,105.267,1.34327,-4343.37,0
29.3443,3548.19,56.3554,92.5377,0.986934,-3469.39,0
30.6151,3545.16,26.0531,129.939,0.464831,-3424.57,0
31.8887,3547.12,41.9043,115.581,0.620499,-3226.34,0
33.1694,3531.04,39.2481,142.201,0.908994,-3586.35,0
34.438,3516.98,35.9954,136.405,2.05312,-3862.48,0
35.7134,3507.15,25.3507,102.026,3.92309,-4000.04,0
36.9758,3501.71,9.6753,104.594,3.54373,-4010.51,0
38.2549,3513.52,19.5158,98.2082,2.67051,-3567.54,0
39.5263,3513.95,9.31069,116.413,1.53926,-3441.99,0
40.8073,3510,29.1649,118.517,1.4712,-3430.75,0
42.0741,3488.95,44.3885,117.001,2.46256,-3827.79,0
43.347,3477.5,42.9295,99.5425,3.76972,-3979.63,0
44.6236,3484.09,66.5472,93.5993,2.52852,-3717.92,0
45.9071,3513.45,69.4342,92.8611,0.417431,-2974.4,0
47.1849,3490.26,50.4241,88.8383,2.51666,-3385.37,0
48.4625,3465.75,34.583,105.723,3.37609,-3801.91,0
49.7227,3480.21,33.1823,76.9618,3.79824,-3414.72,0
50.9955,3467.65,26.122,82.0865,4.14533,-3575.78,0
52.2639,3474.78,28.6039,73.2426,3.28817,-3352.57,0
53.3353,3449.96,54.3021,78.9733,3.415,-3750.61,0
