1.28002,3613.2,-19.716,75.7464,1.55959,-28753.4,0
2.57017,3592.87,2.47647,76.9794,2.52595,-22226.8,0
3.84188,3610.86,-3.99399,93.3909,1.20601,-10187.8,0
5.12281,3598.06,10.3172,82.7801,1.93405,-10139.7,0
6.39342,3565.51,3.0659,95.7684,3.31289,-13215.7,0
7.67025,3576.92,-5.15769,86.3517,2.45294,-9527.58,0
8.94725,3573.19,6.25743,79.2903,2.59386,-8584.42,0
10.2196,3572.01,12.9843,120.993,1.62131,-7631.32,0
11.506,3566.04,23.5469,119.986,1.92622,-7296.85,0
12.7853,3553.27,31.2387,106.637,2.64418,-7565.54,0
14.0592,3520.82,43.477,105.533,4.30709,-9188.43,0
15.3401,3510.21,64.6662,116.575,3.54902,-9112.49,0
16.6128,3509.77,69.5267,109.443,3.33464,-8441.4,0
17.8803,3529.28,78.341,103.295,1.69284,-6751.33,0
19.1514,3501.67,83.0034,103.674,3.28576,-7745.01,0
20.4242,3489.92,111.544,115.343,2.21012,-7837.52,0
21.6967,3471.58,130.673,119.745,2.32682,-8223.27,0
22.9793,3481.75,130.06,111.87,1.74268,-7321.99,0
24.2574,3483.41,137.857,92.0811,1.88305,-6867.59,0
25.356,3449.95,143.881,100.409,3.37089,-7889.55,0
