1.27292,3638.74,-76.4293,8.06862,0.386301,-8848.6,0
2.55422,3614.39,-71.7884,29.8822,1.54405,-13940.7,0
3.82918,3621.75,-72.2414,23.595,1.13809,-7378.83,0
5.10478,3598.14,-65.3066,29.2113,2.34037,-10159.7,0
6.38002,3578.52,-74.4687,32.1248,3.07281,-11204.2,0
7.65711,3597.74,-37.8995,48.7323,1.88888,-6825.03,0
8.93445,3570.22,-62.6736,38.8235,3.07532,-8929.07,0
10.2079,3581.6,-66.8914,48.0829,1.96195,-6701.17,0
11.4869,3554.09,-62.0365,60.0993,3.28658,-8349.48,0
12.7607,3558.93,-66.5459,72.4592,2.25747,-7136.7,0
14.0367,3541.35,-54.0115,44.4902,3.75561,-7740.18,0
15.3132,3546.19,-73.7635,22.6309,2.72047,-6779.01,0
16.5782,3552.16,-68.2744,10.1794,2.25256,-5901.45,0
17.8438,3582.27,-33.6107,-5.21735,0.480768,-3795.79,0
19.126,3572.29,-74.2157,7.42845,0.487458,-4062.89,0
20.4035,3546.35,-108.171,0.0526211,1.27573,-5080.13,0
21.6802,3561.17,-64.6924,16.7664,1.40241,-4097.12,0
22.9582,3550.31,-80.2597,15.0966,1.72605,-4342.03,0
24.2298,3533.98,-70.9832,25.6117,2.74338,-4788.33,0
25.4989,3528.19,-95.6722,49.4605,1.7814,-4777.24,0
26.7701,3529.27,-114.273,86.8551,0.490779,-4510.07,0
28.0385,3496.46,-120.724,84.1026,2.46385,-5476.06,0
29.3194,3488.86,-101.055,95.9345,3.04636,-5495.95,0
30.5976,3487.09,-93.6334,98.5398,2.95398,-5324.11,0
31.877,3471.01,-69.6752,94.6147,4.62836,-5615.11,0
32.734,3449.94,-92.4289,93.5085,4.03799,-6111.55,0
