1.27076,3634.6,-107.902,49.5874,0.354434,-12115.3,0
2.55171,3620.87,-112.851,31.464,0.944289,-11415,0
3.82471,3616.63,-111.919,49.3418,1.09514,-8725.41,0
5.09857,3603.81,-118.153,58.3012,1.54655,-9059.93,0
6.37848,3617.63,-142.232,97.3984,0.272229,-5075.54,0
7.64612,3611.67,-164.767,109.267,0.156619,-5013.01,0
8.91824,3601.72,-166.476,68.8643,0.913607,-5413.27,0
10.1977,3566.89,-199.694,54.444,2.12169,-8150.19,0
11.4757,3560.95,-168.921,44.9903,2.93433,-7759.87,0
12.7438,3552.7,-141.881,66.8848,3.41023,-7635.34,0
14.0229,3568.04,-148.186,95.841,1.72152,-5844.81,0
15.3,3604.13,-111.878,80.2949,0.422673,-2997.93,0
16.5748,3595.28,-132.607,59.2694,0.74701,-3301.42,0
17.8473,3559.63,-121.259,68.9411,2.84095,-5063.59,0
19.1262,3546.24,-117.609,57.8225,3.40336,-5425.27,0
20.4104,3526.43,-143.324,50.1102,3.28099,-6054.37,0
21.6843,3543.8,-128.198,63.1101,2.17571,-4897.52,0
22.9606,3545.02,-125.443,84.6572,1.78721,-4572.36,0
24.2328,3513.14,-138.698,104.006,2.56392,-5647.9,0
25.5002,3505.15,-120.992,103.602,3.3773,-5680.39,0
26.7782,3512.97,-114.518,116.223,2.23395,-5117.41,0
28.0532,3507.58,-79.9632,108.179,3.51644,-5076.64,0
29.333,3502.39,-83.2228,128.594,2.89211,-5032.27,0
30.6137,3515.08,-77.4388,138.863,1.65758,-4407.32,0
31.8819,3510.7,-65.2216,137.951,1.99448,-4369.1,0
33.1617,3497.21,-81.4693,152.728,1.72707,-4607.41,0
34.4383,3498.38,-71.7082,149.388,1.91042,-4402.59,0
35.7222,3487.42,-49.9063,154.991,2.52964,-4551.21,0
37.0014,3461.17,-66.5628,186.972,1.66113,-5103.29,0
37.2671,3449.93,-61.3371,190.721,2.26421,-5368.49,0
