1.27546,3628.39,-6.11589,-53.6879,0.950097,-16943.8,0
2.54313,3631.57,-20.1788,-30.0657,0.882337,-7247.14,0
3.80919,3638.23,-21.4758,-31.5528,0.510764,-3089.85,0
5.07975,3608.01,-68.8748,-47.6649,1.62204,-8266.99,0
6.35964,3607.87,-59.6332,-28.4333,1.76241,-6625.34,0
7.64346,3625.77,-20.3034,-15.5578,1.07527,-3170.1,0
8.91687,3631.98,-34.5251,-27.7992,0.635145,-2020.75,0
10.2044,3594.25,-35.4639,-44.4034,2.50672,-5462.94,0
11.4714,3588.28,-32.1702,-37.813,2.69671,-5379.97,0
12.7412,3589.31,-63.5132,-24.7665,2.11679,-4763.25,0
14.0187,3607.64,-62.4324,-31.2657,0.971859,-3021.53,0
15.2893,3589.04,-42.6902,-12.9442,2.32305,-3986.89,0
16.5659,3563.64,-62.9048,4.20928,3.44938,-5213.29,0
17.8407,3578.73,-41.6582,-21.5205,2.40246,-3994.8,0
19.1121,3579.03,-36.8137,-12.2513,2.32305,-3713.2,0
20.3857,3610.61,-22.937,-18.1643,0.300933,-1932.17,0
21.6657,3585.19,-37.3265,-28.5555,1.68111,-2991.16,0
22.9415,3588.67,-46.6088,-20.4028,1.38164,-2673.3,0
24.2106,3568.69,-59.185,-20.3909,2.41924,-3358.25,0
25.4891,3565.08,-84.9124,-9.00223,1.97265,-3331.6,0
26.7702,3566.87,-73.0802,-1.05347,2.02285,-3105.36,0
28.0534,3569.03,-92.7104,-42.9513,1.12303,-2886.16,0
29.3324,3560.84,-77.8873,-9.28105,2.02207,-3039.65,0
30.6151,3533.47,-103.784,12.7557,2.84764,-3806.32,0
31.887,3542.96,-117.432,33.2904,1.43616,-3356.86,0
33.1665,3538.86,-144.146,24.103,0.936021,-3351.12,0
34.4425,3528.31,-124.346,54.9839,1.89637,-3533.19,0
35.7106,3522.57,-140.192,54.9219,1.57349,-3568.5,0
36.9814,3523.09,-132.302,66.5701,1.51137,-3431.69,0
38.2621,3511.03,-158.036,72.763,1.29125,-3632.13,0
39.5279,3503.6,-155.373,96.1364,1.42207,-3703.75,0
40.7961,3478.03,-143.475,105.681,3.0933,-4215.31,0
42.0804,3483.86,-135.854,90.8079,2.98783,-3948.14,0
43.3566,3499.47,-148.149,86.9197,1.09542,-3471.93,0
44.6374,3509.4,-141.731,83.7587,0.676031,-3149.94,0
45.9065,3488.17,-159.044,61.9285,1.68747,-3525.24,0
47.1852,3482.44,-177.019,64.8534,0.772702,-3551.04,0
48.4628,3471.05,-166.543,73.6605,1.9688,-3692.51,0
48.9016,3449.94,-160.787,66.4318,3.88867,-4090.97,0
