1.27748,3629.8,47.1489,38.4198,1.18894,-15809.1,0
2.54867,3628.71,55.8527,37.6941,1.15957,-8352.44,0
3.81731,3610.72,46.7045,77.3705,1.71307,-10291.2,0
5.09212,3617.65,79.0494,66.5218,1.17256,-6353.34,0
6.36367,3624.05,93.144,66.9792,0.702216,-4078.51,0
7.64386,3607.06,115.618,76.9761,1.17103,-5617.7,0
8.91976,3604.4,100.959,63.2713,1.45908,-5112.49,0
10.193,3601.2,93.378,77.29,1.48123,-4787.61,0
11.4569,3617.37,91.541,43.3079,0.919742,-2847.8,0
12.7345,3632.76,79.5884,33.9952,0.358306,-1353.75,0
14.0026,3634.42,92.1772,1.03652,0.221578,-1112.56,0
15.28,3624.37,118.376,-6.51436,0.350027,-1677.04,0
16.5564,3607.41,113.29,38.9773,1.14378,-2572.37,0
17.8331,3580.74,157.885,19.8461,2.03722,-3883.63,0
19.103,3569.29,139.46,9.34576,2.72837,-4225.09,0
20.3804,3584.49,115.221,14.448,2.07101,-3214.41,0
21.6522,3594.6,85.9561,-6.895,1.93748,-2558.42,0
22.9271,3579.58,98.74,-8.94405,2.32107,-3071.55,0
24.2034,3584.19,51.6181,-10.6866,2.65875,-2719.16,0
25.4821,3584.29,10.5064,-6.9957,2.65371,-2578.55,0
26.7539,3578.82,9.84207,-11.3458,2.87491,-2660.7,0
28.0356,3539.5,24.723,-20.6054,5.21437,-3941.57,0
29.3166,3543.07,15.234,-5.17293,3.79574,-3647.32,0
30.5958,3547.79,-0.750786,-22.7868,2.41469,-3340.68,0
31.8722,3524.69,4.78776,-31.4029,4.3405,-3931.72,0
33.1557,3539.38,-19.7237,-57.3955,1.0937,-3336.33,0
34.4238,3540.09,-10.4631,-25.3258,2.13805,-3192.88,0
35.6951,3522.1,-13.678,-4.07212,4.79579,-3582.99,0
36.9624,3535.25,35.8161,-25.6691,0.914981,-3104.52,0
38.2317,3529.46,20.8046,11.4782,2.40391,-3152.99,0
39.508,3530.15,10.4984,-12.8682,2.48926,-3033.48,0
40.791,3526.94,14.9624,26.5517,2.18395,-3016.92,0
42.0665,3526.04,35.1845,57.7379,0.325749,-2946.75,0
43.3494,3491.33,2.98122,72.9903,2.90682,-3660.34,0
44.6279,3477.77,1.44411,83.0884,2.71199,-3859.27,0
45.902,3467.97,7.23371,82.8554,3.03505,-3965.59,0
47.1774,3475.5,8.90906,94.9822,1.41218,-3698.8,0
48.4572,3471.37,25.053,82.6401,2.15623,-3686.26,0
49.7397,3466,11.9905,69.1329,3.61485,-3699.22,0
51.016,3472.72,19.5757,61.935,3.21403,-3475.07,0
52.2956,3484.47,15.1976,69.8833,1.24789,-3165.28,0
53.5614,3477.75,10.9937,60.9912,2.57974,-3216.01,0
54.8435,3500.43,18.2371,57.5565,0.306729,-2727.17,0
56.1144,3475.49,18.2672,61.3808,2.45047,-3109.96,0
57.3844,3469.37,14.2711,64.5342,2.27608,-3147.65,0
58.6638,3504.04,7.39162,20.9527,3.1134,-2488.06,0
59.9441,3503.43,27.9467,2.87091,1.88525,-2445.16,0
61.2212,3479.3,18.0826,-0.700957,6.76012,-2788.29,0
62.497,3493.9,16.273,-8.23272,1.88849,-2497.75,0
63.7665,3487.45,6.68109,18.5576,2.68044,-2549.18,0
64.8175,3472.48,2.15636,5.04046,2.30743,-2738.82,0
