1.27978,3610.04,-71.9249,15.4958,4.02547,-31225.4,0
2.55361,3626.55,-46.3991,0.949724,1.8727,-9182.98,0
3.83035,3605.17,-38.94,-9.14875,4.34518,-11704.1,0
5.10661,3587.11,-23.5936,-25.4089,5.34182,-12315.2,0
6.38593,3603.45,-22.3651,-40.516,1.32626,-7289.82,0
7.66326,3602.78,-53.2165,-32.71,0.751482,-6162.39,0
8.9429,3587.86,-65.2056,-36.8198,2.2525,-6949.08,0
10.2202,3590.28,-43.9742,-22.1242,2.55391,-5843.4,0
11.4995,3578.64,-41.5099,-32.4189,3.75172,-6205.43,0
12.7728,3576.79,-40.702,-31.2221,3.34302,-5731.4,0
14.0564,3594.05,6.22827,-40.8194,0.885705,-3980.29,0
15.3329,3581.25,-4.19358,-31.7425,2.78608,-4483.96,0
16.6115,3586.22,8.73598,-56.826,1.15871,-3839.8,0
17.889,3575.51,-3.04619,-56.8878,2.67185,-4164.21,0
19.1553,3568.57,-25.2255,-61.0955,2.87296,-4251.27,0
20.4229,3573.7,-32.8573,-57.5995,1.75197,-3736.09,0
21.6956,3554.21,-36.6454,-53.7722,4.73229,-4415.31,0
22.9704,3569.54,-39.1548,-69.381,1.30124,-3502.64,0
24.2464,3541.45,-39.7127,-97.5295,3.4047,-4477.02,0
25.5259,3550.73,-58.0231,-79.7278,1.71557,-3889.15,0
26.8041,3547.72,-77.6719,-93.4921,0.567255,-3815.8,0
28.0753,3515,-88.2766,-82.4183,5.0577,-4808.51,0
29.3426,3502.82,-97.4229,-79.6193,4.6291,-5015.88,0
30.6234,3487.15,-109.627,-79.306,4.84525,-5317.82,0
31.9051,3508.6,-109.286,-81.4758,0.914716,-4431.83,0
33.1884,3507.15,-99.4886,-57.3396,3.26109,-4304.19,0
34.4585,3494.77,-106.667,-69.0587,2.32763,-4504.95,0
35.7363,3493.02,-77.9622,-75.4195,4.36321,-4392.76,0
37.0174,3484.69,-67.5664,-91.5915,3.75858,-4465.63,0
38.2884,3492.77,-52.5213,-96.0623,1.84423,-4106.45,0
39.5666,3498.81,-40.4128,-101.941,0.802893,-3821.09,0
40.8425,3522.89,-17.1044,-71.0729,0.622606,-3112.32,0
42.1213,3503.51,-23.2955,-56.6555,5.06705,-3477.71,0
43.3897,3497.9,-13.0915,-75.6448,3.0523,-3505.55,0
44.6695,3517.37,-20.0476,-39.6485,3.31576,-2969.07,0
45.9355,3515.25,-31.7281,-53.1747,0.857678,-2933.42,0
47.2069,3495.09,-28.7249,-60.5367,4.0533,-3281.45,0
48.4828,3480.26,-5.57722,-67.5208,4.24161,-3501.07,0
49.7557,3484.07,-24.1556,-56.6672,3.89188,-3334.84,0
51.0294,3487.71,-21.6475,-49.4292,4.31195,-3180.33,0
52.3019,3489.98,-29.4989,-22.7295,6.58389,-3059.48,0
53.584,3488.13,-37.7376,4.38445,6.56873,-3020.84,0
54.8537,3506.18,-26.8345,-18.5138,0.891401,-2621.82,0
56.124,3511.88,-13.3943,-12.6099,1.84059,-2460.96,0
57.3912,3502.3,3.76451,-14.5284,7.3178,-2573.59,0
58.2682,3497.86,0.111044,-0.4139,0.702587,-2611.12,0
