1.27556,3616.34,-11.4978,37.5306,3.76982,-26390.9,0
2.55626,3610.59,-21.9197,34.4847,3.75286,-15417.6,0
3.82696,3620.62,-27.3813,29.4756,1.83733,-7677.69,0
5.09562,3626.05,-27.4085,30.5891,1.10739,-4700.42,0
6.36648,3623.47,-58.948,42.6691,0.674511,-4167.83,0
7.6441,3605.83,-82.7317,41.7996,2.04372,-5778.69,0
8.924,3619.66,-56.2904,7.49909,1.28325,-3399.48,0
10.1923,3624.88,-54.5064,16.1191,0.592748,-2464.2,0
11.4652,3622.51,-47.1302,11.1384,0.924929,-2398.04,0
12.7443,3617,-62.6101,-19.4246,1.13085,-2589.09,0
14.026,3605.01,-53.3077,-36.6673,2.49787,-3207.56,0
15.3036,3596.24,-37.8085,-21.0029,3.56069,-3513.18,0
16.5755,3604.86,-32.3046,-23.9738,1.88942,-2723.41,0
17.8562,3611.52,-38.8621,-9.23203,0.908776,-2154.86,0
19.1223,3590.76,-24.2255,-6.08627,3.87536,-3098.04,0
20.4043,3594.96,-55.3249,-5.20926,1.91847,-2697.3,0
21.6927,3585.03,-39.6499,-17.0598,3.34586,-2994.93,0
22.9704,3596.18,-36.8687,7.53629,1.46001,-2343.05,0
24.2613,3568.64,-35.1915,-7.22606,4.63108,-3353.66,0
25.5385,3561.32,-57.3911,-10.7923,4.23361,-3472.37,0
26.8163,3563.44,-73.893,12.8005,2.59008,-3227.7,0
28.0909,3567.38,-73.8734,16.8906,1.61401,-2941.17,0
29.3615,3565.12,-68.2276,-18.6558,2.17492,-2890.85,0
30.6408,3572.75,-47.6394,-55.0812,0.705928,-2521.29,0
31.9235,3570.38,-62.378,-38.0165,1.02296,-2494.22,0
33.2011,3570.1,-50.1417,-16.3369,1.6423,-2406.7,0
34.4782,3562.01,-44.6878,5.64327,3.23356,-2552.01,0
35.7437,3553.72,-63.5353,-6.82499,3.33709,-2693.74,0
37.0152,3553.66,-69.0084,-8.69693,2.80509,-2602.85,0
38.2984,3536.88,-68.8063,-31.8932,4.34568,-2953.66,0
39.5789,3545.37,-59.9138,-21.1414,3.10031,-2643.53,0
40.8524,3552.27,-47.9048,3.55943,2.76482,-2392.35,0
42.12,3543.33,-68.1464,-6.65481,2.32463,-2532.49,0
43.3926,3544.43,-47.6945,30.2713,2.66111,-2432.93,0
44.6723,3526.94,-43.6819,17.6607,6.36408,-2754.63,0
45.9526,3546.81,-58.5414,16.8039,0.552359,-2245.65,0
47.2261,3528.03,-54.3177,3.7453,4.60059,-2582.66,0
48.5029,3521.56,-57.4658,-2.56018,4.371,-2648.17,0
49.7781,3531.05,-75.711,15.7889,0.104699,-2389.64,0
51.0615,3513.33,-61.9274,1.14025,5.13954,-2676.66,0
52.3403,3519.23,-72.7259,-28.8245,1.18812,-2498.48,0
53.6145,3498.76,-88.4498,-43.9096,2.05717,-2820.96,0
54.8924,3477.53,-70.6552,-20.3279,6.68291,-3142.03,0
56.1648,3466.91,-75.6106,-40.5953,5.1263,-3259.91,0
57.4473,3472.41,-83.4686,-30.8895,2.6879,-3091.35,0
58.7252,3473.41,-85.3496,-14.3144,2.28265,-3007.11,0
59.9953,3458.56,-69.1377,-19.9421,6.08005,-3190.97,0
61.2708,3462.67,-73.2176,-24.6291,2.74498,-3057.45,0
62.5494,3455.71,-62.9831,-12.9939,6.14651,-3106.12,0
63.3546,3449.96,-73.6143,-21.7439,2.9998,-3157.53,0
