1.27844,3636.57,-23.0225,4.62665,1.50024,-10503.5,0
2.56127,3615.64,-42.6397,10.1442,3.46166,-13417.1,0
3.84021,3631.17,-49.2135,7.38035,1.19074,-4904.51,0
5.11209,3618.35,-12.0206,40.9478,2.59922,-6190.87,0
6.38904,3607.85,-3.72979,40.7905,3.36658,-6597.27,0
7.67404,3623.18,-14.5051,19.3752,1.45095,-3494.54,0
8.96155,3607.19,-15.2768,8.57855,3.5251,-4776.88,0
10.2344,3592.94,-23.423,5.87608,4.64003,-5575.78,0
11.5199,3608.98,-46.6608,-3.99278,1.4358,-3560.98,0
12.7978,3591.36,-46.687,-35.4798,3.15158,-4582.19,0
14.0779,3586.7,-58.8391,-6.32776,3.39775,-4496.22,0
15.3467,3587.36,-56.2531,5.55804,2.99539,-4081.35,0
16.6203,3581.09,-84.8582,11.4493,2.39932,-4146.36,0
17.8964,3564.98,-95.4608,28.3984,3.68098,-4750.51,0
19.1662,3564.48,-122.795,16.3061,1.98579,-4461.8,0
20.445,3553.66,-112.029,30.4182,2.9524,-4711.9,0
21.7259,3557.1,-124.229,68.1392,1.10856,-4276.22,0
23.0038,3537.32,-116.962,76.6475,3.94375,-4898.39,0
24.2801,3536.92,-119.538,52.4216,3.74113,-4657.31,0
25.5435,3526.54,-102.909,83.0498,3.83525,-4833.15,0
26.8186,3508.47,-91.5052,66.3468,6.40074,-5277.38,0
28.0906,3502.03,-72.5571,74.3353,5.66333,-5267.66,0
29.3687,3502.06,-80.8419,49.9457,4.12636,-5037.39,0
30.6486,3518.27,-62.8839,41.3569,3.15891,-4298.15,0
31.9309,3535.06,-37.6355,24.9533,2.56772,-3599.75,0
33.2042,3533.55,7.3709,3.21653,5.11932,-3507.01,0
34.4896,3515.02,3.34254,17.7162,8.10708,-3913.58,0
35.7651,3501.74,19.925,48.705,2.13388,-4145.45,0
37.0365,3504.03,32.3685,40.2994,1.07015,-3941.37,0
38.3057,3483.04,37.1075,39.5789,5.09871,-4358.61,0
39.5859,3477.02,45.8928,48.877,2.46398,-4369.67,0
40.8553,3478.36,47.304,43.7801,2.59267,-4201.26,0
42.1335,3464.58,40.8521,35.876,4.9204,-4400.77,0
43.4063,3465.77,39.0191,47.9844,2.01999,-4244.4,0
44.6781,3459.6,53.6268,48.247,0.364822,-4261.65,0
45.116,3449.96,43.0361,48.5084,4.1963,-4433.97,0
