1.28704,3635.74,51.7224,-45.7326,1.47034,-11081.7,0
2.5605,3639.57,18.458,-42.3691,1.23977,-4074.33,0
3.83425,3642.34,2.54329,-34.0037,1.02742,-1998.27,0
5.11259,3626.55,21.1399,-47.6256,2.52289,-4587,0
6.37901,3642.2,47.8675,-60.0392,0.264104,-1223.27,0
7.6537,3630.13,40.0287,-48.9821,1.70986,-2595.55,0
8.92539,3642.18,1.72605,-45.4927,0.55362,-876.377,0
10.1993,3632.4,38.9426,-70.2452,1.00623,-1725.53,0
11.471,3607.93,31.6173,-63.1376,3.53123,-3667.3,0
12.7517,3591.75,38.9631,-59.1184,4.542,-4567.74,0
14.0331,3596.53,48.0767,-58.9673,2.90229,-3810.31,0
15.3092,3589.72,43.2408,-99.3159,2.29758,-3937.75,0
16.5793,3586,53.2577,-70.2179,3.26386,-3860.1,0
17.8545,3590.12,67.5773,-84.7459,1.43564,-3353.97,0
19.1332,3590.2,72.6034,-75.4369,1.45106,-3125.57,0
20.4149,3584.59,81.2104,-79.5124,1.64217,-3203.93,0
21.695,3585.92,76.4258,-60.386,2.04757,-2953.57,0
22.9752,3565.52,80.4375,-76.7984,3.39404,-3677.22,0
24.2558,3552.68,62.9776,-77.9507,4.75435,-4012.32,0
25.5175,3561.48,38.8926,-94.4419,2.58606,-3468.95,0
26.7975,3559.06,26.124,-99.5149,2.50394,-3393.53,0
28.0674,3555.81,31.2191,-107.105,1.94475,-3355.75,0
29.3476,3558.25,44.816,-116.174,0.548391,-3126.37,0
30.6313,3537.88,44.8675,-111.066,3.45179,-3660.24,0
31.8991,3533.74,56.6639,-99.4236,3.91357,-3644.46,0
33.167,3535.32,78.607,-114.588,1.48421,-3457.57,0
34.4372,3525.1,71.1777,-114.364,2.69113,-3626.83,0
35.7118,3508.05,70.5345,-104.835,4.78295,-3974.77,0
36.9844,3502.97,77.6422,-107.114,3.57849,-3975.36,0
38.2611,3485.43,103.379,-114.209,3.50355,-4301.12,0
39.5293,3472.37,107.578,-96.7971,5.41343,-4493.52,0
40.8084,3455.66,131.316,-90.8704,3.99331,-4762.14,0
41.0141,3449.93,128.146,-88.2925,5.43736,-4878.18,0
