1.28513,3629.85,-19.6817,63.9514,2.10061,-15677.6,0
2.5615,3616.22,-19.7565,65.2867,3.39788,-13186,0
3.83568,3607.7,-36.8716,65.0005,3.80216,-11026.9,0
5.09835,3585.97,-63.7235,67.8677,4.05745,-12558.1,0
6.37301,3584.45,-54.7616,73.9886,3.62385,-10285,0
7.64655,3567.43,-87.7666,76.424,3.94651,-10798.9,0
8.92286,3569.32,-102.568,65.8319,2.46567,-9041.5,0
10.1824,3567.74,-123.086,62.4356,1.70923,-8079.13,0
11.4567,3569.43,-109.328,36.8303,2.50515,-7032.47,0
12.7307,3576.15,-126.355,35.1378,0.953655,-5800.63,0
14.007,3537.67,-137.54,28.0125,5.28417,-8019.85,0
15.2822,3520.63,-147.579,24.8307,5.01525,-8465.11,0
16.5644,3527.85,-151.058,36.198,2.88603,-7374.33,0
17.8445,3537.42,-122.656,25.2607,3.4479,-6308.95,0
19.1272,3537.27,-114.723,40.4425,2.46991,-5893.62,0
20.3987,3518.58,-121.681,81.81,3.09748,-6442.65,0
21.6775,3509.99,-126.787,78.8126,3.8071,-6458.74,0
22.9526,3507.11,-131.135,58.1316,4.26202,-6225.42,0
24.2236,3496.43,-147.825,71.6339,2.69917,-6339.89,0
25.492,3511.26,-148.39,63.5009,0.480377,-5442.45,0
26.7627,3481.64,-164.044,85.3063,2.39344,-6290.79,0
28.0371,3496.81,-156.529,60.8351,2.00274,-5463.7,0
29.3182,3467.89,-168.697,118.153,1.45825,-6211.6,0
30.5963,3465.83,-154.78,119.171,3.16724,-6019.35,0
31.8759,3457.06,-141.885,120.015,4.81281,-6052.9,0
33.1487,3477.87,-140.592,90.4324,3.6733,-5192.61,0
34.422,3481.64,-143.669,80.6807,2.7163,-4891.14,0
35.6922,3473.3,-115.21,102.047,5.16643,-4950.74,0
36.7484,3449.97,-117.625,100.964,7.19977,-5443.15,0
