2.39353,3603.84,-28.3091,120.309,3.27875,-19285.6,0
4.77446,3599.04,-125.68,97.9803,2.55613,-10672.7,0
7.1583,3558.93,-119.002,178.785,4.84447,-12722.8,0
9.53131,3575.74,-200.599,173.993,0.290591,-7791.2,0
11.9388,3566.36,-152.378,140.204,4.21245,-7006.07,0
14.3287,3581.26,-109.166,151.93,3.14399,-4797.66,0
16.7464,3595.73,-100.868,74.1295,3.51481,-3240.66,0
19.0991,3561.15,-107.612,46.2835,8.23922,-4652.28,0
21.4904,3533.69,-130.221,73.3111,9.03692,-5412.3,0
23.8692,3549.71,-181.017,-1.96558,5.01747,-4201.71,0
26.2504,3556.61,-100.01,151.993,4.16207,-3557.69,0
28.6281,3576.42,-111.511,135.823,1.46046,-2570.1,0
31.0081,3549.9,-59.1199,241.115,0.81848,-3228.18,0
33.4328,3491.51,-72.0182,247.825,6.95424,-4740.68,0
33.9989,3449.5,-71.1036,259.928,12.0872,-5897.28,0
