2.3639,3639.21,26.0689,11.7322,1.15867,-4564.01,0
4.75382,3630.79,40.2696,34.5861,1.72942,-4041.16,0
7.15965,3586.88,3.92489,72.8321,5.95075,-8815.68,0
9.54075,3576.04,40.5667,126.552,4.77471,-7752.01,0
11.9264,3544.03,69.2255,101.308,8.87019,-8885.28,0
14.2906,3559.09,-40.0681,109.816,5.7415,-6361.22,0
16.686,3532.63,-7.47434,157.963,6.6979,-7033.94,0
19.0846,3495.67,-76.2655,188.565,7.53386,-8086.65,0
21.5017,3466.42,-18.3767,151.699,6.27694,-8537.8,0
22.2754,3449.56,-17.1164,179.786,4.54268,-8998.37,0
