0.00650623,0.0765714,0.151562,0.13715,0.0936532,11768.9,0
0.0130509,0.056853,0.20436,-0.0112604,0.064796,4356.25,0
0.0195318,0.108665,0.295794,-0.16901,0.127335,5563.52,0
0.0260362,0.283196,0.0481651,-0.271649,0.333275,10877,0
0.0325375,0.231219,0.182449,-0.519145,0.242172,7106.23,0
0.0390564,0.306143,0.0500569,-0.869667,0.317403,7838.5,0
0.0455888,0.390799,0.0742816,-0.52123,0.396757,8572.26,0
0.0521334,0.19549,0.0256933,-0.419434,0.14181,3749.81,0
0.0586521,0.502893,-0.139571,-0.415467,0.505771,8574.16,0
0.0651947,0.545554,-0.221702,-0.361072,0.509354,8368.08,0
0.0716674,0.76127,-0.129712,-0.348451,0.706981,10622.3,0
0.0781692,1.04362,-0.262642,-0.302778,0.961273,13350.8,0
0.0846681,1.14746,-0.165767,-0.267264,0.967679,13552.4,0
0.0911805,0.93865,0.233209,0.0513085,0.623531,10294.4,0
0.0976805,1.33444,0.127685,-0.0291928,1.01565,13661.3,0
0.104191,1.25258,0.284712,0.0328949,0.801125,12021.9,0
0.110716,1.06856,0.123294,-0.307283,0.499959,9651.4,0
0.117266,1.05871,0.0202079,-0.530867,0.432817,9028.23,0
0.123758,0.979348,-0.0888006,-0.324685,0.317595,7913.41,0
0.130317,1.13592,0.0351918,-0.322491,0.489914,8716.6,0
0.136807,1.21733,0.227022,-0.239622,0.551209,8898.15,0
0.143288,1.10219,0.181865,-0.27133,0.373896,7692.19,0
0.149807,1.10728,0.29288,-0.437199,0.335865,7391.39,0
0.156356,1.41432,0.383826,-0.306156,0.683129,9045.5,0
0.162881,1.35198,0.2638,-0.00527614,0.536646,8300.41,0
0.169373,1.19063,0.115337,-0.161215,0.295157,7029.62,0
0.175869,1.03951,0.15801,-0.179728,0.0955822,5910.69,0
0.182406,1.0314,0.224296,-0.181251,0.0829183,5654.43,0
0.188881,1.21212,0.331436,-0.156719,0.295601,6417.37,0
0.195452,1.42438,0.45553,-0.16324,0.51561,7287.63,0
0.201963,1.47357,0.403163,-0.324483,0.547374,7296.26,0
0.208532,1.74632,0.348926,-0.333116,0.809675,8374.33,0
0.21505,1.98994,0.625463,-0.353296,0.975982,9253.35,0
0.221576,2.11717,0.381976,-0.392388,1.01159,9555.06,0
0.228121,2.26232,0.49059,-0.383636,1.05633,9917.22,0
0.234597,1.87793,0.380158,-0.297561,0.485574,8004.94,0
0.241084,1.9037,0.516106,-0.339237,0.481541,7896.42,0
0.24757,2.04418,0.234888,-0.495029,0.601686,8256.98,0
0.254093,2.17326,0.0770831,-0.723768,0.707239,8553,0
0.260582,1.92421,0.0884552,-0.490602,0.338345,7384.29,0
0.267139,2.07662,0.0412866,-0.315067,0.490825,7773.57,0
0.273641,2.08186,0.255913,-0.0946625,0.448262,7608.01,0
0.280149,2.24332,0.114033,-0.0717067,0.59723,8007.6,0
0.286657,2.41552,0.0821317,-0.260693,0.740081,8426.53,0
0.293161,2.27035,0.310724,-0.401502,0.496243,7744.4,0
0.299663,2.3487,0.227239,-0.200138,0.548899,7837.79,0
0.306214,2.20811,0.117186,-0.439282,0.332117,7210.99,0
0.312703,2.4697,0.258987,-0.524432,0.601904,7897.93,0
0.319194,2.44569,0.264055,-0.447023,0.525418,7662.09,0
0.325711,2.54629,0.342504,-0.39047,0.596,7817.63,0
0.332229,2.41597,0.589343,-0.349876,0.394005,7272.02,0
0.338741,2.25754,0.580393,-0.266278,0.174407,6664.5,0
0.345231,2.38434,0.40305,-0.449039,0.322553,6906.51,0
0.351781,2.48377,0.403205,-0.265475,0.413228,7060.54,0
0.358261,2.57112,0.557185,-0.344917,0.472674,7176.68,0
0.364757,2.4942,0.571784,-0.306812,0.330671,6837.99,0
0.371245,2.55594,0.985805,-0.389555,0.377247,6884.78,0
0.377757,2.53528,1.03317,-0.207729,0.322806,6711.39,0
0.384262,2.80907,1.19083,0.219152,0.612706,7310.3,0
0.390766,3.09352,0.906672,-0.399019,0.900994,7916.55,0
0.397327,2.89607,0.858464,-0.401104,0.579285,7288.89,0
0.403874,2.78964,0.726293,-0.440884,0.396235,6907.19,0
0.410383,2.8792,0.944672,-0.529527,0.466942,7015.88,0
0.416908,2.97619,0.8824,-0.551981,0.529205,7138.73,0
0.423444,3.02546,0.759531,-0.433254,0.539147,7144.88,0
0.429966,3.20542,0.994382,-0.154283,0.68951,7455.07,0
0.436439,3.24305,1.1049,-0.149964,0.675169,7430.7,0
0.442932,3.01023,1.01717,-0.257472,0.336824,6796.13,0
0.449443,3.25292,0.98084,-0.505442,0.590954,7237.65,0
0.455946,3.21406,0.742407,-0.791108,0.497782,7049.21,0
0.462479,3.31501,0.683098,-0.595021,0.573989,7167.9,0
0.469009,3.20822,0.900341,-0.626981,0.406699,6840.43,0
0.475556,3.53658,0.636451,-1.05716,0.747258,7436.72,0
0.482087,3.74582,0.579243,-0.951549,0.892415,7770.02,0
0.488549,3.48845,0.506523,-0.822893,0.497143,7140.44,0
0.495054,3.74496,0.687548,-0.651015,0.735339,7564.75,0
0.501557,3.75727,0.554049,-0.670009,0.694542,7491.2,0
0.508069,3.75555,0.5936,-0.486275,0.617957,7391.81,0
0.514594,3.80325,0.78182,-0.469256,0.597192,7390.79,0
0.521092,3.60526,0.951438,-0.245569,0.314117,6918.67,0
0.527638,3.74552,0.941147,-0.215959,0.446412,7098.65,0
0.534173,3.76497,0.89417,-0.0177326,0.427904,7048.22,0
0.540655,3.90143,0.989244,-0.0958682,0.557111,7216.11,0
0.547205,3.56206,0.889132,-0.203552,0.115965,6509.55,0
0.553751,3.65608,0.852248,-0.300428,0.221523,6602.39,0
0.560258,3.84763,0.969302,-0.321115,0.428007,6867.59,0
0.56678,3.87998,0.960728,-0.338146,0.442556,6845.64,0
0.573326,3.98409,0.871007,-0.288072,0.516101,6949.08,0
0.579867,4.21408,1.10588,-0.313829,0.725851,7267.32,0
0.5864,3.86196,1.31269,-0.259158,0.235035,6585.87,0
0.592948,3.73711,1.19997,-0.443693,0.0648119,6302.59,0
0.599473,3.92393,1.18946,-0.377586,0.288,6545.64,0
0.605977,4.01008,1.38895,-0.318849,0.371398,6617.55,0
0.612457,4.09293,1.40924,-0.184241,0.443868,6682.8,0
0.618928,4.3751,1.58825,0.186311,0.738651,7068.83,0
0.625415,4.47549,1.43326,0.26501,0.770477,7156.04,0
0.631927,4.75582,1.43718,0.335383,1.01281,7525.91,0
0.638404,4.52832,1.64093,0.32755,0.63757,7093.18,0
0.64489,5.01524,1.49448,0.428029,1.11659,7776.89,0
0.651385,4.65296,1.61894,0.596282,0.556543,7143.18,0
0.65791,4.72638,1.81981,0.468308,0.565631,7183.93,0
0.664457,4.74819,1.54613,0.653331,0.527897,7145.97,0
0.670977,4.85845,1.46564,0.690053,0.625947,7240.86,0
0.677504,5.24647,1.50222,0.749162,0.994174,7743.83,0
0.684003,5.31286,1.56498,1.04052,0.929596,7767.3,0
0.690572,5.67034,1.72316,0.976282,1.23476,8211.08,0
0.697091,6.06818,1.7428,1.01655,1.50726,8705,0
0.703659,6.02396,1.42874,0.956117,1.26285,8560.91,0
0.710145,5.87665,1.1611,1.0517,0.937092,8275.28,0
0.716665,5.74714,1.17413,0.919108,0.676399,8019.29,0
0.723196,5.80596,1.28307,0.698344,0.694799,8028.2,0
0.729696,5.80142,1.24365,0.698847,0.622001,7950.46,0
0.7362,5.90697,1.26081,0.822369,0.680105,8023.6,0
0.742712,6.13976,1.05984,0.486272,0.860893,8266.68,0
0.749272,6.28073,1.01781,0.707631,0.931512,8382.44,0
0.755749,6.2841,1.26421,0.612343,0.848609,8315.06,0
0.762269,6.19147,1.40841,0.54959,0.654772,8122.42,0
0.76879,6.73749,1.39923,0.397741,1.21212,8763.75,0
0.775307,6.93216,1.60075,0.30229,1.28001,8941.17,0
0.781836,6.8823,1.66085,0.206458,1.04268,8802.73,0
0.78836,6.43458,2.01028,0.0737066,0.402353,8161.98,0
0.794853,6.43336,1.98334,-0.154477,0.372705,8093.78,0
0.801387,6.744,2.00904,-0.25732,0.716372,8415.41,0
0.80791,6.60475,2.05848,-0.144693,0.468808,8175.11,0
0.814388,6.64703,2.22406,0.0605266,0.46335,8161.99,0
0.820883,6.3754,2.26914,0.468588,0.104519,7766.51,0
0.827392,6.73723,2.07395,0.583446,0.534721,8142.72,0
0.833902,7.10706,1.78567,0.531217,0.917913,8522.66,0
0.840444,7.1358,1.78336,0.139664,0.82822,8490.51,0
0.84695,7.12291,1.99079,-0.1878,0.729587,8410.07,0
0.853454,6.81401,1.94988,-0.17963,0.309206,7984.04,0
0.859999,7.04614,2.06376,-0.314508,0.562834,8193.2,0
0.866536,6.99241,1.98181,-0.152566,0.441912,8069.38,0
0.873047,6.96744,2.02759,0.0769164,0.374681,7980.6,0
0.8795,7.06516,1.91988,0.142317,0.470753,8033.15,0
0.885981,7.15786,2.03072,0.0770934,0.539796,8079.02,0
0.89246,7.14971,2.03894,0.215858,0.494495,8011.24,0
0.898962,7.02554,2.02812,0.274762,0.306396,7815.17,0
0.905455,7.09745,2.10461,0.303136,0.371216,7838.54,0
0.911961,7.14914,2.17187,0.156176,0.401742,7839.3,0
0.918507,7.17321,2.15065,0.0601581,0.395511,7809.64,0
0.924992,7.08444,2.48172,-0.115496,0.271559,7658.92,0
0.931515,7.28612,2.64212,0.00648089,0.490134,7821.8,0
0.937989,7.3743,2.44035,-0.0282326,0.532118,7861.82,0
0.944486,7.56389,2.28339,0.355895,0.71916,8008.48,0
0.951016,7.46906,2.34333,0.591312,0.539768,7853.77,0
0.957523,7.37849,2.34658,0.715249,0.387841,7705.81,0
0.96399,7.41858,2.30025,0.745696,0.416859,7695.7,0
0.970481,7.49226,1.8979,0.962253,0.476459,7720.15,0
0.976962,7.32784,1.95859,0.837326,0.242323,7500.63,0
0.983463,7.362,1.84031,0.788281,0.274107,7485.79,0
0.989986,7.4175,1.73357,0.540191,0.327762,7492.53,0
0.996451,7.29484,1.67073,0.497687,0.157061,7320.82,0
1.00294,7.34122,1.76568,0.55549,0.208532,7319.7,0
1.00946,7.42928,1.75269,0.358977,0.304367,7359.66,0
1.01599,7.53505,1.99504,0.419507,0.416962,7416.47,0
1.0225,7.47168,2.30736,0.44973,0.308249,7307.3,0
1.02903,7.48964,2.31043,0.511846,0.304385,7278.37,0
1.03553,7.40242,2.44112,0.499764,0.182358,7148.41,0
1.04205,7.62049,2.65032,0.593274,0.435863,7313.01,0
1.04855,7.58576,2.32539,0.642515,0.359771,7234.53,0
1.05504,7.64915,2.18696,1.01257,0.40754,7250.14,0
1.06152,7.54628,2.13625,0.862872,0.262167,7108.92,0
1.06801,7.43514,2.04857,0.984618,0.114977,6961.7,0
1.07453,7.7552,1.97482,1.06412,0.487071,7217.29,0
1.08101,7.73061,2.1042,1.18571,0.422719,7151.25,0
1.0875,7.98493,2.35123,1.08003,0.692221,7342.43,0
1.0941,8.38239,2.371,1.17412,1.07705,7661.44,0
1.10059,8.49071,2.36794,1.12662,1.08228,7714.66,0
1.10712,8.69393,2.1868,1.08782,1.18277,7852.72,0
1.11364,8.70575,2.11392,0.894548,1.05105,7817.39,0
1.12015,8.83179,2.05082,0.775715,1.059,7884.45,0
1.12663,8.6742,2.03793,0.849178,0.738424,7699.22,0
1.13313,8.75264,2.13118,0.458751,0.759673,7724.27,0
1.13964,8.77359,2.11,0.582602,0.703984,7698.54,0
1.14616,8.88277,1.82705,0.397858,0.761888,7749.99,0
1.15268,8.73199,1.75023,0.726072,0.498954,7575.41,0
1.15915,8.71036,1.57245,0.67503,0.424986,7514.45,0
1.16564,9.06953,1.42815,0.738032,0.806282,7780.71,0
1.17215,9.11392,1.20034,0.810691,0.784746,7775.42,0
1.17866,8.87754,1.44825,0.95729,0.441777,7531.86,0
1.18516,8.91707,1.47373,1.15075,0.454274,7523.93,0
1.19166,8.94545,1.61571,1.3038,0.452236,7506.73,0
1.19819,8.70899,1.59528,1.38984,0.133405,7268.43,0
1.20471,8.87404,1.39403,1.73995,0.32132,7366.13,0
1.21124,8.90847,1.228,1.92937,0.335022,7354.86,0
1.21778,9.01123,1.42788,1.60151,0.436045,7399.74,0
1.22429,9.20177,1.46101,1.49908,0.607064,7516.04,0
1.23077,9.22005,1.40214,1.57937,0.572183,7491.27,0
1.23728,9.45937,1.43059,1.85654,0.788238,7645.3,0
1.24376,9.70609,1.5443,2.09916,0.989704,7803.85,0
1.25032,9.68418,1.89518,2.50366,0.844212,7745.36,0
1.25683,9.69713,2.07933,1.96073,0.740858,7715.54,0
1.26334,9.73066,2.24293,2.32972,0.681335,7702.31,0
1.26983,9.69839,2.20942,2.38522,0.576932,7637.57,0
1.27629,9.80573,2.09963,2.3604,0.655292,7683,0
1.28279,9.89535,2.06452,2.45283,0.699626,7713.92,0
1.28932,9.94712,2.26961,2.32809,0.688226,7714.99,0
1.29582,10.0205,2.15448,2.45518,0.69852,7732.93,0
1.30231,10.1906,2.0287,2.50984,0.821752,7825.04,0
1.3088,10.4837,2.21184,2.47496,1.06275,8010.18,0
1.31532,10.4974,1.98655,2.32036,0.951535,7980.89,0
1.32185,10.7094,2.15526,2.31845,1.08404,8101.82,0
1.32834,10.499,2.09616,2.29672,0.706576,7903.84,0
1.33485,10.6975,2.35257,2.28146,0.863845,8014.05,0
1.34136,10.9156,2.27438,2.30149,1.00837,8137.72,0
1.34783,10.876,2.16148,2.31043,0.83418,8069.24,0
1.35429,11.0206,2.112,1.84997,0.900292,8137.56,0
1.36078,10.73,2.31489,1.88707,0.471786,7885.16,0
1.36726,10.6526,2.31748,1.8439,0.333668,7791.19,0
1.37378,10.4884,2.05911,2.0988,0.112578,7634.69,0
1.38029,10.7015,1.92867,2.29186,0.370415,7753.09,0
1.38676,10.7812,2.00757,2.39278,0.43512,7774.41,0
1.39327,10.9558,1.94265,2.06047,0.609618,7863.36,0
1.3998,10.8833,1.8913,1.75797,0.47097,7774.9,0
1.40636,10.9211,1.98243,1.84732,0.468852,7765.51,0
1.41287,10.8243,1.81589,1.68784,0.311808,7661.21,0
1.41936,10.7556,1.844,1.64207,0.213322,7577.83,0
1.42585,10.9477,1.60445,1.58873,0.419297,7678.02,0
1.43235,11.1362,1.86918,1.45151,0.599508,7774.74,0
1.43891,11.4371,1.76175,1.26388,0.885607,7948.49,0
1.44541,11.1988,1.73519,1.13071,0.515885,7747.85,0
1.45191,11.2554,1.58195,1.06174,0.534085,7752.13,0
1.45842,11.1302,1.61573,1.00319,0.346724,7631.63,0
1.46492,11.0965,1.63428,0.988176,0.286611,7574.79,0
1.4714,11.2319,1.49212,1.41625,0.423041,7633.48,0
1.47792,11.2576,1.5852,1.5063,0.425906,7617.16,0
1.48444,11.5177,1.54271,1.34242,0.691411,7758.96,0
1.49098,11.3462,1.51701,0.975989,0.40495,7609.9,0
1.49746,11.3915,1.50107,0.856942,0.423536,7607.23,0
1.50397,11.2638,1.77127,0.64677,0.235315,7489.39,0
1.51047,11.4128,1.7882,0.632324,0.3949,7555.81,0
1.51697,11.6781,2.1281,0.950717,0.67785,7698.34,0
1.52344,11.7339,2.1492,0.685291,0.672039,7702.22,0
1.52998,11.3229,2.10929,0.788452,0.131457,7400.72,0
1.53654,11.5669,2.44501,0.978109,0.410902,7527.9,0
1.54305,11.6424,2.11924,0.947794,0.464034,7545.05,0
1.54959,11.456,2.21599,0.853681,0.210057,7392.95,0
1.5561,11.4412,2.21494,0.786618,0.181019,7352.49,0
1.56257,11.8385,2.08832,0.859095,0.651151,7576.28,0
1.56913,11.9008,1.9778,1.20114,0.650051,7584.33,0
1.57572,11.8424,2.04093,1.05313,0.52606,7515.53,0
1.58221,12.0114,2.06124,1.50552,0.682916,7591.53,0
1.58871,12.1971,2.06032,1.68494,0.818428,7677.37,0
1.59529,12.0466,2.15331,1.64966,0.568868,7551.37,0
1.60184,11.8725,2.41186,1.67492,0.311143,7411.84,0
1.60837,11.7154,2.36991,1.81444,0.0984676,7284.04,0
1.61487,11.7825,2.33528,1.81626,0.177096,7296.22,0
1.62137,12.0645,2.58321,1.96236,0.501115,7440.94,0
1.62785,12.4114,2.37695,1.96273,0.880273,7624.43,0
1.63437,12.6403,2.3454,1.88091,1.03497,7734.05,0
1.64091,12.6574,2.44753,1.92109,0.9355,7713.62,0
1.6474,12.8558,2.74835,1.7175,1.06379,7803.7,0
1.65392,12.9434,2.70079,1.68354,1.05143,7825.87,0
1.66041,12.7903,2.78217,2.31247,0.777323,7703.11,0
1.66695,12.9361,2.74581,2.48349,0.844546,7760.36,0
1.67348,12.9157,2.39315,2.40691,0.724538,7717.9,0
1.67994,13.1689,2.31857,2.54277,0.948324,7838.89,0
1.68644,13.1234,2.09251,2.46153,0.784245,7781.7,0
1.69292,12.9436,2.2679,2.60534,0.501319,7645.76,0
1.69943,13.0786,2.55045,2.52802,0.619029,7695.87,0
1.70593,13.2817,2.42598,2.62911,0.786197,7785.57,0
1.71244,13.3352,2.20123,2.57786,0.751842,7787.23,0
1.71894,13.7636,1.97776,2.63069,1.16981,8007.02,0
1.72542,13.5922,1.81763,2.99287,0.818413,7877.63,0
1.73194,13.7209,2.09141,2.80883,0.890062,7922.25,0
1.73843,13.6678,2.3723,2.65006,0.726326,7862.16,0
1.74494,13.8267,2.49687,2.84743,0.823703,7923.9,0
1.75145,13.9733,2.38997,2.42324,0.904537,7978.15,0
1.75797,13.8497,2.74978,2.5304,0.663137,7878.26,0
1.76449,13.9036,2.6864,2.55563,0.642631,7879.67,0
1.77096,13.9036,2.7779,2.55436,0.593281,7850.87,0
1.77745,13.6858,2.66169,2.9203,0.28004,7699.68,0
1.78398,13.7738,2.60421,2.702,0.375298,7720.8,0
1.79055,13.6412,2.81579,2.58005,0.19778,7618.44,0
1.79703,13.6891,2.52351,2.4895,0.237578,7617.63,0
1.80354,13.9279,2.46074,2.28965,0.512723,7722.56,0
1.81005,14.041,2.51444,2.37817,0.60408,7757.22,0
1.8166,14.0416,2.48216,2.3786,0.537681,7729.62,0
1.82311,14.1665,2.26245,2.30661,0.642371,7770.49,0
1.82964,14.1791,2.10143,2.46994,0.618652,7749.67,0
1.83617,14.4066,2.06585,1.97485,0.812024,7845.97,0
1.84266,14.5872,2.17775,1.83458,0.932204,7916.4,0
1.84913,14.4045,2.00743,1.97608,0.596673,7789.88,0
1.85568,14.6376,1.99055,2.16317,0.830633,7888.01,0
1.86214,14.6843,1.92537,2.16859,0.787554,7885.71,0
1.86865,15.2267,1.79019,2.22834,1.32676,8148.52,0
1.87516,15.2635,1.87792,2.2659,1.18884,8139.81,0
1.88169,14.8403,1.67295,2.15739,0.575908,7886.69,0
1.88819,15.0724,1.70384,2.47876,0.772369,7982.45,0
1.89472,15.2615,1.83997,2.55698,0.911546,8054.72,0
1.90129,15.2166,1.82461,2.51579,0.760595,8003.31,0
1.9078,14.9249,1.85001,2.32177,0.346657,7823.09,0
1.91431,14.823,1.93275,2.07613,0.20228,7743.28,0
1.92079,14.8632,2.24867,2.34601,0.230611,7738.05,0
1.9273,14.7204,2.16712,2.51313,0.0427418,7637.82,0
1.93377,14.7787,2.08115,2.67457,0.113153,7642.4,0
1.94029,14.8061,2.05396,2.74218,0.142314,7630.9,0
1.94682,14.7397,2.09232,2.75621,0.0576134,7571.18,0
1.95332,14.7547,2.06053,2.97252,0.0741913,7553.62,0
1.95984,14.7321,1.83882,2.88884,0.0414282,7516.98,0
1.96642,14.9962,1.73235,3.02647,0.360482,7626.13,0
1.97294,15.0341,1.84681,2.86436,0.367893,7620.12,0
1.97948,14.8857,1.81581,3.24633,0.166379,7520.01,0
1.98598,15.2797,1.7336,3.42438,0.624954,7693.75,0
1.9925,15.1702,1.92605,3.22713,0.456556,7613.68,0
1.99902,15.1146,2.09727,3.18058,0.354001,7561.03,0
2.00546,15.4281,1.78192,3.22084,0.694066,7693.04,0
2.01197,15.101,1.57287,3.05138,0.245574,7505.55,0
2.0185,15.141,1.47981,3.13128,0.280861,7501.09,0
2.02502,15.4693,1.35728,3.11396,0.662291,7639.09,0
2.03151,15.2353,1.28137,2.95106,0.319989,7499.51,0
2.03799,15.3842,1.00787,3.02276,0.466376,7548.72,0
2.04453,15.4415,0.945047,3.16087,0.49513,7552.57,0
2.05106,15.9436,1.01168,3.44672,1.0406,7773.38,0
2.05757,15.6892,1.05633,3.45675,0.628694,7625.12,0
2.06411,15.8435,0.691057,3.15032,0.745797,7675.73,0
2.07059,15.7454,0.539982,3.16343,0.544717,7604.29,0
2.07706,16.0432,0.436337,2.98811,0.835547,7723.98,0
2.08363,16.276,0.446187,2.63756,1.0271,7811.36,0
2.09016,16.2631,0.42659,2.33298,0.889047,7780.78,0
2.09668,16.4542,0.354895,2.66203,1.01589,7847.74,0
2.10315,16.4862,0.231375,2.42312,0.952833,7838.83,0
2.10964,16.8869,0.680304,2.34186,1.30225,8004.62,0
2.11612,16.6755,0.458687,2.24649,0.91681,7880.21,0
2.12264,16.8427,0.789007,2.08006,1.01553,7934.79,0
2.12916,16.656,0.678279,2.26284,0.685423,7822.81,0
2.1357,16.6072,0.49936,2.1588,0.579181,7776,0
2.14223,16.6987,0.460123,2.18284,0.641408,7794.99,0
2.14872,16.8164,0.244353,2.44411,0.711839,7826.26,0
2.15518,17.151,-0.0834828,2.38732,1.0482,7958.02,0
2.16167,16.9264,-0.283723,2.56175,0.686245,7830.26,0
2.16815,17.0118,-0.113583,2.45057,0.728565,7846.25,0
2.17471,16.6985,0.106642,2.39217,0.294284,7678.48,0
2.18124,16.8387,0.302521,2.28919,0.432052,7719.8,0
2.18778,16.5614,0.36579,2.31413,0.0753607,7569.94,0
2.19431,16.7104,0.106433,2.30927,0.251948,7615.3,0
2.2008,16.7521,0.141052,2.29726,0.289336,7611.79,0
2.20732,16.8769,0.159194,2.15042,0.419907,7645.88,0
2.21384,17.0482,-0.0460118,2.16283,0.590078,7700.72,0
2.2203,16.9821,-0.0997196,1.93623,0.470743,7648.55,0
2.2268,16.9419,0.125865,2.28074,0.393826,7608.2,0
2.23329,16.9361,0.113771,2.25602,0.347749,7583.47,0
2.23979,16.7743,-0.0581504,2.41525,0.12627,7489.26,0
2.2463,16.7631,0.0588763,2.26865,0.106852,7462.54,0
2.25284,16.946,0.0234247,2.5369,0.319977,7522.08,0
2.25932,16.9762,0.206737,2.61142,0.337734,7513.83,0
2.26582,16.9401,0.304567,2.46973,0.271915,7476.34,0
2.27229,17.1385,0.499709,2.80335,0.481194,7542.38,0
2.27878,17.2988,0.466918,2.9859,0.626196,7591.25,0
2.28536,17.2887,0.596147,2.85813,0.5545,7564.98,0
2.29188,17.3313,0.558807,2.794,0.559246,7562.02,0
2.29842,17.4579,0.602552,2.63964,0.634556,7595.63,0
2.30494,17.7597,0.23208,2.45071,0.928538,7705.04,0
2.31144,18.1875,0.051462,2.45195,1.32928,7868.46,0
2.31794,18.2699,0.249332,2.31675,1.22496,7881.97,0
2.32448,18.2244,0.0193546,2.25996,1.02266,7840.21,0
2.33095,18.2663,-0.0210716,2.14691,0.954846,7836.4,0
2.33748,18.4321,-0.111768,1.85315,1.02822,7885.45,0
2.34397,18.1978,-0.418038,1.61519,0.63367,7763.64,0
2.35047,18.3465,-0.475057,1.35592,0.750981,7805.49,0
2.35699,18.4669,-0.283331,1.38475,0.803304,7834.94,0
2.36347,18.557,-0.455974,1.49773,0.831853,7851.58,0
2.36999,18.6152,-0.621124,1.26044,0.785996,7854.54,0
2.37649,18.7742,-0.583192,1.23608,0.882307,7899.99,0
2.38301,18.7738,-0.741223,1.20303,0.767065,7878.18,0
2.38951,18.8476,-0.540607,1.27745,0.775374,7887.65,0
2.39602,18.8322,-0.525329,1.04985,0.666263,7859.81,0
2.40252,18.9943,-0.636036,0.77705,0.794615,7905.98,0
2.409,18.9428,-0.353759,0.793038,0.642272,7863.33,0
2.41556,18.8782,-0.0414091,0.985816,0.500862,7815.27,0
2.42204,19.0287,-0.224081,1.11692,0.629594,7856.47,0
2.42855,19.2627,0.0134612,1.35564,0.831238,7931.76,0
2.43504,19.0828,-0.0985586,1.25565,0.536767,7836.78,0
2.44154,19.6034,0.127708,1.10531,1.08276,8029.11,0
2.44806,19.9357,0.377958,0.894905,1.31147,8143.47,0
2.45461,20.0913,0.399088,1.08872,1.30316,8185.14,0
2.4611,19.8764,0.172337,0.643913,0.898102,8076.21,0
2.46764,19.867,0.329794,0.962899,0.781722,8051.02,0
2.47416,19.9961,0.610668,0.811133,0.855512,8081.96,0
2.48067,20.5082,0.613136,0.501536,1.35736,8267.2,0
2.48716,20.5369,0.681191,0.370243,1.16069,8257.18,0
2.49369,20.1702,0.685667,0.395049,0.586326,8088.48,0
2.50024,20.1551,0.813502,0.303605,0.52228,8061.28,0
2.50673,20.1352,0.613722,0.443527,0.465242,8032.45,0
2.51325,20.2855,0.646785,0.57749,0.595061,8071.44,0
2.51971,20.3087,0.457314,0.451817,0.573094,8059.95,0
2.52617,20.1384,0.470603,0.4425,0.323983,7971.93,0
2.53268,20.1726,0.610459,0.28385,0.347091,7964.94,0
2.53921,20.2893,0.823914,0.305372,0.460102,7990.4,0
2.54571,20.342,0.699143,0.292406,0.484116,7990.71,0
2.55227,20.8112,0.3909,0.258632,0.979942,8154.03,0
2.55879,20.5594,0.453203,0.199958,0.596165,8034.82,0
2.56529,20.4464,0.368848,0.272519,0.3953,7970.4,0
2.57181,20.4564,0.542715,0.343263,0.380291,7954.08,0
2.57829,20.259,0.572271,0.287981,0.12101,7857.52,0
2.5848,20.3015,0.735031,0.406472,0.163348,7854.19,0
2.59127,20.4073,1.00285,0.480808,0.27704,7875.42,0
2.59775,20.678,0.976033,0.648529,0.576401,7959.95,0
2.60422,20.8481,0.966365,0.818829,0.733535,8005.49,0
2.61071,20.9169,0.908856,1.01387,0.733522,8011.98,0
2.61722,20.947,0.571325,1.12395,0.695463,8003.53,0
2.62372,21.1436,0.497137,0.675186,0.837727,8058.65,0
2.63025,21.5896,0.190419,0.785021,1.26324,8208.21,0
2.63677,21.5145,0.0750298,0.959557,1.01985,8159.4,0
2.64328,21.5001,0.0668573,0.890018,0.867139,8133.88,0
2.6498,21.5233,-0.0142978,0.800512,0.80198,8122.64,0
2.6563,21.6074,-0.0717822,0.386758,0.808454,8134.4,0
2.66277,21.6199,-0.122742,0.410934,0.722844,8119.31,0
2.66926,21.9473,-0.25947,0.602416,1.0117,8222.23,0
2.67579,22.0559,-0.188742,0.590577,1.0264,8242.75,0
2.68225,22.3103,-0.201994,0.781777,1.21517,8317.76,0
2.68877,22.3849,-0.115565,0.810234,1.14392,8325.33,0
2.69529,22.2963,-0.102305,0.618597,0.897434,8272.32,0
2.7018,22.5599,-0.000104413,0.608049,1.09419,8349.96,0
2.70833,22.5562,0.0902119,0.661444,0.962747,8328.45,0
2.71485,22.9891,0.110767,0.69328,1.36328,8467.92,0
2.72137,23.0619,-0.263342,0.597262,1.24577,8474.36,0
2.72785,23.17,-0.258263,0.735185,1.19914,8493.86,0
2.73435,23.2935,0.219278,0.681112,1.18193,8518.85,0
2.74085,23.1621,0.126363,0.603972,0.888056,8450.71,0
2.74738,23.0957,-0.123944,0.267645,0.709771,8406.44,0
2.7539,23.0559,-0.184581,0.109972,0.592697,8372.09,0
2.76038,23.2855,-0.293793,0.176339,0.808005,8435.61,0
2.76692,23.4751,-0.291914,0.0915236,0.926038,8484.22,0
2.77339,23.2984,-0.160787,-0.109386,0.617054,8400.7,0
2.77989,23.4588,-0.339539,-0.108558,0.741028,8438.76,0
2.7864,23.2733,-0.491816,-0.200584,0.442867,8352.44,0
2.79288,23.4096,-0.373546,-0.0719954,0.574539,8381.88,0
2.7994,23.5352,-0.433664,0.0962541,0.672005,8407.22,0
2.80592,23.8279,-0.264319,0.261004,0.955267,8491.99,0
2.81243,23.2656,-0.0101903,0.189713,0.202817,8272.41,0
2.81895,23.2158,-0.055853,0.328718,0.128847,8235.61,0
2.82549,23.2013,-0.0261165,0.463874,0.106102,8211.42,0
2.83202,23.2382,0.223832,0.372093,0.146926,8205.51,0
2.83856,23.1269,0.0806786,0.200354,0.00372487,8147.4,0
2.84503,23.2821,0.0605691,0.143198,0.188226,8183.43,0
2.85152,23.2997,-0.0310938,0.0415445,0.196782,8170.97,0
2.85802,23.2636,0.0653195,0.101117,0.142806,8139.74,0
2.86449,23.3992,0.118682,0.120779,0.300596,8168.73,0
2.87096,23.4365,-0.0351634,0.00902014,0.327559,8163.31,0
2.87749,23.495,-0.204358,0.31967,0.38209,8165.1,0
2.884,23.491,-0.368242,0.303815,0.346035,8145.27,0
2.89052,23.2866,-0.377305,0.365748,0.0812132,8056.18,0
2.89707,23.4782,-0.197001,0.37611,0.303435,8104.1,0
2.90359,23.7206,-0.321275,0.164712,0.551663,8169.42,0
2.91006,23.8192,-0.148466,0.310475,0.608544,8185.12,0
2.9166,23.8989,-0.472038,0.393697,0.644462,8194.09,0
2.92315,23.817,-0.545779,0.511177,0.500357,8147.71,0
2.92963,23.7883,-0.545818,0.477216,0.41435,8119.89,0
2.93612,23.6314,-0.424848,0.489036,0.197903,8048.51,0
2.94261,23.8054,-0.484483,0.310085,0.396509,8089.89,0
2.94914,23.8334,-0.749464,0.120211,0.405905,8081.5,0
2.95564,23.9764,-0.891793,0.281563,0.547306,8112.08,0
2.96216,23.983,-0.735766,0.393995,0.507876,8096.46,0
2.96868,23.8838,-0.701618,0.537283,0.352326,8045.29,0
2.9752,23.8656,-0.451193,0.627497,0.31512,8021.51,0
2.98173,23.7863,-0.644209,0.497474,0.201209,7977.35,0
2.98823,24.0896,-0.560144,0.424541,0.544825,8061.48,0
2.99477,23.8742,-0.769162,0.341052,0.237338,7971.95,0
3.00123,23.881,-0.936587,0.229286,0.232109,7957.07,0
3.00769,24.3703,-0.96156,0.158428,0.800257,8102.65,0
3.01419,24.2448,-0.935878,0.346326,0.562057,8043.58,0
3.02063,23.9615,-1.01079,0.260326,0.16861,7932.6,0
3.02716,23.8339,-1.07183,0.372371,0.00781282,7873.35,0
3.03371,23.8509,-1.03398,0.270386,0.028234,7861.96,0
3.04023,24.1419,-1.08642,0.352131,0.378363,7940.8,0
3.0467,24.2088,-1.2576,0.045245,0.422078,7945.91,0
3.05324,24.2713,-1.2721,-0.0144909,0.461572,7949.38,0
3.05976,24.486,-1.17284,0.133805,0.671107,8002.59,0
3.0663,24.1942,-1.14907,0.12273,0.265066,7890.35,0
3.07284,24.148,-1.3319,0.113903,0.194837,7858.54,0
3.07936,24.1415,-1.46526,-0.11357,0.17846,7839.79,0
3.08589,24.3482,-1.64296,-0.194893,0.413744,7890.18,0
3.09238,24.2877,-1.67682,-0.0853027,0.304569,7854.06,0
3.09887,24.5551,-1.61726,-0.262086,0.589976,7923.91,0
3.10541,24.3164,-1.55968,-0.276788,0.244648,7830.33,0
3.11191,24.468,-1.4036,-0.241646,0.416784,7862.7,0
3.11841,24.367,-1.36086,-0.437639,0.26727,7813.92,0
3.12495,24.3926,-1.36088,-0.0572952,0.289211,7805.76,0
3.13149,24.4081,-1.19123,-0.254155,0.291586,7794.41,0
3.13802,24.6961,-1.12072,-0.236456,0.60501,7869.98,0
3.14458,24.5317,-1.28755,-0.362071,0.352195,7801.27,0
3.15111,24.4227,-1.30078,-0.300816,0.19742,7750.51,0
3.15758,24.3244,-1.22318,-0.303139,0.0679762,7703.49,0
3.16409,24.3205,-1.11573,-0.0136246,0.0599066,7686.41,0
3.17061,24.2863,-1.08303,0.0726288,0.0151104,7659.81,0
3.1771,24.5044,-1.156,0.0733693,0.276074,7712.83,0
3.18361,24.599,-1.09067,0.0423443,0.356355,7726.75,0
3.19013,24.6922,-1.17378,0.152222,0.445915,7740.18,0
3.19667,24.7624,-0.819201,0.0668642,0.490603,7746.3,0
3.20317,24.6424,-1.35574,-0.184593,0.299927,7693.15,0
3.20969,24.761,-1.3035,-0.254877,0.419811,7714.45,0
3.21618,24.5745,-1.19614,-0.135234,0.166231,7640.9,0
3.22274,24.5079,-1.1569,-0.0768718,0.081008,7604.69,0
3.22927,24.5147,-1.17667,-0.154798,0.0852136,7591.4,0
3.23577,24.5602,-1.26772,-0.0175772,0.138155,7590.22,0
3.24225,24.5367,-1.36956,-0.200339,0.0998702,7567.78,0
3.24873,24.7081,-1.31548,-0.522192,0.297681,7605.47,0
3.25525,24.8275,-1.56611,-0.391282,0.420005,7626.89,0
3.2618,24.536,-1.40273,-0.589811,0.0450285,7522.22,0
3.26832,24.6236,-1.39944,-0.780881,0.150294,7534.04,0
3.27488,24.545,-1.57941,-0.78697,0.050488,7494.94,0
3.2814,24.5781,-1.52093,-0.655905,0.0866947,7490.12,0
3.28788,24.8178,-1.60195,-0.5084,0.375972,7548.27,0
3.29437,24.8666,-1.66504,-0.741993,0.405594,7548.21,0
3.30091,24.7977,-1.67077,-0.874048,0.294233,7512.37,0
3.30742,24.9554,-1.79439,-1.02716,0.451118,7545.26,0
3.31392,24.8069,-1.6307,-1.10176,0.242642,7485.67,0
3.32042,24.8571,-1.56884,-1.34625,0.286122,7486.15,0
3.32699,24.9657,-1.86893,-1.10914,0.387007,7504,0
3.33351,24.9592,-1.87413,-1.04001,0.356347,7487.35,0
3.34,25.1961,-1.87828,-1.21587,0.59727,7543.75,0
3.34653,25.1996,-2.16423,-1.04308,0.540816,7530.08,0
3.35306,25.0827,-2.1467,-1.4806,0.361557,7480.53,0
3.35957,25.1221,-2.4025,-1.3688,0.376739,7477.78,0
3.36609,24.862,-2.50114,-1.23465,0.036008,7386.01,0
3.37259,24.9807,-2.51581,-1.27305,0.180789,7406.98,0
3.3791,25.1088,-2.62989,-0.906223,0.326467,7430.63,0
3.38562,24.9716,-2.65797,-0.793983,0.140018,7375.78,0
3.39214,25.0619,-2.58417,-0.776562,0.243851,7388.24,0
3.39863,24.9379,-2.76381,-0.685221,0.0768745,7337.63,0
3.40512,24.9501,-2.53145,-0.864706,0.0891445,7327.23,0
3.41162,25.1372,-2.54275,-0.874672,0.308049,7368.1,0
3.41815,25.1002,-2.74078,-0.85228,0.236992,7343.2,0
3.42463,25.0267,-2.64098,-1.02719,0.136501,7307.86,0
3.4311,25.0316,-2.53036,-1.11086,0.134917,7295.5,0
3.43763,24.9682,-2.65841,-1.27733,0.0531509,7263.21,0
3.44409,25.1342,-2.52778,-1.3901,0.252238,7297.77,0
3.45063,25.298,-2.40831,-1.38718,0.426995,7331.4,0
3.45713,25.2992,-1.99454,-1.5415,0.397005,7317.99,0
3.46363,25.1636,-2.00535,-1.50342,0.20483,7265.09,0
3.47011,25.1991,-1.69764,-1.62605,0.237419,7261.77,0
3.47665,25.1282,-1.62943,-1.59769,0.14428,7227.7,0
3.4832,25.1103,-1.55397,-1.5583,0.117022,7208.95,0
3.48969,25.3662,-1.37143,-1.59853,0.426869,7268.9,0
3.4962,25.5271,-1.15861,-1.58927,0.586197,7301.39,0
3.50269,25.3668,-0.90883,-1.49234,0.348658,7242.07,0
3.5092,25.6137,-0.649356,-1.61132,0.616369,7299.04,0
3.51571,25.6216,-0.548296,-1.74927,0.562521,7287.75,0
3.52222,25.7826,-0.547394,-1.65728,0.703592,7319.96,0
3.52872,25.9588,-0.517635,-1.24462,0.848956,7356.44,0
3.53522,26.063,-0.340917,-1.23668,0.885234,7372.39,0
3.54172,25.929,-0.193019,-1.12195,0.624474,7321.02,0
3.54821,26.0213,0.102013,-0.993102,0.665805,7333.62,0
3.5547,25.7829,0.00641884,-0.76311,0.313804,7253.18,0
3.56116,25.8339,-0.0439305,-0.852221,0.353673,7254.36,0
3.56761,25.6905,0.0129928,-0.9363,0.158213,7201.03,0
3.57413,25.6451,-0.331921,-0.732014,0.0935656,7175.2,0
3.58061,25.6292,-0.24842,-0.995811,0.0638646,7157.78,0
3.58709,25.6646,-0.212397,-0.998377,0.103898,7154.71,0
3.59363,25.6196,-0.121793,-1.01234,0.0412326,7129.17,0
3.60008,25.6584,-0.173608,-0.939961,0.0870976,7127.18,0
3.60657,25.8956,-0.189148,-1.12171,0.371478,7180.11,0
3.61304,25.9064,0.01987,-1.11713,0.339812,7170.25,0
3.6196,25.844,-0.0949259,-1.07119,0.225107,7140.03,0
3.62609,25.745,-0.0612037,-1.06389,0.0971962,7099.92,0
3.63261,25.7191,0.0570749,-0.896154,0.0618221,7080.07,0
3.63915,25.9318,-0.125945,-0.689746,0.317962,7125.77,0
3.6457,26.0952,0.0571373,-1.08468,0.477747,7157.81,0
3.6522,26.3447,-0.0348094,-0.923084,0.740728,7213.37,0
3.65871,26.2429,-0.110996,-0.899427,0.544268,7172.71,0
3.66522,26.3822,-0.181944,-1.02817,0.659616,7198,0
3.67174,25.9903,-0.0609505,-1.11164,0.142705,7078.48,0
3.67818,26.1815,-0.196333,-1.04267,0.360912,7118.04,0
3.68468,26.2325,-0.225992,-1.45554,0.393035,7119.35,0
3.6912,26.7441,0.0327451,-1.49425,0.968893,7245.35,0
3.69771,26.6855,0.0674097,-1.58716,0.798092,7216.76,0
3.7042,26.7765,-0.179172,-1.32773,0.810885,7228.68,0
3.71073,27.1573,-0.30132,-1.14965,1.1361,7318.59,0
3.71724,27.0582,-0.0121572,-1.28106,0.876799,7279.11,0
3.72371,27.3362,-0.210679,-1.08616,1.10352,7341.12,0
3.7302,27.3138,-0.0924949,-1.09293,0.944408,7322.32,0
3.73667,27.1876,-0.283984,-0.770605,0.671365,7275.89,0
3.74319,27.2221,-0.209303,-0.830506,0.647418,7272.43,0
3.74968,27.3607,0.0184134,-0.791588,0.754059,7296.8,0
3.75621,27.1818,0.175621,-0.525829,0.474946,7236.5,0
3.76268,27.1538,-0.0477249,-0.73033,0.415587,7216.61,0
3.7692,27.3641,-0.191592,-0.424353,0.635628,7259.91,0
3.77574,27.3131,-0.37464,-0.485131,0.508842,7233.86,0
3.78225,27.2095,-0.279162,-0.20266,0.352717,7194,0
3.78876,27.2141,-0.453155,-0.307572,0.317612,7182.85,0
3.79525,27.1604,-0.272056,-0.48881,0.230097,7156.4,0
3.80179,27.205,-0.129649,-0.956903,0.270379,7155.83,0
3.8083,27.2935,-0.0961292,-0.997416,0.361021,7166.86,0
3.81479,27.2895,0.00584282,-0.786457,0.33569,7153.61,0
3.8213,27.1699,0.0171803,-0.911286,0.181445,7110.13,0
3.82779,27.2371,0.0162606,-0.678946,0.254324,7115.62,0
3.8343,27.2527,0.122566,-0.590354,0.251749,7107.61,0
3.84082,27.4683,0.0411835,-0.248585,0.476162,7151.68,0
3.84729,27.4423,0.285723,-0.445137,0.407487,7132.89,0
3.85383,27.5706,0.220652,-0.393328,0.512552,7154.09,0
3.86036,27.9222,0.146271,-0.175088,0.861874,7233.06,0
3.86686,28.0693,-0.0480715,-0.038882,0.935461,7258.94,0
3.87331,28.1732,-0.334481,-0.227303,0.927733,7273.69,0
3.87981,28.1934,-0.448785,-0.272093,0.8468,7266.7,0
3.88632,27.9779,-0.247729,-0.249042,0.511583,7199.08,0
3.89283,28.1842,-0.258261,-0.551405,0.701584,7240.03,0
3.89934,28.2949,-0.118418,-0.237997,0.74034,7256.33,0
3.90586,28.3713,0.0683756,-0.262355,0.760091,7263.78,0
3.91235,28.4606,-0.0171695,-0.295195,0.78317,7274.56,0
3.91891,28.3434,-0.0384532,-0.226401,0.569668,7232.47,0
3.92537,28.1832,0.171893,-0.40528,0.331489,7179.76,0
3.93189,28.4047,0.162863,-0.521837,0.566215,7224.17,0
3.93844,28.0992,0.202163,-0.789902,0.149537,7134.6,0
3.94494,28.0601,0.0991917,-0.912772,0.0983402,7112.93,0
3.95146,28.1161,0.0875622,-0.769047,0.161917,7115.36,0
3.95796,28.2729,-0.325714,-0.527775,0.33561,7143.3,0
3.96444,28.1932,-0.258494,-0.837479,0.223246,7111.51,0
3.97095,28.2847,0.131119,-1.09933,0.318694,7122.9,0
3.97744,28.2212,0.224197,-1.09945,0.225376,7095.31,0
3.98397,28.2086,0.454845,-0.811202,0.20389,7080.52,0
3.99049,28.4582,0.410091,-0.616351,0.487019,7131.5,0
3.997,28.203,0.637,-0.695499,0.145994,7056.04,0
4.00349,28.2902,0.541646,-0.685066,0.241186,7066.38,0
4.00999,28.1631,0.513396,-0.737163,0.0713199,7023.24,0
4.01653,28.1613,0.782435,-0.792239,0.0582911,7011.34,0
4.02306,28.5056,0.793587,-0.821339,0.47311,7085.57,0
4.02958,28.5872,0.60944,-0.98561,0.537973,7094.33,0
4.03605,28.4639,0.535356,-0.96904,0.34701,7052.42,0
4.04256,28.2671,0.494866,-0.81902,0.0937838,6992.38,0
4.04904,28.4609,0.473913,-0.436408,0.325693,7029.06,0
4.05553,28.3523,0.597786,-0.32596,0.174124,6991.01,0
4.06205,28.4143,0.727863,-0.210914,0.233227,6995.05,0
4.0686,28.46,0.834798,-0.315536,0.269491,6995.04,0
4.07511,28.5304,1.05813,-0.597463,0.326236,7001.14,0
4.0816,28.549,1.42157,-0.407735,0.330766,6994.57,0
4.08811,28.8499,1.60793,-0.720036,0.671285,7057.02,0
4.09463,29.0678,1.70458,-0.721457,0.855368,7099,0
4.10116,29.3638,1.88189,-0.229022,1.08409,7159.88,0
4.10765,29.6512,1.67832,-0.330645,1.28541,7218.54,0
4.11415,29.8273,1.88333,-0.283998,1.29714,7249.93,0
4.12063,29.9025,1.89825,-0.488937,1.19878,7256.78,0
4.12718,29.9626,1.79602,-0.197178,1.06593,7259.82,0
4.13368,29.7573,1.87448,-0.277352,0.694364,7198.75,0
4.14013,29.7163,1.66466,-0.286141,0.582168,7177.62,0
4.14666,29.9242,1.89861,-0.186737,0.780345,7216.44,0
4.15318,29.7399,1.86327,-0.164596,0.485318,7160.76,0
4.15972,30.0041,2.13839,0.00872469,0.751776,7213,0
4.16624,30.2635,2.13504,0.170378,0.979647,7263.99,0
4.17274,30.1319,2.06354,0.0453949,0.691334,7221.12,0
4.17924,30.1458,2.50964,0.065952,0.640167,7213.22,0
4.18571,30.1793,2.68239,-0.266073,0.608337,7210.08,0
4.19222,30.2664,2.73155,-0.142856,0.658767,7219.66,0
4.19873,30.2462,2.5425,0.178541,0.562325,7203.67,0
4.20528,30.3573,2.41613,0.435378,0.649139,7218.86,0
4.21181,30.5628,2.58162,0.490466,0.820347,7256.46,0
4.2183,30.4785,2.5265,0.567138,0.628108,7225.32,0
4.22476,30.4185,2.43766,0.529114,0.485125,7200.07,0
4.23128,30.6805,2.33831,0.534208,0.739431,7250.88,0
4.23778,30.7666,2.81383,0.425055,0.773972,7260.07,0
4.24429,30.5042,2.78565,0.28866,0.393525,7187.11,0
4.25082,30.3,2.90831,0.436404,0.126772,7128.03,0
4.25731,30.336,3.01419,0.412056,0.16621,7125.62,0
4.26381,30.3976,2.80293,0.566458,0.234198,7129.2,0
4.27028,30.4345,2.82082,0.709404,0.263293,7127.04,0
4.27681,30.4275,2.99542,0.651292,0.241303,7114.54,0
4.28337,30.2713,2.92803,0.66518,0.0362314,7067.18,0
4.28986,30.4082,2.95935,0.583249,0.20169,7088.39,0
4.29638,30.3601,3.07092,0.62559,0.134809,7066.46,0
4.30284,30.4386,3.158,0.807991,0.222491,7074.05,0
4.30936,30.4146,3.34332,0.90973,0.185993,7057.81,0
4.31586,30.5649,3.35808,0.775479,0.354169,7082,0
4.3224,30.5543,3.19278,0.570333,0.327816,7068.84,0
4.32891,30.8029,3.447,0.544335,0.586943,7115.63,0
4.33547,30.7014,3.52546,0.874953,0.410357,7081.44,0
4.34198,30.744,3.64597,1.14547,0.433485,7080.65,0
4.34848,31.0484,3.84176,1.0323,0.743723,7140.07,0
4.35499,30.9243,3.80625,0.968596,0.537419,7100.89,0
4.36151,31.1235,3.75852,1.05064,0.735931,7135.94,0
4.36804,30.9531,3.87446,1.28012,0.456872,7086.27,0
4.37453,30.7114,3.84309,1.12264,0.126179,7020.51,0
4.381,30.8625,3.94791,1.15709,0.303497,7044.64,0
4.38753,31.028,4.05684,1.01817,0.482918,7071.85,0
4.39409,30.6761,4.25696,1.2043,0.0268881,6981.21,0
4.40058,30.6708,4.25317,1.104,0.0191003,6969.72,0
4.40708,30.7251,4.21309,1.1487,0.0852943,6971.76,0
4.41357,30.8216,4.3277,1.178,0.200644,6983.37,0
4.42011,30.893,4.42272,1.21164,0.273268,6989.2,0
4.4266,31.0056,4.40348,1.40723,0.38261,7004.38,0
4.43311,31.0499,4.22411,1.51515,0.407229,7004.09,0
4.43957,31.0308,4.0367,1.41143,0.35938,6989.61,0
4.44606,31.0476,3.91177,1.42792,0.341666,6983.18,0
4.45259,30.9649,4.04216,1.38987,0.213663,6954.37,0
4.45907,30.9918,3.95061,1.39528,0.233017,6950.29,0
4.46557,30.8491,4.09325,1.33167,0.046665,6908.2,0
4.47206,30.8542,4.18559,1.2206,0.0515426,6899.33,0
4.47857,30.9375,4.40977,1.35994,0.149032,6907.9,0
4.48508,31.0353,4.45586,1.28487,0.265991,6919.67,0
4.49159,31.4416,4.33718,1.59781,0.728523,7000.09,0
4.49814,31.215,4.33866,1.55953,0.386057,6939.55,0
4.50466,31.4498,3.96421,1.5681,0.644627,6981.61,0
4.51116,31.2573,3.96857,1.77073,0.357576,6928.88,0
4.51767,31.1706,4.09638,1.77227,0.231573,6899.72,0
4.52416,31.2642,4.22979,1.57079,0.319886,6910.5,0
4.53063,31.4014,4.31254,1.59553,0.453177,6930.92,0
4.53712,31.3163,4.3429,1.53442,0.31666,6902.23,0
4.5436,31.6527,4.32235,1.38634,0.696744,6966.43,0
4.55009,31.6599,4.32246,1.36236,0.637698,6958.07,0
4.55661,31.49,4.01511,1.50245,0.379916,6910.84,0
4.56314,31.349,4.06943,1.47409,0.180765,6870.05,0
4.56967,31.3727,4.045,1.57074,0.198999,6865.41,0
4.57618,31.3715,4.01521,1.62969,0.188386,6855.39,0
4.5827,31.4283,4.15698,1.5566,0.251514,6858.04,0
4.58918,31.271,4.33564,1.54588,0.0491981,6814.07,0
4.59564,31.3881,4.18806,1.69591,0.193278,6829.97,0
4.60216,31.3625,4.18676,1.46701,0.155473,6814.73,0
4.60868,31.4059,4.10288,1.20374,0.195025,6814.51,0
4.61521,31.4773,3.933,1.03917,0.26949,6820.33,0
4.62175,31.7322,4.02526,0.771635,0.564889,6865.85,0
4.62827,31.8607,3.95243,0.565369,0.665179,6883.94,0
4.63478,31.9792,3.93491,0.730271,0.716994,6899.82,0
4.64133,31.8591,4.01636,0.768003,0.514212,6864.23,0
4.64784,31.8593,4.04366,0.924539,0.452589,6854.64,0
4.65438,31.9892,3.7929,0.756845,0.571763,6872.92,0
4.66087,32.1096,3.71178,0.710894,0.663505,6889.19,0
4.66743,32.2799,3.29351,0.55823,0.774894,6915.99,0
4.67393,32.5251,3.58799,0.851982,0.971193,6958.84,0
4.68045,32.1907,3.42884,0.919817,0.485297,6877.7,0
4.68698,32.4193,3.28273,1.09932,0.707,6916.89,0
4.69349,32.6833,3.17604,1.34906,0.941137,6963.53,0
4.7,32.4975,3.12765,1.76099,0.615823,6914.36,0
4.70647,32.3937,3.30368,2.06293,0.445596,6882.8,0
4.71296,32.4219,3.41308,1.9635,0.451973,6879.3,0
4.71949,32.7826,3.54238,1.94468,0.843109,6946.22,0
4.72599,32.8903,3.12248,2.06438,0.863581,6959.44,0
4.7325,32.3267,2.9887,1.93507,0.107851,6830.79,0
4.73901,32.4275,2.99656,1.95602,0.228104,6842.67,0
4.74555,32.3649,2.71513,1.75887,0.137881,6820.05,0
4.75203,32.4578,2.96259,1.582,0.24563,6830.31,0
4.75852,32.6339,3.22796,1.70637,0.446207,6857.99,0
4.76505,32.7445,3.01815,1.85873,0.537792,6871.81,0
4.77159,33.3616,2.83016,1.74543,1.20411,6991.71,0
4.77809,33.2803,2.94541,1.71172,0.96992,6965.2,0
4.78455,33.2305,2.88471,1.91964,0.808532,6945.37,0
4.79105,33.0504,2.82565,2.27566,0.511228,6898.37,0
4.79756,33.2349,2.72755,2.07262,0.675456,6927.47,0
4.8041,33.1977,2.59937,2.21848,0.571025,6910.28,0
4.81061,33.2765,2.4806,2.15042,0.61427,6917.33,0
4.81714,33.5501,2.51869,2.46811,0.881088,6964.74,0
4.82367,33.4754,2.27933,2.35558,0.681928,6939.82,0
4.83015,33.8812,2.15057,2.24302,1.08211,7014.53,0
4.83663,33.9167,2.30236,2.11584,0.998822,7012.46,0
4.84316,34.1396,2.15037,2.24648,1.12137,7049.04,0
4.84963,33.9283,2.19848,2.23633,0.735561,6996.07,0
4.85613,34.026,2.2669,2.15543,0.761937,7006.82,0
4.86259,33.831,2.25532,2.39254,0.459357,6957.4,0
4.86906,34.039,2.19044,2.2117,0.680412,6990.88,0
4.87559,34.1504,1.91846,2.18992,0.748906,7004.36,0
4.88209,34.1611,1.5914,1.92988,0.678461,6997.24,0
4.88854,34.1997,1.50009,1.86736,0.668747,6995.9,0
4.89508,34.3475,1.40668,1.77474,0.800203,7016.74,0
4.90161,34.2511,1.46115,1.8324,0.60588,6987.73,0
4.90819,34.202,1.17661,1.90738,0.479757,6968.36,0
4.91474,34.1817,0.992711,1.90545,0.4069,6954.94,0
4.92121,34.0781,0.709422,1.90116,0.255003,6924.75,0
4.92771,34.0008,0.735757,2.05137,0.141301,6899.93,0
4.93422,34.0983,0.81318,2.16883,0.25305,6910.58,0
4.94072,34.0599,0.940984,2.12375,0.18815,6893.72,0
4.94722,34.4114,0.81729,2.09464,0.596829,6955.72,0
4.9537,34.175,0.692853,2.0582,0.249091,6898.87,0
4.96023,34.2113,0.488124,2.17849,0.279031,6897.11,0
4.96672,34.3691,0.449876,2.05793,0.445375,6919.88,0
4.97325,34.3667,0.392724,1.96687,0.408247,6910.32,0
4.97977,34.6486,0.169704,1.77921,0.692648,6957.87,0
4.98627,34.6497,0.0280427,1.60126,0.616057,6949.03,0
4.99282,34.6711,0.221428,1.51788,0.584552,6944.19,0
4.99935,34.7975,0.0997528,1.70738,0.679785,6960.42,0
5.00584,34.9981,-0.109819,1.90078,0.841909,6991.46,0
5.01236,34.5896,-0.132868,1.85424,0.289656,6900.86,0
5.01888,34.6592,-0.126585,1.93173,0.346967,6905.78,0
5.02538,34.8146,-0.217514,2.02814,0.508607,6927.75,0
5.03188,34.6777,-0.198652,2.04078,0.300439,6891.6,0
5.03839,34.5196,-0.363563,1.9293,0.0808092,6851.31,0
5.0449,34.5315,-0.353052,1.73606,0.0917537,6844.84,0
5.05135,34.4792,-0.229839,1.81976,0.0209783,6825.74,0
5.05785,34.7238,-0.226647,1.71267,0.318116,6865.32,0
5.06434,35.1581,-0.0799906,2.3553,0.811203,6942.29,0
5.07083,35.3708,0.205221,2.14165,0.980754,6975.34,0
5.07733,34.9698,0.142447,2.46925,0.406229,6887.44,0
5.08386,35.009,0.101898,2.54247,0.408004,6886.3,0
5.0904,35.1152,0.0682476,2.31115,0.503747,6898.32,0
5.09691,34.9592,-0.0928798,2.58335,0.272811,6858.91,0
5.10343,34.994,-0.217704,2.53178,0.299641,6856.96,0
5.10995,35.0919,-0.142166,2.69983,0.40337,6867.36,0
5.1164,35.4175,0.0937132,2.55484,0.754453,6922.35,0
5.12291,35.393,0.0269264,2.77203,0.645921,6908.77,0
5.12943,35.5639,-0.0243119,2.83568,0.777518,6933.3,0
5.13591,35.4645,0.132515,2.94762,0.590282,6905.21,0
5.14244,35.5363,0.171177,2.84968,0.628253,6910.4,0
5.14897,35.8637,-0.14734,3.03631,0.939158,6965.21,0
5.1555,35.8295,-0.390546,3.21544,0.797012,6949.76,0
5.16199,36.1771,-0.45948,2.95936,1.09413,7008.36,0
5.1685,36.2115,-0.489367,2.95752,1.00353,7006.18,0
5.17501,36.5248,-0.619012,2.68331,1.24318,7057.92,0
5.1815,36.4193,-0.599778,2.80634,0.97812,7028.71,0
5.18799,36.1639,-0.671446,2.72519,0.561369,6970.69,0
5.19447,36.2816,-0.573886,2.35501,0.642093,6984.67,0
5.20095,36.3262,-0.537935,2.25647,0.628244,6984.54,0
5.2075,36.4408,-0.537591,2.08798,0.705658,6997.75,0
5.21405,36.4547,-0.741381,1.96992,0.639217,6991.64,0
5.22048,36.2339,-0.603054,1.73699,0.330148,6940.72,0
5.22699,36.1693,-0.519762,1.49647,0.218276,6919.72,0
5.23348,36.2464,-0.52921,1.71578,0.297265,6925.87,0
5.24002,36.5656,-0.345083,1.81263,0.650296,6978.15,0
5.2465,36.3927,-0.22802,1.7103,0.395357,6936.57,0
5.25301,36.325,-0.458301,1.93491,0.28606,6915.09,0
5.25949,36.2615,-0.185662,1.8495,0.191656,6894.49,0
5.26597,36.306,-0.227773,2.21773,0.235951,6894.46,0
5.27254,36.5083,-0.404528,2.14801,0.45986,6924.23,0
5.2791,36.4064,-0.162027,2.25016,0.29844,6896.33,0
5.28561,36.4368,-0.131804,2.32602,0.318953,6893.57,0
5.29214,36.4081,0.000616833,2.31631,0.250915,6879.65,0
5.29864,36.3228,0.0188554,2.27396,0.127216,6855.12,0
5.30518,36.2766,-0.0916243,2.3077,0.0674074,6837.97,0
5.31172,36.5438,-0.112149,2.2608,0.385295,6879.83,0
5.31824,36.6962,-0.19148,2.32086,0.534161,6900.06,0
5.32474,36.5317,-0.201248,2.31142,0.299009,6860.75,0
5.33125,36.6117,0.108826,2.3322,0.364532,6867.37,0
5.33775,36.7896,0.475133,2.49642,0.53441,6892.34,0
5.34426,37.2929,0.290469,2.36489,1.06504,6978.11,0
5.35079,37.1648,0.173245,2.61454,0.778892,6945.66,0
5.35731,37.464,-0.111309,2.4927,1.0698,6993.06,0
5.36376,37.6709,-0.205856,2.44271,1.17118,7023.21,0
5.37031,37.5274,-0.09776,2.2767,0.857689,6987.94,0
5.37677,38.0734,0.00303819,2.56214,1.37925,7081.1,0
5.38331,38.1699,-0.346478,2.56837,1.29589,7090.42,0
5.38981,38.3172,-0.359882,2.35158,1.29695,7109.19,0
5.39634,38.4176,-0.314751,2.29461,1.25816,7119.2,0
5.40285,38.4308,-0.216177,2.04212,1.10437,7113.06,0
5.40934,38.4551,-0.323858,1.55479,1.03011,7109.03,0
5.41582,38.8485,-0.214007,1.51472,1.37046,7173.14,0
5.4223,38.6678,-0.803769,1.57853,0.961466,7131.26,0
5.4288,38.8496,-0.688931,1.61367,1.0364,7156.21,0
5.43531,38.7814,-0.784243,1.6491,0.834326,7135.07,0
5.4418,38.7683,-0.725473,1.66129,0.735503,7124.18,0
5.44831,38.7858,-0.522862,1.9788,0.662159,7118.88,0
5.45482,38.7762,-0.664739,2.10217,0.589115,7108.6,0
5.46133,38.7897,-0.889099,2.16493,0.542652,7102.61,0
5.46787,38.9875,-1.24059,2.00858,0.7157,7130.3,0
5.47444,39.2524,-1.44751,2.06817,0.947823,7170.13,0
5.48093,39.3312,-1.25581,2.25972,0.921139,7176.01,0
5.48746,39.1078,-1.31665,2.21761,0.569696,7126.76,0
5.49396,39.2603,-1.34482,2.318,0.696319,7146.1,0
5.50043,39.3222,-1.3644,2.03093,0.6886,7148.93,0
5.50694,39.5921,-1.25403,2.01283,0.940478,7189.48,0
5.51345,39.557,-1.2021,2.16898,0.818651,7174.63,0
5.51994,39.7018,-1.23373,2.16615,0.905507,7192.44,0
5.5265,39.6365,-1.18914,2.24076,0.699045,7172.08,0
5.53296,40.086,-0.783089,2.28847,1.14326,7244.95,0
5.53945,40.4294,-0.74013,2.42676,1.41377,7298.44,0
5.54598,40.3789,-0.604247,2.31524,1.17259,7280.75,0
5.55247,40.5538,-0.528989,2.3544,1.23193,7303.74,0
5.55901,40.6095,-0.753639,2.27761,1.14067,7305.17,0
5.56553,40.8514,-0.479963,2.1067,1.26871,7340.08,0
5.57203,41.0543,-0.36022,2.11811,1.30573,7367.92,0
5.57852,41.0496,-0.182187,2.36582,1.16208,7358.51,0
5.58503,40.7862,-0.270809,2.27318,0.719034,7302.78,0
5.59151,40.9624,-0.759367,2.55705,0.851938,7325.81,0
5.59804,41.0188,-1.11269,2.64795,0.805462,7327.35,0
5.60453,41.1691,-1.10019,2.76018,0.886973,7345.69,0
5.611,41.1981,-0.7489,2.93556,0.804281,7342.37,0
5.61752,41.3313,-0.338797,2.97883,0.873271,7357.57,0
5.62404,41.2282,-0.415073,2.73646,0.663437,7330.71,0
5.63054,41.1211,-0.245141,2.93155,0.489531,7303.22,0
5.63703,41.1531,-0.72207,3.29634,0.478816,7300.49,0
5.64356,40.884,-0.952836,3.26405,0.114786,7244.36,0
5.65006,40.9693,-1.00624,3.15331,0.210544,7251.13,0
5.65654,40.8339,-0.975184,3.35515,0.0342985,7218.88,0
5.66305,41.0157,-0.906349,3.22575,0.251459,7242.69,0
5.66955,40.9547,-0.804297,2.91325,0.167871,7223.62,0
5.67609,40.9116,-0.749228,3.00339,0.110294,7207.7,0
5.68257,41.1537,-0.805099,2.87475,0.388365,7242.09,0
5.68908,41.3782,-1.24037,3.01981,0.624852,7273.26,0
5.69556,41.6526,-1.20313,3.25406,0.886938,7313.18,0
5.70204,41.3735,-1.1516,3.04425,0.468592,7255.91,0
5.70853,41.3991,-1.34147,2.88943,0.449739,7252.15,0
5.71502,41.542,-1.53243,3.03857,0.579847,7268.92,0
5.72156,41.5655,-1.71574,2.82908,0.53368,7264.71,0
5.7281,41.5144,-1.6922,2.61262,0.430574,7247.49,0
5.73462,41.4937,-1.84976,2.69039,0.375688,7235.65,0
5.74117,41.8772,-1.78349,2.69446,0.805773,7294.2,0
5.74767,41.8306,-1.8266,3.00221,0.667795,7277.83,0
5.75414,42.0371,-1.69957,3.06157,0.833664,7305.54,0
5.76064,42.0942,-1.77061,3.16169,0.79853,7307.21,0
5.76713,42.0403,-1.77149,3.05424,0.662822,7289.65,0
5.77365,42.1201,-1.86385,3.1883,0.679873,7295.23,0
5.78019,42.1501,-1.8097,3.28735,0.645767,7292.17,0
5.78668,42.0054,-1.88592,3.05257,0.395249,7258.99,0
5.79324,42.2939,-1.77674,2.76703,0.705831,7300.57,0
5.79977,42.1341,-1.7162,2.79246,0.45697,7264.79,0
5.80629,41.9499,-1.80074,2.82815,0.210876,7224.9,0
5.81279,41.9872,-1.77594,3.03493,0.237745,7223.24,0
5.81928,42.0105,-1.74322,3.00676,0.254022,7219.2,0
5.82578,42.0934,-1.73946,3.03533,0.340202,7225.37,0
5.83234,42.0248,-1.50948,3.07128,0.229707,7205.48,0
5.83881,42.0186,-1.48915,3.03645,0.212398,7196.44,0
5.84532,42.4846,-1.62086,2.78845,0.744582,7268.13,0
5.85182,42.421,-1.50103,2.61602,0.602019,7249.2,0
5.85832,42.4685,-1.59207,2.77245,0.607833,7249.26,0
5.86482,42.4521,-1.72714,2.6502,0.504176,7238.44,0
5.87135,42.3622,-1.59292,2.4208,0.338136,7215.08,0
5.87783,42.5524,-1.47307,2.61984,0.525347,7239.47,0
5.88434,42.5706,-1.34849,3.09302,0.488059,7234.56,0
5.89086,42.4539,-1.39023,3.52086,0.297904,7206.74,0
5.89737,42.6683,-1.15216,3.46553,0.540138,7235.13,0
5.90385,42.7294,-1.05878,3.25226,0.559203,7237.55,0
5.91037,42.846,-1.10702,3.46962,0.642069,7249.29,0
5.91688,42.894,-1.1845,3.50634,0.628377,7249.43,0
5.92339,42.7494,-1.1956,3.74708,0.403518,7217.05,0
5.92993,42.6382,-1.3497,3.61957,0.231815,7190.35,0
5.93643,42.8098,-1.20117,3.6557,0.423388,7211.37,0
5.94295,42.8414,-1.45252,3.21963,0.417278,7208.77,0
5.94949,42.9316,-1.41907,3.05427,0.4836,7216.02,0
5.95598,42.8649,-1.66033,3.20182,0.358387,7196.95,0
5.96248,42.7997,-1.40618,2.99062,0.251392,7178.17,0
5.96895,42.8304,-1.42472,3.00155,0.26352,7175.53,0
5.97547,43.0271,-1.3022,3.13541,0.464187,7200.62,0
5.982,43.1449,-1.63864,3.39578,0.55386,7212.46,0
5.9885,43.2511,-1.63674,3.6296,0.625867,7222.36,0
5.99507,43.4027,-1.70249,3.65283,0.745014,7239.73,0
6.00158,43.3029,-1.72963,3.96003,0.561533,7215.25,0
6.00807,43.1373,-1.62016,3.93367,0.313831,7179.89,0
6.01456,42.9934,-1.36383,3.83512,0.114838,7148.22,0
6.02108,43.0342,-1.23283,3.69377,0.160414,7147.25,0
6.0276,43.1792,-1.08615,3.89968,0.317361,7163.58,0
6.03411,43.2905,-1.08531,3.93524,0.411932,7174.3,0
6.04058,43.1906,-1.27695,3.88817,0.266407,7150.06,0
6.04712,43.1112,-1.09105,4.01039,0.147886,7129.21,0
6.05362,43.0775,-1.12814,3.96308,0.0963691,7115.99,0
6.0601,43.0061,-1.21656,3.82087,0.0028465,7096.6,0
6.0666,43.156,-1.3617,3.66164,0.184707,7113.7,0
6.0731,43.4078,-1.43035,4.17157,0.474473,7147.55,0
6.07957,43.6692,-1.57191,4.01342,0.73831,7182.94,0
6.08607,43.7105,-1.4894,3.98062,0.716048,7182.06,0
6.09256,43.7287,-1.38644,4.06466,0.659627,7177.4,0
6.09904,43.4702,-1.42455,3.99118,0.300645,7127.38,0
6.10556,43.6272,-1.36205,4.14522,0.466613,7145.5,0
6.11206,43.4248,-1.33311,4.34803,0.188352,7104.76,0
6.11858,43.4707,-1.36572,4.58361,0.226356,7104.7,0
6.12507,43.5446,-1.63077,4.5461,0.305095,7109.24,0
6.1316,43.4945,-1.21166,4.84912,0.216035,7093.5,0
6.13814,43.4693,-1.44001,4.83701,0.180592,7081.83,0
6.14469,43.4408,-1.30703,5.05401,0.134376,7069.65,0
6.15121,43.3977,-1.34523,5.21901,0.0763722,7055.15,0
6.1577,43.4509,-1.67025,5.19509,0.13943,7056.34,0
6.1642,43.5323,-1.59073,5.10528,0.230779,7062.12,0
6.17068,43.6198,-1.39171,4.94493,0.323236,7068.88,0
6.1772,43.6172,-1.33626,4.73062,0.290934,7061.01,0
6.1837,43.5855,-1.16308,4.80946,0.237972,7048.45,0
6.19023,43.6867,-1.17065,4.97653,0.346094,7057.37,0
6.19675,43.5728,-1.43781,4.99636,0.179778,7031.56,0
6.20329,43.578,-1.48296,4.69749,0.165895,7024.99,0
6.2098,43.7604,-1.72245,4.52294,0.378208,7046.99,0
6.2163,43.6281,-1.74784,4.45526,0.195845,7018.35,0
6.22279,43.6457,-1.53589,4.3578,0.206796,7013.84,0
6.22928,43.5242,-1.68922,4.36327,0.0499171,6987.03,0
6.2358,43.6656,-1.60032,4.39248,0.220496,7002.4,0
6.24231,43.8571,-1.54838,4.3548,0.440879,7025.78,0
6.24884,43.961,-1.16897,4.14544,0.502288,7035.06,0
6.25532,43.8066,-1.2871,4.0072,0.279848,7003.09,0
6.26181,43.9476,-1.21909,4.24129,0.416633,7018.36,0
6.26834,44.1993,-0.892832,4.39604,0.670995,7051.2,0
6.27488,44.1711,-1.03693,4.41008,0.571108,7039.36,0
6.28141,43.9647,-1.08929,4.46041,0.288351,6999.19,0
6.28791,44.1898,-0.75625,4.60214,0.52683,7027.74,0
6.29446,43.9561,-0.597633,4.51932,0.200393,6983.3,0
6.30099,43.9013,-0.680526,4.55463,0.11863,6967.37,0
6.30751,44.0505,-0.849808,4.28683,0.295915,6983.82,0
6.31401,44.1468,-0.675201,4.28524,0.387708,6991.89,0
6.32052,44.2395,-0.545909,4.62339,0.468183,6999.35,0
6.32699,44.4331,-0.559763,4.76374,0.640151,7022.78,0
6.33348,44.3993,-0.726309,4.40846,0.546822,7010.26,0
6.33998,44.185,-0.657245,4.55919,0.233597,6969.26,0
6.34652,44.157,-0.582723,4.67245,0.186325,6957.68,0
6.35298,44.2071,-0.455113,4.789,0.23371,6958.49,0
6.35952,44.3345,-0.27463,4.74325,0.380258,6971.36,0
6.36602,44.4477,-0.606951,4.62614,0.485279,6982.02,0
6.37247,44.5397,-0.754061,4.63182,0.533413,6989.39,0
6.37897,44.4797,-0.966783,4.48911,0.416763,6972.87,0
6.38549,44.4193,-0.798848,4.33014,0.299085,6956.3,0
6.39194,44.5809,-0.714912,4.19166,0.455276,6974.56,0
6.39848,44.3104,-0.620709,3.88565,0.0989137,6925.14,0
6.40499,44.441,-0.643367,3.72063,0.254829,6938.5,0
6.41151,44.6925,-0.613845,3.44458,0.539123,6970.67,0
6.41799,44.5973,-0.464519,3.39094,0.379739,6948.78,0
6.42448,44.6224,-0.247989,3.30602,0.378056,6945.68,0
6.43097,44.5243,-0.13815,3.45129,0.236454,6923.42,0
6.4375,44.5685,0.0131746,3.73882,0.271441,6923.26,0
6.44399,44.4838,-0.131874,3.49207,0.150138,6903.15,0
6.45048,44.4635,-0.217463,3.40022,0.120801,6893.05,0
6.45699,44.6243,-0.0938696,3.30838,0.311334,6911.01,0
6.46352,44.6844,-0.129427,3.2627,0.36776,6913.33,0
6.47004,44.9867,-0.332126,2.94912,0.703529,6953.09,0
6.47653,44.9038,-0.0400622,2.95353,0.51746,6933.3,0
6.48301,44.6656,-0.158914,2.85339,0.189073,6889.64,0
6.48946,45.074,-0.18866,2.80235,0.651904,6945.72,0
6.49595,44.7632,-0.399403,3.02341,0.227826,6890.94,0
6.50246,44.9657,-0.181626,2.84643,0.457607,6915.18,0
6.50897,45.0265,-0.208986,2.95265,0.488126,6917.6,0
6.51548,45.0366,-0.0623093,2.95843,0.463589,6912.26,0
6.52197,45.2054,0.466035,2.85404,0.620248,6931.25,0
6.52848,45.3477,0.38281,2.72414,0.707453,6946.14,0
6.53501,45.546,0.29925,2.7157,0.887373,6969.53,0
6.54152,45.4548,0.296752,2.63696,0.692949,6948.66,0
6.54802,45.5846,0.0177798,2.8469,0.759536,6961.59,0
6.55457,45.4954,-0.0668032,2.81294,0.588071,6941.03,0
6.56106,45.6095,-0.278614,2.84801,0.663789,6951.54,0
6.56757,45.5712,-0.333956,2.9697,0.547687,6938.83,0
6.57406,45.6211,-0.595724,2.73607,0.558103,6939.57,0
6.58054,45.302,-0.236874,2.60562,0.128958,6884.23,0
6.58704,45.2745,-0.150772,2.6404,0.0856973,6873.27,0
6.59359,45.5671,-0.247848,2.14644,0.430927,6910.82,0
6.6001,45.7091,-0.41134,1.95907,0.558949,6925.51,0
6.6066,45.8989,-0.341193,1.88493,0.716674,6947.43,0
6.61311,45.7427,-0.19147,1.92984,0.470343,6916.97,0
6.61961,45.4987,-0.177332,2.05498,0.135385,6873.32,0
6.62606,45.5063,-0.112269,1.93348,0.138944,6867.78,0
6.63261,45.6,-0.0397893,1.94214,0.242919,6875.13,0
6.63913,45.7418,-0.330439,2.23229,0.389108,6889.72,0
6.64568,45.7011,-0.52351,1.97675,0.294715,6876.81,0
6.65221,45.8103,-0.533379,1.86271,0.397479,6886.48,0
6.65875,45.9504,-0.829808,1.93237,0.530639,6900.76,0
6.66525,45.6094,-0.856466,1.9467,0.0798999,6842.87,0
6.67174,45.5893,-0.852548,1.9306,0.04773,6833.2,0
6.67824,45.6804,-0.875398,1.92515,0.158531,6840.18,0
6.68478,45.8179,-0.720831,2.02956,0.322093,6854.06,0
6.69125,46.0894,-0.712496,1.92082,0.624524,6888.01,0
6.69777,46.0678,-0.600437,2.00361,0.533272,6878.08,0
6.70421,46.5258,-0.613677,1.75642,1.00959,6939.78,0
6.71073,46.485,-0.566754,1.60517,0.854205,6926.97,0
6.71725,46.3084,-0.183532,1.48724,0.557638,6893.95,0
6.72382,46.5064,-0.116965,1.74825,0.730112,6916.66,0
6.73035,46.8681,-0.214167,1.53039,1.05632,6963.7,0
6.73684,46.7676,-0.64842,1.49483,0.832822,6942.06,0
6.74331,46.7672,-0.689694,1.59733,0.762777,6935.35,0
6.74981,46.6749,-0.205534,1.04336,0.566556,6914.99,0
6.75632,46.8138,-0.168024,1.59043,0.671931,6928.9,0
6.76281,46.9886,-0.316666,1.79041,0.795916,6948.1,0
6.76929,46.9613,-0.607017,1.95444,0.67281,6937.4,0
6.77579,46.8615,-0.930223,1.88652,0.48006,6916.01,0
6.78239,46.7896,-0.95153,2.16578,0.355346,6898.69,0
6.78892,46.6542,-1.09848,2.28155,0.169395,6872.1,0
6.79543,46.932,-1.25647,2.52622,0.493388,6906.4,0
6.80193,47.0646,-1.22738,2.7601,0.609201,6919.31,0
6.8084,47.3551,-1.40132,2.76951,0.882881,6955.38,0
6.8149,47.0174,-1.40608,2.85117,0.391786,6899.21,0
6.82137,47.1846,-1.5219,2.93658,0.550165,6917.17,0
6.82789,47.3131,-1.39771,3.29234,0.654679,6929.39,0
6.83442,47.0943,-1.28715,3.12987,0.340882,6890.75,0
6.84094,46.9922,-1.28896,2.91654,0.191158,6869.25,0
6.84745,47.0645,-1.0331,2.86749,0.268198,6873.29,0
6.85394,47.0156,-1.09412,2.76252,0.19654,6859.64,0
6.86041,47.1963,-1.30349,2.84428,0.402377,6879.52,0
6.86688,47.2497,-1.30389,2.6002,0.448513,6880.81,0
6.87334,47.3602,-1.25686,2.6187,0.54407,6890.42,0
6.87985,47.4877,-1.22221,2.77471,0.644343,6902.43,0
6.88635,47.6337,-1.29026,3.17856,0.73573,6917.11,0
6.8929,47.805,-1.39259,3.14391,0.863979,6935.39,0
6.89939,47.8218,-1.4752,3.16336,0.784481,6931.31,0
6.90592,47.8843,-1.48471,3.2351,0.781277,6933.8,0
6.9124,48.262,-1.76023,3.31393,1.14533,6981.95,0
6.91891,48.2321,-1.96667,3.11124,0.966183,6971.06,0
6.92538,48.3542,-1.69711,3.30231,0.985413,6982.17,0
6.9319,48.3072,-1.73961,3.3927,0.803782,6968.83,0
6.93845,48.2429,-1.42765,3.51583,0.646767,6952.98,0
6.94497,48.0053,-1.38846,3.72671,0.299576,6912.24,0
6.95151,48.2134,-1.50252,3.59973,0.522687,6935.66,0
6.95809,48.4018,-1.88481,3.66681,0.692162,6956.19,0
6.96457,48.4554,-1.85403,3.63398,0.680814,6957.41,0
6.9711,48.5009,-1.83913,3.84448,0.667547,6957.43,0
6.97762,48.8777,-1.90817,3.69741,1.02188,7004.92,0
6.98409,49.0504,-1.92635,3.80797,1.09047,7023.17,0
6.99066,48.9328,-1.77499,3.82622,0.853827,6999.75,0
6.99719,49.3039,-1.68889,3.49051,1.18994,7046.24,0
7.00367,49.1466,-2.09035,3.27183,0.834332,7017.26,0
7.01015,49.2836,-1.77473,3.23737,0.913958,7030.32,0
7.01665,49.376,-1.84936,3.26919,0.926619,7036.98,0
7.02313,49.6165,-1.60598,3.37172,1.10169,7064.74,0
7.02963,49.7942,-1.72349,3.39145,1.17011,7083.47,0
7.03615,49.6314,-1.63092,3.33677,0.820528,7053.77,0
7.04268,49.6907,-1.84554,3.30458,0.809411,7055.65,0
7.04919,49.3424,-1.9212,3.53695,0.32138,6999.72,0
7.0557,49.3652,-2.21706,3.5481,0.319092,6996.49,0
7.0622,49.4152,-2.2088,3.56359,0.355793,6997.14,0
7.06872,49.5927,-2.33296,3.72785,0.542963,7015.8,0
7.07525,49.5985,-2.26179,3.58314,0.500014,7010.15,0
7.08175,49.6793,-2.31582,3.67758,0.553443,7015.12,0
7.08824,49.767,-2.41487,3.51931,0.604961,7021.07,0
7.09474,49.672,-2.33589,3.64023,0.45371,7001.24,0
7.10121,49.8268,-2.54682,3.54125,0.582578,7016.67,0
7.10772,49.932,-2.73274,3.50376,0.640604,7025.04,0
7.11424,49.9704,-2.75356,3.66801,0.642729,7023.99,0
7.12076,49.7792,-2.95483,3.66511,0.335198,6990.72,0
7.12729,49.787,-3.00874,3.71138,0.325868,6985.41,0
7.13382,49.8689,-2.89741,3.71392,0.404212,6990.49,0
7.14034,49.7197,-3.15051,3.6096,0.199159,6963.21,0
7.14684,50.2439,-3.41336,3.59076,0.79811,7030.22,0
7.15339,50.147,-3.72506,3.47426,0.60367,7010.25,0
7.1599,50.4421,-3.93585,3.4513,0.884774,7045.08,0
7.16639,50.5547,-3.78917,3.22628,0.901198,7054.42,0
7.17289,50.7722,-4.01231,3.65817,1.05637,7078.35,0
7.17939,50.6298,-4.11955,3.54578,0.771955,7052.1,0
7.18588,50.8613,-4.19898,3.68526,0.976606,7077.95,0
7.19235,51.0039,-3.97023,3.65157,1.02645,7091.41,0
7.1988,51.0594,-3.81185,3.8236,0.976527,7092.76,0
7.20529,50.9724,-3.8845,3.47809,0.74543,7074.31,0
7.21184,50.6993,-3.95591,3.52787,0.35191,7030.01,0
7.21836,50.7524,-4.28588,3.84324,0.389624,7031.01,0
7.22487,51.0085,-4.59516,3.95098,0.660555,7060.13,0
7.23137,50.999,-4.75614,4.14379,0.580949,7052.47,0
7.23792,50.9956,-4.70963,4.14267,0.510792,7045.63,0
7.24442,50.9144,-5.08362,3.9748,0.37451,7028.08,0
7.25089,50.8889,-5.10442,3.92783,0.318525,7018.3,0
7.25741,50.9527,-5.39324,3.83957,0.375615,7020.78,0
7.26393,51.2643,-5.18853,3.84039,0.720323,7057.37,0
7.27045,51.193,-5.16137,3.68562,0.562188,7041.25,0
7.27697,51.0316,-5.04277,3.75441,0.322486,7012.75,0
7.28346,51.1586,-4.88536,3.56577,0.445217,7023.94,0
7.28997,51.019,-5.02499,3.64468,0.239149,6998.52,0
7.2965,50.8696,-5.02083,3.66467,0.0492432,6971.79,0
7.30303,50.9375,-4.85757,3.73807,0.130164,6974.85,0
7.30955,51.0524,-4.94881,3.52015,0.263301,6984.34,0
7.31608,51.2704,-4.88873,3.85341,0.50899,7007.91,0
7.32262,51.4776,-4.88609,3.91626,0.704038,7029.94,0
7.32911,51.345,-4.6624,3.85771,0.48672,7005.63,0
7.3356,51.3844,-4.63201,3.68154,0.480728,7004.8,0
7.34215,51.4474,-4.82445,3.25759,0.519297,7007.13,0
7.34865,51.4371,-4.38382,3.00399,0.468821,6999.53,0
7.35515,51.436,-4.20729,2.94835,0.436871,6993.2,0
7.36167,51.3573,-4.32443,2.7571,0.312074,6976.31,0
7.36816,51.391,-4.30249,2.93469,0.33134,6974.74,0
7.37466,51.1694,-4.37084,2.88779,0.0429224,6938.54,0
7.38117,51.2954,-4.32841,2.93482,0.193652,6949.49,0
7.38769,51.4298,-4.52109,2.8919,0.342458,6961.56,0
7.3942,51.3518,-4.15158,2.94677,0.227818,6944.87,0
7.40068,51.3461,-4.18655,2.72291,0.201949,6938.03,0
7.40716,51.3206,-4.09127,2.65167,0.160429,6928.52,0
7.41366,51.4056,-4.0865,2.77088,0.241567,6933.91,0
7.42016,51.2323,-4.13082,2.56938,0.0150893,6904.47,0
7.42667,51.3124,-4.0098,2.47053,0.111702,6909.2,0
7.43321,51.3428,-4.02473,2.46832,0.142485,6907.21,0
7.43976,51.6815,-4.07698,2.50596,0.540283,6946.66,0
7.44629,51.5934,-3.91817,2.44117,0.40027,6928.74,0
7.45282,51.459,-3.53385,2.5257,0.214195,6904.63,0
7.45932,51.6877,-3.22567,2.29532,0.475659,6929.28,0
7.46583,51.5988,-3.45149,2.47825,0.323952,6911.33,0
7.47232,51.5629,-3.15316,2.42839,0.259095,6900.52,0
7.47882,51.59,-3.0716,2.40027,0.282746,6898.15,0
7.48531,51.8545,-2.76934,2.21804,0.575081,6927.5,0
7.49179,52.1947,-2.64842,2.08086,0.913018,6966.92,0
7.49832,52.1312,-2.4309,2.07348,0.719528,6952.39,0
7.50484,52.3799,-2.50667,1.86038,0.937456,6979.48,0
7.51133,52.2424,-2.82424,1.94372,0.661045,6955.14,0
7.51789,52.2767,-2.61054,1.85961,0.638131,6953.65,0
7.52436,52.1333,-2.42167,1.81243,0.405875,6928.6,0
7.53088,51.9839,-2.67272,1.87865,0.190318,6902.77,0
7.53743,52.1633,-2.77169,1.55656,0.386835,6920.56,0
7.54391,52.3549,-2.98052,1.64928,0.581898,6940.02,0
7.55039,52.2726,-2.75694,1.7822,0.429238,6923.17,0
7.55689,52.2669,-2.46367,1.5568,0.380588,6916.45,0
7.56336,52.2369,-2.2988,1.54014,0.323011,6906.57,0
7.56983,52.4246,-2.31379,1.69101,0.514514,6925.46,0
7.57633,52.4317,-2.32815,1.65268,0.491966,6920.47,0
7.58282,52.2624,-2.28533,1.57185,0.251033,6892.21,0
7.58932,52.3616,-2.20514,1.3681,0.345896,6899.38,0
7.59587,52.3117,-2.19582,1.33007,0.258664,6886.87,0
7.60237,52.3185,-2.33907,1.38512,0.252079,6881.87,0
7.60891,52.3684,-2.56731,1.62202,0.292112,6882.51,0
7.61541,52.4702,-2.65186,1.82953,0.403005,6890.01,0
7.62191,52.6945,-2.72144,2.206,0.618574,6913.55,0
7.62845,52.6186,-2.60062,2.35802,0.471151,6897.68,0
7.63496,52.6783,-2.59185,2.09572,0.499952,6899.62,0
7.64147,52.4632,-2.43553,2.07897,0.210286,6865.58,0
7.64796,52.5971,-2.1765,2.03681,0.353269,6877.27,0
7.65444,52.6026,-2.15634,2.05667,0.337376,6872.17,0
7.66095,52.475,-2.13739,1.9496,0.161758,6849.67,0
7.66746,52.5357,-2.31761,2.07528,0.223967,6851.78,0
7.67398,52.7804,-2.4652,2.4482,0.497435,6877.84,0
7.68044,52.9198,-2.46383,2.36352,0.621447,6890.21,0
7.68698,53.0352,-2.49384,2.22111,0.690288,6899.35,0
7.69347,52.8637,-2.65976,2.10025,0.408739,6871.24,0
7.70002,52.7813,-2.72978,2.34553,0.277198,6854.69,0
7.70648,53.1809,-2.48183,2.27025,0.72224,6900.8,0
7.71296,53.1213,-2.63455,2.42342,0.584267,6887.28,0
7.71945,52.968,-2.40188,2.29129,0.35451,6861.63,0
7.726,52.9027,-2.58762,2.14303,0.255845,6847.36,0
7.73253,53.2137,-2.75697,2.17738,0.601996,6881.8,0
7.739,53.4546,-2.7805,1.72478,0.822002,6907.17,0
7.74555,53.2427,-2.88511,1.81925,0.489981,6873.97,0
7.75207,53.308,-3.03292,1.75265,0.522192,6876.62,0
7.75857,53.1985,-2.85357,1.6195,0.356254,6856.75,0
7.76504,53.6144,-2.98097,1.42024,0.807382,6904.59,0
7.77154,53.5259,-3.1804,1.40244,0.636616,6887.43,0
7.77804,53.3733,-3.10421,1.67995,0.395953,6862.05,0
7.78455,53.5596,-3.14055,1.89033,0.577655,6880.24,0
7.79102,53.7401,-3.21622,1.79362,0.75085,6897.7,0
7.79751,53.7955,-3.11742,1.70411,0.732448,6899.06,0
7.80399,53.8653,-3.30656,1.55851,0.728119,6902.27,0
7.8105,53.8615,-3.27249,1.72575,0.646615,6896.04,0
7.81701,53.5839,-3.14052,2.07099,0.256901,6854.78,0
7.82348,53.5106,-3.24472,1.87049,0.148109,6839.75,0
7.82998,53.96,-3.34813,2.08417,0.663803,6891.45,0
7.83649,53.8537,-3.3851,2.1303,0.480099,6872.17,0
7.84302,54.2895,-3.32378,2.4462,0.950437,6922.02,0
7.8495,54.4206,-3.29484,2.32239,0.98422,6933,0
7.85606,54.3585,-3.04932,2.86487,0.811101,6919.31,0
7.86256,54.4608,-2.64529,2.70239,0.830942,6926.59,0
7.8691,54.7545,-2.75414,2.39857,1.08959,6958.17,0
7.87559,54.9909,-2.95842,2.30527,1.25294,6982.45,0
7.8821,55.0367,-3.12203,2.39172,1.14363,6982.5,0
7.88863,54.8946,-3.05564,2.30276,0.827614,6958.7,0
7.89511,54.7193,-3.14434,2.11297,0.526991,6930.78,0
7.90164,54.8399,-3.49096,2.02654,0.605697,6940.32,0
7.90814,55.0258,-3.62877,1.8389,0.752867,6958.12,0
7.91462,55.2893,-3.67364,1.90792,0.970978,6985.72,0
7.92114,55.2466,-3.32969,1.82701,0.801147,6974.58,0
7.92759,55.3301,-3.60429,1.8918,0.817821,6979.44,0
7.93412,55.6136,-3.47383,2.09457,1.05737,7009.42,0
7.94064,55.715,-3.64869,2.00134,1.05604,7016.44,0
7.94717,55.9351,-3.81463,2.08836,1.20385,7038.37,0
7.95367,56.093,-3.88394,2.0789,1.24336,7052.47,0
7.96018,56.2771,-3.65934,2.03341,1.28156,7069.83,0
7.96672,55.9823,-3.61883,2.18759,0.771545,7027.02,0
7.97323,55.9085,-3.6084,2.15196,0.608724,7012.03,0
7.97977,56.1059,-3.91494,2.0846,0.787866,7031.02,0
7.98628,56.0138,-3.7923,2.39065,0.587794,7013.75,0
7.99278,56.2327,-3.74659,2.34431,0.808289,7035.43,0
7.99923,56.5796,-3.83267,2.32472,1.11432,7073.13,0
8.0057,56.6224,-3.69491,2.03478,1.04089,7072.77,0
8.01221,56.366,-3.54063,1.97453,0.603691,7035.01,0
8.01869,56.1749,-3.56461,1.85112,0.325572,7005.5,0
8.02518,56.0207,-3.57098,1.7059,0.116054,6980.61,0
8.03171,56.0563,-3.6191,1.63221,0.153728,6979.38,0
8.0382,56.1454,-3.74386,1.59472,0.253923,6984.82,0
8.04471,56.1514,-3.60256,1.52381,0.237718,6979.92,0
8.0512,56.1542,-3.77745,1.65615,0.227016,6974.65,0
8.05767,56.0953,-4.03745,1.76068,0.131476,6961.73,0
8.06417,56.0735,-4.1862,1.58811,0.102188,6953.41,0
8.07069,56.0734,-4.41238,1.32059,0.0953754,6947.78,0
8.0772,56.1846,-4.53565,1.23167,0.223279,6955.95,0
8.08369,56.0733,-4.63873,1.2514,0.0766872,6936.59,0
8.09021,56.1845,-4.82734,1.08449,0.210719,6944.75,0
8.0967,56.3016,-4.75126,1.13876,0.337339,6953.65,0
8.10317,56.5138,-4.65288,1.1244,0.574341,6974.27,0
8.10971,56.4575,-4.11926,1.04235,0.446801,6961.72,0
8.11619,56.3854,-3.95999,0.933343,0.323436,6947.28,0
8.1227,56.2964,-4.18152,0.719825,0.195387,6930.75,0
8.12919,56.374,-4.37391,0.627272,0.287042,6934.76,0
8.13569,56.6926,-4.28396,0.95477,0.626997,6968.38,0
8.14221,56.6261,-4.34162,0.963388,0.485283,6954.63,0
8.14869,56.6268,-4.62269,1.1018,0.441001,6949.19,0
8.15522,56.975,-4.6057,0.924617,0.812812,6986.32,0
8.1618,56.8565,-4.56507,1.03139,0.583613,6966.17,0
8.1683,56.9462,-4.55213,1.05771,0.631955,6971.61,0
8.1748,57.2455,-4.58371,1.0681,0.934436,7002.68,0
8.18134,57.3826,-4.40988,1.28167,0.972091,7013.84,0
8.18782,57.3089,-4.75491,1.42094,0.783691,6999.29,0
8.19431,57.3657,-4.7813,1.25093,0.782802,7000.67,0
8.20085,57.1863,-4.92024,1.25429,0.495967,6973.22,0
8.20735,57.1442,-4.8863,1.23881,0.393481,6962.55,0
8.21387,57.2308,-4.56302,1.36332,0.460586,6967.58,0
8.22037,57.6393,-4.35209,1.36383,0.887892,7011.76,0
8.22689,57.748,-3.81451,1.41491,0.916469,7019.42,0
8.23343,57.879,-3.86654,1.37822,0.959029,7029.75,0
8.23989,57.629,-3.67446,1.27677,0.541122,6993.91,0
8.2464,57.5075,-3.81782,1.47202,0.348461,6973.65,0
8.2529,57.5652,-3.95155,1.51852,0.387502,6975.15,0
8.25936,57.6119,-4.28349,1.79302,0.416141,6975.35,0
8.26586,57.4229,-4.15719,1.75857,0.155569,6947,0
8.27233,57.6203,-4.19139,1.93323,0.390467,6965.42,0
8.27883,57.6165,-4.08021,1.91206,0.352352,6959.5,0
8.28533,57.9634,-4.25417,2.08119,0.728743,6995.91,0
8.29188,58.2253,-3.93398,2.07276,0.948325,7021.97,0
8.29842,58.3552,-3.83686,1.95417,0.98091,7032.08,0
8.30495,58.464,-3.96305,2.0999,0.9866,7039.66,0
8.31147,58.5127,-3.62341,2.39367,0.917603,7040,0
8.318,58.7416,-3.54535,2.3026,1.05156,7061.98,0
8.32453,58.8787,-3.38042,2.07062,1.07025,7072.92,0
8.33097,58.9159,-3.58877,1.70849,0.954402,7071.91,0
8.33744,58.5605,-3.29726,1.97376,0.42776,7023.79,0
8.34394,58.5909,-3.29931,2.24884,0.433603,7021.97,0
8.35043,58.6867,-3.37046,2.14629,0.508632,7027.99,0
8.35692,58.8626,-3.45167,1.96507,0.670714,7043.58,0
8.36339,58.9295,-3.39462,1.8579,0.685553,7046.13,0
8.3699,59.0387,-3.43161,2.10378,0.743966,7053.69,0
8.3764,59.0026,-3.62027,1.65784,0.612652,7043.91,0
8.38291,59.3138,-3.78579,1.3904,0.898569,7075.57,0
8.3894,59.3095,-3.84116,1.46125,0.788636,7069.58,0
8.39589,59.3031,-3.58695,1.62514,0.703507,7063.35,0
8.40237,59.2445,-3.70885,1.60818,0.567913,7050.93,0
8.40892,59.5142,-3.74051,1.77463,0.825267,7077.51,0
8.41543,59.3572,-3.65347,1.55277,0.555421,7053.37,0
8.42197,59.519,-3.95416,1.89821,0.692555,7067.11,0
8.42851,59.3239,-4.04008,2.26469,0.414293,7038.48,0
8.43502,59.5057,-4.29288,2.09029,0.5895,7054.6,0
8.44156,59.6477,-4.24147,2.19491,0.68577,7065.95,0
8.44808,59.7808,-4.53904,2.14988,0.788729,7076.26,0
8.45459,59.8724,-4.39044,2.42204,0.803127,7081.65,0
8.46112,59.6529,-4.39534,2.54382,0.454222,7050.24,0
8.46764,59.5463,-4.37414,2.67296,0.291802,7032.22,0
8.4741,59.3557,-4.23434,2.31134,0.0447642,7004.36,0
8.48062,59.6015,-4.26171,2.32057,0.341674,7027.97,0
8.48712,59.667,-4.44508,2.14852,0.389752,7030.3,0
8.49367,60.0448,-4.53718,1.92473,0.798754,7069.36,0
8.50017,60.1495,-4.84093,2.04085,0.807919,7076.27,0
8.50668,59.931,-4.87741,1.97256,0.477571,7045.17,0
8.51325,59.9051,-4.99881,1.95389,0.397393,7036.69,0
8.51981,59.7169,-5.19812,2.35071,0.145837,7009.18,0
8.5263,59.7457,-5.28387,2.3234,0.174702,7007.22,0
8.53279,59.8249,-5.11928,2.17943,0.256677,7011.17,0
8.5393,59.7662,-5.09351,2.26995,0.171523,6998.96,0
8.5458,59.7637,-5.03379,2.10814,0.163448,6993.34,0
8.55231,59.8451,-4.77261,2.07673,0.249827,6997.53,0
8.55886,59.947,-4.95476,1.87278,0.35523,7004.08,0
8.56539,59.7743,-4.99382,2.10925,0.128991,6978.58,0
8.57193,59.9354,-4.85097,2.10977,0.310022,6992.05,0
8.57841,60.0349,-4.9581,1.87206,0.402739,6998.38,0
8.58491,60.2388,-5.0402,1.79855,0.612507,7016.82,0
8.59146,59.8967,-5.15809,1.71437,0.1618,6971.66,0
8.59793,59.8234,-5.18305,1.78478,0.0650909,6957.88,0
8.60447,59.8369,-5.09894,1.7163,0.0806644,6954.17,0
8.61098,60.161,-5.01262,1.77198,0.467817,6986.55,0
8.6175,60.384,-4.74864,2.1251,0.685738,7007.14,0
8.62401,60.5516,-4.70066,2.18285,0.789111,7021.28,0
8.63053,60.5954,-4.83555,2.42229,0.781089,7021.05,0
8.63704,60.729,-4.84115,2.45543,0.846359,7031.23,0
8.64357,60.669,-4.63645,2.18503,0.684249,7018.98,0
8.6501,60.8781,-4.50388,2.14784,0.856845,7037.85,0
8.6566,60.9627,-4.26142,2.03062,0.859581,7042.34,0
8.66312,61.0242,-4.28462,2.06746,0.854275,7044.14,0
8.66964,60.9472,-4.35382,1.97825,0.663771,7029.96,0
8.67614,60.827,-4.22749,2.11168,0.454814,7010.84,0
8.68269,60.7616,-4.34426,1.98082,0.345722,6998.01,0
8.68918,61.1283,-4.73536,1.84512,0.736228,7034.99,0
8.69576,61.3366,-5.16552,2.03298,0.907353,7053.62,0
8.70222,61.0249,-5.24249,2.28193,0.448791,7012.57,0
8.70872,60.9066,-5.28325,2.48319,0.283035,6993.75,0
8.71523,60.9739,-5.40454,2.43739,0.347191,6996.25,0
8.72177,60.8751,-5.1673,2.25074,0.189358,6979.67,0
8.72829,61.0095,-5.16458,2.24424,0.34156,6989.86,0
8.73477,61.4803,-5.19994,2.40578,0.866342,7038.57,0
8.74125,61.5207,-5.44229,2.27748,0.814908,7037.98,0
8.7478,61.6108,-5.73077,2.04553,0.804208,7043,0
8.75431,61.7146,-5.52778,1.92653,0.830292,7049.63,0
8.76079,61.4612,-5.54459,2.02414,0.435519,7015.49,0
8.76727,61.4169,-5.67329,2.01535,0.349664,7005.25,0
8.77378,61.5,-5.62072,2.13126,0.417688,7009.52,0
8.7803,61.58,-5.70065,2.28764,0.474691,7013.43,0
8.78678,61.6367,-5.63305,2.55302,0.500572,7014.71,0
8.79327,61.5723,-5.69922,2.75392,0.38667,7002.21,0
8.79974,61.8102,-5.88674,2.76918,0.621809,7024.09,0
8.80629,61.5512,-5.99778,2.85476,0.259744,6989.46,0
8.8128,61.7282,-5.94089,3.08449,0.462124,7004.38,0
8.81933,61.6824,-5.91537,2.98266,0.366531,6994,0
8.82579,61.6839,-5.74001,3.05967,0.331418,6989.05,0
8.83232,61.6418,-6.02458,3.02643,0.256623,6979.12,0
8.83884,61.7595,-6.31551,2.77148,0.384109,6987.29,0
8.84533,61.9492,-6.11408,2.74884,0.568619,7003.61,0
8.85186,62.0509,-5.86522,3.00343,0.616953,7009.94,0
8.85833,62.1175,-5.72352,3.27431,0.629966,7012.32,0
8.86488,62.1565,-5.65921,3.19712,0.622432,7011.55,0
8.8714,62.2056,-6.04915,3.17857,0.618901,7011.92,0
8.87794,61.9089,-6.14829,3.14034,0.209935,6973.34,0
8.88445,62.0181,-6.07245,3.21522,0.324427,6980.53,0
8.89096,62.4073,-6.0417,3.34819,0.765419,7019.19,0
8.89742,62.2784,-6.28832,3.06328,0.537705,6999.61,0
8.90395,62.2763,-6.3798,3.00522,0.488055,6994.23,0
8.91045,62.0441,-6.47907,2.90772,0.175948,6963.08,0
8.91694,62.0359,-6.48653,2.89832,0.16163,6957.08,0
8.92349,62.0606,-6.33141,2.93037,0.178195,6954.75,0
8.92998,62.0309,-6.25213,2.85588,0.137861,6946.37,0
8.93651,62.1451,-6.47093,2.78139,0.27158,6954.07,0
8.94303,62.2148,-6.7837,2.59453,0.33802,6956.79,0
8.94954,62.1277,-6.81338,2.39969,0.211548,6941.99,0
8.95608,62.0993,-6.79544,2.32802,0.166985,6933.75,0
8.96258,62.364,-6.61786,2.27493,0.476695,6958.27,0
8.96908,62.5991,-6.51887,2.29555,0.706526,6979.43,0
8.9756,62.5387,-6.51737,2.20212,0.564466,6967.63,0
8.9821,62.4566,-6.39107,2.06041,0.417965,6953.46,0
8.98861,62.2932,-6.50669,1.95306,0.187824,6930.24,0
8.99515,62.6688,-6.67411,1.94181,0.631534,6966.95,0
9.0017,62.5826,-6.52661,1.81212,0.463759,6952.31,0
9.0082,62.849,-6.37261,1.99672,0.723682,6976.86,0
9.01473,62.9309,-6.31612,2.11282,0.747981,6980.89,0
9.0212,63.3813,-6.2242,2.28409,1.18074,7025.82,0
9.02772,63.4869,-6.33519,2.00921,1.15365,7032.44,0
9.03427,63.305,-6.41826,2.37511,0.81565,7007.21,0
9.04079,63.6322,-6.54964,2.29776,1.12113,7038.34,0
9.04731,63.9152,-6.74921,2.51668,1.30767,7064.55,0
9.0538,63.966,-6.76372,2.44979,1.1852,7065.1,0
9.06032,63.9566,-6.67145,2.51948,1.01332,7058.98,0
9.06681,64.1742,-6.58126,2.39718,1.13014,7077.92,0
9.07332,64.4196,-6.55653,2.22087,1.24672,7099.9,0
9.07979,64.4913,-6.64491,2.16647,1.15818,7102.73,0
9.08629,64.5354,-6.53117,2.46118,1.07185,7102.5,0
9.09279,64.9286,-6.72559,2.35753,1.36628,7140.66,0
9.09931,65.0872,-6.57861,2.40026,1.34081,7152.98,0
9.10577,65.013,-6.41951,2.5813,1.09446,7139.75,0
9.11226,64.8072,-6.25607,2.70454,0.719462,7112.09,0
9.11878,64.98,-6.05741,2.91207,0.84758,7125.95,0
9.12525,65.1031,-5.83848,3.12225,0.902098,7134.39,0
9.13172,65.1153,-5.8231,2.98319,0.831466,7130.67,0
9.13821,65.0343,-6.02888,3.00195,0.65189,7116.74,0
9.14471,64.9271,-6.04638,2.92601,0.467148,7099.97,0
9.1512,64.9534,-5.89201,3.08436,0.451923,7097.8,0
9.1577,64.915,-5.99441,3.21312,0.375402,7088.57,0
9.1642,65.0519,-6.08194,3.22067,0.494551,7098.48,0
9.17074,65.1929,-5.82056,3.27259,0.592742,7108.79,0
9.17723,65.3405,-5.9881,3.60819,0.714012,7119.85,0
9.18371,65.3394,-5.6641,3.6169,0.625069,7114.71,0
9.19024,65.5056,-5.6741,3.7037,0.765776,7127.73,0
9.19677,65.4762,-5.78551,3.70705,0.659332,7119.48,0
9.20331,65.3496,-5.85161,3.65842,0.435119,7100.67,0
9.20979,65.2542,-5.92091,3.6404,0.283474,7085.31,0
9.21632,65.4521,-5.87201,3.42707,0.501177,7101.76,0
9.22284,65.5563,-6.08927,3.20044,0.552244,7108.04,0
9.22937,65.58,-6.20782,3.16387,0.530238,7105.58,0
9.23591,65.5482,-6.29925,2.63017,0.453907,7097.11,0
9.24234,65.613,-6.34774,2.87071,0.488511,7099.18,0
9.24885,65.6619,-6.52018,2.69274,0.508972,7099.46,0
9.25535,65.3759,-6.54363,2.52259,0.129708,7063.58,0
9.26187,65.6647,-6.6782,2.57762,0.465908,7089.79,0
9.26837,65.6636,-6.54022,2.73605,0.436352,7084.7,0
9.27486,65.4393,-6.40832,2.67574,0.140364,7055.55,0
9.28135,65.5014,-6.46651,2.51353,0.20594,7057.31,0
9.28786,65.3612,-6.43477,2.43247,0.0214449,7037.28,0
9.29442,65.4612,-6.51546,2.47135,0.141277,7043.06,0
9.30089,65.4362,-6.52108,2.46189,0.0978961,7035.47,0
9.30741,65.4502,-6.41893,2.53128,0.107557,7032.05,0
9.31392,65.7417,-6.17626,2.51903,0.44736,7058.44,0
9.32043,65.5684,-6.27884,2.6393,0.204708,7034.91,0
9.3269,65.5104,-6.29117,2.73547,0.121268,7023.81,0
9.33343,65.4426,-6.33526,2.51779,0.0347802,7011.64,0
9.33992,65.4259,-6.25798,2.4931,0.0120878,7004.98,0
9.34636,65.4961,-6.46457,2.53453,0.0960822,7007.66,0
9.35285,65.5082,-6.50067,2.53219,0.109241,7004.08,0
9.35934,65.6193,-6.68683,2.32233,0.240495,7011.11,0
9.36586,65.9395,-6.68766,2.30935,0.601507,7040.41,0
9.3724,65.7541,-6.43721,2.09247,0.339596,7015.72,0
9.37888,65.8263,-6.24067,2.32683,0.379014,7018.57,0
9.38537,65.9105,-6.2851,2.46528,0.450838,7022.69,0
9.3919,65.8945,-6.38497,2.55898,0.385417,7016.1,0
9.39842,65.7467,-6.58043,2.82115,0.17938,6995.5,0
9.40493,65.8216,-6.47659,2.92783,0.263109,6998.63,0
9.41144,66.0402,-6.34528,2.81305,0.506256,7017.01,0
9.41791,66.1287,-6.24496,2.87764,0.571805,7021.59,0
9.42442,66.3791,-6.43362,2.84258,0.824921,7043.31,0
9.43098,66.4913,-6.26302,2.89356,0.840825,7050.31,0
9.43751,66.5859,-6.1977,2.76271,0.872321,7055.45,0
9.44405,66.6617,-5.92744,2.86869,0.875066,7058.59,0
9.45061,66.6707,-6.26125,2.95275,0.777688,7054.64,0
9.45711,66.6496,-6.14731,2.72869,0.669977,7047.56,0
9.46362,67.0985,-6.4491,2.851,1.10913,7090.15,0
9.47012,67.0948,-6.83522,3.04192,0.946953,7084.9,0
9.47665,67.1921,-6.84569,2.94548,0.960811,7090.29,0
9.48312,67.1381,-7.01751,3.21341,0.795772,7079.75,0
9.48959,67.0839,-6.90887,3.12204,0.650574,7069.21,0
9.49614,67.0731,-6.81206,3.56895,0.575203,7063.2,0
9.50261,67.1927,-6.65761,3.60881,0.644352,7070.98,0
9.50913,67.3105,-6.78115,3.55893,0.718498,7078.51,0
9.51563,67.3181,-6.54992,3.14993,0.645087,7074.47,0
9.52216,67.4824,-6.70386,3.07269,0.764802,7086.87,0
9.52869,67.7036,-6.78573,3.14479,0.938231,7105.24,0
9.53519,67.5861,-6.76818,3.2461,0.69648,7088.08,0
9.54169,67.7142,-6.76925,3.01563,0.77315,7096.67,0
9.5482,67.2755,-6.81668,3.38617,0.184109,7045.89,0
9.55471,67.4617,-6.75381,3.51318,0.394972,7060.57,0
9.56125,67.4663,-6.68242,3.52221,0.35887,7056.22,0
9.56774,67.9316,-6.27699,3.57943,0.88178,7100.06,0
9.57426,68.1622,-6.41046,3.72545,1.05993,7119.31,0
9.58077,68.4021,-6.32554,3.52285,1.21145,7139.52,0
9.58728,68.3848,-6.16958,3.75305,1.03226,7132.87,0
9.59383,68.4305,-6.09393,3.55988,0.961362,7132.76,0
9.60039,68.0548,-5.77373,3.62902,0.413161,7088.75,0
9.6069,68.0277,-5.57366,3.60217,0.355268,7081.13,0
9.61342,67.9646,-5.8251,3.74534,0.251153,7069.76,0
9.61988,68.0468,-5.93263,3.53909,0.319984,7073.56,0
9.62637,67.9661,-5.59405,3.07528,0.195059,7060.41,0
9.63287,68.2882,-5.6262,3.29871,0.564018,7089.08,0
9.63938,68.6393,-5.3509,3.0957,0.924245,7120.72,0
9.64589,68.8267,-5.3646,3.15695,1.02268,7135.34,0
9.65236,68.9576,-5.6392,3.12048,1.04172,7144.12,0
9.6589,68.8574,-5.96143,3.38165,0.810522,7128.91,0
9.66537,69.2609,-6.18464,3.23036,1.16131,7165.88,0
9.67187,69.3468,-6.11876,3.33952,1.1089,7169.95,0
9.67837,69.264,-6.2388,3.52238,0.879198,7156.58,0
9.68488,69.5449,-6.19518,3.47145,1.10204,7180.77,0
9.69135,69.1206,-5.94712,3.55961,0.480278,7132.2,0
9.69788,69.0285,-5.92762,3.46796,0.341831,7117.9,0
9.70438,68.9852,-5.86972,3.34745,0.25475,7108.67,0
9.71089,69.0194,-5.72169,3.38701,0.283645,7107.42,0
9.71741,69.2835,-6.05577,3.51802,0.569586,7129.84,0
9.72392,69.1891,-5.94612,3.47797,0.402977,7115.34,0
9.73043,69.4112,-6.03821,3.33757,0.624206,7133.42,0
9.73693,69.204,-6.21148,3.44513,0.313356,7107.38,0
9.74345,69.2424,-6.19274,3.48827,0.347869,7106.56,0
9.74991,69.7117,-6.09958,3.4538,0.87351,7149.98,0
9.75637,69.6448,-6.14607,3.33934,0.686423,7138.39,0
9.7629,69.3448,-6.12144,3.253,0.271039,7102.89,0
9.76941,69.4427,-6.02193,3.07674,0.377153,7108.18,0
9.77592,69.2708,-6.04243,3.22735,0.146512,7085.86,0
9.78241,69.6136,-6.03186,3.36741,0.549863,7116.2,0
9.78895,69.6008,-6.04383,3.23759,0.499792,7110.14,0
9.79546,69.5842,-5.88392,3.31429,0.445067,7103.72,0
9.80195,69.9703,-5.72512,3.42256,0.859259,7138.4,0
9.80847,69.7146,-5.34116,3.67371,0.471923,7107.59,0
9.81503,69.8808,-5.24816,3.40778,0.636475,7119.77,0
9.82151,69.9485,-4.99227,3.16695,0.662832,7121.97,0
9.82801,69.9575,-4.8003,3.19291,0.6185,7118.17,0
9.83452,70.0263,-4.88419,3.23927,0.628229,7120.46,0
9.84102,70.1038,-4.86997,3.31316,0.662191,7123.63,0
9.84752,70.0632,-4.9732,3.22316,0.54498,7114.8,0
9.85401,70.0208,-4.97646,3.12559,0.42899,7105.81,0
9.86056,70.0545,-5.09806,2.8761,0.421318,7104.51,0
9.86706,69.9961,-5.00651,3.20342,0.307905,7093.92,0
9.87356,69.9379,-5.03684,3.00789,0.214738,7083.35,0
9.88008,69.882,-4.89919,2.93662,0.136642,7073.02,0
9.88655,70.1698,-4.91686,2.83807,0.475245,7097.49,0
9.89301,70.6148,-5.14292,2.75542,0.956965,7137.84,0
9.8995,70.8613,-5.20332,2.87861,1.12218,7158.06,0
9.90599,70.7317,-4.92253,2.93832,0.81377,7140.29,0
9.91247,70.6846,-4.91105,3.01363,0.681838,7130.87,0
9.91899,70.2374,-4.71752,3.27227,0.0831687,7081.1,0
9.92551,70.2193,-4.72343,3.23188,0.054917,7074.63,0
9.93208,70.2949,-4.57791,3.27935,0.146479,7077.56,0
9.93862,70.4065,-4.37139,3.58285,0.275132,7084.14,0
9.94509,70.5921,-4.68635,3.32157,0.483665,7098.19,0
9.95162,70.6737,-4.53385,3.38383,0.542961,7101.73,0
9.95815,70.6609,-4.56083,2.91115,0.486541,7095.78,0
9.96466,70.6643,-4.86927,3.10058,0.45872,7091.49,0
9.97114,71.0033,-4.83858,2.96404,0.810455,7120.88,0
9.97768,70.937,-4.89162,3.42851,0.644697,7109.57,0
9.98419,70.8427,-5.28671,3.506,0.462468,7095.49,0
9.99068,70.7967,-5.27519,3.58153,0.376958,7086.27,0
9.99722,70.9062,-5.24524,3.38631,0.483201,7092.59,0
10,71.1025,-5.15053,3.55205,0.70384,7110.25,0
