0.00646577,0.124999,0.235035,-0.161502,0.151525,19332.4,0
0.0129548,0.214746,0.110387,-0.309169,0.244935,16576.6,0
0.0194825,0.1907,0.0575497,-0.364766,0.21135,9788.26,0
0.0259791,0.434969,-0.139803,-0.213099,0.485149,16743,0
0.0324632,0.513253,-0.23811,-0.536634,0.527496,15810.3,0
0.0389765,0.594013,-0.685336,-0.367385,0.565797,15240.3,0
0.0454751,0.661303,-1.04582,-0.274126,0.590791,14542.1,0
0.0519901,0.905902,-0.77776,-0.400343,0.812241,17424.5,0
0.0584711,0.996923,-0.305414,-0.176103,0.811853,17049.8,0
0.0649914,1.10137,-0.483806,-0.0998369,0.842371,16946.4,0
0.0714835,0.780744,-0.603823,-0.188919,0.391673,10922,0
0.0779804,0.620439,-0.47862,-0.234087,0.175323,7956.34,0
0.0844617,0.67515,-0.553978,-0.264069,0.232888,7993.56,0
0.0909801,0.886923,-0.397813,0.0018486,0.476584,9748.53,0
0.0975062,0.918798,-0.142261,-0.431323,0.474551,9422.97,0
0.103992,0.779761,-0.0617609,-0.329798,0.266463,7498.27,0
0.110525,0.941737,-0.0703806,-0.274026,0.434306,8520.55,0
0.117085,0.675446,-0.117512,-0.296524,0.0857129,5768.86,0
0.123631,0.899126,-0.280935,-0.345689,0.346632,7272.65,0
0.130122,0.923749,-0.310417,-0.411083,0.355796,7099.08,0
0.136634,0.774348,-0.166004,-0.33546,0.155618,5667.33,0
0.143122,0.752831,-0.250932,-0.265312,0.124219,5260.05,0
0.149597,0.748107,-0.276117,-0.220493,0.11296,5000.81,0
0.156143,0.916144,-0.318977,-0.308034,0.314836,5867.33,0
0.162673,1.02541,-0.440256,-0.623767,0.416223,6303.52,0
0.169206,1.05165,-0.603384,-0.626293,0.412416,6215.18,0
0.175707,1.25212,-0.857448,-0.81566,0.613116,7126.16,0
0.182152,1.09432,-0.963491,-0.786849,0.378056,6007.74,0
0.188635,0.892176,-1.28856,-0.790197,0.113741,4729.66,0
0.195158,1.00959,-1.33237,-0.766403,0.253983,5173.18,0
0.201606,1.02651,-1.30848,-0.874164,0.25438,5091.69,0
0.208125,1.1981,-1.35959,-0.826737,0.442546,5756.63,0
0.214603,1.36863,-1.8413,-1.02669,0.602029,6377.47,0
0.221155,1.23678,-1.84508,-1.02052,0.392935,5592.36,0
0.227634,1.35121,-1.84587,-0.952684,0.474878,5935.88,0
0.234104,1.47459,-1.92896,-0.85701,0.583972,6298.85,0
0.240622,1.55259,-1.82338,-0.5237,0.608827,6452.39,0
0.247094,1.41553,-1.65158,-0.531176,0.383203,5728.7,0
0.253557,1.41185,-1.75142,-0.455189,0.354978,5568.2,0
0.26007,1.5317,-1.47763,-0.360382,0.459885,5889.57,0
0.266602,1.91282,-1.32171,-0.494977,0.87799,7174.79,0
0.273055,2.03887,-1.18019,-0.371562,0.899899,7466.88,0
0.279545,2.39649,-1.36426,-0.161704,1.18759,8572.83,0
0.286021,2.21637,-1.14538,-0.233678,0.846937,7748.97,0
0.29252,2.38872,-0.857326,-0.268241,0.955152,8166.02,0
0.29904,2.71859,-0.982282,-0.118877,1.19816,9091.05,0
0.305547,2.66122,-0.755174,-0.0966341,0.975706,8709.68,0
0.312058,2.86845,-0.640935,-0.0521944,1.10073,9192.03,0
0.318598,3.16128,-0.667534,-0.0841848,1.25897,9922.45,0
0.325083,3.31246,-0.468075,-0.225138,1.27549,10189.6,0
0.331592,3.25934,-0.51518,-0.602794,1.0483,9829.39,0
0.338103,2.97955,-0.312938,-0.737246,0.591409,8812.54,0
0.344593,2.96357,-0.150437,-0.731679,0.519578,8600.21,0
0.351072,3.09938,0.285818,-0.936816,0.638199,8828.33,0
0.357579,3.20084,0.495542,-1.03287,0.69225,8951.42,0
0.364043,3.19469,0.685231,-1.46245,0.58781,8775.59,0
0.370566,2.95788,0.863358,-1.29994,0.260509,7982.08,0
0.377072,3.04425,0.414432,-1.11798,0.353708,8073.38,0
0.3836,2.93594,0.209306,-1.02186,0.191469,7653.63,0
0.390136,2.88569,0.283369,-0.816773,0.112622,7396.63,0
0.39661,3.00928,0.177489,-0.765313,0.257247,7587.52,0
0.403138,3.00853,0.148286,-1.04293,0.240004,7462.78,0
0.409612,3.22748,0.275563,-1.0273,0.485886,7879.37,0
0.416131,3.23725,0.492533,-0.979578,0.45686,7779.4,0
0.422621,3.18615,0.264062,-0.931174,0.361814,7539.03,0
0.429158,3.2543,-0.0870926,-0.987457,0.413077,7582.97,0
0.435606,3.14243,-0.30774,-1.13127,0.248078,7213.92,0
0.442119,3.0728,-0.437279,-0.763488,0.140838,6950.17,0
0.448639,3.14052,-0.357288,-0.607912,0.215289,7000.09,0
0.455155,3.29458,-0.41205,-0.725912,0.38818,7238.37,0
0.461697,3.30111,-0.158007,-0.55858,0.357762,7149.96,0
0.468257,3.54738,-0.457243,-0.622674,0.605597,7575.71,0
0.474761,3.60871,-0.611306,-0.80032,0.612697,7601.1,0
0.481313,3.56036,-0.626782,-0.957,0.493964,7397.17,0
0.487833,3.66252,-0.620115,-0.96743,0.579646,7507.74,0
0.494356,3.88044,-0.473279,-0.813337,0.791567,7849.48,0
0.500849,4.09903,-0.736011,-0.843389,0.973624,8184.16,0
0.507334,4.14592,-0.949995,-1.24678,0.917055,8171.96,0
0.513851,3.95656,-1.14111,-1.42772,0.608408,7699.82,0
0.520337,3.90274,-1.00247,-1.63506,0.502494,7500.42,0
0.526839,3.81417,-1.10602,-1.12103,0.355051,7239.73,0
0.533329,3.87165,-0.91091,-1.2424,0.408338,7259.39,0
0.539822,4.04752,-0.970752,-1.12178,0.587462,7497.87,0
0.546296,4.00519,-0.730012,-1.2597,0.482498,7331.54,0
0.552736,4.07853,-0.669714,-1.46822,0.537892,7378.81,0
0.55929,4.15286,-0.608554,-1.37397,0.578633,7425.25,0
0.565814,4.34898,-0.544639,-1.39617,0.735227,7686.24,0
0.572348,4.36234,-0.755125,-1.62398,0.683077,7621.83,0
0.578829,4.44799,-0.846442,-1.76983,0.712775,7684.47,0
0.58531,4.40473,-1.24602,-1.76373,0.594242,7525.45,0
0.591807,4.49851,-0.985723,-1.87698,0.636743,7601.31,0
0.598247,4.69978,-0.838358,-1.77964,0.811727,7855.91,0
0.604694,4.60382,-0.71078,-1.64704,0.603209,7613.48,0
0.611155,4.64057,-0.65818,-1.76626,0.577107,7593.13,0
0.617669,4.73684,-0.488532,-1.75842,0.623443,7668.91,0
0.624175,4.76917,-0.378685,-1.51672,0.613483,7640.76,0
0.630702,4.73455,-0.305587,-1.32711,0.525043,7506.79,0
0.637193,4.58637,-0.275712,-1.38208,0.293864,7197.77,0
0.643734,4.74287,-0.273532,-1.3341,0.469785,7367.75,0
0.650252,4.50573,-0.608463,-1.20743,0.150926,6929.21,0
0.656733,4.77123,-0.877756,-1.21995,0.465033,7265.1,0
0.663231,4.96496,-0.951474,-1.40049,0.652934,7486.02,0
0.669751,4.99884,-1.01825,-1.43703,0.635547,7463.73,0
0.676289,5.07329,-1.06077,-1.62411,0.672462,7501.66,0
0.682796,5.21251,-1.21156,-1.76264,0.758475,7634.07,0
0.689287,5.44523,-1.05646,-1.55256,0.930076,7899.8,0
0.695799,5.44273,-1.29356,-1.37975,0.822321,7822.27,0
0.702356,5.53615,-1.33243,-1.35548,0.848853,7882.25,0
0.708879,5.26595,-1.19728,-1.61759,0.446603,7428.55,0
0.715374,5.46953,-1.16375,-1.50247,0.640128,7645.7,0
0.721851,5.69077,-1.12199,-1.44464,0.840715,7883.58,0
0.728367,5.82286,-1.07271,-1.41384,0.902677,7994.4,0
0.734916,5.75501,-0.801037,-1.50681,0.74384,7830.85,0
0.741427,5.51162,-0.725841,-1.27813,0.389411,7433.81,0
0.747939,5.53648,-0.672655,-1.4321,0.382418,7402.31,0
0.754454,5.47174,-0.664467,-1.14508,0.280393,7252.58,0
0.761003,5.59308,-0.494959,-1.17687,0.407782,7349.62,0
0.767503,5.40708,-0.592248,-1.14937,0.14998,7045.03,0
0.774027,5.64026,-0.392044,-0.992653,0.417201,7286.9,0
0.780529,5.34681,-0.374736,-1.02655,0.042506,6850.24,0
0.787065,5.49704,-0.466977,-0.979362,0.224464,6984.22,0
0.793538,5.69165,-0.462679,-1.14054,0.433356,7172.5,0
0.800057,5.82609,-0.722264,-1.11147,0.570642,7282.09,0
0.806575,6.10503,-0.615849,-1.03948,0.828743,7569.09,0
0.813081,6.34031,-0.604509,-0.714705,1.02684,7797.89,0
0.819575,6.64799,-0.802357,-0.813635,1.2433,8111.51,0
0.82603,6.51071,-0.974177,-0.778939,0.929325,7881.93,0
0.83253,6.75277,-0.949924,-0.981371,1.09468,8111.14,0
0.839051,6.57027,-1.20709,-1.36071,0.769503,7830.6,0
0.845594,6.9347,-1.13052,-1.39948,1.10025,8200.98,0
0.8521,6.99106,-1.02626,-1.35044,1.05208,8204.51,0
0.858541,6.91913,-0.821628,-0.932627,0.814182,8059.17,0
0.865046,7.0645,-1.0954,-0.77194,0.877988,8166.62,0
0.871557,7.14996,-0.940722,-0.914658,0.873766,8203.66,0
0.878081,7.0024,-1.12294,-1.02441,0.61275,7974.67,0
0.884574,6.91371,-0.661045,-1.15367,0.456575,7815.87,0
0.891036,6.62083,-0.728776,-1.07925,0.0753485,7430.48,0
0.897458,6.64555,-0.630693,-1.06937,0.102877,7404.85,0
0.903951,6.68149,-0.521104,-1.02086,0.137279,7391.43,0
0.910405,6.60033,-0.439955,-0.964153,0.0319582,7249.88,0
0.91688,6.64453,-0.381622,-0.897766,0.0842434,7246.89,0
0.923393,6.61823,-0.424804,-0.909825,0.0479611,7167.29,0
0.929859,6.63841,-0.668037,-0.932128,0.0690605,7139.16,0
0.93633,6.77285,-0.638344,-0.782526,0.226311,7233.4,0
0.942828,6.69846,-0.709729,-0.642375,0.124948,7104.65,0
0.949307,6.70387,-0.844129,-0.621754,0.128988,7061.86,0
0.955783,6.73101,-0.75942,-0.504349,0.155191,7042.41,0
0.962296,6.90471,-0.732297,-0.511952,0.352013,7175.24,0
0.968786,6.85973,-0.876999,-0.306753,0.275061,7080.75,0
0.975287,6.77887,-0.713742,-0.314813,0.147545,6950.64,0
0.981781,6.93904,-0.679535,-0.370026,0.330807,7067.81,0
0.988277,7.0837,-0.881344,-0.454632,0.474187,7167.73,0
0.994817,7.34632,-0.653883,-0.609631,0.747032,7384.59,0
1.00133,7.15721,-0.601555,-0.556707,0.43851,7147.68,0
1.00782,7.2461,-0.461996,-0.269349,0.510893,7189.85,0
1.0143,7.33368,-0.356404,-0.270144,0.559647,7230.3,0
1.02079,7.24426,-0.389696,-0.168468,0.401604,7096.71,0
1.02729,7.33871,-0.409329,-0.126388,0.480056,7143.73,0
1.03378,7.40959,-0.588261,0.088217,0.53216,7167.46,0
1.04028,7.56188,-0.548911,0.129689,0.666216,7269.06,0
1.04681,7.45021,-0.645209,0.343873,0.484093,7117.08,0
1.05335,7.41836,-0.55891,0.393253,0.400617,7042.62,0
1.05982,7.77281,-0.703347,0.563018,0.793012,7334.08,0
1.06631,7.8313,-0.455126,0.875216,0.770578,7344.31,0
1.07284,8.23195,-0.100697,0.838549,1.14269,7673.08,0
1.07933,8.49393,-0.153022,0.535048,1.30977,7869.66,0
1.08585,8.59418,-0.239576,0.644779,1.25214,7914.72,0
1.09236,8.61553,-0.0172236,0.781034,1.11106,7887.1,0
1.09887,8.83707,-0.0394381,0.762807,1.23365,8041.99,0
1.10536,8.8556,0.0904474,0.851016,1.0781,8011.49,0
1.11187,8.928,0.26575,0.617794,1.02068,8029.71,0
1.1184,8.93763,0.135163,0.547533,0.899319,7991.42,0
1.12492,8.88317,0.638958,0.48961,0.748955,7896.69,0
1.13143,8.83922,0.819083,0.505703,0.596149,7812.4,0
1.13791,8.94141,0.979346,0.387987,0.658803,7857.75,0
1.14442,8.88184,1.01968,0.613223,0.519355,7760.98,0
1.15094,9.19639,1.05845,0.517088,0.836297,7990.32,0
1.15742,9.18535,0.91258,0.0374624,0.74753,7936.03,0
1.16392,9.28039,0.984236,0.0791388,0.791892,7973.41,0
1.17042,9.38785,0.932929,0.356602,0.849564,8020.93,0
1.17692,9.39267,0.803303,0.333622,0.753856,7980.69,0
1.18348,9.63908,0.84503,0.355323,0.948625,8144.71,0
1.19002,9.255,1.09692,0.248119,0.384696,7777.16,0
1.19656,9.38515,0.901804,0.267137,0.505097,7843.47,0
1.20306,9.51775,0.909617,0.00250559,0.617793,7911.25,0
1.20964,9.52938,1.35389,0.344705,0.555495,7877.88,0
1.21615,9.62181,1.18237,-0.0685082,0.618328,7911.67,0
1.22269,9.69517,1.38627,-0.320555,0.648741,7929.4,0
1.22918,9.78262,1.20114,-0.365069,0.686717,7958.64,0
1.23568,9.82419,1.273,-0.096544,0.668142,7950.42,0
1.24222,10.0001,1.26832,0.0925763,0.820854,8050.15,0
1.24872,9.54616,1.43816,0.171318,0.212603,7644.75,0
1.25522,9.48467,1.47342,0.0525296,0.131481,7556.18,0
1.26176,9.72128,1.51039,-0.0294934,0.411103,7704.56,0
1.26826,9.56817,1.541,-0.0661384,0.196567,7544.36,0
1.2747,9.4707,1.53714,-0.227172,0.0698323,7429.72,0
1.28121,9.54937,1.61998,-0.142906,0.165511,7453.37,0
1.2877,9.64043,1.33277,0.0079266,0.269316,7486.52,0
1.29422,9.71999,1.38068,-0.0941345,0.350509,7510.32,0
1.30073,9.71884,1.37421,0.188406,0.329124,7471.82,0
1.30727,9.76886,1.58442,0.0852082,0.364697,7472.75,0
1.31379,9.62927,1.5636,0.131874,0.17076,7329.37,0
1.32025,9.71202,1.81847,0.0333223,0.258819,7356.19,0
1.32675,9.59137,1.90838,-0.207913,0.0927489,7229.23,0
1.33324,9.78054,2.02098,-0.339319,0.31948,7335.9,0
1.33976,9.88424,1.85063,-0.490572,0.40502,7377.65,0
1.34625,9.73039,1.67872,-0.435979,0.198409,7227.76,0
1.35281,9.751,1.78699,-0.550239,0.212348,7207.95,0
1.35937,9.67654,1.76062,-0.536489,0.106321,7118.42,0
1.36585,9.70254,1.68545,-0.688689,0.137093,7103.69,0
1.37234,9.78591,1.94507,-0.583952,0.236688,7130.84,0
1.37884,10.1108,1.83685,-0.677104,0.608782,7332.87,0
1.38538,10.4021,1.92981,-0.582247,0.860027,7508.48,0
1.3919,10.5289,2.01342,-0.358241,0.920652,7564.37,0
1.3984,10.7667,1.98423,-0.546586,1.08625,7699.3,0
1.40488,10.3581,2.01374,-0.359285,0.46797,7372.94,0
1.41139,10.3444,2.1669,-0.370142,0.416556,7329.18,0
1.41791,10.4685,2.29634,-0.232427,0.531628,7383.1,0
1.42442,10.4186,2.26017,-0.356954,0.422402,7314.26,0
1.43092,10.2528,2.22552,-0.519851,0.195287,7165.17,0
1.43745,10.2848,1.93961,-0.533108,0.211136,7154.92,0
1.44392,10.4334,2.01745,-0.671511,0.376554,7225.78,0
1.45045,10.4255,2.09566,-0.664009,0.341748,7187.73,0
1.45696,10.2644,2.10855,-0.651316,0.123658,7045.06,0
1.46344,10.2446,2.12284,-0.605331,0.097575,7000.37,0
1.46998,10.3965,2.09189,-0.690049,0.275203,7072.51,0
1.47648,10.3294,2.08584,-0.867013,0.17581,6995.95,0
1.48295,10.2768,1.74389,-0.818889,0.100637,6929.97,0
1.48944,10.5301,1.48642,-0.837582,0.397108,7069.85,0
1.49596,10.6814,1.39562,-0.608386,0.531365,7140.19,0
1.50247,10.7166,1.40489,-0.654771,0.527837,7132.69,0
1.50897,10.7529,1.11755,-0.531649,0.52207,7125.96,0
1.51548,10.8344,1.20268,-0.599097,0.571308,7149.19,0
1.52202,10.7755,0.917972,-0.54276,0.442358,7079.75,0
1.52858,10.7802,0.933877,-0.424055,0.417452,7052.45,0
1.53509,10.8844,0.808499,-0.214251,0.503753,7090.44,0
1.54159,10.7671,0.88834,-0.221626,0.325658,6984.39,0
1.54808,10.7824,0.907229,-0.283372,0.323334,6965,0
1.5546,10.736,1.02546,-0.0356238,0.247203,6905.95,0
1.56108,10.6495,0.994749,-0.0162691,0.125164,6821.87,0
1.56756,10.595,1.01315,0.0680259,0.0532658,6758.93,0
1.57407,10.5985,1.05494,-0.0383459,0.0552749,6733.18,0
1.58056,10.8079,0.783057,-0.0176734,0.299016,6838.04,0
1.58707,10.8255,0.596663,0.057473,0.30638,6821.06,0
1.59363,10.7609,0.851354,0.0286342,0.211676,6752.43,0
1.60012,10.7582,0.862551,0.111136,0.199711,6723.33,0
1.60664,10.7662,0.771519,-0.016054,0.198112,6701.11,0
1.61317,10.9266,0.981128,-0.1104,0.375629,6773.39,0
1.61971,10.9209,1.20022,-0.132649,0.339567,6742.53,0
1.62624,10.949,1.31022,0.0200771,0.34757,6732.72,0
1.63274,10.7271,1.42543,0.0386607,0.0503789,6570.02,0
1.63925,10.792,1.60339,-0.110226,0.125263,6583.49,0
1.64581,10.8871,1.49718,-0.375154,0.233633,6615.05,0
1.6523,10.8582,1.48601,-0.696619,0.18448,6571.59,0
1.65881,10.815,1.52179,-0.843796,0.119448,6519.71,0
1.66531,10.7412,1.63538,-0.837343,0.0246381,6449.98,0
1.6718,10.7893,1.66942,-0.730182,0.0816205,6453.72,0
1.67836,10.9858,1.44569,-0.775627,0.319646,6545.58,0
1.68485,10.8311,1.59252,-0.764801,0.100646,6428.48,0
1.69143,10.8923,1.76995,-0.722269,0.168512,6439.71,0
1.69789,11.1215,1.44821,-0.953723,0.4254,6550.17,0
1.70441,11.0961,1.19752,-0.893762,0.354661,6510.22,0
1.71094,11.0516,1.07173,-0.870684,0.272976,6459.35,0
1.71747,11.2577,1.04914,-0.612953,0.50462,6554.81,0
1.72397,11.3197,1.28916,-0.813665,0.540214,6566.08,0
1.73049,11.305,1.35953,-1.06589,0.471645,6532.83,0
1.73699,11.3582,1.54421,-1.05568,0.49778,6539.01,0
1.74349,11.1802,1.56439,-0.839738,0.250883,6412.52,0
1.74998,11.4474,1.63409,-0.729972,0.556694,6541.43,0
1.75649,11.456,1.49809,-0.537205,0.526703,6522.13,0
1.76298,11.5998,1.46547,-0.643582,0.646414,6579.65,0
1.76945,11.713,1.64643,-0.708531,0.715644,6619.58,0
1.77596,11.7911,2.04152,-0.934292,0.739796,6639.29,0
1.78246,11.6878,1.99844,-1.05098,0.562817,6557.12,0
1.78899,11.8807,2.04169,-0.838374,0.721548,6641.02,0
1.79549,11.8723,2.1651,-0.815413,0.636398,6612.31,0
1.80203,11.8376,2.15227,-0.631223,0.546277,6569.05,0
1.8085,11.821,2.3236,-0.412235,0.485975,6536.32,0
1.815,12.0621,2.47045,-0.407072,0.743618,6645.78,0
1.82152,12.0419,2.76484,-0.322686,0.617964,6610.9,0
1.82802,11.9006,2.68579,-0.28715,0.398055,6510.12,0
1.8345,12.1653,2.45622,-0.303087,0.677569,6631.41,0
1.84102,12.0992,2.33974,-0.762247,0.519364,6572.03,0
1.84753,11.9939,2.36794,-0.443249,0.350432,6491.87,0
1.85407,12.1128,2.2541,-0.793643,0.456116,6533.11,0
1.86058,11.9878,2.13133,-0.528024,0.272745,6443.02,0
1.86712,12.127,1.73061,-0.693109,0.410212,6495.05,0
1.87363,12.1246,1.97945,-0.755847,0.36294,6471.2,0
1.88016,11.9504,1.96747,-0.831666,0.132304,6356.07,0
1.88669,11.8877,1.61183,-0.844929,0.0484269,6300.83,0
1.89315,12.019,1.86316,-0.785829,0.203814,6348.68,0
1.89962,11.9837,1.80277,-0.757168,0.157158,6308.45,0
1.90615,12.145,1.93605,-0.904574,0.346918,6371.49,0
1.91267,12.1568,2.06237,-0.739621,0.334041,6355.92,0
1.91919,12.0655,2.15022,-0.732694,0.207296,6286.78,0
1.92569,12.0226,2.29633,-0.565839,0.144152,6243.28,0
1.93223,11.9687,2.42926,-0.405748,0.0708898,6194.22,0
1.93875,12.0265,2.49258,-0.294464,0.140042,6203.24,0
1.94526,12.1379,2.41156,-0.460881,0.268689,6239.74,0
1.95177,12.3042,2.57648,-0.698426,0.453511,6304.15,0
1.95828,12.0811,2.74814,-0.785655,0.14814,6169.24,0
1.96482,12.4146,2.56564,-0.925442,0.537819,6318.41,0
1.97129,12.7096,2.63941,-0.675253,0.822687,6447.34,0
1.97782,12.9853,2.65052,-0.567806,1.04498,6565.48,0
1.98431,13.1339,2.66246,-0.684494,1.09352,6618.87,0
1.99081,12.8192,2.6619,-0.717837,0.587858,6439.21,0
1.99734,12.9609,2.66002,-0.689809,0.716817,6489.08,0
2.00384,12.7456,2.65134,-0.641467,0.384742,6360.6,0
2.01035,12.7066,2.51803,-0.602721,0.313515,6320.6,0
2.01683,13.1505,2.48388,-0.612654,0.810674,6520.39,0
2.02336,13.222,2.78771,-0.652347,0.805543,6534.71,0
2.02985,13.3008,2.84959,-0.684015,0.823739,6552.6,0
2.03637,12.9105,2.87709,-0.730625,0.289984,6339.97,0
2.04291,12.8841,3.07757,-0.35056,0.240881,6306.73,0
2.04941,12.9118,3.15337,-0.456237,0.26614,6300.23,0
2.05592,12.7848,3.2513,-0.433653,0.1016,6218.54,0
2.06242,12.9072,3.31702,-0.387283,0.242631,6258.27,0
2.06894,12.975,3.45932,-0.325704,0.303533,6271.34,0
2.07546,12.8083,3.51499,-0.147455,0.086572,6171.31,0
2.08194,13.0102,3.54054,0.00834749,0.31879,6249.06,0
2.08841,13.0109,3.4778,-0.0635379,0.299486,6230.07,0
2.09492,13.0706,3.21997,-0.207314,0.354561,6239.21,0
2.10142,13.0908,3.21742,-0.252011,0.349824,6229.51,0
2.10796,13.4049,3.19966,-0.29372,0.69892,6359.16,0
2.11448,13.4419,3.20922,-0.136405,0.675815,6357.07,0
2.12095,13.3593,2.93701,-0.202533,0.508694,6298.74,0
2.12743,13.4419,3.01608,-0.124135,0.5513,6318.4,0
2.13391,13.2521,3.03922,-0.446716,0.266702,6210.27,0
2.14044,13.3153,3.18752,-0.438672,0.332365,6220.83,0
2.14694,13.3117,3.18664,-0.199852,0.301646,6200.33,0
2.15349,13.379,3.26191,-0.302884,0.360015,6212.69,0
2.16002,13.3405,3.29018,-0.310582,0.288546,6176.09,0
2.1665,13.4429,3.40615,-0.131078,0.388273,6204.88,0
2.173,13.5114,3.48421,-0.298534,0.437712,6217.87,0
2.17951,13.3855,3.41155,-0.425857,0.253566,6141.53,0
2.18602,13.588,3.42181,-0.390625,0.477857,6215.86,0
2.19253,13.6922,3.10644,-0.485435,0.550925,6244.94,0
2.19905,13.7417,3.06036,-0.790201,0.557539,6248.92,0
2.20557,13.924,3.04009,-1.16076,0.73128,6313.12,0
2.21209,14.0093,2.99465,-1.39561,0.762115,6333.06,0
2.21857,14.0535,3.44028,-1.17892,0.718042,6334.49,0
2.22511,14.1448,3.68272,-1.08989,0.741827,6356.91,0
2.2316,13.9113,3.76382,-0.690566,0.406552,6233.77,0
2.23812,14.0472,3.80282,-0.65608,0.523102,6276.36,0
2.2446,13.8027,3.76662,-0.482403,0.199854,6149.31,0
2.25112,14.0867,3.54974,-0.517078,0.520059,6257.64,0
2.25768,13.9171,3.57767,-0.611294,0.262465,6164.34,0
2.26419,14.0101,3.73024,-1.04989,0.354798,6187.72,0
2.27067,14.4103,3.352,-1.29911,0.802474,6346.31,0
2.27723,14.5548,3.22576,-1.44006,0.886143,6391.46,0
2.28375,14.3237,3.44701,-1.62043,0.524349,6272.02,0
2.2902,14.3654,3.81688,-1.59411,0.525793,6272.54,0
2.29673,14.7324,3.94646,-1.60712,0.895456,6414.5,0
2.30325,14.5073,3.89986,-1.57352,0.543954,6298.61,0
2.30977,14.4881,3.83872,-1.76489,0.470857,6272.54,0
2.31627,14.6532,3.56055,-1.81896,0.626687,6326.23,0
2.3228,14.5201,3.68059,-1.7569,0.406779,6251.12,0
2.32932,14.3871,3.71893,-1.77523,0.216502,6176.53,0
2.33578,14.5789,3.54626,-1.47741,0.434925,6241.56,0
2.34233,14.4734,3.73597,-1.46609,0.28014,6179.07,0
2.34883,14.5479,3.68067,-1.71297,0.348446,6193.67,0
2.35537,14.6849,3.70456,-1.93204,0.47985,6234.64,0
2.36187,14.6774,3.47286,-1.90593,0.427713,6214.34,0
2.36836,15.0012,3.27506,-1.72164,0.788657,6334.01,0
2.37488,14.9506,3.22113,-1.34518,0.633323,6295.29,0
2.38138,14.8131,3.2215,-1.47748,0.422617,6220.38,0
2.38792,14.619,3.24931,-1.50244,0.168037,6122.07,0
2.3944,14.7769,3.42481,-1.5377,0.348982,6171.43,0
2.40092,14.7137,3.26459,-1.46215,0.244868,6128.38,0
2.40744,14.5822,3.31266,-1.39097,0.0713474,6057.11,0
2.41394,14.5387,3.4785,-1.25231,0.0131522,6022.82,0
2.42042,14.7527,3.49078,-1.33845,0.270842,6095.11,0
2.42693,14.6622,3.11455,-1.13559,0.133707,6041.45,0
2.43348,14.6904,3.26996,-1.16403,0.15137,6036.8,0
2.44,14.7035,3.32512,-1.01571,0.159783,6026.04,0
2.44649,14.6959,3.17286,-1.21302,0.137709,6006.92,0
2.45294,14.7715,3.19674,-1.33931,0.222436,6021.97,0
2.45947,14.9003,3.08028,-1.59177,0.354847,6058.35,0
2.46595,14.8045,3.21482,-1.6124,0.22022,6003.58,0
2.4725,14.9817,3.3219,-1.86243,0.413112,6059.34,0
2.47901,15.0111,3.17264,-1.82407,0.404497,6055.27,0
2.48555,15.0191,2.71286,-2.11396,0.383178,6042.54,0
2.49207,15.1834,2.71902,-1.79534,0.55326,6092.69,0
2.49857,15.0025,2.66519,-1.58314,0.299794,6004.45,0
2.50511,15.1991,2.59675,-1.41151,0.512569,6067.23,0
2.51163,15.2571,2.49153,-1.64297,0.550221,6074.61,0
2.5181,15.0068,2.56306,-1.6803,0.197146,5959.59,0
2.52465,15.1668,2.8071,-1.72972,0.375628,6007.48,0
2.53114,15.1056,2.83689,-1.98105,0.27254,5967.92,0
2.53763,15.1552,2.73536,-2.03225,0.306938,5972.19,0
2.54411,15.0602,2.57022,-2.13503,0.174967,5919.63,0
2.5506,15.1785,2.53978,-2.12796,0.296548,5950.94,0
2.55717,15.4608,2.49833,-2.04232,0.594305,6046.06,0
2.56366,15.7178,2.27429,-2.25452,0.837769,6131.03,0
2.57016,15.8164,2.10498,-2.37126,0.857997,6153.84,0
2.57668,15.9788,2.10846,-2.1709,0.956452,6201.33,0
2.5832,15.7244,2.30835,-2.10816,0.556189,6087.18,0
2.5897,15.8247,1.99593,-1.94418,0.616072,6110.61,0
2.59624,15.7179,2.28373,-2.10769,0.423753,6054.11,0
2.60277,15.9091,2.3375,-2.29695,0.624825,6112.36,0
2.6093,15.9542,2.24351,-2.10567,0.612206,6114.35,0
2.61581,15.8863,2.38079,-2.10041,0.466894,6073.19,0
2.62232,16.0136,2.27189,-1.95344,0.57694,6106.64,0
2.62884,16.1884,2.43505,-1.78634,0.725582,6158,0
2.63538,16.2334,2.63919,-1.71998,0.712591,6159.77,0
2.64192,16.4403,2.74585,-1.31699,0.879551,6222.86,0
2.64841,16.4757,2.54021,-1.34674,0.82918,6220.99,0
2.65494,16.3514,2.62097,-1.61846,0.601911,6158.84,0
2.66146,16.0893,2.66934,-1.90166,0.239964,6045.31,0
2.66793,16.0983,2.83828,-1.94417,0.233326,6034.02,0
2.67448,16.0773,2.61807,-1.76017,0.182146,6011.4,0
2.681,16.2951,2.33459,-1.40611,0.443217,6077.98,0
2.68753,16.455,2.44857,-1.17047,0.586119,6122.74,0
2.69404,16.4349,2.33499,-1.07737,0.5147,6100.47,0
2.70058,16.2832,2.41311,-0.648863,0.281419,6029.53,0
2.70709,16.369,2.51221,-0.752276,0.369061,6046.71,0
2.71357,16.7049,2.27572,-0.573022,0.741734,6156.07,0
2.7201,16.7826,2.38171,-0.802298,0.766405,6169.86,0
2.72662,16.8284,2.44001,-0.80581,0.72502,6171.89,0
2.73315,16.5096,2.4519,-1.00746,0.282411,6040.5,0
2.73965,16.4585,2.50706,-1.0446,0.202353,6007.52,0
2.74614,16.6675,2.52707,-1.04222,0.444122,6069.41,0
2.75264,16.543,2.87902,-0.942865,0.262045,6009.86,0
2.75917,16.7481,2.85325,-1.11766,0.482275,6070,0
2.76567,17.1147,3.31169,-1.07697,0.860345,6188.27,0
2.77215,16.8259,3.43283,-1.10275,0.417739,6069.6,0
2.77868,16.9982,3.6178,-1.41966,0.589676,6117.38,0
2.78519,16.8965,3.38989,-1.25087,0.41298,6066.54,0
2.79172,17.0433,3.2478,-1.34022,0.559508,6104.96,0
2.79823,16.8208,3.0237,-1.20617,0.247819,6011.23,0
2.80474,17.0482,3.09041,-1.23542,0.507981,6078.35,0
2.81123,17.23,2.93622,-1.38304,0.668944,6128.98,0
2.81773,17.5707,2.8889,-1.14299,0.995351,6235.78,0
2.82425,17.5375,2.71421,-1.23564,0.853027,6209.61,0
2.83075,17.7774,2.75221,-1.73994,1.01428,6280.11,0
2.83722,17.6653,2.7827,-1.56825,0.760393,6226.28,0
2.84374,17.5393,2.4686,-1.67157,0.541249,6167.7,0
2.8503,17.6926,2.34686,-1.5622,0.684627,6207.29,0
2.85679,17.7859,2.57672,-1.64974,0.726571,6225.84,0
2.86328,17.8224,2.82366,-1.68495,0.705261,6224.47,0
2.8698,18.0158,2.82911,-2.03195,0.838668,6277.73,0
2.87633,18.1572,3.01507,-2.51764,0.931246,6312.63,0
2.88285,17.9934,3.13084,-2.53932,0.635568,6241.54,0
2.88937,17.8933,3.13852,-2.71233,0.468512,6192.81,0
2.89589,17.923,2.9964,-2.59444,0.471713,6189.11,0
2.9024,17.9046,2.92021,-2.39155,0.405384,6168.9,0
2.90895,17.8415,2.64057,-2.32735,0.278434,6133.33,0
2.91545,18.0473,2.57957,-2.2366,0.504363,6190.23,0
2.92193,18.1744,2.75342,-2.2056,0.608188,6219.98,0
2.92848,18.3841,2.50233,-2.31278,0.794959,6277.69,0
2.935,18.4237,2.47354,-2.10438,0.756899,6277.25,0
2.94151,18.456,2.63132,-2.15783,0.720223,6274.32,0
2.94798,18.6076,2.38983,-2.19755,0.814956,6311.98,0
2.95447,18.5096,2.50062,-2.26097,0.612608,6264.94,0
2.96098,18.3454,2.23295,-2.13355,0.362886,6195.72,0
2.96748,18.2965,2.02398,-2.31708,0.277775,6165.66,0
2.97399,18.6008,2.03887,-2.31769,0.616339,6254.48,0
2.9805,18.6802,2.12014,-2.1605,0.643265,6267.48,0
2.987,18.6243,2.47665,-2.21402,0.515445,6235.13,0
2.99351,18.7634,2.60147,-2.16133,0.62096,6268.02,0
3.00003,18.8642,2.5739,-1.9119,0.680458,6288,0
3.00655,19.0701,2.68366,-1.90556,0.86054,6342.86,0
3.01301,18.8201,2.82761,-1.87258,0.462746,6246.26,0
3.01952,18.906,3.06483,-1.63131,0.515862,6261.26,0
3.02605,18.9356,2.8589,-1.75109,0.501799,6257.52,0
3.03258,18.6439,2.70201,-1.52034,0.114826,6147.86,0
3.03911,18.7324,2.69491,-1.32554,0.221072,6163.76,0
3.04565,18.8112,2.84089,-1.44491,0.306721,6176.42,0
3.05218,18.6137,2.70082,-1.52836,0.0457363,6098.5,0
3.05872,18.6668,2.62273,-1.52916,0.110606,6102.8,0
3.06527,19.0484,2.56533,-1.43275,0.541863,6214.26,0
3.07173,19.5062,2.52242,-1.62284,1.00481,6350.23,0
3.07823,19.5417,2.12896,-1.52791,0.938915,6348.36,0
3.08475,19.5866,2.24793,-1.23814,0.88457,6349.5,0
3.09127,19.3889,2.06631,-1.24436,0.559359,6272.15,0
3.09777,19.375,2.3242,-0.938928,0.486685,6254.51,0
3.10431,19.2913,2.269,-1.20062,0.341254,6214.35,0
3.11081,19.3473,2.2641,-1.0361,0.378301,6219.38,0
3.11735,19.4866,2.16447,-1.47657,0.503936,6251.01,0
3.12384,19.4663,2.19187,-1.35137,0.431429,6231.52,0
3.13036,19.6043,2.12685,-1.34185,0.552097,6262.62,0
3.1369,19.5636,2.14384,-1.39242,0.458895,6236.6,0
3.14338,19.7428,2.19777,-1.19219,0.639008,6280.74,0
3.14989,19.6768,2.45593,-0.885087,0.496683,6246.81,0
3.15644,19.5446,2.71442,-1.04009,0.306975,6191.99,0
3.16291,19.4592,2.88725,-1.2012,0.189112,6152.3,0
3.16947,19.6905,2.88181,-1.20016,0.462208,6212.54,0
3.17597,19.7458,2.85705,-1.31169,0.47417,6217.23,0
3.18247,19.7302,2.95907,-1.37611,0.42051,6199.67,0
3.18896,19.7772,2.81128,-1.69693,0.433915,6201.76,0
3.19545,19.5577,2.7655,-1.86852,0.139679,6120.48,0
3.202,19.7739,2.70418,-1.82617,0.393724,6175.49,0
3.20854,19.5575,2.8846,-1.87469,0.105715,6095.45,0
3.21503,19.4877,3.00153,-1.79978,0.0168669,6061.45,0
3.22154,19.5584,3.00943,-1.7877,0.103315,6071.13,0
3.22806,19.558,3.06217,-1.72576,0.100431,6058.76,0
3.23454,19.5488,3.08001,-1.56739,0.0875999,6043.78,0
3.24104,19.7028,3.19282,-1.70311,0.273704,6079.15,0
3.24754,19.6382,2.8337,-1.81786,0.170231,6047.1,0
3.25408,19.6857,2.8865,-1.77316,0.216539,6049.55,0
3.26061,19.9358,2.85345,-2.06145,0.504462,6114.14,0
3.26709,19.9516,2.5337,-2.09035,0.458282,6106.85,0
3.27362,19.7473,2.76264,-1.94453,0.180991,6032.24,0
3.28009,19.8107,2.3435,-1.66337,0.245432,6039.68,0
3.28658,20.2712,2.43791,-1.9628,0.769764,6167.88,0
3.29307,20.2171,2.44265,-2.3324,0.61703,6139.29,0
3.29956,20.1818,2.83629,-2.40246,0.515569,6116.51,0
3.3061,20.4475,2.77831,-2.318,0.76485,6184.76,0
3.31264,20.6347,2.67237,-2.23408,0.88999,6229.07,0
3.31913,20.8493,2.51951,-2.38223,1.02521,6281.55,0
3.32566,21.2906,2.44813,-2.23104,1.41455,6401.91,0
3.33216,21.316,2.71649,-2.05334,1.23889,6397.07,0
3.33865,21.2717,2.96875,-2.05125,1.06135,6371.36,0
3.34514,21.3343,3.11778,-2.20735,1.00611,6377.71,0
3.35163,21.4085,2.92704,-2.39574,0.981512,6387.47,0
3.35815,21.0909,2.67324,-2.33208,0.489185,6280.53,0
3.36463,20.9544,2.65203,-2.25941,0.285536,6227.83,0
3.37114,20.9771,3.04193,-2.05702,0.299783,6222.56,0
3.37764,21.2664,2.76894,-2.31082,0.633537,6296.24,0
3.38411,21.3563,2.82499,-1.85067,0.662706,6310.75,0
3.39063,21.199,2.77411,-1.8123,0.406425,6252.25,0
3.3972,21.2811,2.53274,-2.00418,0.469517,6264.3,0
3.40371,21.4495,2.76834,-2.06176,0.63023,6301.8,0
3.41022,21.3937,3.02921,-1.92979,0.496891,6273.42,0
3.41672,21.5033,3.1625,-1.59012,0.585362,6293.55,0
3.42321,21.65,3.2896,-1.98961,0.704153,6324.48,0
3.42972,21.5822,3.66244,-2.00259,0.543108,6292.71,0
3.43619,21.781,3.79941,-1.93626,0.724599,6338.7,0
3.44271,21.6665,3.65013,-1.99383,0.534696,6293.44,0
3.44924,21.7334,3.8363,-2.04297,0.576382,6300.92,0
3.45574,21.7078,4.24577,-2.12313,0.501627,6281.68,0
3.46223,21.5185,4.12908,-1.92015,0.243576,6215.21,0
3.46872,21.5561,4.24996,-2.17094,0.267732,6214.44,0
3.47524,21.7586,4.43491,-2.18222,0.495531,6261.02,0
3.48173,21.7154,4.172,-2.24225,0.412689,6236.97,0
3.48824,21.4833,4.15729,-2.22401,0.102913,6158.78,0
3.49474,21.6989,4.34755,-2.31275,0.35785,6209.02,0
3.50128,21.6286,4.39313,-2.29498,0.244162,6177.32,0
3.5078,21.6828,4.54914,-1.84089,0.301282,6181.29,0
3.51433,21.51,4.61927,-2.02916,0.0697628,6120.67,0
3.52084,21.7484,4.60841,-2.07937,0.355718,6177.06,0
3.52738,21.8549,4.56204,-1.96084,0.470614,6195.8,0
3.53388,22.0318,4.70747,-1.6482,0.643137,6234.43,0
3.54032,21.86,4.80786,-1.48761,0.365554,6174.56,0
3.54683,21.762,4.79383,-1.53197,0.22666,6135.62,0
3.55334,21.7431,4.7454,-1.61097,0.185769,6119.08,0
3.55984,21.788,4.88909,-1.63855,0.232484,6120.49,0
3.56637,22.0234,5.05259,-1.59533,0.495948,6175.29,0
3.57285,21.9862,4.95039,-1.82997,0.402413,6153.69,0
3.57939,22.0073,4.99131,-1.78138,0.381986,6148.36,0
3.5859,22.0288,5.08537,-1.90211,0.376043,6143.16,0
3.5924,21.9809,5.21404,-1.83947,0.294543,6118.72,0
3.59886,22.128,4.97837,-1.90912,0.451498,6148.61,0
3.6054,22.1083,4.9521,-1.85863,0.387907,6132,0
3.61192,21.9271,4.94503,-1.77086,0.146919,6070.77,0
3.61841,22.1158,4.88491,-1.57844,0.362168,6112.02,0
3.62495,22.0413,4.67685,-1.23032,0.247797,6080.46,0
3.63144,22.1516,4.59339,-1.15526,0.363457,6099.94,0
3.63795,22.0598,4.5336,-0.959399,0.227323,6063.82,0
3.64446,21.9661,4.64192,-0.994206,0.0941217,6027.27,0
3.65097,22.2333,4.74692,-1.03496,0.41089,6089.7,0
3.65749,22.0667,4.70807,-1.05107,0.177501,6033.28,0
3.66401,22.1533,4.70463,-0.713797,0.259671,6046.18,0
3.67052,22.236,4.74214,-0.667442,0.336199,6057.99,0
3.67703,22.3281,4.87094,-0.849033,0.419981,6072.3,0
3.68354,22.72,5.00884,-0.725674,0.830551,6167.99,0
3.69008,22.7576,4.75406,-0.567517,0.774913,6167.24,0
3.69655,22.9338,4.85299,-0.641421,0.916225,6204.11,0
3.70307,22.9089,4.90925,-0.801175,0.765923,6186.46,0
3.70956,22.6789,5.10401,-1.02657,0.41692,6113.64,0
3.71607,22.8596,5.22236,-0.985965,0.599306,6151.55,0
3.72257,22.8731,5.43321,-0.842304,0.550059,6144.44,0
3.72904,22.4461,5.46961,-0.907631,0.00525693,6019.26,0
3.73554,22.4445,5.51811,-0.956091,0.00244937,6008.37,0
3.74205,22.4791,5.45893,-0.877105,0.0432834,6007.15,0
3.74856,22.4643,5.43247,-0.960179,0.0229547,5992.77,0
3.75508,22.7694,5.42418,-0.932743,0.388255,6063.62,0
3.76161,22.9667,5.45034,-1.04841,0.590598,6105.55,0
3.76812,22.9536,5.61468,-1.12088,0.51778,6091.52,0
3.77461,23.0061,6.20112,-0.9566,0.528128,6094.94,0
3.78115,23.1873,6.29474,-1.09041,0.696939,6132.35,0
3.78768,23.2885,6.52515,-1.22709,0.725903,6148.49,0
3.79419,23.2566,6.56726,-1.14629,0.617317,6129.52,0
3.80071,23.0127,6.64258,-1.17447,0.276748,6054.83,0
3.80719,23.1734,6.58562,-1.21419,0.453799,6086.76,0
3.81366,23.0069,6.52159,-1.20113,0.223798,6032.76,0
3.82022,23.0974,6.76949,-1.02816,0.316423,6046.09,0
3.82672,23.2138,6.83552,-1.0176,0.438154,6066.22,0
3.83318,22.9892,6.91081,-0.944116,0.146712,5997.42,0
3.83968,23.0907,6.9566,-1.04226,0.265033,6013.71,0
3.84614,23.1348,6.93572,-0.845325,0.309414,6015.05,0
3.8527,23.3073,7.02187,-0.98382,0.492315,6049.59,0
3.85922,23.4889,6.87295,-0.716118,0.668159,6086.44,0
3.86573,23.4974,6.57023,-0.758445,0.619539,6078.38,0
3.87224,23.4741,6.4904,-0.542947,0.519968,6062.14,0
3.87877,23.7775,6.24477,-0.550013,0.814477,6130.17,0
3.88528,23.6691,6.06928,-0.457979,0.608847,6091.98,0
3.89178,23.7002,5.95883,-0.425185,0.592559,6089.81,0
3.89832,23.8746,5.84613,-0.339989,0.725356,6124.34,0
3.90482,23.8334,5.53083,-0.785513,0.604897,6103.59,0
3.91129,23.5319,5.58076,-0.908442,0.19065,6016.4,0
3.91783,23.4867,5.56095,-1.05152,0.118251,5994.83,0
3.92437,23.8362,5.60815,-1.1735,0.532715,6073.91,0
3.93088,23.8934,5.47099,-1.21862,0.550785,6078.38,0
3.93737,23.9183,5.78085,-1.6116,0.520243,6074.7,0
3.94388,23.9731,5.73851,-1.48766,0.537943,6078.55,0
3.95039,23.9344,5.71875,-1.41459,0.457904,6058.76,0
3.95691,24.3547,5.74582,-1.28134,0.900906,6154.99,0
3.96342,24.5664,5.91252,-1.30479,1.04658,6198.27,0
3.9699,24.7564,6.08292,-1.58003,1.13442,6236.03,0
3.9764,24.8414,6.44847,-1.86355,1.0963,6247.22,0
3.98291,24.865,6.32696,-2.02187,0.98744,6242.92,0
3.98946,24.9698,5.88635,-1.93952,0.978813,6258.95,0
3.99598,24.9202,5.59799,-2.09647,0.829792,6236.32,0
4.00252,25.2382,5.50936,-2.21982,1.08366,6305.58,0
4.00903,25.1244,5.53519,-2.27675,0.809866,6266.95,0
4.0155,24.954,5.52981,-2.29807,0.518432,6214.41,0
4.02197,25.0966,5.63033,-2.30096,0.640468,6239.88,0
4.02846,24.9424,5.57817,-2.47163,0.402006,6191.54,0
4.03497,24.8232,5.45005,-2.36514,0.228903,6152.02,0
4.04147,24.9303,5.43188,-2.08532,0.344353,6168.6,0
4.04795,24.7583,5.68595,-2.0342,0.106679,6116.25,0
4.05448,24.7663,5.75864,-2.01606,0.111032,6108.37,0
4.06098,25.1398,5.54195,-1.82836,0.546173,6190.58,0
4.06744,25.2644,5.49176,-2.10904,0.631701,6211.38,0
4.07392,25.3642,5.2976,-1.82297,0.678466,6225.99,0
4.08043,25.8286,5.18506,-1.74077,1.12478,6329.87,0
4.08695,25.8721,5.01404,-1.87906,1.0344,6330.41,0
4.09347,25.9763,4.97714,-1.46349,1.01953,6345.8,0
4.09996,25.5175,4.77472,-1.55955,0.367233,6223.84,0
4.10647,25.3944,4.7991,-1.86089,0.190348,6184.01,0
4.113,25.3021,4.85631,-1.74461,0.0710307,6151.73,0
4.11954,25.3475,4.887,-1.4823,0.122889,6153,0
4.12599,25.542,4.87293,-1.48799,0.349115,6190.5,0
4.1325,25.6154,5.07796,-1.34533,0.410893,6198.53,0
4.13903,25.6497,5.0003,-1.45242,0.417112,6197.02,0
4.14557,25.6442,5.0117,-1.37036,0.373998,6185.94,0
4.1521,25.5736,5.08277,-1.35958,0.257549,6159.19,0
4.15858,25.8368,5.29455,-1.30764,0.553154,6212.88,0
4.16509,25.9095,5.43097,-1.08754,0.591107,6220.64,0
4.17158,25.9075,5.37599,-1.25576,0.534032,6210.47,0
4.1781,26.0103,5.3631,-1.41782,0.614915,6225.39,0
4.1846,26.1362,5.37554,-1.52519,0.695657,6245.8,0
4.19112,26.4361,5.54538,-1.47149,0.970559,6307.66,0
4.19764,26.2267,5.68348,-1.53546,0.629732,6247.95,0
4.20417,26.2971,5.57899,-1.37979,0.665976,6255,0
4.21069,26.5273,5.74568,-1.29089,0.876924,6299.98,0
4.2172,26.5461,5.59854,-1.37452,0.834675,6294.72,0
4.2237,26.535,5.89497,-1.38183,0.751922,6282.4,0
4.23019,26.4314,5.78888,-1.37702,0.545747,6248.27,0
4.23667,26.472,5.7417,-1.43554,0.546988,6248.31,0
4.24319,26.1807,5.50428,-1.61439,0.159078,6170.06,0
4.24969,26.2985,5.1845,-1.71394,0.287795,6188.34,0
4.25623,26.2177,5.31583,-1.81077,0.179336,6159.84,0
4.26271,26.4083,5.40876,-1.83069,0.396787,6195.19,0
4.26922,26.4814,5.21909,-1.67134,0.445691,6202.86,0
4.27576,26.6024,5.06404,-1.57024,0.544511,6221.68,0
4.28225,26.4564,5.1365,-1.63806,0.316306,6178.15,0
4.28875,26.7744,5.2335,-1.69941,0.667384,6242.94,0
4.29528,26.417,5.22198,-1.4906,0.187108,6150.24,0
4.30184,26.7801,5.23246,-1.35337,0.610769,6225.26,0
4.30835,26.8925,5.19196,-1.41639,0.681362,6241.94,0
4.31485,27.0907,5.08876,-1.49138,0.844419,6278.46,0
4.32135,27.4914,5.64455,-1.34609,1.21696,6361.77,0
4.32786,27.2647,5.72066,-1.14663,0.786562,6299.81,0
4.33437,27.4254,5.62912,-1.28002,0.888533,6327.43,0
4.34083,26.9135,5.75715,-1.25045,0.195591,6200.08,0
4.34735,27.3582,5.73028,-1.52735,0.714002,6293.08,0
4.35384,27.0776,5.65318,-1.31001,0.300987,6219.25,0
4.36032,27.1981,5.50595,-1.01743,0.419438,6237.65,0
4.36686,27.1761,5.60103,-1.26917,0.358018,6223.25,0
4.37334,26.9213,6.04516,-1.10709,0.0227143,6155.77,0
4.37985,27.0708,5.83921,-1.21537,0.198744,6180.76,0
4.38635,26.9658,5.76367,-1.01512,0.0622982,6147.67,0
4.39285,27.2119,5.73062,-1.17484,0.360989,6194.59,0
4.39933,27.3674,5.64956,-1.1339,0.523647,6220.81,0
4.40589,27.4105,5.72357,-1.18383,0.530367,6221.35,0
4.41239,27.2248,5.79667,-1.25496,0.271788,6170.08,0
4.4189,27.2527,5.44553,-1.46812,0.287253,6167.29,0
4.4254,27.2814,5.55339,-1.47151,0.299957,6164.74,0
4.43189,27.5582,5.80889,-1.47899,0.599944,6218.16,0
4.43841,27.3171,5.66002,-1.43075,0.270845,6154.69,0
4.44495,27.3672,5.73927,-1.41539,0.309901,6156.92,0
4.45143,27.2731,5.42698,-1.49454,0.167239,6126.8,0
4.45798,27.4131,5.39166,-1.44757,0.324686,6149.23,0
4.46445,27.2667,5.50613,-1.69149,0.130511,6107.51,0
4.47094,27.2613,5.43982,-1.48121,0.10886,6097.43,0
4.47748,27.2588,5.48057,-1.63036,0.100086,6087.97,0
4.48397,27.4461,5.72497,-1.58431,0.319391,6120.94,0
4.49055,27.7504,5.72163,-1.64353,0.642988,6179.74,0
4.49704,27.6449,5.85927,-1.47509,0.449296,6147.35,0
4.50356,27.7341,5.89255,-1.36733,0.505781,6158.27,0
4.51004,27.983,5.69236,-1.37732,0.742012,6204.61,0
4.51657,27.7535,5.44033,-1.45417,0.394425,6144.82,0
4.52303,27.5998,5.49278,-1.5936,0.180443,6102.07,0
4.52953,27.5477,5.52001,-1.85979,0.106506,6081.8,0
4.536,27.7076,5.70695,-1.75758,0.295367,6108.37,0
4.54254,27.7304,6.01492,-1.70958,0.30113,6104.6,0
4.54905,28.0842,6.0469,-1.57846,0.69941,6173.63,0
4.55556,28.263,5.48289,-1.96602,0.847603,6204.05,0
4.56208,28.1386,5.5576,-2.21481,0.603273,6167.93,0
4.5686,28.1621,5.5398,-2.04989,0.577113,6164.27,0
4.57513,28.5099,5.57318,-1.92253,0.93415,6231.5,0
4.58159,28.6489,5.6054,-1.96578,0.995631,6253.04,0
4.58808,28.4709,5.38026,-1.84647,0.671516,6205.4,0
4.59459,28.568,4.97551,-1.66069,0.714545,6217.76,0
4.60116,28.3717,5.25484,-1.58984,0.434696,6166.21,0
4.60766,28.5571,5.15116,-1.93259,0.628338,6197.73,0
4.61416,28.7461,5.17449,-1.81381,0.795121,6229.99,0
4.62065,28.6512,5.0654,-1.67703,0.592246,6200.7,0
4.62717,28.8572,5.07746,-1.7461,0.769406,6236.47,0
4.63367,28.6172,5.0387,-1.67089,0.421294,6175.92,0
4.64019,28.5224,4.72572,-1.71646,0.277469,6146.81,0
4.64672,28.4489,4.64205,-1.71565,0.171083,6122.35,0
4.65324,28.3491,4.54925,-1.87307,0.0434795,6092.33,0
4.65971,28.6636,4.67298,-1.79247,0.423196,6151.36,0
4.66618,28.6508,4.67746,-1.73243,0.374243,6140.1,0
4.67271,28.6578,4.84958,-1.55325,0.358659,6133.01,0
4.67922,28.8141,4.66843,-1.68293,0.524682,6157.89,0
4.68568,28.856,4.39452,-1.4821,0.52183,6158.33,0
4.69219,28.7243,4.5763,-1.49599,0.311821,6121.71,0
4.6987,28.5145,4.71813,-1.62967,0.036443,6068.58,0
4.7052,28.6047,4.72832,-1.66127,0.14425,6079.38,0
4.71173,28.606,4.5015,-1.79633,0.141069,6071.24,0
4.71825,28.7049,4.55558,-1.69029,0.249411,6083.8,0
4.7248,29.1539,4.55114,-1.57193,0.749606,6170.39,0
4.73134,29.1401,4.32823,-1.87523,0.656408,6158.95,0
4.73785,29.2321,4.45522,-1.99716,0.692888,6169.91,0
4.74435,29.1981,4.43682,-2.27105,0.586938,6154.3,0
4.7508,29.4279,4.37625,-2.3251,0.811113,6194.29,0
4.75729,29.2941,4.53307,-2.42049,0.57838,6157.74,0
4.76377,29.3365,4.63651,-2.39228,0.57329,6158.25,0
4.77028,29.504,4.64241,-2.30849,0.730875,6184.97,0
4.77677,29.7195,4.91894,-2.22972,0.899218,6221.68,0
4.78331,29.8703,4.75516,-2.16892,0.977452,6244.69,0
4.7898,29.7058,5.14048,-2.11659,0.665702,6201.88,0
4.79636,29.603,5.01637,-2.09806,0.485224,6171.98,0
4.80284,29.7077,4.85672,-2.27451,0.557063,6185.45,0
4.80935,30.0664,4.74631,-2.21636,0.912789,6251.67,0
4.81586,30.3672,5.08693,-2.2725,1.13937,6305.66,0
4.82231,30.1283,4.97101,-2.468,0.717802,6247.69,0
4.82881,30.0128,5.1531,-2.46734,0.490706,6215.36,0
4.83532,30.1128,5.32033,-2.1482,0.559055,6227.67,0
4.84185,30.0454,5.42559,-2.21836,0.438664,6205.36,0
4.84832,30.0266,5.27382,-2.31217,0.390406,6193.19,0
4.85481,29.8795,5.38634,-2.16825,0.194226,6154.62,0
4.86133,30.1545,5.45976,-2.31196,0.504068,6202.94,0
4.86781,30.0498,5.56206,-1.94067,0.334,6173.16,0
4.8743,30.0229,5.49742,-1.9114,0.276277,6159.42,0
4.88084,29.9342,5.50221,-2.04769,0.146836,6133,0
4.88736,30.096,5.43716,-2.087,0.340676,6157.93,0
4.8939,30.1016,5.17507,-2.42105,0.31685,6150.85,0
4.90037,30.1278,5.12899,-2.52071,0.316484,6148.07,0
4.9069,30.0124,5.29282,-2.6214,0.161499,6116.36,0
4.9134,30.0341,5.14421,-2.60757,0.175112,6112.7,0
4.91992,30.0248,5.01454,-2.61817,0.159509,6102.7,0
4.9264,30.0047,5.1355,-2.56775,0.127442,6090.59,0
4.93289,30.0082,5.29827,-2.6131,0.1255,6083.28,0
4.93939,30.1254,5.4007,-2.65878,0.256811,6099.02,0
4.94588,30.117,5.60173,-2.46276,0.221297,6089.31,0
4.9524,30.2943,5.7166,-2.51024,0.424809,6117.1,0
4.95887,30.3132,5.90259,-2.69704,0.423674,6112.92,0
4.96545,30.5293,5.65707,-2.50516,0.661708,6148.35,0
4.97199,30.5221,5.84115,-2.45957,0.577345,6138.81,0
4.97853,30.7815,6.09194,-2.40488,0.819704,6182.86,0
4.98509,30.6648,6.41411,-2.2893,0.57929,6151.3,0
4.99159,30.7555,6.40851,-2.27235,0.63701,6161.45,0
4.99808,30.3638,6.28749,-2.43516,0.116481,6075.1,0
5.00457,30.3777,6.3357,-2.32855,0.128697,6069.98,0
5.01108,30.3514,6.30782,-2.25819,0.0905034,6056.86,0
5.01759,30.5238,6.15868,-2.32889,0.295398,6083.36,0
5.02408,30.907,6.06352,-2.48336,0.743361,6151.78,0
5.0306,30.8401,6.05381,-2.7715,0.589474,6130.5,0
5.03713,30.8764,6.27621,-2.95361,0.587926,6129.76,0
5.0437,30.9861,6.29943,-2.98756,0.665802,6143.53,0
5.05024,30.6928,6.57003,-3.22957,0.26404,6077.51,0
5.05676,30.6672,6.36566,-3.31118,0.216678,6064.59,0
5.06331,30.5862,6.43276,-3.30508,0.112832,6040.74,0
5.06977,30.6362,6.58569,-3.28525,0.1701,6042.92,0
5.07633,30.5681,6.66677,-3.29861,0.0828866,6021.7,0
5.08286,30.6864,6.6775,-3.56125,0.216925,6037.23,0
5.08936,30.7601,7.00524,-3.61021,0.289779,6044,0
5.09588,30.7197,6.83753,-3.73873,0.228787,6028.33,0
5.1024,30.6357,6.94646,-3.78049,0.115385,6004.17,0
5.1089,30.5783,6.99903,-3.66643,0.0406574,5985.3,0
5.11539,30.5934,6.93383,-3.59556,0.0589446,5980.67,0
5.12184,30.8296,7.02539,-3.56236,0.341998,6019.23,0
5.12837,30.7012,7.21994,-3.55927,0.156051,5986.55,0
5.13487,30.7869,7.31192,-3.50816,0.248313,5995.66,0
5.1414,30.914,7.27487,-3.33234,0.388497,6012.76,0
5.14792,30.9873,7.31499,-3.32897,0.452024,6019.38,0
5.1544,31.3665,7.3312,-3.3934,0.863151,6085.38,0
5.16089,31.582,7.26883,-3.41701,1.00698,6119.49,0
5.16738,31.1656,6.95619,-3.42751,0.409201,6031.21,0
5.17392,31.2059,6.81158,-3.48054,0.418236,6031.39,0
5.18046,31.2223,6.74866,-3.5307,0.40835,6026.93,0
5.18694,31.307,6.7608,-3.50621,0.476792,6035.73,0
5.19347,31.4076,6.94401,-3.37997,0.573118,6047.51,0
5.19999,31.2657,7.05859,-3.53214,0.348255,6012.64,0
5.20652,31.1309,6.95874,-3.45405,0.161236,5979.21,0
5.21304,31.3206,7.12365,-3.56957,0.382104,6008.12,0
5.21955,31.5298,6.84155,-3.49597,0.600297,6040.72,0
5.22603,31.7441,6.85797,-3.92032,0.774412,6074.23,0
5.23251,31.6047,6.88645,-3.90556,0.527698,6040.07,0
5.23902,31.3433,6.88613,-4.17608,0.171918,5982.67,0
5.24557,31.2947,6.73851,-4.30682,0.0960178,5965.94,0
5.25209,31.3591,6.81129,-4.24982,0.171176,5970.78,0
5.25861,31.4872,6.72191,-3.97864,0.321836,5987.74,0
5.2651,31.3088,6.71594,-4.18313,0.0860776,5946.47,0
5.27158,31.5518,6.48132,-4.11235,0.377679,5985.27,0
5.27808,31.6645,6.67395,-4.311,0.486289,5999.24,0
5.28457,31.4996,6.53591,-4.48384,0.243517,5960.67,0
5.29112,31.4907,6.5267,-4.486,0.223106,5951.62,0
5.29764,31.6531,6.46846,-4.29017,0.394646,5974.94,0
5.30419,31.7962,6.34631,-4.07576,0.528052,5994.55,0
5.31068,31.8009,6.17506,-4.307,0.493192,5988.11,0
5.31715,31.6893,6.03848,-4.64219,0.322884,5959.83,0
5.3236,31.6674,6.34547,-4.56522,0.256792,5948.5,0
5.3301,31.9399,6.05688,-4.59792,0.560365,5992.36,0
5.3366,31.9117,5.62194,-4.25726,0.47786,5979.78,0
5.34306,31.9068,5.69571,-4.28806,0.427379,5971.63,0
5.34954,32.0762,5.71162,-4.33073,0.574235,5996.07,0
5.35606,32.3498,5.80149,-4.32318,0.833921,6039.86,0
5.36257,32.0781,6.03712,-4.08214,0.435795,5981.86,0
5.36909,32.0095,5.88407,-3.8595,0.312306,5961.8,0
5.3756,32.0654,5.61927,-3.83926,0.352608,5964.98,0
5.38207,32.0551,5.3802,-3.55341,0.312913,5955.91,0
5.38859,31.946,5.26212,-3.43094,0.152631,5928.45,0
5.3951,32.0197,5.22225,-3.35266,0.238204,5934.96,0
5.40159,32.1562,5.11731,-3.48576,0.386282,5953.1,0
5.40808,32.2679,5.5195,-3.0846,0.480205,5966.61,0
5.41459,32.3924,5.2299,-3.04795,0.578344,5982.42,0
5.42112,32.4293,5.29346,-3.07986,0.572192,5982.03,0
5.42759,32.62,5.27439,-2.91179,0.743511,6010.04,0
5.43408,32.8344,5.26825,-3.22023,0.923024,6042.3,0
5.44059,32.5973,5.36155,-3.30015,0.545335,5991.5,0
5.44708,32.6028,5.64358,-3.67621,0.503591,5985.36,0
5.45357,32.9089,5.86353,-3.64484,0.821835,6034.37,0
5.46004,32.9537,5.51992,-3.66024,0.783488,6035.43,0
5.46656,32.829,5.4576,-3.7204,0.545116,6005.42,0
5.47308,32.8415,5.43896,-3.52284,0.5077,6000.55,0
5.47958,32.7564,5.43414,-3.37404,0.358929,5977.89,0
5.48608,32.9565,5.21981,-3.55043,0.565679,6007.29,0
5.49262,32.9379,5.18374,-3.78909,0.496533,5996.77,0
5.49909,33.0238,5.1886,-3.96638,0.558665,6005.33,0
5.50565,33.3488,5.27416,-3.92131,0.882315,6057.19,0
5.51213,33.3413,5.51785,-3.92766,0.778769,6048.7,0
5.51864,33.4318,5.70549,-4.06164,0.788244,6057.97,0
5.52517,33.6386,5.9692,-4.08639,0.940883,6088.25,0
5.53162,33.5993,6.02005,-4.28959,0.787942,6074.04,0
5.53813,33.4644,5.96417,-4.4611,0.54648,6042.54,0
5.54466,33.5363,5.77032,-4.60252,0.579449,6048.41,0
5.55116,33.6662,5.96807,-4.62112,0.648559,6064.71,0
5.55767,33.8029,6.23439,-4.48716,0.75502,6082.21,0
5.56418,33.6434,6.07118,-4.53169,0.489993,6046.43,0
5.57069,33.7859,6.13926,-4.34903,0.615651,6064.94,0
5.57717,33.782,6.0284,-4.39587,0.549182,6057.2,0
5.58366,33.6111,6.12287,-4.33781,0.301807,6019.55,0
5.5902,33.5325,6.12932,-4.46442,0.188926,5998.45,0
5.59671,33.6103,6.05665,-4.52612,0.277026,6005.38,0
5.60313,33.4429,6.0535,-4.67783,0.0642997,5968.62,0
5.60967,33.5081,5.94191,-4.78555,0.140628,5973.27,0
5.61617,33.6151,5.95761,-4.6807,0.262276,5985.42,0
5.62268,33.6175,5.93573,-4.89772,0.253441,5978.91,0
5.62921,33.4991,5.80488,-5.149,0.0946766,5950.94,0
5.63573,33.57,5.79487,-4.97267,0.178042,5956.64,0
5.6422,33.4685,5.61607,-5.02955,0.0420404,5931.82,0
5.64872,33.5152,5.52453,-4.94563,0.0983908,5933.25,0
5.65523,33.4427,5.54324,-4.92494,0.00718111,5913.58,0
5.66174,33.6205,5.62299,-4.83294,0.216544,5938.19,0
5.66823,33.7462,5.89164,-4.64344,0.360819,5953.57,0
5.67476,33.6183,5.77009,-4.94592,0.165534,5924.19,0
5.68129,33.6747,5.755,-5.12125,0.225592,5927.31,0
5.68778,33.6637,5.79813,-5.13354,0.196977,5918.61,0
5.69426,33.8436,5.64584,-5.30885,0.406702,5943.45,0
5.70082,33.7671,5.95539,-5.32841,0.288401,5923.2,0
5.70729,33.9514,6.35478,-5.41131,0.488839,5948.78,0
5.71384,34.1609,6.31372,-5.50336,0.696823,5978.63,0
5.72035,33.8461,6.36249,-5.54605,0.267194,5916.79,0
5.72688,33.9791,6.34943,-5.31916,0.412938,5933.28,0
5.73344,34.429,6.21918,-5.17283,0.890195,6004.94,0
5.74001,34.4693,6.17979,-5.30308,0.834353,6005.1,0
5.74656,34.3001,6.08065,-5.02465,0.556719,5968.8,0
5.75309,34.4082,5.66772,-5.30537,0.642209,5980.82,0
5.75961,34.5429,5.8744,-5.05211,0.733783,5997.44,0
5.76612,34.2124,5.84805,-5.07244,0.276982,5933.34,0
5.77261,34.5518,6.14156,-5.10246,0.644519,5985.47,0
5.77913,34.9437,5.66678,-4.87451,1.04417,6046.53,0
5.78566,35.2553,5.62713,-4.72827,1.26693,6093.57,0
5.79215,35.1397,5.13015,-4.94226,0.974574,6066.77,0
5.79864,35.6193,5.01783,-4.54895,1.39567,6142.7,0
5.80515,35.4703,5.4059,-4.84558,1.03081,6110.15,0
5.81163,35.5119,5.4939,-4.69385,0.962759,6110.5,0
5.81815,35.4349,5.53963,-4.73083,0.772925,6090.4,0
5.82466,35.3488,5.59447,-4.70731,0.603418,6068.81,0
5.83115,35.6078,5.47915,-4.49755,0.83969,6106.48,0
5.83771,35.5771,5.49219,-4.7709,0.71951,6094.36,0
5.84423,35.598,5.43101,-4.75313,0.669703,6091.14,0
5.85078,35.5765,5.27551,-4.76758,0.592499,6080.65,0
5.85728,35.5592,5.14678,-4.82815,0.515571,6070.94,0
5.8638,35.5041,5.04509,-4.86833,0.405887,6054.79,0
5.87029,35.5933,4.85423,-4.75877,0.472264,6063.3,0
5.87681,35.5503,4.76298,-4.56016,0.383125,6049.25,0
5.88331,35.4406,4.85038,-4.59467,0.213714,6023.92,0
5.88985,35.8066,5.08668,-4.53662,0.62878,6079.38,0
5.89631,36.0105,4.70655,-4.34445,0.803671,6107.29,0
5.90281,36.1035,4.7759,-4.47525,0.827826,6116.33,0
5.90931,36.1051,5.13096,-4.37637,0.73796,6109.87,0
5.91583,36.0076,5.02255,-4.12803,0.554922,6086.66,0
5.92231,36.4057,5.09168,-3.98032,0.967759,6147.21,0
5.92887,36.299,4.88137,-4.12012,0.706836,6122.41,0
5.93537,36.3291,5.05192,-4.34232,0.680131,6120.79,0
5.94193,36.1576,5.36283,-4.43356,0.417225,6085.16,0
5.94843,36.4741,5.33788,-4.34853,0.745726,6131.71,0
5.95491,36.606,5.55793,-4.36411,0.824681,6147.19,0
5.96139,36.4399,5.5942,-4.2523,0.543135,6112.65,0
5.96791,36.3755,5.4305,-4.24092,0.408233,6095.19,0
5.97442,36.1993,5.36356,-4.19597,0.160335,6059.04,0
5.98091,36.1186,5.48889,-4.25699,0.057608,6038.98,0
5.98745,36.1425,5.4482,-4.38458,0.0843494,6036.38,0
5.99392,36.3837,5.46863,-4.26351,0.367882,6070.09,0
6.00047,36.5631,5.16317,-3.98419,0.557814,6093.37,0
6.00697,36.8029,5.43005,-3.7583,0.760678,6126.69,0
6.01348,36.8262,5.27667,-3.52636,0.713641,6123.94,0
6.02002,37.0512,5.31235,-3.61028,0.902541,6154.67,0
6.02649,36.7982,5.10929,-3.61492,0.504124,6106.08,0
6.033,37.0299,5.03164,-3.58764,0.73227,6137.9,0
6.03947,37.0954,5.03628,-3.87932,0.732676,6142.16,0
6.04597,37.433,5.33204,-3.82212,1.04308,6191.4,0
6.05248,37.8573,5.45761,-3.60137,1.38384,6254.84,0
6.059,37.8512,5.51479,-3.64289,1.20381,6247.11,0
6.06551,37.6267,5.78558,-4.03103,0.797364,6203.39,0
6.07203,37.7283,5.77801,-3.92736,0.822471,6213.46,0
6.07856,37.6584,5.60484,-3.70373,0.650398,6195.29,0
6.08508,37.7409,5.53685,-3.71913,0.68314,6202.21,0
6.09158,37.8911,5.29546,-3.93062,0.782551,6220.24,0
6.09811,38.2231,5.19107,-4.1485,1.09115,6268.02,0
6.10463,38.4118,4.79179,-3.9423,1.17543,6292.24,0
6.11115,38.7297,4.56048,-3.97615,1.36392,6337.54,0
6.11768,38.773,4.32778,-3.6478,1.23316,6337.85,0
6.12424,38.808,4.18112,-3.90597,1.09875,6336.79,0
6.13075,38.9481,4.10684,-4.10294,1.1343,6352.91,0
6.1373,39.1013,4.39171,-4.50395,1.16814,6371.09,0
6.14381,39.1134,4.00865,-4.20091,1.03913,6366.3,0
6.15031,39.1629,4.20957,-3.72852,0.951464,6367.64,0
6.15682,38.9229,4.34326,-3.72934,0.563447,6321.91,0
6.16335,39.148,4.62621,-3.82319,0.761305,6351.73,0
6.16992,39.5848,4.92807,-3.80725,1.16345,6415.78,0
6.17642,39.3074,4.96358,-3.73665,0.695785,6364.1,0
6.18297,39.3195,5.05837,-3.44673,0.631919,6359.32,0
6.18948,39.4795,4.88935,-3.61355,0.752307,6378.48,0
6.19601,39.1676,4.80408,-3.51232,0.312565,6321.42,0
6.20249,39.3216,4.85183,-3.7659,0.466345,6339.66,0
6.20898,39.4701,5.22935,-3.8329,0.605388,6356.93,0
6.21549,39.6724,5.38407,-3.79981,0.774059,6382.84,0
6.222,39.5407,5.57391,-3.6411,0.525644,6354.99,0
6.2285,39.6515,5.53272,-3.78793,0.605489,6366.14,0
6.23502,39.8529,5.36499,-3.792,0.781162,6391.78,0
6.24155,39.7305,5.42585,-3.54262,0.570241,6365.48,0
6.24808,40.1036,5.31424,-3.44715,0.950885,6418.56,0
6.25459,40.0948,5.58148,-3.39706,0.851076,6410.45,0
6.26115,39.9944,5.22326,-3.1496,0.625111,6387.7,0
6.26767,40.1255,5.32341,-2.95995,0.698484,6401.97,0
6.27416,40.2353,5.5527,-2.94529,0.757287,6412.86,0
6.2807,40.1192,5.35687,-3.05116,0.549192,6387.7,0
6.28721,40.2469,5.82406,-3.2957,0.645294,6401.39,0
6.29375,40.3422,5.8695,-3.50831,0.682336,6409.88,0
6.30027,40.6448,6.05092,-3.53814,0.938629,6451.29,0
6.30681,40.7182,5.75192,-3.41523,0.922095,6456.23,0
6.31329,40.5554,6.03716,-3.30811,0.643667,6423.81,0
6.31979,40.4952,6.16675,-3.42845,0.514706,6407.69,0
6.32626,40.6184,6.33866,-3.36484,0.609566,6420.61,0
6.33281,40.739,6.75036,-3.25311,0.68946,6433.01,0
6.33934,40.928,6.78792,-3.43809,0.830152,6456.19,0
6.34582,41.0317,6.6962,-3.33303,0.848145,6465.94,0
6.35233,40.97,6.42163,-3.36603,0.673872,6449.6,0
6.35881,41.4536,6.48259,-3.63484,1.16078,6519.08,0
6.36528,41.408,6.66432,-3.60263,0.957785,6505.29,0
6.37178,41.279,6.59347,-3.60736,0.702168,6478.4,0
6.37832,41.1692,6.45887,-3.61109,0.507263,6454.54,0
6.3848,41.2086,6.37394,-3.39048,0.511224,6454.18,0
6.39132,41.2,6.37812,-3.59689,0.445262,6446.24,0
6.39781,41.2826,6.42173,-3.44401,0.498899,6452.61,0
6.40435,41.4206,6.3481,-3.34922,0.609453,6467.58,0
6.41084,41.2898,6.30669,-3.38758,0.387582,6440.62,0
6.41742,41.1459,6.47964,-3.57563,0.198218,6411.59,0
6.42392,41.3787,6.71766,-3.70682,0.447226,6441.35,0
6.43044,41.3454,6.61705,-3.53465,0.350405,6429.63,0
6.43691,41.432,6.67139,-3.38222,0.431108,6436.64,0
6.44345,41.6087,6.27645,-3.27148,0.610525,6457.52,0
6.44996,41.6156,6.13932,-3.19771,0.556839,6452.07,0
6.45647,41.5223,5.88502,-2.98544,0.402865,6431.12,0
6.46295,41.3684,5.79815,-3.10368,0.188257,6400.85,0
6.46949,41.4992,5.94681,-3.30115,0.329613,6414.6,0
6.476,41.4668,6.02743,-3.19499,0.261695,6403.15,0
6.48249,41.4118,6.16479,-3.22738,0.180057,6388.25,0
6.48896,41.5042,6.32561,-2.91948,0.282721,6396.11,0
6.49544,41.4458,6.44856,-2.95671,0.196358,6380.75,0
6.50192,41.4426,6.44385,-2.93148,0.18679,6373.91,0
6.5084,41.508,6.47014,-2.7435,0.255745,6377.6,0
6.51491,41.6599,6.35975,-2.53593,0.427564,6394.55,0
6.52141,41.67,6.19419,-2.59974,0.412794,6389.72,0
6.52791,41.4941,5.98241,-2.59744,0.169567,6356.41,0
6.53441,41.4018,5.85005,-2.65114,0.0494472,6335.97,0
6.54089,41.464,5.98905,-2.58994,0.125037,6339.2,0
6.54739,41.4553,5.91331,-2.69144,0.111199,6331.57,0
6.55388,41.3975,5.8359,-2.77243,0.0379552,6316.49,0
6.56045,41.382,5.65655,-2.76925,0.0176312,6307.81,0
6.56693,41.4643,5.55786,-2.7568,0.117981,6314.1,0
6.57343,41.4886,5.53999,-2.83148,0.141993,6311.56,0
6.57995,41.7336,5.49171,-2.77482,0.434824,6342.55,0
6.58648,41.6893,5.23117,-2.77087,0.342948,6329.52,0
6.59299,41.6642,5.27631,-2.87303,0.286428,6319.47,0
6.59948,41.6793,5.41818,-2.93198,0.286675,6315.54,0
6.60602,41.5737,5.35235,-2.95539,0.147928,6293.3,0
6.61251,41.584,5.40634,-2.79378,0.156798,6288.7,0
6.61905,41.6959,5.30238,-2.80074,0.286759,6299.37,0
6.62556,41.6944,5.41612,-2.8403,0.263338,6292.96,0
6.63205,41.8559,5.61504,-2.80553,0.424766,6311.15,0
6.63854,41.9548,5.53287,-2.77868,0.506605,6319.88,0
6.64505,42.1743,5.31133,-2.81595,0.710421,6346.72,0
6.65159,41.9809,5.17057,-3.04406,0.40367,6311.41,0
6.65813,41.9236,5.37758,-2.93139,0.31312,6296.61,0
6.66461,41.9754,5.35368,-3.23144,0.357526,6298.24,0
6.67116,42.0296,5.21513,-2.91253,0.396586,6300.2,0
6.67764,42.0135,5.19399,-3.17949,0.344804,6291.67,0
6.68417,42.1149,5.05803,-3.15473,0.447084,6300.69,0
6.69067,42.0794,5.27455,-3.04034,0.368733,6289.27,0
6.69716,42.1267,5.14358,-3.2836,0.395393,6290.23,0
6.70362,42.1626,5.08709,-3.14036,0.406906,6289.52,0
6.71014,42.2206,5.3042,-2.93516,0.440925,6292.06,0
6.71667,42.3487,5.06548,-3.23512,0.563192,6305.02,0
6.7232,42.3376,5.10603,-3.3209,0.492247,6297.25,0
6.72969,42.3627,5.33501,-3.19929,0.485836,6294.9,0
6.73622,42.1822,5.27553,-3.44391,0.217276,6261.99,0
6.74272,42.1126,5.23746,-3.44073,0.124093,6245.64,0
6.7492,42.0972,5.01702,-3.38057,0.0981049,6237.36,0
6.75575,42.1719,5.3488,-3.48898,0.177002,6242.38,0
6.76231,42.1569,5.40037,-3.47131,0.151611,6234.1,0
6.76878,42.2148,5.32677,-3.53326,0.21967,6236.69,0
6.77531,42.2873,5.1843,-3.31859,0.30095,6241.39,0
6.78182,42.3043,5.33796,-3.0859,0.303697,6237.91,0
6.78831,42.2355,5.25119,-2.98985,0.200286,6221.8,0
6.79481,42.3665,5.06123,-2.91155,0.342892,6235.13,0
6.80133,42.5013,5.2097,-3.09222,0.488337,6248.97,0
6.80785,42.864,5.02996,-2.92579,0.886465,6296.25,0
6.81435,42.476,5.06779,-2.53649,0.346438,6233.32,0
6.82079,42.5464,4.96761,-2.75707,0.400734,6237.75,0
6.82731,42.2608,4.79434,-2.85122,0.0344511,6189.97,0
6.83385,42.3585,4.87125,-3.04103,0.154196,6198.33,0
6.84038,42.5247,4.98756,-3.08426,0.344468,6216.72,0
6.84684,42.8654,5.0389,-3.11116,0.72183,6260.6,0
6.85335,42.8838,4.96747,-3.18527,0.679288,6257.34,0
6.85989,43.1626,4.97041,-3.11061,0.920866,6292.02,0
6.8664,43.2257,5.10068,-3.15387,0.884907,6295.24,0
6.87291,43.0667,5.26815,-3.17396,0.614001,6266.15,0
6.87942,43.3611,5.12842,-3.10959,0.882009,6303.01,0
6.88588,43.2229,5.08924,-3.05085,0.613713,6277.03,0
6.89242,43.4644,5.07382,-3.31492,0.826915,6306.12,0
6.89895,43.7924,5.1226,-3.12477,1.09749,6347.69,0
6.90548,43.6142,5.23981,-3.20642,0.762388,6315.89,0
6.91197,43.7057,5.32194,-3.28202,0.784961,6323.18,0
6.91845,43.5769,5.40767,-3.16851,0.557023,6298.65,0
6.925,43.5619,5.28625,-3.18252,0.495829,6290.52,0
6.93152,43.906,5.23825,-3.3182,0.856712,6334.25,0
6.93803,43.7657,5.20079,-3.45805,0.587215,6308.09,0
6.94457,44.0738,5.15103,-3.42354,0.892912,6346.51,0
6.95107,43.9577,5.48029,-3.28706,0.65528,6323.88,0
6.95759,43.7795,5.70751,-2.93877,0.375087,6292.33,0
6.96408,43.7867,5.70394,-2.81793,0.364268,6287.51,0
6.97059,43.6416,5.87481,-2.82872,0.171259,6260.82,0
6.97709,43.6607,6.03006,-2.61704,0.190585,6257.72,0
6.9836,43.6915,6.04773,-2.66079,0.218445,6256.29,0
6.99011,43.6766,5.99199,-2.51569,0.183983,6248.35,0
6.99657,43.7842,5.89395,-2.36707,0.311911,6257.96,0
7.00307,43.8452,5.57731,-2.32965,0.367193,6260.86,0
7.00954,44.0539,5.66365,-2.36889,0.592293,6284.85,0
7.01604,43.9657,5.64532,-2.39104,0.438908,6266.46,0
7.02255,43.8812,5.50485,-2.31624,0.301384,6248.61,0
7.02907,43.9272,5.49736,-2.53399,0.329104,6249.35,0
7.03561,44.0338,5.62002,-2.73934,0.438209,6258.71,0
7.04211,43.9818,5.65362,-2.66523,0.3325,6245.54,0
7.04865,44.2286,5.85297,-2.85257,0.610153,6274.77,0
7.05511,43.9478,5.97851,-2.8664,0.234615,6229.21,0
7.06158,44.0791,6.07856,-3.0888,0.378385,6242.11,0
7.06813,43.9185,5.98794,-3.02514,0.154492,6213.6,0
7.07469,43.8534,6.18839,-2.98545,0.064915,6198.64,0
7.08123,43.9138,6.19612,-2.94847,0.136991,6201.44,0
7.08771,43.932,6.13001,-2.93117,0.148931,6198.32,0
7.09419,44.0312,6.08251,-2.78012,0.258524,6206.66,0
7.10067,43.8942,5.81188,-2.90633,0.0765623,6181.69,0
7.10719,44.1968,5.76881,-2.92765,0.416231,6218.61,0
7.1137,44.2425,5.8492,-2.84853,0.438119,6219.34,0
7.12023,44.3349,5.54231,-2.67729,0.506189,6226.6,0
7.12678,44.1321,5.6231,-2.80785,0.225364,6192.44,0
7.13325,44.1529,5.44468,-2.65435,0.237701,6189.73,0
7.13973,44.1113,5.49006,-2.49119,0.171651,6178.29,0
7.14627,44.3702,5.54485,-2.74844,0.467582,6208.87,0
7.15284,44.4722,5.3339,-2.54597,0.529496,6217.42,0
7.15935,44.755,5.21034,-2.35992,0.808663,6251.26,0
7.16589,45.0001,4.88034,-2.28037,0.999957,6279.77,0
7.17244,44.8181,4.85926,-2.1765,0.666037,6248.65,0
7.17895,45.0642,5.01418,-2.22783,0.897221,6277.28,0
7.18547,45.1558,4.9644,-2.18994,0.883562,6284.31,0
7.19197,45.3021,4.84782,-1.83631,0.930176,6298.98,0
7.19844,45.3841,4.75325,-1.73962,0.89795,6304.72,0
7.20498,45.4485,4.38417,-1.64614,0.857951,6307.93,0
7.2115,45.3678,4.408,-1.90832,0.665548,6291.03,0
7.21798,44.9523,4.25471,-1.72825,0.111361,6227.82,0
7.22453,45.1535,4.33607,-1.66636,0.348444,6250.03,0
7.23104,45.3173,4.39435,-1.59029,0.522545,6267.05,0
7.23755,45.4311,4.35497,-1.48433,0.605728,6277.13,0
7.24409,45.3377,4.44679,-1.58369,0.440364,6258.57,0
7.25058,45.2382,4.46241,-1.34926,0.2855,6239.25,0
7.2571,45.3083,4.39551,-1.43946,0.352729,6243.3,0
7.26362,45.3796,4.3854,-1.62514,0.409256,6247.53,0
7.27014,45.2393,4.32426,-1.61587,0.213409,6222.63,0
7.27665,45.4012,4.60905,-1.6068,0.391809,6239.3,0
7.28315,45.2523,4.26926,-1.80931,0.183502,6213.29,0
7.28963,45.3966,4.30829,-1.63395,0.344906,6227.56,0
7.29611,45.702,4.7117,-1.72765,0.668225,6263.88,0
7.30258,45.7302,4.4509,-1.49479,0.6296,6262.2,0
7.30906,45.5806,4.46295,-1.46343,0.386166,6236.17,0
7.31554,45.7396,4.21885,-1.59336,0.542113,6252.39,0
7.32204,45.9083,4.29174,-1.64646,0.713116,6269.88,0
7.32854,45.8795,4.2141,-1.34432,0.606623,6260.38,0
7.33503,45.8932,4.29402,-0.809099,0.55116,6256.72,0
7.34151,46.1358,4.44124,-0.533401,0.791957,6284.24,0
7.34801,46.2868,4.37156,-0.544507,0.870477,6299.23,0
7.35451,46.1963,4.35482,-0.470905,0.68123,6281.36,0
7.36103,46.215,4.32294,-0.268603,0.637365,6278.34,0
7.36757,45.8712,4.4925,-0.070382,0.162902,6226.1,0
7.3741,46.0489,4.45845,0.0864163,0.368701,6244.68,0
7.38058,45.928,4.62676,0.206692,0.186672,6222.82,0
7.3871,46.0018,4.50214,0.303459,0.266652,6227.31,0
7.39363,46.1815,4.49611,0.341186,0.462275,6246.12,0
7.40016,45.927,4.36854,0.447255,0.126877,6206.22,0
7.40661,46.2578,4.18598,0.372813,0.518136,6245.47,0
7.41312,46.3223,4.03369,0.38981,0.542212,6248.69,0
7.41962,46.3564,3.97622,0.340817,0.535281,6247.81,0
7.42615,46.4024,3.84443,0.326147,0.52551,6248.51,0
7.43267,46.4019,4.21135,0.367493,0.488318,6242.97,0
7.43913,46.666,4.16224,0.343486,0.74178,6273.04,0
7.44561,46.8392,4.27914,0.637556,0.84967,6290.85,0
7.4521,47.0752,4.42364,0.499163,1.0048,6317.04,0
7.45861,47.018,4.19303,1.06851,0.818196,6303.86,0
7.46512,47.0162,3.99568,1.41587,0.726522,6298.12,0
7.4716,47.0975,4.14243,0.953103,0.746185,6303.53,0
7.47811,47.2346,4.45515,0.909175,0.832629,6316.38,0
7.48462,47.3364,4.36406,0.820016,0.848141,6324.48,0
7.49108,47.3547,4.37797,0.644837,0.790308,6321.48,0
7.49765,47.3863,4.5723,0.585072,0.723935,6320.15,0
7.50408,47.1443,4.96126,0.756308,0.373986,6282.48,0
7.5106,47.409,4.72555,0.935993,0.643443,6312.28,0
7.51708,47.2839,4.93834,1.12978,0.431514,6290.2,0
7.52364,47.5079,5.26729,1.35243,0.644528,6314.48,0
7.53012,47.5538,5.02105,1.29244,0.614873,6315.14,0
7.53661,47.636,5.23721,1.54677,0.638723,6320.61,0
7.54313,47.3861,4.91859,1.61745,0.288303,6282.03,0
7.54963,47.3581,5.01314,1.4281,0.233785,6272.91,0
7.55613,47.5322,4.98376,1.47542,0.425883,6290.54,0
7.56266,47.4848,4.85955,1.46268,0.351386,6278.85,0
7.56918,47.3223,4.64556,1.4065,0.14023,6251.97,0
7.5757,47.2646,4.94405,1.23882,0.0590624,6238.98,0
7.58226,47.3288,4.81861,1.05035,0.136137,6242.04,0
7.58878,47.6093,4.90364,0.875907,0.45925,6273.64,0
7.59528,47.5697,4.83353,1.01291,0.376407,6263.07,0
7.60177,47.5767,4.73212,0.897971,0.357869,6258.64,0
7.6083,47.7386,4.56942,0.479756,0.515971,6274.54,0
7.61483,47.6245,4.64443,0.529212,0.344934,6254.18,0
7.62137,47.6943,4.63125,0.483905,0.396477,6257.96,0
7.62785,47.6844,4.37998,0.145466,0.346879,6251.36,0
7.63439,47.6203,4.24618,0.00751597,0.24378,6237.6,0
7.64087,47.641,4.34375,0.245681,0.248412,6235.02,0
7.64738,47.8476,4.15242,-0.0513233,0.478311,6256.73,0
7.65387,47.7741,4.02035,-0.347417,0.348604,6241.82,0
7.66031,47.8402,4.06475,-0.464719,0.406589,6245.2,0
7.6668,47.5397,3.99757,-0.397983,0.021052,6200.72,0
7.67332,47.5756,4.0439,-0.400441,0.0651917,6200.13,0
7.67987,47.7189,4.1952,-0.314763,0.235375,6213.5,0
7.68636,47.9703,4.07907,-0.379275,0.520465,6240.97,0
7.69285,47.977,4.33285,-0.252864,0.496239,6236.57,0
7.69935,47.9043,4.27089,-0.144332,0.364339,6221.86,0
7.7059,47.7886,4.32961,-0.428245,0.207749,6201.57,0
7.71241,48.0851,4.55709,-0.254919,0.549249,6234.77,0
7.71892,48.2557,4.57493,-0.316464,0.692125,6251.62,0
7.72542,48.4731,4.36607,-0.121169,0.869096,6274.49,0
7.73196,48.4228,4.55203,-0.0721398,0.716267,6262.68,0
7.73848,48.3565,4.57983,-0.0409805,0.560503,6248.84,0
7.74499,48.2747,4.83665,-0.00984495,0.4205,6233.02,0
7.7515,48.6525,5.08952,-0.149876,0.819055,6276.52,0
7.75799,48.3662,4.9527,-0.0175487,0.390845,6234.37,0
7.76449,48.4873,4.82786,-0.0575452,0.504736,6244.75,0
7.77099,48.3926,4.86065,-0.245336,0.347793,6227.34,0
7.77746,48.3921,4.96016,-0.46511,0.333003,6222.1,0
7.78397,48.6183,4.81564,-0.422015,0.579442,6245.95,0
7.79043,48.492,4.66208,-0.42881,0.370392,6224.57,0
7.79693,48.6541,4.83147,-0.465435,0.53485,6240.15,0
7.80345,48.6073,4.70871,-0.561856,0.438534,6228.95,0
7.80997,48.4907,4.69409,-0.496223,0.265436,6208.82,0
7.81648,48.9058,4.7108,-0.368447,0.746796,6256.76,0
7.82297,49.048,4.62165,-0.200345,0.842297,6269.74,0
7.82947,48.9028,4.74521,-0.490712,0.568916,6245.99,0
7.83601,49.2271,4.88341,-0.252544,0.891329,6282.17,0
7.8425,49.0532,4.65233,-0.52482,0.579507,6254.79,0
7.84903,49.0393,4.8187,-0.40066,0.51457,6247.82,0
7.85553,49.0478,4.98352,-0.647923,0.474138,6243.73,0
7.86203,49.2466,4.77841,-0.399725,0.670871,6263.84,0
7.86854,48.7657,5.01299,-0.312378,0.0421215,6197.56,0
7.87502,48.8127,5.02942,-0.289948,0.0990533,6198.42,0
7.88152,48.7437,4.88627,-0.435668,0.0091521,6184.55,0
7.88798,48.9092,5.07451,-0.346043,0.208031,6200.48,0
7.89449,49.312,5.00856,-0.438461,0.673663,6246.38,0
7.90105,49.6929,5.0216,-0.36108,1.04407,6289.41,0
7.90749,49.7488,5.2921,-0.512375,0.963774,6291.35,0
7.91404,49.7213,5.2846,-0.592194,0.848382,6282.67,0
7.92053,49.5542,5.17742,-0.728371,0.571753,6256.43,0
7.92705,49.44,4.93886,-0.727422,0.392925,6236.88,0
7.93354,49.6113,4.78182,-0.684052,0.576609,6253.36,0
7.94006,49.6867,4.79689,-0.545408,0.610266,6257.72,0
7.94659,49.6558,4.67289,-0.3184,0.531927,6248.69,0
7.95309,49.551,4.63998,-0.360981,0.371739,6230.41,0
7.95962,49.4482,4.75545,-0.371493,0.227774,6212.38,0
7.96615,49.6499,5.02528,-0.731265,0.442069,6232.6,0
7.97265,49.6754,5.03508,-0.707787,0.429697,6230.72,0
7.97917,49.9911,5.42339,-0.414124,0.767567,6265.21,0
7.98564,49.9073,5.58042,-0.456882,0.601934,6249.64,0
7.99218,49.5641,5.3875,-0.395112,0.147341,6201.57,0
7.99869,49.6522,5.53977,-0.558023,0.236075,6207.54,0
8.0052,49.5929,5.44392,-0.642484,0.141756,6195.08,0
8.01171,49.6909,5.69748,-0.527311,0.250574,6202.28,0
8.01824,49.6592,5.55421,-0.374494,0.200022,6193.27,0
8.02471,49.7387,5.48324,-0.388889,0.275827,6198.19,0
8.03118,49.5885,5.65734,-0.325946,0.080644,6174.51,0
8.03771,49.7903,5.60132,-0.240132,0.316948,6194.59,0
8.04424,49.8423,5.67116,-0.241637,0.351482,6196.03,0
8.05076,50.2375,5.84946,-0.304566,0.792703,6240.09,0
8.05729,49.9388,5.76948,-0.162585,0.36693,6197.97,0
8.06385,50.2498,5.69299,-0.0882108,0.701284,6231.49,0
8.07033,50.2048,6.01941,0.0951825,0.590598,6220.91,0
8.07686,50.095,5.6267,0.00945838,0.410063,6202.29,0
8.08336,50.1358,5.61087,-0.228946,0.428962,6202.34,0
8.08984,50.1435,5.55024,-0.266369,0.407379,6198.32,0
8.09632,50.1108,5.48984,-0.30103,0.336548,6189.33,0
8.10284,50.0125,5.33884,-0.165665,0.202207,6172.22,0
8.10935,50.1186,5.46714,-0.358986,0.316874,6180.35,0
8.11586,50.4413,5.73735,-0.602326,0.669651,6215.15,0
8.12234,50.6452,5.58355,-0.600421,0.823148,6235.29,0
8.12881,50.6973,5.89325,-0.771507,0.81507,6236.75,0
8.13535,50.5353,6.18837,-0.783612,0.551058,6211.81,0
8.14185,50.549,6.12643,-1.00545,0.517047,6208.53,0
8.14837,50.7593,6.0509,-1.09783,0.729741,6229.39,0
8.15489,50.8013,6.40145,-1.18535,0.70848,6229.55,0
8.16135,51.127,5.9905,-1.44085,1.00822,6264.52,0
8.16786,51.2414,6.13388,-1.77374,1.01069,6273.53,0
8.17436,51.1969,6.18556,-1.45129,0.841968,6263.11,0
8.18086,51.0281,6.13465,-0.948102,0.572291,6237.5,0
8.18743,50.8571,6.19482,-0.902351,0.319242,6211.6,0
8.19392,51.1322,6.04432,-1.05717,0.605185,6240.26,0
8.20041,51.256,6.1338,-0.901753,0.680131,6250.42,0
8.20691,51.5265,6.47619,-1.05898,0.925074,6278.42,0
8.21342,51.8955,6.64968,-1.40148,1.2477,6318.38,0
8.21994,51.8817,6.63027,-1.5966,1.06955,6311.69,0
8.22641,51.9613,6.48353,-1.47862,1.0153,6316.4,0
8.23293,52.0677,6.47319,-1.83512,1.01807,6324.33,0
8.23944,52.2905,6.44008,-1.6977,1.14185,6346.36,0
8.24598,52.295,6.27377,-1.70991,0.998428,6341.88,0
8.25246,52.0742,6.36856,-1.41307,0.638099,6310.14,0
8.25897,52.1011,6.56737,-1.36213,0.616903,6308.43,0
8.26547,52.2541,6.56631,-1.40959,0.739294,6321.98,0
8.27202,52.3621,6.3621,-1.55312,0.779306,6330.03,0
8.27848,52.4652,6.56512,-1.30193,0.819637,6337.55,0
8.285,52.5461,6.71096,-1.14332,0.835204,6342.31,0
8.2915,52.2666,6.82135,-0.967341,0.416522,6303.63,0
8.29804,52.3582,6.37839,-0.965414,0.486638,6309.71,0
8.30451,52.5858,6.55156,-1.13095,0.716145,6332.19,0
8.31106,52.4175,6.78786,-0.827683,0.467081,6306.97,0
8.31764,52.2231,7.01143,-0.900086,0.195996,6278.59,0
8.32416,52.2115,6.91403,-0.937958,0.168025,6272.28,0
8.33065,52.3379,7.19851,-1.16713,0.308516,6282.56,0
8.33718,52.4793,7.27271,-1.18241,0.457161,6294.61,0
8.34371,52.4095,7.09386,-1.36517,0.342325,6281.32,0
8.35021,52.5885,6.88142,-1.77703,0.530101,6297.86,0
8.35672,52.6711,7.16321,-2.13898,0.596569,6302.84,0
8.36321,52.9263,7.23348,-1.99657,0.835173,6328.47,0
8.36973,53.1527,6.92922,-2.06971,0.9934,6350.6,0
8.37621,53.0129,7.24562,-1.98146,0.723673,6328.97,0
8.38272,52.7113,7.12239,-1.65891,0.285818,6288.09,0
8.38921,52.713,7.0061,-1.58198,0.273377,6283.43,0
8.39568,52.718,6.90367,-1.62443,0.259673,6279.19,0
8.40217,52.7744,6.97253,-1.7781,0.294395,6281.04,0
8.40867,53.001,7.11523,-1.62099,0.542894,6303.14,0
8.41516,52.7714,7.06012,-1.36165,0.220042,6270.99,0
8.42167,52.9138,6.96241,-1.187,0.377379,6283.06,0
8.42818,52.7058,7.13205,-1.13609,0.100703,6253.52,0
8.43466,52.8574,7.0767,-1.15867,0.279625,6266.69,0
8.44117,52.9402,7.12685,-1.14896,0.3472,6271.67,0
8.44772,52.8885,7.07203,-1.18889,0.263945,6260.69,0
8.45423,52.9616,6.82846,-1.23675,0.33859,6264.51,0
8.46072,52.9524,6.56526,-1.10391,0.302878,6258.61,0
8.46722,52.9849,6.53573,-1.42621,0.317689,6257.65,0
8.47374,53.139,6.36961,-1.06677,0.488221,6271.02,0
8.48024,53.1827,6.38675,-0.908615,0.493532,6271.37,0
8.48671,52.9114,6.13301,-1.00793,0.133498,6234.62,0
8.49324,53.1933,5.7134,-0.920899,0.464687,6263.02,0
8.49973,53.1612,5.7536,-0.913881,0.389296,6254.45,0
8.50625,52.9369,5.71435,-0.86613,0.096111,6223.3,0
8.51278,52.9272,5.66936,-0.874317,0.0777787,6217.38,0
8.5193,53.1352,5.64484,-1.03897,0.321133,6237.04,0
8.52577,53.1825,5.58224,-1.03807,0.347257,6237.85,0
8.53226,53.2261,5.46517,-1.21635,0.370971,6238.22,0
8.53876,53.2436,5.48715,-1.19369,0.373693,6235.52,0
8.54527,53.2763,5.38289,-1.21985,0.388156,6234.6,0
8.55179,53.1789,5.73696,-1.09684,0.238883,6218.45,0
8.55828,53.1726,5.53051,-1.08426,0.216408,6213,0
8.5648,53.2001,5.30853,-1.32451,0.23824,6211.48,0
8.57132,53.4409,5.53938,-1.32352,0.517981,6234.85,0
8.57777,53.1988,5.52553,-1.7284,0.194306,6201.94,0
8.58427,53.2381,5.18013,-1.78808,0.232997,6201.83,0
8.59076,53.1985,5.3956,-1.90853,0.169111,6192.52,0
8.59723,53.3394,5.67851,-1.91056,0.330616,6204.26,0
8.60373,53.576,5.79467,-1.942,0.601997,6227.07,0
8.61028,53.8209,5.5709,-1.86293,0.808477,6250.77,0
8.6168,53.5377,5.44967,-1.43262,0.397997,6213.17,0
8.6233,53.5201,5.1531,-1.46407,0.347862,6206.45,0
8.62982,53.6349,4.94117,-1.3803,0.462006,6215.07,0
8.63636,53.9773,5.17985,-1.18338,0.844783,6250.01,0
8.64282,53.8064,5.26571,-1.35265,0.556437,6225.56,0
8.64936,53.6425,5.23747,-1.3652,0.31086,6201.91,0
8.65588,53.6951,5.14669,-1.17949,0.353294,6203.3,0
8.66239,53.6823,5.09564,-1.14344,0.317894,6197.17,0
8.66891,53.9721,4.80576,-1.24848,0.634428,6225.94,0
8.67542,53.9139,4.52278,-1.14138,0.506758,6214.56,0
8.6819,54.1472,4.7301,-1.10582,0.727786,6236.79,0
8.68843,54.3285,4.58282,-1.10242,0.868042,6252.97,0
8.69493,54.3533,4.63822,-1.29935,0.811323,6251.16,0
8.70141,54.5617,4.75946,-0.998725,0.973721,6270.44,0
8.7079,54.3659,4.6261,-0.717916,0.630983,6243.29,0
8.71447,54.6507,4.4077,-0.552671,0.904202,6271.26,0
8.72101,54.6601,4.25872,-0.120827,0.802075,6267.64,0
8.72751,54.729,4.17092,-0.783534,0.803364,6270.86,0
8.73403,54.7237,4.05588,-0.999295,0.730108,6265.57,0
8.74053,54.7956,3.71251,-1.31162,0.7334,6269.14,0
8.74703,54.9031,3.88062,-1.38228,0.779321,6276.77,0
8.75353,54.9467,4.29825,-1.70185,0.76361,6277.1,0
8.76003,55.0334,4.51863,-2.0036,0.780528,6282.33,0
8.76649,55.0714,4.43959,-1.82851,0.736973,6282.04,0
8.773,55.4985,4.36402,-1.82809,1.13948,6326.06,0
8.77953,55.5713,4.407,-1.76552,1.08394,6329.64,0
8.78603,55.6202,4.07946,-1.60055,1.00688,6330.53,0
8.79258,56.0674,4.36142,-1.39275,1.38506,6376.67,0
8.79907,56.191,4.79399,-1.38052,1.32676,6386.02,0
8.80561,56.6865,4.73352,-1.33867,1.68046,6437.54,0
8.81211,56.5718,4.55219,-1.21552,1.28294,6419.78,0
8.81864,56.3024,4.83128,-0.795252,0.815576,6384.48,0
8.82517,56.2742,5.15115,-0.86073,0.68737,6376.56,0
8.83166,56.5725,5.25781,-1.04542,0.967194,6405.65,0
8.83816,56.9217,5.6233,-0.862395,1.25501,6440.45,0
8.84463,57.1913,5.51501,-0.711519,1.41365,6466.22,0
8.85117,57.2454,5.28366,-0.669289,1.27317,6467.55,0
8.85772,57.2417,5.24188,-0.238882,1.10954,6462.35,0
8.86426,57.5012,4.76838,-0.0416157,1.27274,6486.86,0
8.87076,57.2964,4.31152,0.217018,0.861108,6459.01,0
8.87729,57.7302,4.54569,0.368238,1.26832,6503.13,0
8.88377,57.7592,4.62349,0.163048,1.1377,6501.65,0
8.89024,57.6452,4.49271,-0.13444,0.860533,6484.1,0
8.89674,57.5501,4.53357,0.0602786,0.66279,6468.67,0
8.90328,57.3483,4.37553,-0.0884585,0.359646,6441.26,0
8.90972,57.2889,4.37248,-0.312069,0.255489,6429.94,0
8.91622,57.2723,4.26587,-0.365047,0.221763,6423.38,0
8.92275,57.2823,3.87261,-0.028753,0.222263,6419.8,0
8.92926,57.3222,4.00284,0.136695,0.257435,6419.59,0
8.93576,57.4086,3.95251,0.379272,0.334727,6424.59,0
8.94229,57.3878,3.95215,0.311027,0.286581,6417.57,0
8.94882,57.6326,3.97898,0.482253,0.557635,6440.25,0
8.95534,57.6859,4.08444,0.518241,0.550791,6441.52,0
8.96185,57.7125,4.09493,0.536228,0.534667,6439.79,0
8.96835,57.5683,4.19801,0.597933,0.328931,6419.05,0
8.97481,57.5774,4.4095,0.324304,0.305725,6415.44,0
8.98134,57.6063,4.47579,0.149895,0.326951,6413.99,0
8.98788,57.5117,4.3118,0.269165,0.193056,6398.8,0
8.9944,57.492,4.38265,0.0437024,0.150146,6391.98,0
9.00094,57.4199,4.52658,-0.0250657,0.0528917,6379.33,0
9.00747,57.5498,4.45162,0.0289969,0.211483,6389.12,0
9.01397,57.6224,4.26514,-0.0057423,0.277082,6392.57,0
9.02046,57.9174,4.02518,0.185706,0.611755,6420.67,0
9.02696,57.9042,4.07826,0.250007,0.548999,6414.59,0
9.03349,58.0608,4.2753,0.274712,0.687311,6427.28,0
9.03999,58.0356,4.24687,0.124989,0.587622,6419.87,0
9.0465,57.9966,4.47988,-0.26034,0.480449,6410.94,0
9.05296,57.839,4.34407,-0.57383,0.259211,6388.96,0
9.05948,57.7823,4.51175,-0.60608,0.178334,6378.11,0
9.06601,58.1014,4.43852,-0.779843,0.545067,6408.7,0
9.07251,58.1809,4.78631,-0.64377,0.603515,6412.88,0
9.07899,58.1333,4.7712,-0.777951,0.507449,6403.06,0
9.08547,58.0921,4.76629,-0.914494,0.409245,6393.96,0
9.09197,57.8266,4.6696,-0.854499,0.0629764,6360.18,0
9.09845,58.0092,4.47286,-0.956271,0.286451,6375.72,0
9.10496,58.2267,4.46167,-0.75746,0.524283,6395.05,0
9.11147,58.4918,4.36823,-0.580699,0.789436,6419.58,0
9.11798,58.473,4.46065,-0.537505,0.679575,6412.94,0
9.12446,58.5706,4.71027,-0.419674,0.729004,6419.08,0
9.13096,58.7796,4.42285,-0.611478,0.884667,6437.39,0
9.13748,58.9236,4.21901,-1.01064,0.95287,6448.56,0
9.14399,59.1406,4.17168,-1.07368,1.09198,6467.71,0
9.15049,59.0384,4.07721,-1.06936,0.851674,6451.94,0
9.15701,59.0823,4.27821,-0.61975,0.810133,6452.14,0
9.16354,59.0287,4.14994,-0.782341,0.650593,6441.69,0
9.17006,58.9429,4.7022,-0.779473,0.47742,6427.75,0
9.17655,59.2083,4.88081,-0.746869,0.75914,6452.13,0
9.18301,59.0112,5.07059,-0.933622,0.436129,6426.12,0
9.18952,58.8879,5.16417,-1.21787,0.26072,6408.16,0
9.19602,58.9033,5.37289,-1.16237,0.263287,6405.3,0
9.20253,58.8089,5.20808,-1.21737,0.136154,6390.51,0
9.20904,58.7615,5.01663,-1.35856,0.0731672,6380.85,0
9.21552,58.7699,4.70825,-1.28039,0.0769037,6377.27,0
9.22202,58.8962,4.61919,-1.19631,0.230132,6386.47,0
9.22853,59.1398,4.71684,-1.29064,0.509448,6408.36,0
9.23504,59.0545,4.69534,-1.51171,0.360389,6394.61,0
9.24151,59.0383,4.57733,-1.32723,0.299039,6388.39,0
9.24801,58.9108,4.55464,-1.25296,0.130463,6370.1,0
9.25453,58.9745,4.45099,-1.13436,0.200985,6372.5,0
9.26102,58.9847,4.60012,-1.32969,0.207009,6369.14,0
9.26754,59.4512,4.80701,-1.63247,0.74296,6415,0
9.27401,59.4973,4.60489,-1.70843,0.73729,6415.49,0
9.28053,59.6511,4.41161,-1.67139,0.847692,6427.56,0
9.28703,59.5883,4.42742,-1.59399,0.682672,6416.29,0
9.29351,59.6594,4.39802,-1.46911,0.686545,6419.47,0
9.30003,59.6414,4.37321,-1.31552,0.609158,6413.03,0
9.30653,59.631,4.33929,-1.47623,0.515007,6407.43,0
9.31304,59.5428,4.41132,-1.4522,0.351694,6393.48,0
9.31957,59.6037,4.31637,-1.34042,0.391307,6395.54,0
9.32613,59.7303,4.19202,-1.31514,0.508817,6404.62,0
9.33268,59.8625,4.30213,-1.41445,0.609455,6414.29,0
9.33924,59.8566,4.35619,-1.66029,0.531017,6409.15,0
9.34575,59.8688,4.35829,-1.73269,0.502488,6405.99,0
9.35228,59.9671,4.47056,-1.48028,0.581109,6412.04,0
9.35883,60.1031,4.42568,-1.12305,0.690271,6422.08,0
9.36537,59.7507,4.22222,-1.12665,0.195101,6379.96,0
9.37187,59.9271,4.27872,-0.882271,0.392598,6394.35,0
9.37835,60.2249,4.40273,-0.957957,0.713504,6421.69,0
9.38487,60.2578,4.42829,-1.10289,0.667323,6420.74,0
9.39139,60.4423,4.33268,-1.02612,0.824728,6435.93,0
9.39787,60.5901,4.5875,-0.815789,0.909196,6447.22,0
9.40431,60.5018,4.25077,-1.01432,0.713232,6433.41,0
9.41085,60.2899,3.87454,-1.33932,0.38468,6406.42,0
9.41736,60.4641,4.00902,-1.0897,0.554709,6420.5,0
9.42388,60.6724,4.22449,-1.03822,0.744893,6438.16,0
9.43041,60.6166,4.07623,-0.946197,0.599745,6427.78,0
9.43694,60.6925,4.11838,-0.689349,0.610117,6431.38,0
9.44342,60.4953,4.08236,-0.657252,0.302767,6406.08,0
9.44994,60.6896,4.10844,-0.975807,0.517746,6422.22,0
9.45645,60.7398,4.07003,-1.01474,0.533958,6423.11,0
9.46297,60.7747,4.29147,-1.05211,0.524804,6422.37,0
9.46951,60.5489,4.36457,-0.854606,0.207415,6394.09,0
9.47602,60.6256,4.38881,-0.733713,0.28762,6397.8,0
9.48251,60.9166,4.262,-0.911199,0.606814,6424.09,0
9.48902,60.8594,4.36028,-0.932992,0.492747,6413.66,0
9.49551,60.9591,4.38398,-0.897612,0.559404,6419.78,0
9.50202,60.8247,4.10196,-0.906625,0.351896,6401.23,0
9.50846,60.9313,4.23814,-0.778278,0.45533,6408.11,0
9.51495,60.9086,3.71954,-0.669582,0.385827,6401.36,0
9.52145,60.8864,3.483,-1.01486,0.338917,6394.66,0
9.52803,60.6377,3.55467,-0.979144,0.021143,6364.15,0
9.53453,60.8852,3.56002,-1.085,0.313579,6385.76,0
9.54108,60.9076,3.91197,-0.977397,0.319503,6383.72,0
9.54758,60.9658,3.89709,-0.739618,0.370895,6385.47,0
9.55407,60.9794,3.83549,-0.636521,0.352477,6382.56,0
9.56056,60.8401,3.8717,-0.579409,0.168048,6363.65,0
9.56703,60.8836,3.81291,-0.399252,0.215058,6363.9,0
9.57354,61.1216,3.88604,-0.442867,0.482405,6384.43,0
9.58007,61.1649,3.78116,-0.238876,0.486618,6384.6,0
9.58653,61.2443,3.6649,0.0191052,0.532874,6388.57,0
9.59307,60.9582,3.32472,0.00288692,0.147001,6354.41,0
9.59957,61.1585,3.50009,0.0340216,0.381605,6370.96,0
9.60608,61.4023,3.69372,0.0854637,0.639401,6392.02,0
9.61257,61.4468,3.36798,-0.0115016,0.628119,6392.35,0
9.61906,61.3332,3.34724,-0.220707,0.436337,6376.22,0
9.62557,61.1176,3.47285,-0.0864617,0.143596,6349.5,0
9.63208,61.542,3.35054,-0.0857252,0.630731,6389.28,0
9.63862,61.4178,3.28526,-0.239052,0.424225,6372.05,0
9.64511,61.4833,3.16899,-0.380405,0.467446,6374.55,0
9.65164,61.6919,3.01013,-0.1668,0.667965,6391.86,0
9.65818,61.4237,2.96229,-0.227063,0.290328,6359.76,0
9.66469,61.5416,3.04059,-0.383663,0.405337,6367.68,0
9.6712,61.506,3.16954,-0.408368,0.338543,6359.71,0
9.67767,61.5325,2.84606,-0.552616,0.349184,6358.2,0
9.6842,61.3975,2.9042,-0.708236,0.165127,6339.96,0
9.69074,61.4203,2.97238,-0.320471,0.177044,6338.04,0
9.69722,61.4108,2.98513,-0.403052,0.159811,6332.83,0
9.70374,61.4255,2.923,-0.0779045,0.165041,6330.08,0
9.71025,61.342,2.85465,-0.220516,0.0575951,6317.25,0
9.71673,61.7708,2.97366,-0.392422,0.571584,6357.15,0
9.72328,61.6214,3.00987,-0.523141,0.353413,6337.51,0
9.72982,61.6387,2.98253,-0.561855,0.349584,6335.02,0
9.73632,61.5262,2.84847,-0.818169,0.196289,6319.24,0
9.74284,61.5834,2.81466,-0.668871,0.252228,6320.89,0
9.7493,61.5768,2.73288,-0.509077,0.223533,6316.02,0
9.75583,61.5072,2.74255,-0.446898,0.130866,6304.66,0
9.76231,61.6616,2.71254,-0.428898,0.302821,6316.29,0
9.76878,61.6998,2.81008,-0.456694,0.325089,6316.02,0
9.77525,61.787,2.7667,-0.228827,0.407261,6320.76,0
9.78179,61.6517,2.93767,-0.121398,0.22158,6302.7,0
9.78833,61.6939,2.79399,-0.133998,0.261616,6302.81,0
9.79484,62.048,2.64602,-0.321698,0.66717,6334.77,0
9.80135,62.1571,2.42148,0.0416788,0.734262,6341.68,0
9.80785,62.1322,2.19652,0.266865,0.611977,6334.95,0
9.81439,62.0726,2.35033,0.381445,0.485919,6324.65,0
9.82088,62.0654,2.64645,0.549836,0.439305,6319.74,0
9.82739,61.9551,3.01381,0.61968,0.278285,6304.33,0
9.8339,62.0115,2.73081,0.858739,0.325061,6305.89,0
9.84043,62.0303,2.97406,0.930384,0.334211,6303.62,0
9.84698,62.1125,2.91611,1.21716,0.404167,6307.78,0
9.85353,62.0835,2.93092,1.13829,0.345565,6300.64,0
9.86003,62.168,3.1691,0.99319,0.421957,6305.05,0
9.86648,62.0761,3.27812,0.97116,0.274276,6291.62,0
9.87295,62.276,3.40788,1.00486,0.503214,6307.74,0
9.87945,62.4246,3.36453,1.06344,0.614936,6318.63,0
9.88597,62.3895,3.00705,1.26075,0.526836,6310.91,0
9.89246,62.5513,2.72102,0.997495,0.662895,6323.13,0
9.89892,62.2659,2.64042,1.0878,0.26275,6290.17,0
9.90542,62.5865,2.41997,0.891073,0.622127,6318.41,0
9.9119,62.664,2.41056,0.66896,0.64165,6322.09,0
9.9184,62.312,2.69541,0.740857,0.160142,6282.46,0
9.92491,62.234,2.62002,0.830687,0.0602465,6270.48,0
9.93143,62.3588,2.63563,0.615017,0.20937,6278.93,0
9.93791,62.4112,2.32897,0.50572,0.257843,6280.11,0
9.94442,62.446,2.28652,0.301803,0.276732,6279.5,0
9.95094,62.6341,2.20409,0.174957,0.47449,6294.29,0
9.95742,62.7127,2.05773,0.239722,0.525124,6298.09,0
9.96387,62.7222,2.08807,0.313058,0.484572,6294.96,0
9.97039,62.8215,1.96641,0.496477,0.564668,6300.8,0
9.97692,62.7624,1.93619,0.853384,0.448583,6290.76,0
9.98343,62.7363,1.93042,1.18212,0.379664,6284.04,0
9.98997,62.4799,1.76701,1.17492,0.047597,6254.26,0
9.99646,62.563,1.82336,1.06497,0.145749,6258.52,0
10,62.6952,1.79032,0.936849,0.303965,6269.52,0
