1.37625,3620.9,-88.2272,-37.6233,2.20308,-21144.4,0
2.74255,3604.82,-90.1176,-32.0113,3.85848,-16472.4,0
4.10256,3619.43,-69.9016,-26.8098,2.30397,-7452.03,0
5.47354,3608.03,-98.963,-41.1456,2.49289,-7666.98,0
6.84261,3599.75,-85.9555,-23.5469,3.65482,-7343.56,0
8.21344,3579.86,-126.71,25.3097,4.51693,-8540.12,0
9.58851,3546.35,-106.862,23.8756,7.96766,-10809.5,0
10.955,3525.75,-132.322,34.9759,6.7752,-11341.6,0
12.3328,3506.97,-144.56,12.6766,6.99299,-11597.4,0
13.6933,3514.91,-149.857,-10.8861,3.5825,-9865.19,0
15.0506,3514.75,-138.877,-44.4634,3.56153,-8986.38,0
16.4049,3505.26,-117.56,-47.7565,5.92782,-8822.91,0
17.7464,3486.98,-99.8267,-38.5399,8.64881,-9185.87,0
19.1181,3490.43,-101.643,-40.9354,5.57272,-8346.48,0
20.4828,3508.41,-92.8147,-19.8269,3.7759,-6912.61,0
21.8483,3510.81,-81.7149,-16.9908,4.1724,-6370.95,0
23.2297,3523.84,-60.4551,-11.9004,3.28696,-5430.92,0
24.5869,3513.62,-51.9354,-18.6262,6.14986,-5546.83,0
25.9584,3527.85,-43.8311,-6.76233,3.8819,-4705.59,0
27.3185,3522.12,-41.2125,-16.8696,3.56337,-4680.98,0
28.6896,3511.27,-61.4992,34.4472,2.19381,-4835.4,0
30.0715,3512.63,-36.0496,53.035,2.64337,-4568.05,0
31.4448,3514.94,-48.1375,17.4994,3.65126,-4295.27,0
32.814,3528.54,1.0995,-6.68812,4.19009,-3701.38,0
34.1603,3514.64,20.8475,6.72164,7.4542,-3962.36,0
35.5311,3516.07,36.5956,15.5562,2.95438,-3769.38,0
36.8962,3486.28,46.5563,18.2054,7.32336,-4437.38,0
38.2544,3472.01,54.4381,-5.10126,9.06839,-4652.89,0
39.6221,3484.64,58.6864,-31.898,1.79898,-4173.32,0
40.9936,3471.68,49.8233,6.95416,8.10674,-4349.9,0
41.4811,3449.94,78.9184,17.623,4.06682,-4822.9,0
