1.37695,3612.61,10.5856,-58.0468,3.72066,-27152.7,0
2.74024,3581.48,11.9625,-74.3957,6.52389,-25006.3,0
4.11515,3555.51,14.688,-77.239,8.4389,-22960.5,0
5.49864,3566.36,1.77319,-91.1702,4.27541,-15210.2,0
6.85879,3549.9,22.734,-91.6131,5.16338,-14595.1,0
8.23467,3523.87,27.4556,-76.677,7.9856,-15317.4,0
9.60943,3532.92,40.938,-96.3881,2.11032,-12184,0
10.9707,3516.8,5.40327,-60.5379,8.00375,-12141.2,0
12.3504,3500.35,5.45993,-67.2553,7.9173,-12116.8,0
13.7114,3505.83,12.5704,-73.3728,4.66545,-10514.4,0
14.945,3449.99,-14.1287,-52.2257,8.28124,-13382.9,0
