1.3694,3609.41,-17.8072,-73.4471,4.03545,-29637.3,0
2.73982,3583.52,-6.13254,-76.306,6.06575,-24264.7,0
4.10939,3591.75,-41.2243,-60.8685,4.34379,-14174.3,0
5.49064,3585.18,-30.184,-57.5683,5.1494,-11805.4,0
6.86346,3592.17,-10.8877,-96.9713,2.72703,-8425.45,0
8.24021,3588.55,-9.23947,-91.0806,3.05086,-7457.52,0
9.60551,3590.06,-2.70094,-127.707,1.35155,-6240.01,0
10.9619,3568.34,-20.74,-129.902,3.74315,-7449.64,0
12.3314,3567.19,4.79323,-104.556,4.94173,-6715.47,0
13.6955,3568.73,7.81523,-115.206,3.48448,-5934.42,0
15.0687,3578.23,58.1781,-135.87,0.499601,-4762.76,0
16.4257,3554.2,22.2799,-118.21,4.7293,-5832.47,0
17.7862,3548.95,-14.2372,-113.432,5.1095,-5681.27,0
19.1491,3529.6,-19.0888,-105.531,7.33507,-6287.25,0
20.5283,3534,-39.8281,-89.8693,6.11643,-5650.97,0
21.8883,3527.28,-54.4455,-114.523,3.96866,-5606.71,0
23.2391,3507.55,-29.3409,-99.6749,7.57061,-6129.74,0
24.6105,3479.24,-21.2581,-115.442,8.86531,-6938.39,0
25.9776,3498.85,-4.23623,-109.182,4.38666,-5818.61,0
27.3371,3482.07,-24.3013,-108.824,6.59603,-6142.84,0
28.7026,3500.31,-36.306,-107.499,2.75128,-5215.17,0
30.0795,3496.6,-38.9486,-89.1021,4.68769,-5099.9,0
31.4488,3503.12,-25.0163,-100.373,2.4249,-4670.46,0
32.818,3487.33,-29.1589,-130.147,0.944573,-4956.65,0
34.1794,3473.67,-41.7487,-96.2319,5.75188,-5158.94,0
35.5453,3474.5,-51.0449,-64.0968,7.58368,-4937.39,0
36.912,3480.12,-23.0939,-94.9046,2.96303,-4602.36,0
38.2786,3485.76,-1.22792,-100.504,1.60844,-4290.56,0
39.6653,3499.35,10.9213,-56.7618,5.48528,-3798.04,0
41.0255,3485.25,34.0814,-37.0543,9.30687,-4015.83,0
42.4035,3487.65,43.3324,-64.3175,1.59082,-3828.7,0
43.7789,3493.49,46.986,-54.7373,0.959586,-3575,0
45.1274,3478.07,29.935,-63.9355,3.87111,-3809.89,0
46.4799,3468.88,3.59572,-61.446,6.31333,-3896.82,0
46.9863,3449.91,8.74096,-51.7896,0.794317,-4258.49,0
