1.36889,3623.64,-49.324,117.875,1.96498,-19252.9,0
2.72894,3621.95,-61.744,91.1654,2.52659,-10279.1,0
4.0864,3623.6,-41.3591,92.5778,2.46485,-6461.32,0
5.4646,3619.63,-82.8475,113.768,1.63872,-5557.37,0
6.83035,3612.97,-113.351,102.373,2.03588,-5421.61,0
8.19481,3625.71,-112.577,89.9831,0.864539,-2964.26,0
9.56288,3630.39,-75.577,73.4141,1.39668,-2050.42,0
10.9351,3637.36,-28.026,75.9079,1.18797,-1155.72,0
12.299,3608.94,1.21291,62.2067,4.62104,-3338.8,0
13.6698,3633.66,24.3632,33.4426,1.79594,-1195.37,0
15.0256,3601.75,-1.46058,19.8582,5.23067,-3210.88,0
16.3924,3578,-5.61036,18.1699,6.69549,-4392.42,0
17.7558,3572.66,-3.90005,-12.319,5.76938,-4355.85,0
19.1219,3575.97,-25.454,-17.8039,3.42838,-3871.37,0
20.4829,3584.04,-27.3932,-21.0624,1.91193,-3220.07,0
21.8383,3566.82,-23.4579,-13.0372,4.93924,-3808.75,0
23.2146,3570.61,-30.9282,-37.1139,2.89355,-3419.79,0
24.5883,3561.54,-41.4063,-56.2171,3.20639,-3597.65,0
25.9684,3567.21,-37.9696,-1.96789,3.22177,-3188.06,0
27.3357,3543.7,-43.1422,-14.4261,6.90285,-3888.6,0
28.6944,3557.02,-76.637,-1.34883,1.67267,-3240.35,0
30.0605,3552.53,-91.3341,-43.2466,0.738475,-3242.55,0
31.4239,3508.39,-114.775,-43.4339,5.169,-4506.51,0
32.801,3481.34,-98.0379,-29.0449,9.93485,-5142,0
34.1536,3475.43,-110.206,-55.3261,6.44568,-5111.23,0
35.5111,3455.81,-91.0588,-70.2417,8.36159,-5468.34,0
35.5652,3449.91,-93.153,-73.566,8.53151,-5626.12,0
