1.35372,3613.86,51.2747,105.574,3.035,-26697.8,0
2.72784,3616.43,23.5158,184.489,0.705341,-12304.7,0
4.10108,3607.93,27.076,186.64,1.51566,-10257.5,0
5.47242,3615.51,1.19336,145.584,1.96238,-6301.7,0
6.82804,3584.63,10.0372,152.869,5.39138,-9573.58,0
8.1926,3613.55,-0.55615,126.822,2.64995,-4449.74,0
9.55279,3616.69,-24.039,127.937,2.07354,-3486.57,0
10.9222,3629.68,40.6959,128.234,0.53291,-1860.38,0
12.2778,3583.01,45.294,109.941,5.90764,-5456.27,0
13.6323,3595.22,36.7643,148.04,2.54071,-4018.57,0
14.9997,3582.68,77.5316,121.846,4.18297,-4488.12,0
16.3772,3580.96,75.688,128.018,3.60923,-4215.58,0
17.7509,3591.97,30.3312,100.831,3.63221,-3268.86,0
19.1195,3598.74,93.3215,118.019,0.881569,-2681.25,0
20.4894,3583.37,102.661,103.107,2.66525,-3251.83,0
21.8553,3580.14,131.914,117.66,1.49237,-3196.53,0
23.2331,3558.54,132.956,111.799,4.0767,-3936.76,0
24.592,3548.9,143.365,113.33,4.18959,-4111.09,0
25.9685,3530.75,167.553,135.336,3.90553,-4592.15,0
27.3309,3524.37,129.36,169.221,4.88641,-4596.54,0
28.7014,3516.59,115.426,156.558,6.93568,-4648.05,0
30.0652,3518.83,97.4303,145.061,6.9422,-4362.7,0
31.429,3543.25,117.89,104.899,3.50305,-3396.49,0
32.8081,3540.36,122.552,92.9896,3.91079,-3342,0
34.1795,3551,131.806,116.972,0.700616,-2896.46,0
35.5506,3556.21,106.255,127.17,0.461263,-2638.35,0
36.9239,3520.53,154.148,93.474,4.58173,-3506.48,0
38.2891,3504.16,168.63,85.6928,6.08831,-3808.92,0
39.6623,3520.13,151.017,89.2373,4.12683,-3274.42,0
41.0184,3487.86,155.907,67.7621,8.20665,-3952.83,0
42.3917,3475.26,155.074,80.1576,7.18655,-4122.07,0
43.3722,3449.85,149.926,60.4224,10.6122,-4614.72,0
