1.35484,3631.42,-26.9047,-86.2044,1.5018,-13716.8,0
2.7289,3621.39,8.26055,-13.7992,3.74851,-10484.7,0
4.09327,3611.79,25.8041,-19.1012,4.55308,-9334.99,0
5.46991,3602.35,23.8916,-21.0657,5.2689,-8711.41,0
6.83467,3599.63,17.6723,-20.0019,5.34411,-7370.06,0
8.20699,3586.99,6.11403,3.35709,6.0695,-7677.48,0
9.56456,3585.71,-14.2412,-21.9987,4.63584,-6722,0
10.9184,3574.51,2.09664,-11.2459,6.37558,-6914.33,0
12.2768,3562.07,-0.79819,-9.87599,6.83847,-7162.59,0
13.6365,3559.07,1.34147,1.93637,5.18455,-6668.08,0
14.9953,3561.13,20.1328,11.6222,3.37302,-5926.32,0
16.3595,3564.06,45.0219,-36.0848,1.14109,-5253.13,0
17.7222,3567,15.936,-1.25072,2.06717,-4683.19,0
19.0691,3568.12,2.68559,-0.337659,1.89212,-4293.97,0
20.4283,3567.98,6.17295,27.1184,1.38851,-4015.18,0
21.7852,3561.77,-6.3274,33.7033,1.88379,-4050.11,0
23.1454,3558.51,17.0252,58.9473,0.987828,-3952.92,0
24.5129,3532.39,40.5612,33.6402,5.71265,-4798.07,0
25.9031,3555.49,21.175,15.3696,2.18293,-3648.64,0
27.2681,3553.16,9.67634,58.9771,0.746513,-3551.44,0
28.6284,3551.94,16.2298,23.496,2.68621,-3425.17,0
29.9917,3541.08,26.0502,46.2915,3.1506,-3631.55,0
31.3593,3525.13,19.1628,20.3102,7.95783,-3981.76,0
32.713,3506.38,43.8365,33.5591,7.48373,-4390.31,0
34.0857,3486.02,23.2546,25.0054,6.51914,-4810.74,0
35.4514,3489.94,15.9958,18.0436,7.89028,-4514.78,0
36.5417,3488.25,-0.286143,2.15037,16.4178,-4426.56,0
