1.36892,3584.46,117.17,-34.0651,5.99252,-47877.9,0
2.73408,3557.92,76.9018,-39.3056,7.98082,-33678.8,0
4.0964,3564.57,101.473,-56.1474,3.62022,-20855.3,0
5.4618,3560.07,89.7516,-77.7817,3.51578,-16465.4,0
6.8304,3559.74,140.637,-76.8757,0.890614,-13214.4,0
8.20139,3532.74,142.985,-52.4222,5.21696,-14297.7,0
9.55119,3548.72,147.035,-41.2872,2.35682,-10603.9,0
10.9188,3545.88,121.959,-56.9535,3.96697,-9535.63,0
12.2888,3545.97,80.9619,-45.7281,6.05235,-8465.25,0
13.6505,3542.11,64.9404,-57.0596,5.40393,-7903.86,0
15.012,3528.84,102.294,-67.2151,4.04069,-8070.56,0
16.3692,3487.89,115.384,-81.1075,7.48066,-9903.09,0
17.7357,3493.16,92.8456,-92.6039,6.38874,-8843.21,0
19.0914,3483.73,101.194,-101.088,5.13616,-8709.34,0
20.461,3479.18,97.8385,-117.428,4.44521,-8348.76,0
21.8346,3479.59,98.6485,-115.484,3.55971,-7804.69,0
23.2124,3457.24,97.1731,-122.493,5.40484,-8304.37,0
23.6919,3449.91,98.8665,-120.582,6.09896,-8445.34,0
