1.37108,3616.79,1.37013,-40.9875,3.49642,-24224.3,0
2.73981,3628.01,4.45356,-29.1746,1.88446,-8025.02,0
4.09481,3622.56,-18.1093,-79.1675,1.48923,-6702.15,0
5.46038,3592.7,-51.737,-85.2422,4.06678,-10493.2,0
6.82825,3587.81,3.23669,-107.145,4.03183,-9107.23,0
8.19057,3579.3,44.2153,-130.697,3.28632,-8631.36,0
9.56174,3573.15,62.9107,-117.631,3.90933,-8036.95,0
10.9324,3589.76,62.7059,-140.39,0.869268,-5510.24,0
12.2807,3563.89,32.6071,-111.111,5.48619,-7011.82,0
13.6429,3545.5,-8.63763,-119.164,6.16528,-7659.71,0
15.0104,3543.63,9.97857,-118.191,5.23617,-7086.24,0
16.3915,3544.97,20.8852,-131.24,3.52756,-6407.85,0
17.753,3537.76,32.5272,-117.136,4.36878,-6322.3,0
19.1206,3537.45,38.7777,-153.362,1.14719,-5886.2,0
20.4826,3496.46,42.3432,-155.57,6.98956,-7496.28,0
21.8604,3534.34,4.1449,-129.785,3.13174,-5290.69,0
23.2518,3538.05,-2.75347,-90.9813,5.19278,-4814.73,0
24.626,3534.18,-9.58197,-78.5158,6.01099,-4703.31,0
25.9845,3524.63,18.1413,-60.951,6.48456,-4824.76,0
27.3545,3522.72,-8.17922,-77.2234,4.67122,-4653.1,0
28.7203,3522.25,-39.5034,-79.4546,3.20132,-4448.11,0
30.0887,3518.92,-18.8829,-77.6894,4.25079,-4356.35,0
31.4518,3494.84,-30.906,-70.0247,7.56151,-4933.31,0
32.8225,3475.22,-24.9897,-82.6821,8.1257,-5324.97,0
34.1881,3485.41,-18.1403,-80.6446,5.32786,-4814.28,0
35.5526,3491.28,35.1594,-82.7178,2.91826,-4464.32,0
36.9132,3484.36,29.3486,-72.6911,5.20981,-4487.4,0
38.2688,3496.27,49.8061,-68.2248,0.87077,-4017.06,0
39.6227,3506.42,5.28611,-32.2442,7.71018,-3623.61,0
40.9866,3487.01,8.48293,-18.9836,8.06748,-3976.64,0
41.1613,3488.03,0.165036,-2.26976,11.232,-3934.91,0
