1.35295,3623.75,5.92156,32.3895,2.82302,-19400,0
2.71851,3623.23,-16.7689,68.474,1.9712,-9848.19,0
4.0746,3584.09,-17.799,150.317,4.2535,-16175,0
5.43024,3597.6,-22.7462,125.636,3.28715,-9649.93,0
6.80953,3560.59,-27.3871,133.6,5.62645,-13130.5,0
8.17683,3562.87,-13.6201,180.316,2.4183,-10655.8,0
9.5242,3570.81,-24.139,123.061,3.76309,-8314.54,0
10.8916,3561.05,-8.78485,134.871,4.49161,-8166.63,0
12.2593,3569.51,-7.24288,128.052,3.14561,-6565.98,0
13.6388,3576.16,29.1365,124.356,2.25777,-5413.77,0
15.0157,3563.72,20.3396,110.335,4.27318,-5746.13,0
16.3755,3568.07,53.5061,102.797,3.00639,-5003.38,0
17.748,3588.14,23.1363,99.4941,0.689049,-3485.5,0
19.1091,3538.21,60.4094,102.684,5.88148,-5849.84,0
20.4824,3531.11,51.1307,83.6166,7.2883,-5804.28,0
21.8353,3516.47,59.762,79.3555,7.52767,-6115.2,0
23.19,3514.95,75.8991,80.0705,5.17288,-5823.52,0
24.5402,3523.04,79.2152,53.4031,4.67103,-5173.42,0
25.9224,3500.42,108.573,36.0404,6.09853,-5770.21,0
27.2712,3492.27,131.212,2.5659,4.03259,-5783.63,0
28.6443,3496.34,134.633,4.72701,2.64224,-5364.28,0
29.9988,3516.24,126.193,-1.37863,0.411809,-4458.95,0
31.3548,3502.77,103.405,-17.5607,4.68075,-4695.66,0
32.7302,3495,109.868,-38.0338,3.56889,-4735.58,0
34.0995,3472.85,129.869,-88.556,1.04205,-5195.15,0
34.3995,3449.88,158.97,-73.1583,1.80158,-5817.56,0
