1.35767,3623.88,-42.1669,91.912,1.93776,-19239.7,0
2.71705,3635.65,-65.7518,81.506,0.655283,-5282.21,0
4.07055,3639.89,-86.6379,61.9651,0.22779,-2484.53,0
5.43319,3622.11,-79.9597,50.2931,2.24503,-5133.06,0
6.79416,3612.54,-95.921,70.2527,2.56933,-5512.89,0
8.16428,3597.32,-91.6658,51.6766,4.59769,-6452.68,0
9.52769,3593.79,-81.2361,54.8814,4.23903,-5899.88,0
10.9033,3576.46,-83.7579,63.5465,5.34748,-6745.19,0
12.2715,3600.89,-100.482,65.9996,0.98064,-4001.81,0
13.6279,3567.24,-101.553,81.2131,4.42516,-6072.64,0
15.0016,3566.8,-109.308,63.1599,4.00049,-5546.37,0
16.3778,3579.38,-80.0043,87.3706,2.49979,-4311.82,0
17.7529,3593.22,-90.001,96.3082,0.14571,-3198.38,0
19.1356,3562.25,-127.565,58.4544,3.19708,-4585.55,0
20.5139,3556.87,-158.286,92.7935,0.85403,-4539.91,0
21.8931,3524.41,-148.069,76.5873,6.04655,-5736.65,0
23.2709,3533.15,-196.637,84.5959,1.05307,-5021.26,0
24.6369,3494.03,-221.892,95.4625,3.28277,-6330.7,0
26.0163,3503.06,-240.96,39.936,1.35964,-5647.94,0
27.3739,3493.18,-222.707,22.5055,4.32884,-5728.72,0
28.731,3478.57,-250.797,11.6306,2.16952,-5966.62,0
30.0911,3479.01,-244.688,12.3629,2.79147,-5682.36,0
31.4584,3455.5,-241.624,8.19696,5.90206,-6182.61,0
31.5335,3450.02,-233.006,13.3147,8.1125,-6341.78,0
