1.38381,3578.84,11.9554,34.8515,8.4361,-51426.5,0
2.74692,3629.33,-2.91633,45.5445,0.254083,-7526.14,0
4.11697,3605.25,-24.9304,25.6626,3.28889,-10870.6,0
5.48934,3590.78,-63.3671,7.36759,4.38082,-10788.4,0
6.84575,3566.02,-77.9218,-19.7277,5.98069,-12267.2,0
8.20976,3561.45,-63.0909,-23.6922,6.30893,-10786.5,0
9.59738,3545.64,-37.0835,-32.1972,9.11234,-10873.4,0
10.9644,3558.2,-30.977,-15.7498,4.54871,-8372.69,0
12.3439,3549.94,-35.7008,-34.547,4.41198,-8105.79,0
13.7248,3539.66,-37.9126,-12.9627,6.10272,-8039.18,0
15.091,3546.71,-27.3642,-7.45619,4.05198,-6844.31,0
16.4531,3536.71,-42.2502,11.6998,4.48005,-6885.89,0
17.8292,3522.65,-26.3741,10.6426,8.27361,-7142.59,0
18.8746,3497.38,0.113364,-0.375848,6.07491,-8085.78,1
