1.36972,3592.35,-17.6528,-37.8361,5.96728,-42090.7,0
2.72819,3571.59,3.69577,-42.2392,7.20834,-28739.2,0
4.08637,3603.85,5.25497,-38.1754,1.1785,-11293.9,0
5.45232,3569.3,7.55244,-36.2006,5.56529,-14800.7,0
6.82591,3589.37,3.85898,6.50815,2.11908,-8882.83,0
8.1951,3567.15,34.1864,-19.544,4.91206,-10109.6,0
9.55403,3591.79,40.7649,-13.8078,0.141894,-6092.44,0
10.9096,3586.41,-9.33976,-23.5548,1.32705,-5828.57,0
12.273,3567.49,-52.3568,-19.1835,3.39896,-6722.85,0
13.6416,3567.35,-43.5075,-36.4971,3.21121,-6058.77,0
15,3546.44,-16.5008,-30.2523,7.01626,-6904.05,0
16.3669,3563.72,-28.8119,-13.1099,3.24252,-5271.58,0
17.7508,3554.74,1.78376,-11.5935,5.46532,-5366.76,0
19.1186,3576.8,-8.34564,7.90122,0.75518,-3828.86,0
20.4843,3570.1,-28.5378,-1.06787,1.52541,-3900.61,0
21.852,3535.76,-59.6729,-63.0638,4.11307,-5228.12,0
23.2109,3523.56,-13.6101,-64.1101,7.53531,-5447.27,0
24.5731,3526.06,7.63777,-42.172,7.20125,-5043.76,0
25.9375,3531.83,65.8537,-37.6695,1.59845,-4556,0
27.2883,3514.23,84.915,-6.2744,3.63302,-4975.25,0
28.6566,3488.2,116.879,26.0216,4.09083,-5646.11,0
30.0254,3468.71,124.166,9.54828,6.18838,-6037.83,0
31.4004,3485.78,113.714,-9.55736,4.39768,-5229.82,0
32.7579,3466.94,98.4289,-14.8256,8.47128,-5588.37,0
34.0053,3450.07,100.149,-15.967,8.67684,-5879.32,0
