1.37003,3640.25,-54.5687,-19.5028,4.1613,-7120.13,0
2.72648,3641.02,-66.6826,-14.6617,1.6787,-3294.87,0
4.08838,3621.73,-92.6941,-15.2122,8.59386,-6913.54,0
5.45316,3605.71,-95.1428,-9.58376,4.63025,-8121.22,0
6.81775,3588.82,-115.666,-13.3481,8.99353,-8973.52,0
8.17687,3569.89,-87.65,-6.46402,2.49916,-9797.21,0
9.54539,3572.67,-74.719,10.7126,2.44094,-8101.56,0
10.9074,3573.4,-62.1772,15.9174,2.24193,-7022.39,0
12.2709,3532.02,-42.4511,45.899,4.66033,-9614.75,0
13.6464,3520.1,-32.0218,20.0355,11.4217,-9519,0
14.3554,3491.38,-0.5332,1.61237,2.99251,-11049.3,3
