1.26587,3605.95,29.2042,-26.7155,0.724446,-34796,0
2.53745,3594.86,-1.19356,-45.3169,0.901398,-21730.8,0
3.82239,3557.81,-21.1966,-42.1708,1.71464,-24117.9,0
5.09602,3537.89,-17.9138,-61.092,1.92733,-22000.4,0
6.36474,3564.41,-6.87327,-73.0842,1.11084,-13447.7,0
7.6338,3564.41,-3.17218,-105.837,0.843031,-11211.9,0
8.90836,3541.19,-0.245164,-142.544,0.95354,-12214.1,0
10.1925,3543.1,7.44396,-112.043,1.21144,-10488.3,0
11.4754,3544.21,18.9416,-96.2238,1.28484,-9218.57,0
12.747,3532.46,-15.0328,-122.069,1.21651,-9220.83,0
14.0229,3516.2,-17.5491,-110.532,1.59607,-9541.84,0
15.3111,3554.74,-49.3285,-122.502,0.590009,-6221.6,0
16.5895,3530.79,-36.6905,-132.384,1.03257,-7185.66,0
17.8695,3515.27,-23.9823,-95.5512,1.81997,-7539.8,0
19.1426,3507.07,-36.2186,-109.511,1.6506,-7466.53,0
20.4104,3522.74,-37.075,-150.453,0.78026,-6234.95,0
21.6859,3530.25,-102.917,-117.708,0.618566,-5521.96,0
22.9631,3540.1,-129.564,-32.6977,0.65512,-4786.1,0
24.2501,3573.96,-63.3559,-47.7702,0.394143,-3135.85,0
25.5325,3568.23,-91.5162,-52.2202,0.321451,-3202.73,0
26.7981,3567.88,-80.0612,-81.8906,0.20984,-3064.42,0
28.0765,3525.65,-94.8335,-64.8122,1.14845,-4429.14,0
29.3558,3517.16,-107.548,-89.6168,0.970347,-4525.16,0
30.6334,3520.65,-104.088,-106.222,0.764797,-4222.46,0
31.9068,3533.66,-84.762,-110.965,0.583165,-3646.2,0
33.1887,3521.41,-63.6606,-89.464,1.17528,-3874.57,0
34.4737,3519.14,-67.9373,-107.782,1.00873,-3796.05,0
35.7499,3498.19,-70.2299,-136.33,1.0534,-4246.51,0
37.0289,3523.29,-60.3742,-138.869,0.536488,-3421.96,0
38.3076,3517.23,-62.9048,-113.361,0.909342,-3466.02,0
39.5766,3552.92,-80.2686,-92.6754,0.208226,-2453.02,0
40.8523,3534.52,-18.5116,-90.3105,0.894079,-2826.88,0
42.1337,3536.56,-36.5869,-52.3848,1.14756,-2692.36,0
43.4091,3554.53,-26.5017,-49.2619,0.707842,-2199.4,0
44.6815,3561.57,4.48588,-66.1611,0.44638,-1979.06,0
45.9697,3550.4,26.7404,-47.605,0.820241,-2166.61,0
47.2414,3556.38,23.4984,-32.25,0.768488,-1981.66,0
48.521,3558.81,15.1563,-33.8703,0.696229,-1879.49,0
49.7925,3556.8,12.2333,-34.4096,0.736198,-1871.85,0
51.0625,3570.34,7.63634,-13.5131,0.444372,-1560,0
52.3332,3564.37,29.435,37.4581,0.452048,-1636.17,0
53.6115,3565.31,19.2298,66.3336,0.276561,-1579.72,0
54.8872,3548.04,-21.7794,7.00695,1.08352,-1857.62,0
56.1595,3532.05,-99.0813,10.958,0.686092,-2100.31,0
57.4444,3510.62,-108.526,6.22301,1.00656,-2426.31,0
58.7083,3532.13,-120.842,-5.23981,0.387817,-2007.66,0
59.981,3524.82,-138.372,-7.4721,0.314557,-2087.04,0
61.259,3488.44,-159.621,1.15987,0.816726,-2637.29,0
62.5321,3524.79,-150.898,24.6327,0.157371,-2002.27,0
63.8085,3458.16,-169.159,121.75,0.703821,-3006.54,0
63.9357,3449.98,-160.772,127.7,0.958643,-3128.41,0
