1.27069,3620.27,-13.2863,38.2836,0.471724,-23395,0
2.54815,3578.37,27.8387,21.0924,1.29803,-28111.2,0
3.83017,3590.66,51.2877,8.76376,0.920909,-15493,0
5.09945,3562.79,72.9959,1.07024,1.36614,-17101.1,0
6.38017,3538.72,70.69,-7.25329,1.88518,-17441.8,0
7.65182,3537.08,59.6576,-25.528,1.89292,-14757.5,0
8.92215,3511.52,63.6856,-15.9502,2.40501,-15521.1,0
10.1997,3508.77,63.9179,14.0167,2.30311,-13846.4,0
11.4816,3534.04,48.4674,-13.9744,1.64941,-10099.4,0
12.7651,3522.64,40.1535,-13.8848,2.03353,-9977.42,0
14.0389,3520.08,55.6851,3.95327,1.73024,-9254.13,0
15.3169,3496.77,57.7489,0.793711,2.28935,-10004,0
16.5846,3501.72,92.8525,10.3085,1.24043,-8940.69,0
17.8651,3478.92,97.1421,12.0444,1.59277,-9576.14,0
18.4883,3449.99,102.052,6.44193,2.10656,-10818.3,0
