1.28645,3613.55,-74.1965,-94.2651,0.431508,-28333.7,0
2.56319,3549.32,-71.5421,-74.8398,1.57665,-39277.9,0
3.83449,3565.56,-56.4954,-41.1308,1.44469,-22020.8,0
5.1102,3564.75,-62.0137,-41.2517,1.3555,-16682.2,0
6.3853,3605.16,-74.9873,-44.0619,0.481726,-7021.68,0
7.66448,3596.78,-28.291,-87.924,0.591851,-6944.31,0
8.94556,3589.77,-44.1664,-117.325,0.544924,-6733.31,0
10.2126,3600.52,-66.7278,-126.4,0.274684,-4844.65,0
11.4889,3577.86,-168.913,-140.036,0.162621,-6278.95,0
12.7664,3556.35,-163.924,-156.505,0.437105,-7335.87,0
14.0346,3563.28,-143.535,-145.391,0.484416,-6179.19,0
15.3135,3557.56,-167.738,-139.317,0.492122,-6036.71,0
16.5912,3564.09,-202.483,-96.5366,0.295767,-5178.3,0
17.8645,3558.36,-203.365,-31.803,0.526139,-5129.65,0
19.1539,3585.78,-182.21,-23.6296,0.171199,-3352.76,0
20.4395,3566.79,-183.573,-16.2428,0.474305,-4071.16,0
21.7116,3544.94,-229.428,13.3317,0.511417,-4838.74,0
22.9836,3538.05,-219.721,-24.1905,0.692349,-4871.05,0
24.2551,3531.61,-231.606,-25.855,0.690463,-4880.97,0
25.5281,3552.39,-242.186,-15.2437,0.175287,-3823.73,0
26.8061,3521.45,-237.766,-24.6932,0.835074,-4795.44,0
28.0856,3527.41,-248.043,17.0236,0.550782,-4364.86,0
29.3651,3522.21,-253.869,-21.4114,0.6418,-4351.64,0
30.6487,3518.01,-243.735,15.532,0.874044,-4306.42,0
31.9222,3523.39,-261.832,-12.6892,0.515042,-3966.13,0
33.2039,3502.93,-256.485,-34.0217,0.954262,-4429.31,0
34.4789,3518.24,-255.324,-57.5754,0.568108,-3821.43,0
35.7555,3555.77,-217.24,-71.8875,0.191895,-2635.51,0
37.0192,3550.78,-164.242,-18.8595,0.808498,-2680.29,0
38.2893,3585.91,-144.2,-1.83081,0.311374,-1673.86,0
39.5623,3529.34,-116.425,-46.2143,1.50277,-3049.82,0
40.8321,3519.91,-148.461,-36.2557,1.25793,-3186.03,0
42.1039,3494.84,-131.951,1.03473,2.04301,-3685.26,0
43.3766,3483.56,-129.363,21.0629,2.17051,-3837.03,0
44.6426,3514.49,-161.558,25.3699,0.795768,-3035.48,0
45.916,3529.57,-162.697,53.3638,0.317329,-2622.73,0
47.1912,3482.71,-151.821,82.8579,1.31485,-3544.91,0
48.4758,3533.96,-158.003,81.4122,0.110325,-2393.81,0
49.7477,3512.01,-159.01,87.6502,0.544534,-2773.79,0
51.0279,3497.96,-165.686,100.94,0.642951,-2979.59,0
52.3097,3509.79,-178.882,109.266,0.161117,-2680.36,0
53.5897,3485.58,-180.842,91.2716,0.778752,-3068.17,0
54.858,3478.71,-137.613,100.227,1.54306,-3122.33,0
56.1398,3513.09,-135.247,76.7293,0.977871,-2438.74,0
57.4181,3532.49,-101.271,64.9288,0.979762,-2046.63,0
58.6978,3524.23,-120.253,41.6589,1.04301,-2142.73,0
59.9661,3496.82,-94.3622,53.9323,1.85332,-2554.38,0
61.2207,3467.56,-93.1849,23.4679,2.60865,-2979.98,0
62.5002,3463.92,-75.0708,-1.19011,3.02785,-2977.31,0
63.7767,3473.63,-72.1225,5.32263,2.55642,-2765.43,0
65.0501,3498.15,-83.7888,-12.4191,1.46755,-2334.41,0
66.3261,3498.16,-69.0555,-33.9027,1.52482,-2289.25,0
67.6113,3504.51,-56.8609,-39.4444,1.45329,-2151.84,0
68.894,3501.92,-61.7931,-30.7181,1.43401,-2149.4,0
70.1738,3495.86,-69.1491,-39.4677,1.33805,-2196.59,0
71.4516,3482.07,-79.7569,-72.8755,1.0799,-2350.28,0
72.7318,3468.66,-65.7538,-51.1709,1.90487,-2493.34,0
73.0966,3449.95,-55.6301,-49.7909,2.61239,-2736.74,0
