1.2722,3605.04,82.4519,-49.875,0.573509,-35336.8,0
2.55006,3624.02,86.3226,-77.4913,0.183106,-10186.1,0
3.82443,3620.72,81.0052,-36.5008,0.339391,-7654.77,0
5.09694,3586.05,81.4054,-36.1713,0.914884,-12546.2,0
6.35146,3584.35,95.3426,-28.8495,0.862844,-10336.1,0
7.63129,3621.12,55.7817,-63.9068,0.317152,-3784.05,0
8.90132,3615.11,53.9302,-66.8939,0.396517,-3919.93,0
10.1712,3600.49,19.083,-17.4351,0.855212,-4867.92,0
11.4529,3636.31,46.6145,-0.747762,0.163111,-1195.52,0
12.7279,3579.03,71.5538,5.2481,1.0881,-5576.01,0
13.9963,3588.7,85.4976,-1.72546,0.810306,-4379.6,0
15.2688,3571.46,109.162,-9.97088,0.939681,-5143.54,0
16.5564,3551.62,149.848,-50.0482,0.871467,-5942.21,0
17.8353,3566.07,158.134,-24.5009,0.567442,-4705.74,0
19.12,3557.55,221.599,-59.7602,0.12357,-4835.31,0
20.3975,3555.54,211.312,-79.4805,0.227085,-4630.86,0
21.6784,3543.83,260.747,-56.021,0.0611717,-4897.34,0
22.9513,3546.78,226.532,-44.4208,0.380518,-4497.14,0
24.2296,3487.72,237.624,-58.5471,1.56995,-6697.63,0
25.5089,3468.67,237.713,-32.5733,1.97727,-7108.51,0
25.9927,3449.97,237.627,-36.5573,2.32252,-7695.52,0
