1.26709,3613.63,-27.429,-81.5598,0.52149,-28700.7,0
2.54175,3619.9,-71.6595,-67.5148,0.371916,-11843.8,0
3.81379,3624.03,-103.071,-7.03103,0.296427,-6809.17,0
5.08486,3628.8,-45.4686,-63.4621,0.311341,-4169.4,0
6.36372,3620.04,-44.9487,-3.10141,0.546447,-4708.21,0
7.64207,3627.82,-102.027,10.5762,0.235797,-2902.9,0
8.91473,3593.53,-135.265,49.6616,0.604393,-6334.32,0
10.1897,3624.77,-104.896,37.8601,0.240229,-2475.75,0
11.4621,3638.08,-68.6014,58.0213,0.12842,-1040.27,0
12.7397,3597.31,-57.5459,78.8768,0.72875,-4136.19,0
14.0097,3578.34,-79.0821,98.5831,0.852942,-5115.28,0
15.2857,3550.31,-73.1336,91.0265,1.4153,-6521.89,0
16.5731,3548.72,-67.043,96.7075,1.36246,-6110.89,0
17.86,3544.56,-59.3962,80.239,1.54228,-5903.78,0
19.1436,3556.7,-75.5051,95.8607,1.07272,-4873.75,0
20.4149,3564.48,-104.936,62.3986,0.898084,-4189.29,0
21.6926,3535.02,-91.0799,54.3295,1.59511,-5300.22,0
22.9596,3507.87,-90.5825,85.33,1.93422,-6190.5,0
24.2352,3498.73,-74.824,71.2944,2.3246,-6241.72,0
25.5167,3486.87,-57.6741,86.1902,2.35165,-6393,0
26.7875,3480.93,-67.4268,85.9338,2.20433,-6311.5,0
28.0708,3512.26,-81.199,115.549,0.90536,-4907.04,0
29.3546,3479.33,-53.031,101.733,2.00637,-5814.1,0
30.6277,3484.85,-51.2137,95.2252,1.89237,-5392.06,0
31.9109,3459.64,-64.132,98.0865,2.07561,-5965.34,0
33.1858,3455.77,-20.4093,101.485,2.29207,-5852.93,0
34.4661,3457.62,-3.58634,92.9039,2.35166,-5581.84,0
35.7391,3487.5,-14.3103,91.5675,1.52289,-4546.76,0
37.015,3535.52,9.44303,98.4441,0.300674,-3092.84,0
38.2981,3537.18,-20.5429,56.3925,0.721871,-2945.85,0
39.5856,3557.62,-12.908,27.7225,0.393937,-2333.66,0
40.8613,3537.85,-58.8453,31.821,0.607561,-2744.64,0
42.1367,3538.32,-34.0971,5.71228,0.977411,-2650.5,0
43.413,3531.61,-19.6305,-3.19199,1.36582,-2727.04,0
44.6919,3508.26,-24.8015,-14.9493,2.30664,-3171.4,0
45.9654,3495.07,-18.15,-37.8626,2.29479,-3370.47,0
47.2378,3506.9,-30.486,-40.2609,1.42669,-3029.28,0
48.5194,3480.52,-11.1338,-10.2732,4.77823,-3493.12,0
49.788,3470.12,6.46064,-14.914,3.78247,-3612.97,0
50.6368,3449.88,22.5832,-15.8358,2.95976,-3951.98,0
