1.27182,3644.98,-8.90994,92.2469,0.058036,-3943.96,0
2.53689,3620.06,-53.7488,76.2403,0.423786,-11802.8,0
3.81952,3630.78,-58.8546,65.8152,0.275627,-5033.26,0
5.09708,3602.17,-61.0671,7.38738,0.84818,-9384.75,0
6.37022,3644.93,-43.7838,24.8904,0.15566,-795.191,0
7.64245,3629.61,-18.454,44.1441,0.402798,-2667.54,0
8.91291,3648.63,-64.6364,-3.57861,0.0698161,-154.011,0
10.1899,3641.59,-58.4862,17.2227,0.182896,-825.14,0
11.4698,3615.25,-19.6441,50.9743,0.623049,-3029.83,0
12.7476,3589.56,-8.93698,-2.77699,1.20767,-4741.18,0
14.0243,3592.63,28.3021,0.982678,1.07662,-4091.08,0
15.2968,3589.92,7.00365,-5.15859,1.13587,-3927.87,0
16.575,3619.36,-29.3455,-6.41012,0.490054,-1848.48,0
17.8585,3591.92,-47.3266,13.7943,0.956627,-3252.28,0
19.1317,3586.45,-62.5114,28.036,0.955247,-3321.74,0
20.4154,3579.11,-51.7117,15.4877,1.1557,-3472.17,0
21.6964,3604.11,-22.4161,42.079,0.657549,-2115.09,0
22.9656,3593.47,-72.3767,55.9351,0.652864,-2461.7,0
24.2397,3575.97,-84.6796,36.9376,0.949203,-3054.18,0
25.521,3571.33,-83.476,102.552,0.726847,-3082.73,0
26.8063,3567.2,-45.1655,132.678,0.744839,-3088.79,0
28.093,3555.87,-70.7375,126.217,0.934012,-3350.72,0
29.3655,3526.22,-66.3059,135.923,1.45588,-4215.08,0
30.6363,3509.49,-75.5395,126.683,1.74961,-4586.47,0
31.9053,3513.71,-75.2962,133.057,1.46162,-4271.57,0
33.1837,3529.47,-74.8664,108.268,1.34368,-3632.21,0
34.4595,3575.18,-67.3307,99.0636,0.489975,-2171.23,0
35.733,3545.2,-46.5073,99.7225,1.08799,-2932.98,0
37.0061,3550.61,-25.6952,106.39,0.908936,-2685.9,0
38.2784,3572.73,-39.0396,104.528,0.460869,-2018.6,0
39.5527,3567.01,-72.0831,158.563,0.0716835,-2098.32,0
40.8199,3556.11,-89.2901,145.922,0.316922,-2300.04,0
42.1048,3513.01,-103.696,208.325,0.57173,-3253.53,0
43.384,3498.63,-108.928,227.751,0.565801,-3488.97,0
44.6633,3463.6,-83.7185,292.389,0.389267,-4173.44,0
45.0762,3449.99,-99.5292,275.143,0.944978,-4437.22,0
