1.27322,3646.31,29.9224,-48.6904,0.0398198,-2895.83,0
2.5485,3619.95,37.0119,-11.1273,0.504863,-11791.7,0
3.83087,3618.69,-25.1739,13.7797,0.544003,-8173.95,0
5.11087,3606.39,-33.0547,7.78611,0.752462,-8532.47,0
6.38999,3621.35,-21.2067,9.81813,0.485988,-4483.77,0
7.66922,3635.87,-36.9951,5.42015,0.21711,-1842.69,0
8.94849,3634.08,-12.7003,72.8125,0.15772,-1779.35,0
10.2218,3627.23,5.93,86.9008,0.220375,-2227.31,0
11.4972,3540.54,-21.7858,104.185,1.59708,-9520.39,0
12.7688,3550.69,-4.56353,76.8562,1.60401,-7777.86,0
14.0343,3521.61,27.2458,58.4126,2.35323,-9148.34,0
15.3083,3525.89,15.988,52.093,2.19596,-8107.17,0
16.5813,3496.21,1.22866,35.8466,3.54178,-9274.99,0
17.854,3496.46,9.34953,28.6757,3.20065,-8599.59,0
19.1297,3483.55,49.4197,48.4443,1.83818,-8701.18,0
20.411,3482.57,46.2641,37.6966,1.99742,-8202.87,0
21.6783,3464.52,60.6676,54.4893,1.67681,-8556.02,0
22.1101,3449.97,72.1111,57.2865,1.71019,-9046.81,0
