1.2732,3644.13,-32.9301,20.3705,0.0824119,-4606.67,0
2.54355,3607.87,-21.3905,65.5119,0.603433,-16561.8,0
3.81762,3604.36,-69.7327,91.119,0.459359,-11954.5,0
5.09549,3614.23,-65.331,86.4695,0.33436,-7019.03,0
6.37063,3558.87,-38.0452,71.0289,1.45897,-14303.9,0
7.64169,3580,-70.5774,82.422,0.813807,-9160.57,0
8.91802,3575.65,-69.3174,84.8579,0.871592,-8336.51,0
10.1992,3546.91,-56.6075,59.2349,1.60868,-10107.7,0
11.4738,3569.03,-87.3282,24.5171,1.01313,-7056.57,0
12.7495,3577.14,-113.939,-1.43841,0.664067,-5714.51,0
14.0208,3599.68,-51.0697,-13.4367,0.567362,-3588.72,0
15.2962,3586.37,-96.6029,-3.39306,0.598185,-4159.84,0
16.5732,3578.06,-69.9059,-6.79198,0.905936,-4340.51,0
17.8419,3567.82,-57.6388,5.20031,1.17475,-4605.93,0
19.1277,3594.98,-65.1291,-11.5575,0.52885,-2876.51,0
20.404,3595.68,-72.2726,-47.1514,0.418388,-2662.04,0
21.6756,3593.75,-25.9054,-37.9166,0.63129,-2595.07,0
22.9492,3607.09,-46.0361,-55.3582,0.275447,-1869.57,0
24.2245,3594.46,-10.6049,-74.6518,0.478631,-2292.57,0
25.5057,3573.47,-68.5376,-77.4486,0.688085,-3000.38,0
26.7785,3578.42,-50.6168,-81.5152,0.625585,-2673.18,0
28.048,3555.69,-38.5908,-49.953,1.31798,-3362.63,0
29.3108,3530.99,-73.8991,-54.5119,1.55692,-4060.27,0
30.5924,3515.66,-87.0743,-68.1618,1.52727,-4391.43,0
31.8711,3495.44,-64.332,-99.4685,1.74001,-4849.64,0
33.1524,3478.8,-54.2289,-100.213,1.99762,-5164.01,0
34.434,3492.38,-95.704,-95.4086,1.22318,-4577.38,0
35.714,3494.84,-139.747,-88.8556,0.656685,-4344.6,0
36.9832,3515.53,-165.522,-32.4051,0.125596,-3635.95,0
38.2697,3494.65,-167.697,-54.5436,0.445274,-4059.34,0
39.5424,3477.15,-164.312,-72.7287,0.779538,-4371.2,0
40.8203,3464.92,-167.666,-56.7399,1.0796,-4533.9,0
42.099,3517.58,-163.2,-34.7498,0.0582882,-3145.53,0
43.3823,3474.66,-164.94,-18.0802,1.03475,-4041.73,0
44.6574,3485.05,-147.307,3.23156,1.14054,-3693.63,0
45.9345,3482.74,-145.484,14.2616,1.18503,-3641.21,0
47.2048,3473.83,-125.782,42.1997,1.61747,-3732.13,0
48.4704,3467.84,-121.825,-6.6781,1.91065,-3758.13,0
49.1798,3449.99,-120.267,0.839953,2.27906,-4066.99,0
