2.38328,3573.84,114.904,-75.524,1.26842,-31957.9,0
4.78479,3526.17,72.9942,-26.5981,4.21319,-25880.7,0
7.15673,3557.6,-5.58671,-67.73,2.77292,-12910.4,0
9.57508,3586.98,-60.041,-109.981,1.03322,-6581.89,0
11.9105,3610.22,-144.566,25.5247,0.308702,-3340.22,0
14.3221,3579.12,-180.82,-126.443,0.552207,-4948.65,0
16.7418,3538.34,-135.647,-157.462,2.15734,-6669.54,0
19.1313,3558.46,-85.3334,-175.104,1.40578,-4784.83,0
21.5154,3555.86,-68.3308,8.58677,3.16338,-4375.63,0
23.885,3578.35,37.3194,-108.704,1.65344,-2999.59,0
26.3107,3515.85,-42.196,-119.15,3.37025,-5098.51,0
28.715,3546.35,-103.414,-177.051,0.692878,-3609.68,0
31.0873,3557.88,-173.456,-77.4991,0.653931,-2963.19,0
33.4935,3589.39,-112.749,16.7634,0.495866,-1809.71,0
35.9088,3532.3,-151.279,24.6862,1.55975,-3277.83,0
37.9873,3449.86,-119.147,47.3493,5.42004,-5268.65,0
