0.00652448,0.00897854,0.00716403,-0.00721833,0.00089404,1376.13,0
0.013074,0.0346376,0.0139116,-0.0203831,0.00344249,2649.35,0
0.0195848,0.122051,0.12815,-0.0157353,0.0120343,6231.93,0
0.0261004,0.117885,0.122836,0.0912406,0.0115046,4516.6,0
0.032557,0.136831,0.113367,0.122619,0.0132693,4202.81,0
0.0390511,0.20289,0.256618,0.104347,0.0195818,5195.5,0
0.0455762,0.268521,0.322101,0.0606124,0.0257397,5891.7,0
0.0520799,0.123211,0.277844,0.0220059,0.0108727,2365.81,0
0.0586107,0.123005,0.192341,-0.0193574,0.0107663,2098.67,0
0.065095,0.0578737,0.1756,-0.0813693,0.00419909,889.064,0
0.0715149,0.102997,0.136985,-0.172595,0.0086363,1440.21,0
0.0779953,0.0780577,0.190597,-0.156596,0.00601496,1000.8,0
0.0844916,0.0897465,0.212091,-0.208734,0.00712014,1062.19,0
0.0910069,0.0597855,0.270823,-0.259858,0.00408835,656.933,0
0.0975282,0.139048,0.358445,-0.248331,0.0119465,1425.72,0
0.104059,0.0846017,0.313345,-0.307077,0.00643987,813.015,0
0.110597,0.0393039,0.339527,-0.294777,0.00188674,355.38,0
0.117096,0.155116,0.33089,-0.20722,0.0133718,1324.69,0
0.123627,0.283286,0.339101,-0.206126,0.0255882,2291.47,0
0.130122,0.340913,0.494346,-0.314143,0.030683,2619.94,0
0.136649,0.391455,0.505775,-0.231284,0.0349326,2864.68,0
0.143152,0.311603,0.484931,-0.443717,0.0261795,2176.73,0
0.149629,0.365171,0.522923,-0.354547,0.030903,2440.5,0
0.156119,0.361307,0.566625,-0.443728,0.0299405,2314.3,0
0.162629,0.243207,0.554835,-0.562827,0.0176468,1495.48,0
0.169155,0.286683,0.672558,-0.448386,0.0216238,1694.79,0
0.175669,0.226148,0.564945,-0.372161,0.015164,1287.36,0
0.182164,0.2038,0.617379,-0.332644,0.012783,1118.77,0
0.188687,0.348275,0.756143,-0.209183,0.0268231,1845.78,0
0.195181,0.353228,0.76743,-0.322282,0.0268446,1809.75,0
0.201697,0.18203,0.867237,-0.409228,0.00939868,902.491,0
0.208236,0.340194,0.892973,-0.503043,0.0248846,1633.69,0
0.214769,0.30048,0.880999,-0.368765,0.0205359,1399.08,0
0.221321,0.413828,0.759827,-0.330613,0.0312638,1869.8,0
0.227866,0.329217,0.719316,-0.35058,0.0224881,1444.78,0
0.234354,0.37855,0.790749,-0.228488,0.0267881,1615.29,0
0.240848,0.358435,0.939757,-0.395274,0.0243839,1488.22,0
0.247382,0.200151,1.00421,-0.433082,0.00825255,809.078,0
0.253885,0.161906,1.04112,-0.422407,0.00440467,637.712,0
0.260439,0.210517,1.17675,-0.357091,0.00910655,808.313,0
0.266947,0.279887,1.21801,-0.36354,0.0158663,1048.48,0
0.273406,0.162637,1.23322,-0.291864,0.00407347,594.854,0
0.279924,0.222133,1.25161,-0.410754,0.00991184,793.548,0
0.286426,0.30042,1.38358,-0.363989,0.0175362,1048.86,0
0.292931,0.32139,1.39148,-0.441857,0.0192515,1097.15,0
0.299451,0.374638,1.36092,-0.429017,0.0241662,1251.08,0
0.305974,0.376284,1.41067,-0.442017,0.0238625,1229.79,0
0.312491,0.252994,1.32842,-0.412326,0.011225,809.603,0
0.318998,0.349079,1.38467,-0.421928,0.0205253,1094.3,0
0.325484,0.365068,1.33471,-0.467418,0.0217851,1121.62,0
0.332039,0.454844,1.37401,-0.521284,0.0302857,1369.85,0
0.33854,0.52253,1.24983,-0.63134,0.0362088,1543.48,0
0.345077,0.500311,1.24445,-0.653725,0.033052,1449.85,0
0.351565,0.439486,1.30117,-0.548168,0.0262198,1250.09,0
0.358052,0.456181,1.40374,-0.357458,0.0273687,1274.06,0
0.364569,0.364706,1.24443,-0.392185,0.0178203,1000.37,0
0.371101,0.445403,1.31681,-0.536493,0.0255165,1200.22,0
0.377623,0.422977,1.2788,-0.465176,0.0228535,1120.1,0
0.384122,0.557813,1.28562,-0.432333,0.0356603,1452.18,0
0.390653,0.435181,1.23005,-0.547531,0.0227635,1113.98,0
0.397155,0.623301,1.328,-0.554422,0.0407214,1569.41,0
0.403712,0.739632,1.52091,-0.682717,0.0511431,1832.08,0
0.410232,0.819506,1.51474,-0.769696,0.0575927,1997.67,0
0.416739,0.640378,1.42738,-0.558078,0.0385149,1536.64,0
0.423251,0.625747,1.42512,-0.638899,0.0360357,1478.43,0
0.429759,0.793892,1.4695,-0.78911,0.0514893,1847.29,0
0.43628,0.732715,1.32589,-0.691494,0.0440595,1679.46,0
0.442806,0.653731,1.27317,-0.657149,0.0349425,1476.34,0
0.449253,0.812619,1.1332,-0.573649,0.0496968,1808.82,0
0.455744,0.774172,1.27627,-0.488883,0.0447478,1698.7,0
0.462224,0.87048,1.1995,-0.377414,0.0526769,1883.24,0
0.468708,0.853677,1.13588,-0.25225,0.0496584,1821.34,0
0.475203,0.820843,1.16725,-0.174539,0.0450493,1727.35,0
0.48172,1.047,1.28563,-0.251303,0.0658308,2173.47,0
0.488222,1.02673,1.36649,-0.169087,0.0617458,2103,0
0.494748,0.892074,1.43795,-0.174184,0.0463929,1803.09,0
0.501232,1.15278,1.4277,0.00213391,0.0708874,2299.9,0
0.50777,1.2755,1.2849,0.0632486,0.0804532,2511.95,0
0.51426,1.33132,1.23619,0.159193,0.0829073,2588.81,0
0.520768,1.38373,1.38091,0.363092,0.0851773,2657.09,0
0.527221,1.61808,1.17221,0.485596,0.10463,3069.08,0
0.533745,1.68639,1.34675,0.480372,0.107244,3159.55,0
0.54023,1.9141,1.47424,0.563635,0.124632,3543.12,0
0.546755,1.87438,1.62707,0.497241,0.115658,3428.19,0
0.553232,1.97388,1.76491,0.433948,0.120196,3567.9,0
0.559688,2.02061,1.79762,0.396511,0.120009,3610.24,0
0.566168,2.30709,1.71825,0.596542,0.14235,4074.92,0
0.57267,2.27147,1.79342,0.602671,0.132761,3966.45,0
0.579168,2.32169,1.70854,0.81695,0.131691,4008.66,0
0.585634,2.21274,1.60933,0.859625,0.115108,3778.37,0
0.592121,2.18743,1.49839,0.912486,0.108399,3694.23,0
0.598617,2.39368,1.61366,0.868022,0.124226,3998.69,0
0.605128,2.2032,1.5549,0.920866,0.100241,3640.89,0
0.611648,2.35637,1.4782,0.878378,0.111273,3852.49,0
0.618198,2.26505,1.57461,0.622642,0.0979295,3663.96,0
0.624673,2.28155,1.6076,0.638329,0.0959204,3652.39,0
0.63119,2.22258,1.59849,0.569832,0.0862189,3521.26,0
0.637696,2.12659,1.37975,0.633838,0.0737158,3334.8,0
0.644203,1.97414,1.3058,0.718911,0.0564836,3064.47,0
0.650741,1.90707,1.41294,0.687617,0.0482843,2930.62,0
0.657212,1.78909,1.38948,0.618338,0.0354443,2722.24,0
0.663747,1.87699,1.19275,0.769229,0.0433013,2827.87,0
0.670222,1.89999,1.15276,0.906586,0.0443132,2834.87,0
0.676715,1.85719,1.08825,1.09821,0.0389225,2744.42,0
0.683208,1.91297,1.16197,1.28642,0.0433584,2799.98,0
0.689718,1.92318,1.10053,1.23812,0.0432636,2788.35,0
0.696214,2.01119,1.06822,1.05446,0.0506375,2888.75,0
0.702681,2.14837,1.2174,1.21802,0.0625811,3057.39,0
0.709197,2.04014,1.18269,1.11565,0.0499613,2876.7,0
0.715677,2.11291,1.32171,1.01034,0.0557259,2952.33,0
0.722185,2.31906,1.27798,1.06098,0.0742708,3211.17,0
0.728695,2.13854,1.33729,1.03031,0.0539782,2934.75,0
0.73522,2.11425,1.31722,0.96124,0.0500436,2875.68,0
0.74174,2.15798,1.33974,0.971873,0.0527691,2909.35,0
0.748263,2.21798,1.29988,0.899147,0.056926,2964.17,0
0.754742,2.47905,1.2225,0.993536,0.0806153,3284.62,0
0.761255,2.61258,1.16514,1.09235,0.0908295,3431.93,0
0.767781,2.66459,1.04441,1.08615,0.0926928,3470.51,0
0.774338,2.6065,0.818067,1.14472,0.0837916,3366.1,0
0.780795,2.67242,0.845128,1.20941,0.0870993,3422.69,0
0.787338,2.84214,0.91617,1.47168,0.100105,3609.81,0
0.793869,3.02454,0.837019,1.3789,0.113893,3809.88,0
0.800355,2.88795,0.741347,1.11259,0.095779,3608.34,0
0.806871,2.94097,0.761311,1.26856,0.096991,3644.91,0
0.813375,3.03639,0.572609,0.907121,0.102484,3733.08,0
0.819908,3.17438,0.708345,1.04003,0.111406,3871.63,0
0.826433,3.18748,0.508748,0.999988,0.107809,3856.91,0
0.832988,3.11846,0.40606,1.11488,0.0965654,3743.7,0
0.839437,3.00319,0.341218,1.0298,0.0814213,3577.62,0
0.845913,2.96693,0.410856,1.09356,0.0747344,3507.37,0
0.852456,2.94527,0.266818,1.26098,0.0701889,3455.04,0
0.85899,3.13381,0.197689,1.34403,0.0861513,3648.24,0
0.865524,3.12312,0.4211,1.39444,0.0818597,3608.36,0
0.872012,3.01535,0.489138,1.53931,0.0684996,3457.92,0
0.878537,2.96243,0.475451,1.57387,0.0612325,3372.01,0
0.885116,3.03911,0.580685,1.38578,0.0665941,3433.57,0
0.891683,2.92472,0.689737,1.41441,0.0531412,3280,0
0.898135,3.0728,0.553936,1.32174,0.0662586,3421.32,0
0.904654,3.06776,0.60289,1.17627,0.0636717,3391.08,0
0.911145,3.07618,0.571178,1.24501,0.0625526,3376.17,0
0.917659,3.1871,0.582176,1.34242,0.0712229,3473.08,0
0.924234,3.17891,0.554195,1.39441,0.0680169,3439.51,0
0.930685,3.30803,0.606944,1.33377,0.0782852,3554.4,0
0.937179,3.28654,0.530614,1.3771,0.0734245,3506.84,0
0.943684,3.10833,0.583911,1.61245,0.0536047,3293.82,0
0.95019,2.93573,0.619014,1.75124,0.0352297,3089.63,0
0.956673,3.01311,0.651924,1.69377,0.0417253,3149.57,0
0.963206,3.02457,0.599002,1.7715,0.0418593,3140.11,0
0.969732,3.06418,0.74549,1.82656,0.0446273,3159.83,0
0.976232,2.98979,0.720704,1.79754,0.0363382,3062.58,0
0.98278,2.87278,0.892644,1.79816,0.0237198,2923.12,0
0.989288,2.93061,0.974753,1.72064,0.0289354,2962.34,0
0.995789,2.87112,0.974876,1.60439,0.0223444,2883.26,0
1.00227,2.78052,0.861301,1.59408,0.0130306,2774.21,0
1.00878,2.85809,0.983725,1.57094,0.0204473,2833.22,0
1.01531,2.89398,0.998342,1.50615,0.0237309,2850.35,0
1.02178,2.89898,0.840008,1.41789,0.0236103,2837.18,0
1.02829,2.96555,0.793783,1.43865,0.0295969,2883.95,0
1.03475,2.87823,0.899539,1.41631,0.0204219,2781.57,0
1.04126,2.89411,0.956172,1.25584,0.0216295,2779.43,0
1.04779,3.00043,0.755871,1.33388,0.0317272,2863.59,0
1.05429,2.97722,0.622985,1.41392,0.0286794,2823.92,0
1.06081,2.89437,0.60442,1.49995,0.0198073,2728.44,0
1.0673,2.83132,0.449068,1.40934,0.0132055,2652.79,0
1.07382,2.87556,0.436111,1.45355,0.0173427,2677.88,0
1.08032,3.03656,0.551798,1.39991,0.0329542,2810.8,0
1.08677,3.14538,0.593387,1.33151,0.0429505,2894.26,0
1.09327,3.12083,0.707285,1.3301,0.0393197,2854.59,0
1.09977,3.11428,0.830481,1.30506,0.0376659,2831.76,0
1.10623,3.15586,0.801842,1.24944,0.040569,2852.81,0
1.11272,3.22653,0.889459,1.26145,0.0464086,2899.68,0
1.11925,3.23999,0.94297,1.44806,0.0463534,2894.79,0
1.12578,3.39078,0.882504,1.42308,0.0597775,3011.94,0
1.13228,3.31354,0.782342,1.28077,0.0504521,2926.42,0
1.13875,3.30385,0.777432,1.22095,0.0480568,2901.31,0
1.14523,3.32576,0.676997,1.141,0.0488909,2904.02,0
1.15171,3.33469,0.58881,1.19596,0.0483508,2895.41,0
1.15819,3.41455,0.553697,1.12158,0.0546847,2948.17,0
1.16471,3.33302,0.677317,1.03204,0.0449725,2861.66,0
1.1712,3.41472,0.687984,0.90294,0.0519589,2915.57,0
1.17768,3.31802,0.691632,1.10193,0.0408964,2817.43,0
1.18416,3.22384,0.741668,1.06064,0.0306475,2722.47,0
1.19069,3.18987,0.579097,1.09625,0.0266538,2679,0
1.19716,3.29642,0.668545,1.1252,0.036584,2753.52,0
1.20371,3.30269,0.526803,1.25658,0.0362006,2743.76,0
1.21024,3.25995,0.711718,1.21409,0.0311657,2693.64,0
1.21673,3.40259,0.713612,1.21496,0.0445035,2796.52,0
1.22324,3.3482,0.8489,1.08469,0.0379165,2737.16,0
1.22974,3.36434,0.848226,1.00901,0.0387306,2735.82,0
1.23625,3.26385,1.00108,1.18016,0.0277785,2640.11,0
1.24276,3.36902,0.974482,1.11681,0.0376161,2710.91,0
1.24928,3.39689,0.910302,1.14525,0.0396856,2719.08,0
1.25577,3.65475,0.927927,0.871626,0.0638629,2910.36,0
1.26226,3.73672,1.06164,0.797067,0.0697236,2960.35,0
1.26878,3.69278,0.962817,0.776252,0.0632785,2910.5,0
1.27528,3.71104,1.13965,0.929035,0.0630938,2909.99,0
1.2818,3.66368,1.31473,0.841735,0.0564602,2858.24,0
1.2883,3.60338,1.3782,0.957529,0.0486342,2797,0
1.29481,3.49378,1.28066,0.785696,0.0364416,2698.29,0
1.30136,3.60973,1.25048,0.597927,0.0469987,2773.82,0
1.30788,3.66864,1.30726,0.565579,0.051594,2805.03,0
1.3144,3.57076,1.41459,0.576729,0.0403554,2716.65,0
1.32096,3.62868,1.24261,0.53861,0.0450823,2747,0
1.32753,3.57082,1.14095,0.625545,0.038299,2689.82,0
1.33407,3.59139,1.21414,0.566947,0.0392854,2692.06,0
1.34056,3.59996,1.19187,0.497132,0.0391172,2685.41,0
1.34711,3.57499,1.20316,0.587276,0.0355305,2653.83,0
1.35363,3.62391,1.00605,0.531147,0.0396748,2677.18,0
1.36009,3.68207,1.14904,0.471548,0.0441957,2707.23,0
1.36658,3.46421,1.23069,0.603924,0.021847,2534.95,0
1.37304,3.47244,1.03155,0.812673,0.0222274,2529.02,0
1.37956,3.36555,0.919436,0.815664,0.011219,2439.59,0
1.38605,3.34333,0.825078,0.849674,0.00882252,2412.13,0
1.39255,3.3499,0.898868,0.86391,0.00935559,2405.58,0
1.39903,3.30983,0.919614,0.816619,0.0052812,2365.81,0
1.4055,3.35621,1.01061,0.814043,0.00986179,2387.92,0
1.41199,3.30933,1.02555,0.813848,0.00506367,2343.74,0
1.41852,3.30158,1.01907,0.802269,0.00423641,2327.48,0
1.42505,3.31839,1.06591,0.796494,0.00588082,2328.62,0
1.43156,3.29929,1.03482,0.725931,0.00393911,2304.68,0
1.43808,3.36683,1.14792,0.662992,0.0105972,2341.2,0
1.44461,3.34138,1.18748,0.790372,0.00789911,2313.01,0
1.45114,3.3611,1.21591,0.822146,0.00981231,2316.18,0
1.45761,3.37336,1.2437,0.920529,0.0109337,2314.3,0
1.46411,3.29844,1.27302,0.878424,0.00332939,2252.87,0
1.47061,3.3219,1.22807,0.896896,0.00565047,2258.85,0
1.4771,3.32764,1.15487,0.905169,0.00615569,2252.82,0
1.48358,3.33784,1.09396,0.931923,0.00712059,2249.85,0
1.49007,3.33858,1.05226,0.963143,0.00712402,2240.56,0
1.49654,3.35599,1.05894,0.908908,0.00872318,2242.5,0
1.50309,3.29724,1.06741,0.953092,0.00281011,2193.64,0
1.50961,3.40354,0.990058,1.0215,0.0132771,2254.58,0
1.51609,3.39992,0.972861,1.0933,0.0127466,2242.55,0
1.5226,3.42799,0.827426,1.14692,0.0153612,2251.4,0
1.52911,3.50674,0.98049,1.2166,0.0228113,2293.32,0
1.53561,3.79049,0.957562,1.24062,0.0502572,2468.39,0
1.54209,3.66938,1.07751,1.17142,0.0369477,2379.49,0
1.54858,3.61113,1.02957,1.12659,0.0303579,2331.89,0
1.55511,3.71918,0.76132,1.20155,0.0401987,2391.58,0
1.56157,3.65946,0.769712,1.22621,0.033455,2343.45,0
1.5681,3.59087,0.731456,1.3111,0.0260358,2289.95,0
1.57458,3.70843,0.706944,1.32485,0.0370238,2355.19,0
1.58104,3.75742,0.592563,1.27969,0.0408579,2376.56,0
1.58757,3.85711,0.483988,1.31375,0.0495023,2429.57,0
1.59408,3.94184,0.425485,1.21545,0.0561867,2472.8,0
1.6006,4.01132,0.26767,1.22517,0.0611597,2506.14,0
1.60712,4.25719,0.277877,1.12418,0.083336,2648.96,0
1.61363,4.51088,0.270819,1.10074,0.10459,2795.49,0
1.62015,4.36303,0.295491,0.968338,0.0857615,2692.98,0
1.62667,4.34653,0.224672,1.16532,0.0808448,2672.05,0
1.63321,4.41645,0.20533,1.07508,0.0850485,2704.16,0
1.63972,4.29959,0.313006,1.1067,0.0705574,2622.15,0
1.64619,4.51444,0.354715,1.09969,0.0890034,2742.35,0
1.65266,4.43889,0.316969,1.08241,0.0782064,2685.91,0
1.65916,4.24583,0.491503,1.14152,0.0562459,2559.02,0
1.66563,4.19869,0.572656,1.25765,0.0499263,2520.78,0
1.67219,3.98661,0.544341,1.23786,0.0278619,2384.06,0
1.67872,4.16355,0.51643,1.37408,0.0447144,2480.19,0
1.68526,4.40419,0.362227,1.2666,0.0671956,2613.35,0
1.69176,4.43932,0.339767,1.44858,0.0683056,2624.09,0
1.69826,4.32312,0.479606,1.37836,0.0544521,2545.61,0
1.70476,4.3762,0.370695,1.41784,0.0578859,2567.05,0
1.71132,4.54368,0.30037,1.19768,0.0725582,2655.07,0
1.71787,4.58875,0.335847,1.3242,0.0740561,2671.18,0
1.72435,4.61583,0.408743,1.34325,0.0739987,2676.85,0
1.73085,4.5431,0.237087,1.44062,0.0641216,2624.78,0
1.73738,4.66404,0.280159,1.35672,0.0741997,2684.53,0
1.74391,4.58471,0.398661,1.32692,0.0641808,2628.99,0
1.75041,4.49375,0.408961,1.20307,0.0533311,2567.26,0
1.75688,4.37213,0.616647,1.3522,0.0401276,2488.57,0
1.76342,4.322,0.758895,1.38598,0.0340066,2450.91,0
1.76995,4.42544,0.668331,1.29638,0.0432943,2500.32,0
1.77648,4.296,0.631568,1.25068,0.0292073,2418.26,0
1.78298,4.30252,0.489012,1.3707,0.0292336,2413.11,0
1.78949,4.28971,0.63014,1.42573,0.0273556,2397.17,0
1.79602,4.3706,0.705365,1.47115,0.0345823,2433.49,0
1.80257,4.32792,0.944228,1.40435,0.0296286,2400.97,0
1.80911,4.44402,0.860057,1.4191,0.0402336,2456.46,0
1.81565,4.48343,0.962894,1.57847,0.0431802,2469.32,0
1.82215,4.49127,1.11941,1.56566,0.0426287,2464.82,0
1.8287,4.37047,1.25278,1.54587,0.029537,2389.93,0
1.83523,4.31951,1.21893,1.47043,0.0238956,2353.67,0
1.84173,4.2643,1.16033,1.47677,0.0180221,2315.38,0
1.84824,4.46557,0.961979,1.49243,0.037482,2416.12,0
1.85475,4.52324,0.840755,1.5621,0.0421559,2438.73,0
1.86124,4.45944,0.864956,1.66084,0.0348153,2395.96,0
1.86775,4.47813,0.859798,1.7251,0.0359476,2397.61,0
1.87421,4.65298,0.80691,1.84542,0.0522901,2482.64,0
1.88071,4.62287,0.721465,1.81683,0.0479218,2458.04,0
1.88725,4.61632,0.701289,1.6815,0.0460908,2446.06,0
1.8937,4.64312,0.690503,1.50648,0.0474765,2451.87,0
1.90025,4.64647,0.816513,1.60993,0.0463372,2445.19,0
1.90674,4.63361,0.737032,1.53805,0.0436346,2430.12,0
1.91327,4.65491,0.752979,1.41366,0.0443834,2432.97,0
1.91977,4.62905,0.855975,1.35949,0.0407799,2411.25,0
1.92627,4.53819,0.936244,1.42925,0.0308774,2355.95,0
1.93274,4.60484,0.967252,1.43529,0.0367709,2382.54,0
1.93925,4.79898,0.832111,1.50216,0.0548327,2474.66,0
1.9458,4.72701,0.991063,1.44647,0.0462237,2429.34,0
1.95232,4.88827,0.990911,1.3708,0.0607244,2503.83,0
1.95882,5.02311,0.962056,1.36511,0.0718616,2564.36,0
1.96527,5.02729,0.993813,1.34133,0.0695127,2558.07,0
1.97182,5.06173,1.00495,1.38444,0.0703699,2567.04,0
1.97832,4.94538,0.979974,1.16002,0.0568394,2499.79,0
1.98482,4.95498,1.04692,1.00941,0.0561188,2496.44,0
1.99131,4.92422,1.0174,1.16685,0.0513081,2472.85,0
1.99779,4.81406,1.08986,1.17907,0.0390826,2409.7,0
2.00429,4.87119,1.13248,1.19691,0.0435995,2430.39,0
2.0108,4.75932,1.21563,1.03149,0.0314078,2366.88,0
2.01731,4.75433,1.26455,0.939338,0.0302444,2356.77,0
2.02384,4.79532,1.21054,0.844244,0.0336513,2369.42,0
2.03033,4.96891,1.2789,0.849918,0.0500372,2447.35,0
2.03687,4.93825,1.36454,0.718804,0.0457297,2424.43,0
2.04338,5.0478,1.49026,0.749391,0.0553542,2470.32,0
2.0499,5.11032,1.56671,0.607384,0.0597952,2492.96,0
2.05641,5.09602,1.50879,0.488332,0.0564981,2478.11,0
2.06293,5.29709,1.50926,0.485202,0.0741653,2567.75,0
2.06943,5.07596,1.52481,0.428659,0.0501271,2452.83,0
2.07598,4.98268,1.33053,0.443175,0.0396385,2400.15,0
2.08251,4.99987,1.30656,0.408644,0.040418,2400.89,0
2.08905,5.15941,1.29691,0.382324,0.0552408,2469.74,0
2.09562,5.20483,1.4812,0.422864,0.0581354,2483.67,0
2.10209,5.00449,1.43764,0.390244,0.0368192,2380.72,0
2.1086,4.95796,1.542,0.288214,0.0313192,2351.3,0
2.11516,5.10604,1.41138,0.29015,0.0450627,2414.01,0
2.12167,4.91384,1.61259,0.398737,0.025098,2316.03,0
2.12817,4.91742,1.63196,0.253964,0.0248345,2310.64,0
2.13467,5.00071,1.63951,0.309544,0.0324781,2342.62,0
2.1412,5.03872,1.5861,0.440787,0.0353715,2353.22,0
2.14774,4.93616,1.63117,0.427019,0.0245861,2298.31,0
2.15427,4.97664,1.52462,0.494403,0.0280622,2310.13,0
2.16081,4.99835,1.56984,0.38448,0.0295776,2313.19,0
2.16733,4.93536,1.61474,0.45093,0.0227691,2277.17,0
2.17383,4.89528,1.70281,0.468485,0.018406,2251.92,0
2.18035,4.99562,1.80898,0.374483,0.0280883,2291.2,0
2.18685,4.98313,1.90374,0.506184,0.0262102,2278.68,0
2.19336,4.95956,1.9781,0.475993,0.0234464,2261.17,0
2.19986,5.10057,2.08804,0.422285,0.0368864,2318.59,0
2.20636,5.10337,2.12642,0.390541,0.0361594,2313.03,0
2.21285,5.15678,2.08221,0.291829,0.0404152,2330.38,0
2.21936,5.04491,2.06089,0.349239,0.0283348,2273.13,0
2.22586,5.12935,1.89485,0.232126,0.0360611,2304.44,0
2.23235,5.04942,1.74867,0.313685,0.0272674,2261.93,0
2.23887,4.99045,1.73693,0.317333,0.0208468,2229,0
2.2454,4.9865,1.73773,0.304315,0.0201182,2220.76,0
2.25185,5.09518,1.73841,0.289101,0.0304125,2262.66,0
2.25832,5.12708,1.67044,0.12223,0.032906,2270.31,0
2.26482,5.22413,1.64206,0.21654,0.0416618,2306.64,0
2.27134,5.21064,1.66596,0.152812,0.0390534,2294.08,0
2.27783,5.24456,1.54527,0.170857,0.041227,2302.43,0
2.28434,5.18449,1.55457,0.190657,0.0343429,2269.58,0
2.29089,5.11039,1.45706,0.0227513,0.0262133,2230.75,0
2.29738,5.07754,1.47633,-0.0443193,0.0224105,2210.14,0
2.30387,5.07685,1.54041,0.106578,0.0219425,2203.62,0
2.31041,5.07062,1.40466,0.163132,0.0208245,2194.69,0
2.31695,5.07416,1.30741,0.269062,0.0208049,2190.02,0
2.32345,4.9909,1.24792,0.378039,0.0122536,2148.06,0
2.32993,4.92426,1.26461,0.297814,0.00548758,2113.48,0
2.33641,5.00161,1.25051,0.362536,0.0130913,2140.72,0
2.34289,5.07993,1.18867,0.417268,0.0205539,2168.23,0
2.34935,5.10364,1.11683,0.358272,0.0224693,2172.37,0
2.35587,5.09159,1.11287,0.254454,0.0208548,2161.23,0
2.36235,5.07669,1.28927,0.229586,0.0189822,2149,0
2.36883,5.12503,1.24499,0.324682,0.0233469,2163.53,0
2.37535,5.1839,1.18017,0.354225,0.02867,2182.38,0
2.38184,5.09088,1.13939,0.305751,0.018837,2137.37,0
2.38841,5.19042,1.13588,0.38695,0.0282167,2173.17,0
2.39493,5.23076,1.1028,0.287106,0.0316393,2184.1,0
2.40139,5.17671,0.962771,0.210779,0.0256258,2155.72,0
2.40789,5.23639,0.846797,0.186943,0.0310081,2174.68,0
2.41441,5.18673,0.908195,0.261464,0.025264,2148.24,0
2.42089,5.13685,0.892882,0.224167,0.0198049,2121.88,0
2.4274,5.25729,0.90177,0.239461,0.0313216,2165.81,0
2.43388,5.20109,1.01194,0.227133,0.0250323,2136.95,0
2.44038,5.16293,1.06526,0.325162,0.0207633,2115.63,0
2.44689,5.10898,1.08335,0.301406,0.0150101,2087.95,0
2.45337,5.15612,1.03027,0.321362,0.0195018,2101.65,0
2.45985,5.14132,0.867852,0.355626,0.0175972,2090.1,0
2.46638,5.05394,0.79717,0.234007,0.00856289,2049.13,0
2.47289,5.07353,0.760427,0.179733,0.0104729,2051.66,0
2.47942,5.1493,0.690643,0.118826,0.0178602,2076.82,0
2.48592,5.22666,0.56399,0.128199,0.0251108,2102.5,0
2.49245,5.29409,0.459987,0.25677,0.0311085,2124.05,0
2.49897,5.25228,0.595089,0.282588,0.0263798,2101.78,0
2.5055,5.27123,0.522308,0.237307,0.0276347,2103.86,0
2.51202,5.40005,0.533375,0.228197,0.0396108,2149.68,0
2.51854,5.43264,0.626552,0.16482,0.0418759,2157.06,0
2.52502,5.45715,0.615489,0.229668,0.0432442,2161.23,0
2.53155,5.42278,0.463687,0.0514004,0.0387657,2142.08,0
2.53809,5.56221,0.441168,0.145793,0.051302,2191.49,0
2.54462,5.65233,0.392473,0.295925,0.0584987,2221.28,0
2.55114,5.70527,0.369215,0.303953,0.0620473,2236.36,0
2.55764,5.77066,0.223298,0.257562,0.0665026,2256.24,0
2.56411,6.01323,0.12898,0.469083,0.0875681,2345.15,0
2.57061,6.09898,0.146945,0.549894,0.0926356,2372.58,0
2.5771,6.21283,0.159353,0.69748,0.100506,2410.79,0
2.58361,6.23505,0.270983,0.542308,0.0989249,2413.3,0
2.59011,6.12202,0.39362,0.428918,0.0840596,2363.61,0
2.59661,6.18246,0.257729,0.355175,0.0869379,2380.97,0
2.60318,6.06569,0.414716,0.515974,0.0725825,2330.11,0
2.60967,6.14044,0.359433,0.573256,0.0774456,2352.96,0
2.61618,6.00138,0.342122,0.584684,0.061095,2293.95,0
2.62267,5.8233,0.351636,0.553653,0.0415798,2220.37,0
2.62917,5.93603,0.241483,0.617879,0.0516534,2257.76,0
2.63568,5.86556,0.378991,0.51645,0.0431736,2225.44,0
2.64218,5.87665,0.339991,0.595105,0.0429924,2224.17,0
2.64869,5.91575,0.307351,0.647857,0.0457807,2233.46,0
2.65525,6.04244,0.267922,0.610729,0.0565849,2275.66,0
2.66179,6.22505,0.367479,0.653113,0.0727953,2338.67,0
2.66831,6.28752,0.355804,0.759071,0.0762786,2356.36,0
2.67484,6.38127,0.441117,0.797948,0.0828525,2385.67,0
2.68141,6.63819,0.539736,0.678483,0.104729,2475.63,0
2.68793,6.66665,0.486865,0.552419,0.103403,2480.22,0
2.69441,6.77794,0.491138,0.592917,0.110067,2515.55,0
2.70095,6.51247,0.397259,0.508079,0.0800831,2411.18,0
2.70747,6.53528,0.4495,0.312881,0.0795169,2413.79,0
2.71401,6.72006,0.395143,0.377292,0.0947577,2476.06,0
2.72052,6.81729,0.205546,0.393388,0.10074,2505.87,0
2.72707,6.78959,0.139762,0.544504,0.0942951,2489.7,0
2.73361,7.02794,0.209483,0.438808,0.113394,2570.94,0
2.74015,6.92248,0.166849,0.444669,0.0985818,2526.31,0
2.74667,6.97614,0.203341,0.548191,0.099742,2539.85,0
2.75316,6.95176,0.23036,0.737032,0.0933338,2525.01,0
2.75968,7.03339,0.241573,0.764303,0.0975847,2548.63,0
2.76614,6.93896,0.191716,0.778464,0.084772,2508.54,0
2.77263,7.10225,0.236378,0.936595,0.0973092,2561.56,0
2.77918,7.15104,0.148478,0.985143,0.098262,2573.07,0
2.78573,7.3245,0.193798,1.09914,0.111164,2629.29,0
2.79222,7.47087,0.17063,0.885353,0.120588,2675.6,0
2.79881,7.47999,0.111231,0.999663,0.116171,2672.56,0
2.80529,7.28108,0.046602,0.9744,0.0915867,2595.48,0
2.81178,7.35822,0.0642656,0.905679,0.0951707,2616.93,0
2.81825,7.34186,0.259578,1.03004,0.089823,2605.11,0
2.82474,7.47129,0.251301,0.983197,0.099005,2644.95,0
2.83127,7.47092,0.454294,0.887329,0.0948932,2638.72,0
2.8378,7.44291,0.335168,1.00392,0.0886462,2622.78,0
2.84426,7.44807,0.10791,1.2161,0.0860371,2618.64,0
2.85075,7.28787,0.132738,1.22562,0.0674292,2556.47,0
2.85726,7.43577,0.317662,1.22244,0.0798482,2602.41,0
2.86374,7.51874,0.275279,1.07109,0.0850042,2625.5,0
2.87024,7.61029,0.301468,1.22428,0.0911162,2651.44,0
2.87672,7.77991,0.139517,1.0876,0.104251,2704.43,0
2.88327,7.73253,0.218724,1.06063,0.0955201,2681.86,0
2.88979,7.79074,-0.0467307,0.993687,0.0973991,2695.95,0
2.89632,7.94259,-0.154132,1.04065,0.108408,2742.3,0
2.90282,7.94467,-0.0555429,0.986498,0.104284,2736.88,0
2.90935,7.81368,0.0379755,1.24097,0.0870291,2685.71,0
2.91585,7.78456,0.0113117,1.00188,0.0810889,2669.73,0
2.92235,7.68978,-0.0337114,1.01568,0.0687341,2631.37,0
2.92892,7.58328,-0.0141781,1.10633,0.0560464,2589.11,0
2.93543,7.53166,0.0136006,1.06,0.0491055,2565.78,0
2.94198,7.79814,0.0307336,1.01012,0.0737601,2650.64,0
2.94846,7.6917,0.204804,0.984436,0.0607947,2608.72,0
2.95498,7.69898,0.201928,1.04061,0.0597266,2605.42,0
2.9615,7.73021,0.0868826,1.0214,0.0607055,2610.24,0
2.96802,7.54503,0.0957361,1.22956,0.0408509,2542.11,0
2.97452,7.64536,0.035427,1.15165,0.0498941,2570.28,0
2.98102,7.59863,-0.117232,1.31987,0.0438489,2549,0
2.98749,7.64086,-0.0895789,1.30991,0.047089,2557.62,0
2.99404,7.78469,-0.142711,1.36348,0.0598723,2600.06,0
3.0005,7.81127,-0.265119,1.32732,0.0608639,2603.32,0
3.00702,7.96989,-0.207745,1.23597,0.0744498,2650.42,0
3.01356,7.96664,-0.375625,0.938215,0.0715829,2643.59,0
3.02008,8.10581,-0.361401,0.900682,0.0829384,2683.98,0
3.02659,8.22804,-0.448484,0.655294,0.0919613,2718.58,0
3.0331,8.19406,-0.317809,0.635575,0.0853173,2701.55,0
3.0396,8.25899,-0.368042,0.63315,0.0882322,2717.13,0
3.04612,8.02082,-0.26968,0.625319,0.0616249,2633.12,0
3.05262,7.91727,-0.311767,0.571868,0.0494547,2593.6,0
3.05914,7.91812,-0.337897,0.668681,0.0480091,2588.35,0
3.06566,8.08326,-0.30783,0.760744,0.062483,2636.71,0
3.07216,8.1301,-0.432596,0.775433,0.0652491,2646.38,0
3.07867,8.11073,-0.443468,0.709597,0.0614796,2634.49,0
3.0852,8.0936,-0.346065,0.723453,0.0577564,2623.37,0
3.09168,8.09057,-0.378616,0.971816,0.0557242,2616.88,0
3.09824,8.03604,-0.283896,1.11729,0.0488306,2593.74,0
3.1047,7.92467,-0.281049,1.02999,0.0364875,2552.48,0
3.11125,8.04118,-0.137108,1.02796,0.0470115,2584.55,0
3.11776,8.1881,-0.0541493,1.06169,0.06012,2626.27,0
3.12426,8.15626,0.155399,0.941014,0.0550882,2610.62,0
3.13079,8.05636,0.216759,0.84575,0.0437653,2573.27,0
3.13728,8.13475,0.236073,0.765826,0.0501118,2592.93,0
3.14376,8.07259,0.16361,0.633721,0.0427146,2567.82,0
3.15032,8.18945,-0.0032568,0.617525,0.0530454,2599.56,0
3.15684,8.23024,0.0842669,0.572792,0.0554519,2607.11,0
3.16332,8.23675,0.0841478,0.546208,0.054517,2603.83,0
3.16985,8.14326,-0.0541473,0.679842,0.0440281,2568.98,0
3.17635,7.96962,-0.109162,0.710718,0.0258648,2509.05,0
3.18287,7.97641,-0.149988,0.703179,0.0258868,2506.04,0
3.18936,7.95997,-0.0972335,0.698028,0.0236717,2495.79,0
3.19591,8.15758,-0.251059,0.788743,0.0428192,2552.51,0
3.20244,8.13916,-0.273958,0.777611,0.0399829,2541.55,0
3.20898,8.09698,-0.162345,0.753798,0.034652,2523.22,0
3.21553,8.07195,0.00330374,0.768141,0.0313505,2510.3,0
3.22201,8.06855,-0.0650345,0.636891,0.0303849,2504.2,0
3.22848,8.05442,-0.0323453,0.702216,0.0282375,2494.8,0
3.23497,8.08352,0.0642335,0.689265,0.0304731,2498.8,0
3.24152,8.0491,0.17463,0.629888,0.0263934,2483.13,0
3.24805,8.03205,0.311569,0.682051,0.0240173,2472.88,0
3.25458,8.08153,0.230789,0.688783,0.0285067,2483.12,0
3.26115,8.03742,0.207661,0.620044,0.0234537,2464.6,0
3.26769,8.12182,0.17987,0.684911,0.0313342,2485.49,0
3.27419,8.24261,0.249816,0.657725,0.0423156,2517.45,0
3.2807,8.19232,0.30691,0.689886,0.0362819,2497.12,0
3.28722,8.1997,0.252943,0.809802,0.0362946,2494.42,0
3.29369,8.48919,0.0289289,0.725249,0.06367,2577.41,0
3.30018,8.40628,-0.0106165,0.736315,0.0537373,2547.22,0
3.3067,8.56075,0.173781,0.896122,0.0673362,2588.91,0
3.31322,8.49015,0.176933,1.09004,0.0583905,2562.51,0
3.31972,8.5514,-0.0206006,1.09422,0.0625767,2575.94,0
3.32622,8.53396,0.0947354,0.961727,0.0589215,2565.66,0
3.33277,8.49623,0.175367,0.93905,0.053525,2549.3,0
3.33926,8.52097,0.28019,0.716133,0.0542856,2551.75,0
3.34576,8.65883,0.370417,0.477404,0.0660603,2588,0
3.35227,8.67378,0.451372,0.365132,0.0654221,2587.43,0
3.35881,8.64855,0.269228,0.386234,0.060938,2574.88,0
3.36529,8.79708,0.333687,0.334163,0.0736781,2614.06,0
3.37177,8.80972,0.159375,0.241857,0.0722543,2612.79,0
3.37828,8.79296,0.363815,0.405308,0.0683987,2602.79,0
3.38483,8.78301,0.267592,0.167175,0.0652967,2594.82,0
3.39132,8.65002,0.463022,0.0971776,0.0499997,2550.64,0
3.39782,8.46127,0.589178,0.0514488,0.0300803,2490.2,0
3.40433,8.33001,0.525646,0.166607,0.0165269,2446.89,0
3.41086,8.23921,0.496803,0.201084,0.00730756,2415.58,0
3.41741,8.30114,0.573299,0.214058,0.0132622,2429.07,0
3.42391,8.43984,0.343557,0.103085,0.0266065,2464.98,0
3.4304,8.30729,0.401753,0.214374,0.0130563,2421.67,0
3.43688,8.49452,0.287063,0.183642,0.0313101,2471.58,0
3.44337,8.42794,0.295687,0.16635,0.0241471,2447.58,0
3.44988,8.56584,0.177349,0.152795,0.0372265,2482.94,0
3.45636,8.716,0.368264,0.178352,0.0509515,2521.73,0
3.46284,8.65528,0.510851,0.183916,0.0437663,2499.47,0
3.46932,8.63794,0.56963,0.455459,0.040846,2489.81,0
3.47581,8.54575,0.515529,0.527197,0.0307651,2458.63,0
3.48236,8.69841,0.594751,0.454213,0.0451556,2497.85,0
3.48886,8.56299,0.732029,0.388425,0.0308772,2454.38,0
3.49537,8.63945,0.761518,0.266249,0.037739,2471.69,0
3.50189,8.78853,0.810625,0.341375,0.0515235,2509.65,0
3.50838,8.74761,0.718597,0.437745,0.0460299,2493.35,0
3.51485,8.68004,0.807838,0.406179,0.0381198,2469.53,0
3.52136,8.6363,0.78025,0.407628,0.0328684,2452.55,0
3.52785,8.88809,0.779499,0.420948,0.0566882,2519.41,0
3.53437,8.87177,0.808938,0.29138,0.0533665,2510.15,0
3.54089,8.98648,0.793773,0.334064,0.063024,2537.91,0
3.54741,9.06172,0.740081,0.401326,0.0680938,2554.46,0
3.55391,9.11493,0.682375,0.446606,0.0711339,2564.76,0
3.56038,9.10197,0.729534,0.21523,0.0674412,2556.46,0
3.56685,9.08884,0.879763,0.121812,0.0638224,2548.14,0
3.57334,9.15095,0.742763,0.0111902,0.0678256,2560.89,0
3.57987,9.28397,0.91911,0.254183,0.0782657,2593.38,0
3.58637,9.23357,1.02161,0.150972,0.0707609,2574.63,0
3.59292,9.31127,1.17014,0.0424763,0.0759561,2591.56,0
3.59942,9.38351,1.25266,0.115654,0.0802677,2606.95,0
3.60595,9.33756,1.00545,0.0946831,0.072948,2589.49,0
3.61241,9.52648,1.10548,-0.0119377,0.08888,2637.15,0
3.61892,9.40285,1.2957,0.0639601,0.0732431,2598.25,0
3.62542,9.70372,1.40038,-0.00681499,0.0996533,2676.58,0
3.63195,9.74409,1.50361,0.042763,0.0997432,2682.88,0
3.63848,9.81826,1.28652,0.0630584,0.103217,2698.45,0
3.64499,9.75206,1.32133,0.02465,0.092627,2675.47,0
3.6515,9.85517,1.30395,0.0688444,0.0988367,2698.94,0
3.658,9.92113,1.2557,-0.0476168,0.101233,2712.17,0
3.66448,9.75001,1.30589,-0.156321,0.0803897,2660.68,0
3.67097,9.61392,1.30071,-0.0267149,0.0640654,2618.91,0
3.67745,9.50599,1.37063,-0.0678731,0.0517302,2584.94,0
3.68397,9.43066,1.41731,-0.0758016,0.0429088,2559.92,0
3.69049,9.27748,1.37959,-0.144954,0.0266982,2513.89,0
3.697,9.36313,1.49109,-0.301951,0.0345172,2532.63,0
3.70348,9.41717,1.45358,-0.371665,0.0390477,2542.79,0
3.71001,9.29841,1.43782,-0.488033,0.0264344,2506.3,0
3.71647,9.32235,1.28721,-0.500091,0.0282201,2508.39,0
3.72298,9.1437,1.37715,-0.524915,0.0100442,2456.02,0
3.72946,9.20089,1.24976,-0.624674,0.0155338,2467.09,0
3.73593,9.2094,1.17065,-0.646,0.0161635,2465.09,0
3.74247,9.23708,1.14454,-0.654218,0.0186574,2468.18,0
3.749,9.26449,1.11163,-0.678721,0.0210442,2471.19,0
3.75547,9.27791,1.18278,-0.649836,0.0219216,2470.5,0
3.76194,9.23701,1.21318,-0.698409,0.0175242,2455.39,0
3.76844,9.26128,1.24552,-0.776628,0.0195799,2457.59,0
3.77498,9.25489,1.31648,-0.713985,0.01862,2451.64,0
3.78148,9.26307,1.33787,-0.676713,0.0191284,2449.59,0
3.78801,9.18734,1.31553,-0.773936,0.0113135,2425.38,0
3.79451,9.35296,1.3599,-0.739031,0.0274679,2464.87,0
3.80095,9.39372,1.41465,-0.657806,0.0309136,2471.41,0
3.80748,9.3862,1.38811,-0.525853,0.0295162,2465.2,0
3.81396,9.39838,1.30146,-0.55827,0.0301664,2464.2,0
3.82043,9.34866,1.26727,-0.614908,0.0245054,2447.01,0
3.82698,9.29905,1.37052,-0.572419,0.0191358,2429.87,0
3.83347,9.24741,1.32625,-0.64926,0.01379,2412.28,0
3.83998,9.22968,1.27229,-0.729662,0.0118848,2403.58,0
3.8465,9.27992,1.25149,-0.710503,0.0166599,2412.56,0
3.85304,9.27407,1.31342,-0.771099,0.0158088,2406.95,0
3.85957,9.26368,1.25433,-0.505272,0.0144701,2400.19,0
3.86607,9.33336,1.18405,-0.429116,0.0211411,2414.18,0
3.87256,9.43997,1.16736,-0.228713,0.0313176,2437.65,0
3.87906,9.42832,1.22631,-0.288933,0.029551,2430.57,0
3.88557,9.56627,1.23014,-0.451269,0.0425673,2462,0
3.8921,9.536,1.3103,-0.387566,0.0385492,2450.09,0
3.89861,9.46435,1.37583,-0.326336,0.0305944,2427.62,0
3.90513,9.3466,1.30803,-0.264231,0.018336,2393.42,0
3.91159,9.43675,1.33847,-0.253379,0.0268579,2412.51,0
3.91807,9.38267,1.31223,-0.339394,0.0210388,2394.71,0
3.92459,9.4502,1.48431,-0.389554,0.0273317,2407.94,0
3.93107,9.51256,1.56461,-0.40932,0.0329663,2419.84,0
3.93762,9.4719,1.43978,-0.345356,0.0281755,2405.49,0
3.94412,9.52535,1.34183,-0.326936,0.0328434,2415.07,0
3.9506,9.55826,1.39028,-0.357321,0.0353583,2419.44,0
3.95712,9.52159,1.49108,-0.453053,0.0309922,2406.19,0
3.9636,9.54064,1.55723,-0.483317,0.0320193,2407.07,0
3.97004,9.54878,1.52827,-0.512673,0.0321996,2405.21,0
3.97658,9.50531,1.51138,-0.573359,0.0270322,2390.32,0
3.98311,9.61909,1.52163,-0.513512,0.0376231,2414.97,0
3.98961,9.6232,1.55272,-0.507127,0.0370715,2412.06,0
3.99613,9.66841,1.55207,-0.568537,0.0404679,2419.44,0
4.00268,9.55679,1.70211,-0.530278,0.0284542,2387.6,0
4.00918,9.45638,1.7539,-0.411844,0.0179313,2358.68,0
4.01567,9.42921,1.66992,-0.44053,0.0150136,2348.1,0
4.02223,9.4311,1.58207,-0.478691,0.014999,2344.75,0
4.02873,9.40752,1.63072,-0.464282,0.0124933,2335.11,0
4.03521,9.67075,1.72244,-0.45745,0.0383978,2396.59,0
4.04172,9.67563,1.57234,-0.366301,0.0378199,2393.94,0
4.04822,9.72964,1.56638,-0.449853,0.0421167,2403.43,0
4.05472,9.65145,1.58584,-0.566005,0.0333486,2380.3,0
4.06122,9.63103,1.5445,-0.516286,0.0306535,2371.46,0
4.06773,9.60389,1.49362,-0.523339,0.0270845,2361,0
4.07426,9.66312,1.58471,-0.523798,0.0324318,2371.75,0
4.08073,9.60463,1.64454,-0.491235,0.0258047,2353.65,0
4.08726,9.59826,1.55704,-0.503092,0.0245719,2348.34,0
4.09374,9.54316,1.79196,-0.544344,0.0186953,2331.16,0
4.10021,9.64807,1.83398,-0.572619,0.0286461,2353.07,0
4.10669,9.84644,1.76994,-0.618112,0.0474995,2397.66,0
4.11319,9.9786,1.7521,-0.673324,0.0589837,2426,0
4.11971,10.0156,1.80735,-0.638674,0.0607546,2431.15,0
4.12622,10.212,1.83669,-0.542263,0.0780585,2474.9,0
4.13272,10.1857,1.79809,-0.467496,0.0727271,2464.66,0
4.13924,10.1515,1.5902,-0.317392,0.0671295,2452.51,0
4.14572,10.1208,1.69757,-0.470792,0.0620649,2441.26,0
4.15221,10.1154,1.74444,-0.472327,0.0595796,2436.15,0
4.1587,10.2437,1.48784,-0.40256,0.0702556,2463.21,0
4.16518,10.1794,1.47372,-0.247983,0.0618142,2443.92,0
4.1717,10.2902,1.42249,-0.266077,0.0709283,2466.66,0
4.17824,10.4543,1.2509,-0.153404,0.0844446,2502.08,0
4.18472,10.2848,1.47232,-0.108632,0.0646119,2457.71,0
4.1912,10.3235,1.38271,-0.061472,0.0665193,2463.14,0
4.19769,10.3469,1.413,-0.0778214,0.0667268,2464.9,0
4.20424,10.4842,1.35361,-0.135908,0.077918,2493.73,0
4.21076,10.4369,1.53758,0.0672661,0.0708554,2478.63,0
4.21727,10.4086,1.55853,0.0170004,0.0659203,2468.08,0
4.22379,10.3361,1.63601,-0.0785113,0.0570592,2447.12,0
4.23035,10.6268,1.80749,0.00754226,0.0837523,2512.03,0
4.23687,10.7412,1.71467,-0.0191556,0.0920511,2535.18,0
4.24339,10.9743,1.62698,0.0285407,0.111144,2586.21,0
4.24988,10.8976,1.84903,-0.00101577,0.0987604,2564.22,0
4.25638,10.9654,1.93497,-0.0500719,0.101551,2576.22,0
4.2629,10.8598,1.83282,-0.109886,0.0873392,2547.51,0
4.26943,10.9651,1.83072,-0.0730995,0.0944897,2568.29,0
4.27595,10.8927,1.84478,-0.0376008,0.0839696,2547.44,0
4.28247,10.9092,1.86165,-0.0869512,0.082505,2547.41,0
4.28897,10.8272,2.1025,-0.152297,0.071367,2524.44,0
4.29545,10.7093,2.02971,-0.188453,0.057392,2493.17,0
4.30192,10.6029,1.81905,-0.358638,0.0450678,2464.69,0
4.30843,10.5284,1.70921,-0.470785,0.0366285,2443.68,0
4.31495,10.4756,1.87508,-0.420295,0.0303732,2427.76,0
4.3215,10.6111,1.92295,-0.360155,0.0430874,2455.42,0
4.32802,10.6218,1.91584,-0.42438,0.0430856,2454.19,0
4.33454,10.5663,1.9685,-0.363836,0.036613,2437.69,0
4.34108,10.4926,1.92936,-0.383815,0.0285635,2417.04,0
4.34759,10.37,1.95615,-0.370333,0.0159653,2385.23,0
4.35412,10.4425,1.89506,-0.201176,0.0228329,2398.29,0
4.3606,10.4919,1.90051,-0.252654,0.0270992,2406.08,0
4.36712,10.6338,1.83057,-0.179823,0.0405276,2434.96,0
4.37362,10.5568,1.83024,-0.323948,0.0319302,2413.75,0
4.3801,10.6124,1.85885,-0.348074,0.0366299,2422.87,0
4.3866,10.3912,1.90327,-0.496748,0.0140623,2368.84,0
4.3931,10.3848,1.82462,-0.571509,0.0131581,2363.88,0
4.39961,10.3092,1.77464,-0.470628,0.00546086,2343.2,0
4.40611,10.3877,1.82353,-0.520535,0.0132127,2357.57,0
4.41257,10.4346,1.71325,-0.526804,0.0176965,2364.75,0
4.41906,10.4267,1.73898,-0.500977,0.0164905,2359.48,0
4.42553,10.4607,1.79706,-0.477644,0.0195328,2363.71,0
4.43201,10.4166,1.88491,-0.49444,0.0149325,2350.3,0
4.43853,10.4872,1.84822,-0.489334,0.0216859,2362.77,0
4.44505,10.5378,1.792,-0.320422,0.0262614,2370.68,0
4.45157,10.4501,1.78979,-0.353492,0.016963,2347.52,0
4.45809,10.4083,1.80392,-0.526014,0.0125097,2334.69,0
4.46457,10.4873,1.87932,-0.394352,0.0201949,2349,0
4.47106,10.4098,1.77953,-0.401639,0.0121453,2328.25,0
4.47757,10.3587,1.7576,-0.396542,0.0069458,2313.47,0
4.48409,10.4556,1.74197,-0.280869,0.016459,2331.72,0
4.49056,10.4224,1.73356,-0.267555,0.0129411,2320.96,0
4.49708,10.3331,1.83217,-0.297008,0.00390953,2297.72,0
4.50362,10.3328,1.8221,-0.290867,0.00386119,2294.34,0
4.51014,10.3643,1.80196,-0.279591,0.0069608,2298.01,0
4.51667,10.5067,1.85831,-0.330839,0.0209531,2326.21,0
4.52319,10.5718,1.80453,-0.335962,0.0269922,2337.25,0
4.52973,10.5586,1.94689,-0.433498,0.0249657,2330.96,0
4.53624,10.5412,1.85006,-0.557317,0.0226571,2323.78,0
4.54272,10.5656,1.94053,-0.467163,0.0245404,2325.82,0
4.54921,10.6081,2.09123,-0.369821,0.0281603,2331.86,0
4.5557,10.6047,2.18968,-0.410302,0.02729,2327.8,0
4.56219,10.6879,2.26966,-0.322726,0.0348704,2342.71,0
4.56871,10.8599,2.14112,-0.36387,0.0511186,2377.01,0
4.57521,10.81,2.09984,-0.235298,0.0447903,2362.73,0
4.58171,10.7336,2.06155,-0.00917019,0.0362557,2342.71,0
4.58821,10.8092,2.0615,-0.208492,0.0426945,2355.86,0
4.59473,10.6727,2.16515,-0.117515,0.0280031,2322.82,0
4.60122,10.6129,2.14457,-0.120451,0.0214788,2306.55,0
4.60777,10.5776,2.10317,-0.00296304,0.0176933,2295.61,0
4.61428,10.5081,2.09958,0.129782,0.0105864,2277.3,0
4.62079,10.4735,2.07232,0.235161,0.00701911,2266.6,0
4.62728,10.4413,2.06837,0.240028,0.00373277,2256.47,0
4.6338,10.4629,2.0764,0.288214,0.00586358,2257.94,0
4.6403,10.4367,2.07531,0.203399,0.0031993,2249.13,0
4.6468,10.4476,2.1426,0.304214,0.00419669,2248.35,0
4.65331,10.4446,2.16498,0.26577,0.00385423,2244.55,0
4.65986,10.5353,2.18802,0.27037,0.0127519,2260.86,0
4.66633,10.6072,2.17195,0.29127,0.0196626,2273.14,0
4.67279,10.4784,2.16044,0.388535,0.00659092,2242.43,0
4.6793,10.4389,2.15193,0.298368,0.00256336,2230.87,0
4.68581,10.4364,2.17607,0.312123,0.00229112,2227.23,0
4.69231,10.5752,2.13297,0.281257,0.0159704,2253.73,0
4.69881,10.5589,2.04447,0.376097,0.0140466,2247.14,0
4.7053,10.5275,1.98657,0.39652,0.010729,2237.37,0
4.71179,10.5456,2.02599,0.382074,0.0124088,2238.14,0
4.71827,10.4391,2.0193,0.460368,0.00169649,2212.48,0
4.72479,10.5385,2.07636,0.579188,0.0115831,2230.47,0
4.73134,10.5063,2.11037,0.724381,0.00827923,2220.58,0
4.73786,10.5834,2.10982,0.884409,0.0157857,2233.8,0
4.7444,10.6261,2.04552,0.913111,0.019713,2239.71,0
4.7509,10.6482,1.96099,1.08281,0.0214182,2241.31,0
4.75739,10.7379,1.8923,1.07017,0.0298812,2257.09,0
4.76389,10.7099,1.89779,0.974698,0.0264478,2248.14,0
4.77039,10.7258,2.07632,0.856061,0.0274748,2248.42,0
4.77692,10.5476,2.16773,0.812106,0.00933547,2208.03,0
4.78349,10.7598,2.17629,0.794003,0.0301881,2249.36,0
4.78999,10.7141,2.26218,0.810737,0.0250714,2236.76,0
4.79649,10.5589,2.31922,0.816641,0.00925589,2201.38,0
4.80295,10.5482,2.33644,0.831655,0.00810273,2196.19,0
4.80948,10.5129,2.38586,0.789118,0.00448246,2185.88,0
4.81594,10.6613,2.41422,0.872152,0.0191221,2213.76,0
4.82246,10.7553,2.29676,0.8836,0.0279543,2230.25,0
4.82897,10.7977,2.35492,0.809615,0.0316235,2236.03,0
4.8355,10.8663,2.47889,0.89391,0.0377463,2247.2,0
4.84202,10.7677,2.65626,0.99068,0.0271515,2223.8,0
4.84852,10.7379,2.65036,1.06491,0.0237204,2214.68,0
4.85503,10.6924,2.59224,1.10591,0.0187673,2202.34,0
4.86154,10.7746,2.51301,0.974663,0.026425,2216.29,0
4.86805,10.8365,2.51791,1.13756,0.0320747,2226.05,0
4.87456,10.8863,2.57224,1.03086,0.0362146,2233.28,0
4.88107,10.7682,2.59367,1.15168,0.0237046,2206.11,0
4.88758,10.9585,2.54082,1.13133,0.0419333,2242.11,0
4.89404,11.1531,2.77292,1.03747,0.0597796,2278.91,0
4.90055,11.0595,2.57878,1.20208,0.0487406,2256.79,0
4.90706,10.9876,2.56384,1.1965,0.0403694,2239.13,0
4.9136,10.9513,2.46842,1.08109,0.0359336,2228.78,0
4.92006,11.05,2.49887,1.0281,0.0447202,2245.91,0
4.92658,11.0461,2.40156,0.956975,0.0432654,2242.14,0
4.93308,11.3831,2.39492,0.84511,0.074964,2307.5,0
4.93963,11.2247,2.34829,0.946917,0.0569124,2272.39,0
4.94607,11.1098,2.41804,0.739583,0.044054,2246.19,0
4.95257,11.3594,2.4535,0.63679,0.0674723,2293.64,0
4.95912,11.3404,2.77295,0.48514,0.0635623,2286.78,0
4.96563,11.5275,2.86532,0.596808,0.0798188,2321.46,0
4.97216,11.5704,2.99794,0.718805,0.0811828,2327.05,0
4.97865,11.5644,3.14233,0.621596,0.0779424,2322.79,0
4.98518,11.5271,3.06076,0.775743,0.0716773,2312.28,0
4.99169,11.4037,2.89248,0.46932,0.0571807,2284.54,0
4.9982,11.2984,2.97442,0.487615,0.0452003,2260.49,0
5.00475,11.3562,3.08881,0.449122,0.0498001,2269.09,0
5.01124,11.4579,3.11742,0.554892,0.0584429,2286.44,0
5.01773,11.4652,3.10695,0.663416,0.0572423,2284.94,0
5.02422,11.3,2.95782,0.712916,0.0394337,2249.11,0
5.03072,11.2521,3.08667,0.629523,0.0336759,2236.69,0
5.03721,11.1795,3.13684,0.637039,0.025679,2219.38,0
5.04371,11.2419,3.27126,0.539787,0.0312993,2228.89,0
5.05021,11.2584,3.2452,0.507986,0.0322305,2229.29,0
5.0567,11.1515,3.28667,0.495486,0.0210808,2205.29,0
5.06319,11.1898,3.14639,0.458709,0.0243972,2210.03,0
5.06969,11.2462,3.04711,0.492252,0.0294201,2218.33,0
5.07617,11.2345,2.98352,0.456926,0.027517,2213.19,0
5.0827,11.3064,2.84071,0.3794,0.0340068,2224.49,0
5.08919,11.1808,2.89566,0.515212,0.0209097,2196.98,0
5.09568,11.2462,2.70368,0.369984,0.0269656,2207.01,0
5.10218,11.3517,2.72445,0.395117,0.0367312,2224.86,0
5.10872,11.3606,2.59551,0.271035,0.0367838,2223.76,0
5.11525,11.479,2.57835,0.19161,0.0474944,2244.08,0
5.12176,11.633,2.65513,0.285254,0.0611676,2271.3,0
5.12826,11.7148,2.57969,0.388272,0.067241,2284.36,0
5.13473,11.9462,2.50092,0.461127,0.0878757,2326.55,0
5.14117,11.9462,2.41949,0.394446,0.0845584,2323.64,0
5.14766,11.8756,2.29769,0.452585,0.0744566,2306.99,0
5.15416,11.8539,2.28874,0.326574,0.0698909,2299.87,0
5.16064,11.7576,2.27051,0.341914,0.0579613,2278.32,0
5.16713,11.6125,2.15494,0.0523675,0.0420768,2247.38,0
5.17364,11.5958,2.10078,-0.00104039,0.0394623,2241.32,0
5.18013,11.6918,1.9695,-0.0402113,0.047818,2257.06,0
5.18665,11.7381,1.9999,-0.0324012,0.0507334,2263.14,0
5.19315,11.7901,1.96454,0.036529,0.0542253,2270.32,0
5.19968,11.5955,2.22184,0.112407,0.0336105,2230.05,0
5.20622,11.7516,2.2854,0.111565,0.0482003,2257.22,0
5.21274,11.6768,2.33592,0.153149,0.0394809,2240.05,0
5.21921,11.7209,2.37933,-0.0561645,0.042847,2245.72,0
5.22577,11.6445,2.45128,-0.107813,0.0342471,2228.29,0
5.23231,11.5129,2.54505,-0.136561,0.0205157,2200.35,0
5.2388,11.4849,2.57632,-0.162746,0.0174685,2192.27,0
5.24531,11.4673,2.61319,-0.243157,0.0153884,2186.2,0
5.25184,11.4147,2.53449,-0.154454,0.00990208,2173.46,0
5.25835,11.4858,2.55005,-0.207022,0.0168196,2184.29,0
5.26484,11.5104,2.51929,-0.221208,0.0189902,2186.28,0
5.27137,11.5187,2.48285,-0.128195,0.0194511,2185.15,0
5.27786,11.5108,2.58567,-0.106844,0.0183385,2180.96,0
5.28441,11.5078,2.61035,-0.112793,0.0177592,2177.69,0
5.2909,11.5693,2.63418,-0.103418,0.0235257,2186.65,0
5.29743,11.5808,2.72669,-0.0535559,0.0242839,2186.12,0
5.30392,11.7674,2.66561,0.00427853,0.0422161,2218.62,0
5.31043,11.8511,2.67794,0.18492,0.0493328,2231.66,0
5.31697,12.0011,2.94924,0.246575,0.0627525,2257.14,0
5.32346,12.1321,3.01763,0.073335,0.0738298,2278.99,0
5.32999,11.9667,2.95646,0.0552796,0.0552561,2245.17,0
5.33648,12.1319,2.87691,0.0614134,0.0700269,2273.39,0
5.343,11.9887,2.92025,-0.0032808,0.0536402,2243.82,0
5.34946,11.9962,2.94853,0.0864858,0.0526831,2242.5,0
5.35597,11.9595,3.04132,0.0122984,0.0475157,2232.92,0
5.36247,11.9434,3.06793,0.109308,0.0446996,2227.23,0
5.36896,11.9967,3.10584,0.122061,0.0488043,2234.45,0
5.37541,12.0924,3.03124,-0.0269344,0.0566789,2249.57,0
5.38193,12.0427,2.98052,0.0344558,0.0502293,2237.61,0
5.38842,12.0274,3.00196,0.0623571,0.0475451,2232.08,0
5.39491,12.0248,2.98133,-0.067218,0.0459515,2228.92,0
5.40145,12.0219,2.90991,-0.0804194,0.0442952,2225.68,0
5.40798,12.141,2.90316,-0.173257,0.054951,2245.02,0
5.41452,12.0279,2.98664,-0.321526,0.0424692,2221.41,0
5.42103,12.0824,2.88452,-0.217373,0.046839,2228.81,0
5.42755,12.351,2.92199,-0.29098,0.0715649,2275.62,0
5.43403,12.3141,3.12716,-0.467106,0.0653553,2266.1,0
5.44049,12.2148,3.12163,-0.392259,0.0535029,2245.16,0
5.44696,12.2795,3.209,-0.486455,0.0582188,2254.37,0
5.45341,12.4649,3.01648,-0.430847,0.0746612,2285.71,0
5.45991,12.3787,3.01962,-0.346928,0.0639993,2267.2,0
5.46644,12.2814,2.92022,-0.204761,0.0524516,2246.7,0
5.47293,12.2833,3.0009,-0.30465,0.0510768,2244.37,0
5.47942,12.1351,3.00896,-0.412748,0.0350551,2214.68,0
5.48592,12.0575,3.01873,-0.469178,0.0266263,2197.89,0
5.49243,12.06,3.02008,-0.245393,0.026106,2195.75,0
5.49892,12.0975,3.05174,-0.220917,0.0292351,2199.98,0
5.50542,12.1079,3.05985,-0.277588,0.0296231,2199.26,0
5.51195,12.1578,3.22128,-0.415082,0.0338106,2205.72,0
5.51843,12.0624,3.21705,-0.612035,0.0236388,2185.83,0
5.52495,12.0277,3.40147,-0.503801,0.0196712,2176.98,0
5.53144,11.9997,3.40774,-0.44538,0.0166213,2169.37,0
5.53798,12.0526,3.48008,-0.453029,0.0215308,2176.35,0
5.54449,11.9846,3.37023,-0.496944,0.0144746,2161.53,0
5.55101,12.039,3.43333,-0.449188,0.0196312,2168.78,0
5.5575,12.0141,3.31499,-0.37293,0.0167837,2161.77,0
5.564,11.9725,3.39408,-0.440982,0.0123747,2151.78,0
5.57054,11.9664,3.32319,-0.574974,0.0115605,2148.16,0
5.5771,11.9975,3.33669,-0.591251,0.0145138,2151.21,0
5.5836,11.9873,3.32925,-0.562571,0.0133111,2146.88,0
5.59013,11.9422,3.29039,-0.61379,0.0086978,2136.3,0
5.59664,11.9736,3.30126,-0.703542,0.0116949,2139.42,0
5.60317,11.9543,3.33758,-0.573939,0.00961981,2133.5,0
5.60966,12.0651,3.42613,-0.43051,0.0204406,2150.78,0
5.61619,12.1079,3.35185,-0.278561,0.0242155,2155.9,0
5.62271,12.0716,3.43862,-0.343609,0.0201491,2146.94,0
5.62918,12.078,3.40541,-0.431226,0.0203675,2145.6,0
5.63568,12.1578,3.27073,-0.412422,0.0277999,2157.28,0
5.64221,12.1987,3.1675,-0.458295,0.0311164,2162.04,0
5.64869,12.1978,3.32766,-0.4691,0.0305211,2159.41,0
5.65517,12.3756,3.33535,-0.411176,0.047269,2188.37,0
5.66167,12.3545,3.25473,-0.404045,0.0440023,2182.12,0
5.66815,12.4278,3.07622,-0.375451,0.0499857,2192.56,0
5.67469,12.3597,3.22567,-0.457046,0.0419148,2178.03,0
5.68123,12.4823,3.16617,-0.376208,0.0528649,2197.11,0
5.68773,12.4842,3.10309,-0.378731,0.0515343,2194.93,0
5.69425,12.4608,3.04291,-0.170994,0.0477871,2188.31,0
5.70075,12.4647,3.14612,-0.110928,0.0467475,2186.51,0
5.70728,12.5068,3.03567,-0.28485,0.0495084,2191.37,0
5.7138,12.5215,3.08212,-0.285296,0.0494568,2191.45,0
5.72029,12.5416,2.99667,-0.25549,0.0501955,2192.48,0
5.72682,12.4826,3.01691,-0.185413,0.0426814,2179.68,0
5.73332,12.3903,2.98676,-0.218664,0.0323808,2161.11,0
5.73983,12.3815,2.89245,-0.173243,0.0308358,2157.11,0
5.74637,12.4703,3.02783,0.0142069,0.0388572,2170.12,0
5.75293,12.3825,2.95685,0.15036,0.0292035,2152.38,0
5.75943,12.3978,2.8789,0.276938,0.0300862,2152.6,0
5.76598,12.3887,2.83135,0.305636,0.0284212,2148.58,0
5.77251,12.2803,2.77811,0.18209,0.0171321,2127.37,0
5.77899,12.4148,2.96771,0.152877,0.0301796,2148.26,0
5.78546,12.2459,2.91787,0.206699,0.0129448,2116.67,0
5.79197,12.3128,2.9792,0.0358903,0.0192966,2125.84,0
5.79846,12.3037,3.07024,0.00222426,0.0179384,2121.88,0
5.80491,12.3568,3.12197,-0.0772265,0.0228443,2128.68,0
5.81145,12.2606,3.23167,-0.131605,0.0129263,2109.74,0
5.81796,12.3948,3.33286,-0.178901,0.0258901,2130.45,0
5.82448,12.3349,3.33867,0.0334861,0.0195226,2117.77,0
5.83103,12.4245,3.33689,-0.0248972,0.0280131,2130.75,0
5.83753,12.5381,3.44757,0.0679711,0.0384639,2147.84,0
5.84403,12.3811,3.24568,0.0698911,0.0221196,2118.58,0
5.85055,12.3784,3.1596,0.0376189,0.021446,2115.76,0
5.85705,12.5223,3.2954,0.0214501,0.0351295,2137.98,0
5.86351,12.6016,3.47676,-0.0224829,0.0419216,2149.15,0
5.87002,12.6705,3.4386,-0.179271,0.0477499,2158.52,0
5.87655,12.7805,3.48947,-0.245168,0.0571748,2174.83,0
5.88301,12.9459,3.63867,-0.30098,0.0715436,2200.56,0
5.88948,13.0019,3.64472,-0.135941,0.0747696,2207.65,0
5.89598,13.0694,3.5728,-0.23217,0.0785837,2216.66,0
5.9025,13.4004,3.76498,-0.505903,0.107912,2270.29,0
5.90904,13.3404,3.56335,-0.596371,0.0975327,2257.62,0
5.91558,13.251,3.48666,-0.390798,0.0848649,2240.01,0
5.92212,13.3225,3.54745,-0.476393,0.0885904,2249.61,0
5.92863,13.2202,3.43075,-0.635865,0.0751995,2229.89,0
5.93514,13.2523,3.19355,-0.532557,0.07552,2232.85,0
5.94163,13.1093,3.15424,-0.609984,0.0589787,2206.35,0
5.94811,12.9991,3.29142,-0.686867,0.0464806,2185.43,0
5.95463,13.022,3.34675,-0.662107,0.0474369,2186.87,0
5.96111,12.8398,3.22181,-0.573867,0.0282488,2153.93,0
5.96759,12.8268,3.13685,-0.490124,0.0263311,2149.42,0
5.97407,12.8342,3.19889,-0.669826,0.0265804,2148.32,0
5.98057,12.8671,3.12603,-0.555422,0.0292903,2151.48,0
5.98708,12.9596,3.05917,-0.56864,0.0376829,2164.59,0
5.99358,13.1006,3.05545,-0.463387,0.0506327,2185.77,0
6.00014,13.1188,3.00509,-0.659089,0.0510306,2186.42,0
6.00662,13.2939,3.08193,-0.570181,0.0666266,2213.22,0
6.01309,13.4459,3.06679,-0.58388,0.0793548,2236.11,0
6.01963,13.5942,3.31946,-0.652444,0.0905391,2258.31,0
6.02611,13.783,3.16117,-0.563184,0.105749,2287.22,0
6.03261,14.0146,3.12475,-0.687808,0.123441,2323.14,0
6.03912,14.0062,2.88085,-0.668943,0.116998,2319.25,0
6.04559,14.1778,2.80026,-0.838337,0.127994,2345.14,0
6.05211,14.3018,2.86974,-0.744395,0.1344,2363.11,0
6.05862,14.2566,3.0577,-1.01031,0.124293,2353.11,0
6.0651,14.1126,2.86328,-0.979972,0.104864,2326.85,0
6.07165,14.2672,2.96226,-0.883829,0.115508,2349.8,0
6.07814,14.2547,2.87174,-0.768346,0.10905,2345.24,0
6.08464,14.1552,2.77761,-0.541532,0.0952428,2326.39,0
6.09112,14.256,2.7696,-0.344972,0.101063,2340.45,0
6.09763,14.3349,2.75125,-0.327062,0.104578,2350.9,0
6.10418,14.509,2.75066,-0.253263,0.117067,2376.89,0
6.11068,14.2961,2.83195,-0.123701,0.0914444,2339.52,0
6.11718,14.3188,2.85322,-0.1259,0.0900496,2340.75,0
6.12372,14.2365,2.84132,-0.0310441,0.0788969,2324.81,0
6.13026,14.3402,2.55791,-0.0371122,0.0862077,2339.25,0
6.13672,14.4096,2.43076,0.0476549,0.0897093,2348.09,0
6.1432,14.7138,2.40543,0.160378,0.115515,2395.13,0
6.14974,14.8367,2.46232,0.00490547,0.122383,2412.58,0
6.15618,14.8095,2.38844,-0.126194,0.114402,2405.63,0
6.16272,14.8619,2.14581,-0.0613707,0.114479,2411.58,0
6.16924,14.8555,2.01799,-0.0693278,0.109335,2407.99,0
6.17573,14.9103,2.02914,0.00819086,0.110111,2414.34,0
6.18223,15.0675,1.91784,0.116928,0.12077,2437.22,0
6.18873,15.2282,1.64932,0.19988,0.130862,2460.64,0
6.19526,15.2247,1.56134,0.0830092,0.124603,2457.48,0
6.20176,15.2313,1.4638,0.0206635,0.119563,2455.96,0
6.20831,15.2652,1.45961,0.248363,0.117954,2458.84,0
6.2148,15.1018,1.46304,0.210961,0.0976196,2429.96,0
6.22131,15.1306,1.36763,0.350772,0.0962091,2432.05,0
6.22782,14.9738,1.47283,0.220571,0.077227,2404.34,0
6.2343,15.083,1.36772,-0.000688514,0.084918,2419.36,0
6.24077,14.9467,1.32048,0.242784,0.0685791,2395.02,0
6.24724,14.9449,1.27249,0.253712,0.0660533,2392.24,0
6.25374,14.8662,1.38293,0.1976,0.0566549,2377.17,0
6.26029,14.8115,1.61798,0.28824,0.0497537,2365.95,0
6.26681,14.9454,1.61158,0.185924,0.0615354,2384.84,0
6.27331,14.8952,1.60987,0.244549,0.0548365,2374.37,0
6.27984,15.1078,1.60616,0.231107,0.073884,2405.76,0
6.28636,15.1374,1.54299,0.242724,0.0740385,2407.98,0
6.29286,15.0975,1.51284,0.366563,0.0680854,2399.14,0
6.29934,15.2389,1.54377,0.321135,0.0797637,2419.12,0
6.30588,15.2902,1.51611,0.161652,0.0816917,2424.75,0
6.31239,15.0776,1.42406,0.198275,0.0580896,2388.57,0
6.31893,15.2429,1.32313,0.36545,0.0724714,2412.26,0
6.32542,15.2934,1.22869,0.371062,0.074366,2417.77,0
6.33194,15.3992,1.22301,0.303543,0.0821029,2431.99,0
6.3385,15.2101,1.05553,0.483866,0.0609006,2399.63,0
6.34503,15.0559,0.883558,0.433101,0.0438424,2372.86,0
6.35151,14.9788,0.939196,0.386642,0.0351521,2358.3,0
6.35801,14.9862,1.01904,0.344314,0.0351098,2357.06,0
6.36452,14.9978,1.21939,0.412099,0.0354375,2356.47,0
6.371,15.1027,1.33744,0.314127,0.0448542,2370.54,0
6.37751,15.0034,1.18086,0.271869,0.0339717,2352.54,0
6.38402,14.9871,1.33436,0.230005,0.0314465,2347.6,0
6.39056,14.8908,1.2471,0.130046,0.0212757,2330.13,0
6.39707,14.9093,1.248,0.159214,0.0225882,2330.65,0
6.40358,14.9673,1.16436,0.256141,0.0277756,2337.34,0
6.41008,15.0722,1.13564,0.486889,0.0373516,2351.33,0
6.41657,14.9426,1.10034,0.369553,0.0236816,2328.75,0
6.42309,15.0667,1.06198,0.449118,0.0353377,2345.7,0
6.42959,15.1732,1.15091,0.3409,0.044946,2359.91,0
6.43613,15.0665,1.02171,0.338806,0.0333871,2340.92,0
6.44265,14.9632,0.96789,0.339397,0.0224642,2322.52,0
6.4492,15.0339,0.935071,0.231259,0.0289976,2331.13,0
6.45572,14.9641,0.853305,0.249501,0.0215337,2317.96,0
6.46218,14.96,0.790605,0.242603,0.0206839,2315.01,0
6.46868,15.0241,0.728127,0.0344714,0.0266213,2322.59,0
6.47519,15.1381,0.812099,0.136995,0.0373482,2337.87,0
6.48168,14.9953,0.874548,-0.00430137,0.0224581,2313.49,0
6.48822,15.1121,0.818177,-0.103096,0.033538,2329.17,0
6.49472,15.1955,0.79455,-0.367433,0.0408193,2339.67,0
6.50125,15.3654,0.933666,-0.494175,0.0562991,2363.45,0
6.50775,15.1044,1.02753,-0.523247,0.0293038,2320.99,0
6.51425,15.1004,1.08624,-0.497242,0.0282748,2318.06,0
6.52076,15.0633,1.08749,-0.569258,0.0239158,2310.05,0
6.52729,15.04,1.10103,-0.603898,0.0211644,2304.18,0
6.53378,15.0811,1.12954,-0.616881,0.0248677,2308.17,0
6.54032,15.1549,1.25355,-0.663914,0.0315944,2317.15,0
6.54677,15.0718,1.22643,-0.652856,0.0226099,2302.17,0
6.55329,14.996,1.24185,-0.604483,0.0147401,2288.31,0
6.55978,14.9479,1.39168,-0.651802,0.00975937,2278.72,0
6.56629,15.0051,1.42527,-0.592186,0.0152114,2285.17,0
6.57277,15.0361,1.41871,-0.629575,0.0180157,2287.63,0
6.57929,15.0145,1.56331,-0.632015,0.0155842,2282.09,0
6.58577,15.0299,1.49576,-0.583124,0.0168594,2282.18,0
6.59228,14.9693,1.50993,-0.474459,0.0106524,2270.73,0
6.5988,15.0038,1.51281,-0.385877,0.0139263,2273.71,0
6.60533,15.0226,1.51949,-0.389327,0.0154116,2274.31,0
6.61177,15.0715,1.53156,-0.325848,0.0200518,2279.49,0
6.61824,15.1258,1.4876,-0.320606,0.0250839,2285.48,0
6.62475,15.2283,1.69458,-0.404705,0.0345582,2298.7,0
6.63124,15.2257,1.71967,-0.426471,0.0334092,2296.05,0
6.63771,15.157,1.71287,-0.45948,0.0258311,2283.47,0
6.64427,15.1678,1.51627,-0.385104,0.0263782,2282.84,0
6.65078,15.2207,1.57251,-0.560579,0.0310882,2288.56,0
6.65731,15.2228,1.55901,-0.571057,0.0305547,2286.62,0
6.66384,15.3341,1.38799,-0.548062,0.0408211,2301.09,0
6.6704,15.3805,1.35743,-0.470698,0.0442512,2305.78,0
6.67687,15.4663,1.37443,-0.672231,0.0514259,2316.4,0
6.68339,15.5672,1.2958,-0.642471,0.0599997,2329.25,0
6.68988,15.591,1.32293,-0.761904,0.0602637,2330.54,0
6.69632,15.7251,1.25911,-0.699231,0.0714114,2348.32,0
6.70285,15.6805,1.34065,-0.604608,0.064687,2339.37,0
6.70942,15.7188,1.12115,-0.5068,0.0659795,2342.8,0
6.71594,15.7754,1.22191,-0.341455,0.0694187,2348.95,0
6.72245,15.7774,1.26849,-0.184182,0.0672701,2346.96,0
6.72893,15.8338,1.23763,-0.0204804,0.0706301,2353.1,0
6.73545,15.8414,1.17839,0.0447393,0.0688885,2351.94,0
6.74197,15.7138,1.11166,-0.0165461,0.054176,2330.75,0
6.74845,15.7327,1.1352,-0.0030647,0.0542936,2331.31,0
6.75494,15.6822,1.15068,0.00481395,0.0474132,2321.58,0
6.76143,15.7617,1.07155,0.0929058,0.0535524,2331.12,0
6.76791,15.6904,0.959108,0.24737,0.0448751,2318.35,0
6.77441,15.8074,0.962161,0.29921,0.0552597,2333.4,0
6.78091,15.9061,0.941253,0.373397,0.063132,2345.72,0
6.78743,15.8493,0.720194,0.547418,0.0554141,2335.09,0
6.79392,15.8579,0.786511,0.460309,0.0547238,2334.13,0
6.80048,15.8161,0.875007,0.437797,0.0489905,2325.74,0
6.80699,15.8148,0.696652,0.497244,0.0476563,2323.32,0
6.81352,15.9665,0.651796,0.313715,0.061018,2343.36,0
6.81999,16.0208,0.775455,0.320992,0.0642913,2349.1,0
6.82642,16.1413,0.81656,0.368213,0.074234,2364.54,0
6.83295,15.9302,1.06315,0.474061,0.0511455,2331.38,0
6.83949,16.1142,0.913144,0.589538,0.0676066,2356.05,0
6.846,16.2164,0.784383,0.73493,0.0750956,2368.74,0
6.85246,16.1853,0.454718,0.907862,0.0694112,2361.97,0
6.85892,16.1678,0.495498,0.87323,0.0654591,2357.19,0
6.86543,16.1644,0.379939,0.979357,0.0632492,2354.46,0
6.87196,16.2226,0.24709,1.04942,0.0666952,2360.69,0
6.87846,16.291,0.185435,1.07447,0.0715281,2368.41,0
6.88493,16.3977,0.11708,1.21877,0.0795534,2381.68,0
6.89145,16.421,0.0604179,1.20744,0.0789955,2382.81,0
6.89797,16.4254,0.100915,1.12682,0.0767114,2381.19,0
6.90447,16.369,0.0347752,1.1377,0.0684283,2370.78,0
6.91101,16.3749,0.0637912,1.37774,0.0668971,2369.39,0
6.91755,16.2815,0.128861,1.31037,0.055651,2353.64,0
6.92407,16.5208,0.233002,1.13825,0.0768829,2386,0
6.93057,16.4892,0.205501,1.12046,0.0710113,2379.2,0
6.93709,16.5049,0.218663,1.06042,0.0700121,2379.23,0
6.94357,16.5811,0.255228,1.05051,0.075004,2387.98,0
6.95008,16.5588,0.389976,1.06058,0.07,2382.53,0
6.95661,16.6632,0.387776,1.07619,0.0776679,2395.31,0
6.96313,16.6833,0.352564,1.10689,0.0767599,2395.94,0
6.96965,16.7383,0.383176,1.16415,0.079644,2401.59,0
6.97615,16.7982,0.309421,0.975711,0.0825672,2407.94,0
6.98266,16.97,0.19448,1.00186,0.0963695,2430.31,0
6.98915,16.9691,0.060749,0.912236,0.0922793,2427.92,0
6.99565,17.1468,0.0850647,0.779729,0.106212,2451.06,0
7.00217,17.0722,0.0417425,0.750926,0.0947564,2438.13,0
7.0087,17.1171,0.145913,0.674219,0.0953804,2442.27,0
7.0152,17.3992,-0.00470958,0.545019,0.118986,2480.22,0
7.02169,17.3297,-0.0590284,0.439553,0.106882,2468.02,0
7.02821,17.3824,-0.226983,0.321203,0.10714,2473.24,0
7.0347,17.0712,-0.134669,0.51566,0.0725095,2426.72,0
7.04125,17.2014,-0.228637,0.754842,0.0825127,2442.94,0
7.04778,16.9922,-0.379686,0.583942,0.0591765,2411,0
7.05425,17.073,-0.403815,0.521792,0.0653501,2420.25,0
7.06073,17.1758,-0.363822,0.512468,0.0733471,2432.58,0
7.06723,17.2603,-0.355987,0.388362,0.0787749,2442.29,0
7.07377,17.3052,-0.310924,0.308345,0.0803599,2446.39,0
7.08029,17.2869,-0.269525,0.386369,0.07546,2441.55,0
7.08678,17.148,-0.23655,0.197853,0.0592277,2419.72,0
7.09331,17.0389,-0.273416,0.271443,0.0469538,2402.11,0
7.0998,17.0744,-0.444904,0.317878,0.0493404,2404.91,0
7.10631,17.1108,-0.43013,0.299888,0.0514218,2407.84,0
7.1128,17.1369,-0.261563,0.210125,0.052443,2409.31,0
7.11929,17.0598,-0.173084,0.202381,0.0434272,2396.29,0
7.12582,17.1987,-0.071207,0.19545,0.0558672,2413.57,0
7.1323,17.3146,-0.147648,0.113994,0.0654284,2427.63,0
7.1388,17.2554,-0.155551,-0.0713457,0.0575967,2417.12,0
7.14533,17.1837,-0.345647,-0.0189269,0.048646,2404.88,0
7.15184,17.3239,-0.382275,0.163634,0.0612976,2422.29,0
7.15835,17.3361,-0.50805,0.136779,0.0607295,2421.81,0
7.16487,17.3555,-0.665289,0.136387,0.0606508,2422.3,0
7.17137,17.4971,-0.396248,0.144785,0.0725161,2439.86,0
7.17788,17.6157,-0.372902,0.000827758,0.0815226,2454.17,0
7.18439,17.6717,-0.233047,-0.0745915,0.0838191,2459.73,0
7.19091,17.6887,-0.104219,0.0258617,0.0825298,2459.88,0
7.19742,17.6353,-0.0085868,0.0224683,0.0744151,2450.23,0
7.20389,17.76,-0.0494234,-0.232406,0.0843029,2465.33,0
7.21036,17.9374,-0.00872966,-0.319075,0.0979376,2487.72,0
7.21687,18.1095,0.0434484,-0.399367,0.110999,2509.33,0
7.22336,18.1906,-0.107928,-0.400935,0.11407,2518.3,0
7.22989,18.1593,-0.184,-0.432435,0.10688,2511.7,0
7.23642,18.0845,-0.15302,-0.382818,0.0950866,2499.1,0
7.24289,17.9917,-0.0748534,-0.35277,0.082178,2484.05,0
7.24941,17.9765,-0.252235,-0.302229,0.0777207,2479.72,0
7.2559,18.1222,-0.245422,-0.311775,0.0893363,2497.58,0
7.26238,18.4812,0.0233705,-0.379493,0.120674,2544.78,0
7.26886,18.4205,-0.016403,-0.449865,0.109925,2534.17,0
7.27536,18.4149,-0.0483866,-0.501908,0.104422,2531.13,0
7.28185,18.3512,-0.0989046,-0.510977,0.0934949,2520.13,0
7.28837,18.4749,-0.0670532,-0.488792,0.101925,2534.84,0
7.29492,18.4052,-0.0780161,-0.467865,0.0908537,2523.02,0
7.30138,18.1653,-0.148636,-0.554763,0.064183,2487.94,0
7.30791,18.2702,-0.0593868,-0.701449,0.071996,2500.06,0
7.31443,18.3661,-0.151685,-0.540581,0.0787812,2510.95,0
7.32098,18.3034,-0.00782484,-0.607058,0.0701013,2500.13,0
7.32753,18.3774,0.120876,-0.647546,0.0751921,2507.99,0
7.33402,18.4699,0.190823,-0.611331,0.0812102,2518.39,0
7.34056,18.6056,0.319195,-0.52972,0.0914388,2534.63,0
7.34702,18.4553,0.266475,-0.485392,0.0734251,2511.95,0
7.35352,18.4157,0.191327,-0.694115,0.0668872,2504.34,0
7.36002,18.4626,0.115412,-0.631425,0.0690889,2508.5,0
7.36652,18.227,0.220172,-0.775997,0.0436749,2474.3,0
7.37302,18.3853,0.106342,-0.657512,0.0580843,2493.59,0
7.37953,18.4033,0.215447,-0.512216,0.0580187,2493.84,0
7.38598,18.6009,0.138827,-0.506,0.0754808,2518.4,0
7.39249,18.5596,0.0673364,-0.508562,0.0689111,2510.6,0
7.39898,18.535,0.202062,-0.39441,0.0640256,2505.07,0
7.40549,18.529,0.411357,-0.33196,0.0615592,2502.06,0
7.41202,18.4963,0.486758,-0.41126,0.0561893,2495.44,0
7.41855,18.623,0.492172,-0.385785,0.0670588,2510.33,0
7.42505,18.6,0.39613,-0.434872,0.0628186,2505.03,0
7.43154,18.6682,0.441465,-0.557122,0.067404,2512.03,0
7.43805,18.5975,0.395517,-0.42699,0.0583733,2500.32,0
7.44456,18.6309,0.530347,-0.469616,0.0598179,2502.62,0
7.45106,18.527,0.466995,-0.453728,0.0475942,2486.5,0
7.45759,18.6673,0.58912,-0.532782,0.0601531,2503.13,0
7.46411,18.7647,0.696287,-0.649007,0.0675019,2513.99,0
7.47064,18.5888,0.723895,-0.580355,0.0479383,2488.25,0
7.47712,18.4727,0.654763,-0.603691,0.0352939,2470.57,0
7.48361,18.3381,0.61957,-0.53369,0.0212013,2450.44,0
7.49005,18.4645,0.68217,-0.40121,0.0330755,2465.2,0
7.4966,18.4027,0.62261,-0.383898,0.0263422,2454.8,0
7.50311,18.3659,0.502304,-0.417717,0.0221781,2447.77,0
7.50963,18.5497,0.54177,-0.506753,0.0398064,2470.12,0
7.51611,18.483,0.41662,-0.55401,0.0323967,2459.12,0
7.52264,18.4117,0.420637,-0.560149,0.0245743,2447.51,0
7.52916,18.4522,0.421823,-0.442238,0.0281429,2450.76,0
7.53563,18.4781,0.396007,-0.390636,0.0299624,2452.1,0
7.54214,18.5996,0.389495,-0.289867,0.041179,2466.09,0
7.54861,18.7703,0.437702,-0.361853,0.0568662,2486.6,0
7.55513,18.7479,0.504101,-0.206537,0.0529569,2481.48,0
7.56167,18.8453,0.522923,-0.306196,0.0608733,2492.22,0
7.5682,18.9946,0.437231,-0.154264,0.073532,2509.79,0
7.57469,19.0644,0.582655,-0.291777,0.0773771,2516.85,0
7.58119,19.1843,0.379839,-0.514547,0.0863506,2530.51,0
7.58772,19.1872,0.389218,-0.624952,0.0836479,2528.71,0
7.59422,19.1792,0.279441,-0.686299,0.0797433,2525.5,0
7.60072,19.4019,0.279876,-0.739825,0.0990284,2552.64,0
7.60724,19.4367,0.331598,-0.835703,0.0981806,2555.02,0
7.61374,19.3362,0.182013,-0.976468,0.0845402,2539.65,0
7.62028,19.3956,0.100909,-1.07606,0.0875802,2545.26,0
7.62683,19.473,0.229849,-1.26536,0.09201,2553.22,0
7.63331,19.4411,0.197363,-1.32442,0.0851814,2546.88,0
7.63984,19.2687,0.301263,-1.26223,0.0652574,2522.14,0
7.64637,19.2719,0.300902,-1.27354,0.0628813,2520.4,0
7.65289,19.2176,0.106033,-1.23477,0.0556899,2511.15,0
7.65937,19.3034,0.0603186,-1.1471,0.0626149,2520.24,0
7.66589,19.354,0.323128,-1.13593,0.0654416,2524.69,0
7.67238,19.3781,0.272871,-1.16596,0.065778,2525.7,0
7.67888,19.4253,0.169025,-1.46256,0.0682993,2529.71,0
7.68538,19.5503,0.109351,-1.59918,0.0781165,2543.83,0
7.6919,19.4889,0.153576,-1.67414,0.0695306,2533.69,0
7.69843,19.4247,0.282503,-1.77984,0.0608865,2523.2,0
7.70494,19.365,0.201128,-1.76933,0.0532023,2513.32,0
7.71146,19.3621,0.119453,-1.83867,0.051141,2510.83,0
7.71793,19.3305,0.209828,-1.9237,0.0468634,2504.63,0
7.72439,19.2046,0.0618527,-1.84042,0.0330746,2486.23,0
7.73091,19.1042,-0.0210262,-1.97335,0.0224591,2471.14,0
7.73739,19.0998,-0.0288609,-1.92981,0.0214646,2468.5,0
7.74388,19.0588,0.0216839,-1.83889,0.0170431,2461.15,0
7.75043,19.0343,0.162407,-1.79558,0.0144282,2455.91,0
7.75695,19.0344,0.177546,-1.68186,0.0142502,2453.85,0
7.76346,19.1321,0.252945,-1.66909,0.0236887,2464.37,0
7.77002,19.0744,0.342289,-1.75628,0.0175304,2454.88,0
7.77653,18.9992,0.373877,-1.69989,0.00983484,2443.14,0
7.783,18.9608,0.40747,-1.7339,0.00590038,2436.18,0
7.78949,18.9478,0.351846,-1.71754,0.00454275,2432.49,0
7.79606,18.9847,0.383135,-1.67487,0.00814702,2435.17,0
7.80254,18.9981,0.437863,-1.54588,0.00934806,2434.86,0
7.80907,18.9984,0.353912,-1.57162,0.00919334,2432.86,0
7.81562,18.9772,0.281335,-1.44499,0.00701043,2428.12,0
7.82213,18.9818,0.301095,-1.38312,0.00739277,2426.68,0
7.82865,19.0226,0.27116,-1.39951,0.0113332,2429.87,0
7.83515,19.0255,0.192723,-1.35128,0.0114933,2428.22,0
7.8417,18.9899,0.163449,-1.33475,0.00785998,2421.66,0
7.84817,19.0987,0.225858,-1.30222,0.0185084,2433.52,0
7.85467,19.1575,0.140725,-1.166,0.0241061,2439,0
7.86114,19.2417,0.234595,-1.13848,0.0319742,2447.69,0
7.8677,19.3023,0.196156,-1.16377,0.037158,2453.36,0
7.8742,19.2449,0.187315,-1.12475,0.0304817,2444.04,0
7.88069,19.1123,0.163722,-1.17084,0.0168054,2425.21,0
7.88716,19.1088,0.234372,-1.07712,0.0161347,2422.77,0
7.89369,19.0054,0.157041,-1.04315,0.00564256,2407.67,0
7.90014,19.0553,0.15529,-0.94697,0.0105377,2412.02,0
7.90666,19.1689,0.248073,-1.00007,0.021636,2424.4,0
7.91313,19.1546,0.307219,-0.955631,0.0197476,2420.61,0
7.9197,19.3129,0.229604,-0.94022,0.035007,2438.6,0
7.92617,19.2888,0.299331,-0.917366,0.0318542,2433.56,0
7.93267,19.2839,0.231442,-1.15109,0.0306772,2430.95,0
7.93913,19.3684,0.307983,-1.32135,0.0383086,2439.62,0
7.9456,19.4695,0.429109,-1.19467,0.047299,2450.35,0
7.95212,19.5905,0.455564,-1.0397,0.0577948,2463.56,0
7.95865,19.6882,0.49452,-1.09821,0.0657962,2473.81,0
7.96519,19.7093,0.29328,-1.09072,0.0655896,2474.43,0
7.97166,19.8785,0.261966,-1.2744,0.0797562,2493.65,0
7.97819,19.8542,0.204652,-1.29651,0.0745057,2488.56,0
7.98471,20.073,0.134105,-1.25766,0.0930646,2513.93,0
7.9912,20.1564,0.0757506,-1.39032,0.0976989,2522.32,0
7.9977,20.0867,0.2428,-1.37114,0.0869668,2511.55,0
8.0042,19.9379,0.37656,-1.24504,0.0689382,2490.92,0
8.01067,19.9593,0.367549,-1.2944,0.0687597,2491.59,0
8.01715,20.1305,0.33071,-1.25554,0.0831924,2510.93,0
8.02366,20.0291,0.400606,-1.36994,0.0705535,2496.26,0
8.03019,20.0671,0.502284,-1.35668,0.0716461,2498.96,0
8.03666,20.018,0.372887,-1.36579,0.0644877,2490.83,0
8.0432,20.0061,0.224709,-1.4733,0.0612877,2487.32,0
8.04966,19.9852,0.294978,-1.5154,0.0571124,2482.74,0
8.05621,19.8992,0.274809,-1.45565,0.0468606,2470.04,0
8.0627,20.0321,0.450757,-1.41736,0.0585385,2484.53,0
8.0692,20.0603,0.505892,-1.24359,0.0595213,2486.04,0
8.07576,20.1377,0.551136,-1.28473,0.0653165,2493.6,0
8.08229,20.0996,0.553391,-1.15723,0.0596321,2486.86,0
8.08878,19.9414,0.64919,-1.25827,0.0422715,2465.32,0
8.09526,19.9554,0.846358,-1.29406,0.0426015,2465.07,0
8.10174,19.8826,0.952171,-1.34525,0.0344539,2454.12,0
8.10823,20.0643,0.893414,-1.27325,0.05144,2474.56,0
8.11476,20.2291,0.955957,-1.14662,0.0661677,2492.88,0
8.12127,20.1229,0.957859,-1.10305,0.0537816,2477.81,0
8.1278,20.1445,1.12928,-1.05552,0.0540897,2478.47,0
8.13433,20.3058,1.1722,-0.953301,0.0684481,2496.3,0
8.1409,20.4303,1.28147,-0.980191,0.0781445,2509.59,0
8.14739,20.3623,0.91189,-1.0934,0.0688907,2499.25,0
8.15389,20.3458,0.844439,-1.10727,0.0649403,2495.23,0
8.16038,20.6164,0.895779,-1.15277,0.0891337,2526.4,0
8.16691,20.544,0.935732,-1.02264,0.0786428,2515.51,0
8.17341,20.3478,0.856789,-1.07911,0.0571381,2489.51,0
8.17993,20.396,0.858667,-1.13766,0.0603616,2493.43,0
8.1864,20.3234,0.735954,-1.06104,0.051214,2482.59,0
8.19288,20.3961,0.855484,-0.932806,0.0569768,2489.49,0
8.19939,20.3512,0.811641,-0.953486,0.050853,2482.04,0
8.20587,20.3318,0.710365,-1.05598,0.0476607,2477.72,0
8.21245,20.2047,0.769361,-0.918248,0.0337397,2460.25,0
8.21896,20.0866,0.695219,-1.00772,0.0213638,2443.94,0
8.22546,20.1007,0.659653,-1.08568,0.0223928,2443.72,0
8.23196,20.1225,0.653006,-1.03781,0.0239185,2444.44,0
8.23845,20.186,0.529674,-1.00174,0.0296502,2450.22,0
8.24496,20.0964,0.588607,-0.973953,0.0200993,2437.41,0
8.25148,20.0435,0.537835,-0.857251,0.0144671,2429.08,0
8.25797,20.0666,0.770902,-0.803763,0.0164625,2429.96,0
8.26452,20.1826,0.835723,-0.819988,0.0275446,2442.07,0
8.27105,20.2119,0.689109,-0.848994,0.0297905,2443.69,0
8.27757,20.2401,0.76279,-0.846575,0.0318129,2445.17,0
8.28407,20.237,0.754895,-0.873865,0.030865,2442.88,0
8.29058,20.3373,0.723409,-0.890151,0.0398882,2453.06,0
8.29708,20.2291,0.639359,-0.971203,0.0283036,2438.09,0
8.30362,20.5533,0.599245,-0.954016,0.0594689,2475.22,0
8.31017,20.3525,0.665394,-1.06937,0.0378437,2449.11,0
8.31667,20.5257,0.908154,-1.14539,0.0538186,2468.02,0
8.32312,20.5688,0.834196,-1.23459,0.0565571,2471.29,0
8.32966,20.6868,0.868933,-1.27117,0.0664435,2483.51,0
8.33613,20.542,0.941118,-1.21896,0.0502447,2464.21,0
8.34267,20.5809,0.936019,-1.20452,0.052461,2466.95,0
8.34915,20.5699,0.951344,-1.17429,0.0500228,2463.71,0
8.35565,20.6412,0.743204,-1.19897,0.0555117,2470.33,0
8.36217,20.7407,0.943357,-1.19459,0.0635848,2480.3,0
8.36864,20.7021,0.890453,-1.33827,0.0575032,2473.77,0
8.37514,20.7452,0.813408,-1.31069,0.0598988,2477,0
8.38163,20.8834,0.904373,-1.2343,0.0714377,2491.57,0
8.38815,20.9412,0.789856,-1.14553,0.0746607,2496.53,0
8.39465,20.8901,0.70847,-1.13517,0.067173,2488.5,0
8.40117,21.0135,0.716768,-1.26481,0.0768642,2501.25,0
8.40765,21.1174,0.814116,-1.31772,0.0842522,2511.69,0
8.41415,21.1109,0.830168,-1.35787,0.0806647,2508.97,0
8.42068,21.0417,0.94181,-1.25306,0.0707752,2498.81,0
8.42718,21.0068,1.0476,-1.3907,0.0649644,2492.74,0
8.43372,21.0146,0.988523,-1.49591,0.0636796,2491.73,0
8.44021,20.991,1.07386,-1.48764,0.0592385,2487.02,0
8.44674,21.0221,1.06297,-1.36214,0.0606043,2488.78,0
8.45327,21.0567,0.98683,-1.25902,0.0619089,2490.96,0
8.45975,21.101,1.13575,-1.32025,0.064469,2494.28,0
8.46626,21.1538,1.14871,-1.39053,0.0677138,2498.6,0
8.47275,21.2541,1.02584,-1.54192,0.0750577,2508.53,0
8.47929,21.1364,1.20615,-1.6154,0.0609157,2492.71,0
8.48575,21.067,1.18216,-1.61216,0.0522308,2482.63,0
8.49229,21.177,1.32704,-1.61141,0.0614538,2493.67,0
8.49876,21.2366,1.26375,-1.51434,0.0653535,2498.79,0
8.50528,21.2754,1.21485,-1.63433,0.066767,2501.44,0
8.5118,21.3137,1.17994,-1.66233,0.06838,2504.02,0
8.51827,21.3043,1.18801,-1.45324,0.0654072,2501.02,0
8.52478,21.1314,1.29915,-1.60393,0.0462708,2478.82,0
8.5313,21.1965,1.41368,-1.81504,0.051137,2484.56,0
8.5378,21.0762,1.42139,-2.07178,0.0378569,2468.57,0
8.54433,21.0811,1.48189,-1.98786,0.0376126,2467.26,0
8.55087,21.0768,1.32186,-2.05849,0.0363114,2464.87,0
8.55731,21.167,1.29866,-2.13663,0.0441841,2473.55,0
8.56381,21.1718,1.27328,-2.22064,0.0433548,2472.24,0
8.57036,21.1451,1.13974,-2.13156,0.0395995,2467.24,0
8.57686,21.0086,1.12641,-2.0559,0.0250415,2449.45,0
8.58336,21.0309,1.00448,-1.94167,0.0267291,2450.19,0
8.58985,20.9761,1.10241,-1.83284,0.0206949,2441.96,0
8.59639,21.0284,1.10719,-1.88591,0.0254702,2446.19,0
8.60286,20.9375,0.941137,-1.88437,0.0159776,2433.78,0
8.60938,20.9277,1.03963,-1.92805,0.0147358,2430.81,0
8.61585,20.851,1.08562,-2.03243,0.0068981,2420.08,0
8.62235,20.9102,1.15699,-2.14251,0.012651,2425.12,0
8.62882,20.8164,1.19117,-2.07595,0.00321288,2412.42,0
8.6353,20.8994,1.23874,-2.08048,0.0114337,2420.23,0
8.64182,20.9743,1.08544,-2.24032,0.018684,2427.07,0
8.64837,21.0319,0.968293,-2.2835,0.0240422,2431.89,0
8.65485,21.0463,0.946786,-2.20205,0.0250562,2431.74,0
8.66138,21.1884,0.960733,-2.24567,0.0385436,2446.3,0
8.66789,21.0162,1.06803,-2.20679,0.020653,2424.61,0
8.6744,21.0765,1.07904,-2.0552,0.0261893,2429.74,0
8.68086,21.1003,1.23374,-2.13929,0.027911,2430.67,0
8.68737,21.0867,1.26981,-2.15918,0.0259698,2427.28,0
8.69392,21.0541,1.1613,-2.04684,0.0223341,2421.7,0
8.70042,21.1378,1.0667,-1.94667,0.0302475,2429.51,0
8.70692,21.0733,1.14616,-1.95262,0.0232155,2420.29,0
8.71343,21.1107,1.07173,-1.93139,0.0264927,2422.77,0
8.71989,21.0866,1.10186,-1.79841,0.0236173,2418.21,0
8.7264,21.1796,1.17812,-1.79683,0.0322494,2427.07,0
8.73287,21.0709,1.18035,-1.89906,0.0207123,2412.83,0
8.73941,21.1649,1.26302,-1.9608,0.0296925,2421.78,0
8.7459,21.364,1.35577,-1.99156,0.048408,2442.74,0
8.75241,21.4289,1.14584,-2.0528,0.0534733,2448.35,0
8.75892,21.5319,1.11336,-2.23922,0.0618852,2458.28,0
8.76545,21.4545,1.13221,-2.29894,0.0522486,2447.62,0
8.77199,21.6508,1.16071,-2.27869,0.0700045,2468.17,0
8.77852,21.8751,1.29328,-2.10716,0.0896292,2491.89,0
8.78499,22.0504,1.19915,-2.35481,0.103022,2510.01,0
8.79147,22.0212,1.18766,-2.42192,0.0963645,2504.84,0
8.79795,22.045,1.02738,-2.44278,0.0946946,2505.69,0
8.80449,22.0932,0.933602,-2.45142,0.0953552,2509.31,0
8.811,22.0842,0.993478,-2.26853,0.0905144,2506.44,0
8.8175,22.104,0.957266,-2.11023,0.088945,2506.84,0
8.82401,22.1273,0.893253,-2.03805,0.0879566,2507.62,0
8.83049,22.2177,0.829655,-1.95047,0.0935762,2516.02,0
8.83704,22.3186,0.71217,-1.95247,0.099202,2525.57,0
8.84354,22.2571,0.760355,-1.9293,0.0892619,2516.77,0
8.85002,22.3256,0.725954,-1.78126,0.0918654,2522.66,0
8.85653,22.4017,0.948488,-1.8062,0.0956594,2529.4,0
8.86301,22.4021,0.964835,-1.73306,0.0915714,2527.59,0
8.86952,22.3957,0.805028,-1.65119,0.0874008,2525.02,0
8.87603,22.4174,0.781195,-1.65699,0.0864946,2525.61,0
8.8825,22.4799,0.830027,-1.63215,0.0889806,2530.81,0
8.889,22.5921,1.0479,-1.68567,0.0965384,2541.58,0
8.89551,22.7673,1.00361,-1.65222,0.110041,2559.42,0
8.902,22.676,0.903385,-1.6908,0.0966633,2547.29,0
8.90855,22.6902,0.606768,-1.53708,0.0941803,2547.01,0
8.91504,22.7807,0.761188,-1.55424,0.0993396,2555.31,0
8.92156,22.7768,0.794385,-1.43027,0.0942604,2553,0
8.92808,22.8659,0.860172,-1.40968,0.0993265,2561.12,0
8.9346,22.8426,0.821075,-1.25181,0.0933923,2556.64,0
8.94107,22.892,0.921094,-1.28966,0.0941856,2560.32,0
8.94754,23.1545,0.850691,-1.42682,0.115674,2587.8,0
8.95407,23.047,0.850332,-1.58556,0.100587,2573.91,0
8.96057,23.2005,0.75929,-1.29947,0.111389,2589.17,0
8.96709,23.1354,0.797923,-1.18872,0.100814,2580.03,0
8.9736,23.2458,0.685474,-1.21548,0.107732,2590.47,0
8.98011,23.2343,0.671492,-1.00328,0.102108,2587.31,0
8.98662,23.1047,0.75053,-0.925531,0.0857216,2571.02,0
8.99312,23.0987,0.881799,-0.918126,0.0819201,2568.49,0
8.99966,23.1139,0.839344,-0.973153,0.080761,2568.31,0
9.00614,23.1998,0.834518,-1.13065,0.0863252,2576,0
9.01262,23.1712,0.868033,-1.18092,0.0800716,2570.98,0
9.01914,23.1787,0.86335,-1.29797,0.0776025,2569.95,0
9.02564,23.0971,0.720381,-1.34378,0.0667832,2559.05,0
9.03216,23.0594,0.74435,-1.41774,0.0610084,2553.04,0
9.03868,22.8779,0.808824,-1.27027,0.0413529,2531.11,0
9.04521,22.936,0.793855,-1.10252,0.0460126,2535.71,0
9.05175,22.9624,0.693103,-1.10008,0.0474478,2536.79,0
9.05827,22.924,0.519824,-1.03771,0.0422846,2530.72,0
9.06476,22.9347,0.330706,-1.04095,0.0421009,2530.1,0
9.07128,22.8951,0.480077,-1.2244,0.0372132,2523.91,0
9.07778,22.8839,0.461638,-1.18766,0.0351059,2520.87,0
9.08431,22.8736,0.325698,-1.15331,0.0333972,2517.93,0
9.09082,22.9356,0.373259,-1.15249,0.0388687,2522.94,0
9.09731,23.0794,0.396682,-0.954931,0.0518211,2536.95,0
9.10383,23.1823,0.301084,-1.10799,0.0603807,2546.43,0
9.11035,23.1841,0.280575,-1.05621,0.0587232,2544.81,0
9.11682,23.1222,0.334035,-0.952722,0.0507721,2536.21,0
9.1233,23.267,0.2826,-0.895778,0.063415,2550.28,0
9.1298,23.2,0.319217,-0.921138,0.0550372,2541.13,0
9.13628,23.3008,0.0822499,-1.0072,0.0631644,2550.36,0
9.14279,23.3947,-0.0701863,-1.01872,0.0702747,2558.81,0
9.1493,23.4686,0.0563759,-1.13046,0.0748147,2565.07,0
9.1558,23.5761,0.177576,-1.10053,0.0826552,2574.99,0
9.16229,23.7776,0.225631,-0.962907,0.0993163,2595.16,0
9.16878,23.8052,0.195807,-0.890776,0.097696,2596.33,0
9.17531,23.9377,0.080356,-0.801231,0.106725,2608.92,0
9.1818,23.8596,0.034492,-0.637606,0.094486,2598.58,0
9.18828,23.8954,0.108418,-0.686471,0.0945092,2600.64,0
9.19478,23.8125,0.16002,-0.724945,0.0828935,2589.78,0
9.20135,24.0598,-0.0725842,-0.344105,0.103841,2614.81,0
9.20783,24.1315,-0.0145138,-0.186684,0.106648,2620.76,0
9.21432,24.2841,0.0513469,-0.148299,0.11726,2635.47,0
9.22086,24.1899,0.0733492,-0.0207742,0.103321,2623.38,0
9.22737,24.292,-0.112423,-0.0333749,0.109516,2632.6,0
9.23385,24.286,-0.19851,-0.15113,0.104311,2630.11,0
9.24037,24.1435,-0.151422,-0.0845867,0.0856944,2612.82,0
9.24687,24.1867,-0.0792563,0.00757299,0.0866255,2615.67,0
9.25337,24.2319,-0.0549593,-0.0371309,0.0878512,2618.71,0
9.25987,24.552,0.055501,-0.120559,0.115559,2651.44,0
9.26634,24.7075,0.0367837,-0.0542603,0.125677,2666.37,0
9.27284,24.7792,0.162588,-0.140301,0.126747,2672.24,0
9.27935,24.8498,0.207602,-0.141746,0.127104,2677.97,0
9.28585,24.574,0.15078,-0.0432592,0.0949986,2646.4,0
9.29238,24.6564,0.232086,-0.0590567,0.099362,2653.41,0
9.29886,24.8296,0.228687,0.10793,0.112548,2670.17,0
9.3054,24.7852,0.20437,0.0433463,0.104133,2663.53,0
9.31192,24.8032,0.366487,-0.0255123,0.101336,2663.6,0
9.31846,24.8453,0.111291,0.292112,0.101826,2666.25,0
9.32496,24.819,0.0522176,0.235112,0.0953654,2661.56,0
9.33146,24.852,-0.111195,0.0886836,0.094771,2663.25,0
9.33798,24.6589,-0.16922,-0.117636,0.0723569,2640.71,0
9.34452,24.6203,-0.437875,-0.0623472,0.066298,2634.74,0
9.35104,24.7346,-0.45735,-0.0927824,0.0750894,2645.12,0
9.35754,24.7205,-0.642163,-0.141441,0.0711405,2641.78,0
9.36405,24.8262,-0.561422,-0.251684,0.0791027,2651.22,0
9.37055,24.9184,-0.529806,-0.250096,0.0853714,2659.23,0
9.37708,25.1674,-0.36082,-0.218211,0.106355,2683.93,0
9.38363,25.1604,-0.40068,-0.287207,0.101429,2681.3,0
9.39016,25.2907,-0.378076,-0.186381,0.110095,2693.31,0
9.39667,25.2211,-0.258612,-0.0701567,0.0985185,2684.05,0
9.40318,25.0589,-0.5022,-0.064955,0.0789907,2664.94,0
9.4097,24.8704,-0.6546,-0.239096,0.0578224,2643.06,0
9.4162,24.8178,-0.710831,-0.129146,0.0508716,2635.65,0
9.4227,24.7947,-0.717954,-0.0751354,0.0471645,2631.38,0
9.42918,24.9516,-0.660364,-0.155781,0.0613566,2646.21,0
9.43568,25.13,-0.583938,-0.16837,0.0766467,2663.29,0
9.44217,25.2505,-0.43714,0.0366248,0.0851494,2674.22,0
9.4487,25.3778,-0.544616,-0.0490809,0.0945755,2685.86,0
9.45516,25.5191,-0.679529,0.202093,0.104446,2698.96,0
9.46166,25.3206,-0.804275,0.177956,0.0808623,2676.13,0
9.46816,25.3573,-0.738764,0.143974,0.0817661,2678.17,0
9.47469,25.4641,-0.789555,0.0536585,0.0894804,2687.6,0
9.4812,25.3521,-0.673808,-0.0711153,0.0750202,2673.93,0
9.48771,25.315,-0.630012,-0.198069,0.0686915,2668.19,0
9.49421,25.4623,-0.775906,-0.117685,0.0806929,2681.88,0
9.50071,25.5152,-0.678414,-0.147614,0.0830071,2685.61,0
9.50724,25.5759,-0.740046,-0.149834,0.0860879,2690.15,0
9.51379,25.4471,-0.633935,0.0642027,0.070168,2674.76,0
9.52029,25.4264,-0.584499,-0.0378493,0.0655446,2670.76,0
9.52678,25.2672,-0.538932,-0.0173441,0.0476759,2652.23,0
9.5333,25.2459,-0.448686,-0.013669,0.0441868,2648.18,0
9.53982,25.3791,-0.531142,0.0684906,0.0559996,2660.34,0
9.54636,25.4738,-0.612423,0.0406602,0.0634312,2668.43,0
9.55289,25.4813,-0.486323,0.0601791,0.062201,2667.39,0
9.55936,25.4038,-0.445089,0.279436,0.0524149,2657.48,0
9.56587,25.4138,-0.545083,0.188565,0.0518033,2656.72,0
9.57238,25.2499,-0.586664,0.116537,0.0343196,2637.79,0
9.57887,25.2261,-0.657174,0.0815207,0.0312604,2633.52,0
9.5854,25.2637,-0.591762,0.252596,0.0343538,2635.64,0
9.59193,25.2386,-0.537065,0.146012,0.0311034,2631.23,0
9.59843,25.2252,-0.447931,0.0661471,0.0291146,2628.06,0
9.60492,25.1828,-0.554771,0.127851,0.0241753,2621.86,0
9.6114,25.2289,-0.663271,0.144883,0.028233,2624.89,0
9.61794,25.317,-0.836187,0.0752274,0.0364084,2632.26,0
9.62446,25.2681,-0.806037,0.0155492,0.0306778,2625.41,0
9.63099,25.2484,-0.841841,0.196071,0.0281774,2621.57,0
9.63749,25.2048,-0.852313,0.259474,0.0233987,2615.29,0
9.64394,25.1741,-0.872609,0.243217,0.0198466,2610.36,0
9.65044,25.374,-0.867154,0.411558,0.03917,2629.31,0
9.65694,25.3979,-1.12526,0.354316,0.0405764,2630.01,0
9.66338,25.3918,-1.05131,0.399894,0.0390521,2627.63,0
9.66985,25.4422,-1.01508,0.367783,0.0430789,2631.09,0
9.67639,25.3073,-0.996265,0.454617,0.0287914,2615.36,0
9.68293,25.4845,-0.993569,0.475765,0.0455056,2631.9,0
9.68942,25.499,-1.01527,0.512993,0.0457034,2631.63,0
9.69595,25.3299,-1.06953,0.520911,0.0279297,2612.42,0
9.70243,25.2976,-1.02941,0.598236,0.0241934,2607.34,0
9.70898,25.2166,-0.924437,0.567408,0.0157642,2597.24,0
9.71547,25.2609,-0.818641,0.611887,0.0199542,2600.07,0
9.72205,25.16,-0.736334,0.625139,0.00966343,2587.93,0
9.72855,25.1356,-0.887875,0.711286,0.0070668,2583.7,0
9.73505,25.229,-0.883388,0.645294,0.0161452,2591.56,0
9.74157,25.3351,-0.925327,0.723348,0.0263843,2600.72,0
9.74808,25.3864,-0.932825,0.646372,0.0306485,2604.25,0
9.75458,25.2134,-0.967337,0.635914,0.0129441,2584.78,0
9.76105,25.2062,-0.882573,0.667994,0.0119966,2582.32,0
9.76757,25.2181,-0.744988,0.626665,0.013005,2581.82,0
9.77408,25.2762,-0.796502,0.72094,0.0185452,2586.05,0
9.78056,25.3272,-0.895118,0.607192,0.0231898,2589.55,0
9.7871,25.2383,-0.894752,0.596527,0.0139913,2578.73,0
9.79361,25.3112,-0.930535,0.58814,0.0209413,2584.45,0
9.80011,25.4066,-0.955653,0.700272,0.0297999,2592.48,0
9.80662,25.45,-1.01366,0.601096,0.0334254,2595.18,0
9.81313,25.5188,-1.12054,0.611802,0.0393876,2600.47,0
9.81961,25.4438,-1.27465,0.575383,0.0310413,2591.12,0
9.82613,25.4588,-1.36412,0.51775,0.0318275,2590.93,0
9.83264,25.2959,-1.42775,0.65987,0.0150603,2572.65,0
9.83918,25.2072,-1.50948,0.602086,0.00611166,2561.92,0
9.84569,25.2574,-1.4559,0.622685,0.0109501,2565.32,0
9.85218,25.2697,-1.55788,0.603922,0.0119942,2564.88,0
9.85868,25.3589,-1.54258,0.504417,0.0206241,2572.24,0
9.86516,25.3014,-1.42187,0.41456,0.0145975,2564.72,0
9.87168,25.3683,-1.29029,0.49532,0.0210163,2569.81,0
9.87822,25.38,-1.28458,0.338423,0.0217316,2569.28,0
9.88469,25.4256,-1.27643,0.413731,0.0258647,2572.22,0
9.89118,25.4229,-1.3201,0.265421,0.025158,2570.26,0
9.8977,25.5516,-1.39384,0.250977,0.0371818,2581.57,0
9.90417,25.6274,-1.38959,0.299899,0.043814,2587.54,0
9.91062,25.872,-1.4016,0.232,0.0664886,2610.53,0
9.91714,25.9032,-1.41574,0.271925,0.067712,2611.97,0
9.92364,25.9666,-1.15825,0.155105,0.071547,2616.64,0
9.93016,25.8922,-1.28766,0.101987,0.061701,2607.43,0
9.93668,26.0121,-1.04407,0.382774,0.0715347,2617.79,0
9.94315,25.9416,-1.06355,0.582324,0.0622993,2608.99,0
9.94968,26.0285,-1.2024,0.616265,0.0685893,2616.02,0
9.95619,25.864,-1.31445,0.739678,0.0503554,2597.77,0
9.9627,26.1604,-1.18608,0.886909,0.0779538,2625.84,0
9.96927,26.0048,-1.27265,0.81547,0.0603636,2608.5,0
9.97582,26.2285,-1.1373,0.711141,0.0802745,2629.21,0
9.98234,26.3878,-1.27163,0.665635,0.0928663,2643.45,0
9.98885,26.0182,-1.17767,0.45187,0.0531193,2604.72,0
9.99536,25.9049,-1.19395,0.404959,0.0405274,2591.69,0
10,26.0071,-1.19975,0.399776,0.0498431,2600.71,0
