1.36373,3625.87,-8.33296,1.69548,3.65074,-17693.5,0
2.72974,3622.39,-18.6657,30.5452,3.40142,-10114.9,0
4.08533,3629.72,-5.82749,-14.701,2.30977,-4963.53,0
5.46197,3635.27,-27.5247,5.8163,1.16119,-2697.55,0
6.83448,3604.82,-24.2453,4.64249,5.16421,-6610.54,0
8.20475,3596.79,-56.3271,-5.61273,4.90532,-6485.25,0
9.56047,3564.78,-76.9926,-4.73999,7.65195,-8914.03,0
10.9298,3542.57,-85.5749,-17.7074,7.99318,-9828.7,0
12.2977,3549.78,-44.7245,-24.5452,7.58073,-8149.11,0
13.667,3552.89,-67.5602,-40.8521,3.76688,-7105.17,0
15.0425,3536.19,-104.578,-60.3162,2.8488,-7566.22,0
16.3984,3528.43,-104.003,-40.7377,4.31563,-7413.49,0
17.7728,3493.79,-93.2245,-54.4299,10.78,-8789.37,0
19.1342,3478.7,-60.5222,-43.2592,8.32895,-8952.63,0
20.4869,3489.79,-54.267,-18.162,7.2039,-7819.92,0
21.8484,3504.11,-55.311,-24.8633,0.590989,-6677.51,0
23.2141,3473.94,-60.243,-47.1548,4.3896,-7584.16,0
24.5731,3482.51,-20.9155,-54.0272,5.82215,-6815.96,0
25.9373,3471.2,-16.0383,-29.5978,8.98652,-6893.63,0
27.3067,3463.95,-19.6538,-23.3559,0.265978,-6813.37,0
27.9587,3449.92,-10.8065,-7.41413,5.18477,-7156.29,0
