1.37141,3609.56,26.2835,-10.3995,5.78983,-29487.4,0
2.73888,3587.04,38.4783,20.1063,7.76712,-22987.8,0
4.11215,3601.97,67.6757,-8.46874,3.4415,-11679.3,0
5.48164,3595.44,89.8647,-26.8145,3.15436,-9952.75,0
6.83851,3589.84,134.457,-7.08754,1.84859,-8796.91,0
8.21324,3572.61,103.485,-28.8954,5.67642,-9422.53,0
9.56707,3568.76,81.0554,-16.9091,6.0694,-8491.17,0
10.9438,3562.99,48.9576,35.8944,7.2545,-7950.16,0
12.3198,3548.78,53.8109,42.3081,6.95001,-8215.84,0
13.6897,3551.46,52.5054,53.0528,4.52333,-7197.86,0
15.0547,3558.17,52.1722,47.9032,2.89255,-6099.72,0
16.4206,3536.67,79.3911,75.1426,3.85856,-6901.68,0
17.7903,3511.79,99.8834,110.225,4.18742,-7768.9,0
19.1476,3489.74,101.697,125.172,5.30211,-8369.62,0
20.5046,3465.69,119.108,113.475,8.43279,-8988.79,0
21.8739,3478.07,121.212,103.639,5.9015,-7860.17,0
23.2447,3504.13,73.9997,118.162,3.09512,-6275.26,0
24.6113,3465.47,64.8761,153.534,6.45428,-7497.79,0
25.9692,3457.82,64.4722,163.838,5.27409,-7400.35,0
26.5911,3449.89,56.4237,161.205,7.3871,-7525.57,0
