1.35393,3606.36,-29.2801,8.16452,6.78645,-32233.6,0
2.70586,3617.34,-31.6835,21.6412,2.65432,-12069.4,0
4.0552,3613.97,-32.4798,2.72023,3.09726,-8885.58,0
5.42236,3585.48,-42.3182,6.51447,7.07122,-11898,0
6.78502,3600.16,-20.3276,-17.1054,4.06943,-7345.97,0
8.15468,3604.25,-28.28,21.6948,2.6084,-5609.99,0
9.51856,3600.19,4.94264,17.033,3.48642,-5233.38,0
10.8813,3593.27,2.4407,9.87242,4.67031,-5213.33,0
12.2349,3597.21,33.3268,-27.261,2.72355,-4314.98,0
13.5903,3569.56,62.4392,-32.096,6.34417,-5918.76,0
14.9603,3562.22,58.215,-9.42087,6.93632,-5867.55,0
16.3245,3557.43,68.2101,-17.8123,6.11728,-5670.88,0
17.6966,3554.46,65.7863,-3.49691,5.39254,-5398.94,0
19.042,3556.17,49.0737,21.1924,5.27013,-4927.5,0
20.4071,3541.64,49.8368,91.2617,3.7456,-5309.7,0
21.7914,3522.92,63.8235,112.764,3.77985,-5831.72,0
23.1593,3506.07,103.345,132.672,2.0889,-6214.92,0
24.5295,3502.64,123.233,123.274,1.86952,-6007.56,0
25.9043,3480.45,127.883,130.488,5.02903,-6545.26,0
27.2625,3485.73,98.6482,123.87,6.98924,-6025.63,0
28.6376,3516.53,88.4892,116.083,0.447331,-4660.65,0
30.0128,3483.09,80.7328,110.313,6.85105,-5561.31,0
31.3862,3482.65,78.5385,116.746,5.34424,-5331.95,0
32.7528,3485.88,76.5068,123.543,3.47978,-5010.87,0
34.1323,3468.56,68.0596,105.586,9.87609,-5315.7,0
35.488,3463.94,82.1095,125.1,4.44603,-5242.79,0
35.6876,3450.23,81.2672,107.958,10.1861,-5597.62,0
