1.36893,3611.67,71.4561,25.3112,5.012,-27998.3,0
2.71589,3606.14,40.4718,8.49871,5.86144,-16150.6,0
4.10038,3611.48,48.768,-1.12261,4.11883,-9394.79,0
5.47432,3613.57,45.3849,4.73416,3.46501,-6654.61,0
6.84155,3596.56,18.5918,-1.2571,6.29357,-7810.89,0
8.21383,3601.12,80.9383,18.9106,2.78042,-5951,0
9.57262,3586.5,76.5752,7.21865,4.61915,-6633.84,0
10.9464,3565.66,51.7983,-6.29364,8.21784,-7705.14,0
12.3168,3570.25,62.166,-27.4351,5.07068,-6475.09,0
13.6711,3558.98,65.9784,-12.1342,5.92014,-6657.68,0
15.0423,3542.07,75.0576,-26.6162,6.99333,-7175.42,0
16.408,3554.21,35.0966,-22.5981,4.51972,-5837.99,0
17.7713,3531.8,17.4494,14.9438,11.0982,-6651.31,0
19.145,3499.28,8.58603,-21.8294,4.06331,-7872.45,0
20.1423,3493.15,-1.03084,0.815014,1.95889,-7787.26,1
