1.36353,3610.68,36.108,20.74,5.17835,-28834.4,0
2.72493,3609.21,18.7205,31.7282,4.71509,-14969.6,0
4.08666,3619.59,-18.6751,27.5906,2.77934,-7440.08,0
5.44758,3625.44,-0.336016,-33.1063,1.69233,-4509.26,0
6.81532,3586.42,5.947,-16.2151,7.99918,-9329.64,0
8.18073,3595.46,20.2069,6.145,4.42846,-6666.34,0
9.5604,3563.27,4.06499,-10.7842,9.74941,-9072.06,0
10.9409,3583.04,18.6392,-23.5102,2.81266,-6120.26,0
12.3064,3573.28,-2.21706,-17.7328,4.99953,-6234.47,0
13.6822,3554.58,-10.1465,1.68461,9.29959,-6973.74,0
15.0503,3530.18,-10.8648,-10.3374,5.09579,-7961.47,0
16.4184,3527.66,-8.30912,-14.5156,4.70128,-7451.33,0
17.7958,3503.58,-35.0392,-2.68813,10.3603,-8227.58,0
19.1615,3496.09,-27.9004,3.75901,3.99037,-8032.12,0
20.5237,3481.02,-40.8184,-9.8603,3.47122,-8233.45,0
21.6933,3450,-15.4723,-11.0529,12.3963,-9219.61,0
