1.359,3641.94,-4.96995,-50.9441,0.663733,-5933.59,0
2.73369,3621.02,-25.0178,-18.7783,4.12789,-10599.6,0
4.1065,3606.61,-18.4608,-72.2509,5.10355,-10567,0
5.47467,3617.08,0.210665,-36.5671,4.01893,-6013.1,0
6.84029,3584.19,-17.5216,-33.4306,8.65559,-9620.23,0
8.20525,3585.72,-15.4838,-47.2854,6.01375,-7833.87,0
9.58589,3556.41,-25.6036,-23.5064,9.72816,-9763.21,0
10.944,3570,-48.6799,-13.484,3.4242,-7309.86,0
12.3081,3565.26,-67.2567,-25.3235,2.62411,-6884.81,0
13.6711,3573.84,-72.4458,-14.5261,0.205909,-5570.82,0
15.0256,3549.48,-101.739,-52.1857,1.69122,-6689.74,0
16.3718,3516.98,-88.5975,-34.0719,8.81173,-8124.66,0
17.7293,3513,-70.0914,-31.6237,8.92861,-7727.49,0
19.1008,3475.88,-67.1129,-17.4467,7.26785,-9116.02,0
20.0844,3449.98,-63.9605,-21.0863,1.58839,-9959.02,0
