1.36852,3632.12,36.6899,9.99542,2.50771,-13068.1,0
2.74832,3622.39,10.6595,-8.52012,3.99637,-10047.7,0
4.11655,3609.6,11.3887,0.713297,5.37994,-9814.93,0
5.49239,3629.02,18.8557,-20.8872,1.1298,-3820.36,0
6.86064,3627.43,46.8073,5.16895,0.996409,-3289.87,0
8.22453,3625.97,49.7701,25.2254,0.938712,-2921.81,0
9.58985,3620.43,37.5682,7.27243,1.84465,-3083.52,0
10.952,3590.04,36.4499,15.9959,6.7613,-5474.48,0
12.3128,3596.55,35.1166,27.3421,4.28666,-4340.98,0
13.668,3597.72,27.5279,-5.64807,3.95411,-3824.71,0
15.029,3566.9,66.8708,-13.0756,7.39519,-5529.38,0
16.3976,3575.59,88.9878,-20.612,3.22912,-4537.99,0
17.7578,3571.18,67.2542,-27.7136,4.47269,-4438.35,0
19.1321,3572.54,60.9884,-75.5153,2.23827,-4048.75,0
20.4929,3543.77,66.9392,-88.7597,4.96512,-5183.89,0
21.8634,3534.33,82.2677,-92.8188,4.8868,-5290.72,0
23.2306,3537.05,99.3992,-106.864,1.88425,-4862.01,0
24.5888,3533.71,121.502,-92.0197,0.523921,-4729.33,0
25.9502,3521.56,132.647,-83.9373,1.45304,-4949.64,0
27.3101,3539.06,95.1085,-46.7788,3.15516,-4062.22,0
28.6906,3540.55,81.0789,-57.3978,2.98062,-3814.97,0
30.0557,3544.72,72.5315,-46.9776,3.10864,-3502.91,0
31.4224,3563.11,62.0902,-27.4501,0.667526,-2765.18,0
32.7967,3546.5,66.9645,-0.497061,4.02425,-3155.68,0
34.1569,3546.24,53.0559,4.07018,5.09353,-3037.78,0
35.5269,3552.71,53.2153,14.776,2.03303,-2738.41,0
36.9049,3551.14,38.3212,5.6537,3.16555,-2678.89,0
38.2734,3549.68,8.12176,24.2185,4.04674,-2621.13,0
39.6523,3540.38,-15.6358,50.5465,3.03534,-2764.57,0
41.0214,3524.32,53.128,24.8272,5.81478,-3063.76,0
42.393,3507.38,66.9268,25.1106,7.70574,-3364.25,0
43.7633,3476.93,66.6946,34.1092,2.56087,-3954.65,0
45.1298,3486.36,22.7405,45.451,6.28571,-3626.08,0
46.5018,3467.61,-6.07835,41.6912,4.37032,-3922.24,0
46.9283,3449.91,-18.1897,45.8905,6.0392,-4263.79,0
