1.36315,3606.09,-61.544,11.6692,6.28644,-32214.8,0
2.73637,3606.94,-50.3804,38.3849,4.56377,-15735.7,0
4.09422,3621.99,-24.929,72.6343,1.0177,-6841.16,0
5.47141,3577.54,-17.5364,116.051,5.06614,-13243.7,0
6.83735,3544.01,-6.9232,105.062,8.91066,-15501.7,0
8.20212,3554.47,-24.5296,97.3998,5.2784,-11646.9,0
9.58167,3568.91,-35.4689,65.3139,3.69082,-8462.77,0
10.9388,3567.78,-53.4375,69.9269,2.83405,-7515.9,0
12.3205,3582.52,-58.8781,52.1352,0.603854,-5476.93,0
13.6844,3556.52,-52.0336,62.2016,3.84349,-6831.2,0
15.0484,3550.22,-49.3284,71.4509,4.09207,-6630.36,0
16.4206,3507.35,-57.6158,90.4646,7.28598,-8687.38,0
17.7888,3491.97,-85.3277,109.821,4.9686,-8883.95,0
19.0037,3449.99,-86.4075,72.2157,4.94767,-10524.9,0
