1.37374,3621.67,-41.577,7.83552,3.71808,-20623.9,0
2.73229,3606.57,-52.4513,-8.63272,4.78816,-15894.7,0
4.10308,3616.58,-43.1558,-15.5518,2.32765,-8144.41,0
5.47088,3618.35,-0.573074,-17.8092,2.36157,-5785.12,0
6.83466,3610.65,-22.3147,-48.8938,2.87786,-5757.78,0
8.19103,3592.01,-19.7514,-18.7822,6.78977,-7079.92,0
9.55762,3612.08,-6.16129,-19.1609,2.41941,-3967.03,0
10.9352,3583.38,10.4547,21.6783,7.29023,-6092.31,0
12.2922,3572.73,31.6119,26.3162,7.56704,-6286,0
13.65,3581.21,8.68198,39.0846,5.11554,-5039.83,0
15.0086,3582.61,19.9757,6.77602,4.68675,-4490.31,0
16.368,3588.04,56.872,10.3272,1.02654,-3785.63,0
17.7371,3585.39,81.558,18.9484,0.195528,-3642.92,0
19.099,3552.2,102.616,57.2012,3.30893,-5120.9,0
20.4617,3548.59,76.5226,38.42,6.02872,-4956.32,0
21.8298,3559.53,72.8767,19.2547,3.92197,-4144.24,0
23.2001,3563.26,65.7401,13.2209,3.20807,-3738.9,0
24.5637,3543.51,46.9287,38.8732,7.91614,-4335.23,0
25.9298,3528.99,53.5142,68.9727,6.74476,-4667,0
27.3008,3520.57,47.5442,78.7448,5.49183,-4740.86,0
28.6686,3495.06,106.423,108.059,2.19381,-5404.62,0
30.0419,3476.17,131.487,114.969,1.94501,-5786.37,0
31.4168,3483.22,141.508,83.0833,2.04457,-5308.48,0
32.7885,3501.76,117.416,85.7081,0.965836,-4521.12,0
34.1365,3494.44,105.765,89.6504,3.0694,-4557.13,0
35.5129,3478.46,122.361,83.126,4.3182,-4830.26,0
36.8807,3462.39,106.397,104.602,6.35999,-5087.02,0
38.2387,3481.97,108.955,58.4385,6.14542,-4394.17,0
39.6065,3487.34,98.766,52.3284,5.76931,-4106.98,0
40.9735,3479.31,115.743,56.3646,3.39242,-4165.8,0
42.3312,3454.22,124.555,50.4303,7.77675,-4624.87,0
43.6976,3462.22,134.738,56.5554,3.30492,-4297.22,0
45.0704,3466.48,109.586,61.0968,5.67153,-4071.89,0
45.665,3449.99,122.235,26.2454,9.15419,-4379.91,0
