1.3722,3624.56,-98.4078,-86.288,2.18225,-18540.7,0
2.73893,3595.68,-83.1514,-91.3988,6.25344,-19832.3,0
4.10736,3562.96,-102.295,-108.946,8.49085,-21191.8,0
5.47642,3530.75,-108.595,-115.636,10.8696,-21774.3,0
6.84192,3499.41,-89.1437,-107.88,4.4095,-22009.9,0
8.21414,3507.96,-83.6393,-132.922,0.227757,-17292.7,0
9.56843,3494.51,-66.7841,-128.829,4.6576,-16250.4,0
10.9255,3488.99,-56.0024,-128.668,5.57,-14737.4,0
12.2824,3472.5,-57.1817,-162.62,2.71545,-14451.4,0
13.6325,3499.83,-49.5941,-136.893,1.38415,-11015.4,0
14.9931,3482.81,-75.0078,-130.013,3.45092,-11150.8,0
16.3594,3454.06,-87.2154,-158.971,3.51516,-11977.3,0
16.4277,3449.87,-82.2793,-157.175,5.25836,-12182.6,0
