1.36438,3626.73,45.71,-27.8555,3.17439,-17058.2,0
2.72991,3631.86,60.7522,-2.65699,2.12818,-6643.79,0
4.0997,3618.25,91.1506,42.4426,2.8289,-7744.13,0
5.46546,3581.88,94.2613,62.3262,6.65307,-12463.1,0
6.82905,3576.64,96.7352,50.857,6.52272,-10742.9,0
8.19303,3558.42,90.9181,22.3298,8.32783,-11178.2,0
9.56682,3559.86,84.1311,17.5413,6.95132,-9422.63,0
10.9245,3550.51,86.2079,29.3523,6.80835,-9106.92,0
12.2919,3545.88,54.1862,48.892,6.81031,-8470.5,0
13.6666,3539.22,55.1806,39.5693,6.30239,-8105.73,0
15.0376,3561.47,38.3603,60.2531,0.563398,-5887.43,0
16.4154,3547.28,58.8135,72.9577,1.36292,-6257.58,0
17.7913,3526.38,65.7935,92.4529,3.29293,-6948.22,0
19.1638,3506.67,83.6434,76.9026,6.97142,-7479,0
20.5366,3512.34,108.335,66.1949,2.51577,-6703.19,0
21.8946,3495.22,133.943,85.0323,1.18249,-7069.23,0
23.2605,3478.47,135.685,70.9192,4.91965,-7374.2,0
24.6354,3469.52,142.027,82.3941,4.47947,-7325.93,0
25.4552,3449.99,132.663,117.95,5.41788,-7857.39,0
