1.37753,3647.44,-10.4735,-12.3624,0.763917,-1856.05,0
2.74064,3607.47,-7.96457,-14.0669,6.44713,-15519.5,0
4.10298,3618.99,14.3953,21.7467,3.47819,-7558.33,0
5.47401,3577.45,18.1695,42.973,8.01868,-13253.2,0
6.83737,3551.72,18.856,57.535,9.46527,-14373.2,0
8.1912,3545.42,4.59492,66.2243,7.13879,-12767.4,0
9.56486,3557.73,6.69897,70.7319,3.20435,-9646.53,0
10.9254,3547.13,61.36,86.8983,2.14303,-9415.33,0
12.2854,3519.32,103.503,107.294,2.78245,-10637.2,0
13.6457,3534.6,60.8019,115.976,1.59245,-8456.76,0
15.0191,3506.61,66.4356,126.128,5.01384,-9547.1,0
16.3882,3483.57,63.0379,108.936,10.5301,-10155.3,0
17.7572,3514.94,62.4423,85.3356,3.81476,-7605.89,0
19.1113,3514.33,59.5069,92.1119,2.72892,-7099.01,0
20.4919,3499.91,59.8664,74.8273,6.70731,-7324.3,0
21.8562,3500.94,56.0376,108.787,1.8761,-6820.09,0
23.2217,3502.2,43.6981,61.5033,8.1808,-6364.65,0
24.6071,3491.31,34.9469,69.0057,7.53298,-6449.02,0
25.9705,3517.61,26.2263,50.9894,1.67598,-5097.66,0
27.3295,3507.47,6.63015,50.2799,5.73891,-5215.28,0
28.6924,3472.49,12.3333,27.4957,2.27441,-6186.48,0
29.0051,3449.9,9.16615,13.4496,3.33683,-6898.62,0
