1.35715,3616.55,-17.1896,-44.4073,3.08648,-24647.5,0
2.72811,3603.48,22.3079,-63.3609,3.71983,-17052.8,0
4.09158,3607.82,0.0630713,-93.7624,2.52176,-10309.6,0
5.45096,3583.52,-26.9683,-116.476,4.02452,-12196,0
6.81242,3588.48,-15.2961,-132.096,2.91896,-9030.9,0
8.18709,3599.92,-4.21994,-160.868,0.869593,-6117.02,0
9.53587,3574.43,-31.0798,-164.787,2.94097,-7924.75,0
10.8974,3555.47,-59.9763,-160.621,4.57609,-8674.42,0
12.2596,3540.95,-80.3319,-142.767,5.6258,-8894.93,0
13.6348,3526.01,-74.1157,-156.671,5.28619,-9093.73,0
15.0102,3519.23,-69.4366,-147.337,5.786,-8712.29,0
16.3725,3528.37,-102.341,-122.894,4.25618,-7429.19,0
17.7281,3532.11,-146.864,-123.835,0.880256,-6650,0
19.0898,3475.06,-168.358,-137.267,5.77807,-9164.33,0
20.451,3498,-173.222,-118.994,2.75532,-7432.63,0
21.8192,3464.62,-186.599,-179.139,1.99419,-8496.04,0
23.1614,3449.98,-193.624,-144.984,5.48992,-8635.72,0
