1.37182,3636.41,7.31446,-62.8414,0.939577,-9908.97,0
2.73215,3615.64,12.6151,-45.8777,2.95557,-12576.3,0
4.09792,3591.06,-21.6825,-60.38,4.71804,-14382,0
5.46873,3585.08,-32.874,-52.839,4.56123,-11870.7,0
6.83718,3614.61,-6.76803,-59.633,1.57007,-5176.34,0
8.21058,3604.09,-9.26404,-42.8747,2.71569,-5591.88,0
9.56537,3590.2,10.7364,-28.5228,4.19113,-6252.23,0
10.9245,3595.15,-13.5612,-17.4343,3.36092,-5021.15,0
12.2864,3557.19,-26.8063,-35.9499,6.55013,-7553.67,0
13.6515,3593.95,-43.0643,-8.65646,1.66971,-4105.6,0
15.014,3587.92,-73.8822,-12.5693,1.40386,-4134.75,0
16.3869,3571.16,-84.5908,-54.7612,1.8441,-4811.43,0
17.7507,3560.02,-64.511,-39.6306,3.68329,-5069.1,0
19.1128,3572.78,-15.0434,-1.29017,3.79407,-4040.21,0
20.483,3559.84,6.62727,-5.90226,4.95803,-4401.89,0
21.8412,3583.85,7.88067,-8.68033,1.22972,-3028.78,0
23.2072,3580.89,38.9645,-2.84366,1.17646,-2977.83,0
24.58,3549.25,44.937,19.425,4.86586,-4098.95,0
25.9476,3526.47,37.015,11.6523,6.31839,-4760.93,0
27.321,3524.47,35.8393,3.52684,5.03874,-4594.71,0
28.6955,3491.94,9.67237,5.008,11.3527,-5508.2,0
28.8944,3487.09,2.50079,0.0673817,4.80071,-5638.02,0
