1.35376,3604.16,67.312,-79.2621,3.49785,-33863.6,0
2.73393,3572.03,84.8084,-100.769,5.19029,-28520.1,0
4.10852,3604.27,55.7741,-118.548,1.85427,-11131.6,0
5.47292,3598.98,41.3266,-117.673,2.14496,-9321.36,0
6.83317,3605.98,65.4931,-99.8339,1.58699,-6441.63,0
8.18662,3582.74,104.918,-100.089,2.87495,-8216.13,0
9.54853,3541.27,103.625,-88.1142,6.03337,-11387.2,0
10.919,3545.72,106.176,-98.7097,4.38993,-9550.47,0
12.2747,3550.6,125.153,-137.28,1.48254,-8097.71,0
13.628,3531.32,114.114,-187.815,1.91351,-8708.76,0
14.997,3550.83,121.564,-149.377,1.1933,-6612.49,0
16.3684,3523.96,141.439,-119.683,4.07873,-7700.37,0
17.7233,3555.36,100.702,-134.957,1.4282,-5340.06,0
19.0981,3540.44,147.818,-111.776,2.1358,-5736.68,0
20.4715,3562.22,132.404,-74.7979,1.41429,-4288.13,0
21.8369,3536.47,102.131,-67.036,5.26735,-5199.21,0
23.2046,3567.57,82.8439,-65.4101,2.4372,-3552.1,0
24.5774,3551.87,80.0773,-68.3703,3.92716,-3992.72,0
25.9456,3584.01,69.235,-2.89388,1.79646,-2543.27,0
27.3049,3572.89,24.6736,-12.5217,4.13198,-2824.07,0
28.6826,3576.24,36.1115,-47.4749,2.64442,-2571.47,0
30.0561,3575.61,-5.29247,-60.4142,2.52733,-2474.93,0
31.4235,3556.75,35.95,-85.8241,3.22153,-2967.54,0
32.793,3548.13,21.3157,-54.2882,5.44673,-3106.55,0
34.1436,3556.43,25.9895,-6.18688,4.96239,-2740.35,0
35.5018,3513.6,29.9,-12.8219,11.2006,-3842.11,0
36.8854,3544.11,29.541,-7.23861,3.01195,-2870.83,0
38.241,3501.03,15.0317,10.1259,4.25315,-3895.65,0
39.6102,3467.47,14.0088,20.1966,0.880305,-4608.09,0
40.7104,3449.96,2.62302,11.5094,5.14116,-4913.62,0
