1.37051,3624.35,-90.372,-13.0157,1.98349,-18714.3,0
2.74265,3645.68,-51.0052,-38.856,0.683357,-1575.02,0
4.10472,3646.56,-67.3857,-41.375,0.376688,-837.378,0
5.47077,3620.54,-39.7065,-54.5636,2.63574,-5385.75,0
6.84049,3571.92,-40.979,-60.3925,6.37082,-11413.8,0
8.1966,3599.27,-15.5496,-70.0266,2.58881,-6189.66,0
9.56476,3615.77,-31.0819,-64.7605,1.02644,-3578.68,0
10.9235,3618.02,-69.0991,-48.4469,0.525404,-2927.53,0
12.2888,3595.26,-33.3354,-20.1515,3.4971,-4454.86,0
13.6388,3586.24,-56.907,-35.2927,3.26953,-4675.08,0
15.0089,3597.61,-6.46815,-71.0263,1.90702,-3490.69,0
16.388,3577.78,20.5029,-46.5451,4.41297,-4406.63,0
17.7571,3596.64,18.0684,-37.7152,1.92552,-3005.23,0
19.1332,3602.4,1.65456,-10.8467,1.56199,-2487.59,0
20.4897,3592.13,-14.5554,-4.98332,2.40108,-2824.35,0
21.8787,3583.82,17.1492,22.8979,3.17053,-3024.67,0
23.2338,3604.54,25.0693,7.99402,0.752578,-1956.75,0
24.5837,3603.72,-18.0932,-26.306,0.754903,-1882.51,0
25.9529,3584.79,-41.0841,-15.0495,2.60039,-2512.82,0
27.3187,3555.05,2.90576,10.8415,6.92931,-3475.67,0
28.6972,3562.72,-61.1401,3.83005,3.04147,-3041.45,0
30.0584,3561.71,-45.178,5.59309,3.57053,-2937.16,0
31.4303,3571.99,-59.541,-58.0708,0.877101,-2481.97,0
32.7876,3559.88,-67.6399,-54.8599,1.98723,-2748.68,0
34.1441,3528.9,-78.0394,-105.631,3.25483,-3546.74,0
35.5082,3528.08,-49.263,-108.152,3.86921,-3433.56,0
36.8614,3538.77,-53.7473,-87.2264,3.43241,-3017.6,0
38.2285,3531.21,-54.6961,-82.7527,3.5994,-3107.48,0
39.5996,3537.35,-27.846,-65.4579,4.22197,-2844.65,0
40.9806,3550.97,-23.2087,-87.2156,1.2072,-2416.41,0
42.3438,3536.92,-5.44233,-80.7287,3.17323,-2670.5,0
43.7229,3517.39,-8.51236,-78.6784,5.69382,-3032.92,0
45.0925,3504.44,5.18842,-51.6017,8.56929,-3227.92,0
46.448,3512.15,3.819,-0.788968,0.779419,-2967.78,0
46.5525,3498.96,0.031559,0.18486,5.99076,-3244.52,0
