1.3717,3609.16,-67.2362,-6.68188,3.63299,-29774.8,0
2.72799,3583.98,-69.9785,5.28934,5.372,-24200.6,0
4.10467,3601.14,-89.7538,18.2446,2.41884,-11903.3,0
5.48046,3603.1,-101.471,-22.714,1.74159,-8557.51,0
6.85202,3592.38,-73.9898,-59.2555,2.82004,-8409.64,0
8.20555,3592.3,-49.4783,-79.7478,2.69873,-7032.28,0
9.56393,3589.08,-92.1412,-75.0179,2.12938,-6369.91,0
10.9154,3537.05,-122.144,-82.1351,5.86489,-10348.2,0
12.2726,3509.7,-138.429,-74.6788,6.86959,-11432.3,0
13.6367,3474.46,-136.352,-61.5324,8.84313,-12872.9,0
14.9996,3478.25,-118.631,-74.204,7.33966,-11450,0
16.3617,3476.83,-126.852,-88.2617,5.20835,-10583.6,0
17.7415,3462.54,-106.492,-114.261,5.95965,-10566.3,0
18.6529,3449.73,-106.267,-119.085,6.01484,-10736.4,0
