1.36986,3634.97,29.9107,-85.8062,0.795132,-10974.8,0
2.7466,3579.75,24.2204,-108.98,4.69208,-25578.3,0
4.12028,3569.35,36.2732,-121.435,4.61181,-19575,0
5.48931,3578.82,55.4955,-126.179,2.92483,-12966.6,0
6.84899,3553.32,24.7011,-133.566,4.76969,-14115.6,0
8.21795,3589.47,32.1317,-121.686,1.14908,-7365.91,0
9.58639,3577.55,18.2556,-44.5113,4.59651,-7557.62,0
10.9475,3602.23,47.7175,-40.0863,1.44363,-4363.6,0
12.311,3574.04,10.1224,-53.8398,4.44945,-6169.78,0
13.6862,3560.02,23.6193,-36.0407,5.58136,-6574.17,0
15.0378,3555.53,14.1614,-37.8283,5.25907,-6281.95,0
16.3978,3561.12,4.0761,-45.5525,3.65355,-5420.44,0
17.7576,3580.07,9.58263,-44.7013,1.08688,-3937.87,0
19.1437,3571.68,-12.7957,-51.179,1.85232,-4091.21,0
20.5247,3545.65,-15.6488,-8.73597,6.86369,-5083.96,0
21.8859,3526.46,0.585975,-31.7544,8.40333,-5644.65,0
23.2605,3516.35,44.7415,-54.8881,4.86716,-5745.68,0
24.6197,3479.2,45.1381,-37.8841,10.2103,-6937.34,0
25.9816,3497.75,34.3371,-38.5008,5.75161,-5859.86,0
27.3502,3486.88,38.7981,-33.1057,6.69171,-5964.13,0
28.7125,3490.77,28.7589,-58.9097,2.96557,-5545.62,0
30.0839,3478.58,20.8265,-50.3888,5.82169,-5698.06,0
31.4466,3484.55,28.5406,-53.9499,3.05058,-5261.21,0
32.8186,3486.63,5.99722,-29.3874,9.41888,-4977.86,0
34.18,3477.43,-20.6218,-6.68835,2.15845,-5048.89,0
34.8536,3449.88,-33.2339,0.857466,2.8311,-5741.78,0
