1.34481,3644.24,16.0258,-8.95192,0.645241,-4280.88,0
2.72848,3631.46,-26.6663,18.0315,1.6597,-6794.7,0
4.091,3596.97,-53.7181,22.9343,4.46922,-12962.6,0
5.46687,3605.42,-68.7908,-4.42135,3.08632,-8153.71,0
6.83001,3630.94,-66.2528,14.4162,0.671178,-2791.14,0
8.19064,3601.12,-57.0063,42.0645,3.25464,-5967.29,0
9.56778,3579.46,-54.5478,20.4051,5.45684,-7372.85,0
10.9356,3604.76,-95.2777,22.7498,1.58878,-4137.25,0
12.3017,3611.42,-100.195,-21.6803,0.622812,-3136.29,0
13.6644,3587.69,-76.5127,27.8268,3.27124,-4559.69,0
15.0338,3564.71,-37.6374,52.0434,5.2819,-5673.42,0
16.407,3555.08,-30.6371,78.9369,4.01097,-5785.28,0
17.7833,3548.15,-33.509,71.0304,4.71877,-5727.13,0
19.1469,3517.46,-38.6104,93.4562,5.71475,-6922.24,0
20.5119,3506.84,-38.4033,131.84,3.79068,-6979.29,0
21.8753,3498.42,15.7857,125.714,5.2907,-6929.5,0
23.258,3471.92,28.7325,176.161,4.05789,-7656.9,0
24.6158,3455.12,9.11478,167.3,5.98147,-7916.67,0
24.6908,3449.64,14.7502,170.093,6.13993,-8114.61,0
