1.38231,3610.53,-0.248599,-13.496,3.45541,-28555.9,0
2.73899,3611.17,-1.8028,-10.5863,3.05857,-14176.5,0
4.1075,3638.62,-33.5827,-12.0873,0.221236,-2771.66,0
5.47175,3613.48,-21.4764,-18.5517,2.52215,-6674.96,0
6.84103,3589.89,-25.9661,-35.4282,4.51091,-8786.93,0
8.20372,3589.92,-25.1705,-46.2764,3.93073,-7323.37,0
9.57668,3575.66,38.5549,-7.32576,5.39612,-7762.48,0
10.9442,3602.8,21.2028,-20.8118,1.97047,-4312.78,0
12.3089,3606.39,28.2694,-25.6174,1.18622,-3542.93,0
13.6801,3581.68,44.7742,-18.9321,3.56272,-4994.16,0
15.0467,3616.21,-10.7946,1.0186,0.223614,-2245.93,0
16.4148,3608.07,-3.13013,-8.69841,1.05547,-2554.51,0
17.7786,3593.8,-12.0261,-0.275142,2.5725,-3160.98,0
19.1274,3580.53,-10.7502,-15.5878,4.05191,-3631.89,0
20.4868,3587.05,-21.4289,-36.0208,2.73397,-3072.69,0
21.8519,3606.96,-28.1821,-24.205,0.558624,-1969.61,0
23.2208,3597.62,-21.0996,-50.1695,1.21854,-2255.92,0
24.5931,3588.46,-67.1855,-53.9909,1.31246,-2502.3,0
25.9619,3573.78,-50.3865,-69.5092,2.7669,-2935.83,0
27.3248,3554.05,-52.0227,-45.3671,5.38633,-3511.5,0
28.7097,3563.86,-30.1892,-52.9056,3.7494,-3000.46,0
30.0732,3547.71,-4.04404,-30.214,5.75442,-3401.23,0
31.4494,3539.22,34.4823,-25.0709,5.16589,-3522.54,0
32.808,3549.98,-1.59795,-33.1839,3.54899,-3048.58,0
34.1791,3559.34,3.13159,-5.19063,2.4958,-2652.49,0
35.5678,3552.08,12.6416,-7.71631,3.34592,-2753.03,0
36.9188,3556.63,-19.7708,29.5874,1.87497,-2529.06,0
38.294,3542.77,-40.3328,51.5965,2.3601,-2800.25,0
39.6792,3545.95,-19.1784,36.2087,3.0334,-2622.37,0
41.0586,3524.38,-49.2806,49.9332,4.04355,-3059.65,0
42.4211,3519.45,-51.1227,51.1151,3.61903,-3077.54,0
43.7912,3538.84,-74.694,19.2543,0.473939,-2538.32,0
45.1503,3528.42,-32.6987,27.5145,4.51618,-2692.83,0
46.5264,3487.11,-2.53972,-0.212219,5.81901,-3501.13,0
