1.38077,3623.81,-22.71,-36.4777,2.44068,-18964.2,0
2.74234,3609.6,-43.5277,-38.1338,3.35232,-14732.4,0
4.10392,3567.89,-17.103,-64.5857,6.46981,-20007.4,0
5.47226,3554.91,7.77041,-44.1292,7.05492,-17376.1,0
6.8408,3532.41,-5.59677,-72.3052,6.65113,-17189.5,0
8.21109,3545.41,-35.3734,-131.124,0.78971,-12737.6,0
9.56964,3560.59,-77.2248,-86.0749,0.265206,-9342.93,0
10.9233,3543.59,-20.6345,-55.3027,4.86869,-9741.82,0
12.2921,3528.87,-30.0938,-57.4724,6.12873,-9854.37,0
13.6532,3519.62,-10.2373,-78.4428,5.63709,-9549.3,0
15.0122,3516.92,18.1245,-54.6829,7.26754,-8865.04,0
16.3701,3501.73,15.6454,-50.8638,7.57995,-9057.28,0
17.7384,3514.57,-17.7162,-45.2356,3.90545,-7634.78,0
19.1128,3512.1,-15.061,-15.0593,7.9148,-7214.95,0
20.4867,3513.91,-23.6535,-29.1868,3.23474,-6642.67,0
21.8664,3514.44,8.54469,-49.5704,1.42091,-6199.53,0
23.2424,3485.05,15.1682,-23.1793,1.52823,-7097.05,0
23.5385,3472.54,4.89737,-2.31264,0.912863,-7538.99,0
