1.3667,3640.17,-23.0328,-63.5816,0.943596,-7192.46,0
2.73849,3624.31,-21.5612,-73.7035,2.0297,-9380.79,0
4.0993,3650.17,19.7577,-41.0777,0.26451,41.2959,0
5.46662,3600.99,-20.1544,-33.0706,4.64918,-8966.1,0
6.82534,3591.78,-37.3556,-43.4302,4.80212,-8529.7,0
8.19108,3576.81,-29.295,-66.609,5.1466,-8934.98,0
9.54949,3579.94,-37.6911,-58.8193,4.4436,-7336.74,0
10.9135,3585.26,-37.7624,-88.0418,2.70113,-5931.99,0
12.2815,3573.9,-49.8953,-93.0945,3.12821,-6196.49,0
13.6236,3542.36,-74.4287,-68.8545,5.85182,-7901.21,0
15.0144,3516.4,-83.5849,-64.1877,7.09243,-8897.94,0
16.3759,3510.69,-49.7447,-50.9479,8.25723,-8506.8,0
17.7346,3508.59,-39.3555,-35.7495,8.25354,-7973.89,0
19.1071,3506.62,-19.7513,-53.8594,6.4661,-7504.13,0
20.477,3509.81,-35.1905,-56.4818,4.40403,-6846.42,0
21.8433,3531.33,-2.28828,-67.0516,0.603015,-5432.81,0
23.2093,3508.61,15.539,-65.1781,3.8128,-6091.99,0
24.5623,3521.34,44.9678,-38.1737,2.20574,-5237.92,0
25.9128,3526.55,23.2802,-33.6949,2.5666,-4764.23,0
27.2765,3517.62,29.6871,-23.1321,4.45626,-4853.32,0
28.6464,3508.1,26.6347,-43.108,4.3029,-4953.5,0
30.002,3490.12,33.7899,-54.7038,4.50365,-5328.95,0
31.3735,3493.65,27.1031,-68.2621,2.54513,-4983.49,0
32.7388,3488.06,0.325732,-39.8792,7.79689,-4946.53,0
34.1067,3500.66,24.0319,-26.4253,2.85204,-4378.69,0
35.4767,3472.63,33.2157,-28.0852,6.98029,-4999.6,0
36.7009,3450.09,35.6198,-20.1746,8.90357,-5446.88,0
