1.36138,3620.58,28.2279,1.26774,2.50094,-21607,0
2.72726,3622.59,60.342,14.3491,1.86452,-10050.5,0
4.10327,3593.4,28.6026,0.806529,5.11636,-13794.4,0
5.46913,3585.92,42.0816,-20.5026,4.94811,-11715.9,0
6.84045,3564.96,38.8624,-32.1382,6.57984,-12431.3,0
8.20449,3557.59,59.7186,-21.5041,5.47213,-11263.2,0
9.57011,3526.03,62.8141,-26.1795,7.61649,-12954.2,0
10.9329,3536.81,59.4415,-9.40659,5.05993,-10353.3,0
12.3006,3526.94,48.9409,-9.72079,6.62437,-10004.4,0
13.6696,3507.63,26.546,-24.7698,9.80339,-10414.9,0
15.0562,3478.26,11.2483,-2.121,6.95288,-11406.6,0
15.1111,3475.12,4.04529,2.08763,6.31959,-11573,0
