1.36342,3627.19,67.2221,-52.053,1.83383,-16732.4,0
2.73637,3619.19,91.1783,-43.9472,2.1473,-11259.7,0
4.09978,3636.14,85.8224,-26.4261,0.946626,-3380.99,0
5.4562,3632.31,113.837,-18.2758,0.745834,-3241.36,0
6.83548,3585.96,109.65,-52.9113,4.36723,-9369.25,0
8.20868,3579.45,177.794,-67.2081,2.82504,-8594.18,0
9.57536,3575.73,142.084,-63.6537,4.02224,-7755.86,0
10.9416,3581.99,171.739,-59.5451,2.46299,-6216.19,0
12.3095,3579.11,118.205,-32.5073,4.31242,-5759.2,0
13.6634,3547.43,113.039,-29.6803,6.90411,-7507.08,0
15.0347,3554.49,123.171,-49.9042,4.18229,-6352.89,0
16.3893,3526.47,134.131,-43.7553,5.87212,-7537.13,0
17.7326,3524.44,138.598,-0.135959,4.81826,-7080.84,0
19.1242,3480.38,123.725,6.87781,8.87834,-8869.39,0
20.476,3471.61,115.671,10.6841,7.86778,-8712.06,0
21.8411,3450.06,104.444,15.0626,9.30696,-9154.52,0
