1.37446,3617.25,-21.7319,17.7184,3.37455,-23824.7,0
2.74511,3615.75,29.4233,43.9161,3.04143,-12475.5,0
4.12305,3611.04,6.92295,74.5477,2.85093,-9449.4,0
5.48827,3631.65,3.51394,113.686,0.259647,-3343,0
6.8521,3599.06,-35.8226,112.034,2.80704,-7434,0
8.20821,3593.78,-38.4934,124.725,2.72695,-6849.41,0
9.57327,3572.67,2.0232,114.125,4.78188,-8077.43,0
10.9367,3584.22,2.25941,96.2206,3.66147,-6014.54,0
12.2974,3576.74,-17.6134,104.692,3.76433,-5957.28,0
13.657,3566.04,-22.0473,86.7983,4.6768,-6147.79,0
15.0184,3546.05,-27.1728,94.9687,5.62725,-6921.84,0
16.3785,3528.72,-28.7683,75.2803,7.11544,-7404.95,0
17.743,3505.72,-43.1409,93.9746,5.81318,-8131.72,0
19.1125,3514.21,-60.1146,98.1935,3.44664,-7104.8,0
20.4743,3487.32,-47.467,148.167,3.25311,-7945.54,0
21.8391,3486.76,-42.5444,152.671,2.85593,-7474.66,0
23.2155,3501.45,-22.5086,139.308,2.55938,-6398.75,0
24.5965,3519.27,19.2587,103.757,2.71013,-5314.99,0
25.9624,3519.38,7.74074,102.132,2.95254,-5031.18,0
27.3196,3510.87,8.91188,111.017,2.8583,-5092.51,0
28.6832,3519.9,11.6463,95.412,2.6958,-4535.73,0
30.0334,3512.84,3.53791,79.0469,4.33548,-4566.77,0
31.4029,3535.89,6.72132,72.1436,1.37125,-3633.74,0
32.7756,3537.17,14.207,23.0345,3.44142,-3442.51,0
34.1306,3533.91,3.03677,25.3336,3.60137,-3401.3,0
35.4927,3534.32,-0.0864528,-8.4936,3.85803,-3259.35,0
36.8512,3540.02,12.1962,-8.40426,1.75121,-2984.39,0
38.226,3531.03,46.8344,-21.9267,0.760197,-3112.17,0
39.5846,3495.75,103.882,35.8868,0.583077,-3896.79,0
40.9565,3477.51,117.946,26.4293,1.38443,-4211.57,0
41.6103,3449.96,131.856,24.1434,3.16644,-4807.44,0
