1.37055,3616.73,-52.0056,14.2615,2.48919,-24273.4,0
2.71932,3621.13,-54.0782,52.4674,1.68131,-10615.8,0
4.08436,3621.4,-109.768,52.7556,0.68845,-7001.82,0
5.45196,3630.33,-48.4526,54.9016,0.898072,-3607,0
6.81247,3626.73,-38.0488,56.098,1.25546,-3415.77,0
8.17595,3597.96,-27.2267,40.0535,4.14461,-6364.98,0
9.53023,3566.45,-58.4202,66.3992,5.63284,-8767.25,0
10.909,3571.97,-71.8213,39.8475,4.36223,-7153.22,0
12.2713,3591.16,-10.0359,58.4885,2.73868,-4795.23,0
13.627,3578.33,-23.3921,53.9567,3.92687,-5259.27,0
14.9719,3568.73,3.20584,37.8164,5.00871,-5428.35,0
16.3306,3547.25,22.0201,31.3964,6.72239,-6292.09,0
17.6965,3535.65,30.4768,50.823,6.42276,-6461.86,0
19.0603,3543.31,52.338,49.9184,3.58126,-5597.73,0
20.424,3579.19,15.0069,29.7165,0.155667,-3466.92,0
21.8058,3547.92,19.8076,-30.9417,4.51142,-4681.17,0
23.1655,3519.18,29.2664,-21.2472,7.85496,-5647.39,0
24.5329,3544.38,20.6824,-37.5539,0.993257,-4305.06,0
25.8987,3537.13,-1.23785,-27.5356,3.03952,-4358.1,0
27.2637,3524.09,21.334,-30.8191,4.58677,-4618.2,0
28.6229,3503.61,48.5078,-30.7209,5.35702,-5114.28,0
29.9968,3519.84,30.2126,-50.5548,1.80084,-4339.16,0
31.365,3485.02,17.4367,-20.896,2.7597,-5259.96,0
32.5836,3480.19,-3.12669,-2.3226,3.45974,-5211.46,0
