1.37387,3626.17,-38.5081,-39.7662,1.67539,-17343.9,0
2.72474,3614.26,-57.9081,-1.51128,2.63054,-13115,0
4.09318,3613.85,-30.0184,-16.1956,2.91766,-8831.73,0
5.46419,3619.53,-46.3321,13.1085,1.95709,-5575.99,0
6.82903,3607.63,-29.4221,11.208,3.16265,-6203.77,0
8.20031,3575.66,-22.2084,9.70336,5.90736,-9066.03,0
9.5694,3591.3,6.59148,40.3912,3.03534,-6133.69,0
10.94,3580.46,-6.50188,40.7625,4.11014,-6356.52,0
12.3064,3596.47,-4.28476,16.6402,2.21607,-4349.86,0
13.6735,3582.84,-16.768,26.0635,2.91639,-4911.83,0
15.0321,3574.35,-4.56449,12.6838,3.78509,-5032.6,0
16.4008,3571.55,37.9198,-11.2823,3.41083,-4783.61,0
17.7505,3584,34.0978,68.5444,0.72541,-3718.05,0
19.1175,3561.25,-5.58523,93.4586,2.39552,-4642.58,0
20.487,3540.36,-48.6878,111.261,3.40943,-5351.93,0
21.8436,3572.72,-30.2176,81.5775,1.3437,-3538,0
23.2086,3557.66,-1.70181,64.2794,3.82886,-3978.68,0
24.5739,3550.57,14.9061,64.7975,4.23979,-4046.23,0
25.9372,3522.2,-23.0208,72.7025,6.31084,-4927.33,0
27.3081,3492.97,-4.84275,66.0426,9.16887,-5750.34,0
28.673,3476.35,-15.1867,60.5413,9.54754,-6056.35,0
30.052,3471.1,-31.4863,51.5749,7.40569,-5953.12,0
31.4227,3458.5,-74.0458,50.0841,3.76015,-6094.42,0
31.666,3449.91,-93.3879,58.6736,1.95772,-6318.64,0
