0.00649097,0.193651,0.0284723,-0.0167508,0.13957,29834,0
0.0129577,0.353908,-0.0714715,-0.178116,0.249876,27312.5,0
0.0194779,0.46009,-0.215095,-0.330594,0.308016,23621.2,0
0.0259752,0.79491,0.076375,-0.464758,0.521826,30602.6,0
0.0324929,1.06631,0.0497431,-0.58092,0.667512,32816.7,0
0.0389649,1.09457,0.394331,-0.567056,0.630176,28091.3,0
0.0454967,0.777618,0.463482,-0.16323,0.344632,17091.7,0
0.0519824,1.03416,0.268971,-0.187202,0.503598,19894.4,0
0.0585006,1.09361,0.215516,0.0570707,0.502542,18694,0
0.0650452,0.894725,0.220281,-0.0563829,0.312048,13755.4,0
0.0715326,1.04676,0.0717376,-0.211725,0.396974,14633.4,0
0.0780346,1.42611,0.262511,-0.192292,0.62982,18275.4,0
0.0845485,1.47501,0.052346,-0.11798,0.607558,17445.7,0
0.0910895,1.0428,0.042475,-0.156895,0.249603,11448.1,0
0.097578,0.999992,0.0597724,-0.345716,0.207025,10248.1,0
0.104118,0.996437,0.0318715,-0.533802,0.191684,9570.26,0
0.110641,0.992488,0.187825,-0.627881,0.176961,8970.32,0
0.117202,0.974787,-0.0489921,-0.826339,0.155032,8317.17,0
0.123731,1.25835,-0.0677885,-0.915695,0.34996,10170.1,0
0.130299,1.18748,-0.0475714,-0.810225,0.276452,9113.51,0
0.136787,1.40011,-0.34037,-0.729702,0.405243,10235.7,0
0.143257,1.37984,-0.435793,-0.494471,0.366335,9631.91,0
0.149776,1.32403,-0.387225,-0.49555,0.308479,8840.06,0
0.156287,1.40258,-0.524144,-0.545217,0.345367,8974.37,0
0.16288,1.44149,-0.879338,-0.45554,0.343017,8850,0
0.169388,1.47063,-0.840224,-0.344269,0.338705,8682.01,0
0.17591,1.39026,-0.854961,-0.191784,0.259432,7903.25,0
0.182374,1.52033,-0.932988,-0.2859,0.334665,8336.35,0
0.188861,1.60499,-0.822302,-0.159328,0.374753,8498.23,0
0.195337,1.68594,-0.800407,-0.117269,0.399973,8630.9,0
0.201862,1.97884,-0.564514,-0.748497,0.569667,9802.94,0
0.208356,1.78839,-0.331166,-0.613808,0.384041,8583.32,0
0.214904,2.03672,-0.418974,-0.816546,0.526022,9477.35,0
0.221426,2.34226,-0.50873,-1.07851,0.689196,10578,0
0.22794,2.46428,-0.684588,-0.832785,0.694996,10811.1,0
0.234479,2.35754,-0.870114,-0.928335,0.549954,10054.4,0
0.240994,2.40373,-0.567166,-0.771521,0.530987,9974.24,0
0.247468,2.39689,-0.396437,-0.724314,0.478585,9685.65,0
0.254026,2.30467,-0.165034,-0.874872,0.372204,9072.56,0
0.26053,2.27039,0.0501747,-0.933239,0.321356,8714.5,0
0.267043,2.22765,-0.185062,-0.805251,0.274388,8341.92,0
0.273552,2.30747,-0.199414,-0.563901,0.313148,8435.2,0
0.280043,2.27629,-0.0836359,-0.466267,0.269844,8128.37,0
0.286542,2.30213,0.079204,-0.303906,0.267823,8034.17,0
0.293034,2.25933,-0.0530551,-0.265704,0.220565,7710.14,0
0.299539,2.08339,-0.072116,-0.141337,0.080201,6955.33,0
0.30607,1.98369,-0.114929,-0.199041,0.00473549,6481.15,0
0.312555,2.03191,-0.00612652,-0.183968,0.0385463,6500.97,0
0.319062,2.05234,0.0405096,-0.0647421,0.0517882,6432.43,0
0.325539,2.19857,0.158671,0.0210238,0.154762,6753.63,0
0.332044,2.07921,0.208711,-0.0497381,0.0618485,6261.87,0
0.338504,2.28223,0.1145,0.0641925,0.205958,6742.09,0
0.345007,2.26921,0.157595,0.0181285,0.184106,6577.28,0
0.351523,2.29538,0.249126,-0.0891459,0.193955,6529.8,0
0.358024,2.43726,0.0970337,-0.00810508,0.286464,6807.52,0
0.364547,2.26895,0.327287,-0.148934,0.145316,6224.01,0
0.371078,2.18483,0.418505,-0.024442,0.0766544,5887.79,0
0.377577,2.15899,0.276443,0.0617606,0.0557551,5718.02,0
0.38405,2.13202,0.257231,-0.0877276,0.0347102,5551.42,0
0.390494,2.29543,0.194245,-0.156592,0.150042,5878.26,0
0.396967,2.50878,0.0984082,-0.309824,0.293447,6319.87,0
0.403454,2.5985,-0.196372,-0.336004,0.333563,6440.64,0
0.409966,2.65499,-0.135897,-0.267899,0.348569,6476.12,0
0.416493,2.60403,-0.206556,-0.258558,0.289817,6252.3,0
0.423041,2.81925,-0.333061,-0.0800635,0.429241,6664.25,0
0.429591,2.69096,-0.269567,-0.14705,0.309454,6264.02,0
0.436091,2.80371,-0.224239,0.0207435,0.367463,6429.18,0
0.442567,2.82063,-0.130109,-0.238057,0.349061,6373.35,0
0.44912,2.69334,-0.185207,0.000107807,0.235359,5996.93,0
0.455608,2.83906,-0.42639,0.115608,0.324494,6231.36,0
0.462124,2.81675,-0.274825,0.0955234,0.291825,6095.22,0
0.468638,2.79113,-0.423336,0.142686,0.25656,5955.83,0
0.475163,2.50005,-0.544644,0.229084,0.0341399,5261.45,0
0.481664,2.50913,-0.541474,0.226064,0.0395176,5209.29,0
0.488184,2.50076,-0.53613,0.260472,0.0328744,5122.58,0
0.494691,2.64557,-0.470255,0.348987,0.136817,5347.92,0
0.501193,2.6146,-0.457726,0.185297,0.10673,5216.75,0
0.507684,2.73991,-0.383892,-0.0256596,0.192967,5396.87,0
0.514182,2.98114,-0.152319,-0.0259343,0.356132,5797.84,0
0.52073,2.91264,0.0381867,0.15996,0.281642,5593.37,0
0.527239,3.284,-0.00110417,-0.130643,0.524021,6228.67,0
0.533727,3.04005,0.0340485,-0.146591,0.304444,5695.88,0
0.540226,3.10228,0.240266,0.285423,0.3251,5742.56,0
0.546725,2.85282,0.140463,0.154475,0.12459,5218.02,0
0.553201,3.22449,0.165265,0.0668384,0.385418,5828.79,0
0.559698,3.23316,-0.0826686,0.193593,0.368115,5776.61,0
0.566208,3.17072,0.221039,0.207408,0.294901,5599.91,0
0.572739,3.31827,-0.0338694,0.319337,0.378409,5793.69,0
0.579219,3.31152,0.202192,0.540161,0.346956,5717.22,0
0.585756,3.55102,0.127537,0.853045,0.494687,6062.29,0
0.592288,3.5028,0.0883788,0.875842,0.423313,5914.01,0
0.59879,3.8495,0.0689242,1.11368,0.632364,6428.8,0
0.605284,3.94158,0.390683,1.37421,0.639715,6511.94,0
0.611786,3.93328,0.428332,1.27679,0.566334,6429.18,0
0.618299,3.77737,0.707376,1.42578,0.402645,6109.29,0
0.624812,3.9678,0.623966,1.45109,0.508015,6350.4,0
0.631326,4.45112,0.600894,1.48102,0.789155,7050.42,0
0.637843,4.63182,0.592568,1.50386,0.825985,7261.7,0
0.644359,4.58152,0.701804,1.36057,0.696477,7110.2,0
0.650867,4.61673,1.0868,1.58293,0.648745,7093.21,0
0.65742,4.52431,0.86519,1.5249,0.521737,6881.92,0
0.663919,4.51125,0.925783,1.47082,0.463353,6794.87,0
0.670465,4.6749,0.833629,1.48069,0.546901,6972.63,0
0.676984,4.76801,0.806703,1.46032,0.573874,7043.01,0
0.683528,4.52163,1.09018,1.40985,0.353021,6615.14,0
0.690082,4.61144,0.627099,1.26298,0.385075,6682.45,0
0.696545,4.56945,0.71855,1.32625,0.330682,6560.16,0
0.703106,4.44675,0.600955,1.51623,0.224125,6324.43,0
0.709602,4.48103,0.688737,1.42158,0.231028,6314.84,0
0.716123,4.50691,0.656973,1.42303,0.237999,6293.48,0
0.722614,4.49003,0.725669,1.39957,0.211091,6213.59,0
0.729117,4.41141,0.587335,1.38822,0.14423,6050.35,0
0.73561,4.47414,0.510104,1.33543,0.181086,6082.22,0
0.742175,4.40456,0.331763,1.44749,0.121017,5934.66,0
0.748705,4.42833,0.400855,1.31791,0.134318,5914.65,0
0.755185,4.44861,0.21416,1.38614,0.140333,5890.75,0
0.761693,4.42276,0.078775,1.36234,0.116869,5806.49,0
0.768208,4.34047,0.139695,1.26315,0.0516867,5650.13,0
0.774716,4.47981,0.145492,1.34538,0.151039,5782.52,0
0.781216,4.75245,0.122227,1.1501,0.340997,6083.4,0
0.787705,4.5925,0.268794,0.89826,0.206056,5830.23,0
0.794202,4.65421,0.64527,0.995104,0.236855,5860.23,0
0.800727,4.42787,0.645641,1.12029,0.0632054,5529.81,0
0.807192,4.4224,0.451858,1.21125,0.0582286,5478.75,0
0.813675,4.62187,0.570434,1.23254,0.201854,5680.24,0
0.82019,4.8764,0.781804,1.29614,0.370451,5945.45,0
0.826692,4.84463,0.677319,1.40304,0.317212,5860.26,0
0.833232,4.98883,0.388557,1.57205,0.401618,5987.32,0
0.839755,4.94781,0.579134,1.12784,0.343711,5891.97,0
0.846244,5.22661,0.416159,1.02519,0.5133,6176.24,0
0.852736,5.13808,0.740413,0.832799,0.410722,6025.41,0
0.859216,5.01121,0.498952,0.89005,0.286171,5832.31,0
0.865713,5.30047,0.74515,0.738041,0.471662,6122.66,0
0.87222,5.33589,0.621508,0.823477,0.449444,6117.59,0
0.878734,5.17406,0.482569,0.798095,0.301387,5888.09,0
0.885282,5.25876,0.573234,0.877329,0.340411,5940.21,0
0.891767,5.32199,0.695919,1.15176,0.345842,5967.92,0
0.898296,5.26263,0.681515,0.986753,0.277744,5858.46,0
0.904777,5.48485,0.80064,1.0719,0.412582,6062.1,0
0.91126,5.19435,0.960779,1.15144,0.176649,5700.19,0
0.917756,5.10036,1.05409,1.32587,0.0972721,5557.42,0
0.924283,5.07849,0.895819,1.39028,0.0765165,5494.52,0
0.930797,5.03805,0.960447,1.31879,0.0437277,5412.62,0
0.937324,5.25771,0.991538,1.10976,0.205029,5609.28,0
0.943867,5.44206,0.948663,1.07268,0.327496,5765.71,0
0.950401,5.64821,1.02195,1.15624,0.452562,5942.97,0
0.956922,5.68045,1.06802,1.14451,0.436896,5936.17,0
0.963447,6.04894,1.0225,1.44969,0.663417,6278.43,0
0.96997,6.46552,0.917975,1.63823,0.8772,6665.69,0
0.976444,6.44181,0.974495,1.44063,0.770175,6597.22,0
0.982964,6.49262,0.844593,1.66256,0.729831,6605.14,0
0.989481,6.68318,0.744937,1.60507,0.784292,6754.22,0
0.996034,6.64494,0.856251,1.22756,0.681751,6671.4,0
1.00253,7.04927,1.13997,1.36943,0.878295,7031.46,0
1.00904,7.00793,0.901018,1.28151,0.759678,6945.17,0
1.01559,7.04053,0.848486,1.24869,0.706636,6932.47,0
1.02212,7.0873,0.935441,1.12197,0.670645,6933.95,0
1.02865,6.91914,1.06851,0.785674,0.498008,6726.4,0
1.03514,6.95115,0.775931,0.865708,0.484051,6715.21,0
1.04167,6.92022,0.87164,0.809386,0.416336,6643.42,0
1.04818,7.02618,0.862935,1.1766,0.454163,6703.19,0
1.05472,6.97856,0.772047,1.08901,0.374221,6616.53,0
1.06117,7.13133,0.89678,0.875678,0.457543,6720.25,0
1.0677,7.61698,0.739785,0.724833,0.76357,7134.03,0
1.07419,7.68812,0.557034,0.728305,0.740821,7157.15,0
1.08071,7.87391,0.328022,0.755372,0.80698,7285.87,0
1.0872,7.67007,0.175488,0.915361,0.590141,7054.88,0
1.09372,7.57921,-0.0931342,0.826977,0.471315,6929.76,0
1.10022,7.55469,-0.141417,0.793314,0.418154,6866.5,0
1.10673,7.71513,-0.0979962,1.16343,0.487759,6971.09,0
1.11324,7.80886,0.236209,1.22592,0.51224,7014.56,0
1.11975,7.78243,0.421692,1.27267,0.451392,6950.15,0
1.12626,7.7995,0.828562,1.223,0.424435,6925.14,0
1.1328,8.34441,0.815053,1.4212,0.777475,7366.21,0
1.13933,8.19136,0.544664,1.39692,0.579274,7189.62,0
1.14584,8.31058,0.560706,1.49073,0.611012,7252.81,0
1.15233,8.03937,0.669401,1.48499,0.361426,6976.59,0
1.15886,8.01853,0.730166,1.59857,0.31825,6919.34,0
1.1654,7.88673,0.613311,1.50837,0.208027,6767.38,0
1.17196,7.99179,0.541226,1.36672,0.277215,6819.19,0
1.17848,7.97955,0.766241,1.26277,0.245871,6771.07,0
1.18499,7.85757,0.81424,1.18053,0.142081,6630.89,0
1.19154,7.76492,0.89821,1.13183,0.0668566,6516.73,0
1.19806,7.81804,1.08353,1.16434,0.101999,6525.59,0
1.20458,8.27504,1.01693,1.44356,0.428042,6869.66,0
1.21108,8.12794,0.828295,1.44695,0.294069,6711.3,0
1.21756,7.83817,0.995059,1.17184,0.0680971,6437.59,0
1.22403,7.91686,0.997748,1.15946,0.122534,6467.87,0
1.23056,7.952,1.05467,1.2516,0.145756,6462.09,0
1.23708,7.95175,1.22824,1.32979,0.13529,6427.83,0
1.24358,7.89063,0.988198,1.37766,0.0822133,6345.11,0
1.2501,8.06348,1.08492,1.44127,0.204233,6450.24,0
1.25664,8.21645,1.15285,1.29154,0.304397,6538.44,0
1.26314,8.16851,1.208,1.46332,0.247216,6466.83,0
1.26967,8.49846,1.16486,1.38679,0.470623,6693.41,0
1.27612,8.57779,1.09974,1.45045,0.484236,6721.75,0
1.28259,8.76989,0.92868,1.47233,0.576478,6837.62,0
1.28911,8.85829,0.671418,1.52369,0.583125,6871.65,0
1.29558,9.12085,0.676522,1.77203,0.709665,7039.96,0
1.30209,9.33956,0.518316,2.06179,0.794277,7172.72,0
1.30861,9.59038,0.603163,2.2034,0.882669,7328.7,0
1.31509,9.39128,0.790031,2.06221,0.643376,7141.15,0
1.3216,9.39372,0.660952,2.09875,0.589413,7107.85,0
1.32815,9.46708,0.894627,1.89947,0.586813,7128.04,0
1.33466,9.30439,0.777548,1.92574,0.416132,6971.35,0
1.34117,9.53892,0.710519,1.80742,0.550491,7112.39,0
1.34768,9.75,0.7799,1.65497,0.654984,7234.68,0
1.35416,9.66367,0.88534,1.53897,0.534538,7136.28,0
1.36069,9.81651,0.889037,1.64885,0.59758,7214.39,0
1.36717,10.18,0.937022,1.85516,0.788993,7446.01,0
1.37369,10.1313,1.00386,1.72761,0.680018,7375.24,0
1.38019,10.206,1.06573,1.61013,0.665264,7394.59,0
1.38667,10.3938,1.20061,1.83614,0.729547,7495.5,0
1.39316,10.6005,1.23445,2.09052,0.799084,7608.94,0
1.39963,10.7719,1.07692,2.00932,0.825237,7696.26,0
1.4062,10.9995,1.60784,2.29404,0.892678,7822.14,0
1.41265,11.0768,1.11574,2.46865,0.843479,7841.13,0
1.41917,11.0291,1.3091,2.19185,0.71276,7771.53,0
1.42569,11.2356,1.37493,2.00047,0.779956,7880.77,0
1.43218,11.3361,1.32065,2.0435,0.777123,7915.34,0
1.4387,11.5064,1.41556,1.88666,0.81699,7997.74,0
1.4452,11.5955,1.47466,1.81342,0.796508,8023.47,0
1.45171,11.7551,1.4461,2.09056,0.813495,8097.41,0
1.45822,11.5693,1.37572,1.84791,0.593286,7933.86,0
1.46474,11.4988,1.02944,2.08647,0.491897,7850.38,0
1.47123,11.4561,0.889002,2.27702,0.419809,7786.76,0
1.47772,11.4954,0.834483,2.2092,0.41549,7779.13,0
1.48428,11.6459,1.01817,2.04159,0.488661,7846.14,0
1.49076,11.6641,1.15911,2.11627,0.463296,7824.24,0
1.49728,11.7899,1.14829,2.341,0.520093,7874.18,0
1.50378,11.7343,1.12113,2.40811,0.432652,7803.2,0
1.51027,11.6283,1.27355,2.24893,0.326913,7699.49,0
1.5168,11.8033,1.22974,2.32009,0.426095,7781.72,0
1.52331,12.1357,1.09423,1.74397,0.627556,7966.63,0
1.52983,12.1506,1.07464,1.7366,0.582873,7942.41,0
1.53638,12.7751,1.25628,1.69361,0.950597,8315.05,0
1.54288,12.4326,1.06617,1.62712,0.60593,8058.01,0
1.54935,12.5496,0.898772,1.45075,0.633352,8099.93,0
1.55586,12.5493,0.982366,1.36718,0.576274,8065.85,0
1.5624,12.4645,0.987516,1.30089,0.46813,7977.79,0
1.56894,12.4047,1.23853,1.06004,0.386699,7906.44,0
1.57545,12.2844,1.22407,1.08631,0.267414,7797.38,0
1.58198,12.3698,1.26993,0.848539,0.313832,7819.21,0
1.58852,12.4307,1.32784,0.673499,0.329682,7825.37,0
1.59505,12.2818,1.39941,0.857426,0.200001,7699.95,0
1.60157,12.3062,1.43398,0.809962,0.21001,7683.79,0
1.60808,12.4999,1.36466,0.687729,0.338076,7773.2,0
1.61459,12.4673,1.39275,0.585683,0.286833,7721.63,0
1.6211,12.5188,1.75905,0.826703,0.300895,7722.39,0
1.62762,12.5827,1.84987,0.651388,0.320718,7730.73,0
1.63414,12.2833,2.11337,0.566967,0.0819114,7516.67,0
1.64062,12.5128,2.09304,0.586058,0.244638,7626.84,0
1.64718,12.6875,1.98494,0.449052,0.353025,7702.58,0
1.65372,13.0812,2.19487,0.265395,0.603428,7910.19,0
1.66024,13.425,1.90923,0.243258,0.77789,8086.22,0
1.66672,13.3423,2.21243,-0.00091504,0.643457,8005.13,0
1.67318,13.6143,2.4036,-0.185433,0.761321,8136.75,0
1.67968,13.8851,2.22784,-0.404872,0.873718,8266.53,0
1.68616,13.597,2.28018,-0.27358,0.575177,8063.86,0
1.69267,13.8134,2.01144,0.118559,0.677488,8160.73,0
1.69916,13.7267,1.92407,-0.190991,0.551343,8078.57,0
1.70567,13.662,1.67625,-0.220953,0.460908,8009.78,0
1.71212,13.9174,1.59684,-0.401314,0.597131,8128.74,0
1.71865,13.7943,1.48457,-0.318472,0.455529,8026.25,0
1.72515,13.8372,1.24432,-0.253806,0.451318,8020.9,0
1.73167,14.0193,1.3861,-0.229665,0.540253,8095.85,0
1.73819,13.8065,1.70251,-0.247261,0.345161,7943.05,0
1.7447,13.7702,1.63408,0.255869,0.291219,7892.63,0
1.75121,13.5213,1.48748,0.41588,0.0961339,7721.1,0
1.75771,13.6086,1.64928,0.48666,0.152967,7742.25,0
1.76421,13.5038,1.5964,0.497135,0.0702326,7654.27,0
1.77075,13.601,1.48078,0.618396,0.139063,7680.91,0
1.77726,13.8641,1.5264,0.580089,0.326746,7800.85,0
1.78377,13.9,1.59258,0.466328,0.327923,7792.47,0
1.79027,14.2367,1.54077,0.426178,0.549645,7952.29,0
1.79676,14.2586,1.53104,0.576608,0.52109,7935.7,0
1.80324,14.3469,1.69018,0.52082,0.545928,7956.19,0
1.80969,14.3575,1.5609,0.740347,0.511816,7933.67,0
1.81618,14.4904,1.66525,0.657519,0.549177,7978.51,0
1.82269,14.5652,1.89184,0.707784,0.564536,7991.05,0
1.82918,14.8521,1.63667,0.576906,0.725004,8119.51,0
1.83569,14.789,2.04931,1.00071,0.610236,8056.36,0
1.84219,15.0053,2.04935,1.0804,0.713813,8145.34,0
1.8487,15.2026,2.50708,1.07127,0.781363,8223.39,0
1.8552,15.1419,2.58174,0.809303,0.651307,8161.88,0
1.86168,15.0722,2.8944,0.763266,0.538635,8096,0
1.86819,14.8859,2.97247,0.721067,0.359889,7968.05,0
1.87474,15.1326,2.60931,0.671087,0.506556,8071.83,0
1.88123,15.0897,2.80977,0.678756,0.418715,8021.18,0
1.88771,15.2784,2.69438,0.655228,0.508416,8093.65,0
1.89419,15.1713,2.69537,0.454383,0.382552,8009.36,0
1.90067,15.1587,2.91023,0.360512,0.349545,7975.46,0
1.90717,15.4094,3.11134,0.524034,0.499231,8079.72,0
1.91365,15.7242,3.3646,0.701218,0.67384,8216.84,0
1.92019,15.8691,2.75395,0.910765,0.709135,8264.36,0
1.92672,16.0001,2.71952,1.02959,0.728035,8304.3,0
1.93322,16.147,2.72806,0.526549,0.76668,8352.35,0
1.93972,16.4805,2.73043,0.495304,0.905938,8496.34,0
1.94622,16.6668,2.75712,0.409343,0.928045,8563.67,0
1.95271,16.4763,2.91338,0.595441,0.687173,8437.68,0
1.9592,16.3234,3.08938,0.863208,0.509425,8331.71,0
1.9657,16.3462,2.83084,0.87164,0.481557,8315.71,0
1.97222,16.4258,2.7838,0.951784,0.492833,8328.57,0
1.97875,16.3362,2.65076,1.01168,0.385571,8255.84,0
1.98526,16.0976,2.715,1.08206,0.191137,8108.57,0
1.99179,16.0515,2.84397,1.08699,0.148478,8058.86,0
1.99827,16.2204,2.78285,1.16504,0.261463,8117.21,0
2.00479,16.408,2.69962,0.844627,0.376527,8184.41,0
2.01132,16.719,2.51111,0.894574,0.564852,8312.45,0
2.01785,16.5174,2.39239,1.00927,0.37335,8185.67,0
2.02432,16.5811,2.35782,1.25736,0.385581,8190.95,0
2.03084,16.4085,2.49623,1.37663,0.2307,8079.63,0
2.03735,16.3824,2.68141,1.51251,0.193912,8041.03,0
2.04387,16.2076,2.77493,1.59303,0.0590098,7929.86,0
2.05042,16.492,2.76785,1.58661,0.26253,8043.23,0
2.05688,16.7085,2.86473,1.89659,0.39807,8123.24,0
2.06338,16.7817,2.47775,1.85967,0.423541,8133.08,0
2.06989,16.8029,2.49841,1.77756,0.407222,8117.79,0
2.07641,17.1713,2.68573,1.94098,0.636899,8269.67,0
2.08292,17.2528,2.38469,1.80487,0.629146,8282.97,0
2.08945,17.098,2.33601,2.12215,0.469891,8183.01,0
2.09593,17.4163,2.2088,2.40037,0.651796,8309.6,0
2.10243,17.5269,2.02636,2.11037,0.657845,8336.48,0
2.10898,17.4238,1.86844,1.84189,0.51256,8261.74,0
2.11551,17.703,1.81243,1.60178,0.659963,8368.19,0
2.12205,17.9775,1.87859,1.51541,0.778933,8471.78,0
2.12851,18.2832,1.79268,1.37754,0.904822,8589.66,0
2.135,18.1012,1.97697,1.32904,0.678746,8478.27,0
2.14155,17.9491,1.735,1.62007,0.497149,8381.32,0
2.14803,18.0586,1.97302,1.19278,0.526933,8407.07,0
2.1546,18.1087,1.96481,1.24088,0.513506,8404.7,0
2.16112,17.9314,2.16921,1.00729,0.347122,8297.26,0
2.16762,18.1664,2.07384,1.12259,0.480847,8380.82,0
2.17415,18.5652,2.0237,0.969489,0.720044,8539.06,0
2.18063,18.745,2.06648,0.894191,0.768718,8596.14,0
2.18715,18.7863,1.90929,0.790377,0.712828,8589.37,0
2.19368,18.8778,1.86437,0.235252,0.705928,8605.55,0
2.20018,18.7651,1.92264,0.324258,0.565287,8528.93,0
2.20664,18.7865,1.82064,0.444772,0.523959,8513.62,0
2.21319,18.6477,1.99762,0.388204,0.383241,8425.73,0
2.21968,18.5238,1.87735,0.313214,0.266807,8345.25,0
2.22616,18.5753,1.95288,0.137828,0.283773,8344.1,0
2.23269,18.4815,1.86102,0.131638,0.198804,8277.7,0
2.23923,18.3739,1.7555,0.144697,0.109418,8205.45,0
2.24576,18.4525,1.85586,0.284036,0.162573,8216.62,0
2.25226,18.6994,2.01691,0.250165,0.331349,8302.54,0
2.25877,18.8923,2.18103,0.165134,0.443378,8363.98,0
2.26528,18.8279,2.45331,0.012765,0.36483,8311.51,0
2.27183,18.7829,2.55782,0.0548009,0.305943,8267.73,0
2.27836,19.1051,2.79336,-0.113945,0.514059,8385.48,0
2.28489,19.3149,2.81938,0.130908,0.625915,8453.3,0
2.2914,19.2435,2.64697,0.22769,0.520972,8398.13,0
2.29791,19.255,2.80856,0.455678,0.487489,8379.34,0
2.30442,19.3004,2.25868,0.36647,0.476952,8375.36,0
2.31092,18.9132,2.48843,0.157708,0.163336,8184.25,0
2.31744,18.9429,2.43361,0.0737332,0.176048,8174.07,0
2.32397,19.0823,2.38797,-0.041232,0.265794,8211.08,0
2.33047,19.2927,2.44857,-0.330415,0.399657,8278.44,0
2.33699,19.4898,2.16846,-0.307029,0.506236,8339.73,0
2.34349,19.5249,1.84177,-0.168449,0.484034,8331.53,0
2.35003,19.4106,1.96431,-0.233552,0.359663,8259.73,0
2.35657,19.3007,1.74019,0.0248925,0.253451,8190.19,0
2.36309,19.2408,1.7526,-0.203016,0.195476,8142.23,0
2.3696,19.4361,1.51406,-0.447832,0.32731,8202.29,0
2.37609,19.8723,1.65406,-0.358399,0.607253,8363.43,0
2.38255,19.7242,1.72696,-0.4164,0.44742,8278.62,0
2.38901,19.8096,1.86712,-0.686037,0.464682,8291.95,0
2.3955,19.7203,1.67833,-0.518177,0.366539,8232.21,0
2.40203,19.7577,1.43612,-0.422857,0.370594,8225.42,0
2.40855,19.873,1.81365,-0.451115,0.425856,8251.02,0
2.41504,19.8602,1.7364,-0.472174,0.383106,8223.56,0
2.42154,19.7464,1.61361,-0.627202,0.270749,8154.48,0
2.42801,19.6974,1.75421,-0.573533,0.218341,8112.57,0
2.43449,19.9495,1.67845,-0.457048,0.382114,8194.52,0
2.44098,19.9374,1.6198,-0.830521,0.341921,8167.81,0
2.4475,19.9908,1.41241,-0.693154,0.353345,8167.84,0
2.45399,20.0961,1.21534,-0.649005,0.402242,8189.16,0
2.46051,20.0551,1.2788,-1.10992,0.344635,8150.79,0
2.467,19.8213,0.949105,-1.29276,0.151086,8034.56,0
2.47344,19.8796,0.929679,-1.29649,0.189768,8037.23,0
2.47996,19.9864,0.838825,-1.05867,0.252997,8059.15,0
2.48649,20.1626,0.632946,-0.660256,0.365898,8108.86,0
2.493,20.4532,0.915849,-0.526313,0.542734,8204.26,0
2.49949,20.6752,0.869245,-0.403556,0.651404,8271.78,0
2.50604,20.5798,0.927478,-0.0387236,0.523679,8212.08,0
2.51255,20.3241,0.436897,0.129525,0.303724,8089.05,0
2.51911,20.3061,0.553975,0.105862,0.268331,8060.85,0
2.52562,20.3872,0.593752,0.258548,0.312086,8072.16,0
2.53213,20.5696,0.565624,0.401214,0.419967,8123.45,0
2.53863,20.5882,0.592045,0.608779,0.405909,8109.96,0
2.54515,20.557,0.398254,0.624803,0.356046,8076.93,0
2.55167,20.6448,0.428788,0.646726,0.389341,8090.72,0
2.55821,20.5473,0.314757,0.508379,0.283561,8031.91,0
2.5647,20.652,0.125659,0.52811,0.337871,8052.38,0
2.57123,20.5983,0.112395,0.429513,0.269911,8011.06,0
2.57774,20.5582,0.208887,0.290842,0.225084,7975.26,0
2.58431,20.7453,0.23578,0.673086,0.345429,8027.41,0
2.59081,21.2426,0.265996,0.244662,0.659092,8199.21,0
2.59729,21.1739,-0.225313,0.308313,0.549123,8152.31,0
2.60378,21.4544,-0.558509,0.209634,0.690713,8239.69,0
2.6103,21.6585,-0.379693,0.487708,0.75831,8297.34,0
2.6168,21.7823,-0.216814,0.272989,0.754252,8324.01,0
2.6233,21.7576,-0.170055,0.000956828,0.661957,8294.01,0
2.62979,21.756,-0.42237,-0.144444,0.595978,8272.92,0
2.63632,21.9923,-0.366669,0.0674391,0.702077,8342.05,0
2.64279,22.2407,-0.265375,0.0456107,0.804311,8415.62,0
2.64927,22.2386,-0.330223,-0.15631,0.723632,8394.22,0
2.6558,22.3458,-0.429871,-0.270379,0.730896,8413.95,0
2.66233,22.2779,-0.120079,-0.259008,0.615173,8367.84,0
2.66882,22.3055,0.0640554,-0.402151,0.577583,8357.8,0
2.67534,22.3492,0.034243,-0.372513,0.56084,8353.76,0
2.68189,22.3712,-0.076659,-0.717876,0.526946,8341.58,0
2.68839,22.1167,-0.135578,-0.697083,0.309676,8226.76,0
2.69488,22.3559,-0.0804085,-0.766852,0.45938,8295.7,0
2.70136,22.4327,-0.0468022,-0.818828,0.47218,8304.23,0
2.70787,22.2041,-0.0660583,-0.839227,0.277393,8199.85,0
2.71441,21.9578,-0.0513625,-0.7796,0.0841232,8089.34,0
2.72091,22.0544,-0.216151,-0.90958,0.152363,8105.54,0
2.72739,22.3433,-0.19867,-0.970232,0.352256,8192.16,0
2.73391,22.3614,-0.257987,-1.02802,0.33847,8179.26,0
2.74045,22.6548,-0.432146,-1.04582,0.521624,8266.84,0
2.74698,22.9052,-0.48694,-0.833402,0.640716,8338.33,0
2.75348,22.8929,-0.220636,-0.815426,0.56668,8314.17,0
2.75999,22.8751,-0.123634,-0.711074,0.500612,8288.13,0
2.76652,22.8638,0.0522256,-0.712668,0.450938,8264.44,0
2.77303,22.7777,0.015246,-0.950446,0.354895,8214.01,0
2.77952,22.9877,-0.00937924,-0.680226,0.472375,8270.36,0
2.78607,22.8127,0.205433,-0.868543,0.308764,8188.12,0
2.79259,22.8392,0.289765,-0.936374,0.309547,8178.51,0
2.79909,22.6854,0.0621431,-0.855561,0.179581,8104.57,0
2.80556,22.4697,0.21465,-0.872417,0.0133491,8008.98,0
2.81208,22.6229,0.245307,-1.18988,0.122314,8044.91,0
2.81859,22.7801,0.208824,-1.35971,0.227394,8082.07,0
2.82507,22.8174,0.000565216,-1.39562,0.23584,8076.75,0
2.83159,22.8699,0.240027,-1.17397,0.259637,8076.69,0
2.83811,22.9335,0.212432,-0.919207,0.290584,8080.54,0
2.84463,23.0106,0.200005,-0.708439,0.321895,8089.13,0
2.85116,23.0411,0.132053,-0.507133,0.31451,8081.31,0
2.85768,23.1105,0.119932,-0.641165,0.336294,8087.15,0
2.86421,22.9976,0.0408556,-0.688689,0.231626,8029.31,0
2.87071,22.8261,0.0421822,-0.627697,0.0928895,7951.37,0
2.87721,22.7071,0.0478885,-0.823785,0.00207483,7892.07,0
2.88375,22.7939,0.0371354,-0.759101,0.0656331,7904.27,0
2.89028,22.8913,0.200064,-0.990386,0.132618,7920.08,0
2.89676,23.3914,0.353025,-0.771695,0.486477,8075.02,0
2.9033,23.4252,0.755284,-0.753119,0.474877,8068.46,0
2.90978,23.421,0.858507,-0.461906,0.433623,8049.06,0
2.91628,23.2899,0.894881,-0.569334,0.306098,7986.17,0
2.9228,23.3278,0.751477,-0.718158,0.310601,7981.33,0
2.92929,23.5426,0.754054,-0.483453,0.439256,8036.96,0
2.93582,23.5233,0.827067,-0.185759,0.389546,8012.52,0
2.94237,23.7696,0.583111,-0.248893,0.524914,8078.4,0
2.9489,23.7501,0.514708,-0.190934,0.462452,8053.88,0
2.95539,23.811,0.501981,-0.0200761,0.461083,8056.78,0
2.96188,23.9633,0.428367,-0.123319,0.520346,8090.57,0
2.96841,24.0345,0.683326,-0.0492393,0.519155,8096.75,0
2.97489,23.9011,0.460299,0.399863,0.379626,8034.26,0
2.98142,23.9559,0.336946,0.406602,0.390287,8035.05,0
2.98794,24.1012,0.192029,0.436185,0.461085,8066.15,0
2.99444,24.2759,0.255257,0.432327,0.548869,8106.98,0
3.00097,23.9057,0.163546,0.306164,0.234592,7965.98,0
3.00749,24.0142,0.0495313,0.399769,0.295913,7984.8,0
3.01396,24.0177,0.190429,0.244204,0.27384,7968.81,0
3.02048,24.4254,0.0722684,0.399477,0.539489,8086.59,0
3.02703,24.3961,-0.40323,0.405309,0.470546,8059.42,0
3.03355,24.4681,-0.0663044,0.348858,0.485723,8065.85,0
3.04009,24.6507,-0.30603,0.670736,0.56997,8108.56,0
3.04661,24.4549,-0.464092,0.485092,0.376357,8026.92,0
3.0531,24.3639,-0.623846,0.607423,0.280431,7980.05,0
3.05967,24.3517,-0.736453,0.925139,0.247052,7958.95,0
3.06619,24.5574,-0.581519,1.23862,0.374008,8009.09,0
3.07274,24.6521,-0.668865,1.27613,0.406012,8022.84,0
3.07927,25.1011,-0.674787,1.20169,0.683692,8151.65,0
3.08581,24.9184,-0.385554,1.1422,0.476489,8075.13,0
3.09232,25.1144,-0.336707,1.20833,0.56835,8121.54,0
3.09886,25.1454,0.0866727,1.10436,0.540284,8114.4,0
3.10538,25.0797,-0.0906166,0.820146,0.446402,8076.22,0
3.1119,24.8563,-0.263989,0.887289,0.256502,7987.51,0
3.11839,24.9521,-0.239041,0.761678,0.304918,8001.58,0
3.12485,24.895,-0.322135,0.806184,0.244625,7966.77,0
3.1314,24.8797,-0.249401,0.745002,0.215585,7945.22,0
3.1379,25.0552,-0.340827,0.807866,0.32808,7984.72,0
3.14444,24.9089,-0.194508,0.813371,0.199851,7921.57,0
3.15098,24.7932,-0.316869,0.6012,0.102077,7868.4,0
3.15749,24.6658,-0.324742,0.548574,0.00514127,7811.83,0
3.16406,24.6796,-0.418043,0.696675,0.0148069,7799.97,0
3.17058,24.8375,-0.547768,0.700289,0.128727,7833.73,0
3.17713,24.9816,-0.663,0.537754,0.228935,7862.96,0
3.18363,25.0432,-0.64232,0.447724,0.261076,7866.22,0
3.19014,25.0292,-0.29222,0.264117,0.239793,7845.8,0
3.19665,24.9965,-0.288566,-0.117184,0.196114,7819.61,0
3.20314,25.0182,-0.470936,-0.0686582,0.202047,7810.54,0
3.20967,25.2811,-0.613597,-0.131886,0.380174,7876.57,0
3.21616,25.301,-0.591408,-0.202722,0.36629,7866.83,0
3.22271,25.2267,-0.55939,-0.0462842,0.279074,7827.77,0
3.22922,25.0605,-0.370487,2.77815e-05,0.14407,7760.53,0
3.23572,24.9213,-0.302646,-0.116328,0.0349695,7701.94,0
3.2422,24.9167,-0.347618,-0.10621,0.0297443,7685.12,0
3.2487,24.8855,-0.36649,-0.134339,0.00499567,7660.13,0
3.25522,25.139,-0.394677,-0.147658,0.191237,7722.69,0
3.26174,24.9392,-0.436185,-0.245734,0.038275,7645.99,0
3.26825,24.9186,-0.511006,-0.0177537,0.0213669,7624.44,0
3.27479,24.9905,-0.404478,-0.163881,0.0733388,7631.18,0
3.28132,25.1248,-0.380305,-0.337226,0.167642,7656.92,0
3.28782,25.1105,-0.33571,-0.287425,0.148964,7637.42,0
3.29432,25.2853,-0.292442,-0.243344,0.272639,7675.43,0
3.30083,25.3526,-0.467826,-0.286717,0.297237,7680.69,0
3.30734,25.3217,-0.519898,-0.206128,0.253943,7656.22,0
3.31386,25.3253,-0.300519,-0.33435,0.239587,7642.25,0
3.32036,25.4865,-0.446965,-0.169996,0.338781,7675.83,0
3.32684,25.575,-0.316118,-0.177075,0.377505,7687.48,0
3.33333,25.289,-0.454108,0.106713,0.147457,7586.7,0
3.33982,25.2384,-0.259866,-0.0605445,0.104739,7556.81,0
3.34635,25.4061,-0.400069,0.0490656,0.219525,7592.2,0
3.35286,25.3191,-0.344702,0.000340693,0.14337,7551.48,0
3.35934,25.2366,-0.411674,0.044702,0.0779225,7512.36,0
3.3659,25.387,-0.639453,0.0523863,0.183365,7542.4,0
3.37239,25.3484,-0.597237,0.244908,0.145857,7516.46,0
3.37887,25.3304,-0.53268,0.237802,0.125142,7496.71,0
3.3854,25.2821,-0.592112,0.177698,0.0814609,7467.98,0
3.39191,25.4565,-0.730609,0.193732,0.204501,7505.08,0
3.39846,25.5502,-0.701454,0.231547,0.262129,7518.16,0
3.40498,25.524,-0.759662,0.32535,0.226521,7496.09,0
3.41149,25.4503,-0.829768,0.447792,0.160366,7460.19,0
3.41801,25.4231,-0.978808,0.544159,0.133549,7437.98,0
3.42448,25.5202,-1.06965,0.834225,0.196186,7452.28,0
3.431,25.7643,-1.15004,0.803437,0.358599,7509.28,0
3.43753,25.7055,-1.02862,0.619161,0.291607,7477.9,0
3.44406,25.6628,-1.05302,0.503699,0.238241,7451.33,0
3.45052,25.8541,-1.05196,0.224572,0.359955,7492.81,0
3.45697,25.7032,-1.26446,0.0868253,0.217155,7435.17,0
3.46352,25.7772,-1.44013,0.00767487,0.259813,7442.49,0
3.47006,25.6505,-1.52995,-0.213804,0.156062,7391.96,0
3.47654,25.6053,-1.3112,-0.447224,0.115506,7365.16,0
3.48306,25.6093,-1.23229,-0.48492,0.112542,7352.52,0
3.48957,25.6773,-1.24176,-0.420682,0.152608,7358.31,0
3.49609,26.0035,-1.3571,-0.300295,0.379692,7437.9,0
3.50262,26.1707,-1.5201,-0.332533,0.473124,7471.74,0
3.50915,26.0792,-1.85435,-0.123959,0.369963,7431.78,0
3.51567,26.0024,-1.85189,-0.514229,0.281005,7396.13,0
3.52214,26.0249,-1.91461,-0.32043,0.278366,7388.94,0
3.52864,25.9353,-1.97677,-0.455449,0.198134,7349.94,0
3.53519,25.9722,-1.84176,-0.569712,0.21258,7346.77,0
3.54168,25.7598,-1.9469,-0.519108,0.0492567,7273.33,0
3.54817,25.7933,-2.1396,-0.694494,0.0717735,7269.45,0
3.55467,26.0866,-2.25364,-0.68675,0.281154,7338.66,0
3.56122,26.1253,-2.24761,-0.792874,0.286403,7336.05,0
3.56774,25.9696,-2.34821,-0.976017,0.156277,7279.01,0
3.57425,25.9318,-2.33978,-1.06933,0.122655,7255.16,0
3.58079,25.8381,-2.33867,-1.03794,0.0510343,7215.76,0
3.58734,25.8225,-2.46368,-1.10455,0.0379189,7198.21,0
3.59385,25.8591,-2.37152,-0.950411,0.0644377,7195.38,0
3.60037,25.8399,-2.18321,-1.03117,0.0469605,7177.01,0
3.60689,26.0981,-2.21466,-0.978202,0.23667,7235.62,0
3.6134,26.0491,-2.31213,-1.27916,0.192312,7209.01,0
3.61991,26.2078,-2.22653,-1.3068,0.297776,7239.91,0
3.62644,26.1121,-2.00219,-1.35351,0.207143,7200.47,0
3.63297,26.0626,-1.84882,-1.58674,0.160458,7173.91,0
3.63955,25.913,-1.85715,-1.83879,0.0420746,7119.84,0
3.64602,25.9757,-1.89803,-1.98604,0.0855422,7124.39,0
3.65252,26.0855,-2.0235,-2.18168,0.160417,7141.77,0
3.65908,26.3039,-1.90813,-2.24165,0.307102,7188.66,0
3.66555,26.4983,-1.96567,-2.34704,0.413622,7229.03,0
3.67204,26.4448,-2.03593,-2.50933,0.350538,7201.66,0
3.67853,26.2877,-2.03987,-2.43311,0.217693,7146.25,0
3.68505,26.218,-2.07871,-2.58193,0.154941,7114.7,0
3.69158,26.0931,-2.16863,-2.48252,0.0568769,7068.29,0
3.69807,26.3029,-2.09165,-2.37098,0.205988,7112.6,0
3.70458,26.6593,-2.12057,-2.47463,0.4455,7196.31,0
3.71115,26.6544,-2.1388,-2.47108,0.411532,7182.24,0
3.71769,26.9296,-2.05719,-2.53351,0.570234,7243.66,0
3.72414,26.7599,-1.90531,-2.44028,0.40011,7185.52,0
3.73066,26.6676,-1.75372,-2.49772,0.308455,7148.23,0
3.73715,26.4994,-1.75024,-2.50786,0.171408,7090.8,0
3.74363,26.5577,-1.50426,-2.48335,0.205853,7094.09,0
3.75013,26.4736,-1.27151,-2.63069,0.135158,7059.37,0
3.75665,26.3903,-1.32088,-2.51442,0.0696669,7024.96,0
3.76312,26.5593,-1.41545,-2.48199,0.187991,7057.78,0
3.76965,26.5926,-1.24155,-2.50004,0.198177,7054.39,0
3.77616,26.3787,-1.29677,-2.26581,0.0343672,6985.58,0
3.78264,26.3796,-1.38252,-2.26395,0.0336717,6973.86,0
3.78915,26.351,-1.43978,-2.25246,0.0112188,6954.33,0
3.79567,26.349,-1.52175,-2.16572,0.00897078,6941.85,0
3.8022,26.4454,-1.36146,-2.21523,0.0802718,6955.28,0
3.80872,26.4999,-1.46552,-2.14783,0.116471,6957.71,0
3.81525,26.4445,-1.34274,-2.16423,0.0734086,6931.27,0
3.82175,26.38,-1.31066,-2.09308,0.0230638,6902.59,0
3.82823,26.4833,-1.34923,-2.17547,0.0981509,6917.91,0
3.83472,26.5729,-1.15679,-2.13263,0.15709,6929.56,0
3.84123,26.4651,-1.14006,-2.21564,0.0692893,6889.75,0
3.84775,26.451,-1.17407,-2.01511,0.0548388,6874.4,0
3.8543,26.6143,-1.22199,-1.98692,0.172422,6905.1,0
3.86089,26.4324,-1.27098,-1.93823,0.0306133,6846.18,0
3.86741,26.5972,-1.10962,-2.03195,0.150504,6877.27,0
3.87392,26.6174,-1.07523,-1.8486,0.158008,6870.93,0
3.88043,26.62,-0.981655,-1.67454,0.147827,6860.07,0
3.88697,26.7488,-1.06169,-1.53439,0.232705,6881.66,0
3.89348,26.9057,-1.02221,-1.52368,0.328868,6910.46,0
3.89998,26.7507,-1.10496,-1.28446,0.194669,6859.2,0
3.90645,26.6981,-0.917721,-1.16429,0.146885,6834.38,0
3.91302,26.6691,-0.953391,-1.33774,0.11686,6815.49,0
3.91949,26.7457,-0.806393,-1.5411,0.168249,6823.77,0
3.926,26.7308,-0.940926,-1.45492,0.149041,6808.65,0
3.93252,26.6352,-0.848261,-1.43145,0.0755907,6773.06,0
3.93902,26.7074,-0.809494,-1.40438,0.122546,6780.2,0
3.94553,26.823,-0.83233,-1.3256,0.199792,6798.33,0
3.95202,27.1582,-0.871495,-1.1854,0.420381,6871.99,0
3.95853,27.0268,-0.957889,-1.14428,0.294344,6827.48,0
3.96509,27.0269,-1.11633,-1.27149,0.275323,6816.21,0
3.97159,27.0814,-0.915965,-1.02093,0.295191,6818.78,0
3.97811,27.2095,-0.906572,-1.28169,0.367064,6839.8,0
3.98464,27.16,-0.862555,-1.18076,0.299094,6816.18,0
3.99116,27.3656,-0.625588,-1.30742,0.416037,6856.54,0
3.99769,27.3841,-0.620779,-1.4241,0.392179,6849.97,0
4.0042,27.4728,-0.24956,-1.64413,0.426631,6861.01,0
4.01073,27.4345,0.351781,-1.69084,0.36752,6840.28,0
4.01723,27.4554,0.369065,-1.73775,0.347429,6834.43,0
4.02374,27.5269,0.311075,-1.89663,0.375053,6841.13,0
4.0302,27.301,0.419608,-1.85876,0.186043,6774.09,0
4.03667,27.1616,0.335747,-1.8321,0.0753486,6728.71,0
4.04319,27.3341,0.221674,-1.60324,0.196661,6760.51,0
4.04967,27.3914,0.117124,-1.50364,0.23128,6763.87,0
4.05614,27.8166,0.159634,-1.62473,0.518606,6857.9,0
4.06265,27.5093,0.106358,-1.81004,0.257773,6771.28,0
4.06918,27.7777,0.0333498,-1.87465,0.430427,6826.36,0
4.07562,27.799,0.200974,-1.54819,0.412423,6820.8,0
4.08212,27.7397,0.0163744,-1.61757,0.338552,6795.4,0
4.08867,27.6381,0.277953,-1.69952,0.248281,6759.67,0
4.09519,27.4876,0.00129315,-1.85825,0.123302,6712.18,0
4.10174,27.5021,-0.0445236,-1.82828,0.128793,6704.99,0
4.10824,27.5024,0.129646,-1.88561,0.125295,6694.44,0
4.11471,27.4889,0.0222596,-1.98748,0.111238,6680.64,0
4.12122,27.5862,0.0324939,-2.023,0.179872,6693.71,0
4.12772,27.8094,0.0176678,-2.03324,0.331291,6737.24,0
4.13425,28.0088,0.150991,-1.99682,0.447267,6774.82,0
4.14076,28.1805,0.181991,-1.80065,0.533281,6805.62,0
4.14726,28.3759,0.120252,-1.95566,0.623343,6842.08,0
4.15377,28.4922,0.23322,-1.28884,0.644345,6859.35,0
4.16025,28.408,0.272763,-1.09339,0.515101,6828.45,0
4.16675,28.8147,0.259755,-1.52987,0.761804,6915.39,0
4.17324,28.8638,0.173322,-1.55387,0.717543,6916.42,0
4.17976,29.2353,-0.078401,-1.66179,0.903678,6994.49,0
4.18628,29.2566,-0.0178584,-1.82018,0.818309,6988.7,0
4.19281,29.5249,0.0728882,-2.02268,0.910708,7041.79,0
4.1993,29.4875,0.0126358,-2.04543,0.764288,7022,0
4.2058,29.4182,-0.290309,-2.15676,0.632624,6994.68,0
4.21229,29.4482,-0.421611,-2.03248,0.595546,6991.02,0
4.21881,29.576,-0.412165,-1.73547,0.630734,7010.51,0
4.22536,29.7419,-0.61243,-1.74633,0.688691,7038.9,0
4.23184,29.8205,-0.763084,-1.89821,0.661273,7046.71,0
4.23837,30.2395,-0.950477,-1.68376,0.886525,7134.7,0
4.24485,29.9463,-0.899477,-1.73768,0.59465,7054.74,0
4.25134,30.2507,-0.76595,-1.69519,0.752962,7115.57,0
4.25781,30.4071,-1.1718,-1.43471,0.772926,7141.48,0
4.26433,30.2768,-1.38019,-1.57241,0.607364,7100.01,0
4.2708,30.505,-1.40797,-1.31596,0.706611,7142.69,0
4.27732,30.5731,-1.12555,-1.15212,0.677365,7147.73,0
4.28381,30.3619,-1.46255,-1.38519,0.467262,7087.59,0
4.29034,30.6479,-1.80539,-1.42261,0.630749,7143.47,0
4.29683,30.8121,-2.01937,-1.32654,0.680498,7170.89,0
4.30334,30.6523,-1.92977,-1.15819,0.502227,7122.9,0
4.30988,30.6599,-1.97125,-1.43789,0.463552,7113.85,0
4.31645,30.663,-1.77673,-1.31773,0.429384,7103.76,0
4.32291,30.9122,-1.82066,-1.59424,0.567915,7150.78,0
4.32944,31.1385,-1.66813,-1.59709,0.667803,7192.27,0
4.33596,31.099,-1.54029,-1.18241,0.580533,7172.34,0
4.34247,30.9897,-1.41354,-1.14627,0.452462,7136.42,0
4.34901,31.2546,-1.71118,-1.15907,0.607892,7186.6,0
4.35555,31.331,-1.73682,-1.39681,0.610317,7193.35,0
4.36204,31.315,-2.09322,-1.60231,0.545119,7178.96,0
4.36855,31.222,-2.03452,-1.51639,0.42561,7147,0
4.37505,31.3613,-1.6457,-1.71203,0.485791,7168.22,0
4.38158,31.2176,-1.64436,-1.49979,0.336706,7124.75,0
4.38807,31.1014,-1.30942,-1.43703,0.232873,7087.71,0
4.39464,30.9833,-1.34108,-1.42939,0.133356,7050.25,0
4.40118,31.0473,-1.21092,-1.52783,0.17223,7054.32,0
4.40773,31.0941,-1.25906,-1.28767,0.199326,7054.46,0
4.41421,31.1683,-1.11327,-1.13143,0.241682,7060.9,0
4.42071,31.4685,-1.15874,-0.936559,0.440964,7118.44,0
4.42722,31.3182,-1.27419,-0.889582,0.297995,7074.02,0
4.43375,31.372,-1.2072,-1.30556,0.314418,7075.72,0
4.44025,31.5606,-1.37066,-1.23444,0.423723,7107.86,0
4.44674,31.4896,-1.23111,-1.29212,0.341134,7081.51,0
4.45325,31.5258,-1.32628,-1.20969,0.346052,7079.28,0
4.45976,31.8019,-1.48437,-1.0421,0.514435,7130.86,0
4.4663,31.8441,-1.4049,-0.844353,0.496494,7129.86,0
4.47285,31.9423,-1.39228,-0.637382,0.524887,7141.38,0
4.47937,32.0433,-1.53817,-0.710805,0.55161,7153.53,0
4.48586,31.9447,-1.91059,-0.996283,0.430006,7121.19,0
4.49236,31.6483,-1.61878,-0.982839,0.189039,7044.91,0
4.49891,31.8888,-1.73746,-1.02458,0.34554,7088.13,0
4.50543,31.7602,-1.6147,-0.761052,0.229072,7049.33,0
4.51193,32.0354,-1.53096,-0.617506,0.407173,7100.17,0
4.51843,31.6836,-1.31217,-0.54308,0.123709,7012.08,0
4.5249,31.816,-1.48725,-0.385814,0.213974,7031.32,0
4.53141,32.0116,-1.68792,-0.22189,0.337762,7064.37,0
4.5379,31.9292,-1.67482,-0.264762,0.254923,7036.11,0
4.54441,31.8886,-1.73856,0.101809,0.210971,7017.11,0
4.55088,31.9871,-1.89452,0.459879,0.271284,7028.78,0
4.55737,32.0794,-1.76105,0.24757,0.321312,7039.01,0
4.56389,32.0125,-1.79565,0.381467,0.253976,7014.32,0
4.57038,32.2714,-1.7005,0.408322,0.420209,7060.98,0
4.5769,32.3661,-1.79092,0.577537,0.460277,7071.62,0
4.58344,32.3162,-1.96536,0.565079,0.389512,7050.65,0
4.58994,32.7899,-1.75226,0.632996,0.687239,7143.87,0
4.59644,32.609,-1.69187,0.224243,0.495245,7094.4,0
4.60297,32.6675,-1.60086,0.02669,0.493744,7097.05,0
4.60947,32.2368,-1.51245,-0.0782995,0.152913,6993.59,0
4.61595,32.1724,-1.45118,-0.0645754,0.101209,6969.82,0
4.62245,32.1872,-1.4901,-0.0762921,0.108366,6963.23,0
4.62895,32.2153,-1.69093,-0.128333,0.125062,6959.52,0
4.63548,32.2787,-1.75756,0.0411002,0.163966,6963.4,0
4.642,32.2119,-1.48154,-0.0394258,0.107959,6939.22,0
4.64848,32.2004,-1.53986,0.137788,0.0932446,6927.07,0
4.65499,32.2497,-1.59942,-0.028052,0.126079,6927.99,0
4.66143,32.7062,-1.49438,0.188196,0.449465,7016.34,0
4.66796,32.9236,-1.62384,0.115954,0.570572,7053.11,0
4.67447,33.1531,-1.62343,0.255901,0.671194,7092.37,0
4.68103,32.8579,-1.86388,0.449155,0.392427,7019.37,0
4.68751,32.6189,-2.12723,0.504298,0.193741,6958.69,0
4.69404,32.7748,-2.1966,0.515826,0.292941,6982.23,0
4.70053,32.7863,-2.08473,0.580219,0.280764,6975.01,0
4.70705,32.9558,-2.08038,0.471832,0.385231,7001.38,0
4.71357,32.7686,-2.0557,0.453369,0.224601,6951.97,0
4.72009,32.8101,-2.11831,0.526955,0.24522,6951.15,0
4.72662,32.8268,-2.27748,0.525952,0.243521,6945.09,0
4.73315,32.9974,-2.33687,0.631974,0.351264,6971.55,0
4.73969,33.2808,-2.67041,0.495655,0.525803,7021.73,0
4.74623,33.3334,-2.57725,0.679552,0.516116,7023.13,0
4.75271,33.2074,-2.42016,0.806472,0.379633,6987.05,0
4.75922,33.1307,-2.50252,0.858585,0.298793,6961.37,0
4.76577,32.9781,-2.2924,0.809716,0.168094,6919.78,0
4.77228,32.9757,-2.21337,1.01177,0.155687,6909.85,0
4.77877,33.037,-2.28724,0.986887,0.188486,6913.28,0
4.78532,33.1093,-2.25122,0.901075,0.232644,6918.94,0
4.79184,33.1528,-2.46512,0.973722,0.252605,6918.6,0
4.79835,33.0913,-2.62808,0.863263,0.193634,6896.39,0
4.80484,32.9873,-2.51591,0.74076,0.107904,6865.43,0
4.81129,33.0632,-2.61849,0.750651,0.157236,6872.02,0
4.8178,33.1242,-2.37401,0.695812,0.191884,6875.38,0
4.82428,33.1686,-2.44699,0.553394,0.210693,6875.34,0
4.83079,33.2906,-2.49988,0.523008,0.27922,6891.34,0
4.83727,33.4632,-2.51571,0.343284,0.379858,6917.78,0
4.84374,33.4127,-2.72068,0.539418,0.31889,6898.13,0
4.85024,33.4548,-2.55641,0.50207,0.328654,6897.57,0
4.85674,33.5957,-2.65949,0.622654,0.402689,6917.34,0
4.86324,34.0215,-2.55911,0.487891,0.671108,6995.65,0
4.86974,33.9286,-2.55353,0.6373,0.541875,6967.23,0
4.87627,33.7219,-2.8378,0.581486,0.348282,6915.51,0
4.88281,33.671,-2.63625,0.460541,0.288774,6895.82,0
4.88928,33.593,-2.76416,0.399319,0.219275,6870.76,0
4.89578,33.9159,-2.74656,0.526449,0.444915,6927.57,0
4.90224,34.1718,-2.68592,0.517573,0.58559,6970.65,0
4.90877,34.2018,-2.98344,0.496495,0.551097,6967.5,0
4.91534,34.1085,-2.88636,0.507972,0.446442,6939.2,0
4.92183,34.2188,-2.97072,0.523985,0.483339,6952.46,0
4.9284,34.4045,-2.98824,0.664708,0.570234,6980.88,0
4.93488,34.1878,-3.05669,0.749939,0.362786,6927.8,0
4.94132,34.2762,-3.17421,1.14593,0.399744,6936.65,0
4.94781,34.3086,-2.94395,1.17581,0.382399,6934.09,0
4.95433,34.2204,-2.79738,0.99486,0.292621,6907.18,0
4.96087,34.2969,-2.78095,0.887047,0.325639,6913.48,0
4.9674,34.6101,-2.53946,0.666984,0.526046,6967.45,0
4.97392,34.752,-2.11211,0.851406,0.574507,6986.85,0
4.98041,34.6433,-2.42234,0.993312,0.447056,6955.91,0
4.98693,34.9939,-2.5621,1.19894,0.655255,7017.13,0
4.99342,35.1376,-2.24628,1.39145,0.699322,7036.79,0
4.99991,35.1618,-2.17105,1.56454,0.645649,7032.5,0
5.00643,35.6771,-2.50788,1.6419,0.935264,7126.25,0
5.01294,35.7736,-2.31244,1.65728,0.899663,7136.26,0
5.01942,36.0967,-2.24482,1.57029,1.03162,7191.41,0
5.02589,36.338,-2.13228,1.45589,1.07376,7230.15,0
5.03238,36.6019,-2.41151,1.31581,1.13139,7273.28,0
5.03886,36.6935,-2.29083,1.5562,1.05431,7282.1,0
5.04536,37.043,-2.3902,1.71326,1.15408,7341.99,0
5.05182,36.9152,-2.34915,1.66846,0.923717,7307.3,0
5.05832,37.1579,-2.22572,1.95333,0.971975,7345.89,0
5.06486,37.2951,-2.39242,1.62417,0.93639,7363.5,0
5.07135,37.2462,-2.03898,1.93275,0.79777,7344.44,0
5.07787,37.3783,-1.72328,1.75103,0.800465,7361.02,0
5.08435,37.4673,-2.08144,1.5456,0.779182,7369.13,0
5.09088,37.5028,-1.94129,1.46779,0.71244,7366.67,0
5.09734,37.3997,-1.8382,1.11619,0.569088,7337.08,0
5.10386,37.0129,-1.92526,1.24593,0.249633,7251.94,0
5.11031,37.1105,-1.93668,1.39641,0.30211,7261.89,0
5.11686,37.0361,-1.7213,1.04951,0.225602,7238.06,0
5.12339,37.086,-1.68188,1.06564,0.247881,7238.57,0
5.12994,37.0161,-1.65407,0.780186,0.182213,7215.7,0
5.13643,37.0173,-1.62803,0.803646,0.175203,7206.82,0
5.14292,37.2325,-1.31905,0.595525,0.32155,7239.57,0
5.14941,37.2986,-1.5585,0.715257,0.352692,7243.27,0
5.15586,37.0944,-1.50625,0.710061,0.179005,7194.61,0
5.16236,37.2306,-1.79914,0.706646,0.265781,7211.94,0
5.16884,37.5629,-1.53865,0.638586,0.47771,7267.18,0
5.17535,37.4731,-1.72331,0.48634,0.376916,7240.69,0
5.18181,37.6331,-1.83276,0.597531,0.456657,7262.53,0
5.18833,37.5566,-1.83872,0.481599,0.363193,7238.68,0
5.19483,37.682,-2.4006,0.281181,0.42536,7253.75,0
5.20137,37.7324,-2.33035,0.367786,0.428234,7254.32,0
5.20791,37.704,-2.34968,0.592816,0.377811,7239.77,0
5.21443,37.8334,-2.52392,0.864456,0.442455,7255.52,0
5.22095,37.9005,-2.52323,0.581243,0.453836,7259.31,0
5.22746,37.8646,-2.5286,0.627994,0.388392,7243.4,0
5.23399,37.678,-2.34213,0.554423,0.229692,7198.73,0
5.24051,37.4515,-2.23114,0.735161,0.0512739,7146.54,0
5.24701,37.6649,-2.17904,0.688412,0.202843,7178.36,0
5.2535,37.5936,-2.14348,0.843383,0.140686,7155.91,0
5.26003,37.5048,-2.15562,0.900606,0.0690209,7130.16,0
5.26654,37.7948,-2.25402,0.954817,0.280799,7176.4,0
5.27309,37.8096,-2.29609,1.15048,0.267998,7170.28,0
5.27958,37.7955,-2.11849,0.982458,0.238255,7158.81,0
5.28604,37.8498,-2.28949,1.09497,0.265037,7160.34,0
5.29252,37.7347,-2.20716,1.19349,0.165136,7129.82,0
5.29903,37.6905,-2.1092,1.06675,0.124455,7112.71,0
5.30556,37.7213,-2.1015,1.04106,0.139082,7109.78,0
5.31209,37.7187,-2.15996,1.11527,0.1297,7100.54,0
5.31859,37.6051,-2.02402,1.05362,0.0416204,7070.5,0
5.32508,37.6491,-2.03289,1.08927,0.0725372,7070.15,0
5.33157,37.5631,-1.95519,1.07107,0.00760645,7045.41,0
5.33806,37.6155,-2.00131,0.942568,0.0453529,7046.67,0
5.34456,37.5669,-1.93421,0.801124,0.00812296,7029,0
5.35112,37.7877,-1.99578,0.917627,0.171419,7061.65,0
5.35759,37.9484,-2.14518,0.757436,0.277317,7083.12,0
5.36409,37.9266,-2.40358,0.711377,0.245251,7070.47,0
5.37063,38.029,-2.45195,0.137006,0.3035,7080.91,0
5.37716,37.8869,-2.87446,-0.00402831,0.175201,7045.89,0
5.38367,37.835,-2.68774,0.0230854,0.127716,7027.73,0
5.39021,38.0864,-2.4836,0.176373,0.300945,7065.84,0
5.39672,38.4349,-2.92531,0.13948,0.533512,7121.89,0
5.40324,38.4807,-3.13684,0.0731354,0.518146,7121.77,0
5.40982,38.5064,-3.0956,0.204701,0.4971,7117.87,0
5.41629,38.6685,-3.18189,0.0458434,0.567912,7139.29,0
5.42276,38.3729,-2.87112,0.0392577,0.306948,7076.26,0
5.42925,38.4705,-3.1066,0.375968,0.348696,7085.77,0
5.43577,38.5066,-3.16659,0.401444,0.341436,7083.93,0
5.44228,38.3773,-3.21549,0.291379,0.222463,7051.7,0
5.44879,38.4106,-3.19105,0.144765,0.233137,7049.38,0
5.4553,38.7122,-3.3975,0.190259,0.439394,7096.25,0
5.46177,38.6234,-3.48259,0.292943,0.34228,7071.6,0
5.46828,38.836,-3.44173,0.237353,0.469973,7102.05,0
5.47481,38.7495,-3.4969,0.152514,0.371299,7077.79,0
5.48133,39.1236,-3.50283,0.0560712,0.60021,7137.61,0
5.48784,39.2077,-3.46891,-0.0749287,0.605765,7144.47,0
5.49431,39.2854,-3.35436,-0.280186,0.596787,7150.21,0
5.5008,39.6142,-3.37888,-0.414759,0.76867,7201.52,0
5.50732,39.4294,-3.35694,0.0178306,0.561689,7159.44,0
5.5138,39.252,-3.39127,0.0875642,0.390759,7118.87,0
5.52031,39.1045,-3.17559,0.337764,0.255579,7083.75,0
5.52683,39.1789,-3.10488,0.294012,0.288201,7088.86,0
5.53334,39.2101,-3.30047,0.022552,0.289499,7086.15,0
5.53983,39.3101,-3.42662,0.0245176,0.339248,7095.9,0
5.54635,39.1993,-3.56121,-0.11623,0.235493,7067.6,0
5.55287,39.4269,-3.49394,-0.373126,0.379988,7100.28,0
5.55936,39.4486,-3.55881,-0.419042,0.365691,7095.88,0
5.56587,39.2508,-3.8952,-0.287944,0.198883,7052.05,0
5.57238,39.2519,-4.10606,-0.42883,0.183696,7044.02,0
5.57887,39.1705,-4.24792,-0.38752,0.116854,7021.22,0
5.5854,39.3618,-4.36563,-0.218034,0.252402,7047.26,0
5.59193,39.6337,-4.08292,0.0466262,0.427827,7087.67,0
5.59843,39.3002,-4.30175,0.185157,0.154286,7019.87,0
5.60493,39.2948,-4.18982,0.198975,0.137791,7010.76,0
5.61144,39.2934,-4.22376,0.157259,0.127591,7002.36,0
5.61795,39.5245,-4.08005,0.0885754,0.28985,7035.4,0
5.62446,39.5849,-4.44945,0.120794,0.310757,7037.98,0
5.63098,39.4758,-4.27785,-0.124315,0.21588,7010.46,0
5.63751,39.6476,-4.02852,-0.0849244,0.324231,7032.82,0
5.644,39.6692,-3.91701,-0.106221,0.311293,7028.56,0
5.65046,39.9631,-3.95954,-0.0230672,0.494808,7072.53,0
5.65697,40.1223,-4.22382,0.0675827,0.565953,7092.54,0
5.66344,40.0938,-4.19929,-0.260037,0.492999,7079.41,0
5.66993,40.1043,-4.72729,-0.289367,0.460447,7073.14,0
5.67649,39.9973,-4.55798,-0.250225,0.3452,7046.12,0
5.68297,39.9826,-4.693,-0.105904,0.307532,7035.5,0
5.6895,40.0747,-4.75725,-0.01678,0.345936,7043.61,0
5.69598,40.3739,-4.79131,-0.0562649,0.528654,7088.14,0
5.70246,40.1744,-5.05406,-0.348698,0.336966,7045.1,0
5.70891,40.04,-5.31565,-0.157916,0.21698,7013.6,0
5.71541,39.9966,-5.31874,-0.148908,0.168648,6998.03,0
5.72192,39.9948,-5.11052,0.187434,0.158509,6989.76,0
5.72845,40.0443,-4.858,0.149781,0.188599,6990.42,0
5.73495,40.0968,-4.78377,0.313804,0.215741,6991.66,0
5.74143,39.9853,-4.53727,0.208082,0.123103,6964.35,0
5.74789,39.8754,-4.56622,0.143055,0.0381157,6937.4,0
5.75443,39.9387,-4.52041,0.305811,0.0828437,6940.52,0
5.76092,39.8379,-4.61319,0.237521,0.00605027,6915.2,0
5.76743,40.193,-4.82214,0.324075,0.266054,6968.97,0
5.77395,40.2225,-5.1098,0.251346,0.271985,6966.21,0
5.78044,40.1205,-5.16406,0.345737,0.183971,6940.73,0
5.78692,40.2,-4.94108,0.344356,0.229625,6946.71,0
5.79346,40.1152,-5.03801,0.255577,0.156629,6924.23,0
5.79996,39.9979,-4.84877,0.290166,0.0647881,6896.23,0
5.80648,40.0619,-4.71782,0.0872645,0.109207,6899.51,0
5.81299,40.0677,-4.61999,0.0887162,0.108612,6892.79,0
5.81945,40.2119,-4.49532,-0.0838896,0.208283,6909.9,0
5.82596,40.3795,-4.79267,0.0529838,0.318127,6930.97,0
5.83242,40.4647,-4.71153,0.160132,0.353568,6937.9,0
5.83891,40.3575,-4.70391,0.281201,0.253141,6911.81,0
5.84545,40.3741,-4.47428,0.327121,0.249676,6906.93,0
5.85197,40.2923,-4.40788,0.470001,0.177599,6885.25,0
5.8585,40.2769,-4.3675,0.195839,0.154418,6874.96,0
5.86498,40.2644,-4.43483,0.247774,0.139313,6865.22,0
5.87147,40.3044,-4.47963,0.181296,0.16275,6864.45,0
5.87804,40.2336,-4.47413,0.00613353,0.103904,6844.73,0
5.88458,40.2474,-4.27334,-0.124886,0.111774,6839.47,0
5.89107,40.2085,-4.30732,-0.180638,0.0781718,6825.33,0
5.89755,40.2182,-4.4862,-0.199642,0.0805855,6819.46,0
5.90403,40.4484,-4.27794,-0.468922,0.245157,6850.99,0
5.91053,40.6671,-4.28935,-0.461151,0.385754,6880.45,0
5.91702,40.6564,-4.54107,-0.656521,0.351365,6871.1,0
5.92352,40.5826,-4.57787,-0.462286,0.275925,6851.1,0
5.92999,40.6907,-4.88114,-0.523345,0.326437,6861.84,0
5.93648,40.9252,-4.86185,-0.45586,0.464324,6893.85,0
5.943,40.6748,-4.90129,-0.424597,0.260006,6844.15,0
5.94951,40.4467,-4.89815,-0.44279,0.0810226,6798.33,0
5.95601,40.434,-4.99519,-0.73321,0.0672981,6788.78,0
5.96252,40.3862,-5.03034,-0.791258,0.0298305,6773.35,0
5.96899,40.4509,-5.06685,-0.678165,0.074468,6776.83,0
5.97549,40.5553,-5.23594,-0.850414,0.146589,6786.94,0
5.98198,40.6586,-5.26256,-0.936444,0.210523,6796.85,0
5.98853,40.5594,-5.36223,-1.12603,0.127285,6772.85,0
5.99507,40.7676,-5.38369,-1.13751,0.273675,6800.2,0
6.00158,40.9709,-5.20088,-1.02266,0.400916,6826.68,0
6.0081,41.2584,-5.49752,-1.31395,0.564815,6867.13,0
6.01467,41.4172,-5.42819,-1.29412,0.617162,6886.03,0
6.02122,41.6126,-5.28824,-1.25089,0.699517,6910.99,0
6.0277,41.8781,-5.43755,-1.06297,0.808201,6947.61,0
6.03419,41.8076,-5.34663,-1.14109,0.679416,6928.45,0
6.04072,41.5952,-5.14182,-1.15673,0.460936,6885.8,0
6.04726,41.6363,-4.63781,-1.30044,0.441794,6885.14,0
6.05376,41.6579,-4.73726,-1.51954,0.425392,6881.33,0
6.06033,41.9891,-4.95744,-1.4158,0.622089,6928.52,0
6.06684,42.3766,-4.77232,-1.13801,0.831133,6984.95,0
6.07331,42.1002,-4.82723,-1.34972,0.556938,6932,0
6.07979,42.1382,-4.24566,-1.21263,0.530953,6930.87,0
6.0863,42.1771,-4.28131,-1.28752,0.515391,6929.84,0
6.09282,42.3192,-4.48703,-1.15414,0.567668,6945.74,0
6.09926,42.4288,-4.44028,-1.15807,0.594901,6956.38,0
6.10577,42.3617,-4.37868,-1.2881,0.485432,6937.98,0
6.11232,42.5471,-4.05259,-1.28868,0.574914,6960.87,0
6.11887,42.85,-4.00166,-1.29231,0.730584,7002.93,0
6.12541,43.1229,-3.96486,-1.02446,0.845835,7040.01,0
6.13195,42.9276,-3.95183,-1.26495,0.628578,7000.64,0
6.13845,43.0281,-4.06707,-1.04733,0.638456,7009.62,0
6.14492,43.1984,-4.07292,-0.900486,0.689331,7029.94,0
6.15145,43.07,-3.99299,-0.874292,0.522664,7001.61,0
6.15798,43.0298,-4.06799,-0.807377,0.446923,6987.65,0
6.16448,42.9877,-4.07513,-0.545737,0.376722,6973.45,0
6.171,42.9136,-3.81057,-0.779216,0.297131,6954.07,0
6.17748,42.9677,-3.78024,-1.07213,0.316791,6955.54,0
6.18398,42.833,-3.85806,-1.09142,0.1954,6926.45,0
6.19048,42.6404,-3.97039,-1.15171,0.0465551,6888.07,0
6.19695,42.6437,-3.8835,-1.1895,0.0481648,6881.41,0
6.20348,42.8166,-4.13945,-1.01798,0.173937,6902.04,0
6.20996,42.8663,-4.10546,-1.06266,0.203131,6902.83,0
6.21644,43.0529,-4.24876,-1.07943,0.32669,6925.66,0
6.22292,42.9041,-4.10749,-1.29199,0.193585,6894.53,0
6.2294,43.0901,-4.28132,-1.46789,0.314793,6917.21,0
6.23591,43.1069,-4.43561,-1.40619,0.298173,6912.69,0
6.24239,42.9979,-4.58586,-1.52622,0.199868,6888.06,0
6.24888,43.3683,-4.38931,-1.56066,0.453535,6940.16,0
6.25536,43.4153,-4.63696,-1.67322,0.450774,6940.5,0
6.26185,43.6293,-4.57236,-1.8124,0.563812,6967.48,0
6.26834,43.654,-4.79239,-1.71296,0.517987,6964.21,0
6.27483,43.6202,-4.87787,-1.62418,0.450083,6951.61,0
6.28135,43.3643,-5.02624,-1.51233,0.235788,6903.66,0
6.28784,43.6913,-5.0841,-1.43833,0.453402,6948.54,0
6.29437,43.6081,-5.0731,-1.46472,0.35075,6928.12,0
6.30091,43.5389,-5.06566,-1.45445,0.270586,6909.94,0
6.30743,43.4428,-5.13883,-1.4754,0.184715,6887.57,0
6.31391,43.3664,-5.25123,-1.50766,0.119781,6868.4,0
6.3204,43.4769,-5.3,-1.52358,0.18804,6878.82,0
6.32693,43.6068,-5.1586,-1.79,0.271378,6892.24,0
6.33346,43.5814,-4.89224,-2.01814,0.234697,6881.14,0
6.3399,43.6902,-5.2531,-2.26807,0.302276,6891.31,0
6.34648,43.5323,-5.10178,-2.22849,0.172195,6859.28,0
6.35297,43.8218,-5.04666,-2.26641,0.369193,6897.85,0
6.35948,43.929,-4.9852,-2.03299,0.417527,6907.65,0
6.36596,44.2919,-4.58864,-1.64774,0.643119,6957.61,0
6.37248,44.2001,-4.6931,-1.69371,0.519994,6936.1,0
6.37898,44.097,-4.77194,-1.92165,0.402112,6912.86,0
6.38552,44.1283,-4.93818,-1.88269,0.397103,6910.68,0
6.392,44.1784,-4.97408,-2.02322,0.40683,6911.51,0
6.39854,44.3836,-4.97328,-1.75263,0.51444,6936.52,0
6.405,44.3324,-5.24484,-1.99739,0.433364,6921.53,0
6.41149,44.2828,-5.25606,-2.17092,0.365476,6906.78,0
6.418,44.1042,-5.42654,-2.31175,0.206851,6871.96,0
6.42451,44.0855,-5.54107,-2.47005,0.182509,6862.09,0
6.43105,44.0708,-5.6112,-2.65536,0.162947,6852.82,0
6.4376,44.1817,-5.59963,-2.49827,0.235397,6863.06,0
6.44415,44.1145,-5.47183,-2.63318,0.172375,6845.67,0
6.45069,44.4176,-5.53162,-2.59837,0.382111,6885.72,0
6.45717,44.4274,-5.2672,-2.55672,0.351819,6880.32,0
6.46368,44.4635,-5.52997,-2.60836,0.350634,6878.98,0
6.47018,44.4303,-5.73737,-2.5544,0.297876,6866.93,0
6.47669,44.3746,-5.51636,-2.83966,0.237719,6851.42,0
6.4832,44.3523,-5.41817,-2.80094,0.208143,6841.11,0
6.48969,44.1924,-5.57373,-3.02452,0.0797902,6809.63,0
6.49618,44.1407,-5.66196,-3.0824,0.0395207,6794.87,0
6.50266,44.3027,-5.67485,-3.064,0.158083,6813,0
6.5092,44.2948,-5.65736,-3.1419,0.146272,6804.96,0
6.5157,44.299,-5.82181,-3.16257,0.141523,6798.82,0
6.52221,44.6205,-5.97435,-2.91201,0.362012,6841.31,0
6.5287,44.7535,-6.09258,-2.79368,0.432835,6854.88,0
6.53519,44.6508,-6.19148,-2.98282,0.322252,6832.36,0
6.54172,44.6324,-6.45224,-2.99495,0.290497,6822.74,0
6.54827,44.547,-6.43702,-2.87434,0.21019,6802.87,0
6.55484,44.4025,-6.43777,-2.7775,0.0944024,6774,0
6.56135,44.4565,-6.4725,-2.55762,0.126247,6775.5,0
6.56785,44.5757,-6.60556,-2.59531,0.204363,6786.96,0
6.57435,44.6664,-6.5126,-2.64277,0.25565,6794.03,0
6.58086,44.6153,-6.73222,-2.74286,0.204827,6779.56,0
6.58734,44.563,-6.53839,-2.70003,0.153982,6764.94,0
6.59384,44.4801,-6.31671,-2.69314,0.0868148,6745.72,0
6.60033,44.5553,-6.37682,-2.85137,0.140055,6750.48,0
6.60683,44.5669,-6.36374,-2.82959,0.13973,6745.57,0
6.61336,44.5273,-6.36904,-2.76374,0.106337,6732.93,0
6.61987,44.6578,-6.27887,-2.49705,0.192567,6746.03,0
6.62639,44.6105,-6.0702,-2.54131,0.143221,6732.25,0
6.63292,44.5382,-6.25221,-2.44695,0.0844494,6714.73,0
6.63939,44.4766,-6.3491,-2.51988,0.037556,6698.89,0
6.64587,44.5051,-6.36005,-2.52843,0.0579625,6696.66,0
6.65236,44.8867,-6.44566,-2.48537,0.333407,6747.48,0
6.65887,44.7065,-6.17373,-2.60325,0.181978,6713.83,0
6.66543,44.6956,-6.30842,-2.6131,0.161689,6705.58,0
6.67199,44.9433,-6.16679,-2.72357,0.330438,6736.12,0
6.67849,45.0883,-6.07785,-2.43195,0.407197,6751.26,0
6.685,45.0629,-6.07105,-2.362,0.360947,6740.9,0
6.6915,45.2098,-6.4065,-2.33962,0.441548,6756.3,0
6.698,45.1839,-6.61939,-2.16083,0.387673,6745.88,0
6.70453,45.3959,-6.80167,-2.39286,0.502684,6770.93,0
6.71107,45.6154,-6.69226,-2.46216,0.61005,6797.04,0
6.71758,45.5882,-6.80521,-2.37129,0.531043,6786.4,0
6.72406,45.568,-6.8902,-2.287,0.472025,6776.86,0
6.73055,45.7294,-6.87363,-2.50475,0.552153,6794.31,0
6.73704,45.6664,-6.75992,-2.53554,0.458185,6778.41,0
6.74352,45.522,-6.74533,-2.3621,0.320894,6750.48,0
6.75,45.8712,-6.5174,-2.21315,0.555865,6795.73,0
6.75646,45.6354,-6.35619,-2.12452,0.339621,6754.34,0
6.76298,45.6159,-6.44008,-2.1535,0.300017,6744.95,0
6.76939,46.0167,-6.49563,-1.93741,0.55777,6797.77,0
6.77594,46.0929,-6.24438,-2.03019,0.557333,6802.44,0
6.78249,46.0739,-6.20819,-2.0364,0.49398,6793.06,0
6.78899,46.0927,-6.01695,-2.20748,0.467842,6789.33,0
6.7955,46.1639,-5.80283,-2.29892,0.479136,6793.3,0
6.80202,46.6554,-5.54246,-2.09607,0.780752,6859.05,0
6.80853,46.653,-5.66553,-2.5807,0.696774,6852.13,0
6.81509,46.4142,-6.10562,-2.39479,0.469004,6810.51,0
6.82156,46.3567,-6.34957,-2.3659,0.39086,6795.61,0
6.82807,46.5256,-6.28746,-2.54377,0.480991,6813.87,0
6.83458,46.5515,-6.14073,-2.50254,0.46286,6811.18,0
6.8411,46.5759,-6.27077,-2.58829,0.438371,6808.25,0
6.84761,46.5956,-5.97775,-2.55094,0.418582,6804.65,0
6.85405,46.4608,-5.99934,-2.64039,0.279472,6778.58,0
6.86056,46.365,-5.94479,-3.01875,0.19256,6758.2,0
6.86706,46.5673,-5.98042,-2.77861,0.327503,6781.25,0
6.87352,46.6222,-6.15448,-2.96586,0.341628,6782.87,0
6.88002,46.5746,-6.13149,-3.05099,0.282319,6769.55,0
6.88651,46.5602,-6.03338,-2.96198,0.254598,6761.07,0
6.89305,46.7877,-6.02871,-2.77783,0.40071,6787.66,0
6.8995,46.8286,-6.24578,-2.92606,0.397864,6787.24,0
6.90601,46.7669,-6.26595,-2.93563,0.329049,6771.91,0
6.91247,46.9996,-6.29289,-2.82473,0.474105,6799.25,0
6.91894,46.9796,-6.42128,-3.0809,0.418716,6789.99,0
6.92544,47.268,-6.2563,-3.16718,0.596221,6825.26,0
6.93196,47.5095,-6.25495,-3.33613,0.699859,6853.69,0
6.93851,47.667,-5.9216,-3.41098,0.736285,6869.92,0
6.94501,47.6204,-6.14632,-3.17626,0.612812,6856.78,0
6.95158,47.8965,-6.05938,-3.33487,0.747035,6890.02,0
6.95808,48.4789,-5.85676,-3.29709,1.06191,6967.29,0
6.96457,48.3261,-5.4103,-3.35841,0.833299,6938.84,0
6.9711,48.4427,-5.1794,-3.97221,0.83525,6949.07,0
6.97759,48.668,-5.17353,-3.96987,0.892424,6974.89,0
6.98412,48.6618,-5.18874,-3.84536,0.784649,6967.5,0
6.99059,48.7175,-5.27498,-4.28311,0.737039,6969.02,0
6.99713,48.5689,-4.95336,-4.48263,0.56322,6941.27,0
7.00371,48.3151,-5.15836,-4.4351,0.327263,6898.51,0
7.01016,48.3958,-5.17926,-4.37088,0.364442,6903.66,0
7.01671,48.4837,-5.40468,-4.33503,0.396411,6909.75,0
7.0232,48.3278,-5.55685,-4.37861,0.25617,6881.17,0
7.02971,48.5358,-5.51793,-4.31118,0.382966,6904.39,0
7.03626,48.7779,-5.44863,-4.31436,0.52226,6932.36,0
7.04281,48.6336,-5.52183,-4.10752,0.381319,6905.42,0
7.04931,48.4545,-5.65318,-4.03284,0.228344,6873.64,0
7.05578,48.5005,-5.73889,-3.8999,0.250181,6873.87,0
7.06231,48.3852,-5.87216,-3.93342,0.154284,6851.18,0
7.06883,48.45,-5.81419,-4.00575,0.195456,6854.03,0
7.07528,48.5141,-5.72085,-4.2859,0.230219,6856.83,0
7.08179,48.4822,-5.65707,-4.46557,0.194656,6846.03,0
7.0883,48.4878,-5.84844,-4.60762,0.188996,6840.54,0
7.09482,48.3529,-5.86748,-4.18387,0.0819519,6815.24,0
7.10129,48.5227,-5.84788,-4.53447,0.201895,6832.94,0
7.1078,48.7297,-5.62915,-4.47835,0.333664,6855.82,0
7.11434,48.8778,-5.79678,-4.44457,0.418516,6870.32,0
7.12081,48.9822,-5.86104,-4.48842,0.458727,6878.74,0
7.12732,49.0255,-5.97581,-4.18712,0.454157,6878.53,0
7.13382,49.2241,-6.00163,-4.25237,0.553755,6900.1,0
7.14033,49.0619,-5.7599,-4.15838,0.394023,6871.09,0
7.14684,49.0064,-5.48482,-4.25646,0.326056,6857.07,0
7.15327,49.0748,-5.56191,-4.34075,0.350209,6860.46,0
7.15981,49.0381,-5.54163,-4.45183,0.301169,6849.09,0
7.1663,48.9955,-5.56018,-4.36478,0.25342,6836.93,0
7.17281,49.0452,-5.61358,-4.32147,0.275175,6837.65,0
7.17936,49.1884,-5.38564,-4.25646,0.361229,6851.37,0
7.18585,49.2066,-5.72992,-4.14582,0.346576,6847.7,0
7.19236,49.2784,-5.57914,-3.87292,0.370863,6851.5,0
7.19888,49.1654,-5.77536,-3.87948,0.269591,6829.59,0
7.20538,49.6572,-6.00075,-3.8145,0.599573,6891.68,0
7.21191,49.4954,-5.82508,-3.74689,0.431228,6863,0
7.21846,49.5989,-6.03166,-3.80663,0.468979,6871.12,0
7.22495,49.7788,-6.02166,-3.83667,0.564735,6889.85,0
7.23147,49.8388,-6.03466,-3.64006,0.558124,6891.93,0
7.23794,50.0299,-6.41241,-3.73454,0.634742,6912.17,0
7.24441,49.967,-6.23015,-3.57893,0.531228,6897.32,0
7.2509,49.9892,-5.94567,-3.65689,0.506397,6894.21,0
7.2574,49.8848,-5.87721,-3.59929,0.392206,6873.65,0
7.26389,49.8242,-5.65676,-3.67403,0.318641,6859.15,0
7.27043,49.8819,-5.89129,-3.86446,0.335495,6860.93,0
7.27693,50.4075,-5.82008,-3.89491,0.679221,6927.03,0
7.28347,50.5476,-5.62878,-3.61185,0.705408,6940.04,0
7.29003,50.2828,-5.73041,-3.54548,0.467606,6897.48,0
7.29658,50.5929,-5.81299,-3.42008,0.646343,6933.79,0
7.30306,50.5954,-5.80521,-3.14158,0.587904,6927.98,0
7.30957,50.6001,-5.84203,-3.02665,0.533507,6922.44,0
7.31611,50.7986,-5.753,-2.78737,0.620322,6943.39,0
7.32257,50.8928,-5.67868,-2.85096,0.636884,6950.12,0
7.32907,50.8891,-5.52711,-2.88618,0.570982,6943.46,0
7.33558,51.1046,-5.17535,-2.78062,0.664331,6966.67,0
7.34207,51.3119,-5.18583,-2.16804,0.746226,6988.76,0
7.34853,51.0053,-5.28975,-1.9992,0.463305,6940.88,0
7.35502,50.6689,-5.68806,-2.02894,0.188101,6889.02,0
7.36153,50.5749,-5.78448,-1.79428,0.111244,6870.17,0
7.36799,50.688,-5.63404,-1.92576,0.187247,6879.49,0
7.37451,50.5802,-5.65596,-1.81435,0.101562,6858.79,0
7.38098,50.5813,-5.65836,-1.68399,0.097122,6852.93,0
7.38747,50.5248,-5.69251,-1.5872,0.0533583,6839.26,0
7.39399,50.8466,-5.65643,-1.37976,0.284982,6876.75,0
7.40053,50.8481,-5.9229,-1.26148,0.262199,6870.87,0
7.40702,50.7964,-5.73048,-1.38413,0.207368,6857.87,0
7.41352,50.8237,-5.67008,-1.3163,0.214161,6855.54,0
7.42002,50.7487,-5.72232,-1.3297,0.148758,6839.43,0
7.42653,50.6587,-5.64966,-1.23927,0.0779008,6821.32,0
7.43306,51.1121,-5.7632,-1.41132,0.396677,6876.32,0
7.43962,51.1289,-5.9624,-1.23627,0.378275,6872.52,0
7.44612,51.1225,-6.03859,-1.17702,0.343729,6865.66,0
7.45256,51.2919,-6.30156,-1.30392,0.435551,6882.46,0
7.45907,51.1329,-6.29714,-1.28108,0.281848,6855.13,0
7.46552,51.0676,-6.32598,-1.37979,0.215948,6840.47,0
7.472,51.1104,-6.54905,-1.2814,0.229822,6840.25,0
7.47848,50.8777,-6.43273,-1.14336,0.0498275,6803.21,0
7.48497,50.9373,-6.42177,-1.08102,0.0934217,6805.28,0
7.49149,50.9742,-6.59924,-1.30323,0.115756,6804.28,0
7.49798,50.8837,-6.52324,-1.3923,0.0444907,6786.32,0
7.50448,50.8514,-6.54813,-1.26312,0.0191864,6776.14,0
7.51099,50.8895,-6.48351,-1.4708,0.0471168,6775.34,0
7.51749,51.0884,-6.35943,-1.51909,0.188005,6795.93,0
7.524,51.0638,-6.4524,-1.47847,0.159706,6786.79,0
7.53054,51.1529,-6.20948,-1.48857,0.21488,6792.73,0
7.53706,50.9892,-6.06334,-1.58244,0.0859868,6765.13,0
7.5436,51.0129,-5.90326,-1.56055,0.101567,6762.41,0
7.55013,51.0906,-6.07692,-1.62872,0.153836,6766.84,0
7.55665,51.1424,-5.98961,-1.47525,0.185406,6767.87,0
7.56315,51.3665,-5.82496,-1.25948,0.337441,6791.68,0
7.56963,51.227,-5.5085,-1.42187,0.214249,6767.43,0
7.57612,51.2917,-5.42848,-1.43337,0.249688,6770.18,0
7.58255,51.147,-5.19965,-1.34873,0.12535,6745.35,0
7.58905,51.2316,-5.23274,-1.40705,0.179551,6750.73,0
7.59552,51.51,-5.2492,-1.51788,0.36701,6781.63,0
7.60199,51.3036,-5.25462,-1.48941,0.195292,6748.71,0
7.60849,51.2989,-5.33879,-1.78187,0.184305,6742.32,0
7.61503,51.4107,-5.52849,-2.03352,0.253533,6751.2,0
7.62155,51.3778,-5.63637,-1.98744,0.216186,6741.12,0
7.62809,51.5357,-5.54151,-2.12941,0.314738,6756.04,0
7.63461,51.6682,-5.54226,-2.27193,0.387219,6767.64,0
7.6411,51.8908,-5.39927,-2.50726,0.524816,6791.01,0
7.64757,51.7963,-5.33636,-2.45617,0.415521,6772.9,0
7.65409,51.8785,-5.45148,-2.80751,0.437689,6777.88,0
7.66062,51.9209,-5.8031,-3.19196,0.432752,6777.63,0
7.66718,51.9854,-6.00723,-3.28679,0.44585,6780.24,0
7.6737,52.3814,-6.28213,-3.27308,0.673346,6826.1,0
7.6802,52.3707,-6.33934,-3.03952,0.604436,6818.92,0
7.6867,52.2316,-6.30311,-3.12701,0.451246,6795.06,0
7.6932,52.3548,-6.05934,-2.7969,0.49936,6805.34,0
7.69971,52.1283,-5.56771,-2.86578,0.296256,6770.16,0
7.70619,52.147,-5.4135,-2.821,0.29215,6766.9,0
7.71268,51.9103,-5.30618,-2.93645,0.105519,6730.51,0
7.7192,51.8958,-5.28823,-3.07465,0.0895223,6722.95,0
7.72569,51.8251,-5.33624,-3.10173,0.0342611,6708.15,0
7.7322,52.0208,-5.45496,-3.11711,0.179233,6727.82,0
7.73874,52.1095,-5.23916,-2.92502,0.232034,6733.59,0
7.7452,51.9541,-5.21314,-2.83221,0.107398,6707.91,0
7.75166,52.163,-5.08468,-2.98661,0.255582,6729.27,0
7.75819,52.2895,-5.2222,-3.17416,0.331067,6739.9,0
7.76468,52.2907,-5.01137,-3.26373,0.306845,6734.43,0
7.77118,52.2781,-5.01777,-3.27059,0.270355,6727.17,0
7.77764,52.2515,-5.08828,-3.57155,0.236622,6718.16,0
7.78411,52.2105,-5.00868,-3.61324,0.193184,6707.31,0
7.79063,52.083,-4.90128,-3.58812,0.0909543,6685.34,0
7.79719,52.1276,-4.66826,-3.40043,0.118359,6685.43,0
7.80369,52.1286,-4.68517,-3.31933,0.112643,6680,0
7.81018,52.0231,-4.75582,-3.29687,0.0290699,6660.93,0
7.81671,52.1131,-4.88608,-3.31148,0.0951407,6666.88,0
7.8232,52.3841,-4.75784,-3.28295,0.286785,6696,0
7.8297,52.418,-5.1819,-3.10297,0.291866,6694.76,0
7.83619,52.5783,-5.25287,-3.20678,0.389579,6709.68,0
7.84271,52.4672,-5.32948,-3.03313,0.27868,6689.93,0
7.84928,52.4325,-5.40763,-2.94067,0.22939,6679.92,0
7.85574,52.5584,-5.32526,-2.94805,0.305207,6690.44,0
7.86224,53.0785,-5.35746,-3.09117,0.657715,6751.06,0
7.8688,53.3252,-5.29757,-2.96626,0.77017,6776.79,0
7.87532,53.4005,-5.45121,-2.99818,0.739381,6780.74,0
7.88182,53.4366,-5.24779,-3.12855,0.688687,6779.72,0
7.88833,53.3685,-5.0225,-3.10322,0.569459,6765.5,0
7.89484,53.3281,-5.24093,-3.12007,0.492951,6754.81,0
7.90135,53.3588,-5.26525,-3.44366,0.460668,6753.12,0
7.90785,53.3594,-5.25954,-3.29082,0.421864,6747.66,0
7.91435,53.0553,-5.12663,-3.25492,0.178377,6703.68,0
7.92088,53.0845,-5.10707,-3.25555,0.192035,6701.85,0
7.92738,53.0865,-5.26621,-3.31571,0.182064,6696.59,0
7.93386,53.0458,-4.99654,-3.26751,0.139728,6686.01,0
7.94039,53.1675,-4.89705,-3.44038,0.222429,6695.83,0
7.94693,53.0846,-4.67538,-3.55488,0.151918,6679.89,0
7.95343,53.3529,-4.74506,-3.38835,0.336005,6708.16,0
7.95994,53.3648,-4.67827,-3.25138,0.320948,6704.17,0
7.96641,53.1993,-4.46737,-3.58153,0.179805,6677.94,0
7.97291,53.3145,-4.45648,-3.72157,0.254602,6686.95,0
7.97946,53.3939,-4.28871,-3.68442,0.295258,6691.42,0
7.98595,53.3705,-4.08571,-4.07131,0.255869,6683.05,0
7.99247,53.5856,-3.97577,-4.14377,0.399433,6704.52,0
7.99895,53.8064,-3.99768,-4.10692,0.530646,6726.68,0
8.00544,53.7455,-3.94332,-4.27803,0.441157,6713.62,0
8.01198,53.8247,-3.62899,-4.23675,0.464008,6718.02,0
8.0185,53.8024,-3.43377,-4.18876,0.415488,6709.79,0
8.02503,53.7563,-3.81537,-4.2501,0.344239,6698.58,0
8.03153,53.9473,-3.74756,-4.33946,0.447549,6716.94,0
8.03802,53.8501,-3.7593,-4.59502,0.346306,6699.42,0
8.04449,53.6967,-3.96572,-4.69228,0.208144,6674.97,0
8.05098,53.7433,-3.92036,-4.61173,0.230288,6675.37,0
8.0575,53.8047,-3.63381,-4.84321,0.26152,6677.6,0
8.06402,53.9366,-3.49549,-4.80852,0.339376,6688.55,0
8.07055,54.0219,-3.68135,-4.89905,0.383225,6693.71,0
8.07707,54.2875,-3.34438,-4.91606,0.546441,6721.19,0
8.08356,54.4332,-2.90942,-4.54576,0.582716,6733.82,0
8.09003,54.8347,-2.55375,-4.49491,0.801674,6778.06,0
8.09652,54.7211,-2.74329,-4.4058,0.638148,6758.6,0
8.10305,54.5943,-2.66339,-4.48481,0.485507,6737.5,0
8.10952,54.3572,-2.85084,-4.60631,0.278188,6702.88,0
8.11603,54.3683,-2.56781,-4.88333,0.265727,6698.88,0
8.12251,54.2373,-2.59842,-4.9651,0.15755,6677.41,0
8.12903,54.2404,-2.64326,-4.91384,0.151602,6672.42,0
8.13556,54.4121,-2.52747,-4.96289,0.266972,6688.18,0
8.14208,54.4017,-2.44138,-4.84604,0.245499,6681.54,0
8.14858,54.4321,-2.61404,-4.81039,0.252683,6679.95,0
8.1551,54.5278,-2.35485,-4.60164,0.305263,6686.33,0
8.16168,54.6728,-2.31829,-4.83137,0.385489,6698.72,0
8.1682,55.0334,-2.5194,-4.83711,0.604908,6737.52,0
8.17472,55.0015,-2.2608,-5.19434,0.521653,6728.25,0
8.18118,54.8488,-2.27291,-5.05632,0.367042,6704.26,0
8.18771,54.9388,-2.59181,-5.06479,0.411139,6709.92,0
8.19418,55.0861,-2.5416,-5.10457,0.483331,6722.59,0
8.20062,55.1931,-2.32226,-5.01791,0.518048,6730.36,0
8.20712,55.1793,-2.13315,-5.14489,0.458553,6723.34,0
8.21362,55.0845,-2.38152,-5.08205,0.353223,6706.48,0
8.22012,54.9864,-2.54331,-5.27785,0.254976,6689.25,0
8.22665,54.9016,-2.38046,-5.29854,0.179191,6673.62,0
8.23316,54.9009,-2.45518,-5.18542,0.171269,6668.27,0
8.23964,54.8037,-2.66686,-5.34413,0.0947708,6651.23,0
8.24618,54.7573,-2.53078,-5.40414,0.0570889,6640.32,0
8.25271,54.8424,-2.56203,-5.51285,0.118737,6645.38,0
8.25921,54.7936,-2.45216,-5.38915,0.0790906,6634.25,0
8.26574,54.7573,-2.53027,-5.37818,0.0490481,6624.6,0
8.27229,54.9347,-2.46532,-5.38075,0.176038,6640.81,0
8.27876,54.9477,-2.61184,-5.40589,0.176606,6637.18,0
8.28528,54.8235,-2.52393,-5.33235,0.0758926,6616.98,0
8.29178,54.8999,-2.35645,-5.46391,0.125466,6621.01,0
8.29829,54.9708,-2.57623,-5.61717,0.16841,6624.35,0
8.30483,54.9934,-2.74111,-5.58033,0.178346,6621.85,0
8.31137,55.1787,-2.71711,-5.71327,0.301455,6638.94,0
8.31791,55.0813,-2.82298,-5.89669,0.21136,6622.01,0
8.3244,55.1488,-2.93606,-5.8962,0.249732,6624.96,0
8.33084,55.2348,-3.04497,-5.83976,0.292763,6630.16,0
8.33733,55.1661,-3.0043,-5.85517,0.221119,6616.76,0
8.34382,55.1394,-2.91913,-5.81825,0.187675,6608.41,0
8.35031,55.0927,-2.92466,-5.89574,0.146284,6597.69,0
8.35679,55.2545,-2.98731,-5.8301,0.257076,6611.92,0
8.36329,55.1933,-2.97673,-5.77053,0.195252,6599.47,0
8.36981,55.1413,-2.87975,-5.83721,0.14917,6588.12,0
8.37632,55.0458,-2.88463,-5.85522,0.071031,6571.6,0
8.38285,55.1063,-2.91317,-5.9352,0.112874,6573.69,0
8.38936,55.19,-3.01248,-5.82725,0.168364,6578.57,0
8.39586,54.9725,-3.19045,-5.83706,0.00211455,6547.57,0
8.40243,55.1308,-3.10085,-5.99474,0.118791,6561.3,0
8.40896,55.3289,-3.12852,-6.17733,0.255176,6579.75,0
8.41549,55.5918,-3.05124,-5.94299,0.427974,6605.89,0
8.42201,55.4815,-2.99306,-5.98532,0.312557,6587.68,0
8.42851,55.521,-3.07728,-6.09551,0.323269,6587.29,0
8.43504,55.8473,-3.01599,-6.29641,0.538077,6620.87,0
8.44152,55.7445,-2.81732,-6.42487,0.426344,6603.61,0
8.44804,55.8122,-2.83762,-6.4777,0.443745,6606.52,0
8.45459,55.9966,-2.98816,-6.57258,0.532574,6623.22,0
8.46111,55.9897,-2.94993,-6.98226,0.48523,6617.3,0
8.46764,56.3958,-2.63898,-6.84885,0.724697,6660.16,0
8.47415,56.3467,-2.5762,-7.14484,0.604741,6649.24,0
8.48067,56.6624,-2.53787,-7.44384,0.77502,6681.37,0
8.48716,56.6223,-2.5546,-7.52039,0.666844,6671.53,0
8.49366,56.7957,-3.00917,-7.4827,0.719194,6686.84,0
8.50018,57.0303,-3.02262,-7.57399,0.806589,6709.3,0
8.50673,57.6303,-3.34688,-7.58737,1.12142,6774.67,0
8.51327,57.3124,-3.2513,-7.46341,0.757913,6732.12,0
8.51979,57.6346,-3.33898,-7.62148,0.905663,6764.79,0
8.52631,57.9774,-3.29724,-7.63355,1.03582,6799.83,0
8.53278,57.9794,-3.37679,-7.60412,0.9149,6794.9,0
8.53927,57.8222,-3.24005,-7.68875,0.699714,6771.33,0
8.54579,57.9602,-3.27617,-7.69119,0.728707,6782.31,0
8.55227,58.1314,-3.67453,-7.67826,0.778249,6797.19,0
8.55879,57.7327,-3.65283,-7.54824,0.422955,6745.43,0
8.56528,57.8414,-3.48584,-7.51439,0.467882,6753.01,0
8.57182,57.5974,-3.72378,-7.31332,0.26973,6719.39,0
8.57831,57.8262,-3.72094,-7.29665,0.40922,6740.97,0
8.58482,58.0646,-3.65873,-7.28329,0.549946,6763.64,0
8.59129,58.1256,-3.53675,-7.0934,0.549935,6765.64,0
8.59779,57.9398,-3.8164,-6.89756,0.367124,6738.91,0
8.60431,58.0108,-3.82245,-6.85698,0.392208,6742.06,0
8.61081,58.3357,-4.00078,-6.62027,0.592905,6774.71,0
8.6173,58.3061,-4.07059,-6.81747,0.519167,6766.17,0
8.62378,58.3978,-4.18198,-6.7101,0.540313,6771.71,0
8.6303,58.4042,-4.1498,-6.53408,0.499012,6767.35,0
8.63684,58.4739,-3.9585,-6.44412,0.507186,6770.29,0
8.6434,58.4825,-3.94061,-6.72307,0.47073,6766.14,0
8.64986,58.6453,-3.68799,-6.7644,0.543529,6779.92,0
8.65634,58.8021,-3.70375,-6.68513,0.602893,6792.95,0
8.66288,58.6811,-3.61774,-6.7645,0.462468,6773.86,0
8.66933,58.5716,-3.71384,-6.93194,0.346193,6756.18,0
8.67587,58.4165,-3.7793,-6.93651,0.210411,6733.22,0
8.68239,58.4341,-3.77682,-7.34532,0.21315,6730.19,0
8.68893,58.5532,-3.94085,-7.5311,0.285047,6738.82,0
8.69543,58.5122,-4.05038,-7.85777,0.238636,6729.08,0
8.70193,58.3471,-3.92972,-8.05755,0.105832,6705.07,0
8.70843,58.3003,-3.85912,-8.15193,0.0656423,6694.69,0
8.71492,58.2723,-3.79863,-8.15093,0.043524,6686.5,0
8.72142,58.4198,-3.51208,-8.14052,0.150493,6698.43,0
8.72788,58.4001,-3.54834,-8.35501,0.132023,6691.21,0
8.73441,58.3104,-3.56936,-8.46318,0.061414,6675.93,0
8.74087,58.5544,-3.61399,-8.36841,0.236522,6698.92,0
8.7474,58.6531,-3.45832,-8.26807,0.290622,6705.2,0
8.75391,58.5811,-3.32543,-8.47286,0.211721,6691.99,0
8.76041,58.6501,-3.1005,-8.64745,0.246457,6694.91,0
8.7669,58.7973,-3.08119,-8.60082,0.339228,6706.74,0
8.77341,58.9534,-3.01963,-8.64486,0.426959,6719.56,0
8.77991,58.652,-3.18392,-8.57506,0.173161,6680.25,0
8.78642,58.4882,-3.10018,-8.56375,0.0466001,6656.65,0
8.79292,58.6047,-3.09872,-8.7409,0.130615,6664.98,0
8.79944,58.558,-2.92272,-8.8262,0.0921443,6654.74,0
8.80601,58.6224,-3.01402,-9.02394,0.136616,6657.09,0
8.81253,58.5905,-2.97874,-9.03487,0.108006,6648.54,0
8.81903,58.762,-3.21312,-9.13886,0.228392,6663.09,0
8.82554,58.7658,-2.95381,-9.20224,0.219334,6658.61,0
8.83209,58.7486,-2.83025,-9.14116,0.197038,6651.73,0
8.8386,58.5599,-2.95385,-9.17601,0.0521245,6625.47,0
8.84512,58.5329,-3.05624,-9.4205,0.0296746,6617.54,0
8.85162,58.546,-3.12982,-9.48388,0.0379935,6614.15,0
8.85817,58.5554,-3.1573,-9.40309,0.0427637,6610.33,0
8.86465,58.5865,-3.13824,-9.39248,0.0647115,6609,0
8.87113,58.7003,-3.23238,-9.43716,0.147931,6617.01,0
8.87767,59.1043,-3.18936,-9.3929,0.431654,6657.64,0
8.88416,59.2276,-2.96444,-9.18104,0.484808,6666.65,0
8.89066,59.0768,-2.73084,-9.60032,0.338735,6644.82,0
8.89718,59.1285,-2.25258,-9.4598,0.353815,6645.75,0
8.9037,59.496,-2.11142,-9.20961,0.589542,6682.17,0
8.91024,59.2688,-2.20342,-9.39407,0.369021,6651.76,0
8.91674,59.4824,-1.99004,-9.13765,0.497726,6670.87,0
8.9233,59.6466,-2.07067,-9.07574,0.577365,6684.36,0
8.92979,59.611,-1.91087,-8.97105,0.502612,6675.52,0
8.93632,59.6124,-2.11597,-8.93028,0.460787,6670.8,0
8.94284,59.7851,-2.04723,-8.75409,0.545644,6685.25,0
8.94938,59.5443,-2.01032,-8.76056,0.329566,6653.45,0
8.95592,59.5088,-1.68287,-8.73345,0.275458,6644.63,0
8.96241,59.5838,-1.87534,-8.91185,0.311301,6648.19,0
8.96898,59.768,-1.93554,-9.29522,0.415598,6663.86,0
8.97551,60.1594,-1.8269,-9.5396,0.651359,6702.61,0
8.98199,59.9248,-1.81044,-9.38734,0.428042,6671.66,0
8.98851,60.1326,-1.73776,-9.61658,0.540467,6689.95,0
8.99501,59.9251,-1.82163,-9.73464,0.343663,6662.04,0
9.00148,59.969,-1.8181,-9.63918,0.340024,6662.13,0
9.008,59.956,-1.78775,-9.66028,0.311894,6655.86,0
9.01447,60.148,-1.77547,-9.42033,0.425883,6672.39,0
9.02094,59.9989,-1.67823,-9.40106,0.287425,6651.07,0
9.02746,60.1222,-1.61816,-9.5418,0.356005,6659.93,0
9.03397,59.9772,-1.58224,-9.80334,0.225185,6639.07,0
9.04046,59.9862,-1.82218,-9.77639,0.214214,6635.3,0
9.04691,59.9856,-1.8364,-9.83123,0.200723,6630.51,0
9.0534,59.9595,-1.7699,-9.92715,0.16565,6622.87,0
9.05993,59.8624,-1.77027,-9.86468,0.0896623,6607.38,0
9.06645,59.8708,-1.76172,-9.95955,0.0937352,6603.56,0
9.0729,59.847,-1.90189,-9.99161,0.0728969,6596.24,0
9.07938,60.0418,-1.84,-10.1123,0.210666,6612.98,0
9.08591,60.1393,-1.86624,-10.0767,0.269547,6618.96,0
9.09248,60.1397,-1.80649,-10.0714,0.251067,6614.22,0
9.09897,60.2406,-1.6273,-10.1351,0.308597,6620.6,0
9.10546,60.2195,-1.61024,-10.2631,0.274765,6613.56,0
9.11197,60.2971,-1.46741,-10.2071,0.309866,6617.35,0
9.11849,60.3241,-1.31483,-10.2852,0.313397,6615.58,0
9.12502,60.468,-1.30658,-10.4169,0.394383,6626.62,0
9.13149,60.3842,-1.2076,-10.5856,0.310577,6612.74,0
9.13797,60.171,-1.27002,-10.7755,0.138238,6584.72,0
9.14444,59.9968,-1.14945,-10.7425,0.00586359,6561.01,0
9.15093,60.1627,-0.984346,-10.791,0.128557,6574.49,0
9.15747,60.0491,-1.02349,-10.8286,0.039284,6557.39,0
9.16402,60.129,-1.02747,-10.9954,0.097435,6561.43,0
9.17053,60.2353,-0.986808,-11.2319,0.172667,6568.36,0
9.17704,60.2656,-0.876805,-11.289,0.186367,6567,0
9.18355,60.0993,-0.820311,-11.2265,0.0530759,6544.24,0
9.19007,60.1678,-0.91299,-11.2715,0.102152,6547.05,0
9.19659,60.1785,-0.939779,-11.2904,0.105567,6543.57,0
9.20314,60.0773,-1.00519,-11.453,0.0270636,6527.92,0
9.20964,60.0727,-0.928405,-11.272,0.0221953,6522.81,0
9.21608,60.3108,-0.822467,-11.1616,0.19332,6544.08,0
9.22259,60.4389,-0.976733,-11.0837,0.279273,6553.36,0
9.22906,60.3129,-1.00419,-11.0538,0.170222,6535.1,0
9.23563,60.185,-1.08586,-11.0833,0.0694221,6516.61,0
9.24214,60.3346,-0.931595,-11.0134,0.175297,6528.2,0
9.24867,60.4322,-0.925864,-10.7285,0.239198,6534.15,0
9.25518,60.2835,-0.781219,-10.8355,0.114971,6513.48,0
9.26171,60.2661,-0.782567,-10.7461,0.0963393,6507.02,0
9.2682,60.4208,-0.816056,-10.5875,0.206132,6519.15,0
9.27467,60.4907,-0.821137,-10.4463,0.242533,6522.14,0
9.28121,60.479,-1.09411,-10.5808,0.216758,6516.28,0
9.28772,60.2735,-1.183,-10.7818,0.0570756,6489.59,0
9.29425,60.4493,-1.07792,-10.7848,0.181918,6503.94,0
9.30076,60.7049,-1.1254,-10.8167,0.355414,6526.88,0
9.30723,60.7852,-1.38183,-10.8726,0.38676,6530.97,0
9.31371,60.8852,-1.19355,-10.8612,0.427166,6537.16,0
9.32028,60.8824,-1.40774,-10.8685,0.392923,6532.25,0
9.32679,60.9389,-1.33878,-10.9952,0.4082,6533.75,0
9.33331,61.2725,-1.38984,-11.0003,0.610147,6564.92,0
9.33984,61.0092,-1.43243,-11.2747,0.366241,6532.15,0
9.34635,60.9919,-1.16944,-11.2983,0.327859,6525.74,0
9.35283,61.1754,-0.878273,-11.5481,0.42516,6540.84,0
9.35936,61.343,-0.933681,-11.7667,0.51727,6554.19,0
9.36582,61.4569,-0.89127,-11.5887,0.549228,6561.83,0
9.37232,61.4954,-0.833008,-11.2536,0.514559,6561.38,0
9.37881,61.1425,-1.09453,-11.4599,0.218114,6519.21,0
9.38534,61.017,-1.06422,-11.6053,0.11549,6501.31,0
9.39183,60.9475,-1.04093,-11.515,0.0588755,6489.41,0
9.39837,60.9565,-0.966741,-11.7225,0.0642032,6485.85,0
9.40487,61.0087,-1.00958,-11.6236,0.100201,6486.92,0
9.41142,61.1238,-0.817614,-11.4718,0.183626,6494.64,0
9.41791,61.2842,-0.766727,-11.4615,0.29096,6507.19,0
9.42438,61.4448,-0.816425,-11.3981,0.37895,6519.77,0
9.43092,61.2908,-0.861792,-11.2571,0.242285,6498.91,0
9.43743,61.2393,-0.99589,-11.4315,0.18678,6488.98,0
9.44394,61.2228,-1.10787,-11.3045,0.164112,6482.76,0
9.45044,61.3388,-1.17661,-11.3248,0.236949,6490.58,0
9.45691,61.5608,-1.07157,-11.1484,0.384782,6509.61,0
9.4634,61.603,-0.87877,-11.4558,0.372312,6509.61,0
9.46995,61.7869,-1.02717,-11.2482,0.472058,6524.52,0
9.47644,61.6184,-1.40817,-11.1585,0.311397,6502.27,0
9.48297,61.6613,-1.26789,-11.2382,0.314036,6502.32,0
9.48946,62.001,-1.37199,-10.9381,0.534443,6533.67,0
9.496,61.9697,-1.05643,-10.9012,0.465716,6525.88,0
9.50254,61.9268,-0.775795,-10.9522,0.401921,6516.87,0
9.50904,61.9761,-0.775053,-10.9063,0.406115,6517.6,0
9.5156,61.6441,-0.917811,-11.2516,0.139764,6478.21,0
9.52213,61.6565,-0.866455,-11.6094,0.142227,6475.08,0
9.52866,61.8106,-0.735603,-11.5464,0.243257,6486.81,0
9.53517,61.9094,-0.59908,-11.7175,0.297142,6492.74,0
9.54168,61.7655,-0.510047,-11.5447,0.175902,6473.23,0
9.54819,61.5915,-0.524069,-11.5298,0.0413689,6450.6,0
9.55469,61.6368,-0.472934,-11.568,0.0729697,6450.95,0
9.56117,61.8082,-0.550069,-11.3898,0.195396,6464.5,0
9.56774,61.7341,-0.438017,-11.6634,0.12746,6452.32,0
9.57426,61.5861,-0.348298,-11.7927,0.0143805,6432.46,0
9.58072,61.6188,-0.407869,-11.71,0.0385005,6431.54,0
9.58722,61.8998,-0.338697,-11.3995,0.241602,6456.49,0
9.59372,61.8048,-0.36595,-11.4101,0.156193,6442.22,0
9.60026,61.8628,-0.0516642,-11.2842,0.185382,6443.87,0
9.60677,61.7221,0.102269,-11.4362,0.0750212,6424.85,0
9.61327,61.814,-0.0297799,-11.2663,0.138545,6430.07,0
9.61978,61.8075,-0.13033,-11.2892,0.126183,6425.04,0
9.6263,62.0856,-0.0423769,-11.2725,0.322569,6449.58,0
9.63282,61.9877,-0.170119,-11.2488,0.234925,6435.06,0
9.63936,61.9891,-0.41472,-11.2364,0.223799,6430.84,0
9.64588,61.9391,-0.408691,-11.3017,0.171749,6421.3,0
9.65235,61.9165,-0.423724,-11.4616,0.1497,6414.65,0
9.65885,61.7838,-0.503214,-11.5577,0.0468763,6396.6,0
9.66537,61.8526,-0.329969,-11.3627,0.0958217,6399.4,0
9.67188,61.7738,-0.210194,-11.2952,0.0351561,6386.95,0
9.67837,61.9652,-0.0855269,-11.35,0.174361,6402.44,0
9.68494,61.874,0.00844956,-11.1303,0.0982032,6388.68,0
9.69142,61.9682,-0.140184,-10.9787,0.162266,6394.14,0
9.6979,62.2509,-0.181631,-11.0935,0.358375,6419.01,0
9.70438,62.42,0.0746853,-11.2404,0.459121,6432.15,0
9.71089,62.2303,0.234845,-11.2737,0.287885,6408.3,0
9.71737,62.0426,0.267568,-11.1819,0.133727,6384.71,0
9.7239,62.1306,0.172959,-11.095,0.194842,6389.47,0
9.73044,61.9764,0.267305,-11.1179,0.0707169,6369.34,0
9.73692,61.9311,0.248657,-11.2408,0.0362914,6360.44,0
9.74347,62.0384,0.149901,-11.2114,0.113982,6367.17,0
9.74996,61.9818,0.203014,-11.1173,0.0674594,6357.14,0
9.75644,61.9311,0.141425,-11.1198,0.0281949,6347.71,0
9.76296,61.964,0.260002,-11.0788,0.0522822,6346.84,0
9.76947,61.945,0.346733,-11.1984,0.0361173,6340.67,0
9.77594,62.0119,0.288443,-11.3869,0.0833953,6343.32,0
9.78248,61.9628,0.417385,-11.3235,0.0458011,6334.06,0
9.78897,62.1493,0.365984,-11.264,0.178716,6348.91,0
9.79547,62.2691,0.548348,-11.2943,0.257169,6356.93,0
9.80192,62.0832,0.659283,-11.2572,0.106232,6333.79,0
9.80837,62.1045,0.482393,-11.5351,0.115499,6331.78,0
9.81489,62.1815,0.483621,-11.2306,0.16601,6335.43,0
9.82139,62.2038,0.459218,-11.1358,0.175366,6333.5,0
9.82791,62.3408,0.715417,-11.0939,0.258906,6343.24,0
9.83445,62.4982,0.50322,-11.0097,0.357052,6355.02,0
9.84098,62.5172,0.858471,-11.2466,0.339298,6352.74,0
9.84748,62.3399,0.998515,-11.0631,0.19003,6330.55,0
9.85399,62.1545,0.821667,-11.0982,0.0452215,6307.55,0
9.86049,62.1816,0.640597,-11.2065,0.0645273,6306.14,0
9.86702,62.414,0.688235,-11.3637,0.231442,6325.52,0
9.87354,62.2706,0.595046,-11.3504,0.117664,6306.82,0
9.88002,62.2058,0.43945,-11.3577,0.0645882,6296.13,0
9.88655,62.3765,0.569196,-11.3426,0.186875,6309.22,0
9.89305,62.2612,0.376661,-11.4188,0.0905003,6293.43,0
9.89956,62.404,0.468065,-11.5129,0.190419,6303.72,0
9.90604,62.5329,0.542098,-11.4692,0.27098,6312.6,0
9.91252,62.4523,0.527277,-11.491,0.199628,6300.34,0
9.91903,62.4656,0.537179,-11.6794,0.195457,6297.55,0
9.92552,62.3563,0.603117,-11.7176,0.105189,6282.42,0
9.93205,62.3871,0.466172,-11.7518,0.124496,6281.39,0
9.93859,62.4406,0.0263865,-11.8437,0.152906,6282.64,0
9.94511,62.4377,-0.222654,-11.6777,0.143921,6278.23,0
9.95162,62.4058,-0.247394,-11.5414,0.114131,6270.92,0
9.95813,62.311,-0.282661,-11.553,0.0389,6257.3,0
9.96465,62.3631,-0.309955,-11.6449,0.077281,6258.43,0
9.97117,62.3699,-0.329295,-11.4654,0.079845,6255.03,0
9.97767,62.4905,-0.136058,-11.46,0.165468,6263.04,0
9.98416,62.5124,-0.228697,-11.6668,0.175899,6261.16,0
9.99069,62.6552,-0.348947,-11.7158,0.271334,6271.36,0
9.99717,62.6867,-0.482754,-11.6616,0.274661,6270.44,0
10,62.7077,-0.511388,-11.8341,0.283332,6270.77,0
