0.00654283,0.0191407,0.0486074,-0.0591014,0.0139785,2925.44,0
0.0130874,0.0132246,0.111368,-0.0470537,0.00907195,1010.48,0
0.0195913,0.223751,0.29792,-0.0688851,0.16478,11420.9,0
0.0260951,0.14057,0.24175,0.099777,0.0980491,5386.85,0
0.0326035,0.0831082,0.187243,0.0961172,0.0518226,2549.06,0
0.0390931,0.148783,0.189591,0.0468185,0.096979,3805.87,0
0.045605,0.259206,0.111863,0.0417272,0.17415,5683.72,0
0.0521142,0.276573,0.196129,0.105921,0.177508,5307.05,0
0.058614,0.29785,0.147939,0.076789,0.185018,5081.56,0
0.0651175,0.365492,-0.0200631,0.0706022,0.222527,5612.81,0
0.0716428,0.481644,0.136532,0.236577,0.293972,6722.86,0
0.0780962,0.675293,0.00241932,0.199015,0.409345,8646.93,0
0.084596,0.546212,0.166153,0.0527601,0.284873,6456.72,0
0.0911196,0.51982,0.351702,0.140705,0.251902,5704.8,0
0.0976217,0.543579,0.296048,0.232091,0.251471,5568.22,0
0.104117,0.512655,0.493036,0.00462435,0.215806,4923.82,0
0.110637,0.406839,0.303303,-0.287666,0.12682,3677.25,0
0.117188,0.715486,0.274072,-0.456414,0.336697,6105.47,0
0.12374,0.93331,0.20141,-0.168089,0.46175,7542.48,0
0.130252,0.863705,0.00778598,-0.261064,0.371533,6631.04,0
0.136834,0.810323,-0.0247843,-0.0474775,0.311382,5921.96,0
0.143358,1.06028,-0.0515769,0.331875,0.46993,7396.02,0
0.149883,1.05879,0.025881,0.24759,0.423007,7064.11,0
0.15642,1.02291,-0.0647516,0.270793,0.359837,6539.53,0
0.162948,1.02575,-0.00977414,0.501806,0.33936,6294.96,0
0.16949,1.0004,0.205573,0.435012,0.297715,5902.4,0
0.176004,0.981642,0.345986,0.387899,0.259625,5577.39,0
0.182542,1.0927,0.179597,0.390313,0.318716,5986.03,0
0.189017,1.12453,0.298753,0.466388,0.317566,5949.34,0
0.195536,1.1268,0.542973,0.657822,0.29451,5762.62,0
0.20211,1.13164,0.514737,0.539616,0.276339,5599.13,0
0.208644,1.41348,0.469791,0.756914,0.455916,6774.6,0
0.215178,1.43015,0.5568,0.82302,0.424532,6646.38,0
0.221669,1.10396,0.308557,0.51746,0.159053,4980.2,0
0.228193,1.14093,0.431908,0.56394,0.178402,4999.85,0
0.234674,1.15235,0.382452,0.591335,0.177306,4910.44,0
0.241189,0.990383,0.328348,0.429606,0.0492643,4106.25,0
0.247705,0.984748,0.41238,0.381744,0.0439302,3975.49,0
0.254222,1.00952,0.487586,0.173576,0.0608409,3971.02,0
0.260743,1.07092,0.576023,0.0198818,0.103833,4107.19,0
0.267248,1.14225,0.47182,0.200794,0.152711,4274.11,0
0.273785,1.12946,0.368065,0.533513,0.136923,4125.33,0
0.280327,1.36208,0.418455,0.514084,0.297132,4858.88,0
0.286848,1.33958,0.421673,0.562194,0.261082,4670,0
0.293324,1.48232,0.347337,0.405155,0.342347,5053.51,0
0.299826,1.61415,0.371486,0.267013,0.410468,5383.64,0
0.306297,1.72431,0.521665,0.349165,0.454545,5629.54,0
0.312787,1.76785,0.288727,0.418821,0.452259,5651.94,0
0.319303,1.62799,0.455067,0.62314,0.319777,5098.58,0
0.325818,1.40562,0.442289,0.466083,0.140806,4314.11,0
0.332296,1.36057,0.451738,0.605119,0.0969848,4094.45,0
0.338791,1.46954,0.474065,0.480555,0.17332,4337.6,0
0.345321,1.57136,0.384258,0.254763,0.235839,4550.42,0
0.351862,1.31447,0.464437,-0.0533388,0.0372127,3735.76,0
0.358433,1.4218,0.64555,-0.135542,0.113968,3966.71,0
0.36494,1.43752,0.633509,-0.15678,0.122428,3939.06,0
0.371455,1.44656,0.763152,-0.431625,0.12318,3894.3,0
0.377956,1.69941,0.717512,-0.590082,0.302768,4496.33,0
0.384449,1.53982,0.733546,-0.771512,0.171382,4005.25,0
0.390936,1.56252,0.823262,-0.742647,0.178903,3996.88,0
0.397436,1.49021,0.941227,-0.967771,0.115427,3749.57,0
0.40395,1.55257,0.96339,-0.872556,0.156277,3843.46,0
0.410445,1.49868,0.964931,-0.948196,0.110973,3651.34,0
0.416935,1.45258,1.05832,-0.86414,0.0735937,3483.95,0
0.423449,1.55695,0.870317,-1.04591,0.148293,3676.83,0
0.429964,1.54308,0.809454,-0.812057,0.13133,3588.85,0
0.436469,1.56332,0.5343,-1.03207,0.138378,3581.74,0
0.443005,1.73889,0.756775,-1.01686,0.256404,3925.22,0
0.449509,1.62022,0.856752,-0.99164,0.158217,3604.43,0
0.456014,1.50846,0.845583,-1.0999,0.0685137,3307.92,0
0.462516,1.58866,0.867033,-1.0686,0.126206,3434.83,0
0.469014,1.57119,0.784804,-0.836472,0.106348,3349.99,0
0.47554,1.84472,1.06798,-0.691353,0.300395,3879.22,0
0.482042,1.84768,0.99801,-0.550336,0.282254,3833.03,0
0.488536,2.05208,0.725284,-0.864191,0.410272,4200.48,0
0.494976,1.93826,0.728915,-0.69099,0.295181,3915.86,0
0.501483,2.0699,0.751186,-0.752168,0.370948,4127.57,0
0.507961,2.45102,0.864722,-0.649361,0.609053,4825.22,0
0.5145,2.12584,0.673542,-0.473855,0.324643,4131.85,0
0.521011,1.94929,0.684457,-0.472442,0.177459,3741.36,0
0.527526,1.90874,0.772789,-0.33293,0.140325,3618.28,0
0.534004,1.81373,0.89442,-0.408921,0.0653984,3396.48,0
0.540525,1.91783,1.0997,-0.481861,0.137335,3548.09,0
0.547073,1.95539,0.833377,-0.357903,0.157773,3574.28,0
0.553531,2.19679,0.703907,-0.527682,0.324212,3968.69,0
0.560054,2.30295,0.502181,-0.530495,0.377249,4112.01,0
0.566571,2.28428,0.349612,-0.853985,0.333136,4031.76,0
0.573068,2.43427,0.557667,-0.975646,0.411164,4247.79,0
0.579587,2.30424,0.508471,-1.0135,0.286998,3975.65,0
0.586091,2.28606,0.678914,-0.945104,0.254693,3900.52,0
0.592626,2.37238,0.537668,-1.05309,0.295071,4003.16,0
0.599167,2.72536,0.408056,-0.785031,0.526208,4548.58,0
0.605647,2.48695,0.269765,-0.569469,0.311617,4106.27,0
0.612124,2.4866,0.19204,-0.588864,0.286308,4062.24,0
0.618617,2.65714,0.177768,-0.848245,0.386982,4295.29,0
0.62513,3.09395,0.0850494,-0.565102,0.660652,4949.29,0
0.631617,2.9475,0.0251523,-0.606952,0.481171,4666.59,0
0.638131,3.06744,0.103505,-0.687102,0.518042,4806.91,0
0.644631,3.29146,0.236385,-0.411545,0.62599,5105.96,0
0.651112,3.12225,0.40299,-0.0315347,0.4386,4795.26,0
0.657613,3.18142,0.291151,-0.0425572,0.444497,4837.84,0
0.664136,3.46338,0.0430968,0.0585652,0.600791,5214.86,0
0.670608,3.37312,-0.000725478,0.109824,0.480311,5029.94,0
0.677156,3.64347,0.0814001,0.299884,0.631218,5380.54,0
0.683679,3.51434,0.153636,0.336021,0.487121,5140.34,0
0.690219,3.75452,0.0823799,0.196163,0.611805,5439.6,0
0.696742,3.73255,-0.0695023,-0.0728662,0.539638,5357.15,0
0.70326,3.7012,-0.126018,-0.139063,0.473248,5262.92,0
0.709764,3.79899,-0.0812407,-0.187331,0.505844,5352.47,0
0.71628,3.98033,-0.27873,-0.212154,0.583962,5556.95,0
0.722766,3.97118,-0.17441,-0.114811,0.527077,5494.42,0
0.729265,4.02458,-0.332021,-0.246492,0.516904,5518.68,0
0.735798,3.95358,-0.169255,-0.363253,0.422713,5373.19,0
0.742289,3.71455,-0.38121,-0.384632,0.220615,5004.19,0
0.7488,3.57772,-0.32917,-0.62652,0.109495,4777.95,0
0.755291,3.73715,-0.289516,-0.702454,0.216922,4947.97,0
0.761797,3.62785,-0.24618,-0.790407,0.128755,4762.22,0
0.768299,3.60612,-0.209896,-0.808428,0.106954,4693.65,0
0.774863,3.80162,-0.270144,-0.657674,0.240128,4906.19,0
0.781337,3.72047,-0.310866,-0.610508,0.170192,4761.67,0
0.787865,3.75272,-0.450605,-0.877829,0.184383,4763.15,0
0.794405,3.94718,-0.466024,-1.05131,0.31258,4968.72,0
0.800853,4.13107,-0.263885,-1.27132,0.419028,5158.34,0
0.807336,4.28637,-0.39091,-1.18373,0.492414,5309.27,0
0.813847,4.19557,-0.188427,-1.50959,0.390755,5155.23,0
0.820405,4.4908,-0.0997148,-1.62641,0.56238,5473.87,0
0.826913,4.3388,0.0892459,-1.51246,0.398582,5246.99,0
0.833404,4.45478,0.0546877,-1.44589,0.443445,5345.28,0
0.8399,4.57811,0.149249,-1.33096,0.486595,5450.78,0
0.846426,4.55619,-0.11976,-1.49498,0.423412,5382.86,0
0.852884,4.39732,-0.0425621,-1.59269,0.275494,5155.83,0
0.85935,4.55682,0.277981,-1.67876,0.377494,5302.63,0
0.8659,4.44586,0.120206,-1.50697,0.259362,5134.39,0
0.872423,4.59833,0.218814,-1.48394,0.348797,5270.75,0
0.878938,4.7032,0.181847,-1.50471,0.399412,5351,0
0.88549,4.79753,0.17837,-1.74434,0.430251,5417.95,0
0.891997,4.92274,-8.65911e-05,-1.86972,0.488122,5518.78,0
0.898504,5.07995,-0.0861613,-1.70043,0.554158,5653.78,0
0.905011,5.52195,-0.160216,-1.67734,0.804296,6101.52,0
0.911518,5.80103,-0.359444,-1.73922,0.899885,6364.15,0
0.918062,5.93985,-0.255726,-1.52563,0.881759,6469.99,0
0.924562,5.81511,-0.454273,-1.48985,0.703142,6289.58,0
0.931081,5.72467,-0.590766,-1.57072,0.572335,6148.41,0
0.937584,5.83365,-0.630515,-1.46675,0.588657,6222,0
0.944074,5.597,-0.740657,-1.67813,0.369974,5928.56,0
0.950567,5.7463,-0.612827,-1.52104,0.448332,6045.14,0
0.957125,5.64304,-0.548473,-1.39754,0.336206,5895.82,0
0.963639,5.76857,-0.445685,-1.36584,0.398855,5986.23,0
0.970178,6.12034,-0.0457902,-1.61825,0.613456,6308.47,0
0.976685,6.14354,-0.102088,-1.72216,0.579876,6290.2,0
0.983221,6.28056,-0.439547,-1.70044,0.617592,6387.74,0
0.989708,6.26932,-0.351285,-1.74981,0.549803,6334.52,0
0.996192,6.51947,-0.324538,-1.81713,0.669766,6544.39,0
1.00265,6.29894,-0.300349,-1.7078,0.445756,6282.27,0
1.00915,6.53005,-0.228413,-2.02857,0.568506,6470.83,0
1.01567,6.62868,-0.164229,-2.07293,0.58188,6526.4,0
1.0222,6.53198,-0.160754,-2.17085,0.46692,6390.12,0
1.0287,6.61374,-0.465953,-2.01001,0.48325,6429.21,0
1.03523,6.58236,-0.384033,-1.89476,0.415082,6358.32,0
1.04175,6.9352,-0.596832,-1.69987,0.628052,6657.25,0
1.04827,6.76216,-0.437438,-1.52087,0.452744,6450.78,0
1.05482,6.89741,-0.644894,-1.56134,0.516792,6538.97,0
1.06133,6.72159,-0.530354,-1.57417,0.355649,6333.17,0
1.0678,6.97278,-0.828126,-1.6309,0.501403,6530.04,0
1.07437,6.69766,-0.804373,-1.46675,0.269275,6234.02,0
1.08085,6.67712,-0.617081,-1.33509,0.239075,6177.64,0
1.08731,6.795,-0.702526,-1.2768,0.306987,6249.39,0
1.09378,6.62172,-0.977439,-1.39134,0.162574,6053.97,0
1.10026,6.66779,-1.31087,-1.32345,0.189228,6060.2,0
1.10678,6.53676,-1.28716,-1.48115,0.0845766,5906.08,0
1.11331,6.76612,-1.40213,-1.37155,0.246128,6077.46,0
1.11981,6.74935,-1.38591,-1.40054,0.21644,6027.2,0
1.12632,6.62161,-1.2415,-1.36852,0.115886,5878.96,0
1.13284,6.76807,-1.22443,-1.43311,0.219287,5974.44,0
1.13933,6.7486,-1.18821,-1.44334,0.192416,5923.3,0
1.1458,6.76664,-1.18476,-1.44158,0.197756,5905.58,0
1.15234,6.65974,-1.3311,-1.40429,0.109166,5779.34,0
1.15882,6.75711,-1.41526,-1.4622,0.17494,5831.04,0
1.16531,6.81874,-1.47845,-1.10636,0.212229,5851.44,0
1.17179,6.93967,-1.41234,-0.983143,0.284181,5922.29,0
1.17829,6.89948,-1.49983,-0.829353,0.240202,5855.52,0
1.18474,6.96959,-1.7073,-0.930174,0.271834,5882.81,0
1.19128,7.04887,-1.79002,-1.05615,0.305912,5917.03,0
1.1978,7.25559,-1.77479,-0.830272,0.433205,6057.42,0
1.20434,7.19326,-1.57655,-0.864801,0.353594,5972.77,0
1.21085,6.95762,-1.43825,-0.923913,0.158604,5746.08,0
1.21733,6.95017,-1.56841,-0.922348,0.145536,5709.35,0
1.22383,7.02119,-1.6563,-1.16918,0.192195,5737.07,0
1.23033,7.02201,-1.63969,-1.20107,0.180948,5707.43,0
1.23685,7.01252,-1.48904,-1.02062,0.162096,5669.67,0
1.24337,7.22405,-1.42143,-0.904082,0.309597,5810.06,0
1.24988,7.16079,-1.69658,-0.894295,0.243431,5729.18,0
1.2564,7.12402,-1.72612,-1.0237,0.203995,5670.18,0
1.26292,7.25468,-1.89989,-1.30512,0.289169,5744.37,0
1.26943,7.14047,-1.66187,-1.07878,0.183381,5624.93,0
1.27595,7.48414,-1.66056,-1.29238,0.416987,5865.52,0
1.28242,7.53202,-2.01571,-1.22884,0.415899,5873.27,0
1.28892,7.32774,-2.12746,-1.04026,0.240558,5685.17,0
1.29547,7.71406,-1.97546,-1.12444,0.502472,5954.64,0
1.302,7.71145,-1.91559,-0.994657,0.460357,5922.76,0
1.30854,7.97326,-2.00265,-0.772591,0.607199,6093.24,0
1.31507,7.97588,-1.82581,-0.994337,0.558559,6064.99,0
1.32156,7.81723,-1.51789,-0.826534,0.388693,5915.14,0
1.32804,7.76605,-1.76738,-0.893549,0.322752,5847.73,0
1.33458,7.97997,-1.89273,-0.971264,0.447981,5979.41,0
1.34108,7.8479,-1.83806,-0.926416,0.314445,5851.93,0
1.34755,7.56769,-1.76125,-0.786778,0.0930711,5615.87,0
1.35411,7.56988,-1.79337,-0.844531,0.0908013,5590.32,0
1.3606,7.59684,-1.74739,-0.783122,0.105623,5583.46,0
1.36709,7.46327,-1.79756,-0.912665,0.0036192,5459.23,0
1.37363,7.51051,-1.88438,-0.944037,0.0383531,5467.65,0
1.38015,7.61123,-1.88508,-1.14216,0.109916,5514.79,0
1.38667,7.71243,-1.7457,-1.23172,0.177084,5561.83,0
1.39318,7.68442,-2.08829,-1.04931,0.148755,5515.75,0
1.39971,7.83304,-1.95957,-1.0997,0.247464,5596.18,0
1.40622,7.6494,-1.88522,-1.30908,0.100273,5439.7,0
1.41271,7.64223,-1.80793,-1.3278,0.0908799,5409.63,0
1.41921,7.62475,-1.77164,-1.25752,0.0763185,5372.54,0
1.42572,7.7481,-1.73751,-1.24094,0.164952,5434.52,0
1.4322,7.56739,-1.91044,-1.34826,0.0254249,5283.75,0
1.43869,7.61783,-1.92228,-1.43984,0.0614881,5294.97,0
1.44522,7.62257,-1.91315,-1.32936,0.0634767,5274.34,0
1.45171,7.88322,-1.76134,-1.42789,0.250862,5430.29,0
1.4582,7.90061,-1.69657,-1.23618,0.250887,5418.05,0
1.46469,7.7721,-1.60943,-0.966719,0.14588,5306.31,0
1.47119,7.7001,-1.58101,-0.86754,0.0875541,5233.95,0
1.47772,7.97256,-1.73843,-0.926019,0.277781,5395.16,0
1.48423,8.09169,-1.87645,-1.10364,0.346248,5451.78,0
1.49075,7.92824,-1.98601,-1.04235,0.202944,5318.3,0
1.49731,8.23514,-2.0758,-1.08232,0.410235,5499.96,0
1.50381,8.40814,-2.24788,-0.996843,0.500642,5591.22,0
1.51033,8.27189,-2.14603,-1.148,0.355537,5476.86,0
1.5168,8.38139,-2.12779,-1.15891,0.407759,5525.69,0
1.52333,8.61489,-2.16802,-1.10472,0.542172,5655.29,0
1.52984,8.86761,-2.12628,-1.1083,0.674413,5796.43,0
1.53634,9.06723,-2.13209,-0.933726,0.746414,5901.85,0
1.54287,8.94724,-2.02016,-0.958073,0.589546,5799.09,0
1.5494,8.89082,-2.00154,-0.945089,0.495658,5738.24,0
1.55593,8.69222,-1.99921,-0.814738,0.31171,5586.51,0
1.56241,8.65039,-1.96584,-0.679813,0.260711,5536.57,0
1.56895,9.05319,-2.0141,-0.659556,0.530249,5770.24,0
1.57547,9.1973,-2.08773,-0.569086,0.582625,5837.82,0
1.58195,9.36599,-1.89015,-0.654732,0.650691,5920.52,0
1.58847,9.51202,-1.84893,-0.819667,0.684538,5988.15,0
1.59496,9.39807,-1.58639,-0.676577,0.545463,5892.35,0
1.60145,9.4002,-1.99296,-0.512523,0.508938,5869.8,0
1.60794,9.33736,-2.06103,-0.864943,0.414859,5807.02,0
1.61443,9.58369,-2.08463,-0.869726,0.552176,5936.28,0
1.62096,9.41987,-2.14869,-0.879602,0.383664,5811.3,0
1.62752,9.35235,-1.85609,-0.691414,0.303751,5746.38,0
1.634,9.49163,-1.83764,-0.725276,0.379662,5808.83,0
1.64053,9.52108,-2.08591,-0.604302,0.367113,5803.68,0
1.64703,9.49184,-2.1015,-0.71055,0.327077,5762.99,0
1.65357,9.48318,-2.24055,-0.499277,0.293574,5734.96,0
1.6601,9.65195,-2.26284,-0.351297,0.399099,5814.06,0
1.66666,10.0374,-2.31395,-0.393254,0.640493,6022.48,0
1.67319,9.82077,-2.40141,-0.547069,0.429158,5869.5,0
1.6797,9.84859,-2.22352,-0.574308,0.418615,5863.29,0
1.68618,9.68892,-2.16124,-0.836933,0.278378,5746.06,0
1.69268,9.72192,-2.30292,-0.774199,0.28588,5743.5,0
1.6992,9.72328,-2.28512,-0.673885,0.272904,5722.27,0
1.70575,9.85931,-2.36504,-0.763174,0.355232,5780.06,0
1.71226,9.76063,-2.55419,-0.865349,0.264409,5700.44,0
1.71875,9.88339,-2.66846,-0.713993,0.330944,5750.34,0
1.72527,10.0982,-2.74526,-0.743873,0.460362,5853.11,0
1.73179,10.1204,-2.60674,-0.710864,0.43561,5843.93,0
1.73825,10.2184,-2.52104,-0.470763,0.471033,5878.58,0
1.74477,10.3593,-2.73212,-0.609494,0.525687,5937.33,0
1.75126,10.2441,-2.69952,-0.7169,0.404722,5849.54,0
1.7578,10.2695,-2.54044,-0.681911,0.394292,5842.23,0
1.76431,10.4384,-2.68522,-0.693231,0.483082,5916.41,0
1.77079,10.5401,-2.84674,-0.846502,0.519123,5952.2,0
1.77729,10.5963,-2.76444,-1.18241,0.516727,5962.07,0
1.7838,10.7576,-2.91632,-1.11641,0.585423,6030.7,0
1.79035,10.6213,-2.77253,-1.44883,0.436619,5932.53,0
1.79687,10.7854,-2.80758,-1.36385,0.516264,6002.32,0
1.80338,11.0113,-2.71515,-1.11513,0.631303,6105.93,0
1.80992,11.2807,-2.78566,-0.956037,0.767048,6232.68,0
1.81643,10.9013,-2.85753,-0.926051,0.425222,6001.48,0
1.82287,10.7968,-3.0546,-0.746227,0.313724,5922.96,0
1.82937,10.6908,-3.17502,-0.870568,0.212941,5843.97,0
1.83588,10.6136,-3.0555,-0.7213,0.147296,5781.22,0
1.8424,10.7428,-3.13345,-0.377475,0.233251,5830.85,0
1.84892,10.5484,-3.21385,-0.285468,0.0792594,5705.17,0
1.85542,10.823,-3.16882,-0.428522,0.271546,5833.19,0
1.86194,10.7439,-2.89589,-0.413663,0.198386,5770.25,0
1.86845,10.8073,-2.76611,-0.3372,0.232506,5784.12,0
1.87493,10.6616,-2.70652,-0.118509,0.112315,5686.42,0
1.88141,10.6168,-2.82828,-0.166256,0.0715615,5643.02,0
1.88792,10.5759,-2.74005,-0.224536,0.0400075,5601.87,0
1.8944,10.5421,-2.78764,-0.273615,0.0141746,5564.9,0
1.90093,10.6642,-2.68527,-0.370398,0.104622,5609.97,0
1.90747,10.6258,-2.59382,-0.357927,0.0726641,5570.6,0
1.91397,10.8455,-2.64449,-0.389202,0.228153,5666.48,0
1.9205,11.3909,-2.32266,-0.256318,0.603326,5931.21,0
1.92698,11.2094,-2.2749,-0.153684,0.43235,5817.09,0
1.93344,11.2655,-2.29944,0.124531,0.434225,5826.64,0
1.93996,11.3412,-2.36888,0.0228188,0.450816,5846.09,0
1.94647,11.3673,-2.51459,-0.150875,0.428444,5839.97,0
1.95298,11.2419,-2.50542,-0.324527,0.308712,5756.27,0
1.95944,10.988,-2.48794,0.249665,0.105415,5607.74,0
1.96594,11.06,-2.52182,0.345247,0.154862,5625.81,0
1.97245,11.04,-2.47807,0.387213,0.134405,5597.11,0
1.97893,11.0808,-2.51013,0.680318,0.157698,5599.41,0
1.98548,11.1476,-2.75859,0.95291,0.191353,5614.59,0
1.99195,11.2078,-2.85138,1.1577,0.217983,5626.58,0
1.99846,11.4449,-2.7843,1.35594,0.377059,5726.84,0
2.00498,11.3881,-2.87747,1.34066,0.306543,5679.9,0
2.01145,11.2959,-2.97831,1.32004,0.226164,5615.8,0
2.01798,11.3533,-3.0066,1.03105,0.250461,5626.11,0
2.02446,11.2893,-3.06428,0.955181,0.189906,5576.46,0
2.03093,11.2533,-3.33829,1.12026,0.153104,5540.93,0
2.03744,11.1037,-3.42235,1.35666,0.036515,5449.84,0
2.04391,11.1079,-3.57979,1.24208,0.0370494,5434.65,0
2.05044,11.2479,-3.77019,0.870373,0.135693,5485.6,0
2.05688,11.5009,-3.87655,0.740678,0.309792,5591.42,0
2.06337,11.5424,-3.69339,0.635978,0.321734,5593.95,0
2.06983,11.4478,-4.04263,0.7839,0.225929,5530.82,0
2.07636,11.2641,-3.98566,0.842309,0.0804908,5424.94,0
2.08292,11.341,-3.94385,0.709825,0.133192,5444.73,0
2.0894,11.2538,-3.86076,0.871309,0.0635435,5386.13,0
2.09593,11.3352,-3.92369,0.716123,0.121882,5408.16,0
2.10243,11.3609,-3.7606,0.544838,0.133382,5403.68,0
2.10896,11.529,-3.4054,0.808342,0.248783,5466.7,0
2.11546,11.588,-3.37719,0.88712,0.273083,5477.77,0
2.12195,11.6285,-3.21932,0.970945,0.284818,5480.1,0
2.12847,11.6487,-3.00014,1.29432,0.282275,5472.83,0
2.13499,11.9613,-3.24059,1.17566,0.488204,5602.49,0
2.14147,11.9942,-3.31412,1.14269,0.464522,5600.92,0
2.14796,12.3562,-3.2922,1.27891,0.680347,5752.52,0
2.15448,12.215,-3.03353,1.19311,0.512412,5669.57,0
2.16099,12.3688,-3.14873,1.06761,0.57966,5723.67,0
2.16752,12.3063,-2.89092,1.07117,0.482001,5677.58,0
2.17401,12.113,-2.77412,1.1231,0.306767,5571.74,0
2.18051,12.0888,-2.77562,1.10791,0.26776,5544.02,0
2.187,12.135,-2.69484,1.17613,0.285442,5548.7,0
2.19347,12.0632,-2.94519,1.22832,0.211057,5499.6,0
2.19995,12.0229,-2.73232,1.19379,0.16531,5465.06,0
2.20647,11.8749,-2.81831,1.22904,0.0489959,5381.86,0
2.21295,11.844,-2.73828,1.28079,0.0252639,5352.11,0
2.21943,11.9553,-2.64,1.29432,0.107727,5386.65,0
2.22589,11.9959,-2.59629,1.17322,0.130907,5389.25,0
2.23241,12.4136,-2.43815,1.27827,0.420431,5560.64,0
2.23888,12.3557,-2.61316,1.61675,0.344719,5518.68,0
2.24535,12.1772,-2.59127,1.55811,0.194552,5423.28,0
2.25189,12.2401,-2.82609,1.90751,0.229196,5435.46,0
2.2584,12.386,-2.80475,2.10059,0.320986,5484.41,0
2.26494,12.3693,-2.9369,2.07956,0.291102,5461.21,0
2.27143,12.4185,-3.07028,2.05588,0.30866,5467.24,0
2.27795,12.3773,-2.84015,1.8827,0.261018,5433.54,0
2.28443,12.6803,-2.64828,1.71162,0.459252,5550.74,0
2.29095,12.8484,-2.3624,1.80818,0.532067,5608.34,0
2.29749,12.7848,-2.05199,2.16863,0.428899,5564.69,0
2.30403,13.1857,-1.92384,1.96001,0.677397,5722.9,0
2.31053,13.0494,-1.89826,1.93259,0.513494,5647.81,0
2.31703,12.8704,-2.0389,1.86281,0.340498,5554.68,0
2.32348,12.737,-1.90814,1.94683,0.219788,5481.86,0
2.32997,12.4802,-2.05974,2.01459,0.0226671,5356.37,0
2.3365,12.5192,-1.95836,2.07523,0.0512942,5358.1,0
2.34301,12.48,-2.02356,1.94085,0.0191639,5326.46,0
2.34955,12.5411,-1.8274,1.91337,0.0640626,5337.63,0
2.35604,12.4981,-1.87638,1.83273,0.031082,5304.72,0
2.36254,12.8909,-1.66241,1.92281,0.313783,5456.38,0
2.36907,12.8811,-1.51972,1.86834,0.288277,5437.21,0
2.37555,12.9623,-1.68925,1.68412,0.334313,5456.52,0
2.38206,12.8343,-1.45388,1.77324,0.218229,5387.91,0
2.38857,12.8463,-1.36336,1.82266,0.218167,5378.25,0
2.39508,12.8825,-1.4839,1.72239,0.23241,5378.73,0
2.40156,12.7363,-1.49052,1.49109,0.112548,5303.33,0
2.40806,12.7809,-1.50779,1.67343,0.139724,5307.53,0
2.41451,12.8073,-1.4847,1.6403,0.152156,5304.29,0
2.42099,12.8557,-1.3772,1.7473,0.177614,5310.09,0
2.42751,12.7335,-1.31524,1.78174,0.0817347,5245.51,0
2.43401,12.9178,-1.47642,1.64927,0.215428,5307.22,0
2.4405,13.1052,-1.47168,1.59093,0.34012,5369.88,0
2.447,13.1338,-1.57484,1.79437,0.337073,5367.29,0
2.45353,13.0763,-1.7181,1.55693,0.274297,5329.58,0
2.46004,12.9571,-1.74947,1.60827,0.174414,5267.04,0
2.46653,12.9487,-1.68093,1.6634,0.156326,5249.76,0
2.47307,13.3548,-1.51807,1.7625,0.44344,5400.1,0
2.47957,13.3306,-1.46002,1.7753,0.392674,5376.16,0
2.48608,13.1684,-1.33271,1.70567,0.244224,5296.84,0
2.49259,13.1983,-1.39596,1.50737,0.248763,5295.02,0
2.4991,13.2613,-1.21407,1.4966,0.279574,5306.44,0
2.50561,13.1782,-1.39605,1.3864,0.208009,5259.49,0
2.51212,13.276,-1.57206,1.27695,0.265152,5284.79,0
2.51861,13.4723,-1.75163,1.23499,0.384164,5349.09,0
2.52513,13.6113,-1.67405,1.39417,0.450893,5390.34,0
2.53168,13.7884,-1.64088,1.61413,0.539007,5446.33,0
2.53815,13.6692,-1.72912,1.68311,0.40191,5385.48,0
2.54464,13.606,-1.53802,1.61382,0.332729,5346.92,0
2.55114,13.7075,-1.99291,1.60913,0.37441,5373.07,0
2.55769,13.6633,-2.26394,1.39251,0.314482,5342.04,0
2.56415,13.6396,-2.41782,1.36548,0.273801,5319.37,0
2.5706,13.7627,-2.41346,1.52962,0.341853,5353.88,0
2.57712,13.6196,-2.27763,1.5523,0.216015,5284.83,0
2.58363,13.646,-2.28673,1.58617,0.218159,5281.71,0
2.59013,13.803,-2.23974,1.62947,0.316562,5329.09,0
2.59665,13.7853,-2.25948,1.74462,0.283642,5308.88,0
2.60316,14.0741,-2.36943,1.77547,0.463248,5406.54,0
2.60966,14.198,-2.43538,1.77907,0.51059,5440.55,0
2.61614,14.179,-2.5088,1.88324,0.446597,5419.84,0
2.62266,14.3411,-2.26829,2.0223,0.533055,5468.15,0
2.62917,14.2211,-2.33251,2.03191,0.400128,5408.96,0
2.6357,14.1686,-2.43659,2.29809,0.332832,5375.64,0
2.64224,14.0693,-2.56306,2.08905,0.236426,5324.74,0
2.64875,14.1078,-2.41265,2.11377,0.2519,5326.2,0
2.65524,14.0624,-2.38792,2.15277,0.206088,5296.09,0
2.66173,14.078,-2.44302,1.98676,0.204672,5289.03,0
2.66826,14.3735,-2.45525,1.91318,0.401255,5386.84,0
2.67479,14.3222,-2.46935,1.84233,0.334088,5354.51,0
2.68129,14.1259,-2.52459,1.75705,0.17282,5268.32,0
2.6878,14.2359,-2.63947,1.52817,0.246427,5296.47,0
2.69429,14.3417,-2.48571,1.53522,0.297904,5323,0
2.7008,14.3032,-2.57641,1.46939,0.250116,5295.9,0
2.70726,14.1405,-2.86127,1.34695,0.117324,5223.17,0
2.71374,14.2439,-2.70922,1.47772,0.184679,5248.82,0
2.72025,14.3389,-2.69006,1.54885,0.241897,5271.16,0
2.72673,14.2171,-3.04302,1.30752,0.139885,5213.96,0
2.73326,14.3094,-3.15966,1.35802,0.197817,5235.28,0
2.73977,14.2723,-3.05433,1.47411,0.162575,5209.3,0
2.74629,14.2044,-2.96779,1.43995,0.10477,5172.22,0
2.75275,14.2014,-3.10344,1.54795,0.098227,5159,0
2.75927,14.2319,-3.18865,1.47132,0.115418,5157.86,0
2.76577,14.1945,-3.11048,1.53946,0.0829699,5132.21,0
2.77226,14.1259,-3.14574,1.41439,0.0307996,5095.44,0
2.77878,14.1428,-3.25478,1.45023,0.0424439,5089.57,0
2.78531,14.2879,-3.395,1.47534,0.14864,5129.73,0
2.79187,14.3672,-3.38503,1.567,0.199529,5146.09,0
2.79838,14.2749,-3.36722,1.60398,0.126574,5101.12,0
2.80486,14.3676,-3.34665,1.54855,0.190459,5122.39,0
2.81137,14.3973,-3.14263,1.71913,0.201816,5121.09,0
2.81787,14.188,-3.28182,1.63021,0.0391051,5035.01,0
2.82443,14.3551,-3.14725,1.47796,0.161873,5082.49,0
2.8309,14.4214,-3.13151,1.22124,0.203032,5094.29,0
2.83738,14.698,-3.10061,1.24444,0.387699,5180.14,0
2.84386,14.7011,-3.43075,1.28559,0.363225,5169.44,0
2.8504,14.9579,-3.40652,1.2031,0.518945,5247.64,0
2.85697,15.0868,-3.67488,1.43526,0.558079,5280.72,0
2.86348,15.135,-3.85966,1.35401,0.545058,5285.53,0
2.86999,14.9059,-3.65378,1.24969,0.334787,5193.71,0
2.87647,14.9557,-3.68732,1.13518,0.338744,5199.32,0
2.88298,14.8538,-3.66344,0.984266,0.245303,5152.22,0
2.8895,14.9899,-3.92273,0.891535,0.329577,5187.72,0
2.89598,14.9458,-3.59627,0.965668,0.273224,5160.9,0
2.90251,14.8975,-3.64014,1.04795,0.224279,5132.62,0
2.90902,14.9833,-3.34967,1.09024,0.267165,5150.64,0
2.91553,15.1763,-3.31651,1.0954,0.391412,5205.34,0
2.9221,15.402,-3.5454,1.24197,0.522578,5270.89,0
2.92858,15.2735,-3.46595,1.32613,0.386839,5215.32,0
2.93513,15.5228,-3.29705,1.38847,0.532412,5288.62,0
2.94164,15.4226,-3.63847,1.64866,0.402414,5242.86,0
2.94815,15.5612,-3.49669,1.58417,0.470099,5278.29,0
2.95468,16.0143,-3.24106,1.45354,0.756771,5419.98,0
2.96122,15.9608,-2.83551,1.15485,0.636703,5389.93,0
2.96774,16.0062,-2.57928,1.19608,0.609765,5393.41,0
2.97426,16.0556,-2.72678,1.19814,0.582556,5398.19,0
2.98078,16.0439,-2.57302,1.17634,0.51837,5382.44,0
2.98729,15.8653,-2.72076,0.884961,0.340769,5310.93,0
2.99378,15.9049,-2.64315,0.504743,0.344931,5312.63,0
3.00026,16.2113,-2.64492,0.374553,0.543139,5403.31,0
3.00672,16.5368,-2.82345,0.823424,0.717171,5499.94,0
3.01326,16.5446,-2.76977,0.753317,0.652533,5490.59,0
3.01976,16.4969,-2.73033,0.80524,0.550429,5462.97,0
3.02628,16.654,-2.85274,1.27783,0.616427,5503.11,0
3.03276,16.4983,-2.87576,1.4297,0.450711,5440.04,0
3.03925,16.2282,-2.8149,1.53063,0.217173,5339.54,0
3.04579,15.9853,-2.81166,1.57989,0.030352,5248.33,0
3.05228,16.2648,-2.70992,1.77985,0.232907,5328.75,0
3.05877,16.1157,-2.85423,1.82365,0.114625,5268.7,0
3.0653,16.3019,-2.75449,1.7136,0.242713,5318.21,0
3.0718,16.4989,-2.79162,1.6339,0.366098,5371.08,0
3.07832,16.6481,-2.48212,1.84504,0.44315,5408.19,0
3.08484,16.7645,-2.42683,1.83876,0.491618,5434.47,0
3.09137,16.6789,-2.48287,1.52014,0.392991,5395.32,0
3.09786,16.9482,-2.7863,1.31566,0.558646,5470.94,0
3.1044,17.1748,-2.76091,1.51399,0.669627,5532.41,0
3.1109,17.4219,-2.79416,1.505,0.774706,5600.29,0
3.1174,17.6038,-2.8416,1.32844,0.81055,5646.95,0
3.12392,17.6657,-2.9903,1.37625,0.759248,5654.97,0
3.13045,17.7181,-3.03594,0.993934,0.715785,5659.91,0
3.13697,17.7597,-2.91923,1.1721,0.680011,5661.41,0
3.14348,17.7681,-3.0458,1.18628,0.620783,5652.35,0
3.15,17.6546,-3.31142,1.33425,0.48555,5604.63,0
3.15648,17.9158,-3.24016,1.3404,0.620363,5675.88,0
3.163,18.0294,-3.08069,1.24228,0.632471,5700.1,0
3.16948,18.2792,-2.9133,1.14952,0.741041,5767.27,0
3.17598,18.0253,-2.82872,1.04023,0.482832,5675.51,0
3.18252,18.3171,-2.47957,1.00452,0.643375,5755.52,0
3.18902,18.3105,-2.26515,1.00778,0.580655,5741.74,0
3.19548,18.4767,-2.04549,1.05321,0.642815,5782.13,0
3.20201,18.6623,-2.05008,1.17393,0.710794,5828.32,0
3.20849,18.9386,-2.15041,0.976205,0.834882,5902.66,0
3.21496,19.1851,-2.17171,1.19295,0.924876,5967.45,0
3.22145,19.2164,-2.09213,1.41738,0.840913,5965.14,0
3.22798,19.4115,-2.18093,1.30064,0.879632,6013.49,0
3.23448,19.5478,-2.31388,1.56135,0.870158,6043.58,0
3.24099,19.6808,-2.22846,1.79763,0.846355,6072.45,0
3.24744,19.6183,-2.26757,1.78733,0.71976,6041.17,0
3.25394,19.8827,-1.74928,1.9429,0.826985,6110.34,0
3.26047,19.9546,-2.03572,2.08504,0.774164,6120.18,0
3.26704,19.6307,-1.99316,2.39393,0.461896,6008.72,0
3.27358,19.8296,-1.80079,2.60068,0.568165,6057.49,0
3.28005,19.6124,-1.71896,2.5479,0.367786,5979.3,0
3.28654,19.8296,-1.63088,2.58018,0.493453,6033.58,0
3.29303,19.9658,-1.75349,2.57451,0.545688,6063.05,0
3.29952,20.0149,-1.5424,2.76902,0.532392,6066.02,0
3.30599,20.2112,-1.53872,2.5746,0.630152,6113.49,0
3.31253,20.3057,-1.46226,2.73172,0.632495,6129.96,0
3.31905,20.1934,-1.28299,2.91195,0.496044,6084.09,0
3.32556,20.2855,-1.22045,2.91658,0.516621,6099.86,0
3.33209,20.3508,-1.21576,3.27623,0.511699,6107.51,0
3.33864,20.2297,-1.33239,3.71971,0.371647,6059.26,0
3.3451,20.2894,-0.969235,3.86613,0.373148,6065.41,0
3.3516,20.1477,-1.16462,3.93361,0.24678,6011.36,0
3.3581,20.3427,-1.14178,3.98048,0.371203,6057.8,0
3.36461,20.3396,-1.41059,4.29834,0.345876,6045.16,0
3.37109,20.2668,-1.36255,4.50181,0.266405,6011.93,0
3.37764,20.2107,-1.32963,4.49329,0.205488,5983.69,0
3.38415,20.0934,-1.52443,4.61484,0.108922,5937.5,0
3.39066,20.072,-1.73233,4.76699,0.088741,5919.79,0
3.39716,19.9829,-1.75781,4.68264,0.0207139,5882.23,0
3.40366,20.0312,-1.72261,4.6093,0.0561143,5885.21,0
3.41017,19.9784,-1.83181,4.64487,0.0160598,5858.49,0
3.41668,20.1923,-1.90035,4.60071,0.172182,5909.93,0
3.42319,20.5525,-2.01947,4.57073,0.42354,6003.88,0
3.42969,20.7745,-2.02253,4.46644,0.551717,6057.25,0
3.43619,20.8922,-1.80146,4.37719,0.572078,6080.04,0
3.44269,20.7576,-1.80348,4.23893,0.415461,6029.47,0
3.4492,20.8823,-1.59077,4.0575,0.468833,6054.23,0
3.45573,20.8524,-1.50396,4.05879,0.40614,6034.15,0
3.46222,20.8093,-1.65627,4.08306,0.350811,6010.4,0
3.46877,20.9784,-1.96826,4.08819,0.443022,6047.8,0
3.47527,20.8755,-2.02416,4.08244,0.337193,6006.88,0
3.48176,20.9319,-2.10752,4.10981,0.356184,6011.86,0
3.48823,21.2555,-1.96235,4.28104,0.55683,6093.5,0
3.49476,21.2297,-2.14896,4.17563,0.494922,6074.71,0
3.50126,21.2548,-1.94286,4.33822,0.465829,6070.62,0
3.50779,21.1956,-1.81654,4.44053,0.390229,6042.43,0
3.51428,21.2151,-1.87219,4.15045,0.372831,6036.81,0
3.52079,21.4198,-2.14514,4.05272,0.486955,6083.79,0
3.5273,21.2073,-1.99164,4.09537,0.292195,6012.32,0
3.53383,21.1253,-1.82715,4.28228,0.208321,5978.02,0
3.54038,20.9015,-1.72394,4.46276,0.0375234,5903.74,0
3.54686,21.1486,-1.73752,4.62474,0.214641,5962.63,0
3.55336,21.4089,-1.67422,4.86006,0.385858,6024.96,0
3.55985,21.4639,-1.7472,4.92347,0.387425,6029.45,0
3.5664,21.3947,-2.05359,5.0027,0.307445,5998.95,0
3.57289,21.3673,-2.18618,5.0539,0.269778,5980.39,0
3.57938,21.4634,-2.13727,5.02375,0.319455,5996.39,0
3.58588,21.8293,-2.00021,4.8365,0.552244,6087.57,0
3.59239,21.6597,-1.88732,4.78597,0.381761,6029.31,0
3.5989,21.6604,-2.02764,4.58666,0.35564,6018.6,0
3.60542,21.5357,-1.98392,4.56075,0.241118,5973.16,0
3.6119,21.5469,-2.11506,4.52674,0.23619,5965.53,0
3.61838,21.5926,-2.19497,4.46813,0.255571,5967.48,0
3.62486,21.7316,-2.30479,4.29438,0.338372,5995.16,0
3.63136,21.8867,-2.24685,4.47471,0.422488,6027.14,0
3.63788,21.6029,-2.12181,4.64575,0.186908,5938.32,0
3.64435,21.5061,-2.32173,4.65219,0.106884,5901.22,0
3.6509,21.666,-2.25131,4.51674,0.218408,5934.43,0
3.65741,21.7209,-2.15519,4.51337,0.242351,5938.88,0
3.6639,22.0507,-1.93771,4.31154,0.46052,6018.38,0
3.6704,22.0549,-1.92261,4.36361,0.427704,6008.86,0
3.67693,22.3875,-1.88104,4.06919,0.629109,6088.65,0
3.68345,22.4932,-1.75916,4.03655,0.639974,6106.56,0
3.68993,22.4881,-1.95681,3.75455,0.575691,6094.45,0
3.69644,22.4663,-1.98411,3.87108,0.49877,6077.82,0
3.70295,22.7653,-2.17208,3.77917,0.669531,6147.87,0
3.70943,22.9226,-2.17315,3.98749,0.71483,6179.54,0
3.71592,23.0419,-1.89252,4.11459,0.726758,6200.85,0
3.72245,23.0515,-1.88722,3.93115,0.663796,6192.57,0
3.72895,23.1738,-1.67685,3.88777,0.674997,6214.56,0
3.73545,23.257,-1.73346,3.98468,0.663497,6226.02,0
3.74196,23.4636,-1.7652,3.78625,0.737193,6270.39,0
3.74848,23.3615,-1.61614,3.73528,0.603011,6232.26,0
3.75497,23.6868,-1.82342,4.01328,0.767682,6308.12,0
3.76151,23.842,-1.76379,4.21516,0.805589,6338.4,0
3.76804,23.7235,-1.69242,4.4243,0.643604,6295.99,0
3.77458,23.5205,-1.78591,4.29374,0.454308,6231.29,0
3.78107,23.4032,-1.55054,4.44636,0.33275,6189.57,0
3.78768,23.336,-1.55488,4.59625,0.261451,6161.04,0
3.79414,23.2775,-1.09071,4.70744,0.203595,6135.12,0
3.80063,23.2535,-1.08549,4.84684,0.177679,6118.33,0
3.80711,23.3668,-1.12293,5.02509,0.247967,6137.68,0
3.81359,23.6815,-1.20799,5.02592,0.457008,6209.78,0
3.82006,23.8676,-1.12786,4.92574,0.55157,6247.95,0
3.82655,23.9679,-0.891413,5.2211,0.583214,6263.57,0
3.83304,23.9988,-0.937194,5.21252,0.547918,6261.04,0
3.83955,23.914,-1.10105,5.12698,0.439229,6228.32,0
3.84606,23.9161,-0.96281,5.10827,0.398994,6218.33,0
3.85259,24.1087,-0.882301,5.0945,0.506697,6257.8,0
3.85908,24.0431,-1.07011,5.07279,0.417441,6230.26,0
3.86562,23.758,-1.0581,5.04654,0.182302,6145.97,0
3.87214,23.9752,-0.955664,5.05829,0.329541,6191.71,0
3.87867,23.73,-0.86152,5.18374,0.132111,6118.08,0
3.8852,23.7055,-1.11144,5.54029,0.108623,6101.49,0
3.89173,23.8556,-1.14633,5.49131,0.212316,6129.82,0
3.89823,24.0035,-1.15158,5.32168,0.306785,6157.55,0
3.90475,23.9439,-1.25231,5.54631,0.248046,6132.01,0
3.91123,23.8415,-0.990265,5.54618,0.162577,6095.65,0
3.91771,24.102,-1.00619,5.48688,0.342264,6152.05,0
3.9242,24.1585,-1.27365,5.48593,0.359635,6156.28,0
3.93072,24.2578,-1.2863,5.59111,0.406391,6171.33,0
3.9372,24.0145,-1.10583,5.92096,0.202732,6099.38,0
3.94373,24.072,-1.2138,5.97916,0.235788,6103.87,0
3.95024,24.0943,-1.00516,5.86354,0.24105,6099.46,0
3.95673,24.2776,-0.869954,5.84185,0.357521,6135.78,0
3.96325,24.1803,-0.876595,5.8494,0.263019,6101.12,0
3.96973,24.1964,-0.996166,5.90172,0.256305,6095.22,0
3.97621,24.2374,-0.861842,6.0282,0.272773,6095.6,0
3.9827,24.1605,-0.592524,5.95711,0.192629,6066.37,0
3.9892,24.2252,-0.762664,6.03814,0.231934,6072.68,0
3.99573,24.3119,-0.60364,6.0528,0.277331,6084.48,0
4.0022,24.2194,-0.596032,6.05338,0.194889,6051.53,0
4.00875,24.1725,-0.508278,6.16661,0.147053,6029.94,0
4.01527,24.1862,-0.620783,6.30949,0.150212,6023.56,0
4.02182,24.4183,-0.694474,6.38019,0.310824,6071.47,0
4.02837,24.5503,-0.682601,6.01251,0.385485,6094.35,0
4.03489,24.4752,-1.00851,5.75994,0.301432,6065.89,0
4.04139,24.344,-1.02951,5.39746,0.188106,6023.67,0
4.0479,24.4797,-1.17821,5.21137,0.273754,6047.52,0
4.05436,24.2081,-1.09246,5.16008,0.0633175,5970.89,0
4.06088,24.3181,-1.25264,5.2795,0.14209,5988.39,0
4.06737,24.3235,-1.22232,5.28994,0.136019,5980.16,0
4.07392,24.3494,-1.23811,5.17352,0.150585,5976.89,0
4.08044,24.2713,-1.06734,5.1776,0.0870675,5948.21,0
4.08692,24.2372,-1.10605,5.16449,0.0580369,5930.43,0
4.09339,24.2992,-1.18759,5.22966,0.102152,5936.2,0
4.0999,24.381,-1.07608,5.35973,0.15707,5946.73,0
4.1064,24.2832,-1.19165,5.45249,0.0766491,5913.51,0
4.11288,24.1978,-1.16344,5.47971,0.0115963,5883.41,0
4.11939,24.2555,-1.11888,5.45755,0.0528403,5888.12,0
4.12588,24.2687,-1.20689,5.45382,0.0620357,5882.08,0
4.13237,24.3096,-1.23149,5.36716,0.0876558,5882.72,0
4.13891,24.3326,-1.18474,5.45913,0.100599,5878.98,0
4.14542,24.4355,-1.13586,5.52502,0.172085,5894.57,0
4.1519,24.4376,-1.25462,5.67566,0.167647,5885.87,0
4.15842,24.5004,-1.11056,5.67123,0.201755,5891.75,0
4.16494,24.4494,-0.976632,5.68223,0.154862,5870.3,0
4.17146,24.6392,-1.27798,5.66851,0.281119,5906.6,0
4.17797,24.5209,-1.36927,5.71739,0.179986,5869.1,0
4.18446,24.5512,-1.41784,5.68774,0.191369,5867.25,0
4.19092,24.5402,-1.33065,6.0037,0.171609,5855.57,0
4.19743,24.8016,-1.27355,5.99894,0.351195,5908.76,0
4.20391,24.6477,-1.38149,6.20872,0.216094,5863.04,0
4.21039,24.4853,-1.31977,6.26635,0.0854928,5815.45,0
4.21688,24.7682,-1.32706,6.15633,0.285922,5873.58,0
4.2234,24.6752,-1.4398,5.86285,0.197613,5842.5,0
4.22991,24.5318,-1.44381,5.82605,0.0832,5799.61,0
4.2364,24.6104,-1.42466,5.86536,0.136344,5809.28,0
4.24291,24.6682,-1.54897,5.83212,0.172823,5813.98,0
4.24942,24.7179,-1.46544,5.99642,0.202809,5816.77,0
4.25593,24.7063,-1.57834,6.11028,0.184821,5805.16,0
4.26243,24.7282,-1.70429,6.31842,0.189161,5801.43,0
4.26894,24.8756,-1.77163,6.5033,0.286745,5827.1,0
4.27548,24.8315,-1.76108,6.5418,0.23469,5807.88,0
4.28202,24.6373,-1.76347,6.6405,0.0786797,5753.66,0
4.28845,24.6793,-1.63847,6.61781,0.106059,5754.82,0
4.29496,24.6227,-1.7079,6.51938,0.0614881,5732.93,0
4.30145,24.7611,-1.63098,6.50414,0.158371,5756.46,0
4.30795,24.622,-1.60043,6.42424,0.0478391,5715.48,0
4.31445,24.6113,-1.67228,6.29304,0.0379549,5704.4,0
4.32097,24.65,-1.61464,6.28198,0.0646234,5704.74,0
4.3275,24.8367,-1.50834,6.2489,0.198826,5739.27,0
4.33397,24.7703,-1.36215,6.51933,0.140116,5715.39,0
4.34048,24.7244,-1.12003,6.48278,0.0996546,5696.23,0
4.347,24.8933,-1.0922,6.50147,0.218064,5726.56,0
4.35348,24.8438,-1.01496,6.34556,0.168678,5706.65,0
4.35997,25.1195,-1.25619,6.37847,0.352454,5761.39,0
4.36645,25.0948,-1.39968,6.31685,0.309076,5747.19,0
4.37298,24.8665,-1.36877,6.233,0.126349,5686.4,0
4.37953,24.9736,-1.60035,6.18645,0.197954,5702.34,0
4.38603,24.9004,-1.59984,6.47564,0.132289,5677.22,0
4.39255,24.9683,-1.46558,6.68069,0.173201,5684.24,0
4.39907,25.055,-1.50936,6.63902,0.223374,5695.5,0
4.40561,24.9088,-1.45945,6.4695,0.106334,5653.89,0
4.41214,25.0478,-1.50459,6.42855,0.205248,5677.03,0
4.41865,24.8767,-1.21344,6.35384,0.0722922,5629.94,0
4.42517,24.8891,-1.21288,6.35974,0.0798121,5624.45,0
4.4317,24.9136,-1.19553,6.11228,0.0949342,5621.68,0
4.43817,24.9205,-1.03758,6.01896,0.0987245,5615.05,0
4.44466,25.1062,-1.10125,5.81605,0.231222,5648.62,0
4.4512,25.3274,-1.11915,5.7944,0.369321,5690.01,0
4.45772,25.3249,-0.937225,6.07563,0.332752,5681.12,0
4.46422,25.0156,-0.808131,6.2154,0.0901294,5603.58,0
4.47075,25.0634,-0.697153,6.21458,0.122736,5606.09,0
4.47725,25.0192,-0.490599,6.19073,0.0855343,5588.08,0
4.48378,25.431,-0.851205,6.29562,0.377843,5671.79,0
4.4903,25.2826,-0.719275,6.20625,0.246681,5630.5,0
4.49677,25.1334,-0.6296,6.16751,0.12147,5589.22,0
4.50327,25.262,-0.556431,6.02551,0.206711,5609.69,0
4.50979,25.0028,-0.586473,6.11145,0.00962118,5544.13,0
4.51635,25.1228,-0.6291,6.09284,0.097347,5562.64,0
4.52284,25.3004,-0.399021,5.82854,0.218096,5593.91,0
4.52933,25.2388,-0.401889,5.56535,0.160981,5572.3,0
4.5359,25.3578,-0.437605,5.37877,0.238138,5590.47,0
4.54239,25.5166,-0.418049,5.31741,0.338217,5617.43,0
4.54889,25.7424,-0.457765,5.02171,0.477135,5659.06,0
4.55541,25.4604,-0.424675,4.88347,0.241108,5589.05,0
4.56192,25.284,-0.395977,4.7032,0.102999,5542.4,0
4.56844,25.4281,-0.463981,4.92288,0.206179,5566.04,0
4.575,25.5269,-0.376242,4.99905,0.269687,5579.64,0
4.58147,25.5002,-0.238207,5.27735,0.234774,5565.95,0
4.588,25.4216,-0.0741839,5.34708,0.165252,5540.88,0
4.59453,25.3359,0.0742992,5.20732,0.0947689,5514.37,0
4.60103,25.296,0.223484,5.36732,0.0626931,5497.91,0
4.60755,25.4379,0.0130165,5.58284,0.164561,5520.92,0
4.61397,25.5506,0.072007,5.77375,0.237432,5537.66,0
4.62051,25.5398,0.0973282,5.90614,0.218576,5527.49,0
4.62703,25.7527,-0.136959,5.87684,0.35877,5565.72,0
4.63359,25.7466,-0.268742,5.91977,0.331209,5556.52,0
4.64009,26.2396,-0.178173,5.92741,0.657717,5654.98,0
4.6466,26.3592,-0.0117168,6.03998,0.666794,5672.81,0
4.65311,26.585,-0.0260189,6.02829,0.763427,5713.39,0
4.65963,26.6312,0.0451363,6.06913,0.719733,5715.3,0
4.66611,26.5539,0.179664,6.15699,0.602699,5690.79,0
4.67263,26.2774,0.14707,6.5102,0.355159,5623.68,0
4.67915,26.2359,0.475549,6.34212,0.299629,5606.98,0
4.68564,26.4785,0.434905,6.14251,0.457589,5650.99,0
4.69211,26.504,0.518022,6.14686,0.431145,5648.63,0
4.69859,26.5582,0.751651,5.97045,0.433878,5652.39,0
4.70512,26.5607,1.07735,6.03389,0.393558,5645.05,0
4.71161,26.2383,1.22708,5.78203,0.131785,5568.85,0
4.71813,26.2275,1.11625,5.7511,0.117977,5558.87,0
4.7246,26.23,1.20517,5.80934,0.113876,5551.79,0
4.73109,26.2544,1.17083,5.95831,0.124898,5549.34,0
4.7376,26.2652,1.35651,5.95856,0.127224,5543.98,0
4.74413,26.4205,1.40447,6.12014,0.23642,5569.09,0
4.75068,26.4855,1.57451,6.23805,0.269936,5575.08,0
4.7572,26.5834,1.75727,6.5318,0.32159,5588.04,0
4.76371,26.5688,1.80104,6.63177,0.284822,5577.33,0
4.77027,26.5363,1.87661,6.85614,0.241816,5562.86,0
4.77677,26.6384,2.07841,7.19716,0.30329,5576.66,0
4.78327,26.9649,1.91783,7.17853,0.509908,5637.34,0
4.78982,26.859,1.77558,7.07021,0.394582,5607.52,0
4.79632,26.8926,1.86885,6.94433,0.391297,5606.94,0
4.80284,26.6543,2.12333,6.85547,0.199252,5549.7,0
4.8093,26.9382,1.86055,6.94106,0.392478,5601.28,0
4.81583,26.5656,1.78239,6.88157,0.0968296,5516.3,0
4.82233,26.5617,1.75203,6.85396,0.0904326,5508.07,0
4.82884,26.483,1.73213,7.04471,0.0299459,5484.34,0
4.83535,26.5522,1.71849,7.05394,0.0809457,5491.27,0
4.84181,26.7822,1.64713,6.79533,0.244933,5531.44,0
4.84831,26.7762,1.61978,6.88286,0.224388,5522.78,0
4.85483,26.6248,1.66323,6.92218,0.10157,5484.19,0
4.86131,26.6189,1.9515,6.82235,0.0926941,5475.66,0
4.86779,26.8142,2.21128,6.89179,0.22946,5508.49,0
4.87433,26.6731,2.30141,6.96131,0.113941,5472.17,0
4.88083,26.6457,2.16087,7.102,0.0913015,5459.26,0
4.88732,26.7311,2.02569,7.09085,0.148507,5469.48,0
4.89381,26.8225,1.9554,7.39243,0.207408,5480.91,0
4.90028,27.0194,1.8556,7.18255,0.336407,5513.85,0
4.90678,26.9645,1.97597,7.55205,0.273759,5495.36,0
4.91326,27.0227,1.79416,7.62923,0.296475,5499.95,0
4.91974,27.1473,1.8623,7.74013,0.363613,5518.03,0
4.92623,26.9706,1.70525,7.70464,0.210975,5474.89,0
4.93276,26.7426,1.74188,7.52693,0.0356699,5421.42,0
4.93924,26.8291,1.58634,7.6789,0.0976031,5431.81,0
4.94579,26.757,1.52163,7.80678,0.0408757,5410.05,0
4.95229,26.8101,1.46129,7.87968,0.0797876,5413.68,0
4.95876,27.3319,1.66208,8.13651,0.450974,5511.84,0
4.96531,27.4508,1.65887,8.195,0.492506,5528.52,0
4.97182,27.8499,1.55893,8.49141,0.72282,5601.55,0
4.97833,28.1877,1.52173,8.55321,0.879896,5662.07,0
4.98485,28.0911,1.76109,8.39514,0.707588,5635.29,0
4.99136,28.2241,1.79135,8.38556,0.726448,5654.58,0
4.99789,28.0906,1.84999,8.31146,0.551071,5620.5,0
5.00442,28.0023,1.68587,8.31997,0.434719,5595.52,0
5.01095,27.9873,1.55024,7.93508,0.389366,5585.24,0
5.01745,27.913,1.57254,7.95239,0.318144,5563.18,0
5.02395,27.7433,1.59922,8.05339,0.175125,5522.21,0
5.03044,27.6428,1.7984,8.04921,0.0943902,5495.1,0
5.037,27.6185,1.68317,8.0579,0.0743069,5483.11,0
5.04353,27.6523,1.91088,7.92603,0.0960727,5482.73,0
5.05,27.7951,1.94933,8.24752,0.193816,5503.98,0
5.05647,28.0635,1.9881,8.41772,0.380593,5550.02,0
5.06296,27.911,2.24964,8.38935,0.244018,5512.78,0
5.06945,27.8289,2.25746,8.47591,0.172902,5489.53,0
5.07598,28.2574,2.4169,8.27207,0.472279,5566.89,0
5.08251,28.2077,2.25665,8.13004,0.392706,5549.97,0
5.08899,27.9776,2.21196,8.04468,0.2004,5497.66,0
5.0955,27.9671,2.13443,8.13538,0.182042,5488.58,0
5.10199,28.0809,2.1471,8.18519,0.253191,5503.91,0
5.10849,28.0987,2.19164,8.21056,0.254734,5500.4,0
5.115,27.8836,2.02605,7.98928,0.0841246,5451.35,0
5.1215,28.1899,1.99094,8.14083,0.302272,5504.22,0
5.12801,28.2839,2.23244,8.06853,0.343814,5515.58,0
5.13452,28.4034,2.48439,7.94665,0.405435,5531.84,0
5.14109,28.4743,2.59169,7.82708,0.421672,5538.58,0
5.14759,28.4122,2.37546,7.97202,0.347595,5519.52,0
5.1541,28.2891,2.52837,8.00598,0.233438,5488.66,0
5.16058,28.2326,2.64654,7.96077,0.178553,5470.82,0
5.16709,28.1433,2.72342,8.00578,0.106094,5446.65,0
5.17358,28.1875,2.68668,8.14074,0.128695,5448.35,0
5.18011,28.0667,2.69273,8.19845,0.0333292,5418.16,0
5.18661,28.1758,2.57141,8.15812,0.11372,5432.42,0
5.19305,28.1661,2.51378,8.18636,0.102498,5423.8,0
5.19956,28.3639,2.38434,7.97305,0.238169,5455.06,0
5.20609,28.5102,2.53243,7.93762,0.326213,5476.31,0
5.2126,28.6181,2.47337,7.79279,0.373773,5490.19,0
5.21914,28.3841,2.58597,7.77767,0.173401,5438.45,0
5.22567,28.2078,2.79461,7.81569,0.0370033,5397.92,0
5.23218,28.3745,2.80684,7.81003,0.156325,5423.08,0
5.23869,28.4814,2.46306,7.98541,0.224406,5436.74,0
5.24519,28.4404,2.416,8.21022,0.185449,5422.18,0
5.25172,28.8569,2.39164,8.57808,0.471684,5494.75,0
5.25822,28.6785,2.32593,8.35865,0.302937,5454.02,0
5.26471,29.085,2.29133,8.43427,0.555067,5524.53,0
5.27128,29.0862,2.42338,8.62168,0.493469,5517.86,0
5.27781,29.397,2.24315,8.55626,0.658865,5569.92,0
5.28428,29.2789,2.39091,8.31115,0.504636,5540.75,0
5.29081,29.267,2.14644,8.30477,0.454605,5531.67,0
5.29732,29.1514,2.21723,8.05914,0.334487,5503.06,0
5.30384,29.2576,2.29096,7.65479,0.379275,5516.31,0
5.31033,29.2227,2.46324,7.65554,0.328128,5503,0
5.31685,29.7438,2.61532,8.04802,0.675605,5594.25,0
5.32337,29.8555,2.74515,7.76492,0.686168,5608.37,0
5.32988,30.1513,2.77196,7.90828,0.818683,5657.04,0
5.33638,30.1701,2.59217,7.97988,0.744643,5653.67,0
5.34287,30.2065,2.52474,8.16071,0.706252,5653.6,0
5.34937,30.0666,2.1818,7.95571,0.535855,5620.59,0
5.35591,29.9949,2.31825,8.059,0.429579,5600.34,0
5.36246,29.9507,2.08379,8.01789,0.355369,5585.25,0
5.36898,30.1129,2.13684,7.84458,0.441035,5608.68,0
5.37546,30.1899,2.08392,7.97928,0.46532,5616.25,0
5.38198,30.438,2.08062,8.25047,0.602646,5655.55,0
5.3885,30.5587,2.22159,8.53248,0.629302,5671.09,0
5.39503,30.856,2.18942,8.34507,0.783257,5719.35,0
5.40154,30.8016,2.20558,8.68241,0.654544,5702.37,0
5.40801,31.1027,2.11582,8.8108,0.787213,5751.23,0
5.41454,31.2665,1.91314,8.81251,0.82253,5774.55,0
5.42103,31.4205,2.18716,8.8382,0.835776,5796.05,0
5.42755,31.5188,2.36005,8.97087,0.803873,5807.19,0
5.43404,31.5179,2.4157,8.91302,0.710056,5800.09,0
5.44052,31.6631,2.69687,8.92137,0.73895,5819.86,0
5.44701,32.0291,2.56427,9.07437,0.928062,5880.13,0
5.45352,31.8874,2.9184,8.88229,0.721836,5847.12,0
5.45995,31.7524,3.12145,8.50296,0.555843,5815.52,0
5.46649,31.7307,3.24437,8.32822,0.483561,5804.59,0
5.47299,31.8193,3.35439,8.2263,0.501837,5813.87,0
5.47953,32.094,3.00406,8.63358,0.64772,5857.07,0
5.48603,31.7325,3.14142,8.46888,0.318326,5784.23,0
5.49254,31.7153,2.93284,8.27893,0.283752,5774.24,0
5.49904,31.6453,3.06652,8.24075,0.216685,5754.68,0
5.50555,31.7757,3.0513,8.25151,0.301197,5771.58,0
5.5121,31.8981,3.42088,8.17895,0.358024,5786.92,0
5.51861,31.915,3.42088,8.10438,0.342415,5783.16,0
5.52515,32.2287,3.45082,8.20308,0.542547,5833.08,0
5.53163,32.0339,3.63866,7.97028,0.359935,5791.05,0
5.5381,32.0591,3.44545,8.0969,0.356709,5788.82,0
5.54461,31.9066,3.36066,8.01716,0.217225,5754.52,0
5.55116,31.8989,3.28708,7.89444,0.194242,5746.35,0
5.55765,32.0082,3.17212,7.90081,0.261182,5759.3,0
5.56419,32.0586,3.09921,7.86343,0.279972,5761.59,0
5.57067,32.274,2.78409,7.79579,0.409908,5793.55,0
5.57716,32.5518,2.47632,7.45313,0.575725,5836.63,0
5.58366,32.4931,2.21845,7.03419,0.477771,5819.33,0
5.59018,32.5529,2.15148,6.89238,0.476409,5823.23,0
5.59671,32.6868,1.98448,6.4387,0.527721,5840.36,0
5.60322,32.6798,1.95885,6.49148,0.475274,5832.32,0
5.60972,32.5204,1.89126,6.3445,0.325809,5797.16,0
5.61622,32.6561,2.03091,6.25999,0.402084,5814.61,0
5.62271,32.6538,2.00305,6.3966,0.36762,5807.48,0
5.62918,32.6769,2.08462,6.38328,0.361336,5804.91,0
5.63565,32.8438,2.169,6.3378,0.443094,5827.87,0
5.64215,32.7887,2.23475,6.53911,0.367963,5811.39,0
5.64866,32.7738,2.23323,6.32498,0.334652,5802.05,0
5.65516,32.8502,2.38487,5.97876,0.368644,5808.89,0
5.66164,32.8157,2.60553,5.99141,0.315675,5796.14,0
5.66814,32.674,2.63706,6.03541,0.194944,5764.51,0
5.67464,32.7424,2.82731,6.22751,0.225319,5769.95,0
5.68114,32.8169,2.95601,6.16414,0.267318,5776.46,0
5.68767,32.8793,3.07881,6.24136,0.296924,5780.81,0
5.69421,32.76,2.85632,6.46051,0.192722,5753.21,0
5.70072,32.6854,2.88902,6.41541,0.129126,5733.55,0
5.7072,32.7001,2.79252,6.19009,0.129726,5729.63,0
5.71371,32.834,2.58255,5.87419,0.221662,5746.52,0
5.72024,32.5666,2.6128,5.84834,0.0161687,5693.23,0
5.72673,32.664,2.77071,5.9682,0.0860628,5703.77,0
5.73326,32.7692,2.81036,5.96119,0.162686,5715.62,0
5.73975,33.3553,3.02315,5.76977,0.560554,5811.29,0
5.74623,33.5998,2.86585,5.73266,0.673569,5847.27,0
5.75274,33.4841,2.9126,5.76723,0.52196,5820.55,0
5.75926,33.6006,2.69089,5.95254,0.560732,5834.19,0
5.76577,33.5541,2.44945,6.1796,0.474464,5819.54,0
5.77229,33.4188,2.34351,6.17414,0.342037,5789.53,0
5.77879,33.3638,2.08764,6.25321,0.279704,5773.49,0
5.78528,33.1005,1.98493,6.1849,0.0763025,5721.51,0
5.79181,33.2571,1.87828,6.3099,0.182819,5742.09,0
5.79829,33.2091,1.8671,6.29023,0.136846,5727.4,0
5.80479,33.3109,1.92167,6.39014,0.204433,5738.52,0
5.81131,33.102,2.07097,6.32215,0.0419899,5696.13,0
5.81786,33.088,2.09495,6.45349,0.0280328,5687.31,0
5.82436,33.2253,1.86466,6.31998,0.126013,5704.55,0
5.83087,33.2448,1.87824,6.34616,0.135294,5701.52,0
5.8374,33.429,2.03788,6.32356,0.263092,5726.69,0
5.84393,33.6324,1.63329,6.52479,0.384479,5755.1,0
5.85045,33.7058,1.66452,6.56506,0.400321,5761.23,0
5.85694,33.8043,1.58246,6.58762,0.436157,5771.67,0
5.86346,33.8071,1.64937,6.50241,0.404785,5765.73,0
5.87,33.9366,1.61833,6.70134,0.461392,5781.37,0
5.87651,33.9128,1.4893,6.9548,0.40754,5770.91,0
5.88301,34.1898,1.385,7.10518,0.573836,5811.62,0
5.88949,34.5603,1.36867,7.28121,0.773284,5868.14,0
5.89596,34.4215,1.12582,7.07592,0.601334,5838.16,0
5.90245,34.3309,0.98674,7.33384,0.491802,5816.38,0
5.90893,34.1913,1.03223,7.03699,0.347628,5786.38,0
5.91543,34.2947,1.09968,7.04881,0.392818,5797.49,0
5.92191,34.1362,0.900121,7.15199,0.246721,5764.39,0
5.92846,34.1984,0.907252,6.87928,0.277813,5768.51,0
5.93497,34.6556,0.751113,6.74147,0.575065,5839.22,0
5.94145,34.8339,1.05832,6.66043,0.650939,5862.86,0
5.94793,35.064,1.28299,6.68586,0.738409,5895.17,0
5.95444,35.5494,1.25263,6.55112,1.00039,5970.23,0
5.96097,35.4442,1.21794,6.50623,0.795971,5946.04,0
5.96748,35.3933,1.12427,6.53111,0.670682,5931.04,0
5.97403,35.3862,1.0616,6.58931,0.596927,5923.35,0
5.98049,35.5248,1.19747,6.58397,0.632903,5940.11,0
5.98701,35.7918,1.0621,6.76665,0.764607,5978.25,0
5.99352,36.0009,0.726608,6.55931,0.834864,6006.64,0
6.00006,36.1228,0.716388,6.67129,0.812453,6020.41,0
6.00656,36.2638,0.9727,6.52755,0.815859,6037.37,0
6.01305,36.1968,1.26004,6.67108,0.685631,6019.71,0
6.01953,36.3796,1.65841,6.81306,0.745095,6043.6,0
6.02604,36.2768,1.66251,6.68488,0.596428,6020,0
6.03251,36.44,1.96446,6.66465,0.650531,6040.61,0
6.039,36.5813,2.03691,6.59852,0.691997,6057.5,0
6.04554,36.2279,2.19089,6.78818,0.378755,5992.5,0
6.05208,36.4685,2.22889,6.51692,0.517113,6025.78,0
6.05855,36.2538,2.18818,6.188,0.322653,5983.92,0
6.06506,36.3889,2.40546,5.82093,0.396958,5999.76,0
6.07158,36.6213,2.29824,5.6469,0.533421,6031.59,0
6.07807,36.4814,2.23865,5.53269,0.386998,6002.14,0
6.08457,36.4472,2.18235,5.41693,0.338773,5990.1,0
6.09105,36.325,2.18783,5.30422,0.228681,5963.68,0
6.09757,36.7104,2.26078,5.04926,0.484178,6020.5,0
6.10411,36.7454,2.06028,5.22254,0.46405,6019.78,0
6.11061,36.5657,2.05243,5.08666,0.298891,5983.97,0
6.11709,36.415,1.80856,5.3921,0.168968,5953,0
6.12366,36.3695,1.77031,5.61919,0.127766,5939.18,0
6.13016,36.6019,1.97751,5.51344,0.292073,5970.79,0
6.13664,36.5533,1.99848,5.48699,0.236722,5956.56,0
6.14317,36.7943,2.18497,5.2461,0.390484,5989.47,0
6.1497,36.7844,2.17846,4.90413,0.35991,5981.5,0
6.1562,36.8774,2.36483,4.46533,0.403806,5990.28,0
6.16276,37.1586,2.35882,4.66623,0.57446,6029.54,0
6.16924,37.1054,2.40606,4.76973,0.484846,6014.57,0
6.17575,37.282,2.25283,4.70279,0.564134,6036.83,0
6.18233,37.4389,2.40023,4.89199,0.614946,6055.79,0
6.18885,37.375,2.44472,4.79441,0.514203,6039.08,0
6.19533,37.3848,2.46783,4.67853,0.474338,6034.34,0
6.20185,37.4705,2.5902,4.5757,0.490827,6041.82,0
6.20838,37.3962,2.42071,5.1317,0.391986,6023.49,0
6.21484,37.5792,2.32858,5.09358,0.494118,6046.68,0
6.22136,37.5273,2.1516,5.01813,0.409825,6032.01,0
6.22789,37.9183,2.21914,5.13102,0.658587,6088.47,0
6.23438,38.0321,2.20148,5.24602,0.670014,6100.37,0
6.24084,38.3363,2.29097,5.42772,0.809078,6142.81,0
6.24734,38.4114,1.95537,5.50791,0.76719,6148.44,0
6.25383,38.442,1.74644,5.46629,0.705458,6146.95,0
6.26029,38.2021,1.71753,5.87301,0.476015,6102.29,0
6.26688,37.7046,1.6826,6.18065,0.0842777,6016.49,0
6.27341,37.6344,1.71096,6.24208,0.0278738,5999.03,0
6.27995,37.6986,1.80651,6.44767,0.0732204,6003.01,0
6.28646,37.9183,1.87503,6.6508,0.228595,6031.75,0
6.29301,37.9287,2.01139,6.76912,0.217146,6027.12,0
6.29951,38.0576,2.04353,6.53422,0.297281,6041.35,0
6.30602,37.9468,2.06608,6.80639,0.202145,6017.55,0
6.31255,37.7857,2.00509,6.96674,0.0748073,5985.81,0
6.31905,37.7628,2.0062,6.9654,0.0555451,5976.03,0
6.32561,37.8632,2.08135,6.96197,0.129418,5985.71,0
6.33213,37.8184,2.07818,7.09126,0.0897116,5972.46,0
6.33863,38.0539,2.12869,7.00168,0.25641,6003.5,0
6.34516,38.2246,2.20633,6.94704,0.360983,6024.22,0
6.3516,38.5189,2.31502,6.90433,0.54042,6064.43,0
6.35813,38.9045,2.50023,6.9691,0.764545,6118.86,0
6.36462,38.7868,2.57,7.18251,0.605455,6094.13,0
6.37114,38.6706,2.64567,7.35513,0.463149,6069.65,0
6.37764,38.5072,2.84152,7.6686,0.304555,6037.85,0
6.38415,38.4059,2.56095,7.74744,0.208236,6015.81,0
6.39069,38.7536,2.50689,7.45819,0.442461,6064.07,0
6.39717,38.7462,2.41584,7.63622,0.39325,6056.77,0
6.40368,38.9726,2.34941,7.53029,0.523006,6085.96,0
6.41021,38.9655,2.29054,7.22963,0.471763,6078.66,0
6.41669,39.0449,2.23608,7.2192,0.490289,6084.9,0
6.42319,39.0783,2.2172,7.4717,0.473728,6083.94,0
6.4297,39.1615,2.09038,7.3526,0.494086,6090.72,0
6.43617,39.236,2.23958,7.59278,0.507522,6096.18,0
6.44268,39.1212,2.24867,7.51823,0.374116,6072.2,0
6.44916,39.1929,2.06417,7.97621,0.398084,6077.21,0
6.45566,39.4167,2.63559,7.88714,0.520878,6105.76,0
6.46218,39.3844,2.68505,7.8695,0.454403,6094.6,0
6.46863,39.7673,2.80033,7.99542,0.687926,6147.71,0
6.47512,39.3888,2.51155,7.80436,0.359333,6083.11,0
6.48162,39.4532,2.48949,7.80267,0.381232,6086.94,0
6.48809,39.3254,2.40411,7.91647,0.261241,6061.17,0
6.4946,39.5361,2.18465,7.93169,0.390505,6087.54,0
6.50113,39.7016,2.27442,7.9929,0.470065,6106.88,0
6.50766,39.5239,2.17206,7.72832,0.305381,6073.43,0
6.51417,39.6901,2.33747,7.68172,0.395832,6092.88,0
6.52069,39.6835,2.0141,7.40957,0.363397,6085.78,0
6.52716,39.9468,2.09021,7.47451,0.525207,6120.09,0
6.53369,40.0672,2.30712,7.50965,0.568404,6132.41,0
6.54023,40.0894,2.2936,7.61664,0.527818,6129.67,0
6.54679,40.6568,2.53042,7.8008,0.873467,6210.19,0
6.55327,41.0608,2.31147,7.90018,1.04621,6265.69,0
6.55977,41.0272,2.54037,7.87868,0.892963,6254.36,0
6.56622,40.7763,2.78614,7.78589,0.637158,6210.01,0
6.57272,40.8595,3.01137,7.81836,0.619877,6216.54,0
6.57924,40.5421,3.01901,7.84833,0.341445,6162.12,0
6.58575,40.5037,3.27723,7.92663,0.290666,6150.2,0
6.59226,40.4038,3.03858,7.62131,0.198345,6128.98,0
6.59879,40.3721,3.0049,7.44815,0.16415,6118.1,0
6.60527,40.3191,3.1184,7.52781,0.11618,6104.08,0
6.61178,40.3992,3.21764,7.49494,0.165663,6110.19,0
6.61831,40.5214,3.30845,7.19022,0.247918,6122.61,0
6.62481,40.8401,3.36001,7.40337,0.456402,6164.71,0
6.63134,40.6555,3.33487,7.35458,0.288617,6130.82,0
6.63784,40.6219,3.24284,7.36661,0.239619,6119.75,0
6.64438,40.6513,3.13713,7.2414,0.246527,6118.14,0
6.65088,40.6569,2.96396,7.09915,0.238536,6113.01,0
6.65741,40.6013,3.0479,6.92914,0.18398,6098.67,0
6.66388,40.9257,2.85952,6.64318,0.402715,6141.41,0
6.67041,40.9837,2.87517,6.45955,0.416671,6144.1,0
6.67694,41.0604,2.54143,6.57192,0.42829,6149.58,0
6.68349,40.8186,2.76331,6.51002,0.226927,6107.38,0
6.68997,40.74,2.99443,6.45493,0.154961,6089.7,0
6.69647,41.0042,3.03759,6.26762,0.338458,6123.25,0
6.70296,40.974,3.02046,6.39752,0.289333,6112.82,0
6.70946,40.7381,3.14231,6.48436,0.10243,6071.74,0
6.71598,40.9868,2.95832,6.45651,0.277304,6102.87,0
6.72246,41.0281,2.83352,6.33997,0.286108,6103.14,0
6.72894,41.1956,2.73608,6.53079,0.3827,6122.15,0
6.73542,41.4695,2.46885,6.71628,0.548512,6156.93,0
6.74197,41.5977,2.60563,6.95977,0.601997,6169.96,0
6.74849,41.7471,2.85424,7.15985,0.655431,6186.14,0
6.75498,41.5616,2.72063,7.11729,0.463811,6152.73,0
6.76146,41.4599,2.66255,6.98949,0.347782,6131.79,0
6.76795,41.4245,2.84993,7.13425,0.298757,6120.68,0
6.77447,41.605,2.6362,6.79731,0.414728,6141.44,0
6.78091,41.3776,2.7409,6.73241,0.221257,6102.07,0
6.78741,41.4598,2.73926,6.54769,0.263535,6108.34,0
6.79391,41.3386,2.99245,6.56034,0.160113,6084.66,0
6.80043,41.2627,2.88701,6.68791,0.0994768,6067.65,0
6.80696,41.1455,2.92927,6.81188,0.0105047,6044.62,0
6.81347,41.3458,2.94567,6.84127,0.158897,6068.24,0
6.81998,41.4299,2.78368,7.02458,0.208954,6074.78,0
6.82648,41.3519,2.64915,7.04372,0.140793,6057.58,0
6.83298,41.2151,2.80034,7.05009,0.0366137,6031.79,0
6.8395,41.2179,2.85099,7.02535,0.0367593,6026.45,0
6.84604,41.1975,2.76833,7.13008,0.0206203,6017.71,0
6.85256,41.1716,2.72906,7.03196,0.0010169,6008.21,0
6.85901,41.222,2.86396,7.04237,0.0382896,6009.9,0
6.86555,41.2486,2.73508,7.28843,0.0549698,6008.05,0
6.87207,41.1843,2.71459,7.24519,0.00620383,5993,0
6.87861,41.2994,2.67361,7.32842,0.0906205,6004.04,0
6.88511,41.4798,2.98137,7.31734,0.213556,6024.56,0
6.89159,41.4113,3.18297,7.48962,0.14942,6008.96,0
6.89809,41.2629,3.07024,7.48838,0.0359787,5981.8,0
6.9046,41.3176,3.06442,7.49815,0.0761824,5984.07,0
6.91107,41.3753,2.9493,7.32621,0.115134,5986.81,0
6.91753,41.3184,2.73234,7.24363,0.0664674,5972.99,0
6.924,41.2416,2.769,7.11054,0.00622617,5956.33,0
6.93047,41.4806,2.71209,7.12246,0.181043,5985.26,0
6.93696,41.4507,2.8954,7.09777,0.149122,5975.34,0
6.94345,41.7708,2.65491,7.20701,0.370597,6015.87,0
6.94996,41.5702,2.74989,7.2604,0.202548,5981.35,0
6.95648,41.7606,2.88781,7.21326,0.328521,6003.12,0
6.96296,41.825,2.87571,7.38858,0.347251,6006.79,0
6.96949,41.6817,2.64207,7.34265,0.219044,5980.6,0
6.97604,41.9437,2.96492,7.22624,0.39319,6012.55,0
6.98258,41.6708,3.03904,7.26435,0.170516,5967.82,0
6.98908,41.7809,3.31292,7.39294,0.236995,5978.03,0
6.99558,41.9226,3.44502,7.41002,0.327113,5992.73,0
7.00208,42.0187,3.15736,7.53517,0.375214,6000.89,0
7.00856,41.9982,3.29802,7.69347,0.332436,5992.41,0
7.01505,42.2141,3.27754,7.75102,0.463842,6017.64,0
7.02152,41.8241,3.45653,7.67123,0.145716,5956.56,0
7.02805,41.7888,3.63139,7.69543,0.109853,5946,0
7.03458,41.8956,3.63109,7.70435,0.182103,5955.67,0
7.04115,42.0695,3.90558,7.48376,0.296031,5974.81,0
7.04766,41.908,3.90664,7.45472,0.165145,5946.37,0
7.05414,41.7595,4.02724,7.38152,0.0504715,5919.86,0
7.06063,41.7913,3.93779,7.49349,0.0719782,5918.92,0
7.06715,41.7618,3.76748,7.5211,0.0485377,5909.29,0
7.07364,41.8088,3.94414,7.64112,0.0818787,5910.52,0
7.08011,41.724,3.96746,7.62996,0.0167663,5893.12,0
7.08662,41.7346,4.06504,7.75025,0.0241519,5889.21,0
7.09313,41.9075,4.22262,7.68975,0.151936,5908.19,0
7.09962,41.8299,4.0845,7.47509,0.0893523,5891.85,0
7.10612,41.9485,4.09182,7.52911,0.173945,5903.15,0
7.11263,41.85,3.85091,7.64202,0.0939416,5883.91,0
7.11917,41.8906,3.89743,7.70398,0.121641,5884.2,0
7.12565,41.9193,3.87249,7.80153,0.136,5882.88,0
7.13217,41.8702,3.95697,7.63698,0.0939172,5870.61,0
7.13865,42.0693,4.09547,7.52897,0.229486,5893.18,0
7.14514,42.4386,4.27731,7.76995,0.482314,5939.5,0
7.15162,42.4419,4.23846,7.90967,0.453189,5934.58,0
7.15816,42.4393,4.2224,7.81384,0.419498,5928.8,0
7.16466,42.3571,4.45675,7.33891,0.330687,5911.95,0
7.17117,42.2307,4.72752,7.56342,0.220906,5888.95,0
7.17771,42.0352,4.72216,7.55311,0.0662713,5856.35,0
7.18421,42.1405,4.69236,7.46054,0.141044,5865.71,0
7.19068,42.2406,4.75177,7.47465,0.205749,5874.36,0
7.19717,42.4469,4.65294,7.51172,0.345771,5897.72,0
7.20369,42.6092,4.93726,7.70885,0.43423,5914.92,0
7.21017,42.3865,5.15803,7.61229,0.243691,5878.7,0
7.21674,42.5894,5.36647,7.613,0.377261,5901.47,0
7.22322,42.712,5.27398,7.6133,0.441787,5913.14,0
7.22967,42.7502,5.15012,7.33511,0.434657,5913.16,0
7.23617,42.724,5.29205,7.31017,0.381115,5904.22,0
7.24267,42.7675,5.14681,7.51073,0.385388,5904.93,0
7.24916,42.8086,4.80971,7.28885,0.388122,5905.32,0
7.2557,43.2191,4.8416,7.27647,0.652152,5956.57,0
7.26221,43.4201,4.75829,7.06866,0.720105,5978.91,0
7.26869,43.695,5.01307,6.9009,0.841708,6011.4,0
7.27521,44.0035,5.05052,7.0803,0.961312,6048.41,0
7.28172,43.8826,5.26816,6.81748,0.771896,6026.4,0
7.28826,44.0072,5.36789,6.74207,0.77778,6038.1,0
7.2947,43.8384,5.23403,6.80124,0.57874,6009.62,0
7.30124,43.8232,5.01761,6.98262,0.511758,6002.16,0
7.30774,43.8336,5.17628,7.03443,0.486702,5998.25,0
7.31428,43.7665,5.12527,6.91387,0.391662,5983.71,0
7.32079,43.8072,5.25293,7.05891,0.393777,5983.95,0
7.32732,43.9112,5.08302,7.01971,0.430711,5992.8,0
7.33385,43.6562,5.09278,7.02947,0.21442,5952.7,0
7.34033,43.8458,5.12208,7.16814,0.336468,5973.27,0
7.34686,44.1786,5.47189,7.04028,0.543468,6013.27,0
7.35338,44.1569,5.1655,6.88399,0.475324,6004.98,0
7.35992,44.3117,4.94218,6.87762,0.544314,6020.67,0
7.36643,44.1362,4.79576,6.89853,0.3726,5991.53,0
7.37297,44.4265,4.60824,6.67192,0.549644,6025.6,0
7.37945,44.2679,4.43824,6.56847,0.390127,5998.81,0
7.38595,44.1637,4.58138,6.59071,0.285994,5979.43,0
7.39247,44.2969,4.60668,6.58362,0.36588,5992.17,0
7.39897,44.2869,4.77725,6.50996,0.335553,5985.55,0
7.40547,44.2915,5.09653,6.48424,0.31203,5980.91,0
7.41201,44.237,5.13082,6.62888,0.249955,5968.29,0
7.41856,44.3339,5.13884,6.44582,0.303661,5976.08,0
7.42505,44.2022,5.06604,6.36972,0.18923,5953.11,0
7.43156,44.1814,5.1017,6.4198,0.164734,5945.1,0
7.43808,44.2306,5.13764,6.37924,0.194172,5946.51,0
7.44459,44.1247,5.10094,6.58834,0.108231,5927.08,0
7.4511,44.3971,4.92223,6.60053,0.301925,5958.47,0
7.4576,44.1141,5.07047,6.75542,0.0801093,5915.32,0
7.46411,44.0922,4.9223,6.74775,0.0618433,5907.23,0
7.47068,44.1265,4.99569,6.72955,0.0856293,5906.63,0
7.47719,44.1541,5.0152,6.67177,0.103691,5905.17,0
7.48372,44.1051,5.12071,6.76803,0.0640158,5893.48,0
7.49021,44.2149,4.90661,6.80797,0.141832,5903.02,0
7.49671,44.2293,4.82657,6.85386,0.144325,5899.83,0
7.50317,44.2354,4.88875,6.93287,0.140424,5895.55,0
7.50967,44.269,5.0408,6.82666,0.155416,5894.93,0
7.51614,44.5,4.74728,6.71345,0.311924,5920.6,0
7.52267,44.5231,4.76062,6.68482,0.305975,5918.52,0
7.52919,44.6405,4.74934,6.739,0.373951,5928.98,0
7.53573,44.5608,4.47025,6.75886,0.285275,5913.28,0
7.54225,44.7125,4.671,7.17754,0.3753,5928.27,0
7.5488,44.8422,4.65384,7.18121,0.434176,5940.31,0
7.55528,44.8595,4.64171,7.00741,0.417859,5937.5,0
7.56182,44.8353,4.59876,7.09257,0.371045,5929.17,0
7.56834,44.7546,4.24201,7.11234,0.287049,5913.4,0
7.5748,44.755,4.16675,7.09692,0.269196,5908.41,0
7.5813,44.7489,4.19649,7.12931,0.247899,5902.53,0
7.58782,44.8521,4.19078,7.25157,0.309604,5911.07,0
7.59436,45.0311,4.4087,7.60134,0.402039,5929.55,0
7.60085,45.1781,4.58982,7.41706,0.484168,5943.82,0
7.60734,44.9387,4.44191,7.19839,0.270944,5907.28,0
7.6139,45.1097,4.25993,7.0938,0.366222,5924.65,0
7.62044,45.3117,3.8798,7.17048,0.477893,5946.07,0
7.62701,45.4149,3.83228,6.82527,0.511236,5954.48,0
7.63353,45.7059,3.83254,6.94351,0.654642,5987.52,0
7.64002,45.749,3.71442,7.08696,0.626112,5988.07,0
7.64653,45.5051,3.21744,7.07586,0.394508,5951.08,0
7.65304,45.3201,3.2041,7.09474,0.23296,5921.85,0
7.65955,45.2327,3.25978,7.16279,0.155405,5905.39,0
7.66609,45.3957,3.25406,7.5028,0.265037,5921.62,0
7.67262,45.4682,3.48351,7.50725,0.300682,5926.03,0
7.67915,45.4685,3.40073,7.48218,0.279948,5921.03,0
7.68563,45.8383,3.28427,7.45445,0.526699,5964.16,0
7.69211,45.7326,3.57402,7.43709,0.39799,5945.39,0
7.69864,45.4485,3.73614,7.51617,0.164441,5903.44,0
7.70519,45.4993,3.81386,7.56359,0.188998,5905.02,0
7.71169,45.6348,3.98454,7.4347,0.274711,5917.62,0
7.71818,45.5199,4.09855,7.78121,0.174238,5897.75,0
7.72469,45.8381,4.19957,7.64309,0.396255,5933.97,0
7.73119,45.7227,4.12987,7.67474,0.277082,5914.06,0
7.7377,45.619,4.29868,7.67179,0.187253,5895.68,0
7.74424,45.6564,4.19794,7.81405,0.205679,5895.52,0
7.75071,45.56,4.2346,7.88241,0.127843,5878.18,0
7.75721,45.6444,4.19686,8.1698,0.179975,5884.12,0
7.76374,45.7446,4.28726,8.34083,0.245154,5892.09,0
7.77023,45.9453,4.22907,8.16064,0.374723,5912.99,0
7.77671,45.9755,3.95804,8.42422,0.362317,5911.95,0
7.78323,46.125,3.9979,8.72434,0.448791,5926.21,0
7.7898,45.9847,3.97565,8.84768,0.313276,5903.19,0
7.79629,45.8682,4.0924,8.83436,0.206309,5883.34,0
7.80278,45.8877,4.07815,9.03806,0.203214,5880.94,0
7.80925,45.8433,4.10007,9.00605,0.155146,5870.38,0
7.81576,45.8442,3.97878,8.99458,0.145194,5865.61,0
7.82225,45.887,3.96074,9.07952,0.17052,5866.21,0
7.82876,45.7825,3.89906,9.06682,0.0855309,5847.99,0
7.83527,45.8033,3.85762,9.04706,0.0975651,5845.78,0
7.84183,45.8007,3.73639,8.90435,0.0922458,5840.56,0
7.84835,45.8844,3.7936,9.01303,0.150913,5846.37,0
7.85485,45.8733,3.82054,9.07093,0.129316,5840.13,0
7.86138,45.7193,3.81876,9.17971,0.00885402,5815.68,0
7.86789,45.8033,3.73496,9.14753,0.0700902,5821.55,0
7.87439,45.9631,3.4908,9.15464,0.17852,5837.04,0
7.88093,46.0616,3.65369,9.30102,0.237329,5844.69,0
7.88744,46.3072,3.84189,9.41981,0.394985,5871,0
7.89395,46.1763,3.66315,9.48798,0.270306,5849.58,0
7.90046,46.2677,3.87779,9.38765,0.319118,5856.33,0
7.90698,46.3208,4.01227,9.3358,0.337485,5858.22,0
7.9135,46.4424,4.02234,9.50339,0.399522,5868.75,0
7.92001,46.6613,3.88046,9.62901,0.530905,5891.57,0
7.92654,46.7796,3.80809,9.78642,0.571521,5901.64,0
7.93304,46.8968,3.64781,9.99138,0.600816,5911.58,0
7.93952,46.8018,3.79295,10.0792,0.474266,5894.79,0
7.94601,46.8675,3.95027,10.295,0.487327,5898.24,0
7.95252,46.7017,4.22201,10.3828,0.319195,5872.57,0
7.95904,46.5868,4.0174,10.4347,0.216929,5853.33,0
7.96555,46.7068,4.0989,10.0944,0.290268,5863.6,0
7.97208,46.4625,3.96087,10.1421,0.0944256,5828.16,0
7.97857,46.3694,3.89944,9.983,0.0236858,5811.74,0
7.98511,46.5091,3.94766,9.97119,0.127391,5824.48,0
7.99161,46.7473,3.93056,9.86981,0.29358,5849.55,0
7.99813,46.5796,3.9264,9.6845,0.153837,5823.81,0
8.00464,46.6904,3.95008,9.87027,0.228195,5832.92,0
8.01116,46.7595,3.94282,9.87252,0.268414,5836.79,0
8.01768,46.8403,4.05329,9.60635,0.303578,5842.13,0
8.02418,46.8263,4.13609,9.75855,0.266682,5835.65,0
8.03067,46.8,4.06701,9.67994,0.229831,5827.66,0
8.03718,46.8358,3.95904,9.62947,0.240464,5827.39,0
8.04368,46.6579,3.93373,9.69309,0.0993727,5800.56,0
8.05026,46.5673,4.36766,9.81496,0.026305,5784.57,0
8.05674,46.5888,4.31699,9.7247,0.0422361,5782.59,0
8.06325,46.6642,4.25146,9.88034,0.0961584,5787.27,0
8.06973,46.6242,4.37792,9.846,0.0616574,5777.66,0
8.07628,46.6647,4.57546,9.78344,0.0887636,5778,0
8.08276,46.6705,4.69702,9.74358,0.085796,5774.08,0
8.08927,46.8282,4.7687,9.70524,0.195828,5788.93,0
8.09576,46.875,5.22224,9.86219,0.220002,5790.07,0
8.10224,46.9998,5.22413,9.99585,0.297776,5800.84,0
8.10877,47.3642,5.20063,9.87896,0.543781,5841.1,0
8.11528,47.5218,5.14426,9.93115,0.607401,5855.83,0
8.12176,47.6174,5.06829,10.1628,0.620475,5862.94,0
8.12831,47.6698,5.19657,10.2067,0.597362,5864.66,0
8.13484,47.585,5.39531,10.2535,0.479195,5849.54,0
8.14134,47.7269,5.43265,10.3866,0.542662,5862.28,0
8.14784,47.6687,5.50419,10.5859,0.452108,5850.47,0
8.15436,47.7262,5.44684,10.7316,0.458318,5852.85,0
8.16085,47.8005,5.61942,11.0427,0.477684,5857.3,0
8.16733,47.8776,5.74893,10.8805,0.49288,5862.08,0
8.1739,47.8593,5.76564,10.7408,0.431855,5855.14,0
8.18037,47.9355,5.60981,10.7944,0.446906,5859.82,0
8.18684,47.8606,5.58378,10.7828,0.358959,5846.04,0
8.19334,47.8628,5.404,10.8642,0.332867,5841.67,0
8.19983,47.815,5.46825,11.0159,0.279639,5831.22,0
8.20636,47.8626,5.81581,11.1165,0.292042,5832.38,0
8.21286,47.8341,5.98555,11.297,0.256884,5824.3,0
8.21931,48.2182,6.03517,11.2048,0.503005,5866.45,0
8.22578,48.1645,5.75824,11.1702,0.416703,5855.31,0
8.23227,48.2377,5.70999,11.2467,0.436453,5859.59,0
8.23877,48.3743,5.67093,11.5366,0.496123,5871.54,0
8.24533,48.3549,5.4993,11.5831,0.442663,5864.52,0
8.25182,48.3727,5.51032,11.5558,0.415947,5862.06,0
8.2583,48.5911,5.35568,11.327,0.538205,5883.91,0
8.26482,48.3685,5.19678,11.3444,0.32566,5852.34,0
8.27133,48.5354,4.97285,11.5647,0.414129,5867.91,0
8.27783,48.7843,4.86956,11.7333,0.552021,5893.36,0
8.28432,48.4945,4.69264,11.6212,0.305905,5853.77,0
8.29082,48.4617,4.64333,11.8201,0.260163,5845.22,0
8.29738,48.556,4.50757,11.7539,0.307109,5851.97,0
8.3039,48.258,4.32416,11.8331,0.0749649,5811.49,0
8.31044,48.4129,4.3213,11.6819,0.1843,5825.55,0
8.31695,48.4626,4.09532,11.6429,0.21131,5826.97,0
8.32347,48.2783,4.15853,11.5782,0.0676674,5800.26,0
8.32999,48.2008,4.20835,11.646,0.00854752,5786.41,0
8.33647,48.2482,4.2257,11.7121,0.04374,5787.6,0
8.34296,48.5133,4.36533,11.758,0.23212,5814.88,0
8.34943,48.7163,4.38513,11.8793,0.364233,5834.69,0
8.3559,48.8233,4.44224,11.8688,0.416098,5842.97,0
8.36237,48.8041,4.34436,11.283,0.372111,5836.15,0
8.36886,48.7673,4.41427,11.3466,0.31425,5827.24,0
8.37535,48.8963,4.42736,11.3188,0.389153,5838.11,0
8.38184,49.0694,4.5615,11.1088,0.478658,5854.25,0
8.38833,49.2461,4.57211,10.9503,0.563391,5870.79,0
8.39487,49.1122,4.37968,10.9879,0.4146,5850.26,0
8.40141,49.2095,4.54566,11.1561,0.448739,5857.29,0
8.40795,49.1622,4.54856,11.6068,0.380795,5847.1,0
8.41446,49.281,4.33624,11.6135,0.433706,5856.7,0
8.42094,49.2227,4.58642,11.5961,0.358268,5845.27,0
8.42744,49.3368,4.63796,11.5933,0.413949,5854.3,0
8.43395,49.4085,4.67222,11.6023,0.436158,5858.29,0
8.44046,49.5186,4.27445,11.578,0.480213,5866.81,0
8.44698,49.6224,4.29501,11.6883,0.508249,5874.57,0
8.45351,49.6896,4.31561,11.5874,0.513148,5877.99,0
8.46006,49.7178,4.11021,11.8416,0.484691,5876.76,0
8.46658,49.7288,4.01044,12.1326,0.445837,5873.55,0
8.47312,49.9068,4.12087,11.9157,0.533756,5890.01,0
8.47958,49.8998,4.20974,12.1456,0.481299,5884.7,0
8.48611,49.8744,4.5746,11.9785,0.42277,5877.17,0
8.49263,49.9135,4.89032,11.9316,0.419648,5877.26,0
8.49913,50.0077,5.14293,12.0003,0.451058,5883.86,0
8.50564,49.938,5.33965,11.9632,0.366107,5871.16,0
8.51214,49.8152,5.38577,11.7984,0.247073,5852.25,0
8.51863,49.9727,5.66887,11.7511,0.342579,5866.28,0
8.52515,49.9635,5.44558,11.7289,0.305202,5860.72,0
8.53161,49.7706,5.39153,11.4416,0.148196,5833.67,0
8.5381,49.8046,5.44667,11.3189,0.164095,5833.21,0
8.54465,49.825,5.84606,11.3421,0.1697,5831.14,0
8.55118,49.7944,5.86845,11.2183,0.13559,5823.1,0
8.5577,50.1009,5.62464,11.0976,0.34962,5854.48,0
8.56423,50.2772,5.59304,11.3754,0.451607,5870.6,0
8.57075,50.5146,6.00724,11.5491,0.585705,5893.83,0
8.57728,50.7804,5.94113,11.2932,0.714335,5920.34,0
8.58379,51.0538,6.38081,11.5071,0.830507,5947.7,0
8.59031,51.1171,6.42838,11.4127,0.771868,5950.56,0
8.59685,50.9694,6.56016,11.6127,0.589003,5928.85,0
8.60334,51.2258,6.70254,11.3474,0.708284,5954.17,0
8.60987,51.206,7.08559,11.2395,0.613862,5947.36,0
8.61634,51.3583,6.92439,11.1135,0.668747,5960.57,0
8.62285,50.7553,6.72246,11.1235,0.178954,5886.14,0
8.62937,50.6536,6.70746,11.0509,0.0939836,5869.91,0
8.63588,50.7956,6.75561,10.7974,0.193849,5881.92,0
8.64241,50.7659,7.02076,10.979,0.159761,5874.05,0
8.64891,50.7876,6.88047,11.0821,0.165608,5872.14,0
8.65541,50.8049,6.74372,10.9766,0.17169,5869.72,0
8.66193,50.7751,6.59001,11.0172,0.13826,5861.87,0
8.66846,50.7702,6.52367,11.1984,0.130239,5856.89,0
8.67498,50.8557,6.62025,11.1911,0.187228,5862.34,0
8.6815,50.9575,6.65616,11.1005,0.25189,5869.67,0
8.688,50.7254,6.61058,11.1431,0.0721681,5838.56,0
8.69449,50.7179,6.67506,11.0854,0.0633905,5833.34,0
8.70102,50.7558,6.56035,10.9936,0.0854622,5833.32,0
8.70756,50.7241,6.66376,11.102,0.0595632,5825.29,0
8.71408,50.7649,6.59781,11.0773,0.0868382,5825.61,0
8.72059,50.6653,6.42936,11.1623,0.00982841,5809.85,0
8.72712,50.6875,6.42759,11.1994,0.0257002,5808.05,0
8.73365,50.7258,6.51973,11.2712,0.0528772,5808.09,0
8.74016,50.6941,6.46442,11.1906,0.0272756,5800.14,0
8.74666,50.6969,6.53613,11.1202,0.0265654,5796.14,0
8.75315,50.7404,6.53933,11.2167,0.0578528,5796.81,0
8.75967,50.7603,6.32694,11.1367,0.0716012,5794.77,0
8.76617,50.7213,6.34367,11.115,0.041528,5786.03,0
8.77263,50.7379,6.45108,11.0697,0.0507454,5783.65,0
8.77915,50.9295,6.40262,11.2117,0.190831,5801.19,0
8.78568,51.159,6.49783,11.3572,0.342519,5823,0
8.7922,51.4455,6.15125,11.427,0.525785,5851.27,0
8.79869,51.5781,6.36588,11.6809,0.571326,5862.02,0
8.8052,51.5496,6.24899,11.9419,0.48962,5854.45,0
8.81172,51.593,6.08454,11.7342,0.483638,5855.05,0
8.8182,51.8068,5.55869,11.9844,0.593619,5874.98,0
8.82466,51.574,5.30352,12.1216,0.381874,5844.31,0
8.83115,51.6459,4.96933,11.9989,0.406434,5848.15,0
8.83771,51.6553,5.06639,11.9053,0.382357,5844.87,0
8.84422,51.742,5.27006,11.9278,0.412056,5850.38,0
8.85074,51.445,5.28628,12.1612,0.172451,5812.51,0
8.8573,51.4435,5.17545,12.1077,0.16233,5808.04,0
8.86381,51.4123,5.30898,12.0016,0.133254,5800.25,0
8.87031,51.4119,5.336,11.9436,0.126153,5795.95,0
8.87682,51.3319,5.19488,12.0068,0.0612315,5782.68,0
8.88334,51.3864,5.32884,11.8804,0.0995135,5784.58,0
8.88985,51.3941,5.40525,11.6585,0.100758,5781.21,0
8.89636,51.6929,5.34862,11.5907,0.314182,5810.56,0
8.90288,51.9876,5.60982,11.4526,0.499019,5839.42,0
8.90937,51.9754,5.68874,11.2673,0.444721,5833.79,0
8.91588,52.0991,5.79381,11.0595,0.497135,5843.41,0
8.9224,52.0223,5.63572,10.9769,0.40386,5830.53,0
8.92892,51.9726,5.67059,11.1163,0.336849,5820.7,0
8.93545,52.2383,5.80761,11.0363,0.496385,5846.19,0
8.94193,52.1192,5.76786,11.1867,0.362436,5828.62,0
8.94846,52.4954,5.87895,11.3301,0.601943,5866.42,0
8.95503,52.3618,6.06137,11.2502,0.444065,5847.19,0
8.96154,52.2927,5.73891,11.3972,0.360355,5835.23,0
8.96807,52.3819,5.85708,11.2767,0.400497,5840.94,0
8.97458,52.5437,5.84785,11.614,0.479173,5854.73,0
8.98112,52.81,5.79925,11.7931,0.624803,5880.12,0
8.9876,52.6978,5.61445,11.7617,0.48535,5863.39,0
8.99413,52.7671,5.40449,11.5999,0.501288,5866.84,0
9.00061,52.7417,5.67889,11.3521,0.439255,5859.79,0
9.0071,52.7736,5.87797,11.3686,0.418042,5859.12,0
9.01364,52.7606,6.01699,11.2126,0.377448,5853.42,0
9.02012,52.6369,6.04806,11.4069,0.254212,5835.49,0
9.02665,52.4757,6.17823,11.316,0.121186,5813.42,0
9.03311,52.6528,6.19104,11.2792,0.244479,5828.87,0
9.0396,52.5829,6.3437,11.3629,0.179685,5816.95,0
9.04608,52.71,6.4109,11.1487,0.26293,5826.84,0
9.05258,52.633,6.26854,10.9238,0.190126,5814.14,0
9.05908,52.5555,6.47387,10.8455,0.124043,5801.42,0
9.06565,52.4613,6.40249,10.7742,0.0490266,5786.82,0
9.0722,52.5447,6.40719,10.7045,0.10995,5791.83,0
9.0787,52.5791,6.39898,10.6634,0.131436,5791.48,0
9.08523,52.6592,6.03663,10.5788,0.182071,5796.14,0
9.09174,52.5279,5.93316,10.6083,0.0805322,5777.55,0
9.09825,52.4848,6.02781,10.8185,0.0456072,5768.67,0
9.10475,52.4791,6.01914,10.9038,0.0405939,5763.93,0
9.11126,52.5069,6.09468,10.8876,0.0576042,5762.85,0
9.11778,52.6597,6.09393,11.0678,0.167524,5775.49,0
9.12429,52.8414,6.12298,11.2716,0.291491,5791.28,0
9.13081,53.1637,6.27022,11.4173,0.490143,5822.45,0
9.13728,53.224,6.50849,11.4423,0.494951,5824.93,0
9.14382,53.1993,6.6097,11.7286,0.42671,5818.06,0
9.1503,53.0439,6.94894,11.7291,0.278669,5796.96,0
9.15678,52.9539,7.03582,11.8003,0.19289,5783.03,0
9.16332,52.9184,6.97393,11.9166,0.156574,5775.03,0
9.16984,52.9585,6.93428,11.9337,0.172921,5775.29,0
9.1763,52.9558,6.82059,12.0795,0.161792,5770.93,0
9.18279,52.9884,6.85726,11.9274,0.179444,5770.41,0
9.1893,52.9794,6.78584,11.8911,0.162531,5765.34,0
9.1958,53.139,6.7044,11.8486,0.268581,5778.61,0
9.20233,53.0217,6.54804,11.7666,0.165565,5761.77,0
9.20885,53.1325,6.45872,11.972,0.239933,5769.72,0
9.21534,53.1871,6.48796,12.5473,0.264902,5771.58,0
9.22184,52.9782,6.36731,12.5364,0.101082,5744.86,0
9.2284,53.0425,6.55609,12.487,0.143168,5747.75,0
9.23486,53.03,6.59713,12.7105,0.12635,5742.37,0
9.24138,53.1062,6.57213,12.6301,0.176563,5746.56,0
9.24793,53.0383,6.66387,12.72,0.120143,5735.16,0
9.2544,53.1008,6.65167,12.6987,0.162642,5737.9,0
9.26095,52.912,6.77331,12.4894,0.0184702,5713.45,0
9.26748,53.2395,6.97516,12.4747,0.257828,5744.77,0
9.27403,53.2816,6.90228,12.6629,0.272348,5745.24,0
9.28055,53.13,6.82163,12.6905,0.147158,5724.88,0
9.28706,53.2757,6.7616,12.6532,0.248641,5736.56,0
9.29356,53.1761,7.12628,12.6455,0.158191,5721.82,0
9.30004,53.0987,7.10686,12.6969,0.0892819,5709.52,0
9.30652,53.1868,7.1167,12.5534,0.148307,5715,0
9.31302,53.3151,7.00848,12.6974,0.230162,5724.79,0
9.31953,53.3904,7.12196,12.4154,0.274382,5728.88,0
9.32599,53.648,7.12072,12.3349,0.444347,5752.52,0
9.3325,53.3885,6.94837,12.444,0.226911,5720.7,0
9.33904,53.4245,6.96296,12.388,0.241148,5720.56,0
9.34554,53.5408,6.87226,12.3022,0.306622,5729.03,0
9.35205,53.6151,6.74063,12.5141,0.335113,5732.98,0
9.35859,53.6129,6.80933,12.347,0.313975,5728.74,0
9.3651,53.5605,7.06254,12.1831,0.255203,5719.16,0
9.3716,53.6413,7.26957,12.0104,0.302054,5723.82,0
9.3781,53.4916,7.16439,11.8854,0.178389,5703.89,0
9.38459,53.4853,7.19175,11.6597,0.163345,5699.27,0
9.39109,53.8033,7.01654,11.6505,0.3809,5729.19,0
9.39759,53.9866,7.09867,11.831,0.479624,5744.72,0
9.4041,54.182,7.02228,12.0776,0.575864,5761.52,0
9.4106,54.4066,6.9432,12.0536,0.679993,5781.41,0
9.41714,54.297,7.08648,12.0354,0.547807,5765.76,0
9.42364,54.2235,7.11022,12.1447,0.449115,5753.98,0
9.43012,54.0147,7.05638,12.2743,0.27013,5727.88,0
9.43667,54.204,7.02992,12.6188,0.39323,5743.98,0
9.44316,54.0093,7.10331,12.6266,0.224738,5719.41,0
9.44961,54.1282,6.87242,12.6406,0.297644,5728.09,0
9.45607,54.1868,6.82548,12.745,0.320654,5730.37,0
9.46258,54.0469,6.80337,12.8658,0.194888,5711.65,0
9.46907,54.3681,6.73873,12.8947,0.417132,5741.65,0
9.47561,54.3964,6.83576,13.0708,0.404059,5740.68,0
9.48208,54.5718,6.70939,13.0173,0.490579,5755.26,0
9.48858,54.7088,6.54119,12.8028,0.544644,5765.75,0
9.4951,54.6837,6.72788,12.7441,0.473704,5759.14,0
9.5016,54.7555,7.07652,12.6709,0.495262,5762.77,0
9.50814,54.8304,7.00229,12.6894,0.509361,5766.68,0
9.51469,54.8262,7.13315,12.5621,0.45824,5762.26,0
9.52123,54.8523,7.17329,12.4526,0.440893,5761.06,0
9.52775,54.7605,7.30731,12.5736,0.338894,5747.47,0
9.53426,54.6559,7.33597,12.6364,0.245268,5732.58,0
9.54075,54.7165,7.25391,12.8181,0.280305,5735.03,0
9.54732,55.0913,7.19399,12.6683,0.529458,5770.35,0
9.55381,55.0765,6.96155,12.6936,0.469321,5764.88,0
9.5603,55.4725,7.19177,12.8574,0.700802,5802.38,0
9.56682,55.2189,6.91797,12.7386,0.448265,5771.92,0
9.57332,55.3044,7.23184,12.5786,0.474033,5776.93,0
9.5798,55.1521,7.40026,12.4489,0.322207,5757.12,0
9.58631,55.4243,7.5513,12.6936,0.486545,5781.62,0
9.59281,55.2881,7.47068,12.2825,0.355204,5763.49,0
9.59929,55.1553,7.78116,12.1272,0.234259,5745.77,0
9.60578,55.1153,7.80549,12.0202,0.188137,5737.73,0
9.61231,55.3007,7.67768,12.161,0.313565,5753.11,0
9.61883,55.0638,7.47447,12.2427,0.1207,5724.59,0
9.62532,55.0396,7.50567,12.5278,0.0975195,5718.21,0
9.63183,55.069,7.62706,12.6053,0.112384,5717.4,0
9.63837,55.0728,7.72743,12.7524,0.11093,5713.91,0
9.64489,55.0022,7.66416,12.7408,0.0516014,5702.73,0
9.6514,55.3612,7.76253,12.6933,0.310827,5736.08,0
9.65789,55.6421,8.16202,12.6401,0.48574,5761.31,0
9.66434,55.8114,8.18184,12.5011,0.552156,5774.98,0
9.67087,55.8695,8.0774,12.4052,0.534405,5777.09,0
9.67736,55.7594,8.00249,12.1524,0.408597,5761.84,0
9.68386,55.7398,8.01533,12.1347,0.361499,5755.95,0
9.69037,55.8337,8.05586,11.8819,0.401982,5761.77,0
9.69682,55.8791,8.42922,11.7155,0.396177,5762.63,0
9.70329,55.8698,8.47066,11.5689,0.356359,5757.82,0
9.70982,55.8358,8.55396,11.5039,0.304167,5750.45,0
9.71633,56.0702,8.58934,11.6902,0.447146,5770.72,0
9.72283,56.0218,8.40048,11.4282,0.374188,5761.88,0
9.72934,56.1086,8.39663,11.7674,0.402126,5766.96,0
9.73581,56.1382,8.51157,11.874,0.39312,5766.16,0
9.74235,56.1679,8.32997,11.861,0.380703,5765.34,0
9.74883,56.3839,8.50421,11.8666,0.505556,5783.66,0
9.75536,56.1171,8.72439,11.7317,0.27213,5752.44,0
9.76183,55.896,8.83661,11.7885,0.0941359,5725.97,0
9.76834,55.9838,8.73101,11.6934,0.155551,5731.14,0
9.7748,56.044,8.62979,11.741,0.192532,5733.52,0
9.78128,56.0888,8.63832,11.751,0.214056,5734.3,0
9.78781,56.2732,8.52436,11.5465,0.333101,5749.32,0
9.79434,56.4764,8.41099,11.5742,0.448288,5766.23,0
9.80088,56.2169,8.37028,11.6712,0.226984,5735.91,0
9.8074,56.3527,8.24285,11.6837,0.310157,5745.94,0
9.81389,56.1802,8.27137,11.7622,0.163077,5724.56,0
9.8204,56.0545,8.25012,11.8084,0.0663069,5707.96,0
9.82693,56.248,8.14246,11.8783,0.201616,5723.86,0
9.83344,56.3625,8.05703,11.9372,0.273316,5731.72,0
9.83992,56.1034,8.02267,11.9898,0.0683644,5701.62,0
9.84649,56.3185,7.77278,11.9023,0.222963,5719.65,0
9.85299,56.4473,7.78493,12.1379,0.303715,5728.95,0
9.85949,56.4281,7.96436,12.3463,0.269315,5723.23,0
9.86598,56.4366,8.05916,12.4017,0.256384,5720.32,0
9.8725,56.4493,8.23859,12.5343,0.245404,5717.84,0
9.879,56.3482,8.43634,12.5956,0.158216,5703.84,0
9.88549,56.5161,8.33116,12.6954,0.268839,5717.08,0
9.89201,56.7736,8.26266,12.8708,0.434802,5739.33,0
9.89852,57.1334,8.44688,13.1262,0.658722,5771.91,0
9.905,57.5726,8.41144,13.1032,0.900892,5812.48,0
9.91152,57.5567,8.59216,13.2734,0.779034,5807.05,0
9.91803,57.3932,8.53596,12.9479,0.576701,5786.76,0
9.9245,57.518,8.96105,12.7418,0.613569,5795.56,0
9.93102,57.6318,9.04436,12.9055,0.633894,5803.21,0
9.93753,57.7573,8.77358,12.6939,0.647905,5812.04,0
9.94404,57.888,8.93295,12.9325,0.683229,5821.38,0
9.95056,57.6691,9.21807,12.6376,0.459678,5795.56,0
9.95706,57.3716,9.05618,12.4465,0.214281,5761.9,0
9.96358,57.2362,8.88643,12.4981,0.104608,5744.54,0
9.9701,57.1438,9.05194,12.5377,0.0343829,5731.51,0
9.9766,57.2925,9.15726,12.3511,0.141263,5742.69,0
9.98309,57.5532,9.01288,12.4079,0.322961,5765.07,0
9.98967,57.3324,8.80087,12.254,0.142741,5739.17,0
9.99622,57.2624,8.76266,12.0168,0.084246,5728.4,0
10,57.4027,8.79471,11.9124,0.186423,5740.27,0
