0.00649188,0.0468726,-0.12186,0.0940524,0.0342712,7220.19,0
0.013006,0.141467,-0.0441748,0.25486,0.0998772,10877,0
0.0195305,0.0554238,0.0316907,0.335533,0.0311376,2837.8,0
0.026068,0.0370565,0.0207944,0.27583,0.0164273,1421.53,0
0.0325843,0.203998,0.00718151,0.187735,0.13731,6260.62,0
0.0390827,0.162089,-0.131813,0.170033,0.0991373,4147.33,0
0.0455732,0.20998,-0.133153,0.156375,0.131306,4607.54,0
0.0520763,0.162227,-0.0646011,0.039878,0.0887625,3115.18,0
0.0585894,0.441814,-0.173698,0.169866,0.287551,7540.85,0
0.0651023,0.313132,-0.0472749,0.0364583,0.171535,4809.85,0
0.071603,0.363674,-0.172348,-0.154895,0.200529,5079.04,0
0.0781504,0.583052,-0.384063,-0.0635951,0.341811,7460.64,0
0.0846712,0.758197,-0.60613,0.212535,0.44889,8954.61,0
0.0911919,0.627017,-0.906619,0.0128005,0.326386,6875.79,0
0.0977047,0.73653,-0.945484,-0.0457009,0.372692,7538.33,0
0.104229,0.763578,-1.08195,-0.13671,0.371019,7325.94,0
0.110756,0.648502,-0.950407,-0.0162108,0.253752,5855.23,0
0.117286,0.592671,-1.10056,-0.174089,0.193572,5053.22,0
0.123788,0.703242,-1.12048,-0.250132,0.261769,5681,0
0.130328,0.604545,-1.45874,-0.0957115,0.173235,4638.65,0
0.136816,0.562745,-1.29331,0.186692,0.13295,4113.14,0
0.143392,0.749096,-1.41859,-0.0469675,0.259719,5224.13,0
0.149965,0.869167,-1.59621,-0.000531983,0.331296,5795.81,0
0.156452,0.827558,-1.81431,-0.0373215,0.281374,5289.55,0
0.162941,0.985231,-1.74904,0.101695,0.372603,6046.53,0
0.169518,0.717915,-1.6164,0.425431,0.156531,4235.04,0
0.176003,0.836134,-1.59612,0.355141,0.233112,4750.68,0
0.182548,0.876506,-1.51552,0.419886,0.24627,4801.52,0
0.189078,1.3113,-1.33181,0.521148,0.536735,6935.27,0
0.195597,1.33824,-1.4313,0.692116,0.509689,6841.83,0
0.202105,1.45514,-1.61005,0.535784,0.550864,7199.92,0
0.208645,1.35338,-1.70251,0.863368,0.428098,6486.53,0
0.215138,1.50672,-1.48843,1.08217,0.500738,7003.51,0
0.221653,1.57296,-1.75417,1.0476,0.509006,7096.49,0
0.228163,1.32081,-1.89096,1.23625,0.287119,5788.89,0
0.234683,1.32092,-2.00027,1.34365,0.272273,5628.54,0
0.241167,1.15147,-2.05307,1.61414,0.134223,4774.59,0
0.247644,1.02654,-2.15743,1.48271,0.0368526,4145.21,0
0.254108,1.06619,-2.10984,1.46974,0.0646256,4195.81,0
0.260598,1.21917,-2.09865,1.39549,0.175683,4678.37,0
0.267107,1.46424,-2.13141,1.34266,0.336221,5481.83,0
0.273605,1.53205,-2.19083,1.12618,0.365802,5599.5,0
0.280085,1.86061,-2.36722,1.17656,0.563817,6643.03,0
0.286576,2.10777,-2.20094,0.916867,0.693229,7355.02,0
0.293066,2.01568,-2.13082,0.985961,0.561165,6877.9,0
0.299602,2.07636,-2.0124,1.15708,0.559249,6930.4,0
0.306139,2.33041,-2.49382,0.906006,0.681289,7612.26,0
0.312624,2.23488,-2.41225,0.860704,0.551871,7148.8,0
0.319163,2.20365,-2.41737,1.20596,0.478265,6904.46,0
0.325676,2.1634,-2.45802,1.34903,0.405838,6642.79,0
0.332175,2.1799,-2.72459,1.72759,0.386974,6562.5,0
0.338726,1.92517,-2.85188,1.26605,0.17651,5683.56,0
0.345231,2.06609,-2.83596,1.3474,0.271453,5984.64,0
0.351759,1.91412,-2.6576,1.46314,0.140523,5441.56,0
0.358283,1.96412,-2.51134,1.39446,0.169799,5482.03,0
0.364793,2.08043,-2.8086,1.56474,0.239448,5703.02,0
0.371291,1.85193,-2.83465,1.59611,0.0596149,4987.82,0
0.377812,1.89762,-2.69713,1.59201,0.0923469,5022.66,0
0.384365,1.91139,-2.71123,1.87101,0.0967852,4972.85,0
0.390861,1.93103,-2.76287,1.82985,0.106191,4940.46,0
0.397371,2.37357,-2.72351,1.72225,0.415949,5973.18,0
0.403856,2.2582,-2.63725,1.84426,0.299151,5591.58,0
0.410349,2.05577,-2.5552,1.80596,0.133703,5009.79,0
0.41685,2.20571,-2.63597,1.84384,0.235933,5291.38,0
0.423363,2.29481,-2.59,1.96909,0.287337,5420.44,0
0.429848,2.48257,-2.63483,1.85894,0.404464,5775.46,0
0.436355,2.24207,-2.90635,1.97194,0.202318,5138.17,0
0.442832,2.42183,-2.95988,2.07135,0.315992,5468.95,0
0.449371,2.46781,-2.87854,2.07774,0.32653,5491.68,0
0.455897,2.36352,-2.64758,2.00951,0.23105,5184.33,0
0.462373,2.45985,-2.57135,1.9932,0.29026,5320.05,0
0.468885,2.54237,-2.31789,2.1869,0.326501,5422.17,0
0.475407,2.31853,-2.22006,2.1774,0.144245,4876.94,0
0.481884,2.4282,-2.14868,2.22259,0.217622,5038.98,0
0.488424,2.5145,-2.27693,2.00267,0.268379,5148.19,0
0.494885,2.45222,-2.08887,1.91236,0.207545,4955.13,0
0.501424,2.6392,-1.95409,1.75111,0.329153,5263.41,0
0.507941,2.75564,-1.70346,1.61537,0.384416,5425.12,0
0.51445,2.58575,-1.7269,1.63924,0.239863,5026.24,0
0.52096,2.86999,-1.70516,1.78032,0.427436,5509.05,0
0.527462,2.92775,-1.80668,1.77101,0.43517,5550.64,0
0.534011,2.80954,-1.62845,1.83933,0.322171,5261.2,0
0.540553,2.52023,-1.69719,1.94018,0.093751,4662.31,0
0.547107,2.50533,-1.53048,1.7107,0.0791289,4579.23,0
0.553589,2.54151,-1.54844,1.69741,0.103602,4590.97,0
0.560122,2.49625,-1.43465,1.63123,0.0648869,4456.62,0
0.566618,2.62665,-1.55248,1.51382,0.155975,4635.66,0
0.573152,2.65578,-1.41122,1.55083,0.166316,4633.64,0
0.57965,2.47528,-1.27574,1.59006,0.0275854,4270.3,0
0.586165,2.47833,-1.32347,1.56357,0.0283991,4228.03,0
0.592695,2.4711,-1.31851,1.60643,0.0224086,4169.26,0
0.5992,2.48829,-1.1148,1.50642,0.0343248,4152.68,0
0.605722,2.62006,-1.167,1.55254,0.129084,4325.51,0
0.612244,2.61488,-1.17864,1.51019,0.116638,4270.98,0
0.618731,2.66863,-1.46846,1.50538,0.150148,4313.06,0
0.62524,2.70042,-1.34205,1.55128,0.165259,4319.01,0
0.631746,2.60782,-1.25684,1.49991,0.091586,4127.95,0
0.638294,2.53615,-1.24008,1.4357,0.0357734,3973.32,0
0.644813,2.56883,-1.26833,1.41367,0.0579543,3983.83,0
0.651319,2.59284,-1.24162,1.70231,0.072227,3980.9,0
0.657847,2.60314,-1.19621,1.69008,0.0774544,3957.05,0
0.664336,2.5723,-1.21858,1.70448,0.0506929,3871.99,0
0.670881,2.65704,-1.3882,1.70214,0.111864,3960.52,0
0.677383,2.89123,-1.4969,1.75743,0.274769,4268.23,0
0.683857,2.88235,-1.24071,1.76877,0.252175,4214.85,0
0.690416,2.79814,-1.29804,1.98695,0.175497,4052.83,0
0.696931,2.86358,-1.4499,1.93497,0.211973,4108.84,0
0.703428,2.75742,-1.4625,1.77696,0.123971,3919.98,0
0.709912,2.82137,-1.53522,1.71533,0.163201,3974.26,0
0.716449,2.73861,-1.63296,1.76569,0.09794,3822.48,0
0.722968,2.84505,-1.88084,1.80194,0.170562,3935.23,0
0.729513,2.93503,-1.9217,1.88518,0.225921,4023.27,0
0.735987,2.81215,-1.93697,2.04468,0.125622,3820.93,0
0.742458,2.74402,-1.77194,2.02649,0.0723086,3695.86,0
0.74894,2.96695,-1.98813,2.1071,0.230377,3961.53,0
0.755461,2.75015,-2.10627,2.05868,0.0607287,3640.36,0
0.761979,2.86518,-2.15019,2.10991,0.13887,3760.18,0
0.768462,2.81152,-2.14746,2.20145,0.0956175,3658.63,0
0.77496,3.02355,-2.03187,2.0686,0.249324,3901.56,0
0.781479,2.96202,-2.24254,1.80374,0.190832,3790.27,0
0.788024,2.79656,-2.26798,1.74621,0.064253,3548.82,0
0.794545,2.93867,-2.13821,1.72307,0.165196,3698.56,0
0.801059,3.05929,-2.1099,1.76137,0.244036,3819.06,0
0.807548,3.13772,-2.21509,1.62231,0.288493,3885.49,0
0.814056,3.1801,-2.1344,1.49355,0.296446,3906.49,0
0.820575,3.36433,-2.30268,1.37438,0.404529,4099.97,0
0.827074,3.33433,-2.47597,1.35502,0.353791,4031.48,0
0.833519,3.42236,-2.20167,1.142,0.386971,4105.91,0
0.83998,3.74726,-2.03842,1.1722,0.585447,4461.13,0
0.8465,3.91738,-2.13681,0.989298,0.651734,4627.74,0
0.85299,4.03957,-1.7955,0.976216,0.68099,4735.78,0
0.8595,3.87049,-1.93728,0.927121,0.496424,4503.19,0
0.866021,3.89224,-1.83062,1.03965,0.464352,4494.4,0
0.872553,3.63149,-2.06191,1.13892,0.235253,4161.91,0
0.879046,3.62781,-2.272,1.2645,0.221661,4126.98,0
0.885532,3.57815,-2.33852,1.22983,0.173213,4040.67,0
0.892038,3.39841,-2.30832,1.16115,0.0326317,3809.72,0
0.898601,3.40241,-2.34376,1.19693,0.0350136,3786.34,0
0.905123,3.3789,-2.23993,1.0562,0.016715,3733.08,0
0.911621,3.38772,-2.1514,1.1784,0.0226447,3716.15,0
0.918116,3.46967,-2.14262,1.06655,0.0832727,3779.13,0
0.924609,3.55074,-2.06748,0.999605,0.138779,3840.26,0
0.931147,3.57831,-1.87638,0.906118,0.154007,3842.91,0
0.937645,3.7452,-1.99048,0.75449,0.267935,3994.26,0
0.944151,3.60636,-2.0044,0.876787,0.148157,3819.69,0
0.950673,3.60223,-2.15522,0.670313,0.13899,3789.14,0
0.95711,3.7049,-2.37643,0.737373,0.206329,3870.92,0
0.963604,3.6302,-2.33561,0.757271,0.140248,3767.31,0
0.970072,3.68889,-2.50896,1.04382,0.174717,3802.7,0
0.976563,3.7414,-2.55386,1.12474,0.201964,3831.19,0
0.983055,3.93051,-2.59613,1.17039,0.328839,3998.26,0
0.989556,4.2774,-2.61726,1.35709,0.548658,4322.54,0
0.996083,4.0635,-2.85144,1.26421,0.353093,4079.48,0
1.0026,3.94211,-2.88751,0.938119,0.238168,3931.87,0
1.00914,4.14652,-3.22284,1.24168,0.372129,4108.96,0
1.01565,4.24547,-3.25501,1.13079,0.413456,4180.04,0
1.02214,4.24491,-3.16426,1.05876,0.383227,4152.96,0
1.02867,4.74983,-3.1637,1.07524,0.708531,4617.46,0
1.03514,4.62568,-3.31868,1.37802,0.547515,4468.63,0
1.04164,4.96334,-3.41919,1.49678,0.738943,4764.93,0
1.04816,5.01673,-3.14246,1.20297,0.700863,4786.24,0
1.05468,4.84746,-3.31083,1.33737,0.508929,4596.13,0
1.06118,4.97262,-3.01564,1.38983,0.552934,4685.93,0
1.06769,4.92345,-2.73307,1.17972,0.469522,4611.29,0
1.07421,4.99599,-2.64533,1.01984,0.48035,4650.87,0
1.08068,5.02772,-2.43114,0.718258,0.458017,4652.37,0
1.08718,5.34965,-2.20489,0.508017,0.640854,4920.68,0
1.09369,5.89845,-2.19715,0.681226,0.956697,5393.17,0
1.10016,6.06269,-2.53639,0.736534,0.946675,5510.72,0
1.10667,6.27476,-2.51654,0.863639,0.999452,5669.97,0
1.11316,6.05554,-2.7795,0.707622,0.727746,5439.95,0
1.11967,6.21476,-2.91867,0.341681,0.765882,5550.5,0
1.12614,6.17995,-2.93445,0.162531,0.663342,5487.72,0
1.13261,6.10845,-2.89045,-0.221869,0.549136,5393.24,0
1.1391,6.17818,-3.12844,-0.370454,0.556918,5423.74,0
1.1456,6.14498,-3.20476,-0.33769,0.486625,5363.97,0
1.15208,6.45236,-3.13153,-0.342052,0.659517,5600.6,0
1.15859,6.56742,-3.36617,-0.406931,0.682887,5668.46,0
1.16509,6.58287,-3.61109,-0.34724,0.615319,5650.12,0
1.17159,6.59384,-3.79857,-0.262986,0.559692,5628.13,0
1.17812,6.625,-3.75236,-0.178667,0.542448,5623.38,0
1.18462,6.8016,-3.42935,0.199835,0.617344,5741.58,0
1.19114,6.53186,-3.20847,-0.115667,0.374467,5483.71,0
1.19764,6.64933,-3.3498,-0.138956,0.430399,5552.04,0
1.20415,6.66202,-3.61895,-0.0651592,0.410879,5532.56,0
1.21066,6.44668,-3.64012,0.0734849,0.217472,5324.94,0
1.21714,6.46181,-3.73186,-0.0670687,0.219695,5309,0
1.22366,6.74403,-3.84685,-0.222503,0.401415,5511.38,0
1.23018,6.48599,-3.83338,-0.24516,0.191431,5272.4,0
1.23671,6.47503,-3.58024,-0.263506,0.175513,5235.7,0
1.24322,6.55383,-3.54872,-0.221473,0.219057,5271.67,0
1.24974,6.62858,-3.42336,-0.429879,0.262807,5303.95,0
1.25626,6.9369,-3.51418,-0.586916,0.463643,5521.85,0
1.26278,7.31962,-3.40257,-0.376299,0.698053,5796.43,0
1.26931,7.2161,-3.2737,-0.419884,0.554258,5685.07,0
1.27579,7.25649,-3.71514,-0.338844,0.536125,5687.87,0
1.28233,7.16223,-3.71656,-0.491241,0.416352,5585.32,0
1.28887,7.11865,-3.8084,-0.366638,0.354213,5523.18,0
1.29536,6.97033,-3.76703,-0.526739,0.227211,5380.98,0
1.30194,7.08959,-3.49529,-0.641461,0.297922,5445.39,0
1.30845,7.08301,-3.38845,-0.672881,0.274271,5413.3,0
1.31494,7.06959,-3.48891,-0.578987,0.246341,5376.35,0
1.32146,7.23005,-3.47779,-0.596822,0.341211,5471.26,0
1.32796,7.23737,-3.40632,-0.492052,0.324368,5449.98,0
1.33448,7.1051,-3.5615,-0.456641,0.204734,5324.27,0
1.34095,7.07952,-3.25141,-0.582778,0.171857,5279.47,0
1.34746,7.55011,-3.18306,-0.59271,0.497092,5603.22,0
1.35391,7.78952,-2.78266,-0.5306,0.618802,5753.34,0
1.36043,7.54427,-2.65706,-0.856601,0.390569,5545.51,0
1.36689,7.63144,-2.46646,-1.05431,0.426616,5583.07,0
1.37339,7.67718,-2.49559,-1.3441,0.427407,5589.94,0
1.37991,7.5138,-2.62692,-1.63989,0.268721,5445.12,0
1.3864,7.60935,-2.67194,-1.51884,0.322097,5488.57,0
1.39294,7.48777,-2.59673,-1.53147,0.212186,5375.53,0
1.39939,7.58015,-2.64257,-1.52134,0.267277,5416.73,0
1.40589,7.93379,-2.69516,-1.59049,0.499476,5643.24,0
1.4124,8.08049,-2.93354,-1.84019,0.557836,5721.09,0
1.41891,8.30243,-2.93695,-1.76552,0.660944,5851.27,0
1.42544,8.42408,-2.8828,-1.56973,0.680624,5909.83,0
1.43195,8.63674,-2.87087,-1.37276,0.756545,6031.46,0
1.43844,8.57242,-3.21446,-1.51259,0.638584,5959.51,0
1.44494,8.75532,-3.07459,-1.55469,0.714295,6059.3,0
1.45148,8.68967,-3.12437,-1.55828,0.599638,5986.78,0
1.45799,8.79263,-3.51106,-1.48572,0.615139,6030.67,0
1.46448,8.74118,-3.54357,-1.43852,0.525449,5968.8,0
1.47097,8.77213,-3.57456,-1.84759,0.497881,5963.49,0
1.47748,8.86589,-3.17822,-2.19695,0.532088,6000.67,0
1.48397,8.85159,-3.22337,-2.03282,0.467571,5964.8,0
1.49045,9.03623,-3.30391,-1.62141,0.556374,6062.77,0
1.49698,9.10291,-2.99316,-1.83028,0.558376,6080.85,0
1.50353,8.8206,-3.11807,-1.93644,0.315527,5866.58,0
1.5101,8.79816,-3.15041,-1.95549,0.280164,5826.21,0
1.51662,8.98609,-3.211,-2.19269,0.393,5925.06,0
1.52314,9.17227,-3.25689,-2.26672,0.489832,6021.96,0
1.52967,9.41302,-3.38861,-2.25121,0.617597,6153.62,0
1.53623,9.58049,-3.26846,-2.17323,0.675512,6236.37,0
1.54276,9.62521,-3.15592,-1.97917,0.650028,6238.95,0
1.54921,9.76033,-3.01991,-1.84547,0.68275,6300.21,0
1.55568,9.65922,-2.79104,-1.84815,0.538824,6208.98,0
1.56223,9.20043,-2.6645,-1.9886,0.167079,5889.3,0
1.56875,9.25687,-2.6355,-2.19282,0.200346,5900.78,0
1.57529,9.33135,-2.6235,-2.04647,0.242531,5923.59,0
1.58181,9.63985,-2.41984,-2.14146,0.440358,6094.2,0
1.58838,9.55447,-2.44424,-2.11843,0.346206,6015.22,0
1.59488,9.46242,-2.47034,-1.97819,0.258676,5932.99,0
1.60139,9.32371,-2.51811,-2.18835,0.136413,5822.25,0
1.60789,9.38782,-2.58127,-2.31603,0.169648,5838.61,0
1.61438,9.44164,-2.60171,-2.32157,0.203019,5848.46,0
1.62087,9.4623,-2.3451,-2.26991,0.208157,5837.79,0
1.62735,9.41177,-2.34529,-2.55319,0.156976,5783.49,0
1.63384,9.59161,-2.41058,-2.38097,0.277721,5870.59,0
1.64032,9.67028,-2.51259,-2.43336,0.318692,5895.34,0
1.64682,9.56851,-2.82308,-2.43251,0.227551,5810.28,0
1.65333,9.48638,-2.83024,-2.29284,0.154226,5737.72,0
1.65983,9.80773,-2.86517,-2.40885,0.379567,5908.88,0
1.66636,9.74522,-2.73575,-2.4617,0.310127,5848.2,0
1.67287,9.81784,-3.02642,-2.55983,0.342438,5868.86,0
1.67936,9.92365,-3.0797,-2.49988,0.392344,5909.19,0
1.68581,9.8498,-2.9379,-2.56063,0.312807,5842.76,0
1.69228,9.87146,-2.91857,-2.52699,0.313056,5833.22,0
1.69876,10.0705,-2.85269,-2.54995,0.437983,5928.14,0
1.70527,10.1979,-3.23261,-2.48554,0.490444,5980.25,0
1.71174,10.1022,-3.26633,-2.36644,0.38242,5901.72,0
1.71824,10.05,-3.1897,-2.45488,0.319729,5849.02,0
1.72477,10.1169,-3.42429,-2.35099,0.345861,5865.65,0
1.73126,10.0757,-3.65869,-2.59031,0.297751,5819.86,0
1.73779,9.92152,-3.65684,-2.64434,0.167263,5709.27,0
1.74428,10.1278,-3.43865,-2.52503,0.30714,5806.3,0
1.75075,9.92653,-3.34402,-2.51425,0.141881,5669.86,0
1.75726,9.81974,-3.12974,-2.67949,0.0584522,5588.1,0
1.76376,9.88992,-2.94701,-2.70618,0.10615,5607.29,0
1.77024,9.95267,-2.68477,-2.88644,0.147469,5622.2,0
1.77668,10.0849,-2.8634,-2.97972,0.2325,5676.26,0
1.78321,10.3547,-2.88447,-2.95678,0.403868,5806.78,0
1.78974,10.1582,-2.84368,-3.09012,0.229007,5675.81,0
1.79623,10.3697,-2.54845,-3.10994,0.363636,5773.02,0
1.80273,10.4017,-2.38508,-2.96058,0.361461,5769.99,0
1.80925,10.386,-2.31877,-3.00666,0.321633,5740.52,0
1.81583,10.2828,-2.39753,-2.86096,0.225613,5662.88,0
1.82234,10.4716,-2.29552,-2.94768,0.348283,5746.23,0
1.82883,11.0078,-2.17809,-3.05812,0.693075,6019.02,0
1.8353,10.835,-2.04828,-3.40012,0.502025,5903.68,0
1.84185,11.2104,-2.00293,-3.48224,0.737074,6086.48,0
1.84833,11.2342,-1.89,-3.48569,0.672344,6078.01,0
1.85483,11.0779,-1.91754,-3.4584,0.492104,5972.44,0
1.86135,11.1421,-1.94286,-3.48215,0.496345,5986.04,0
1.86786,11.0444,-2.25019,-3.35011,0.393674,5912.88,0
1.87439,11.0263,-2.15368,-3.08775,0.357808,5882.59,0
1.88087,10.9025,-1.9525,-3.10732,0.247457,5796.56,0
1.88738,11.2071,-2.31272,-3.31866,0.451089,5937.9,0
1.89385,11.476,-2.39855,-3.04289,0.604846,6059.63,0
1.90032,11.5239,-2.19581,-2.98774,0.572488,6064.17,0
1.90679,11.5629,-2.2377,-3.22127,0.550633,6064.05,0
1.91326,11.6716,-2.43476,-2.91294,0.571512,6100.37,0
1.91971,11.9406,-2.65561,-2.8465,0.707589,6220.02,0
1.92623,12.0231,-2.77826,-2.95246,0.697355,6241.8,0
1.93272,12.3209,-2.85065,-2.96262,0.830626,6374.9,0
1.93921,12.3763,-3.03384,-3.27587,0.783245,6382.15,0
1.94573,11.9863,-3.1408,-3.34095,0.423993,6160.3,0
1.95228,12.1727,-3.19332,-3.55587,0.514993,6235.1,0
1.95884,11.993,-3.16031,-3.37615,0.345308,6122.5,0
1.96534,12.0693,-3.26598,-3.28894,0.37002,6141.1,0
1.97183,11.8364,-3.4189,-2.99757,0.175554,6002.77,0
1.97832,11.738,-3.41328,-2.98672,0.095308,5933.32,0
1.98483,11.8411,-3.31575,-3.03245,0.163402,5965.81,0
1.99137,12.0091,-2.94178,-3.14797,0.275585,6030.59,0
1.99793,11.9586,-2.99483,-3.09129,0.22591,5985.48,0
2.00445,11.8539,-3.14584,-3.21843,0.133859,5913.79,0
2.01098,11.8031,-3.11533,-3.38975,0.0916956,5869.36,0
2.01746,11.7869,-3.15254,-3.41559,0.076739,5842.46,0
2.02397,11.9056,-3.10568,-3.40499,0.160993,5882.3,0
2.03048,11.8724,-3.0304,-3.29933,0.130486,5847.06,0
2.037,11.7903,-2.94969,-3.53257,0.0654607,5788.09,0
2.04351,11.8833,-2.94739,-3.42717,0.133288,5815.13,0
2.05,11.9817,-2.88461,-3.40121,0.197414,5844.74,0
2.05653,11.9485,-2.79411,-3.73038,0.163096,5810.05,0
2.06307,11.9807,-2.81059,-3.73853,0.180182,5807.21,0
2.0696,12.3979,-2.92659,-3.85121,0.466978,5990.48,0
2.0761,12.409,-2.83069,-3.60324,0.437751,5977.08,0
2.08262,12.5994,-3.02701,-3.60675,0.545392,6049.77,0
2.08917,12.6975,-3.20189,-3.3275,0.56936,6077.76,0
2.09569,12.545,-3.22477,-3.24862,0.418455,5986.09,0
2.10218,12.9115,-3.26165,-3.15513,0.644949,6141.97,0
2.10867,12.7599,-3.3729,-3.42092,0.478114,6051.15,0
2.11516,12.6816,-3.61298,-3.39879,0.386699,5995.59,0
2.12165,12.807,-3.79296,-3.36292,0.450055,6036.32,0
2.12818,12.9761,-3.57144,-3.39399,0.529666,6097.27,0
2.13465,12.7096,-3.4715,-3.09146,0.292552,5953.98,0
2.14116,12.884,-3.45906,-2.81884,0.385967,6017.31,0
2.14761,12.6963,-3.34317,-2.79885,0.223719,5911.81,0
2.15417,12.8346,-3.64841,-3.13581,0.309475,5958.03,0
2.16069,13.1393,-3.53302,-2.99479,0.500458,6081.07,0
2.16718,13.5002,-3.36757,-2.85275,0.711167,6229.36,0
2.17372,13.42,-3.09613,-2.76064,0.574417,6173.77,0
2.18021,13.4871,-3.30725,-2.65204,0.574137,6186.14,0
2.1867,13.7337,-3.28865,-2.89897,0.693386,6280.59,0
2.19321,13.696,-3.08072,-2.85806,0.593438,6244.73,0
2.19971,13.5839,-3.35536,-3.09155,0.458901,6175.31,0
2.20621,13.5972,-3.14735,-3.04525,0.428116,6163.15,0
2.21275,13.5643,-2.97911,-3.21992,0.369929,6130.07,0
2.21927,13.4557,-3.01626,-3.53465,0.265693,6063.12,0
2.22574,13.2563,-3.02908,-3.59854,0.103956,5955.91,0
2.23225,13.3284,-3.31014,-3.76893,0.154802,5970.84,0
2.23875,13.5366,-3.0311,-3.94687,0.289986,6046.49,0
2.24522,13.4831,-2.9959,-3.97137,0.230315,6005.25,0
2.25172,13.2372,-2.96983,-4.03085,0.0400827,5878.7,0
2.25825,13.2361,-3.07663,-4.15097,0.0383164,5861.2,0
2.26475,13.2508,-3.43107,-3.96816,0.0477527,5850.88,0
2.27121,13.2632,-3.41136,-3.9685,0.0549705,5839.73,0
2.27774,13.3938,-3.30237,-4.0762,0.147807,5880.33,0
2.28425,13.489,-3.1701,-4.21291,0.210122,5905.22,0
2.29074,13.5604,-2.832,-4.12016,0.249908,5919.65,0
2.29724,13.4417,-2.72015,-4.15149,0.147756,5851.23,0
2.30379,13.446,-2.74505,-4.08061,0.137834,5836.48,0
2.31033,13.3498,-2.7446,-4.01099,0.0633718,5778.3,0
2.3168,13.7046,-2.82317,-4.01631,0.318266,5915.31,0
2.32331,13.532,-2.92037,-4.23995,0.176455,5824.44,0
2.32979,13.5931,-2.93609,-4.14516,0.211281,5834.47,0
2.33631,13.6125,-2.92215,-4.19015,0.211085,5826.47,0
2.34284,13.4315,-3.04367,-4.21615,0.0652301,5733,0
2.34933,13.4144,-3.15098,-4.46542,0.0499554,5709.9,0
2.35584,13.5755,-3.02445,-4.573,0.162557,5762.49,0
2.36233,13.6045,-2.94164,-4.49525,0.175027,5758.94,0
2.36885,13.695,-3.09916,-4.2902,0.230707,5781.31,0
2.37534,13.7941,-2.99919,-4.46624,0.285797,5807.2,0
2.38188,13.6688,-2.82459,-4.39646,0.175133,5738.67,0
2.38842,13.6466,-2.76182,-4.68005,0.147811,5713.64,0
2.39494,13.7253,-3.20166,-4.69128,0.197097,5730.98,0
2.40142,13.7568,-2.93416,-4.92739,0.207138,5728.62,0
2.40793,13.878,-2.81478,-5.14786,0.28165,5763.47,0
2.41448,13.8351,-2.56825,-5.114,0.23074,5730.03,0
2.42102,13.8652,-2.68417,-5.0288,0.242208,5727,0
2.42755,13.8634,-2.59809,-5.04843,0.228214,5710.87,0
2.43407,13.94,-2.87131,-5.10758,0.272894,5727.04,0
2.44058,14.189,-3.00006,-5.0341,0.428643,5813.79,0
2.44704,14.1979,-3.12782,-5.08548,0.397374,5802.06,0
2.45356,14.4445,-3.23743,-5.04293,0.538972,5887.16,0
2.4601,14.5692,-3.00884,-5.15034,0.577154,5922.18,0
2.46664,14.5693,-2.88485,-5.18093,0.52673,5906.56,0
2.47312,15.0628,-3.06297,-4.68151,0.819023,6090.6,0
2.4796,15.0278,-3.34615,-4.69444,0.70822,6060.59,0
2.48613,15.2041,-3.32174,-4.77707,0.760997,6115.58,0
2.49263,15.1892,-2.95003,-4.91831,0.661117,6093.66,0
2.49914,15.0704,-2.95071,-5.11317,0.506085,6030.23,0
2.50565,15.25,-3.03014,-5.13929,0.596514,6086.23,0
2.51217,15.338,-3.29132,-5.09965,0.595167,6105.49,0
2.51865,15.2675,-3.26349,-5.09057,0.503256,6061.78,0
2.52517,15.0989,-2.99654,-5.04995,0.33452,5979.36,0
2.53171,15.0456,-3.14061,-4.9448,0.275928,5942.87,0
2.5382,15.2701,-3.21349,-4.97944,0.417146,6016.12,0
2.54471,15.4196,-3.31057,-5.16895,0.49175,6059.5,0
2.5512,15.4488,-3.55478,-4.92364,0.481839,6055.51,0
2.55773,15.6665,-3.50405,-5.13341,0.588873,6125.15,0
2.56428,16.1553,-3.80526,-5.04521,0.862053,6300.13,0
2.57075,16.5137,-3.85209,-4.80543,1.00449,6423.67,0
2.57729,16.3097,-3.53588,-4.84333,0.743176,6328.23,0
2.5838,16.1783,-3.81924,-4.36291,0.583703,6261.46,0
2.59029,16.2453,-3.91698,-4.53862,0.587497,6271.6,0
2.5968,16.1726,-4.05037,-4.82155,0.473518,6227.9,0
2.6033,16.3082,-4.21188,-4.5572,0.537599,6264.42,0
2.60985,16.4079,-4.07143,-4.28496,0.562531,6286.89,0
2.61638,16.3777,-4.0982,-4.27475,0.489556,6259.66,0
2.62287,16.4234,-4.10018,-4.01113,0.481922,6261.61,0
2.62937,16.3379,-4.26794,-3.88207,0.374358,6213.62,0
2.63593,16.4862,-4.40158,-4.10909,0.451001,6254.43,0
2.64245,16.3429,-4.34123,-4.2826,0.307014,6184.74,0
2.64898,16.3314,-4.33014,-4.02014,0.276422,6165.17,0
2.65548,16.7134,-3.97492,-3.83679,0.530776,6293.93,0
2.66195,16.9948,-3.93704,-4.1519,0.687871,6384.35,0
2.66844,16.9028,-4.0756,-4.01813,0.565642,6334.33,0
2.67492,16.654,-3.74108,-4.10862,0.34524,6225.98,0
2.68144,16.4615,-3.79124,-3.97288,0.181155,6139.07,0
2.6879,16.36,-3.84602,-4.0141,0.0954101,6086.52,0
2.69439,16.5715,-4.04499,-4.1735,0.239076,6150.37,0
2.70091,16.6801,-4.25861,-4.37408,0.295068,6175.75,0
2.70744,16.507,-4.0573,-4.46562,0.154507,6096.91,0
2.71399,16.5658,-3.98384,-4.56653,0.187413,6103.85,0
2.72048,16.6767,-3.91478,-4.47675,0.259127,6130.07,0
2.72698,16.6926,-3.8894,-4.19348,0.258071,6121.3,0
2.73347,16.9644,-3.87928,-4.16347,0.430173,6206.17,0
2.73996,17.0812,-3.83805,-3.99584,0.479526,6234.1,0
2.74651,17.0333,-3.97307,-3.96628,0.406731,6201.81,0
2.75297,16.9796,-3.9588,-3.95482,0.33045,6167.72,0
2.7595,16.983,-3.98504,-4.1629,0.304617,6154.38,0
2.76606,16.9675,-4.27381,-3.87162,0.281522,6134.15,0
2.77258,17.1189,-4.23866,-3.60957,0.377023,6174.36,0
2.77904,17.0061,-4.0638,-3.79681,0.272541,6119.42,0
2.78556,17.2075,-4.17307,-4.06148,0.400824,6177.39,0
2.79205,17.3899,-4.24944,-3.98502,0.492315,6228.34,0
2.79857,17.1033,-4.52894,-4.11478,0.249683,6111.44,0
2.80511,17.217,-4.67024,-4.04369,0.321207,6137.71,0
2.81163,17.1622,-4.4452,-3.9611,0.258246,6103.99,0
2.81814,16.9751,-4.53419,-4.02106,0.110158,6023.52,0
2.82463,17.1076,-4.49521,-4.10301,0.204713,6056.59,0
2.83111,17.2395,-4.53571,-4.10378,0.285561,6089.28,0
2.8376,17.1536,-4.77121,-4.06059,0.204938,6045.1,0
2.84415,17.1454,-4.8607,-4.1216,0.180517,6028.3,0
2.85068,17.4831,-4.66079,-4.07498,0.411624,6132.97,0
2.85716,17.4637,-5.02822,-4.33989,0.370509,6112.25,0
2.86362,17.4323,-5.13014,-4.28108,0.318617,6087.51,0
2.87011,17.5482,-5.37329,-4.32354,0.382512,6114.13,0
2.87665,17.5143,-5.44924,-4.55915,0.325364,6088.45,0
2.88314,17.5205,-5.64472,-4.46967,0.306031,6076.87,0
2.88963,17.6324,-6.02419,-4.587,0.364068,6101.94,0
2.89614,17.8121,-5.84504,-4.31088,0.459625,6150.31,0
2.90262,17.9365,-5.86062,-4.35401,0.511505,6179.4,0
2.90914,18.0848,-5.38661,-4.30272,0.565537,6216.55,0
2.91569,18.1262,-4.97728,-4.49996,0.541478,6216.77,0
2.92219,18.3716,-5.37004,-4.56007,0.674944,6286.93,0
2.92866,18.3557,-5.31415,-4.58903,0.590783,6267.63,0
2.93513,18.4002,-5.19223,-4.54019,0.577889,6268.95,0
2.94165,18.3705,-4.899,-4.75917,0.509301,6244.97,0
2.94818,18.1944,-4.76862,-4.38237,0.332954,6171.38,0
2.95473,18.5164,-4.81508,-4.29809,0.5328,6266.72,0
2.96123,18.6206,-5.11329,-3.96333,0.554369,6288.13,0
2.96774,18.4009,-5.05819,-3.90596,0.347618,6200.33,0
2.97424,18.6219,-5.09777,-4.15011,0.480288,6261.05,0
2.98082,18.9445,-5.146,-3.93996,0.659724,6355.48,0
2.98729,18.8759,-5.22988,-4.01207,0.538186,6318.73,0
2.99379,18.9234,-5.05734,-3.49945,0.53299,6320.88,0
3.0003,19.3282,-5.3538,-3.43062,0.765836,6442.1,0
3.00685,19.2981,-5.5123,-3.19889,0.658408,6418.05,0
3.01335,19.1836,-5.39762,-3.01096,0.513857,6366.18,0
3.01984,19.1041,-5.38823,-3.10443,0.409675,6326.21,0
3.02636,19.3537,-5.05725,-3.07654,0.548709,6395.07,0
3.03288,19.6608,-5.15113,-3.25443,0.70939,6482.58,0
3.03938,19.4398,-5.45002,-3.36772,0.489294,6395.97,0
3.04594,19.4913,-5.47973,-3.6916,0.477407,6399.09,0
3.05244,19.4469,-5.89235,-3.73311,0.410059,6370.91,0
3.05896,19.5139,-6.18487,-3.83157,0.426227,6379.25,0
3.06546,20.0352,-6.43329,-3.76174,0.759232,6535.8,0
3.07195,19.8853,-6.46141,-3.81749,0.587581,6473.2,0
3.07842,20.2594,-6.58079,-3.96886,0.797502,6581.09,0
3.08492,20.5456,-6.79235,-3.80604,0.907212,6660.01,0
3.09146,20.6518,-6.68347,-3.65293,0.875193,6680.29,0
3.09797,20.6692,-6.41244,-3.66367,0.797283,6671.86,0
3.1045,20.6478,-6.48013,-3.51348,0.701955,6650.92,0
3.11104,20.6766,-6.10355,-3.69861,0.639514,6646.21,0
3.11757,20.7405,-5.82607,-3.6684,0.624006,6652.77,0
3.12411,20.5227,-5.8304,-3.77925,0.412798,6569.14,0
3.13065,20.526,-5.81125,-3.82814,0.377315,6556.47,0
3.13719,20.639,-6.04974,-3.92897,0.427037,6578.81,0
3.14369,20.7808,-5.95972,-4.00882,0.497508,6610.31,0
3.15023,20.5115,-5.88625,-4.11789,0.265868,6511.12,0
3.1568,20.648,-5.91672,-4.03943,0.34207,6540.79,0
3.16334,20.6264,-5.8847,-4.10902,0.308784,6520.46,0
3.16981,20.5754,-5.99928,-4.0074,0.256656,6491.04,0
3.17631,20.3542,-6.03455,-4.10078,0.0853409,6408.14,0
3.18281,20.3029,-6.00721,-4.09517,0.0432318,6378.92,0
3.18934,20.3022,-6.07351,-4.01843,0.0406303,6365.64,0
3.1959,20.3766,-6.22401,-4.06844,0.0929649,6375.85,0
3.20242,20.6045,-6.15138,-4.07003,0.25376,6434.06,0
3.20891,20.7452,-6.30301,-4.14152,0.340155,6464.88,0
3.2154,20.757,-6.25788,-4.37303,0.331129,6455.5,0
3.22188,20.7987,-6.09063,-4.57463,0.337555,6455.45,0
3.22842,20.825,-6.2494,-4.63667,0.329695,6450.53,0
3.2349,20.9621,-6.41554,-4.46424,0.40321,6479.99,0
3.24139,20.959,-6.5906,-4.1919,0.367858,6466.05,0
3.24789,21.0925,-6.4779,-4.18332,0.435016,6494.22,0
3.25439,20.8886,-6.51617,-4.12376,0.255716,6418.6,0
3.26087,20.8743,-6.45388,-3.96876,0.230336,6401.45,0
3.26737,20.8793,-6.17915,-3.99926,0.221194,6390.26,0
3.27387,21.1319,-5.7664,-4.04055,0.391938,6454.7,0
3.28044,21.1906,-6.00126,-4.20956,0.406825,6459.67,0
3.28694,21.3478,-6.12202,-4.13215,0.481292,6494.73,0
3.29347,21.4334,-6.11127,-4.20687,0.503621,6507.83,0
3.3,21.4791,-5.81169,-3.85007,0.489863,6508.81,0
3.3065,21.471,-6.1126,-4.1302,0.444312,6493.58,0
3.31299,21.3494,-5.98087,-4.3731,0.318172,6444.16,0
3.31949,21.3755,-5.88136,-4.52419,0.314796,6439.41,0
3.32592,21.1218,-6.00842,-4.48785,0.109709,6350.65,0
3.33244,21.0354,-6.0356,-4.49242,0.040819,6312.32,0
3.33898,21.1064,-5.98242,-4.27545,0.0895606,6321.2,0
3.34549,21.6626,-5.96466,-4.48469,0.487616,6475.15,0
3.35202,21.8881,-6.34395,-4.40076,0.603911,6529.82,0
3.35853,21.975,-6.58564,-4.07565,0.598662,6543.04,0
3.36504,22.1294,-6.64508,-3.98081,0.650855,6576.28,0
3.37151,22.3292,-6.79281,-4.00146,0.718345,6622.91,0
3.378,22.3403,-6.67562,-4.20568,0.647329,6613.45,0
3.38454,22.2039,-6.72594,-4.20722,0.495879,6560.4,0
3.39103,22.3224,-6.62786,-4.00644,0.538817,6582.79,0
3.39752,22.4224,-6.58003,-3.8773,0.561867,6599.65,0
3.40402,22.5338,-6.96754,-3.85038,0.588917,6619.76,0
3.41055,22.9044,-6.63458,-4.13624,0.795632,6715.76,0
3.41704,22.9223,-6.35584,-3.99586,0.719699,6708.22,0
3.42358,22.9439,-6.49533,-4.04459,0.655102,6701.74,0
3.4301,23.0346,-6.27334,-3.66672,0.653203,6715.44,0
3.43661,22.8972,-6.22103,-3.53849,0.492654,6662.73,0
3.44306,22.9185,-6.23259,-3.64684,0.46551,6656.42,0
3.44958,22.8612,-6.32266,-3.62036,0.393987,6627.23,0
3.45611,22.7984,-6.30631,-3.5969,0.314328,6596.56,0
3.46263,22.8496,-6.36846,-3.44919,0.326792,6598.92,0
3.46912,23.12,-6.5459,-3.24883,0.495388,6664.52,0
3.47559,23.3506,-6.58796,-3.216,0.610817,6718.44,0
3.48205,23.4075,-6.62818,-3.23059,0.586543,6722.33,0
3.48856,22.9642,-6.99533,-3.20043,0.217058,6582.7,0
3.49509,23.0004,-6.92484,-2.96656,0.225761,6580.79,0
3.5016,22.7613,-6.90944,-2.88036,0.0406068,6500.27,0
3.50812,22.791,-7.21698,-2.81588,0.0616458,6496.63,0
3.51467,22.9267,-6.98809,-2.73114,0.157013,6523.13,0
3.52118,22.8469,-6.95454,-2.75185,0.0935778,6488.42,0
3.52768,22.9557,-7.15941,-2.93359,0.168063,6507.31,0
3.53417,23.0402,-7.00486,-2.74405,0.218808,6519.27,0
3.54064,23.0479,-6.96068,-2.70791,0.21624,6509.54,0
3.54717,23.1525,-6.65205,-2.63819,0.282529,6527.02,0
3.55371,23.3285,-6.53308,-2.72419,0.380834,6564.55,0
3.5602,23.6323,-6.55449,-2.33287,0.558406,6637.91,0
3.56669,23.6678,-6.58132,-2.13043,0.536877,6635.78,0
3.57322,23.4659,-6.60548,-2.31997,0.351922,6567.15,0
3.57973,23.5165,-6.73543,-2.32296,0.366472,6569.35,0
3.58619,23.6506,-6.7194,-2.1428,0.438607,6594.92,0
3.59266,23.7196,-7.07985,-1.76786,0.447859,6602.24,0
3.59915,23.6606,-7.21462,-1.69847,0.366966,6573.94,0
3.60566,23.4397,-7.38099,-1.57273,0.179857,6500.79,0
3.61216,23.5044,-7.42393,-1.65953,0.218379,6507.03,0
3.61868,23.4918,-7.46743,-1.83776,0.19705,6491.83,0
3.62519,23.47,-7.43142,-2.01437,0.17276,6474.13,0
3.63167,23.3789,-7.42854,-2.12361,0.0975691,6437.5,0
3.63822,23.3673,-7.37989,-2.19551,0.0850683,6422.71,0
3.64473,23.503,-7.35666,-2.12322,0.178701,6448.49,0
3.65117,23.615,-7.20717,-2.11864,0.24324,6467.8,0
3.65768,23.5877,-7.08546,-2.03527,0.206813,6448.82,0
3.66417,23.6245,-6.78482,-2.33689,0.217742,6447.44,0
3.67069,23.5568,-7.05645,-2.47732,0.159591,6417.55,0
3.6772,23.4826,-7.09946,-2.48266,0.0980107,6386.02,0
3.68369,23.5163,-7.00413,-2.71079,0.119398,6383.88,0
3.6902,23.5996,-7.03115,-2.72281,0.175358,6395.22,0
3.69673,23.5504,-7.05146,-2.80696,0.13082,6370.6,0
3.70327,23.4696,-7.05203,-2.85686,0.0657295,6337.52,0
3.7098,23.5875,-7.08874,-2.87075,0.150366,6358.15,0
3.71628,23.6642,-7.16582,-2.59069,0.196525,6367.73,0
3.72279,23.668,-7.14341,-2.47493,0.185263,6357.6,0
3.7293,23.633,-7.16054,-2.59674,0.147381,6337.11,0
3.73585,23.5117,-6.93581,-2.68746,0.0537423,6293.54,0
3.74237,23.5836,-7.0861,-2.75161,0.102247,6301.77,0
3.74891,23.5337,-6.87804,-2.90322,0.0610989,6277.48,0
3.75541,23.4851,-6.9811,-3.016,0.0239807,6253.69,0
3.76191,23.4963,-7.12895,-2.93392,0.0318356,6245.83,0
3.76843,23.5249,-7.16862,-2.98887,0.0527014,6242.62,0
3.77498,23.4969,-7.15936,-2.959,0.0282738,6224.39,0
3.78148,23.5725,-7.18137,-2.98297,0.0822424,6233.68,0
3.78803,23.4944,-7.10987,-3.0365,0.0211287,6202.26,0
3.79456,23.5726,-7.21232,-2.94821,0.0782315,6212.21,0
3.80103,23.7401,-7.16604,-3.05165,0.198121,6245.7,0
3.80755,23.6997,-7.144,-2.76604,0.153012,6224.4,0
3.8141,23.8334,-6.86847,-2.74148,0.243402,6248.77,0
3.82058,23.6675,-6.92279,-2.77422,0.107416,6194.73,0
3.82712,23.612,-6.79235,-2.78118,0.0634726,6169.66,0
3.83362,23.6899,-6.6751,-2.69608,0.114531,6179.51,0
3.84014,23.9981,-6.56653,-2.80435,0.324212,6249.28,0
3.84663,24.2944,-6.64808,-2.59712,0.51371,6315.77,0
3.85316,24.3033,-6.28693,-1.99548,0.469695,6307.38,0
3.85969,24.2197,-6.30464,-2.06092,0.37995,6275.04,0
3.86622,24.339,-6.10755,-2.12798,0.436711,6295.29,0
3.87269,24.395,-6.03439,-2.21469,0.435238,6299.24,0
3.87925,24.5375,-6.12201,-2.52524,0.49878,6325.34,0
3.88574,24.5277,-6.00559,-2.61001,0.445337,6312.23,0
3.89227,24.6822,-6.36516,-2.62199,0.517918,6341.34,0
3.89876,24.8697,-6.46366,-2.67759,0.602725,6378.89,0
3.90524,24.5189,-6.46244,-2.73553,0.305225,6278.46,0
3.91176,24.6425,-6.46867,-2.79935,0.371507,6299.59,0
3.91828,24.4447,-6.60009,-2.6153,0.203609,6238.61,0
3.92478,24.6286,-6.42916,-2.79612,0.320242,6275.14,0
3.93128,24.836,-6.66099,-2.97454,0.437729,6317.53,0
3.93779,25.1146,-6.63513,-3.21395,0.596009,6377.84,0
3.94432,25.221,-6.81125,-3.31936,0.608751,6394.26,0
3.95083,24.9573,-6.86828,-3.26762,0.368285,6316.98,0
3.95733,24.8522,-7.21038,-3.70379,0.266362,6280.04,0
3.9638,24.8061,-7.21477,-3.68059,0.214394,6258.15,0
3.97031,24.7841,-7.15617,-3.79853,0.182942,6242.35,0
3.97683,24.9112,-7.07223,-3.58366,0.263654,6264.1,0
3.98329,24.8543,-7.14353,-3.74037,0.210399,6239.63,0
3.98976,24.8544,-7.17106,-3.78932,0.197617,6229.56,0
3.99629,25.0737,-7.503,-3.47107,0.345356,6274.25,0
4.00283,24.9548,-7.6131,-3.42226,0.23471,6234.28,0
4.00931,24.9549,-7.50284,-3.38755,0.217453,6224.23,0
4.01587,24.9864,-7.49622,-3.3779,0.224327,6221.91,0
4.02237,24.9942,-7.42645,-3.29944,0.216218,6213.8,0
4.02888,24.857,-7.42105,-2.96302,0.102811,6169.7,0
4.03537,24.9467,-7.29077,-2.70324,0.161835,6182.01,0
4.04185,24.8506,-7.23235,-2.68725,0.0865055,6148.32,0
4.04837,24.8792,-6.9957,-2.64364,0.103241,6145.49,0
4.05487,24.9404,-7.17646,-2.6837,0.143038,6150.73,0
4.06136,24.874,-7.14282,-2.74533,0.0855234,6124.54,0
4.06789,24.9627,-7.19871,-2.54462,0.148088,6136.53,0
4.07432,24.9627,-7.07507,-2.61379,0.144073,6126.84,0
4.08084,24.9311,-6.93381,-2.57825,0.115801,6109.31,0
4.08734,24.9294,-6.93904,-2.67583,0.107818,6099.17,0
4.09384,25.1395,-7.19153,-2.88219,0.251452,6140.82,0
4.10039,25.3099,-7.16794,-2.72823,0.356132,6172.56,0
4.1069,25.3507,-6.99777,-2.80571,0.361132,6172.72,0
4.11337,25.6427,-6.9411,-2.81596,0.539422,6233.99,0
4.11993,25.4483,-6.91327,-2.64546,0.35916,6176.86,0
4.12643,25.4999,-6.76693,-2.83298,0.372322,6179.65,0
4.13298,25.3196,-6.73792,-2.95983,0.215051,6126.25,0
4.13954,25.4862,-6.69674,-3.05463,0.324981,6156.77,0
4.14608,25.4975,-6.96828,-2.92674,0.308834,6149.79,0
4.15255,25.525,-7.12616,-2.95424,0.30696,6146.84,0
4.15908,25.4028,-6.94482,-3.16462,0.199584,6107.81,0
4.16556,25.4862,-7.16315,-3.06877,0.248266,6118.31,0
4.17208,25.47,-7.15456,-3.11844,0.221889,6104.87,0
4.17855,25.4627,-6.83276,-3.41069,0.204325,6093.65,0
4.18505,25.2737,-6.68306,-3.5097,0.0566121,6039.05,0
4.19157,25.2837,-6.75095,-3.49559,0.0610852,6032.03,0
4.19808,25.4683,-6.87913,-3.36296,0.195105,6066.66,0
4.20455,25.2545,-6.81032,-3.5426,0.0289214,6006.47,0
4.21106,25.3286,-6.79191,-3.38633,0.0831722,6014.79,0
4.21756,25.5598,-6.91417,-3.50685,0.248481,6060.33,0
4.22408,25.7903,-6.87568,-3.20433,0.397032,6105.54,0
4.23064,25.8372,-6.96468,-3.04478,0.409857,6107.16,0
4.23712,25.8842,-7.06206,-3.12621,0.41873,6108.9,0
4.24365,25.8526,-7.02605,-2.94738,0.367261,6092.06,0
4.25015,25.8366,-6.85634,-3.17438,0.326381,6078.98,0
4.25667,25.578,-6.81256,-3.2115,0.115845,6008.91,0
4.26321,25.5358,-6.96053,-3.30658,0.0797261,5989.8,0
4.26973,25.5478,-7.05658,-3.26029,0.0858906,5983.48,0
4.27627,25.6118,-7.13875,-3.27116,0.127593,5989.29,0
4.28273,25.6883,-7.04011,-3.60293,0.174495,5998.13,0
4.2892,25.7667,-6.88599,-3.58546,0.22023,6007.34,0
4.29576,25.6308,-6.90655,-3.61406,0.110173,5966.53,0
4.30225,25.5642,-6.83393,-3.51433,0.0568553,5942.05,0
4.30875,25.4946,-6.85759,-3.49894,0.00385314,5916.94,0
4.31527,25.5444,-6.89551,-3.38133,0.0397464,5919.54,0
4.32183,25.6309,-6.92119,-3.29816,0.102975,5930.57,0
4.32832,25.8522,-6.89545,-3.24818,0.258666,5972.8,0
4.33481,25.9524,-6.96128,-3.19037,0.316966,5986.99,0
4.34136,25.717,-6.87243,-3.10441,0.125378,5923.72,0
4.34787,25.7475,-6.96131,-3.1712,0.142443,5921.86,0
4.35434,25.7329,-7.12987,-3.15886,0.123176,5909.71,0
4.36084,25.7177,-7.19475,-3.33214,0.107306,5897.41,0
4.36734,25.8429,-6.84535,-3.23451,0.189254,5917.3,0
4.37386,25.7907,-6.57535,-3.26753,0.14126,5896.55,0
4.38038,25.7588,-6.56042,-3.25063,0.112328,5880.49,0
4.3869,25.8523,-6.80604,-3.35389,0.173227,5893.05,0
4.3934,26.0902,-6.99319,-3.31557,0.333274,5938.49,0
4.39987,26.0972,-6.70991,-3.40048,0.315083,5931.37,0
4.40637,26.1799,-7.01609,-3.50875,0.347683,5941.38,0
4.41291,26.1079,-6.87935,-3.58675,0.267159,5916.25,0
4.41943,26.2681,-6.99379,-3.40158,0.360482,5943.78,0
4.42597,26.1314,-7.36901,-3.29682,0.240436,5904.1,0
4.43253,26.2814,-7.33276,-3.42845,0.331213,5929.2,0
4.43903,26.1795,-7.49024,-3.34236,0.236475,5897.56,0
4.44555,26.1572,-7.6458,-3.42883,0.206869,5883.89,0
4.45206,25.9385,-7.40548,-3.27647,0.037074,5826.18,0
4.45858,26.0503,-7.35627,-3.33067,0.1193,5842.74,0
4.46506,26.1648,-7.24189,-3.27403,0.199026,5859.89,0
4.47154,26.2895,-7.40518,-3.09399,0.281883,5879.29,0
4.47806,26.0136,-7.39494,-3.31939,0.06615,5809.12,0
4.48459,25.9646,-7.31093,-3.48788,0.0274647,5789.75,0
4.49114,26.0422,-7.30415,-3.59809,0.08326,5798.57,0
4.49766,26.0424,-7.29629,-3.55466,0.0819658,5790.21,0
4.50416,25.9492,-7.28014,-3.55204,0.011045,5761.16,0
4.51068,25.9515,-7.14862,-3.53751,0.0119545,5753.35,0
4.51718,26.0735,-7.11359,-3.49659,0.0997362,5772.08,0
4.52368,26.2872,-7.1926,-3.73882,0.249752,5811.01,0
4.53021,26.3701,-7.26466,-3.66951,0.294688,5820.95,0
4.53673,26.5344,-7.31927,-3.71883,0.388822,5848.8,0
4.54329,27.0577,-7.30417,-3.79904,0.724127,5955.52,0
4.54978,26.8417,-7.44221,-3.72034,0.494947,5899.57,0
4.55627,26.9294,-7.1884,-3.80273,0.516016,5910.4,0
4.56279,27.1224,-7.37832,-3.70765,0.607238,5944.25,0
4.5693,26.865,-7.18638,-3.90418,0.37631,5879.46,0
4.57581,26.9789,-6.98348,-3.69559,0.426568,5895.99,0
4.58232,26.8353,-6.81682,-3.75391,0.282735,5856.27,0
4.58882,27.0413,-6.89862,-3.81873,0.406674,5892.86,0
4.59533,26.9876,-7.08247,-3.80242,0.340669,5872.83,0
4.60184,26.7964,-7.21249,-3.71435,0.178922,5822.98,0
4.60836,26.9349,-7.19645,-3.92662,0.263101,5844.79,0
4.61493,27.1402,-7.06738,-3.85108,0.388218,5880.97,0
4.62143,26.9993,-7.41189,-3.72791,0.26512,5842.2,0
4.62797,26.9985,-7.71396,-3.69643,0.248374,5833.78,0
4.63449,27.1306,-7.88545,-3.90511,0.333021,5854.06,0
4.64101,27.5641,-8.01561,-3.71792,0.608222,5939.25,0
4.6475,27.4237,-8.17486,-3.91918,0.449245,5900.75,0
4.65404,27.4447,-8.14442,-3.93832,0.430025,5896.98,0
4.66053,27.4174,-8.1741,-4.01574,0.370154,5882.89,0
4.66702,27.4162,-8.38882,-4.05367,0.345444,5874.45,0
4.67352,27.3789,-8.19621,-3.99619,0.291327,5858.3,0
4.68001,27.2977,-8.12224,-4.0914,0.212517,5832.83,0
4.68652,27.175,-8.00828,-3.86527,0.115213,5798.56,0
4.69303,27.1591,-7.84919,-4.03153,0.099086,5787.12,0
4.69951,27.1701,-8.01065,-4.22351,0.100928,5781.47,0
4.70604,27.0514,-7.92408,-4.3598,0.0103474,5748.22,0
4.71257,27.1629,-8.02538,-4.45403,0.0927573,5763.93,0
4.71908,27.3736,-8.28457,-4.52983,0.241725,5800.61,0
4.72558,27.2784,-8.14307,-4.61669,0.156926,5772.49,0
4.73209,27.2595,-7.99645,-4.55818,0.135193,5760.57,0
4.73867,27.3041,-7.8574,-4.48088,0.163007,5761.99,0
4.74516,27.6816,-7.94037,-4.37334,0.41969,5833.65,0
4.75166,27.5571,-8.0775,-4.24927,0.296367,5799.48,0
4.75819,27.6809,-8.37785,-4.0665,0.367676,5817.54,0
4.76469,27.7297,-8.44716,-4.14052,0.371163,5819.83,0
4.77122,27.5282,-8.20804,-4.26617,0.198831,5769.64,0
4.77778,27.4015,-8.16682,-4.3546,0.0983655,5735.2,0
4.78434,27.6714,-8.37031,-4.06351,0.283809,5783.74,0
4.79087,27.723,-8.75416,-3.85003,0.301561,5786.65,0
4.79734,27.6633,-9.02415,-3.8272,0.235773,5766.38,0
4.80384,27.6656,-9.04241,-3.81148,0.217656,5759.06,0
4.81039,27.6852,-9.01834,-3.67928,0.216629,5755.3,0
4.81687,27.5835,-9.08215,-3.32736,0.131346,5726.44,0
4.82338,27.5473,-9.0119,-3.32682,0.10032,5711.21,0
4.82992,27.458,-8.89647,-3.18313,0.0319491,5684.98,0
4.83639,27.5108,-8.8217,-3.18076,0.0707599,5688.29,0
4.8429,27.4961,-8.90364,-3.03511,0.0572117,5677.62,0
4.84939,27.5945,-8.96139,-2.75098,0.127447,5690.3,0
4.85593,27.6649,-8.68389,-2.83103,0.167022,5697.13,0
4.86245,27.9078,-8.48524,-2.804,0.331911,5739.44,0
4.86897,27.9268,-8.57775,-2.64821,0.320419,5735.68,0
4.87549,27.9344,-8.41942,-2.79963,0.307498,5729.57,0
4.88197,28.0991,-8.39221,-2.67561,0.402396,5755.69,0
4.88848,27.9948,-8.57861,-2.685,0.29947,5726.68,0
4.89496,27.7813,-8.42381,-2.54015,0.129964,5675.48,0
4.90147,27.6581,-8.49248,-2.61727,0.0341249,5642.83,0
4.90797,27.7436,-8.48183,-2.689,0.0967707,5652.77,0
4.91444,27.6928,-8.46088,-2.80514,0.0555926,5634.98,0
4.92092,27.7529,-8.27216,-2.88935,0.0937007,5639.79,0
4.92744,27.8196,-8.31431,-2.9236,0.140929,5645.85,0
4.93396,27.7839,-8.22039,-2.91561,0.108656,5631.16,0
4.94047,27.8114,-8.12373,-2.59303,0.121211,5629.32,0
4.94698,27.7127,-7.96705,-2.40407,0.0447108,5601.94,0
4.9535,27.6973,-7.87223,-2.27725,0.0313044,5591.45,0
4.95998,27.7167,-7.90767,-2.04635,0.0451286,5588.07,0
4.96648,27.72,-7.7679,-2.09245,0.0464102,5581.41,0
4.97298,27.7614,-7.79289,-2.0011,0.0752378,5582.45,0
4.97948,27.9538,-7.92898,-2.06153,0.210312,5613.8,0
4.98596,27.9086,-7.8927,-2.2181,0.164564,5597.43,0
4.99246,27.8814,-8.12027,-2.36182,0.136459,5584.7,0
4.99896,27.7997,-7.99691,-2.47631,0.0698445,5561.09,0
5.00543,27.9509,-8.1074,-2.7395,0.177596,5584.12,0
5.01193,27.9645,-8.02051,-2.95731,0.178817,5579.58,0
5.01845,27.9395,-7.81362,-3.18856,0.147617,5567.36,0
5.02497,27.8236,-7.48753,-3.20615,0.0573081,5537.06,0
5.03154,27.804,-7.58105,-3.12325,0.0398547,5525.94,0
5.03811,27.9668,-7.33476,-3.02359,0.157846,5551.06,0
5.04461,28.0933,-7.44703,-3.25136,0.241238,5568.98,0
5.05111,28.0977,-7.28619,-3.09043,0.227687,5562.67,0
5.05761,28.0574,-7.11812,-3.29371,0.185053,5547.57,0
5.06412,27.9172,-7.40605,-3.48325,0.0727368,5512.75,0
5.07061,28.2243,-7.43616,-3.47377,0.292062,5566.26,0
5.07713,28.0773,-7.58907,-3.51098,0.169801,5530.14,0
5.08364,27.9527,-7.69489,-3.57921,0.0711945,5498.56,0
5.09012,27.8844,-7.61914,-3.64614,0.0187774,5478.13,0
5.09664,28.012,-7.61007,-3.5953,0.111394,5496.17,0
5.10314,28.0097,-7.73933,-3.67052,0.103889,5488.71,0
5.10962,28.096,-7.94676,-3.68906,0.16372,5498.64,0
5.11609,28.12,-7.99283,-3.93898,0.175374,5496.38,0
5.12259,28.1417,-7.93968,-4.07031,0.178303,5493.65,0
5.12911,28.0595,-8.01106,-4.13546,0.113011,5470.64,0
5.13564,28.3027,-8.1715,-4.07172,0.28589,5511.04,0
5.14215,28.246,-8.34202,-4.29493,0.218871,5493.04,0
5.14867,28.5147,-8.53049,-4.39201,0.399597,5538.27,0
5.15517,28.5964,-8.94883,-4.25351,0.43421,5547.13,0
5.16164,28.7243,-9.41572,-3.87889,0.494346,5564.95,0
5.16815,28.5372,-9.59734,-3.84419,0.318906,5521.75,0
5.17466,28.4992,-9.78845,-4.02351,0.272426,5507.45,0
5.18119,28.7345,-9.49162,-4.10981,0.421965,5545.93,0
5.1877,28.6743,-9.54208,-4.38996,0.353843,5527.37,0
5.1942,28.6051,-9.53624,-4.23926,0.274644,5507.12,0
5.20069,28.7098,-9.58739,-4.20955,0.335314,5520.37,0
5.20716,29.1037,-9.54612,-4.02345,0.588529,5589.18,0
5.21364,29.0897,-9.50052,-4.05843,0.512132,5579.53,0
5.22018,28.8819,-9.32882,-4.1124,0.329376,5532.74,0
5.22669,28.8934,-9.44089,-4.33481,0.31955,5528.06,0
5.23319,28.7421,-9.20043,-4.27048,0.193541,5492.27,0
5.23971,28.8001,-9.07423,-4.33094,0.224953,5496.51,0
5.24619,28.6552,-9.01183,-4.0907,0.107044,5462.09,0
5.2527,28.7398,-8.91216,-4.21177,0.162892,5471.44,0
5.25921,28.5859,-9.0525,-4.09374,0.0458241,5435.39,0
5.2657,28.7154,-8.86958,-4.25036,0.140114,5453.3,0
5.27219,28.7975,-8.71454,-4.03374,0.189893,5462.14,0
5.2787,28.7975,-8.7045,-4.2247,0.176045,5455.42,0
5.28519,28.9149,-8.7937,-4.44367,0.256249,5470.93,0
5.29172,28.9678,-8.83499,-4.61394,0.272676,5474.18,0
5.29823,29.1613,-8.8572,-4.51295,0.390943,5503.97,0
5.30473,29.1939,-8.69004,-4.5388,0.386904,5503.38,0
5.31123,29.276,-8.68251,-4.33023,0.421765,5512.09,0
5.31776,29.1242,-9.11215,-4.59426,0.27609,5476.78,0
5.32427,29.0883,-9.16439,-4.22917,0.228545,5463.35,0
5.33077,28.9706,-9.26308,-4.21194,0.131729,5434.6,0
5.33728,29.0806,-9.44519,-4.40642,0.201945,5448.58,0
5.34379,28.9811,-9.41537,-4.46596,0.119116,5423.32,0
5.35029,29.0886,-9.70551,-4.42241,0.194621,5436.83,0
5.35676,29.2418,-9.96146,-4.42776,0.296448,5458.85,0
5.36327,29.1326,-9.82042,-4.31676,0.192591,5431.88,0
5.36978,29.3376,-9.91898,-4.01149,0.326473,5463.46,0
5.37631,29.1248,-9.76071,-3.99604,0.151421,5417.25,0
5.38281,29.1848,-9.69734,-4.09315,0.189649,5421.85,0
5.38931,29.1039,-9.62659,-4.06252,0.121873,5400.31,0
5.39585,29.1912,-9.59752,-4.07729,0.183199,5409.93,0
5.40232,29.0134,-9.55462,-4.27048,0.0462325,5370.53,0
5.40881,29.2142,-9.57111,-4.42147,0.194334,5401.22,0
5.41534,29.4365,-9.49545,-4.31486,0.342818,5435.77,0
5.42187,29.3473,-9.40936,-4.34308,0.255853,5412.76,0
5.42836,29.2319,-9.47033,-4.22124,0.155116,5385.03,0
5.43486,29.328,-9.57786,-4.16093,0.216712,5396.28,0
5.4414,29.6622,-9.52919,-4.37727,0.449309,5451.22,0
5.4479,29.8976,-9.44789,-4.09972,0.583462,5487.92,0
5.45441,29.6849,-9.25214,-4.14214,0.384839,5442.37,0
5.46089,29.7338,-9.39632,-4.26305,0.391452,5444.86,0
5.46738,29.935,-9.42883,-4.28833,0.506822,5475.21,0
5.47392,30.0806,-9.41501,-4.20621,0.556364,5495.26,0
5.48037,30.152,-9.3356,-4.10408,0.555483,5501.81,0
5.48691,30.14,-9.34912,-3.75512,0.495897,5493.09,0
5.49343,30.1571,-9.32204,-3.87711,0.470887,5489.66,0
5.49996,30.4151,-9.08662,-3.93501,0.61105,5530.06,0
5.50645,30.7903,-9.09906,-3.95745,0.809532,5591.67,0
5.51298,30.6322,-9.14111,-4.26278,0.618725,5556.38,0
5.51951,31.0118,-8.98884,-4.31395,0.818038,5618.57,0
5.526,30.7886,-9.08877,-4.49409,0.575416,5571.6,0
5.53247,30.879,-8.95706,-4.31763,0.580677,5581.4,0
5.53895,31.3715,-8.46521,-4.80031,0.858271,5663.79,0
5.54541,31.1395,-8.42223,-4.74581,0.610588,5615.36,0
5.55192,31.1911,-8.17516,-5.23565,0.590414,5618.07,0
5.55846,31.1084,-8.08133,-5.05013,0.482248,5596.59,0
5.56496,31.2468,-8.0953,-4.91903,0.534009,5614.91,0
5.57149,31.1946,-8.09431,-4.98316,0.445534,5598.98,0
5.57793,31.6046,-8.25305,-5.79648,0.696766,5666,0
5.58448,31.1413,-8.34455,-6.19969,0.303786,5576.4,0
5.59098,31.5552,-8.30707,-6.34216,0.569339,5643.95,0
5.59751,31.3939,-8.10463,-6.38734,0.402575,5608.55,0
5.60403,31.4811,-7.95601,-6.41009,0.436513,5617.59,0
5.61049,31.5506,-7.75709,-6.40607,0.458974,5623.5,0
5.61697,31.7228,-7.78324,-6.58517,0.545498,5647.67,0
5.62346,31.5034,-7.54347,-6.35059,0.34794,5602.13,0
5.62999,31.5308,-7.86162,-6.38329,0.339141,5600.52,0
5.63655,31.3552,-7.80132,-6.46779,0.188005,5562.82,0
5.64307,31.1625,-7.98121,-6.49135,0.0380845,5522.26,0
5.64959,31.1925,-7.9758,-6.3721,0.0580862,5521.2,0
5.65611,31.4695,-7.99495,-6.4879,0.256962,5563.81,0
5.66266,31.4675,-7.99865,-6.52438,0.244912,5557.01,0
5.66919,31.6069,-7.93016,-6.66229,0.326926,5575.2,0
5.67567,31.6919,-7.57675,-6.84906,0.363069,5583.81,0
5.68221,31.3884,-7.73447,-6.61701,0.120755,5523.97,0
5.68874,31.3086,-7.66521,-6.682,0.0566752,5503.61,0
5.69521,31.5212,-7.67437,-6.61616,0.210625,5534.69,0
5.70172,31.6916,-7.69135,-6.82682,0.315854,5558.26,0
5.7082,31.6331,-7.71372,-6.97191,0.255656,5541.71,0
5.71471,31.7548,-7.72875,-6.73124,0.324537,5556.67,0
5.72119,31.8119,-8.0396,-7.06211,0.339943,5560.36,0
5.7277,31.8108,-8.09515,-7.18473,0.32096,5553.84,0
5.7342,31.6913,-8.17806,-6.91985,0.216548,5526.72,0
5.7407,31.6857,-7.92627,-6.71714,0.20259,5519.48,0
5.74723,31.777,-7.61279,-6.55851,0.252605,5529.11,0
5.75376,31.5732,-7.58035,-6.66314,0.0862628,5487.4,0
5.76028,31.613,-7.73759,-6.64253,0.111349,5488.11,0
5.76682,31.6765,-8.03669,-6.59088,0.153976,5492.9,0
5.77332,31.7931,-8.03638,-6.77116,0.231638,5506.9,0
5.77981,31.6919,-7.96,-6.82057,0.145439,5483.2,0
5.78632,31.7717,-7.86039,-6.64466,0.196378,5490.83,0
5.79284,31.8762,-7.66996,-6.55479,0.264054,5502.69,0
5.79931,31.9341,-7.73713,-6.70436,0.291401,5506.53,0
5.80583,31.885,-7.70255,-6.74941,0.236085,5491.9,0
5.81238,31.9638,-7.53439,-6.72598,0.278019,5499.26,0
5.81892,32.0334,-7.75687,-6.81701,0.313929,5505.05,0
5.82543,32.0763,-7.71136,-7.00937,0.318292,5506.25,0
5.83192,32.1256,-7.49073,-6.99908,0.331777,5508.57,0
5.83843,32.4022,-7.5251,-6.96004,0.500779,5549.81,0
5.84498,32.3722,-7.5176,-6.94557,0.438526,5538.46,0
5.85146,32.3304,-7.57884,-6.96517,0.372767,5525.18,0
5.85795,32.1833,-7.51121,-6.85198,0.240532,5493.96,0
5.86448,32.1064,-7.66659,-6.79608,0.171033,5474.72,0
5.871,32.1026,-7.62109,-6.73397,0.161169,5467.99,0
5.8775,32.0663,-7.54527,-6.5827,0.127567,5455.77,0
5.88398,32.14,-7.6038,-6.59632,0.171957,5462.29,0
5.89048,32.2771,-7.86375,-6.49482,0.263896,5479.54,0
5.89697,32.342,-7.86754,-6.51835,0.289877,5484.52,0
5.90349,32.3652,-7.6337,-6.57729,0.287239,5482.38,0
5.91,32.344,-7.54337,-6.6283,0.254574,5472.75,0
5.91652,32.4198,-7.30553,-6.58966,0.293376,5479.54,0
5.92302,32.1504,-7.28629,-6.78304,0.0773589,5428.04,0
5.92951,32.0984,-7.20639,-6.86962,0.036847,5413.34,0
5.93601,32.1371,-7.16334,-6.54462,0.0637761,5413.93,0
5.94247,32.087,-7.1095,-6.57631,0.0246602,5399.61,0
5.94903,32.0956,-7.12794,-6.5834,0.0304422,5395.1,0
5.95555,32.107,-7.24091,-6.67016,0.0372338,5391.11,0
5.96206,32.2282,-7.2833,-6.60934,0.125477,5405.55,0
5.96856,32.2885,-7.38154,-6.53079,0.15964,5409.76,0
5.97504,32.0933,-7.40155,-6.34907,0.0112342,5371.23,0
5.98155,32.2635,-7.42612,-6.36713,0.136079,5393.84,0
5.9881,32.5138,-7.37696,-6.63163,0.313899,5429.73,0
5.99458,32.646,-7.53593,-6.61084,0.383062,5445.93,0
6.00105,32.5625,-7.18935,-6.42539,0.294828,5426.14,0
6.00749,32.4704,-7.25098,-6.0668,0.205413,5404.99,0
6.01401,32.3383,-7.19561,-5.87673,0.0997427,5377.17,0
6.02051,32.3841,-7.17936,-5.80965,0.130121,5378.96,0
6.02705,32.3731,-7.14622,-5.88893,0.112372,5371.3,0
6.03355,32.326,-7.09417,-5.9854,0.074452,5357.71,0
6.04005,32.3382,-7.03002,-5.8026,0.0811358,5353.97,0
6.04655,32.428,-7.14046,-5.72167,0.144137,5363.06,0
6.05305,32.5156,-7.12973,-5.50712,0.20336,5371.78,0
6.05956,32.4852,-7.2373,-5.47952,0.172273,5360.99,0
6.06609,32.5511,-7.1891,-5.49137,0.20624,5366.08,0
6.07257,32.5721,-7.2254,-5.45938,0.210358,5363.81,0
6.0791,32.633,-7.26701,-5.56276,0.240164,5368.07,0
6.08559,32.5723,-7.05824,-5.35715,0.180388,5352.37,0
6.09202,32.6883,-6.99457,-5.48231,0.256931,5365.76,0
6.09848,33.0924,-7.05776,-5.3654,0.52976,5426.33,0
6.105,33.2755,-6.89293,-5.44255,0.611167,5450.52,0
6.11153,33.2967,-7.08208,-5.71439,0.566845,5448.18,0
6.11808,33.3033,-6.86121,-5.99157,0.51521,5443.42,0
6.12461,33.1215,-7.31646,-6.04799,0.342559,5407.94,0
6.13109,33.0099,-7.44838,-6.10067,0.236444,5384.03,0
6.1376,32.9744,-7.31768,-5.96003,0.199031,5372.52,0
6.1441,33.1192,-7.29759,-5.71292,0.290727,5390.42,0
6.15058,33.1584,-7.19483,-5.67324,0.29824,5391.1,0
6.15707,33.3774,-7.10401,-5.43189,0.436503,5420.98,0
6.16357,33.164,-7.18729,-5.7404,0.252405,5380.65,0
6.17009,33.2861,-7.44341,-5.416,0.319094,5394.76,0
6.17662,33.3004,-7.65528,-5.04799,0.303076,5391.37,0
6.18313,33.0958,-7.6947,-4.8163,0.137973,5352.6,0
6.18961,33.2016,-7.77277,-4.71379,0.21,5364.08,0
6.19612,33.301,-7.85138,-4.79365,0.270404,5374.48,0
6.20266,33.4375,-7.68833,-5.10931,0.344183,5390.82,0
6.20919,33.6092,-7.55101,-5.30626,0.447453,5412.82,0
6.2157,33.549,-7.36622,-5.42752,0.363003,5397.45,0
6.22224,33.7733,-7.45399,-5.26903,0.49548,5427.83,0
6.22871,33.6558,-7.33514,-5.00121,0.371783,5403.33,0
6.23523,33.481,-7.17485,-5.03678,0.219148,5369.65,0
6.24173,33.5251,-7.32427,-5.04177,0.238511,5371.12,0
6.24828,33.4914,-7.47584,-4.96467,0.195592,5360.09,0
6.25481,33.8101,-7.57564,-4.78628,0.414555,5405.46,0
6.26134,33.9436,-7.66403,-5.20752,0.473121,5421.14,0
6.26784,33.885,-7.66032,-5.11633,0.39444,5406.17,0
6.2743,33.8005,-7.8145,-4.93491,0.298119,5387.14,0
6.28085,34.0818,-7.74147,-4.82968,0.481776,5426.3,0
6.28737,34.3357,-7.58341,-4.7496,0.609326,5461.06,0
6.29391,34.6677,-7.85939,-4.79932,0.776484,5508.14,0
6.30047,34.7434,-7.92998,-4.75973,0.7521,5514.42,0
6.30698,34.8488,-7.70638,-4.9628,0.740345,5525.43,0
6.31346,34.9542,-7.65949,-4.91481,0.737953,5536.46,0
6.32,35.0794,-7.52056,-4.94262,0.760137,5550.55,0
6.32657,35.2843,-7.23249,-4.94812,0.821754,5577.17,0
6.33304,35.5734,-7.48888,-5.13618,0.925462,5617.12,0
6.33957,35.6004,-7.46585,-5.09869,0.829692,5615.58,0
6.34609,35.4159,-7.5621,-5.14069,0.620318,5580.74,0
6.35258,35.4301,-7.28761,-5.35301,0.581088,5577.28,0
6.3591,35.5336,-7.61602,-4.87791,0.604014,5587.83,0
6.3656,35.3478,-7.65371,-5.14202,0.413073,5552.94,0
6.3721,35.2901,-7.69131,-5.22255,0.341081,5538.23,0
6.37861,35.3399,-7.67998,-5.14797,0.350425,5540.38,0
6.3851,35.1224,-7.41185,-5.07291,0.169346,5500.68,0
6.3916,35.2944,-7.17982,-5.08458,0.284661,5522,0
6.39808,35.2891,-7.12238,-4.80413,0.257126,5515.57,0
6.40458,35.2389,-7.21856,-4.71683,0.209697,5502.15,0
6.4111,35.14,-7.13228,-4.62175,0.127023,5481.12,0
6.41757,35.0872,-7.34665,-4.73848,0.0845438,5467.36,0
6.42406,35.5003,-7.04233,-4.7175,0.376291,5526.15,0
6.43054,35.8607,-7.12352,-4.67605,0.595649,5576.62,0
6.43704,35.7792,-7.2812,-4.80991,0.48336,5558.34,0
6.44359,35.6149,-7.05458,-4.62654,0.327375,5527.18,0
6.45009,35.5852,-7.08133,-4.79491,0.278939,5517,0
6.45662,35.7627,-7.16589,-4.7989,0.385009,5538.92,0
6.46315,35.4778,-6.92562,-4.79651,0.153962,5489.25,0
6.46965,35.3728,-6.84647,-4.76722,0.0700459,5467.5,0
6.47621,35.316,-6.84629,-4.78702,0.0256634,5453.2,0
6.48272,35.592,-7.25057,-4.83228,0.223705,5490.29,0
6.48925,35.4757,-7.04259,-4.69856,0.131566,5466.83,0
6.49579,35.7064,-6.96869,-4.83259,0.288717,5496.85,0
6.5023,35.5002,-7.1388,-4.91993,0.122376,5459.65,0
6.50881,35.4489,-6.95974,-4.97707,0.0819237,5446.29,0
6.51531,35.4192,-7.0131,-4.90631,0.0572276,5436.3,0
6.52181,35.6298,-6.91289,-4.99562,0.20783,5463.19,0
6.5283,35.7099,-6.77893,-5.00417,0.249554,5470.02,0
6.5348,35.5954,-6.79336,-5.09634,0.148526,5447.05,0
6.54132,35.5136,-6.91026,-5.18067,0.0831123,5429.11,0
6.5478,35.4429,-6.88034,-5.26179,0.0293219,5412.94,0
6.55429,35.5378,-7.00967,-5.44068,0.0987723,5422.07,0
6.56078,35.5993,-7.05827,-5.44078,0.140083,5426.08,0
6.56724,36.0779,-7.15094,-5.39125,0.474767,5493.61,0
6.57375,36.2981,-7.15065,-5.31836,0.59125,5521.67,0
6.58021,36.4229,-7.28824,-5.18223,0.626277,5535.22,0
6.5867,36.5562,-7.33963,-5.21763,0.660811,5550.01,0
6.59315,36.75,-7.29623,-5.2271,0.728231,5573.96,0
6.59966,36.8634,-6.92862,-5.12038,0.73944,5585.65,0
6.60611,36.9879,-7.08231,-5.37792,0.746218,5599.05,0
6.61259,36.9631,-7.19366,-5.80755,0.640577,5589.8,0
6.61912,36.5285,-7.23902,-5.90077,0.277309,5518.63,0
6.62566,36.7187,-7.47725,-5.89086,0.390289,5541.9,0
6.63223,36.9634,-7.14815,-6.0361,0.534216,5573.3,0
6.63873,36.7731,-7.32651,-6.28966,0.355194,5539.19,0
6.64524,36.8425,-7.58625,-6.61605,0.373203,5544.19,0
6.65171,36.8444,-7.44637,-6.33232,0.347165,5539.08,0
6.65823,37.0048,-7.54568,-6.54898,0.43709,5557.76,0
6.66472,37.1145,-7.84574,-6.4633,0.476345,5568.8,0
6.67123,36.957,-7.65808,-6.35083,0.325728,5539.75,0
6.67776,36.8931,-7.78064,-6.28323,0.258667,5524.77,0
6.68425,36.8597,-7.54688,-6.05116,0.223651,5514.42,0
6.69076,36.7636,-7.34524,-6.05511,0.141612,5494.69,0
6.69725,36.6438,-7.34447,-5.93027,0.0483919,5471.47,0
6.70379,36.7485,-7.22012,-5.89597,0.122641,5481.75,0
6.71031,36.8654,-7.17371,-6.03396,0.202316,5493.85,0
6.71683,37.0576,-7.14912,-6.16937,0.326237,5517.13,0
6.72331,37.1486,-6.99356,-6.30803,0.364597,5525.34,0
6.72981,37.1335,-6.9299,-6.28764,0.326293,5517.77,0
6.73631,37.2685,-7.18882,-6.036,0.398005,5532.49,0
6.74279,37.2734,-6.97412,-6.08661,0.373226,5527.89,0
6.74927,37.1537,-6.76035,-6.07235,0.260139,5504.85,0
6.75581,37.0964,-6.66674,-6.29627,0.207422,5491.04,0
6.76232,37.023,-6.61422,-6.2591,0.138636,5474.9,0
6.76882,37.0788,-6.44384,-6.2616,0.170481,5477.88,0
6.77533,37.1784,-6.39203,-6.2068,0.234156,5487.32,0
6.78181,37.3806,-6.55937,-6.14852,0.364369,5511.89,0
6.78829,37.2834,-6.36174,-5.88421,0.273942,5492.31,0
6.79478,37.2402,-6.50183,-5.62666,0.225951,5480.71,0
6.80132,37.1443,-6.27392,-5.62489,0.143861,5461.34,0
6.80786,37.1087,-6.37143,-5.53075,0.109669,5450.86,0
6.81435,37.1767,-6.33852,-5.54843,0.152255,5455.65,0
6.82089,37.1775,-6.4452,-5.53214,0.143064,5450.54,0
6.82746,37.2039,-6.41075,-5.69521,0.15677,5449.16,0
6.83398,37.2238,-6.39583,-5.69116,0.164668,5446.87,0
6.84045,37.26,-6.59129,-5.54984,0.183169,5447.01,0
6.84701,37.1266,-6.30395,-5.52346,0.0783282,5422.3,0
6.85352,37.0524,-6.18844,-5.62406,0.019441,5406.34,0
6.86002,37.1678,-6.19558,-5.39756,0.104247,5418.03,0
6.86653,37.1716,-6.12159,-5.3027,0.10269,5413.44,0
6.87309,37.3251,-6.16531,-5.18487,0.209454,5430.61,0
6.87956,37.1684,-6.2975,-4.90721,0.0840863,5402.73,0
6.88606,37.1567,-6.18349,-4.89885,0.070812,5395.94,0
6.89258,37.2846,-6.09473,-5.17086,0.158662,5409.38,0
6.89905,37.4473,-6.08079,-5.35054,0.268577,5427.89,0
6.90551,37.653,-6.2446,-5.07224,0.393991,5452.6,0
6.91201,37.7834,-6.13629,-4.83851,0.452825,5466.34,0
6.91855,37.8348,-5.9937,-4.79908,0.462731,5468.6,0
6.92508,37.9248,-5.94021,-4.98925,0.486306,5476.44,0
6.93155,38.1598,-6.02137,-5.09924,0.604398,5505.23,0
6.93808,38.0953,-5.95089,-4.84402,0.500862,5490.75,0
6.94459,38.14,-6.11836,-4.74114,0.488031,5492.05,0
6.95112,37.9073,-6.0887,-4.68948,0.290449,5453.41,0
6.95764,37.8303,-5.99237,-4.88235,0.214474,5437.23,0
6.96419,37.8364,-6.00102,-4.79596,0.206152,5432.99,0
6.97069,37.9081,-6.11711,-4.7148,0.247006,5438.21,0
6.97717,38.1576,-6.05947,-5.04342,0.410625,5468.93,0
6.98371,37.98,-5.77538,-4.89628,0.252306,5438.37,0
6.99025,38.1668,-5.87185,-4.68463,0.367742,5460,0
6.99673,38.3165,-5.76893,-4.85412,0.447891,5476.34,0
7.00323,38.6172,-5.64548,-4.70617,0.621064,5514.2,0
7.00975,39.1708,-5.76662,-4.77387,0.936686,5588.04,0
7.01626,39.1152,-5.98406,-4.77529,0.801033,5574.94,0
7.02274,39.3269,-5.9959,-4.6294,0.873244,5599.93,0
7.02928,39.0616,-5.82887,-5.00461,0.596877,5556.99,0
7.03578,39.3438,-5.60701,-5.02249,0.7405,5591.96,0
7.0423,39.2877,-5.6184,-4.90917,0.625842,5578.81,0
7.04882,39.2801,-5.78884,-4.94725,0.565987,5572.57,0
7.05538,39.2786,-5.64803,-4.84252,0.514643,5567.19,0
7.06187,39.0531,-5.48017,-4.96429,0.315146,5530.14,0
7.06839,38.9681,-5.5313,-4.83382,0.233263,5513.01,0
7.07486,38.7233,-5.56602,-4.94614,0.0440515,5473.37,0
7.08137,38.7462,-5.53108,-4.88062,0.0584614,5471.57,0
7.08783,39.0201,-5.80475,-5.1865,0.253054,5505.22,0
7.09435,38.7539,-5.68068,-5.22547,0.0480014,5462.64,0
7.10086,38.841,-5.63408,-5.35862,0.110201,5469.9,0
7.10738,38.9849,-5.37415,-5.6147,0.208243,5485.13,0
7.11389,39.0596,-5.5143,-5.78353,0.248073,5490.62,0
7.12038,39.2718,-5.43698,-5.76536,0.383228,5515.41,0
7.12687,39.3823,-5.36438,-6.09518,0.439324,5525.89,0
7.13338,39.4207,-5.42222,-5.92566,0.43603,5526.22,0
7.13992,39.5077,-5.34161,-6.05285,0.47158,5533.36,0
7.14639,39.5688,-5.43741,-6.06951,0.468114,5536.9,0
7.15292,39.7007,-5.31533,-6.1608,0.516934,5550.27,0
7.15942,39.8427,-5.22614,-6.02564,0.564477,5565.08,0
7.16597,39.9295,-5.01684,-6.15279,0.573533,5572.1,0
7.17248,40.0949,-4.9212,-6.24,0.640211,5590.1,0
7.179,39.7412,-4.78082,-6.38935,0.330633,5535.76,0
7.18547,39.9761,-4.56039,-6.58375,0.47863,5563.46,0
7.19205,40.03,-4.60509,-6.56527,0.479759,5565.86,0
7.19857,40.383,-4.89138,-6.52543,0.691213,5609.85,0
7.20506,40.2634,-4.94408,-6.55493,0.535015,5588.21,0
7.21157,40.1897,-4.79717,-6.30169,0.442151,5572.95,0
7.21807,40.2917,-4.53665,-5.97106,0.487635,5582.06,0
7.22461,40.1459,-4.39055,-6.28859,0.345779,5556.83,0
7.23108,40.36,-4.52442,-6.12607,0.470513,5581.47,0
7.23762,40.3709,-4.26978,-6.12289,0.442439,5577.92,0
7.24415,40.5784,-4.15966,-6.58042,0.553109,5601.55,0
7.25071,40.525,-4.15518,-6.62169,0.469057,5589.11,0
7.25721,40.3313,-4.27239,-6.61373,0.290622,5557.41,0
7.26372,40.3756,-4.11445,-6.65061,0.305468,5558.54,0
7.27024,40.5529,-4.19044,-6.62942,0.41022,5577.93,0
7.27676,40.4349,-4.19635,-6.45247,0.30043,5556.72,0
7.28328,40.7087,-3.8555,-6.66463,0.461277,5589.33,0
7.28981,40.6678,-3.76653,-6.48828,0.394362,5578.71,0
7.29633,40.4862,-3.74157,-6.67028,0.236152,5548.84,0
7.3028,40.2925,-3.82843,-6.8864,0.084042,5517.41,0
7.30931,40.279,-3.72859,-6.98034,0.0702682,5510.65,0
7.31583,40.4679,-3.90314,-7.10078,0.205537,5531.56,0
7.32238,40.2976,-3.62888,-7.01266,0.0703939,5503.35,0
7.32884,40.4125,-3.6053,-7.17798,0.150915,5514.18,0
7.33534,40.3939,-3.81386,-6.91882,0.126956,5506.75,0
7.34183,40.3998,-3.77422,-7.00694,0.126156,5502.69,0
7.34833,40.5625,-3.67166,-6.91069,0.237654,5519.96,0
7.35486,40.5167,-3.89245,-6.99483,0.18526,5508.84,0
7.36141,40.6336,-3.73994,-7.28243,0.261043,5519.82,0
7.36792,40.4466,-3.72627,-7.30335,0.110919,5489.56,0
7.37444,40.4544,-3.62878,-7.18463,0.109539,5485.75,0
7.38091,40.4937,-3.82992,-7.22036,0.133611,5486.28,0
7.38746,40.5313,-3.94694,-7.15064,0.154594,5486.51,0
7.39398,40.7055,-4.10778,-6.95446,0.273484,5505.23,0
7.40049,40.6335,-3.9675,-6.99701,0.203086,5490.65,0
7.407,40.6685,-3.83269,-6.92116,0.219363,5490.54,0
7.41353,40.909,-3.76263,-6.98636,0.381141,5518.15,0
7.42004,40.9234,-3.75886,-6.91467,0.363332,5515.25,0
7.42654,40.82,-3.73392,-7.02502,0.261232,5496.5,0
7.43305,40.8534,-3.61137,-7.14507,0.266238,5496.18,0
7.43953,40.9958,-3.82824,-7.34256,0.352551,5510.54,0
7.44603,40.8606,-3.94666,-7.15556,0.230439,5487.57,0
7.45259,40.6217,-3.99914,-7.29236,0.0480619,5450.69,0
7.45917,40.7099,-4.06246,-7.35442,0.110804,5457.7,0
7.4657,40.8755,-4.1469,-7.14219,0.227296,5475.11,0
7.47219,40.8449,-4.32496,-7.24614,0.193422,5466.26,0
7.47866,40.8104,-4.44947,-7.26987,0.15911,5456.91,0
7.48515,40.8221,-4.47581,-7.18058,0.16086,5453.74,0
7.49161,40.6697,-4.45091,-7.21779,0.0443202,5428.71,0
7.49812,40.6421,-4.58323,-7.22137,0.0222196,5420.31,0
7.50459,40.862,-4.59381,-7.46905,0.180195,5444.94,0
7.51105,41.1273,-4.6019,-7.56622,0.354558,5475.57,0
7.51755,41.2312,-4.34339,-7.60132,0.400634,5484.66,0
7.52408,41.1215,-4.3039,-7.46413,0.294167,5465.32,0
7.53059,41.3327,-4.53738,-7.27685,0.41785,5488.64,0
7.53708,41.4104,-4.5966,-7.58719,0.432741,5494.23,0
7.54357,41.2414,-4.69313,-7.50956,0.287616,5467.09,0
7.55005,41.4442,-4.71362,-7.54958,0.414787,5489.26,0
7.55656,41.6997,-4.98885,-7.45978,0.560861,5518.34,0
7.56309,41.6134,-5.07502,-7.36816,0.44131,5502.17,0
7.56961,41.4554,-5.1024,-7.51197,0.294451,5476.56,0
7.57608,41.4607,-5.11943,-7.45694,0.281669,5472.58,0
7.58262,41.464,-5.01185,-7.31432,0.261304,5468.3,0
7.58911,41.519,-5.10156,-7.291,0.286918,5470.87,0
7.59556,41.427,-4.958,-7.15228,0.20379,5454.11,0
7.6021,41.424,-4.8306,-7.12467,0.188006,5449.03,0
7.60854,41.51,-5.02478,-7.13991,0.239352,5455.7,0
7.61505,41.6048,-4.85364,-7.31723,0.296453,5463.5,0
7.62157,41.6982,-4.74687,-7.12413,0.346616,5471.08,0
7.62805,41.9109,-4.76522,-6.92427,0.472899,5494.32,0
7.63454,42.018,-4.77418,-6.69826,0.508471,5503.67,0
7.64106,41.7838,-4.75326,-6.48868,0.308315,5468.32,0
7.64759,41.8127,-4.60514,-6.0938,0.305498,5467.43,0
7.65415,41.9618,-4.79766,-6.09786,0.38056,5482.22,0
7.66064,42.1551,-4.68693,-6.00348,0.485995,5502.82,0
7.66715,42.2654,-4.48768,-5.90984,0.520654,5512.53,0
7.67369,42.3633,-4.56848,-5.93318,0.533605,5520.58,0
7.68015,42.0297,-4.63154,-5.808,0.254363,5472.51,0
7.6867,42.1415,-4.41116,-5.85302,0.320334,5482.39,0
7.6932,42.2043,-4.47749,-6.15903,0.344623,5485.93,0
7.69967,42.1734,-4.35711,-6.12979,0.299665,5477.29,0
7.70616,42.0247,-4.52794,-6.16269,0.17132,5453.39,0
7.71264,42.2341,-4.35783,-6.19849,0.312341,5475.96,0
7.71915,42.4506,-4.21584,-6.04817,0.439641,5499.38,0
7.72568,42.0198,-4.33021,-5.98192,0.0942534,5438.98,0
7.73223,42.0318,-4.25711,-6.04647,0.0961749,5435.93,0
7.73873,41.9123,-4.28612,-6.10068,0.00621764,5415.92,0
7.74525,41.9566,-4.27963,-6.06214,0.0390527,5417.07,0
7.75176,41.9476,-4.19798,-6.04812,0.0319784,5411.37,0
7.75827,41.9803,-4.22938,-5.89872,0.055151,5411.05,0
7.76477,41.9512,-4.33097,-6.02048,0.0283844,5402.77,0
7.77128,41.9811,-4.31212,-5.96523,0.0497416,5402.08,0
7.77778,41.9847,-4.38031,-6.13688,0.0508489,5398.03,0
7.78428,41.971,-4.40809,-6.14931,0.0387985,5391.77,0
7.79078,42.0988,-4.55559,-6.11761,0.132462,5403.66,0
7.79731,42.3412,-4.61777,-6.20543,0.298819,5430.23,0
7.8038,42.594,-4.83069,-5.99642,0.459403,5458.11,0
7.8103,42.4406,-4.81428,-6.08086,0.31331,5433.93,0
7.81681,42.4396,-4.74773,-6.10243,0.29279,5429.27,0
7.82324,42.4574,-4.63448,-6.07406,0.285051,5427.09,0
7.82973,42.3066,-4.58691,-6.08251,0.155707,5403.32,0
7.83628,42.5433,-4.60986,-6.21503,0.316191,5429.01,0
7.84281,42.7399,-4.63521,-6.18148,0.429075,5449.57,0
7.84931,42.6477,-4.46184,-5.99999,0.327071,5433.31,0
7.85579,42.7821,-4.42334,-6.10732,0.400274,5445.93,0
7.86227,42.9343,-4.26909,-5.90092,0.458294,5460.8,0
7.86877,42.8105,-4.02827,-5.94624,0.33045,5440.55,0
7.87527,42.9622,-3.96882,-6.11017,0.414127,5455.34,0
7.88182,42.8871,-4.15958,-6.62836,0.324263,5441.27,0
7.88834,42.9748,-4.07637,-6.41885,0.360791,5447.89,0
7.89486,43.0455,-3.9368,-6.20749,0.37508,5452.35,0
7.9013,43.1367,-3.86576,-6.36708,0.409438,5459.44,0
7.90779,43.3486,-3.92571,-6.54376,0.530564,5481.77,0
7.91427,43.4591,-3.82199,-6.44289,0.561152,5491.23,0
7.92079,43.5978,-3.80637,-6.60222,0.606256,5504.22,0
7.92733,43.956,-3.77637,-6.50939,0.803074,5544.87,0
7.93382,43.7324,-4.02851,-6.20443,0.560921,5512.15,0
7.94032,43.7374,-3.95738,-6.28726,0.519303,5508.26,0
7.94685,43.9056,-4.04048,-6.41943,0.588264,5524.9,0
7.95329,43.818,-4.17456,-6.13832,0.473609,5509.41,0
7.95979,44.1172,-3.92718,-6.07304,0.644099,5542.51,0
7.96625,44.3286,-3.91002,-6.20615,0.727285,5564.56,0
7.97275,44.4452,-3.81257,-6.16104,0.74518,5574.63,0
7.97926,44.3443,-4.17798,-6.45845,0.592688,5557.44,0
7.98577,44.3558,-4.30972,-6.38853,0.536031,5554.36,0
7.9923,44.4583,-4.52426,-6.44206,0.560284,5562.64,0
7.9988,44.3289,-4.75921,-6.2298,0.409832,5541.94,0
8.00528,44.5236,-4.61259,-6.07296,0.509097,5561.79,0
8.01175,44.5664,-4.56196,-5.99012,0.499624,5562.63,0
8.01822,44.0347,-4.50665,-5.78154,0.0813293,5491.83,0
8.02477,44.2298,-4.65698,-6.03953,0.221424,5511.66,0
8.03132,44.3627,-4.70912,-5.93609,0.309395,5523.71,0
8.03786,44.2884,-4.70487,-5.90335,0.226494,5509.97,0
8.0444,44.2161,-5.06807,-5.5795,0.163077,5496.51,0
8.05086,44.2772,-5.16575,-5.73012,0.19881,5499.69,0
8.05734,44.3555,-5.34233,-5.50062,0.240395,5504.99,0
8.06384,44.2114,-5.3377,-5.23128,0.126211,5482.67,0
8.07037,44.0758,-5.23566,-5.37936,0.0216026,5461.43,0
8.07686,44.1292,-5.21445,-5.53936,0.0610054,5463.66,0
8.08339,44.1457,-5.26119,-5.48781,0.0724891,5461.28,0
8.08989,44.2569,-5.43179,-5.54895,0.150378,5470.64,0
8.09643,44.2337,-5.34649,-5.3793,0.128007,5463.36,0
8.1029,44.2644,-5.25508,-5.35031,0.141071,5462.79,0
8.10941,44.1581,-5.28979,-5.31193,0.0597737,5445.29,0
8.11594,44.2582,-5.29561,-5.42309,0.128595,5453.24,0
8.12238,44.3252,-5.2185,-5.14242,0.170698,5457.17,0
8.12889,44.3941,-5.05179,-4.90011,0.209587,5461.27,0
8.1354,44.4541,-4.89589,-5.00603,0.242427,5464.28,0
8.1419,44.4681,-5.10318,-5.14119,0.238399,5461.64,0
8.14842,44.5886,-5.23358,-5.16247,0.312989,5472.06,0
8.15494,44.6603,-5.39776,-5.14511,0.34109,5476.47,0
8.16147,45.0879,-5.14725,-5.06479,0.620574,5524.49,0
8.168,45.6393,-5.12457,-5.033,0.945088,5587.56,0
8.17451,45.507,-5.16444,-5.3145,0.740643,5566.94,0
8.18105,45.254,-5.31304,-5.11556,0.494081,5531.57,0
8.18755,45.4738,-5.4781,-4.91618,0.594087,5554.01,0
8.1941,45.4966,-5.44142,-4.88023,0.549503,5552.36,0
8.20065,45.4649,-5.39583,-4.61156,0.480462,5544.07,0
8.20717,45.4303,-5.31509,-4.70555,0.421772,5535.44,0
8.21367,45.346,-5.19075,-4.49433,0.335159,5520.8,0
8.22018,45.2099,-5.13091,-4.5679,0.21288,5499.86,0
8.2267,45.2411,-5.1165,-4.45434,0.224807,5499.3,0
8.23325,45.1916,-5.19985,-4.49685,0.176747,5488.91,0
8.23972,45.0953,-5.37317,-4.76685,0.0985062,5472.91,0
8.24624,45.0111,-5.3948,-4.66118,0.0335546,5458.37,0
8.25279,44.9768,-5.49654,-4.75115,0.00652905,5449.89,0
8.25934,45.1902,-5.2689,-4.62313,0.162043,5471.4,0
8.26584,45.192,-5.63147,-4.67979,0.150632,5467.33,0
8.27236,45.3808,-5.6713,-4.70927,0.276521,5485.83,0
8.27886,45.2214,-5.647,-4.52251,0.147221,5462.27,0
8.28539,45.4237,-5.64298,-4.38165,0.287856,5482.38,0
8.29192,45.5916,-5.4627,-4.3505,0.380676,5498.32,0
8.29841,45.5909,-5.37343,-4.21048,0.351507,5493.94,0
8.30488,45.7613,-5.36059,-4.01023,0.444186,5510.17,0
8.31138,45.787,-5.51706,-3.92886,0.420111,5508.95,0
8.31788,45.7116,-5.71047,-3.79881,0.336986,5495.58,0
8.32439,45.9784,-5.77299,-3.7882,0.491076,5523.34,0
8.33091,45.9996,-5.8395,-3.55809,0.460308,5521.56,0
8.33742,46.2698,-5.54317,-3.52862,0.603572,5549.66,0
8.34394,45.9675,-5.7253,-3.49516,0.339954,5509.09,0
8.35045,45.7482,-5.53292,-3.53682,0.157074,5478.53,0
8.35696,45.8876,-5.63495,-3.56632,0.252935,5490.95,0
8.36345,45.8629,-5.78653,-3.74229,0.220151,5483.73,0
8.36991,45.8395,-5.79147,-3.77044,0.190492,5476.7,0
8.37648,45.8451,-5.73605,-3.70968,0.180949,5473.08,0
8.38302,45.8277,-5.89646,-3.6968,0.152374,5466.73,0
8.38951,45.9227,-5.91601,-3.65884,0.217368,5473.83,0
8.396,45.9271,-6.12622,-3.61633,0.208427,5470.11,0
8.40251,45.7382,-6.00058,-3.81025,0.0612555,5443.4,0
8.40904,45.7257,-5.87466,-3.76921,0.0494229,5437.68,0
8.41554,45.669,-5.93997,-3.64561,0.00487691,5426.74,0
8.42203,45.7017,-5.85598,-3.59723,0.028584,5426.45,0
8.42855,45.8096,-5.8128,-3.58276,0.107371,5435.05,0
8.43506,45.7163,-5.99893,-3.6895,0.0340343,5419.8,0
8.44154,45.777,-5.97196,-3.76545,0.0786644,5422.83,0
8.44803,46.0239,-5.99017,-3.77275,0.252901,5447.88,0
8.45456,46.166,-6.10949,-3.89362,0.338857,5460.48,0
8.46103,46.5139,-6.32674,-3.81034,0.568337,5497.43,0
8.46756,46.472,-6.56948,-3.80933,0.483581,5488.24,0
8.47411,46.4278,-6.29108,-3.78934,0.41328,5478.78,0
8.48061,46.4341,-6.24438,-3.84615,0.389339,5475.32,0
8.4871,46.6006,-6.50902,-3.73037,0.471718,5490.75,0
8.49357,46.4667,-6.46447,-3.66368,0.342964,5470.81,0
8.50007,46.3122,-6.4056,-3.67337,0.208544,5448.45,0
8.50658,46.2914,-6.50852,-3.47926,0.180697,5441.83,0
8.51311,46.5219,-6.63899,-3.33081,0.331799,5464.73,0
8.51964,46.7522,-6.26628,-3.50326,0.469103,5487.58,0
8.52615,46.788,-6.10996,-3.19157,0.446079,5487.59,0
8.53267,46.8173,-5.94348,-3.4626,0.429918,5486.84,0
8.53921,46.7926,-5.83967,-3.54056,0.377243,5479.74,0
8.5457,46.6786,-5.80649,-3.36262,0.275062,5462.23,0
8.55221,46.9411,-5.90536,-3.32545,0.446694,5488.77,0
8.55875,46.8299,-5.72032,-3.385,0.335992,5471.59,0
8.56526,47.3371,-5.60771,-3.6838,0.672532,5526.64,0
8.57175,47.1013,-5.81481,-3.57587,0.437501,5494.95,0
8.57827,47.1246,-5.94609,-3.39913,0.421589,5493.48,0
8.58474,46.6983,-6.14312,-3.43081,0.085753,5439.68,0
8.59124,46.8855,-6.14129,-3.34456,0.220093,5457.36,0
8.59777,46.9938,-6.34087,-3.10769,0.27783,5465.81,0
8.60424,47.188,-6.35358,-3.25028,0.396672,5484.27,0
8.61072,47.1106,-6.07626,-3.45844,0.313694,5471.16,0
8.61729,47.0994,-6.22433,-3.47904,0.278946,5465.68,0
8.62385,47.2555,-6.3614,-3.81942,0.37524,5479.62,0
8.63038,47.1563,-6.42378,-3.48324,0.270285,5463.99,0
8.63689,47.074,-6.53017,-3.36927,0.200703,5450.34,0
8.64336,47.3072,-6.76904,-3.19954,0.356752,5473.24,0
8.64987,47.1958,-6.82369,-2.99065,0.247241,5456.25,0
8.65636,47.104,-6.72884,-3.04969,0.167087,5441.55,0
8.66285,47.3787,-6.37942,-3.14248,0.349397,5469.18,0
8.66936,47.7296,-6.41719,-3.07119,0.577825,5505.56,0
8.67584,47.8913,-6.53597,-3.06933,0.644122,5520.07,0
8.68234,47.9483,-6.61846,-2.849,0.627025,5522.5,0
8.68888,48.0486,-6.26417,-3.10545,0.639164,5529.9,0
8.69537,47.8512,-6.58765,-3.56766,0.444631,5503.07,0
8.70195,48.1771,-6.51996,-4.01136,0.629753,5536.36,0
8.70848,48.1115,-6.67793,-3.98586,0.523325,5524.67,0
8.71497,47.8281,-6.72059,-4.07431,0.279581,5488.04,0
8.72147,47.547,-6.66926,-4.08709,0.0585586,5451.72,0
8.72798,47.5795,-6.62201,-4.15617,0.0782067,5451.38,0
8.73446,47.5276,-6.53219,-4.10517,0.037821,5441.39,0
8.74093,47.6881,-6.44408,-4.11564,0.156354,5455.72,0
8.74744,47.8004,-6.41538,-4.12741,0.231148,5464.5,0
8.75396,47.6788,-6.32208,-3.83938,0.133181,5446.54,0
8.76047,47.6434,-6.19353,-3.89456,0.0959995,5438.46,0
8.76702,47.606,-6.215,-3.83745,0.0640079,5430.12,0
8.77348,47.5778,-6.14235,-3.93127,0.0410681,5422.91,0
8.77999,47.6894,-6.27965,-3.73711,0.120345,5431.6,0
8.78644,47.8849,-6.13344,-3.88706,0.257373,5449.86,0
8.79292,48.2955,-6.06954,-3.93568,0.532742,5492.54,0
8.7994,48.3443,-6.40237,-3.89849,0.518893,5494.05,0
8.80593,48.3389,-6.3671,-3.71844,0.464035,5489.36,0
8.81242,48.3815,-6.06339,-4.00652,0.4563,5490.15,0
8.81893,47.8722,-5.85467,-3.69853,0.0575128,5428.35,0
8.82544,47.9931,-6.07498,-3.67126,0.142978,5438.04,0
8.83198,48.202,-6.16262,-3.90642,0.285221,5457.66,0
8.83848,48.211,-6.125,-3.8149,0.27406,5454.68,0
8.84501,48.3679,-6.14959,-3.75607,0.36681,5468.38,0
8.85151,48.3301,-6.27886,-4.01193,0.312147,5460.1,0
8.85804,48.3789,-6.52742,-3.915,0.326305,5461.58,0
8.86453,48.675,-6.87519,-3.82502,0.512715,5490.98,0
8.87105,48.8441,-7.04702,-3.87223,0.589997,5506.01,0
8.87759,48.7842,-6.92332,-3.94728,0.49073,5495.2,0
8.88406,48.7858,-6.83524,-3.7905,0.445685,5491.39,0
8.89054,48.746,-6.95634,-3.9766,0.388174,5482.91,0
8.89704,48.8533,-7.26629,-4.03374,0.433912,5490.96,0
8.90355,48.8827,-7.16985,-4.25419,0.422449,5490.26,0
8.91008,49.1451,-7.08084,-4.55663,0.568293,5515.67,0
8.91655,49.1913,-7.17548,-4.58399,0.561927,5516.85,0
8.92306,48.9097,-7.21225,-4.38787,0.312992,5481.27,0
8.92958,48.9353,-6.86751,-4.22175,0.300334,5480.13,0
8.93612,48.695,-6.89198,-4.08761,0.112504,5449.23,0
8.94261,48.6847,-6.86491,-4.12935,0.0996222,5444.13,0
8.94913,48.645,-6.92714,-4.12682,0.0678192,5435.72,0
8.95562,48.6075,-6.94514,-4.2851,0.0389693,5427.6,0
8.96214,48.5841,-6.95077,-4.2859,0.021118,5421.04,0
8.96866,48.5841,-6.94013,-4.161,0.020498,5417.09,0
8.97518,48.6156,-7.03506,-3.93181,0.042471,5416.67,0
8.98169,48.6843,-6.85344,-3.93894,0.0907748,5420.4,0
8.98819,48.7399,-6.8715,-3.84042,0.127595,5422.66,0
8.9947,48.6667,-6.74233,-3.73045,0.0694661,5410.59,0
9.00123,48.7904,-6.87688,-3.77077,0.155561,5420.41,0
9.00776,48.8342,-6.75654,-3.6935,0.179071,5421.35,0
9.01429,48.8462,-6.63626,-3.48288,0.176135,5418.75,0
9.02078,49.253,-6.75497,-3.61164,0.455207,5459.94,0
9.02726,49.2267,-6.67737,-3.66655,0.396959,5453.12,0
9.03376,49.2589,-6.21762,-3.69229,0.391271,5452.76,0
9.04031,49.467,-6.42112,-3.52602,0.507481,5471.82,0
9.04682,48.9801,-6.25661,-3.43661,0.118583,5414.06,0
9.05335,49.1592,-6.37214,-3.38014,0.240928,5429.95,0
9.05985,49.3156,-6.68993,-3.37922,0.34031,5443.32,0
9.06636,49.2415,-6.70701,-3.68595,0.263543,5431.23,0
9.07282,49.228,-6.81165,-3.61132,0.232627,5425.87,0
9.07935,49.3804,-6.85877,-3.5572,0.319325,5438.76,0
9.08585,49.6167,-6.56832,-3.43005,0.468126,5460.88,0
9.09242,49.7866,-6.81206,-3.61936,0.548095,5475.61,0
9.09892,49.7426,-6.71044,-3.61631,0.471114,5466.87,0
9.10542,49.8511,-6.87818,-3.65666,0.504346,5474.89,0
9.11191,49.7035,-6.96222,-3.76762,0.36398,5454.78,0
9.11843,49.5533,-6.97934,-3.85797,0.233346,5434.41,0
9.12495,49.4548,-7.10569,-3.78868,0.147209,5419.73,0
9.13147,49.4332,-7.09621,-3.83427,0.12173,5413.5,0
9.13801,49.4558,-7.08039,-3.63995,0.130698,5412.1,0
9.14449,49.6263,-7.21976,-3.58651,0.248602,5426.91,0
9.15102,50.1019,-7.4119,-3.37887,0.57125,5475,0
9.15752,50.0603,-7.49968,-3.38582,0.493089,5466.58,0
9.16403,49.9616,-7.78883,-3.63726,0.385458,5451.92,0
9.17055,50.0958,-7.42366,-3.54054,0.448875,5462.68,0
9.17707,49.9995,-7.37438,-3.67813,0.345757,5448.31,0
9.18354,50.1387,-7.4981,-3.63021,0.415999,5459.62,0
9.19004,50.2379,-7.53105,-3.61873,0.448692,5466.56,0
9.19655,50.2615,-7.53025,-3.62014,0.429519,5465.26,0
9.20308,50.0606,-7.40998,-3.56874,0.257023,5439.55,0
9.2096,49.895,-7.25941,-3.5294,0.12181,5417.71,0
9.21605,49.8469,-7.21788,-3.55676,0.0811797,5408.7,0
9.22258,49.984,-7.16064,-3.46584,0.180278,5419.74,0
9.22907,49.9617,-6.9248,-3.58885,0.152276,5413.51,0
9.2356,49.9443,-7.20684,-3.5147,0.130963,5407.81,0
9.24216,50.0905,-7.15873,-3.6753,0.230124,5419.78,0
9.24869,49.924,-7.11093,-3.80539,0.0939066,5397.95,0
9.25519,49.9764,-7.05058,-3.7058,0.129432,5399.82,0
9.26174,50.099,-7.1483,-3.34921,0.209201,5409.24,0
9.26825,50.0232,-6.91393,-3.2384,0.140624,5397.26,0
9.27474,50.2648,-7.05955,-3.18259,0.304199,5419.54,0
9.28124,50.4296,-7.15358,-3.32917,0.397208,5433.5,0
9.28772,50.4882,-7.34195,-3.3607,0.407597,5436.02,0
9.29423,50.4108,-7.43148,-3.62682,0.317271,5423.88,0
9.30072,50.4368,-7.68984,-3.8049,0.313563,5422.89,0
9.30723,50.6374,-7.52049,-3.77382,0.435824,5440.65,0
9.31374,50.4957,-7.47202,-4.05175,0.297208,5421.64,0
9.32031,50.1912,-7.5148,-4.0383,0.059843,5385.14,0
9.32679,50.3597,-7.47396,-4.01155,0.179445,5399.46,0
9.33331,50.3542,-7.28877,-3.98289,0.159841,5395.11,0
9.33979,50.2285,-6.98411,-4.06738,0.0577288,5377.9,0
9.3463,50.2692,-7.05879,-4.05028,0.0870707,5378.51,0
9.35275,50.4426,-7.00102,-4.15439,0.203763,5393.34,0
9.35926,50.5536,-6.87633,-4.16111,0.262411,5401.45,0
9.36575,50.41,-6.85437,-4.21319,0.144746,5382.38,0
9.37226,50.4556,-6.92203,-4.1841,0.1701,5383.51,0
9.3788,50.511,-7.04895,-4.06877,0.202047,5385.66,0
9.3853,50.5292,-6.94199,-4.09043,0.202109,5383.87,0
9.39181,50.3882,-6.65755,-4.1227,0.0888248,5365.12,0
9.39831,50.4253,-6.55794,-4.29779,0.11433,5365.36,0
9.40483,50.6489,-6.61449,-4.24661,0.270749,5385.42,0
9.41138,50.5921,-6.62653,-4.23246,0.21734,5375.63,0
9.41789,50.9219,-6.29542,-4.02489,0.441223,5406.93,0
9.42441,50.954,-6.48358,-3.91548,0.426468,5406.6,0
9.43091,50.6247,-6.50914,-3.60435,0.162384,5367.96,0
9.43741,50.5451,-6.43553,-3.5892,0.0952331,5355.82,0
9.44395,50.5604,-6.41611,-3.35065,0.101574,5353.73,0
9.45045,50.5602,-6.38214,-3.38938,0.098687,5350.03,0
9.45694,50.5495,-6.31165,-3.24503,0.0873519,5345.23,0
9.46342,50.4596,-6.416,-3.11227,0.0184215,5332.07,0
9.46992,50.5722,-6.56848,-3.05335,0.100953,5340.3,0
9.47644,50.634,-6.35895,-3.05804,0.141299,5343.14,0
9.48291,50.5842,-6.60424,-3.23616,0.097977,5334.26,0
9.48941,50.7049,-6.50481,-3.25585,0.183721,5343.31,0
9.49592,50.676,-6.45554,-3.32995,0.154239,5336.6,0
9.50239,50.7538,-6.67805,-3.29227,0.204199,5341.17,0
9.50889,50.5705,-6.97585,-3.13123,0.0618196,5318.23,0
9.5154,50.683,-6.98346,-3.11001,0.142717,5326.41,0
9.52188,50.6688,-7.09491,-3.13532,0.128462,5321.3,0
9.52838,50.6885,-7.05828,-3.23494,0.136528,5319.74,0
9.53491,50.764,-7.28396,-3.68841,0.184684,5324.02,0
9.54142,50.9393,-7.48,-3.98043,0.298108,5338.76,0
9.54789,51.1361,-7.73299,-4.03363,0.414365,5355.75,0
9.55438,51.1186,-7.49816,-4.30883,0.36608,5350.27,0
9.5609,51.018,-7.34503,-4.07645,0.268932,5336.11,0
9.56744,51.1749,-7.43999,-3.92416,0.363377,5348.86,0
9.57396,51.1244,-7.33713,-4.08501,0.300201,5339.94,0
9.58046,51.4913,-7.27623,-4.35016,0.540471,5374.62,0
9.58696,51.3872,-7.13685,-4.36197,0.420653,5360.11,0
9.59347,51.4772,-7.20343,-4.53245,0.453382,5365.86,0
9.59991,51.652,-6.99014,-4.29162,0.54138,5380.47,0
9.6064,51.6869,-7.0451,-4.58098,0.52021,5380.47,0
9.61296,51.7491,-7.23503,-4.52747,0.524459,5383.26,0
9.6195,51.9968,-7.19528,-4.2835,0.643968,5405.35,0
9.62601,52.1669,-7.49771,-4.52997,0.688147,5419.36,0
9.63252,52.4566,-7.52073,-4.88698,0.820982,5445.78,0
9.63902,52.5489,-7.2454,-4.83089,0.800428,5451.68,0
9.64551,52.533,-7.00269,-4.56809,0.70235,5446.37,0
9.652,52.4704,-7.16376,-4.68552,0.576639,5436.22,0
9.65851,52.0782,-7.02089,-4.52751,0.241547,5391.95,0
9.66502,52.1523,-7.07252,-4.38012,0.281397,5395.99,0
9.67151,52.1543,-6.93852,-4.49047,0.260608,5392.58,0
9.67805,52.146,-6.76066,-4.40601,0.235639,5388.07,0
9.6846,52.0963,-6.76291,-4.51086,0.181042,5379.3,0
9.69109,52.2382,-6.70002,-4.63251,0.271472,5390.33,0
9.6976,52.1313,-6.48489,-4.59717,0.177058,5375.69,0
9.7041,52.1873,-6.36448,-4.55625,0.203848,5377.85,0
9.71062,52.2678,-6.43795,-4.49808,0.252339,5382.54,0
9.71705,52.2271,-6.16751,-4.62716,0.208414,5374.79,0
9.72358,52.2547,-5.95278,-4.58236,0.215354,5374.02,0
9.73006,52.5037,-6.03259,-4.66199,0.383049,5396.03,0
9.73659,52.3754,-5.7657,-4.56231,0.261033,5379.23,0
9.74307,52.3793,-5.75663,-4.5216,0.246366,5376.06,0
9.74961,52.312,-5.83703,-4.4679,0.185388,5365.55,0
9.75612,52.3548,-5.81012,-4.47311,0.208403,5366.35,0
9.76263,52.442,-5.77807,-4.70375,0.259984,5371.71,0
9.76909,52.5442,-5.49053,-4.59867,0.31878,5378.62,0
9.77558,52.923,-5.62551,-4.59146,0.55803,5413.79,0
9.78204,53.1561,-5.36139,-4.78126,0.676616,5434.05,0
9.78856,53.2902,-5.16646,-4.82187,0.696104,5444.13,0
9.79508,53.4278,-5.35662,-5.31485,0.730614,5454.56,0
9.80158,53.3847,-5.42512,-5.32303,0.623758,5446.54,0
9.80811,53.1831,-5.76466,-5.08059,0.419848,5422.36,0
9.81465,53.1236,-5.69901,-5.00728,0.343263,5412.69,0
9.82112,53.2459,-5.76835,-5.04482,0.404085,5421.57,0
9.82762,53.3276,-5.97037,-5.17057,0.429932,5426.3,0
9.83411,53.1961,-6.10646,-5.21049,0.303274,5409.34,0
9.84063,53.1273,-6.41807,-5.2063,0.231878,5398.77,0
9.84713,53.1085,-6.52307,-5.07664,0.205996,5393.3,0
9.8536,53.1584,-6.31584,-5.05957,0.226535,5394.82,0
9.86011,53.5951,-6.40996,-4.72091,0.527009,5435.55,0
9.86658,53.7188,-6.6973,-4.64362,0.569221,5444.52,0
9.87314,53.6336,-6.7554,-4.57807,0.454845,5432.28,0
9.87971,53.5782,-6.62455,-4.89834,0.382266,5423.05,0
9.8862,53.4593,-6.70933,-4.86999,0.272058,5407.46,0
9.89268,53.4017,-7.03634,-4.71464,0.21504,5398.11,0
9.89918,53.5824,-7.32407,-4.76942,0.326434,5412.81,0
9.90569,53.94,-7.34506,-4.65043,0.560334,5445.36,0
9.91221,54.0419,-7.06533,-4.69091,0.583141,5452.06,0
9.91872,54.361,-7.33003,-4.48879,0.750364,5480.65,0
9.92526,54.2988,-7.76773,-4.48589,0.632792,5470.77,0
9.93174,54.512,-7.56457,-4.37523,0.719643,5488.67,0
9.93825,54.3627,-7.49593,-4.33547,0.543426,5470.05,0
9.94478,54.4383,-7.56446,-4.36071,0.545432,5474.06,0
9.95126,54.3486,-7.72058,-4.57996,0.435098,5461.48,0
9.95779,54.2012,-7.50018,-4.52585,0.30105,5443.09,0
9.9643,54.367,-7.49449,-4.48911,0.407894,5456.18,0
9.97083,54.096,-7.27668,-4.6156,0.18168,5425.42,0
9.97736,53.9342,-7.15706,-4.69317,0.0559891,5405.66,0
9.9839,53.9851,-7.18742,-4.44312,0.0910162,5407.21,0
9.99042,53.9393,-7.27617,-4.49082,0.0544132,5399.11,0
9.99691,53.9729,-7.18031,-4.42798,0.0762202,5398.95,0
10,54.0785,-7.02973,-4.35546,0.152739,5407.85,0
