0.006496,0.174953,-0.00128325,0.0631778,0.129273,26932.5,0
0.0129788,0.15981,0.0445915,0.0636974,0.112272,12313.2,0
0.0194969,0.624902,0.307393,0.152176,0.44427,32051.4,0
0.0259933,0.338258,0.506116,0.302972,0.205624,13013.3,0
0.0325241,0.672063,0.635246,0.0885801,0.434312,20663.5,0
0.0390669,0.649018,0.709154,0.0386025,0.386948,16613,0
0.0455814,0.743158,0.71607,0.221972,0.415758,16304,0
0.0521462,0.694943,0.565686,0.416709,0.358299,13326.8,0
0.058627,0.753751,0.5404,0.165006,0.371551,12856.7,0
0.0651484,0.615131,0.708296,0.263001,0.245549,9442,0
0.0716449,0.667884,0.77523,0.295768,0.26987,9322.15,0
0.0781876,0.73702,0.863762,0.243699,0.296888,9426.31,0
0.0846825,0.817855,0.716279,0.0658707,0.337037,9657.9,0
0.0911675,1.1372,0.869456,0.197659,0.541023,12473.7,0
0.0977018,1.09296,1.05344,0.0685645,0.459776,11186.7,0
0.104224,1.23682,1.08537,0.317709,0.521356,11867,0
0.110701,1.5732,1.45923,0.142015,0.706701,14211.2,0
0.117252,1.57851,1.46533,0.173215,0.635342,13462.5,0
0.123795,1.44525,1.6425,0.0459846,0.479418,11674.6,0
0.130287,1.34337,1.77543,0.0895021,0.367412,10310.9,0
0.136752,1.2756,1.80806,0.0340851,0.293228,9327.83,0
0.143244,1.03046,1.66907,-0.22611,0.103361,7193.75,0
0.149733,1.28894,1.63252,-0.160101,0.286697,8608.31,0
0.156236,1.27202,1.56151,-0.13943,0.256791,8141.63,0
0.162732,1.42055,1.78451,-0.0230811,0.345886,8729.39,0
0.169207,1.3976,1.7899,0.0251987,0.302529,8259.67,0
0.175735,1.14969,1.87712,-0.0310431,0.106857,6542.16,0
0.182276,1.29753,1.8878,0.423207,0.208206,7118.51,0
0.188821,1.36323,1.91001,0.342848,0.246555,7219.68,0
0.195317,1.44907,1.87761,0.622056,0.291284,7419.05,0
0.201832,1.52589,1.57308,0.547836,0.327246,7560.21,0
0.208311,1.48393,1.65738,0.36777,0.275324,7123.6,0
0.214805,1.50939,1.63346,0.569678,0.277173,7026.79,0
0.221326,1.72656,1.73172,0.590373,0.417076,7801,0
0.227814,2.083,1.93893,0.471037,0.631272,9143.41,0
0.23433,2.0707,2.02773,0.270269,0.56159,8836.68,0
0.240827,2.47445,2.36119,0.0440665,0.787832,10274.8,0
0.247347,2.31948,2.64699,0.00842839,0.595882,9377.43,0
0.253857,2.31228,2.82971,-0.0207042,0.529899,9108.58,0
0.260357,2.54754,2.84378,-0.109915,0.645236,9784.79,0
0.266816,2.59531,2.85274,-0.266562,0.628645,9726.98,0
0.273311,2.90402,2.90906,0.000431625,0.774724,10625.4,0
0.279831,2.71643,3.01505,0.351006,0.566244,9707.42,0
0.286367,2.81793,2.94936,0.556751,0.592914,9840.28,0
0.292881,2.51295,3.09314,0.772953,0.33065,8580.12,0
0.299379,2.59616,3.02785,0.573374,0.372681,8671.83,0
0.305885,2.62622,2.93594,0.275284,0.366028,8585.64,0
0.312398,2.59972,2.91697,0.212297,0.31662,8321.81,0
0.31888,2.60845,2.93715,0.0204525,0.301328,8180.04,0
0.325365,2.36117,2.81096,0.283453,0.105119,7256.99,0
0.33194,2.30683,2.68701,0.279628,0.06225,6949.53,0
0.338473,2.35063,2.5525,0.108213,0.0905431,6944.82,0
0.345026,2.34433,2.53016,0.215931,0.0827819,6794.65,0
0.351535,2.34873,2.4113,0.0538359,0.0830296,6681.37,0
0.358023,2.3861,2.48014,0.0764937,0.106712,6664.66,0
0.364487,2.48368,2.65167,0.389672,0.1743,6814.18,0
0.370959,2.44243,2.72062,0.439736,0.134803,6584.09,0
0.377501,2.69369,2.66231,0.600442,0.307044,7135.6,0
0.384053,2.88276,2.51266,0.605178,0.413353,7506.15,0
0.390596,2.69052,2.76278,0.801935,0.24857,6888.24,0
0.397076,2.73486,2.74856,0.65155,0.268489,6887.49,0
0.403603,2.75346,2.79417,0.886621,0.265782,6822.2,0
0.410139,2.93095,2.67368,0.763478,0.376614,7146.24,0
0.41664,2.91717,2.84241,0.662699,0.340403,7001.67,0
0.423163,2.94429,2.65862,0.780166,0.337065,6957.81,0
0.429744,3.00787,2.62496,0.605342,0.359847,6999.21,0
0.436271,2.93942,2.35008,0.64389,0.280936,6737.61,0
0.44277,2.78974,2.57409,0.760106,0.157823,6300.66,0
0.449266,2.97654,2.75558,0.459776,0.281957,6625.34,0
0.45574,3.09503,2.54345,0.512177,0.346923,6791.21,0
0.46222,3.09223,2.50044,0.762566,0.321312,6689.95,0
0.468765,3.12198,2.58617,0.801451,0.321879,6660.01,0
0.47525,3.46009,2.40133,0.568844,0.542685,7280.57,0
0.481725,3.56081,2.10682,0.221031,0.564956,7391.79,0
0.488206,3.67702,2.0795,0.409319,0.590055,7531.71,0
0.494734,3.96012,2.08442,0.046856,0.726349,8004.54,0
0.501259,3.68064,2.30252,0.137566,0.462157,7342.79,0
0.507756,3.62367,2.23889,0.0121832,0.388805,7136.64,0
0.51428,3.32373,2.15434,0.00983204,0.146071,6462.88,0
0.520754,3.24014,1.80295,-0.134215,0.0760184,6222.02,0
0.527283,3.224,1.82625,-0.117401,0.0622838,6114.37,0
0.533771,3.46262,1.7234,-0.228733,0.230339,6487.1,0
0.540278,3.47904,1.95879,-0.0150608,0.228299,6439.36,0
0.546836,3.56735,1.9751,-0.0701864,0.277763,6523.62,0
0.553359,3.3849,1.92458,-0.0389889,0.13383,6117,0
0.559858,3.49784,1.72828,-0.10633,0.21107,6247.73,0
0.566326,3.45183,1.74451,-0.090265,0.165134,6095.13,0
0.572817,3.39698,1.85165,0.054607,0.118957,5930.32,0
0.579317,3.51338,1.59685,0.0539178,0.19924,6064.69,0
0.585857,3.44264,1.69877,0.0292145,0.13921,5876.25,0
0.592342,3.62802,1.52608,0.0332084,0.263852,6124.87,0
0.598859,3.62577,1.76751,0.0730913,0.245232,6054.47,0
0.605356,3.61718,1.68824,-0.178114,0.226682,5975.3,0
0.611856,3.72243,1.81835,-0.197294,0.290446,6083.83,0
0.618334,3.65313,1.90668,-0.322747,0.224878,5908.02,0
0.624853,3.56648,1.49642,-0.330538,0.146244,5707.71,0
0.631324,3.56951,1.65429,-0.488727,0.142806,5654,0
0.637847,3.52497,1.53926,-0.433558,0.100479,5526.35,0
0.644378,3.50874,1.4189,-0.290439,0.0836752,5445.16,0
0.650869,3.53767,1.48193,-0.440418,0.101631,5435.29,0
0.657342,3.46939,1.39679,-0.2549,0.0487501,5277.9,0
0.663883,3.46989,1.30919,-0.224133,0.0477961,5226.66,0
0.670403,3.61675,1.26869,-0.107085,0.151357,5394.89,0
0.676907,3.6548,1.0465,-0.0929911,0.170706,5399.27,0
0.683416,3.61241,0.938005,-0.174599,0.13076,5285.81,0
0.689938,3.53172,1.168,-0.163379,0.0645017,5118.89,0
0.696428,3.51756,0.960637,-0.150729,0.0519599,5050.87,0
0.702941,3.64844,1.05261,-0.197813,0.145414,5190.24,0
0.709421,3.56768,1.04052,-0.168377,0.0803175,5029,0
0.715896,3.67573,0.965721,-0.230647,0.155694,5134.45,0
0.722439,3.84941,0.906586,-0.270565,0.273499,5328.36,0
0.72894,3.95604,0.731509,-0.0543045,0.333392,5427.11,0
0.735454,4.16347,0.648102,-0.326208,0.450912,5661.09,0
0.741973,4.09832,0.500697,-0.474878,0.3737,5523.54,0
0.748477,4.05136,0.724716,-0.570391,0.306179,5412.8,0
0.754996,3.82924,0.560434,-0.683899,0.123229,5071.87,0
0.761497,3.80826,0.474865,-0.629374,0.101833,5001.01,0
0.768019,3.80496,0.352676,-0.434058,0.088869,4954.25,0
0.774505,3.916,0.422263,-0.265861,0.165149,5056.13,0
0.781004,3.81843,0.594368,-0.369666,0.0861462,4889.14,0
0.787499,3.8894,0.636053,-0.326023,0.132894,4938.93,0
0.793959,3.83714,0.488521,-0.236681,0.0894132,4832.92,0
0.800424,4.0363,0.700347,-0.242251,0.222969,5042.7,0
0.806938,4.23631,0.83972,-0.640562,0.354086,5249.86,0
0.8135,4.23212,0.555249,-0.621829,0.324558,5202.35,0
0.820008,4.3537,0.322699,-0.713934,0.388887,5309.34,0
0.826516,4.12939,0.229504,-0.695028,0.202724,4996.14,0
0.833014,4.3492,0.331015,-0.920921,0.34893,5221.04,0
0.839517,4.31513,0.43787,-1.17856,0.294533,5140.01,0
0.846012,4.3008,0.469947,-1.1332,0.266978,5083.62,0
0.852503,4.18219,0.410222,-1.07589,0.166734,4905.77,0
0.859012,4.54433,0.459936,-0.990936,0.415363,5290.18,0
0.865508,4.82959,0.460288,-1.04379,0.582014,5580.06,0
0.87196,4.6442,0.209475,-0.648421,0.405971,5326.16,0
0.878494,4.78499,0.41818,-0.312818,0.47,5446.81,0
0.885062,4.68625,0.710332,-0.215504,0.360358,5294.83,0
0.891547,4.72346,0.526365,-0.436068,0.363379,5298.05,0
0.898063,4.66623,0.589112,-0.435746,0.292138,5195.88,0
0.904567,4.53963,0.720594,-0.692708,0.18387,5018.56,0
0.911078,4.36772,0.806229,-0.999156,0.0490785,4794.01,0
0.917574,4.31385,0.899357,-1.00516,0.00748053,4701.36,0
0.92407,4.38324,0.896219,-1.13191,0.0586475,4743.41,0
0.930559,4.36027,0.964081,-1.22287,0.040236,4685.65,0
0.93705,4.51106,0.971204,-1.26377,0.149789,4814.11,0
0.943555,4.73554,0.877179,-1.30945,0.304634,5018.83,0
0.950086,5.02398,0.688192,-1.66903,0.486737,5287.92,0
0.956577,4.72544,0.781972,-1.88385,0.239192,4939.95,0
0.963054,4.81634,0.881028,-1.85683,0.286394,5001.11,0
0.969611,4.84434,0.785035,-1.70317,0.286683,4996.17,0
0.976128,4.5357,0.928277,-1.89162,0.0471992,4646.63,0
0.982644,4.72577,1.12687,-1.7805,0.183184,4809.24,0
0.989095,4.67547,1.1041,-1.76628,0.140283,4727.02,0
0.995603,4.65111,1.36468,-1.84204,0.114995,4671.65,0
1.00212,4.82343,1.34826,-1.72923,0.235075,4813.24,0
1.00868,4.76965,1.72165,-1.71,0.177226,4728.63,0
1.01518,4.77827,1.55729,-1.65456,0.175694,4706.81,0
1.02171,5.15721,1.52237,-1.65309,0.433574,5047.62,0
1.02826,5.26076,1.4156,-1.40092,0.474916,5116.2,0
1.0348,5.30688,1.5783,-1.28369,0.472196,5128.41,0
1.04132,5.21542,1.79327,-1.29701,0.374145,5008.45,0
1.04785,5.59292,1.71117,-1.56063,0.611947,5337.51,0
1.05436,5.74755,1.37049,-1.48006,0.658889,5451.22,0
1.0609,5.55874,1.45212,-1.5237,0.462878,5239.67,0
1.06739,5.77698,1.21027,-1.9149,0.579157,5412.25,0
1.07391,5.765,1.09246,-1.81238,0.513759,5368.23,0
1.08043,5.92293,1.00371,-1.65589,0.586007,5482.04,0
1.08692,5.73993,0.966142,-1.54826,0.405103,5280.93,0
1.09344,5.73417,0.820387,-1.6123,0.373456,5244.14,0
1.09995,6.0806,0.597701,-1.19538,0.591491,5528.06,0
1.10651,5.93472,0.676688,-1.18617,0.426766,5363.46,0
1.11301,5.83244,0.807374,-1.38462,0.318258,5240.26,0
1.11947,6.00924,0.811691,-1.20425,0.418852,5367.95,0
1.12595,6.1481,0.85188,-1.20935,0.482479,5460.38,0
1.13245,5.89146,1.05327,-1.483,0.259485,5202.4,0
1.13899,6.00954,1.11606,-1.53179,0.335692,5276.22,0
1.14547,6.06946,1.22481,-1.50769,0.353331,5298.69,0
1.15198,6.19079,1.40065,-1.3657,0.417886,5374.04,0
1.15845,6.09245,1.36692,-1.36553,0.316685,5259.14,0
1.16493,6.37537,1.11941,-0.854197,0.489457,5472.74,0
1.17141,6.31851,1.43831,-0.923882,0.407732,5393.92,0
1.17787,6.41652,1.49854,-1.18684,0.439514,5447.56,0
1.18439,6.52567,1.31902,-1.22391,0.48724,5509.73,0
1.19091,6.83107,1.26343,-1.56767,0.655934,5736,0
1.19743,6.66107,1.47233,-1.57543,0.481299,5562.79,0
1.20392,6.49046,1.29538,-1.60719,0.318264,5391.12,0
1.21048,6.58547,1.43897,-1.57409,0.362992,5440.38,0
1.21699,6.58022,1.6976,-1.53714,0.328534,5406.97,0
1.22348,6.60062,1.71125,-1.71342,0.317973,5394.96,0
1.23,6.7792,1.91167,-1.71313,0.425508,5511.55,0
1.23654,6.89788,1.8834,-1.71636,0.480116,5578.36,0
1.24302,7.08107,2.01125,-1.66307,0.570349,5696.65,0
1.24955,6.93113,1.87883,-1.65505,0.406242,5546.89,0
1.25608,6.75204,1.65548,-1.8109,0.247593,5375.51,0
1.2626,6.89507,1.62042,-1.58415,0.332038,5460.99,0
1.26914,7.02328,1.35029,-1.64161,0.394719,5533.89,0
1.27566,6.91186,1.11199,-1.79073,0.285241,5418.25,0
1.28211,6.97612,1.16463,-1.76261,0.313824,5441.14,0
1.2886,6.78012,1.2288,-1.59524,0.153366,5261.61,0
1.29514,6.96129,1.12873,-1.54425,0.280502,5374.92,0
1.30162,7.19294,1.11993,-1.67641,0.427282,5526.13,0
1.30814,6.96223,1.03887,-1.70793,0.226701,5322.23,0
1.31467,6.79146,0.833532,-1.87314,0.0901017,5165.92,0
1.32122,7.00403,0.73202,-1.72303,0.241402,5301.17,0
1.32775,7.02543,0.642387,-1.62947,0.241371,5291.24,0
1.33425,7.26082,0.539812,-1.4808,0.394514,5441.88,0
1.34081,7.42528,0.378814,-1.25072,0.475591,5537.91,0
1.34732,7.6917,0.31826,-1.12402,0.62155,5708.88,0
1.35384,7.93355,0.127634,-1.07949,0.713295,5860.02,0
1.36035,7.8304,0.452523,-1.04275,0.573767,5756.16,0
1.36686,7.83655,0.519038,-1.16423,0.526315,5733.27,0
1.37334,8.14021,0.854824,-1.13572,0.691822,5927.32,0
1.37984,7.91309,0.714763,-0.897194,0.459101,5734.78,0
1.38632,7.77097,0.587156,-0.723783,0.315575,5605.45,0
1.3928,7.80842,0.848469,-0.619079,0.316678,5606.27,0
1.3993,7.8008,0.781978,-0.459725,0.293427,5574.79,0
1.40583,7.64323,0.800837,-0.610361,0.161792,5436.8,0
1.4123,7.79275,0.502875,-0.564162,0.258773,5517.76,0
1.41883,7.75872,0.755456,-0.670049,0.216502,5468.41,0
1.42536,7.9084,0.703126,-0.818759,0.306355,5548.36,0
1.43191,7.865,0.643983,-0.844969,0.256954,5492.67,0
1.43842,8.00227,0.527532,-0.82052,0.331609,5563.23,0
1.44491,8.15417,0.582991,-0.549828,0.415414,5643.39,0
1.45143,8.12757,0.47692,-0.704197,0.37426,5599.71,0
1.45797,8.12928,0.366114,-0.652705,0.347846,5575.76,0
1.46447,7.99826,0.335841,-0.95575,0.231151,5461.54,0
1.47098,7.92553,0.348109,-0.90279,0.165368,5387.93,0
1.47746,7.83666,0.394923,-0.903557,0.0884514,5304.14,0
1.48398,7.98058,0.247073,-1.04371,0.190467,5377.81,0
1.49049,8.07976,0.350634,-1.08404,0.251406,5420.86,0
1.49697,7.93949,0.376511,-1.07939,0.134418,5303.69,0
1.50354,8.09637,0.261008,-1.13809,0.238984,5384.87,0
1.51002,8.20917,0.228785,-1.08654,0.310375,5436.47,0
1.5165,8.40363,0.216729,-1.04704,0.425679,5541.48,0
1.52297,8.48255,-0.27368,-0.853525,0.442503,5569.73,0
1.5295,9.24444,-0.433824,-0.578688,0.932919,6044.1,0
1.53598,9.35374,-0.555832,-0.401195,0.900887,6089.77,0
1.54247,9.40517,-0.433074,-0.44893,0.841349,6097.49,0
1.54893,9.17597,-0.656465,-0.606246,0.586566,5924.06,0
1.5554,9.04304,-0.752953,-0.672596,0.436747,5813.95,0
1.56193,8.86587,-0.512785,-0.83315,0.284834,5676.24,0
1.56844,8.79101,-0.456153,-0.49445,0.21324,5604.94,0
1.57495,8.84387,-0.377148,-0.441905,0.238716,5615.34,0
1.58143,8.95606,-0.312826,-0.640011,0.302626,5663.28,0
1.58795,9.09603,-0.36742,-0.690023,0.378337,5728.17,0
1.59442,9.46029,-0.534019,-0.450939,0.610053,5933.38,0
1.6009,9.13574,-0.408286,-0.253008,0.323229,5706.62,0
1.60739,9.14961,-0.421044,-0.31406,0.313879,5692.23,0
1.61391,9.54574,-0.374079,-0.0251222,0.567043,5914.66,0
1.62044,9.3092,-0.264108,0.402601,0.345701,5744.87,0
1.62695,9.36943,-0.291537,0.401201,0.369069,5758.89,0
1.63341,9.41249,-0.667368,0.299892,0.376073,5762.48,0
1.63993,9.1246,-0.756738,0.299243,0.148022,5564.03,0
1.64639,9.19678,-0.890041,0.311273,0.190751,5586.04,0
1.6529,9.21929,-0.839247,0.129465,0.196536,5577.65,0
1.65942,9.23132,-1.08908,0.128906,0.195083,5562.99,0
1.66593,9.20413,-0.832202,0.0974118,0.161677,5524.93,0
1.67245,9.42179,-0.949585,-0.0231649,0.305993,5633.52,0
1.67893,9.46187,-1.13433,0.0169995,0.318899,5635.64,0
1.68543,9.48412,-0.925029,0.1513,0.312251,5627.11,0
1.69194,9.44935,-0.616239,0.202376,0.264278,5584.91,0
1.69842,9.38165,-0.478713,0.0942387,0.197565,5523.77,0
1.70496,9.40409,-0.583256,0.318743,0.199677,5515.73,0
1.7115,9.45292,-0.485862,0.158536,0.224059,5523.17,0
1.71805,9.556,-0.670213,0.163322,0.287799,5562.12,0
1.72456,9.84232,-0.520795,0.183766,0.475958,5707.14,0
1.7311,9.85074,-0.347399,0.298661,0.442543,5690.45,0
1.73759,9.91262,-0.202212,-0.0702252,0.446945,5704.81,0
1.74412,9.68188,-0.179966,0.0247098,0.250123,5551.16,0
1.75063,9.45949,-0.542778,-0.0442592,0.0738598,5403.47,0
1.75711,9.55029,-0.495733,-0.0421815,0.139209,5435.22,0
1.76359,9.8537,-0.548408,-0.191381,0.352062,5587.29,0
1.77011,9.93427,-0.712903,0.00050011,0.378674,5612.23,0
1.7766,9.76168,-0.751193,0.345526,0.228588,5494.58,0
1.7831,9.71898,-0.758733,0.499086,0.18447,5450.59,0
1.78959,9.85948,-0.716345,0.436575,0.27495,5509.36,0
1.79613,10.0464,-0.5888,0.508012,0.391185,5593.36,0
1.80267,10.0656,-0.848376,0.350217,0.379066,5583.69,0
1.80922,10.0613,-0.803698,0.310317,0.339714,5561.14,0
1.81577,9.93055,-0.534975,0.405722,0.219494,5469.07,0
1.82226,9.98953,-0.732732,0.622551,0.246055,5481.94,0
1.82877,10.0657,-0.751175,0.627494,0.290645,5504.06,0
1.83529,10.2776,-0.670758,0.730025,0.417341,5599.96,0
1.84179,10.4829,-0.953357,0.71064,0.523071,5691.71,0
1.84833,10.4216,-1.19604,0.577312,0.440515,5638.42,0
1.85481,10.3753,-0.752126,0.43398,0.373696,5593.75,0
1.86133,10.6549,-0.753972,0.513672,0.546886,5724.34,0
1.86785,11.095,-1.12362,0.971281,0.805828,5939.98,0
1.87433,11.1631,-0.886812,0.824586,0.759939,5955.79,0
1.88081,11.1875,-0.780982,1.0287,0.692788,5948.2,0
1.88733,11.1363,-0.81695,0.843867,0.597519,5900.54,0
1.89385,10.9937,-0.581101,0.819422,0.436584,5804.94,0
1.90041,11.1506,-0.690848,0.811518,0.511051,5867.47,0
1.9069,11.1564,-0.791709,0.492504,0.475427,5850.55,0
1.91337,11.2094,-0.838753,0.428471,0.476293,5858.49,0
1.9199,11.246,-0.558901,0.577975,0.46382,5857.56,0
1.92643,11.2766,-0.35587,0.566895,0.452623,5853.59,0
1.93295,11.6874,-0.180093,0.653669,0.703018,6046.43,0
1.93944,11.8722,-0.230141,0.323536,0.762405,6121.43,0
1.94596,11.8648,-0.228936,0.456976,0.693839,6097.14,0
1.95244,11.9503,-0.35616,0.675638,0.68893,6120.73,0
1.95899,12.2058,-0.463142,0.580639,0.79937,6230.68,0
1.9655,12.243,-0.465474,0.545827,0.740539,6228.98,0
1.97198,12.0446,-0.336468,0.519189,0.528223,6107.88,0
1.97851,12.0097,-0.392311,0.469803,0.450178,6070.07,0
1.98505,12.03,-0.22864,0.588729,0.418958,6060.31,0
1.99154,12.1567,-0.513642,0.7622,0.47821,6104.15,0
1.99808,12.0324,-0.640014,0.634169,0.359583,6021.99,0
2.00461,11.8873,-0.476623,0.645056,0.225773,5929.98,0
2.01115,11.8389,-0.579968,0.766214,0.177848,5886.63,0
2.01765,11.9285,-0.408638,0.676274,0.235072,5912.09,0
2.02413,12.0154,-0.379613,0.546873,0.285436,5936.08,0
2.03064,12.0958,-0.348363,0.517893,0.325728,5956.65,0
2.03718,12.2361,-0.3023,0.47488,0.404236,6006.38,0
2.0437,12.4193,-0.147442,0.734091,0.502027,6076.88,0
2.05022,12.4602,-0.114315,1.02101,0.486814,6077.49,0
2.05677,12.2349,-0.230963,0.882831,0.289502,5948.61,0
2.06333,12.2855,-0.210929,0.896409,0.307997,5954.19,0
2.06987,12.5238,-0.257147,0.581647,0.453511,6050.53,0
2.0764,12.3686,-0.455779,0.552839,0.305597,5956.74,0
2.08293,12.4405,-0.587556,0.333838,0.331804,5972.62,0
2.08943,12.5889,-0.625734,0.323904,0.417545,6025.04,0
2.09596,12.4404,-0.644221,0.341804,0.276212,5935.41,0
2.10247,12.4829,-0.777731,-0.0970115,0.288755,5937.27,0
2.109,12.4822,-0.673145,-0.200941,0.268668,5918.52,0
2.11552,12.71,-0.816887,-0.275181,0.407324,6007.97,0
2.122,12.796,-0.645526,0.104941,0.439761,6030.15,0
2.1285,12.5554,-0.838832,0.318253,0.240918,5898.72,0
2.135,12.8455,-0.770425,0.285102,0.432828,6016.6,0
2.1415,12.8805,-0.905067,0.229436,0.418092,6014.68,0
2.14803,12.8585,-1.01625,0.380583,0.365831,5986.19,0
2.15453,12.9997,-1.25476,0.280322,0.439833,6033.66,0
2.16101,12.9932,-1.30172,0.366583,0.395666,6012.53,0
2.16754,12.8957,-1.37848,0.483683,0.298604,5949.49,0
2.17401,12.6802,-1.47202,0.419284,0.124452,5832.65,0
2.1805,12.6729,-1.5459,0.412972,0.114558,5811.92,0
2.18703,12.6844,-1.5988,0.333784,0.116917,5799.83,0
2.19355,12.8404,-1.56501,0.479014,0.224947,5853.71,0
2.20005,12.8533,-1.39734,0.477328,0.220093,5842.28,0
2.20655,12.7755,-1.45827,0.269874,0.152274,5789.81,0
2.21307,13.0333,-1.75686,0.214426,0.325861,5889.22,0
2.21958,13.2021,-1.7251,0.479202,0.422393,5948.04,0
2.2261,13.3028,-1.7765,0.31636,0.46014,5975.83,0
2.23263,13.5356,-1.81155,0.347077,0.582884,6062.63,0
2.23912,13.4327,-1.73878,0.251053,0.457833,5999.09,0
2.24562,13.6988,-1.61089,0.326526,0.604493,6100.21,0
2.25213,13.4126,-1.82748,0.386341,0.35338,5955.51,0
2.25868,13.3035,-1.65645,0.307377,0.246934,5889.92,0
2.26525,13.4316,-1.70537,0.310692,0.323423,5929.39,0
2.27173,13.2474,-1.64885,0.270158,0.16765,5831.41,0
2.27821,13.2222,-1.52866,0.458322,0.142569,5803.76,0
2.28477,13.3253,-1.73007,0.502323,0.213885,5832.23,0
2.29124,13.336,-1.86901,0.401665,0.202309,5820.46,0
2.29779,13.1873,-1.86644,0.250076,0.0850516,5739.1,0
2.30428,13.3678,-1.64926,0.347424,0.2127,5801.28,0
2.31078,13.5196,-1.81333,0.444513,0.30691,5850.63,0
2.31732,13.3471,-1.78681,0.345388,0.163178,5759.72,0
2.32383,13.4387,-1.89868,0.315729,0.222503,5783,0
2.33033,13.532,-1.85253,0.164754,0.274869,5806.9,0
2.33688,13.8226,-2.0643,0.128122,0.462064,5914.97,0
2.34339,13.9366,-2.16749,0.138864,0.496136,5947.18,0
2.34993,13.9443,-2.22604,0.0986638,0.467989,5933.94,0
2.35641,13.7275,-2.27888,0.128106,0.277542,5825.62,0
2.36295,13.7268,-2.49827,0.258611,0.257563,5809.16,0
2.36944,14.1275,-2.41765,0.301325,0.529557,5962.38,0
2.37593,14.5147,-2.27591,0.566286,0.764681,6109.05,0
2.3824,14.4861,-2.13819,0.735882,0.667172,6080.47,0
2.38891,14.2724,-1.77508,0.850922,0.453936,5974.42,0
2.39542,14.1825,-1.69106,0.566963,0.350964,5920.69,0
2.4019,14.3548,-1.99602,0.659528,0.441802,5976.43,0
2.40839,14.5019,-2.02718,0.512457,0.506612,6021.39,0
2.41492,14.079,-2.20609,0.487415,0.168098,5830.01,0
2.42144,14.2233,-2.1232,0.448705,0.263131,5873.9,0
2.42792,14.436,-2.22114,0.471749,0.395571,5945.85,0
2.43443,14.17,-2.16676,0.528224,0.179512,5820.64,0
2.44092,14.3322,-2.39581,0.370986,0.287829,5871.65,0
2.44745,14.3186,-2.51222,0.408971,0.261885,5850.4,0
2.454,14.4061,-2.62407,0.237712,0.305849,5870.47,0
2.4605,14.4061,-2.48056,0.228757,0.285833,5854.93,0
2.46702,14.2287,-2.42086,0.282108,0.144044,5767.58,0
2.47352,14.1331,-2.37373,0.347675,0.068714,5713.76,0
2.48003,14.476,-2.28334,0.34369,0.313492,5837.04,0
2.48651,14.5561,-2.22909,0.428337,0.345139,5854.02,0
2.49303,14.6988,-2.40725,0.504263,0.425435,5895.95,0
2.49957,14.6971,-2.31765,0.443055,0.392587,5879.85,0
2.50611,14.6122,-2.55551,0.278667,0.299532,5830.61,0
2.51259,14.6734,-2.33384,0.166389,0.321932,5839.95,0
2.51908,14.8458,-2.2026,0.166512,0.422408,5893.34,0
2.52559,14.6032,-2.25482,0.33065,0.219787,5782.1,0
2.53205,14.4103,-2.43608,0.48443,0.0698809,5691.14,0
2.53857,14.642,-2.3544,0.442221,0.235426,5767.81,0
2.54507,14.4739,-2.74827,0.275212,0.102486,5687.04,0
2.5516,14.6998,-2.78342,0.260971,0.263017,5761.01,0
2.55809,14.8224,-2.53987,0.0697467,0.33104,5794.34,0
2.56457,15.0312,-2.36805,0.0555866,0.461472,5861.1,0
2.57108,15.1412,-2.46654,0.0980241,0.505654,5889.03,0
2.57756,15.1356,-2.5296,0.032983,0.449358,5872.05,0
2.58408,15.3048,-2.67554,-0.131366,0.534361,5922.74,0
2.59058,15.5024,-2.77151,-0.277482,0.619073,5984.13,0
2.59706,15.8198,-2.76063,-0.214122,0.785558,6091.43,0
2.60361,15.8153,-2.61584,-0.400185,0.710159,6074.38,0
2.61012,15.9128,-2.42088,-0.42041,0.699272,6096.55,0
2.61661,15.7806,-2.40296,-0.755252,0.538553,6030.95,0
2.62316,15.9127,-2.36336,-0.757252,0.5708,6066.25,0
2.62964,16.2363,-2.112,-1.17274,0.738428,6174.33,0
2.63615,16.3093,-2.02227,-1.41014,0.720842,6186.81,0
2.64261,16.4304,-2.16288,-1.39276,0.727631,6217.51,0
2.6491,16.2996,-2.3646,-1.16942,0.568479,6152.87,0
2.6556,16.1997,-2.69385,-1.13089,0.446308,6100.2,0
2.66214,16.4385,-2.88938,-0.905201,0.580489,6174.92,0
2.66864,16.3281,-2.88863,-0.965523,0.451313,6118.49,0
2.67515,16.3121,-2.98878,-0.722021,0.401297,6097.64,0
2.68162,16.363,-2.71613,-0.631781,0.4036,6101.9,0
2.68815,16.2231,-2.83594,-0.629279,0.275467,6035.02,0
2.69469,16.0453,-2.81234,-0.468376,0.13219,5954.4,0
2.70118,16.2312,-2.83706,-0.493206,0.260373,6008.93,0
2.70769,16.2267,-2.86532,-0.598681,0.236517,5992.81,0
2.71421,16.5028,-2.89434,-0.659644,0.417541,6080.15,0
2.72073,16.7481,-3.10355,-0.750991,0.567014,6155.75,0
2.72724,16.7537,-3.27047,-1.04802,0.520616,6143.1,0
2.73369,16.5474,-3.03398,-1.06808,0.32007,6053.15,0
2.74019,16.6226,-3.15583,-1.0811,0.358351,6066.24,0
2.74669,16.6017,-3.15313,-1.23226,0.313436,6044.24,0
2.75322,16.6532,-3.29212,-0.830814,0.330109,6048.64,0
2.7597,16.8621,-2.96952,-0.626552,0.451242,6110.14,0
2.76618,16.9598,-3.05924,-0.0825535,0.482582,6131.11,0
2.77274,17.1892,-3.14823,-0.117068,0.6098,6199.34,0
2.77925,17.4327,-3.28745,-0.00132925,0.730248,6272.47,0
2.78576,17.3332,-3.34011,-0.259967,0.585392,6222.08,0
2.79225,17.1916,-3.248,-0.0702171,0.4379,6156.9,0
2.79876,17.5098,-3.2064,0.0373021,0.623004,6256.26,0
2.80524,17.6821,-3.11766,0.111615,0.685342,6303.25,0
2.81176,17.8989,-3.00961,-0.0103125,0.771459,6365.73,0
2.81828,17.7459,-2.91443,0.161055,0.587327,6296.71,0
2.82477,17.9951,-3.12774,-0.00392165,0.711227,6370.48,0
2.83122,18.0874,-3.09104,-0.00862512,0.705985,6388.56,0
2.83772,18.3198,-2.97165,0.0100119,0.788845,6455.81,0
2.84424,18.2245,-2.93368,0.0805487,0.650348,6407.52,0
2.85069,18.1985,-3.00059,-0.141063,0.564472,6383.89,0
2.8572,18.5845,-3.25585,-0.166421,0.7826,6504.44,0
2.86369,18.489,-3.25877,-0.359537,0.636112,6456.37,0
2.87018,18.3858,-3.15422,-0.203209,0.505226,6405.79,0
2.87668,18.2412,-2.95265,-0.479665,0.36174,6341.07,0
2.88315,18.6919,-3.10634,-0.267037,0.649485,6483.14,0
2.88967,18.9166,-2.81053,-0.175286,0.747362,6546.3,0
2.8962,18.8293,-2.64696,-0.214251,0.608954,6501.4,0
2.90269,18.6769,-2.47476,0.0808576,0.447067,6434.33,0
2.90919,18.8288,-2.20165,0.239027,0.51479,6472.17,0
2.9157,18.8571,-2.05641,0.233085,0.491472,6467.43,0
2.92223,19.1511,-1.63525,0.299913,0.64583,6553.61,0
2.92871,18.8192,-1.63267,0.234713,0.361933,6425.75,0
2.93522,19.0258,-1.62357,0.259833,0.474444,6481.9,0
2.94174,19.169,-1.85436,0.0112428,0.529212,6516.23,0
2.94829,19.2093,-1.75308,0.0311314,0.510926,6515.39,0
2.95482,18.9106,-1.84476,0.271289,0.265828,6399.93,0
2.96135,18.9573,-1.48189,0.604757,0.282097,6401.57,0
2.96784,19.1364,-1.26749,0.592158,0.39507,6447.91,0
2.97436,18.9512,-1.47082,0.699308,0.235515,6371.54,0
2.98082,18.9382,-1.52668,0.599484,0.214548,6353.35,0
2.98734,18.9455,-1.64469,0.778096,0.210071,6341.93,0
2.99387,19.0995,-1.50306,0.703324,0.312024,6379.54,0
3.00036,18.8933,-1.61559,0.871709,0.142208,6297.01,0
3.00689,18.7954,-1.60185,0.850664,0.0647693,6250.77,0
3.01335,18.8007,-1.46957,0.853521,0.0672567,6239.14,0
3.01987,19.0696,-1.45362,0.853648,0.261528,6314.72,0
3.02637,18.9441,-1.62899,0.713509,0.153673,6259.66,0
3.03294,18.9268,-1.65847,0.57038,0.130259,6240.41,0
3.03946,19.0157,-1.50678,0.303958,0.188003,6256.27,0
3.04595,19.1874,-1.42281,0.023888,0.302938,6299.31,0
3.05246,19.1593,-1.3823,-0.0306724,0.267888,6276.68,0
3.05896,19.2015,-1.24118,-0.011572,0.280225,6277.15,0
3.06544,19.136,-1.47201,-0.0971626,0.215959,6242.48,0
3.07194,19.1989,-1.40226,-0.115658,0.243727,6249.77,0
3.07844,19.4197,-0.92116,0.0746285,0.389033,6308.31,0
3.08498,19.4752,-1.07043,-0.0515565,0.404645,6312.9,0
3.0915,19.5114,-1.38451,0.0284183,0.397433,6311.28,0
3.098,19.5733,-1.36103,0.0813848,0.414179,6318.05,0
3.10454,19.6695,-1.54788,0.209694,0.444505,6335.73,0
3.11108,19.731,-1.66696,0.00277296,0.452835,6342.18,0
3.11751,19.623,-1.65508,-0.112892,0.338509,6294.45,0
3.12401,19.6393,-1.74866,-0.11608,0.331535,6286.59,0
3.13051,19.5898,-2.04445,-0.0912741,0.273811,6257.7,0
3.13699,19.5234,-1.52721,-0.0448248,0.208022,6223.59,0
3.14353,19.6171,-1.5099,-0.25318,0.265046,6240.47,0
3.15005,19.6815,-1.43944,0.00922208,0.293645,6247.99,0
3.15658,19.5711,-1.23154,-0.230528,0.196425,6200.1,0
3.1631,19.5936,-1.05418,-0.422721,0.195892,6194.41,0
3.16961,19.6973,-1.03773,-0.32614,0.263561,6214.43,0
3.17609,19.9189,-1.13018,-0.0427429,0.408062,6271.51,0
3.18261,19.9786,-0.810317,-0.0796462,0.407623,6277.43,0
3.18908,20.5273,-0.660436,-0.112272,0.754969,6436.76,0
3.19561,20.4527,-0.718932,0.130927,0.624503,6400.25,0
3.20211,20.4819,-0.924443,0.299056,0.571437,6396.37,0
3.20859,20.3164,-0.649676,0.196527,0.398795,6331.9,0
3.21507,20.4101,-0.702721,0.21753,0.43332,6348.25,0
3.22157,20.4882,-0.675788,0.404716,0.443243,6359.7,0
3.22802,20.572,-0.747998,0.732338,0.46232,6372.94,0
3.23452,20.5583,-0.786353,0.541271,0.406162,6355.88,0
3.24102,20.8469,-0.823428,0.426086,0.572319,6432.2,0
3.24755,20.8738,-0.938638,0.371476,0.542725,6427.54,0
3.25403,21.0103,-0.748228,0.188981,0.588129,6456.72,0
3.26057,21.1566,-0.542858,-0.00966005,0.641475,6488.61,0
3.26712,20.9428,-0.734883,0.0090272,0.430765,6410.18,0
3.27365,20.9772,-0.89991,-0.027007,0.42083,6407.88,0
3.28019,21.2547,-0.963875,-0.161711,0.581504,6479.72,0
3.2867,21.1848,-0.741532,-0.158264,0.481698,6445.61,0
3.29323,21.0892,-0.834078,-0.180879,0.364587,6403.8,0
3.29973,20.8956,-0.844775,-0.508447,0.201191,6332.52,0
3.30627,20.9303,-0.674882,-0.401631,0.214317,6330.49,0
3.31275,20.9109,-0.641614,-0.471083,0.185058,6312.25,0
3.31929,21.1914,-0.520311,-0.454541,0.374072,6384.31,0
3.32577,21.2319,-0.539092,-0.691309,0.375661,6384.06,0
3.33226,21.2879,-0.837106,-0.697269,0.390634,6388.44,0
3.33874,21.3758,-1.05455,-1.02125,0.4234,6402.34,0
3.34524,21.7008,-1.02868,-0.816553,0.608795,6487.09,0
3.35176,21.6676,-0.815966,-0.874544,0.539643,6464.56,0
3.35827,21.8234,-0.716726,-0.956889,0.600427,6498.38,0
3.36477,21.9032,-0.701659,-0.77661,0.603717,6509.56,0
3.37125,21.8879,-0.681235,-0.883049,0.531021,6492.53,0
3.37776,21.8309,-0.54577,-0.623713,0.436957,6463.15,0
3.38422,22.5275,-0.477945,-0.595957,0.893333,6656.64,0
3.39076,22.4779,-0.207665,-0.697824,0.752302,6629.15,0
3.39723,22.5373,-0.249602,-0.501882,0.708749,6634.04,0
3.40377,22.5527,0.0463826,-0.467518,0.653302,6625.8,0
3.41028,22.5741,-0.0632703,-0.38134,0.614896,6619.43,0
3.41677,22.6507,-0.069477,-0.306128,0.604885,6629.28,0
3.42324,22.6009,-0.588848,-0.079603,0.51886,6602.18,0
3.42978,22.7823,-0.963457,-0.409085,0.591958,6642.48,0
3.43629,22.6757,-0.960779,-0.377144,0.455567,6598.87,0
3.44283,22.8143,-0.922428,-0.48609,0.514976,6626.6,0
3.44932,22.792,-0.8041,-0.424827,0.455312,6607.68,0
3.45583,22.928,-0.761547,-0.268863,0.505838,6634.58,0
3.46233,23.2359,-0.504842,-0.338267,0.684444,6711.06,0
3.46888,23.5005,-0.800885,-0.777866,0.796385,6774.67,0
3.47538,23.1051,-1.10608,-0.732799,0.433195,6648.23,0
3.48195,23.2376,-1.13303,-0.449781,0.49071,6673.72,0
3.48844,23.4398,-1.24766,-0.332173,0.588724,6719.3,0
3.49493,23.4277,-0.925436,-0.50039,0.524139,6703.34,0
3.50145,23.5312,-0.939029,-0.410473,0.550535,6720.42,0
3.50792,23.7027,-0.909881,-0.788872,0.626836,6756.89,0
3.51444,23.8899,-0.754338,-0.826017,0.711795,6797.65,0
3.52092,23.8919,-0.680026,-0.646746,0.6374,6785.71,0
3.52746,23.9608,-0.570475,-0.548226,0.623822,6792.65,0
3.53396,24.0477,-0.467294,-0.475127,0.617322,6804.74,0
3.54049,24.002,-0.561067,-0.473956,0.530336,6779.3,0
3.54696,23.9472,-0.662165,-0.168155,0.444448,6751.47,0
3.5535,23.9648,-0.787464,-0.445747,0.41915,6743.99,0
3.55997,23.9593,-0.474032,-0.448027,0.384394,6730.21,0
3.56648,23.9316,-0.347263,-0.415506,0.337298,6710.15,0
3.57302,24.3067,0.00756602,-0.379551,0.570613,6802.84,0
3.57952,24.4661,0.104011,-0.346338,0.633035,6835.03,0
3.58603,24.604,-0.206978,-0.259305,0.672278,6861.08,0
3.59257,24.7832,-0.0343349,0.0239587,0.736318,6898.47,0
3.59908,25.0195,-0.219172,0.255935,0.840733,6951.62,0
3.6056,24.9335,-0.0595793,0.547337,0.691828,6915.21,0
3.61213,24.7764,-0.0136987,0.613607,0.518246,6859.21,0
3.61864,24.73,0.0382555,0.484313,0.439046,6834.06,0
3.62517,25.0909,0.189257,0.518696,0.648663,6921.32,0
3.63165,25.2161,0.258536,0.528891,0.676597,6943.42,0
3.63814,25.0093,0.252396,0.36643,0.467104,6874.21,0
3.64465,25.175,-0.0233,0.391209,0.543362,6907.39,0
3.65114,25.455,-0.297221,0.142585,0.699025,6971.79,0
3.65767,25.414,-0.201741,0.0553605,0.589434,6948.16,0
3.6642,25.224,-0.14413,0.216578,0.407211,6883.91,0
3.67071,25.2817,-0.10889,0.0753417,0.414448,6887.41,0
3.67718,25.3709,-0.114927,0.125686,0.440135,6899.56,0
3.68365,25.2435,-0.318623,-0.138506,0.315507,6852.84,0
3.69015,25.1419,-0.170134,-0.0595792,0.219725,6813.26,0
3.69667,25.4117,-0.122521,-0.0747448,0.401726,6874.21,0
3.70313,25.4433,-0.270962,-0.169482,0.388585,6870.75,0
3.70966,25.428,-0.452109,-0.0064585,0.352525,6854.54,0
3.71617,25.6036,-0.404133,-0.184407,0.458842,6889.79,0
3.7227,25.8183,-0.148569,-0.275689,0.568522,6935.38,0
3.72923,25.7604,-0.411031,-0.419325,0.482958,6907.69,0
3.73571,25.9113,-0.457352,-0.566787,0.552454,6936.11,0
3.74219,26.1002,-0.464307,-0.39796,0.639329,6974.58,0
3.74875,26.0224,-0.609937,-0.621003,0.51768,6941.63,0
3.75523,26.1339,-0.15255,-0.792426,0.553914,6959.34,0
3.76173,26.1179,-0.456211,-0.85476,0.494431,6943.04,0
3.76826,26.2389,-0.749278,-0.89796,0.536261,6963.14,0
3.77476,26.1248,-0.740572,-1.2851,0.404617,6920.94,0
3.78126,26.4069,-0.644373,-1.19338,0.569438,6983.61,0
3.78775,26.4346,-0.267311,-0.911132,0.541841,6978.97,0
3.79426,26.2929,-0.345729,-0.875465,0.391198,6929.65,0
3.80078,26.2766,-0.35197,-1.04424,0.354059,6913.47,0
3.80725,26.1392,-0.733591,-1.17979,0.227993,6865.63,0
3.81375,26.0882,-0.681242,-0.987034,0.182483,6840.55,0
3.82031,26.3063,-0.630901,-1.02045,0.328313,6885.89,0
3.82682,26.3682,-0.842806,-0.896149,0.344344,6890.37,0
3.83332,26.1234,-0.808539,-0.891946,0.143865,6814.83,0
3.83979,26.2113,-0.794779,-0.823897,0.20102,6826.23,0
3.8463,26.2173,-0.831738,-0.869166,0.197761,6816.25,0
3.85281,26.3578,-0.99243,-0.937045,0.285979,6841.18,0
3.85931,26.5773,-1.14678,-0.761757,0.417097,6886.55,0
3.86587,26.3564,-1.29022,-0.741027,0.235115,6817.72,0
3.87235,26.1168,-1.33786,-0.573409,0.0456405,6744.44,0
3.87889,26.0697,-1.1798,-0.586103,0.00899163,6720.91,0
3.88543,26.1959,-1.13754,-0.467472,0.100986,6742.09,0
3.89195,26.0985,-1.06874,-0.57265,0.025252,6705.77,0
3.89847,26.2654,-0.953682,-0.768663,0.1481,6737.37,0
3.90497,26.2669,-0.95655,-0.717017,0.144027,6726.53,0
3.91146,26.3119,-0.810047,-0.746639,0.170036,6726.88,0
3.918,26.474,-0.663208,-0.838972,0.281505,6757.02,0
3.92454,26.5203,-0.63514,-0.579931,0.297002,6757.57,0
3.93107,26.4434,-0.437289,-0.752253,0.21497,6726.79,0
3.93759,26.5828,-0.534696,-0.818346,0.298091,6751.03,0
3.9441,26.672,-0.527763,-0.871605,0.339066,6762.52,0
3.95061,26.4761,-0.27499,-0.687695,0.175675,6701.77,0
3.95713,26.551,-0.413421,-0.591137,0.220119,6709.66,0
3.96368,26.7644,-0.284587,-0.792493,0.364064,6752.41,0
3.97018,26.7664,-0.132375,-0.751863,0.334307,6741.87,0
3.97667,26.8716,0.0578359,-0.800505,0.389833,6757.31,0
3.98315,26.8404,0.396861,-0.90978,0.331766,6738.49,0
3.98968,27.1011,0.474588,-0.940263,0.493043,6792.79,0
3.99618,27.4094,0.285991,-1.41022,0.669907,6858.9,0
4.00269,27.4378,0.18348,-1.14793,0.630646,6854.84,0
4.00918,27.4465,0.136122,-0.986625,0.576138,6845.91,0
4.0157,27.3335,-0.210725,-1.04245,0.444783,6806.66,0
4.02222,27.5037,0.117312,-0.949055,0.525492,6837.93,0
4.02872,27.7232,0.190004,-1.07953,0.626627,6881.38,0
4.03522,27.4049,0.428659,-1.14913,0.345218,6791.43,0
4.04174,27.7743,0.53975,-1.13916,0.580739,6871.86,0
4.04827,27.893,0.660431,-1.01137,0.607455,6890.11,0
4.05474,27.7683,0.865251,-1.19943,0.460472,6848.35,0
4.06121,27.6802,0.872268,-1.36375,0.362731,6815.74,0
4.0677,27.8151,1.00002,-1.36089,0.431163,6838.06,0
4.07421,27.746,0.803947,-1.34708,0.345927,6810.16,0
4.08075,27.8992,0.791954,-1.46348,0.422156,6836.78,0
4.0873,27.9829,0.698534,-1.66034,0.441477,6846.29,0
4.09383,28.1021,0.582013,-1.57492,0.48621,6864.5,0
4.10031,28.0373,0.332472,-1.58702,0.406238,6837.84,0
4.10682,28.3877,0.164703,-1.65971,0.621697,6912.33,0
4.11331,28.4779,0.58292,-1.47039,0.631131,6923.36,0
4.11983,28.1264,0.375841,-1.5876,0.326286,6827.08,0
4.12633,28.0915,0.329916,-1.57433,0.284884,6807.87,0
4.13282,27.9217,0.134788,-1.43683,0.148043,6756.09,0
4.13935,27.7809,0.189817,-1.28122,0.0366725,6711.4,0
4.14583,27.8532,0.258127,-1.14827,0.0883029,6718.37,0
4.15236,27.9995,0.275371,-1.329,0.192003,6743.03,0
4.15885,28.0024,0.404797,-1.39837,0.179609,6733.22,0
4.16537,28.1124,0.252607,-1.3884,0.246252,6749.09,0
4.17188,28.1067,-0.0890063,-1.31066,0.223454,6737.19,0
4.17843,28.177,0.0153927,-1.20562,0.260775,6743.43,0
4.18493,28.2535,0.0144241,-0.977853,0.295794,6751.24,0
4.19141,28.3783,0.033326,-1.244,0.369099,6770.59,0
4.19794,28.2411,0.178386,-1.29637,0.247203,6727.38,0
4.20443,28.3277,0.243448,-1.30236,0.29049,6737.6,0
4.21093,28.3442,0.229576,-1.53895,0.285122,6731.11,0
4.21746,28.4945,0.0284966,-1.92787,0.379851,6756.31,0
4.22396,28.2656,0.279459,-1.97803,0.189389,6691.73,0
4.23044,28.2303,0.0926956,-1.96164,0.155617,6673.14,0
4.23694,28.2102,0.0815609,-2.0471,0.134071,6658.15,0
4.24345,28.2713,0.0522821,-2.05805,0.174396,6662.34,0
4.24996,28.3691,-0.00283201,-2.14122,0.233905,6675.16,0
4.25642,28.2973,0.0898743,-1.96839,0.168089,6648.14,0
4.26293,28.2143,0.116935,-2.11992,0.0979887,6618.51,0
4.26946,28.1863,0.0496821,-2.31965,0.0742975,6601.84,0
4.27598,28.3928,-0.114843,-2.53976,0.218797,6640.08,0
4.28249,28.4515,-0.222404,-2.41515,0.24122,6643.68,0
4.289,28.2672,-0.212359,-2.43614,0.0933685,6590.63,0
4.29549,28.3184,-0.115422,-2.5238,0.128133,6592.59,0
4.30201,28.2216,-0.0194339,-2.45984,0.0526809,6560.11,0
4.30854,28.3351,-0.133139,-2.38888,0.135025,6576.5,0
4.31503,28.1828,-0.256677,-2.41777,0.017444,6531.32,0
4.3215,28.2369,-0.0718571,-2.4788,0.0567409,6534.06,0
4.32802,28.3235,0.16667,-2.44165,0.117726,6544.21,0
4.33452,28.3938,0.150963,-2.23565,0.164505,6550.62,0
4.34104,28.3265,-0.027566,-2.18764,0.108951,6525.29,0
4.34754,28.4686,0.188999,-2.19786,0.208448,6548.21,0
4.35405,28.5005,0.3672,-2.07556,0.22038,6545.73,0
4.36052,28.5461,0.220853,-2.31869,0.239642,6546.51,0
4.36701,28.6976,0.22475,-2.4643,0.33412,6571.45,0
4.37348,28.7992,0.44314,-2.35718,0.386045,6584.97,0
4.37997,28.7136,0.491231,-2.5384,0.290953,6555.66,0
4.38649,28.8625,0.386586,-2.67504,0.374257,6579.87,0
4.39302,28.9308,0.532463,-2.51262,0.395095,6585.62,0
4.39953,29.0338,0.598619,-2.60239,0.4383,6599.3,0
4.40604,28.8679,0.510613,-2.58082,0.289383,6551.9,0
4.41256,28.9266,0.627817,-2.51634,0.308602,6555.51,0
4.41908,28.8837,0.619516,-2.63541,0.256703,6536.13,0
4.42557,29.1868,0.653786,-2.84077,0.45536,6595.02,0
4.4321,29.0585,0.693674,-2.77322,0.329058,6556.37,0
4.4386,28.9087,0.661469,-2.69151,0.192749,6513.03,0
4.44507,28.9206,0.599514,-2.50298,0.193114,6506.21,0
4.45154,29.0875,0.834999,-2.44061,0.301304,6534.25,0
4.45804,28.9983,0.748257,-2.41994,0.219993,6504.71,0
4.46454,29.0293,0.982515,-2.40179,0.223884,6502.21,0
4.47109,29.1431,0.98228,-2.40049,0.291937,6518.11,0
4.4776,29.3744,0.911186,-2.29804,0.433256,6560.31,0
4.48412,29.374,0.668698,-2.51869,0.410257,6550.67,0
4.49065,29.3785,0.688173,-2.64664,0.375903,6542.15,0
4.49721,29.4434,1.04225,-2.60461,0.39284,6547.03,0
4.50368,29.3029,1.01309,-2.53474,0.266019,6506.44,0
4.51019,29.3649,0.872035,-2.72295,0.294298,6510.79,0
4.51671,29.4455,0.748984,-2.59151,0.334454,6519.24,0
4.52327,29.8356,0.59388,-2.4216,0.583293,6596.02,0
4.52977,29.6049,0.579508,-2.20652,0.369191,6535.63,0
4.53628,29.3949,0.527664,-2.15718,0.196525,6479.97,0
4.54278,29.7439,0.416285,-2.41961,0.435554,6547.51,0
4.54927,29.5299,0.343949,-2.5627,0.246576,6491.14,0
4.55571,29.5104,0.216609,-2.54003,0.22273,6477.68,0
4.56222,29.5349,0.126844,-2.58138,0.229262,6473.8,0
4.56877,29.7138,-0.0405675,-2.81214,0.341214,6503.67,0
4.57528,29.7184,-0.183045,-2.78399,0.316993,6495.42,0
4.58181,29.8018,-0.383075,-2.90982,0.356214,6504.39,0
4.58831,29.8718,-0.408464,-2.81298,0.383959,6510.41,0
4.59481,30.2782,-0.326909,-2.76576,0.635821,6589.67,0
4.60132,30.1426,-0.145007,-2.84382,0.48228,6550.85,0
4.60784,30.198,-0.0014164,-2.89465,0.478078,6553.61,0
4.61435,30.465,-0.0795773,-2.97603,0.623953,6602.23,0
4.62087,30.8247,-0.408249,-2.82153,0.815486,6670.74,0
4.62739,30.83,-0.370097,-2.5498,0.720478,6662.51,0
4.6339,30.7166,-0.619179,-2.79952,0.574305,6628.68,0
4.64039,30.7997,-0.61409,-2.94049,0.568238,6637.31,0
4.64695,30.5292,-0.720315,-2.93941,0.333057,6569.73,0
4.65351,30.757,-0.566852,-3.00745,0.472717,6609.43,0
4.66,30.6749,-0.777077,-3.09399,0.377774,6582.59,0
4.66653,31.2848,-0.641671,-3.03655,0.777955,6704.07,0
4.67302,31.4744,-0.310071,-3.20786,0.819106,6735.34,0
4.67955,31.4872,-0.31763,-3.37938,0.731218,6728.69,0
4.68606,31.2977,-0.2329,-3.43829,0.530264,6678.89,0
4.69255,31.4251,-0.258852,-3.45025,0.574737,6696.79,0
4.69901,31.4656,-0.441508,-3.65828,0.543702,6696.23,0
4.70552,31.4787,-0.474316,-3.72611,0.509024,6689.73,0
4.71207,31.5245,-0.308055,-3.63736,0.495011,6690.16,0
4.71855,31.5834,-0.369381,-3.62781,0.499085,6693.45,0
4.72504,31.5974,-0.163406,-3.48516,0.474329,6687.22,0
4.73156,31.5161,-0.0952815,-3.56138,0.373115,6660.84,0
4.73805,31.5018,-0.18942,-3.90724,0.337999,6648.69,0
4.74453,31.4845,-0.337144,-3.85798,0.297271,6635.95,0
4.75098,31.4162,-0.450865,-4.08027,0.229967,6612.56,0
4.75749,31.5859,-0.262043,-4.02934,0.338867,6639.19,0
4.76399,31.6631,0.0403481,-3.7973,0.367779,6646.35,0
4.77049,31.6046,-0.375534,-3.77642,0.293105,6625.02,0
4.77704,31.6105,-0.230398,-3.60294,0.279268,6617.18,0
4.78352,31.673,-0.0771135,-3.10253,0.306251,6621.26,0
4.79005,31.6469,-0.0927786,-2.78565,0.268454,6606.8,0
4.79652,31.665,-0.0290194,-2.92248,0.261992,6601.65,0
4.80299,31.6868,-0.0484939,-2.83011,0.260918,6597.32,0
4.80949,31.597,-0.14536,-3.0002,0.181099,6569.72,0
4.81598,31.5732,-0.105004,-3.04895,0.156047,6555.92,0
4.82245,31.5458,-0.15843,-3.07253,0.127693,6541.45,0
4.82899,31.6743,-0.126503,-3.17041,0.211592,6559.2,0
4.83551,31.4626,-0.114107,-3.08722,0.0468588,6506.58,0
4.84208,31.5549,-0.0765216,-3.18019,0.113317,6516.8,0
4.84861,32.0121,0.14494,-3.19264,0.43722,6602.32,0
4.85517,32.2578,-0.0810032,-3.34351,0.579558,6644.01,0
4.86173,32.5495,-0.114111,-3.26047,0.714711,6695.04,0
4.86827,32.5387,-0.0258771,-3.28759,0.644044,6683.85,0
4.87477,32.6685,0.0530773,-3.40056,0.663997,6701.56,0
4.88128,33.0506,0.0686759,-3.29574,0.854805,6770.88,0
4.88783,33.1416,-0.40008,-3.22239,0.82571,6780.43,0
4.89437,33.1951,-0.352982,-3.07227,0.763023,6782.3,0
4.9009,33.5945,-0.476279,-2.72902,0.956538,6854.76,0
4.9074,33.4238,-0.266118,-2.76675,0.73773,6810.9,0
4.91391,33.1682,-0.123533,-3.10019,0.48067,6749.85,0
4.92044,33.058,-0.36141,-3.01384,0.364474,6718.51,0
4.92693,32.7907,-0.0837627,-2.94641,0.142578,6655.4,0
4.93345,32.7128,-0.284294,-2.90822,0.0781494,6630.82,0
4.93999,32.7989,-0.367683,-3.0296,0.138057,6639.46,0
4.94645,32.8818,-0.448437,-2.89285,0.186391,6647.56,0
4.95296,32.8204,-0.551655,-3.02485,0.131639,6626.43,0
4.9595,32.697,-0.435055,-2.92023,0.0354472,6592.81,0
4.96603,32.7038,-0.407973,-2.83853,0.0395918,6585.51,0
4.97256,32.7053,-0.500003,-2.70674,0.03956,6577.15,0
4.97907,32.792,-0.576665,-2.75529,0.0997923,6585.97,0
4.9856,33.068,-0.832327,-2.88446,0.291127,6632.71,0
4.99208,32.8634,-0.823961,-3.09062,0.129078,6583.1,0
4.99864,32.7842,-0.778013,-3.06725,0.0675693,6558.61,0
5.00517,33.1541,-0.679322,-2.93048,0.330239,6623.97,0
5.01169,32.9663,-0.767298,-3.16881,0.166436,6577.88,0
5.01821,33.0848,-0.469675,-3.08098,0.243652,6592.95,0
5.02471,33.2241,-0.476874,-3.30235,0.328746,6612.14,0
5.03119,33.5502,-0.485614,-3.32235,0.532662,6668.45,0
5.0377,33.1799,-0.749163,-3.67347,0.225819,6586.31,0
5.0442,33.2576,-0.582013,-3.4922,0.264459,6593.23,0
5.05069,33.3471,-0.458062,-3.59233,0.312436,6602.48,0
5.05715,33.4141,-0.505392,-3.53593,0.339458,6607.3,0
5.06366,33.6299,-0.443943,-3.57335,0.471198,6641.42,0
5.07018,33.8692,-0.269059,-3.54819,0.599809,6680.07,0
5.07667,34.0384,-0.749272,-3.48542,0.6599,6704.88,0
5.08317,34.1744,-0.907508,-3.47411,0.68767,6723.04,0
5.0897,34.2736,-1.00847,-3.24109,0.691027,6733.91,0
5.0962,34.2276,-1.14457,-3.1905,0.599411,6716.3,0
5.10273,33.9044,-1.04303,-3.4051,0.324466,6644.37,0
5.10926,34.0068,-0.866089,-3.29636,0.378031,6655.92,0
5.11577,34.0884,-0.770766,-3.33024,0.401813,6663.41,0
5.12229,34.155,-0.761303,-3.40408,0.414922,6667.92,0
5.12882,34.293,-0.779448,-3.27863,0.4807,6686.33,0
5.13538,34.6522,-0.684251,-3.25369,0.687549,6747.74,0
5.14186,34.8778,-0.723951,-3.29485,0.78844,6783.12,0
5.14837,34.8796,-0.887669,-3.30511,0.71825,6774.87,0
5.15488,34.5633,-0.925563,-3.23062,0.424706,6704.97,0
5.16139,34.8851,-0.883188,-3.10224,0.623739,6758.84,0
5.16791,34.8761,-0.952534,-2.60809,0.552892,6748.59,0
5.1744,34.7686,-0.431978,-2.95028,0.423004,6719.35,0
5.1809,34.9735,-0.502903,-2.70331,0.535484,6750.46,0
5.18744,34.8001,-0.603387,-2.74103,0.357319,6708.52,0
5.19391,34.9332,-0.344066,-2.55349,0.420271,6725.8,0
5.20042,35.3024,-0.459724,-2.39541,0.647371,6788.37,0
5.20694,35.4079,-0.479246,-2.4716,0.659275,6800.13,0
5.21344,35.3399,-0.523191,-2.46121,0.541655,6778.62,0
5.21991,35.3741,-0.679642,-2.37159,0.510853,6776.77,0
5.22644,35.2375,-0.469182,-2.08562,0.373721,6742.17,0
5.23296,35.5016,-0.277819,-2.22103,0.52509,6784.23,0
5.23942,35.3037,-0.153104,-2.15436,0.336492,6738.1,0
5.24591,35.239,-0.0486252,-1.92479,0.26521,6717.41,0
5.2524,35.3865,-0.116161,-1.82367,0.352461,6737.2,0
5.2589,35.1133,-0.253435,-1.89617,0.128399,6676.93,0
5.26541,35.2926,-0.384814,-1.9344,0.247922,6702.73,0
5.27192,35.4874,-0.214394,-1.98176,0.364664,6731.39,0
5.27845,35.7383,-0.245615,-2.13249,0.504126,6770.61,0
5.28498,35.8081,-0.0987734,-2.5223,0.512992,6775.45,0
5.2915,35.9765,0.367222,-2.66292,0.590698,6798.93,0
5.29799,35.9061,0.343305,-2.671,0.480986,6777.3,0
5.3045,35.994,0.00860886,-2.8194,0.494012,6785.57,0
5.311,36.0502,0.0756561,-3.03445,0.482039,6787.84,0
5.31753,35.8911,0.178345,-3.07779,0.335968,6749.59,0
5.32404,35.7648,0.159797,-2.88215,0.224336,6717.62,0
5.33056,35.8686,-0.0458028,-3.1664,0.286736,6728.87,0
5.33707,36.0717,-0.197851,-3.19785,0.404157,6758.7,0
5.34355,35.8203,-0.247086,-3.06119,0.197609,6703.47,0
5.35009,35.7207,-0.23766,-2.88351,0.114674,6676.66,0
5.35657,35.6916,-0.322233,-2.99836,0.0893559,6663.16,0
5.36309,35.7543,-0.369059,-2.93236,0.133023,6666.73,0
5.36957,35.7265,-0.229327,-3.02185,0.105791,6653.51,0
5.37609,35.8906,-0.168197,-3.02877,0.221234,6675.98,0
5.38258,35.7402,0.0284719,-2.92646,0.100237,6639.98,0
5.38905,35.7878,0.176039,-2.87782,0.131125,6640.84,0
5.39554,35.8485,0.141063,-3.00815,0.165793,6644.09,0
5.40205,36.0397,0.0741131,-2.87017,0.29553,6671.48,0
5.40853,36.4474,0.0981625,-2.68175,0.553684,6738.88,0
5.41507,36.5936,0.0372773,-2.46078,0.598116,6757.74,0
5.4216,36.4999,-0.372635,-2.46195,0.470792,6732.3,0
5.4281,36.6606,-0.497431,-2.34535,0.541217,6753.85,0
5.43464,36.9044,-0.171998,-2.43811,0.663457,6790.59,0
5.44121,37.2038,-0.546682,-2.58852,0.804803,6837.41,0
5.44775,37.1149,-0.900128,-2.78553,0.653909,6812.89,0
5.45423,36.684,-0.776882,-2.873,0.280204,6725.78,0
5.46077,36.7321,-0.614415,-2.61759,0.288266,6726.54,0
5.46732,36.7985,-0.465912,-2.51553,0.313959,6730.64,0
5.47387,36.8721,-0.548082,-2.30011,0.343923,6736.02,0
5.48038,36.8873,-0.349786,-2.15512,0.329862,6730.79,0
5.48689,36.9431,-0.337869,-2.26601,0.348505,6732.98,0
5.49345,36.8302,-0.0727684,-2.23589,0.247262,6704.39,0
5.50002,37.0961,-0.238011,-2.15551,0.422984,6744.72,0
5.50654,37.507,-0.430487,-2.10977,0.67201,6811.36,0
5.51304,37.7291,-0.64672,-2.1269,0.763343,6843.62,0
5.51959,37.6186,-0.56501,-2.27222,0.600015,6815.47,0
5.52609,37.8317,-0.570464,-2.65904,0.687497,6846.02,0
5.53261,37.7956,-0.656008,-2.56752,0.596436,6831.43,0
5.53909,37.8215,-0.782518,-2.29042,0.560087,6828.1,0
5.5456,37.867,-0.765197,-2.37979,0.54478,6828.29,0
5.5521,37.8911,-0.851021,-2.26253,0.513102,6824.65,0
5.55859,38.2841,-1.03596,-1.99828,0.73994,6887.37,0
5.56507,38.2046,-1.19448,-2.25338,0.611366,6865.08,0
5.5716,38.291,-1.46721,-2.16072,0.610449,6872.53,0
5.57812,38.4314,-1.07375,-2.10671,0.652697,6889.67,0
5.5846,38.222,-1.14811,-2.24356,0.452208,6844.18,0
5.59112,38.7102,-1.04671,-2.22696,0.758319,6923.52,0
5.59759,38.6441,-0.905218,-2.19521,0.639733,6903.7,0
5.60408,38.6431,-0.943041,-2.07509,0.584024,6895.52,0
5.6106,38.4358,-1.16862,-2.1929,0.379502,6850.57,0
5.61708,38.8554,-1.08657,-2.13981,0.646274,6917.36,0
5.62353,38.9062,-1.05438,-2.48472,0.617456,6918.46,0
5.63007,38.9137,-0.964067,-2.35985,0.55813,6911.76,0
5.63655,38.9658,-0.93481,-2.49669,0.540562,6913.07,0
5.64307,38.8936,-0.962558,-2.60175,0.443252,6892.28,0
5.64956,38.7376,-0.992491,-2.39518,0.294299,6856.75,0
5.65608,38.5526,-1.08226,-2.53253,0.142071,6816.14,0
5.6626,38.5676,-0.964282,-2.67627,0.142301,6810.94,0
5.66909,38.5195,-0.812969,-2.86791,0.0981899,6794.64,0
5.67558,38.5803,-0.77809,-3.04307,0.136738,6797.58,0
5.68212,38.4809,-0.792925,-3.19345,0.0576365,6772.27,0
5.68862,38.4919,-0.70982,-3.41859,0.0643474,6766.47,0
5.69521,38.508,-0.657481,-3.34928,0.0737282,6761.46,0
5.70174,38.5236,-0.582777,-3.43421,0.0828721,6756.46,0
5.70824,38.4482,-0.607043,-3.39298,0.0255413,6735.55,0
5.71475,38.6307,-0.527195,-3.60848,0.158167,6759.83,0
5.72125,38.6499,-0.383785,-3.78843,0.163807,6755.51,0
5.72781,38.9439,-0.51557,-3.79253,0.36468,6799.08,0
5.73432,39.0086,-0.752013,-3.46455,0.381553,6802.66,0
5.74081,39.2642,-0.823082,-3.40612,0.521131,6839.49,0
5.7473,39.2666,-1.20575,-3.45191,0.472487,6832.19,0
5.75381,39.2619,-1.15507,-3.56909,0.434757,6823.62,0
5.76035,39.6465,-1.35795,-3.5373,0.665344,6882.66,0
5.76685,39.6118,-1.30788,-3.51665,0.569449,6868.88,0
5.77333,39.5138,-1.30618,-3.83782,0.455521,6844.19,0
5.77989,39.4491,-1.17364,-3.71685,0.369581,6825.23,0
5.78642,39.4434,-1.126,-4.03726,0.339249,6816.55,0
5.79292,39.5426,-1.30775,-3.88229,0.380186,6826.03,0
5.79942,39.4362,-1.13844,-3.98908,0.274039,6800.03,0
5.80594,39.2866,-1.34547,-3.98507,0.147418,6766.61,0
5.8125,39.5995,-1.37024,-3.66726,0.364277,6812.82,0
5.81905,39.7188,-1.35671,-3.56358,0.423992,6825.66,0
5.82551,39.5657,-1.34087,-3.62241,0.281409,6791.8,0
5.83203,39.6651,-1.31067,-3.7658,0.335487,6801.25,0
5.83852,40.0457,-1.4514,-3.87914,0.575731,6858.87,0
5.84506,39.6802,-1.44377,-3.90086,0.26634,6788.68,0
5.8515,39.9167,-1.37109,-3.74503,0.410447,6821.62,0
5.85803,39.8879,-1.32224,-3.36494,0.360643,6809.1,0
5.86455,39.9117,-1.25903,-3.34827,0.353259,6805.59,0
5.87107,40.2362,-1.37203,-3.42111,0.552407,6853.3,0
5.87758,40.0038,-1.1091,-3.0159,0.343057,6806.16,0
5.88408,39.9898,-1.16754,-3.03797,0.309291,6796.28,0
5.89057,39.7934,-1.38594,-3.02096,0.146475,6755.43,0
5.8971,39.7417,-1.42218,-2.90101,0.102294,6739.19,0
5.90364,39.8365,-1.3875,-3.01938,0.166396,6747.78,0
5.91016,40.1308,-1.38551,-2.81771,0.361934,6790.14,0
5.91664,40.1207,-1.42816,-2.92012,0.32759,6780.99,0
5.92309,40.1908,-1.61562,-2.85215,0.35988,6785.45,0
5.92958,40.1196,-1.6429,-2.99906,0.28473,6766.01,0
5.93609,40.0192,-1.4741,-2.97941,0.198286,6741.68,0
5.94263,39.9634,-1.60432,-3.02021,0.148114,6724.87,0
5.94913,39.8929,-1.59906,-3.07158,0.0919856,6705.67,0
5.95567,39.9304,-1.62223,-3.01593,0.114393,6704.59,0
5.96218,40.034,-1.60182,-3.03335,0.187819,6714.67,0
5.96864,39.8955,-1.59262,-2.96744,0.0807538,6684.19,0
5.97515,40.0008,-1.61998,-3.06797,0.152453,6694.53,0
5.98167,39.9677,-1.43502,-3.09275,0.119885,6681.7,0
5.98817,39.8432,-1.30177,-3.11776,0.024399,6653.65,0
5.99465,39.8614,-1.18682,-3.0291,0.0367492,6649.51,0
6.00118,39.8716,-1.35274,-2.91822,0.0414278,6643.96,0
6.00772,39.905,-1.35778,-2.99024,0.0650954,6642.3,0
6.01421,39.8735,-1.49886,-3.14669,0.0398095,6629.89,0
6.02075,39.927,-1.34631,-3.16811,0.0756089,6631.56,0
6.02728,39.9057,-1.37573,-3.35148,0.0573854,6620.86,0
6.03375,40.0892,-1.29713,-3.32931,0.188048,6644.15,0
6.04031,40.2284,-1.37773,-3.36367,0.277763,6659.99,0
6.0468,40.2206,-1.26267,-3.54229,0.254708,6651.55,0
6.05334,40.2297,-1.19971,-3.4174,0.249881,6645.87,0
6.05985,40.1682,-0.994208,-3.29863,0.194884,6628.59,0
6.06637,40.146,-1.27847,-3.47436,0.1652,6617.8,0
6.07291,40.0931,-1.51223,-3.59716,0.121045,6601.96,0
6.07943,40.1117,-1.52421,-3.6007,0.13015,6597.94,0
6.08591,40.1066,-1.61964,-3.48151,0.120834,6590.07,0
6.09241,40.0446,-1.78703,-3.30421,0.0719572,6572.87,0
6.09891,40.1208,-1.94337,-3.13993,0.125482,6578.35,0
6.10541,40.2519,-1.86096,-2.95978,0.210799,6592.82,0
6.11189,40.517,-1.79243,-2.87865,0.39151,6629.21,0
6.1184,40.5807,-1.85197,-3.01364,0.41224,6632.58,0
6.1249,40.6704,-1.85388,-2.87877,0.449086,6640.17,0
6.1314,40.377,-1.95616,-2.63312,0.207164,6585.27,0
6.13791,40.7612,-2.18431,-2.5217,0.466612,6640.9,0
6.14441,40.6348,-2.11198,-2.60344,0.334704,6613.29,0
6.15093,41.0628,-2.42335,-2.25922,0.606233,6675.87,0
6.15744,41.1734,-2.65777,-2.03822,0.631632,6686.77,0
6.16391,41.3482,-2.71384,-2.22616,0.685618,6708.1,0
6.17043,40.9747,-2.74151,-2.43419,0.354387,6640.49,0
6.17694,40.8265,-2.78052,-2.58408,0.220072,6609.5,0
6.18346,40.6795,-2.81321,-2.78972,0.101763,6578.77,0
6.18999,40.7415,-2.89125,-2.97417,0.142432,6581.84,0
6.19652,40.944,-3.04396,-2.99369,0.284938,6607.59,0
6.20302,41.0154,-3.02834,-2.69961,0.312483,6612.17,0
6.20955,41.0853,-2.96662,-2.87372,0.340539,6616.48,0
6.21604,41.0307,-2.78932,-2.78147,0.27268,6600.77,0
6.22246,41.1682,-2.61953,-2.90377,0.350643,6616.06,0
6.22898,41.1751,-2.95489,-3.08142,0.325642,6610.25,0
6.23551,41.3997,-2.7422,-2.99897,0.462937,6639.34,0
6.24204,41.3984,-2.76191,-3.14021,0.425855,6632.19,0
6.24852,41.6099,-2.81546,-3.2519,0.53518,6659.17,0
6.25504,41.5657,-3.08662,-3.15393,0.457884,6645.16,0
6.26154,41.5835,-2.76179,-3.01514,0.440365,6641.1,0
6.26805,41.5516,-2.71011,-3.27687,0.373046,6629.11,0
6.27456,41.7796,-2.80316,-3.08296,0.498677,6658.57,0
6.28108,42.0485,-2.73984,-3.13162,0.644277,6694.47,0
6.28755,42.0832,-2.60441,-3.46205,0.601095,6693.09,0
6.29409,41.9012,-3.07477,-3.61733,0.417502,6657.23,0
6.30058,41.916,-3.26225,-3.6185,0.385848,6652.72,0
6.30712,41.9773,-3.17863,-3.59919,0.404501,6655.54,0
6.31371,42.0089,-2.94269,-3.66211,0.390426,6653.6,0
6.32024,41.9579,-2.5874,-3.91797,0.324049,6638.65,0
6.32669,42.0266,-2.46725,-4.00222,0.349938,6642.74,0
6.33322,42.056,-2.36756,-3.99006,0.348414,6640.54,0
6.33972,41.8727,-2.45363,-4.07801,0.19969,6604.82,0
6.34622,41.8301,-2.41927,-4.25412,0.15988,6591.34,0
6.35272,41.813,-2.35212,-4.47478,0.139071,6581.9,0
6.35926,41.9979,-2.22936,-4.47381,0.264587,6604.21,0
6.36574,42.1591,-2.15679,-4.40903,0.366093,6622.81,0
6.37227,41.9399,-2.12962,-4.21733,0.187134,6581.62,0
6.37878,41.9949,-2.11146,-4.33152,0.217137,6583.54,0
6.38528,41.9204,-2.41741,-4.37424,0.15685,6565.16,0
6.39179,41.9152,-2.2581,-4.23133,0.14477,6557.66,0
6.39832,41.9695,-2.42981,-3.96473,0.176642,6559.45,0
6.40482,41.9744,-2.49944,-3.7549,0.169116,6553.56,0
6.41133,42.0006,-2.43753,-3.95653,0.17794,6551,0
6.41786,42.0645,-2.31658,-3.98825,0.211368,6554.28,0
6.42433,41.9841,-2.35213,-3.93454,0.142753,6535.17,0
6.43085,41.87,-2.46892,-3.95365,0.0502624,6510.81,0
6.43737,42.0261,-2.59232,-3.9716,0.164782,6528.46,0
6.44385,42.091,-2.83508,-3.96113,0.200877,6531.97,0
6.45033,42.1298,-2.92617,-3.97555,0.216999,6531.42,0
6.45684,42.0293,-3.06921,-3.84703,0.129796,6509.27,0
6.46336,42.0778,-2.97059,-3.79759,0.156853,6510.21,0
6.46987,42.2847,-2.96746,-3.73192,0.296994,6535.64,0
6.47633,42.177,-2.8988,-3.6493,0.197408,6512.49,0
6.48283,42.1629,-2.82271,-3.81656,0.176298,6503.78,0
6.48933,41.9842,-2.73936,-3.81928,0.0388188,6469.73,0
6.49589,41.996,-2.61725,-3.71067,0.046211,6465.01,0
6.5024,42.2904,-2.71021,-3.59235,0.259563,6503.82,0
6.50889,42.216,-2.72539,-3.65464,0.19226,6485.9,0
6.51538,42.3736,-2.70328,-3.48135,0.28983,6503.62,0
6.52194,42.4253,-2.9178,-3.25794,0.302899,6505.02,0
6.52847,42.5791,-2.83266,-3.32668,0.38953,6522.06,0
6.53499,42.7365,-3.0422,-3.1641,0.469661,6539.64,0
6.54152,43.0079,-3.02504,-3.08395,0.624096,6574.6,0
6.54806,42.7844,-3.15585,-3.32413,0.398872,6533.91,0
6.55458,43.015,-3.09061,-3.29987,0.526603,6562.57,0
6.56107,43.0896,-3.14715,-3.28432,0.530875,6567.46,0
6.5676,43.0989,-2.95286,-3.58267,0.496978,6562.34,0
6.57411,43.2736,-2.87565,-3.54454,0.57886,6582.43,0
6.58067,43.2076,-2.62288,-3.598,0.488746,6565.84,0
6.58716,43.4173,-2.88975,-3.89798,0.596709,6591.2,0
6.59366,43.6816,-2.99808,-4.07484,0.729903,6624.79,0
6.60016,43.3011,-2.87975,-3.84226,0.395629,6560.62,0
6.60664,43.4215,-3.00503,-3.73024,0.449386,6572.41,0
6.6132,43.8593,-2.72276,-3.6668,0.718281,6632.09,0
6.61974,44.004,-2.91543,-4.01168,0.726203,6647.4,0
6.62627,43.8826,-2.88182,-4.15102,0.564896,6622.51,0
6.63277,43.8164,-2.70142,-4.04884,0.460548,6606.05,0
6.6393,43.6417,-2.48402,-3.99038,0.30892,6573.25,0
6.64577,43.4637,-2.42388,-4.07314,0.160644,6540.05,0
6.6523,43.2687,-2.41563,-4.10365,0.0121617,6504.33,0
6.65876,43.4469,-2.38218,-4.19437,0.140999,6524.77,0
6.66523,43.5028,-2.31164,-4.38035,0.175753,6526.82,0
6.67174,43.5578,-2.25159,-4.18313,0.212268,6528.7,0
6.6783,43.5572,-1.9699,-4.45237,0.197801,6522.2,0
6.68483,43.8012,-2.22863,-4.16267,0.362802,6552.32,0
6.69132,43.8195,-2.22472,-4.0744,0.352451,6548.71,0
6.69784,43.8215,-2.26517,-4.02444,0.326843,6542.63,0
6.70438,43.883,-2.30505,-4.05801,0.343252,6545.43,0
6.71088,44.109,-2.55813,-4.10198,0.474516,6572.76,0
6.71735,44.1877,-2.31473,-4.31313,0.4864,6578.14,0
6.72387,44.3502,-2.22051,-4.2323,0.561318,6595.93,0
6.73042,44.2824,-2.27744,-3.78741,0.461243,6579.44,0
6.73691,44.2196,-2.41703,-3.79542,0.384928,6563.78,0
6.74337,44.4235,-2.45368,-3.71603,0.496269,6587.73,0
6.74987,44.3743,-2.51382,-3.71581,0.415617,6574.09,0
6.75637,44.3143,-2.58639,-3.81124,0.341067,6558.89,0
6.76288,44.3364,-2.5632,-3.98888,0.332139,6555.84,0
6.76937,44.421,-2.52904,-4.23915,0.367818,6562.05,0
6.77587,44.5985,-2.74744,-4.59579,0.468379,6581.96,0
6.78235,44.4203,-2.54273,-4.61953,0.302773,6549.4,0
6.78888,44.637,-2.51614,-4.41126,0.439569,6575.01,0
6.79539,44.675,-2.60447,-4.54386,0.435592,6574.31,0
6.80189,44.8734,-2.71865,-4.43791,0.542594,6597.2,0
6.80839,44.7213,-2.64602,-4.39381,0.387279,6568.56,0
6.8149,44.6326,-2.3819,-4.4905,0.303077,6549.26,0
6.82141,44.7401,-2.43591,-4.79925,0.353943,6558.78,0
6.82794,44.7326,-2.50688,-4.86159,0.321908,6551.4,0
6.83447,44.7988,-2.6006,-4.87883,0.345672,6554.83,0
6.84096,44.9605,-2.56037,-4.93166,0.431786,6572.26,0
6.8475,44.6715,-2.55488,-4.75085,0.19473,6523.77,0
6.854,44.67,-2.37145,-4.74052,0.180487,6517.37,0
6.86049,44.7617,-2.22344,-4.81564,0.236386,6524.57,0
6.86702,44.8553,-2.22273,-4.78041,0.286849,6531.99,0
6.87353,44.7341,-2.1613,-4.55952,0.184088,6508.18,0
6.88004,44.6659,-2.50845,-4.60718,0.126718,6492.11,0
6.88653,44.6721,-2.52379,-4.61888,0.123413,6486.89,0
6.89303,44.7721,-2.42576,-4.64639,0.186023,6495.27,0
6.89951,44.7448,-2.41538,-4.68334,0.158515,6485.22,0
6.90607,44.6218,-2.37341,-4.67221,0.0604672,6461.24,0
6.91259,44.8024,-2.41431,-4.5336,0.187892,6481.27,0
6.91915,44.755,-2.29035,-4.3444,0.144073,6468.28,0
6.92563,44.6657,-2.16585,-4.26621,0.0729285,6449.34,0
6.93215,44.8241,-2.0779,-4.27845,0.185683,6466.12,0
6.93859,45.1061,-2.05651,-4.31612,0.372971,6500.75,0
6.94511,45.2863,-2.17921,-4.24671,0.467781,6520.61,0
6.95163,45.1274,-2.08371,-4.70049,0.313471,6491.63,0
6.95818,45.3016,-2.05547,-4.51215,0.412454,6510.55,0
6.96468,45.2752,-2.142,-4.29306,0.356654,6500.68,0
6.9712,45.3932,-2.1536,-4.51067,0.412624,6511.54,0
6.97773,45.625,-2.10274,-4.16604,0.542067,6538.67,0
6.98427,45.6045,-2.03373,-4.20433,0.480803,6529.6,0
6.99074,45.542,-1.74956,-3.87034,0.396373,6514.61,0
6.99724,45.4349,-1.70221,-3.92674,0.288512,6493.26,0
7.00377,45.4244,-1.83007,-3.723,0.256391,6485.7,0
7.01026,45.4728,-1.6041,-3.77568,0.276843,6486.61,0
7.01679,45.5133,-1.41821,-3.91725,0.285614,6486.35,0
7.02329,45.4059,-1.23024,-3.74815,0.186865,6465.05,0
7.0298,45.4801,-1.07338,-3.61238,0.230232,6469.6,0
7.03639,45.4973,-1.25933,-3.80278,0.227349,6466,0
7.04293,45.545,-1.33013,-3.95825,0.247024,6466.77,0
7.04942,45.768,-1.54358,-4.16689,0.384244,6492.45,0
7.05592,45.851,-1.34102,-4.39421,0.416041,6498.23,0
7.06241,45.5955,-1.14448,-4.44826,0.203323,6456.09,0
7.06892,45.5014,-1.17652,-4.41879,0.119879,6436.82,0
7.07541,45.8791,-0.903046,-4.26431,0.384805,6484.31,0
7.08187,45.8006,-0.937325,-3.98506,0.302613,6467.3,0
7.08835,45.6935,-0.934287,-3.86344,0.204067,6446.28,0
7.09486,45.8258,-0.892982,-4.06989,0.289464,6459.02,0
7.10133,45.5854,-0.884648,-4.04619,0.0951779,6419.27,0
7.10784,45.7104,-0.887086,-3.9424,0.183388,6430.98,0
7.11435,45.7994,-0.635315,-4.07615,0.238522,6437.61,0
7.12086,46.0574,-1.00854,-4.11872,0.399799,6467.95,0
7.12739,46.1666,-0.761017,-3.78704,0.44001,6477.35,0
7.13394,46.1954,-1.23824,-3.87584,0.425329,6475.44,0
7.14044,46.1542,-1.09813,-3.8658,0.368113,6463.77,0
7.14693,46.3941,-0.750036,-3.50576,0.500173,6491.47,0
7.15346,46.5754,-0.502996,-3.86827,0.579489,6510.9,0
7.16,46.5787,-0.320814,-3.81108,0.522735,6505.41,0
7.16646,46.7128,-0.623118,-3.77009,0.567928,6518.25,0
7.17296,46.6431,-0.54089,-3.99806,0.466746,6502.62,0
7.17946,46.5889,-0.760522,-4.05333,0.391997,6489.2,0
7.186,46.566,-0.849481,-3.87198,0.348939,6480.1,0
7.19251,46.5617,-0.577304,-3.69231,0.317453,6473.63,0
7.19901,46.8865,-0.571304,-3.52572,0.525247,6512.91,0
7.2055,47.1666,-0.760786,-3.30417,0.683939,6545.91,0
7.21201,47.3635,-0.613275,-3.50729,0.755147,6567.32,0
7.21849,47.6344,-0.921188,-3.06588,0.859769,6598.95,0
7.22499,47.7924,-0.564875,-3.12218,0.879534,6614.87,0
7.23152,48.0071,-0.490297,-2.88811,0.921094,6638.58,0
7.23804,48.1469,-0.649668,-2.86615,0.920035,6651.93,0
7.24456,48.4457,-0.818285,-2.99324,1.02393,6687.19,0
7.25106,48.1836,-0.904631,-3.05742,0.716818,6645.05,0
7.25756,48.1235,-0.902323,-2.98636,0.602207,6630.8,0
7.26404,48.0483,-1.00642,-2.8046,0.493614,6614.54,0
7.27054,47.7477,-1.13403,-2.54108,0.23735,6567.27,0
7.27702,47.8676,-1.30013,-2.72553,0.31034,6577.91,0
7.28354,47.6041,-1.36591,-2.76215,0.0994109,6535.85,0
7.29007,47.5839,-1.32804,-2.7302,0.0817044,6527.22,0
7.29658,47.546,-1.35784,-2.85534,0.0514585,6516.2,0
7.30307,47.5319,-1.32356,-2.97708,0.038944,6508.49,0
7.30958,47.604,-1.24201,-2.84844,0.0921181,6512.56,0
7.31607,47.703,-1.16341,-2.90192,0.159948,6520.31,0
7.32255,47.9033,-1.27875,-2.81769,0.301937,6541.89,0
7.32904,47.8317,-1.2345,-2.75726,0.226855,6526.33,0
7.33558,48.0149,-1.35011,-2.62431,0.343815,6545.49,0
7.34212,48.0361,-1.34967,-2.89281,0.334629,6542.53,0
7.34861,48.0123,-1.2858,-2.74625,0.297977,6533.52,0
7.35514,47.8306,-1.15832,-2.69738,0.150975,6503.01,0
7.36166,47.9168,-1.14782,-2.74914,0.207348,6508.97,0
7.3682,48.1282,-1.02278,-2.5148,0.341699,6531.88,0
7.37471,48.2345,-1.09043,-2.78832,0.375848,6540.52,0
7.38117,48.3961,-1.11602,-2.82484,0.466334,6556.7,0
7.38765,48.5036,-0.904339,-2.93201,0.496895,6565.49,0
7.39418,48.8122,-0.564003,-2.72987,0.664671,6601.44,0
7.40065,48.8993,-0.786619,-2.59616,0.664226,6607.44,0
7.40716,48.8692,-0.504149,-2.5606,0.583594,6597.56,0
7.41366,49.0851,-0.603621,-2.48387,0.660638,6620.91,0
7.42014,49.1962,-0.502374,-2.44671,0.668326,6630.09,0
7.4266,49.1746,-0.497254,-2.24489,0.587581,6621.41,0
7.43314,49.3707,-0.279323,-2.56849,0.674672,6641.98,0
7.43968,49.2522,-0.146093,-2.70911,0.522956,6620.21,0
7.44621,49.3212,0.0679976,-2.24682,0.522652,6623.67,0
7.45273,49.574,0.212137,-2.26606,0.657028,6651.79,0
7.45922,49.5534,0.168885,-2.19688,0.58433,6643.24,0
7.46572,49.4409,0.0209001,-2.03184,0.456502,6622.38,0
7.47224,49.4737,-0.0468121,-1.84254,0.446836,6621,0
7.47874,49.4778,-0.103337,-1.63013,0.411393,6615.8,0
7.48527,49.829,-0.0161607,-1.83099,0.628906,6656.95,0
7.49179,50.2052,-0.202679,-1.50569,0.832902,6701.37,0
7.49831,50.2703,0.0175652,-1.22605,0.775618,6704.22,0
7.50485,50.4406,0.378034,-1.27203,0.821976,6721.06,0
7.51137,50.2123,0.423761,-1.25859,0.575126,6684.84,0
7.51786,50.4143,0.362041,-1.11798,0.652642,6705.93,0
7.52436,50.2521,0.413012,-1.0581,0.480591,6678.6,0
7.53087,50.3116,0.50825,-1.30086,0.48477,6680.71,0
7.53739,50.491,0.473897,-1.62737,0.566589,6698.74,0
7.54389,50.624,0.897033,-1.72829,0.607664,6710.59,0
7.55036,50.4365,1.06604,-1.83995,0.415811,6680.01,0
7.55691,50.6545,1.01533,-1.85898,0.532934,6703.07,0
7.56342,50.4783,0.841609,-1.77431,0.357838,6674,0
7.56999,50.932,0.901101,-1.44388,0.656766,6728.14,0
7.57649,50.7961,0.981732,-1.61605,0.500323,6704.44,0
7.58301,51.0038,1.22784,-1.67056,0.600785,6726.06,0
7.58947,50.9423,0.783792,-1.54052,0.496571,6712.23,0
7.59603,50.9087,0.701021,-1.79528,0.432617,6702.01,0
7.60257,50.7431,0.598299,-1.81833,0.280587,6674.46,0
7.60909,50.721,0.609201,-1.61231,0.244293,6665.84,0
7.61556,50.7451,0.599577,-1.44253,0.246902,6663.35,0
7.62202,50.6286,0.788523,-1.40872,0.14967,6642.41,0
7.62855,50.594,0.656783,-1.29147,0.115029,6632.19,0
7.63509,50.7888,0.492883,-1.02419,0.253265,6652.02,0
7.64161,50.8972,0.752139,-0.943224,0.31654,6660.54,0
7.64807,50.9816,0.855816,-0.888091,0.353475,6665.94,0
7.65457,51.1043,0.83968,-0.790705,0.417693,6676.32,0
7.66111,51.3957,0.792016,-0.671279,0.59107,6708.65,0
7.66761,51.223,0.649927,-0.659271,0.420074,6680.44,0
7.6741,50.8615,0.79021,-0.41247,0.133612,6627.68,0
7.68062,51.0133,0.668883,-0.452081,0.237556,6641.82,0
7.6871,51.0927,0.562341,-0.340033,0.280043,6646.55,0
7.6936,51.1322,0.739058,-0.248291,0.289616,6646.07,0
7.70013,51.1458,0.706708,-0.534657,0.278607,6642.2,0
7.70669,51.3412,0.813632,-0.291901,0.407601,6661.91,0
7.71318,51.4353,0.755984,-0.126113,0.437745,6668.5,0
7.71966,51.385,0.841416,-0.13189,0.366199,6656.39,0
7.72621,51.4529,0.487827,-0.349929,0.389742,6659.53,0
7.73276,50.9856,0.586064,-0.338251,0.0295535,6593.45,0
7.73926,51.1742,0.801462,-0.268421,0.165053,6612.29,0
7.74581,51.1751,0.988368,-0.0692087,0.155151,6606.82,0
7.75232,51.2547,0.892025,-0.176054,0.202949,6611.53,0
7.75874,51.2924,0.736242,-0.205525,0.216611,6610.92,0
7.76525,51.4484,0.892384,-0.437667,0.31483,6625.47,0
7.77176,51.384,0.627384,-0.265285,0.248624,6611.63,0
7.77831,51.2955,0.624809,-0.19597,0.167175,6594.68,0
7.78477,51.3964,0.748771,-0.138225,0.233238,6602.18,0
7.79127,51.2198,0.711726,-0.0816287,0.0949273,6574,0
7.79781,51.4789,0.447018,-0.170752,0.27825,6601.71,0
7.80427,51.8088,0.36567,-0.283373,0.495836,6638.52,0
7.81079,51.7995,0.570963,-0.524464,0.443175,6631.79,0
7.81726,51.9413,0.33546,-0.783102,0.500256,6644.44,0
7.82375,51.8175,0.141493,-1.05429,0.374704,6623.1,0
7.83028,51.9134,0.193254,-0.939641,0.412606,6629.83,0
7.83677,52.1547,-0.20699,-0.828686,0.550389,6655.13,0
7.84326,52.2516,-0.167566,-0.626845,0.574233,6661.97,0
7.84975,52.3522,-0.0874102,-0.618275,0.588784,6669.28,0
7.85625,52.3002,-0.243138,-0.826242,0.503211,6657.15,0
7.86277,52.0979,-0.248071,-0.756208,0.316952,6625.89,0
7.86928,51.9936,-0.0958008,-0.786272,0.220844,6607.16,0
7.87574,52.0638,-0.428108,-0.643869,0.255116,6610.66,0
7.88224,52.1221,-0.512617,-0.598163,0.287501,6612.6,0
7.88875,52.0206,-0.497844,-0.544761,0.193039,6594.28,0
7.89529,52.1339,-0.386402,-0.406509,0.268353,6603.16,0
7.90179,52.0936,-0.201595,-0.445482,0.223318,6592.63,0
7.90828,52.2231,-0.0853761,-0.289841,0.294046,6603.61,0
7.91478,52.1841,-0.120455,-0.492894,0.241854,6593.25,0
7.92127,52.1779,-0.384424,-0.484123,0.224331,6587.06,0
7.92779,52.2823,-0.134272,-0.549804,0.285093,6594.82,0
7.93426,52.5027,-0.174341,-0.365257,0.424345,6617.21,0
7.94079,52.3169,0.158325,-0.293473,0.265953,6588.38,0
7.9473,52.2242,0.171543,-0.545418,0.180855,6571.31,0
7.95382,52.2743,0.405678,-0.375403,0.207287,6572.22,0
7.96034,52.1545,0.551217,-0.432445,0.109966,6551.79,0
7.96688,52.1752,0.928184,-0.390367,0.121455,6549.01,0
7.97337,52.1009,0.930558,-0.399322,0.0631765,6534.36,0
7.97988,52.0558,0.815755,-0.413457,0.0281881,6523.38,0
7.98643,52.1142,0.842102,-0.362873,0.0702273,6525.34,0
7.99291,52.0653,0.616181,-0.437083,0.0315586,6513.93,0
7.9994,52.2825,0.693025,-0.246269,0.19095,6535.81,0
8.00595,52.1612,0.854328,-0.334772,0.09142,6515.3,0
8.01249,52.2047,0.988588,-0.189708,0.120006,6515.42,0
8.01898,52.4992,0.985191,-0.462286,0.325702,6546.87,0
8.02549,52.3744,0.780962,-0.240392,0.211464,6526.01,0
8.03197,52.4428,0.839651,-0.0769344,0.246944,6529.25,0
8.03847,52.3264,0.783128,-0.0194365,0.153532,6509.49,0
8.04495,52.414,0.804992,-0.0583062,0.212326,6515.14,0
8.05145,52.3353,0.925155,0.137479,0.147847,6500.11,0
8.05797,52.2527,1.00795,-0.207054,0.0808122,6484.59,0
8.0645,52.3159,0.799703,-0.28279,0.123502,6487.18,0
8.07102,52.5115,0.942783,-0.145909,0.256213,6506.18,0
8.07752,52.7665,0.946849,0.0712987,0.422195,6532.51,0
8.084,52.7548,0.917593,-0.0899002,0.377846,6525.83,0
8.09049,52.8814,0.892955,-0.285399,0.445092,6536.24,0
8.09699,52.5334,0.737052,-0.160013,0.163691,6488.02,0
8.1035,52.6062,0.750872,-0.0463057,0.20849,6491.78,0
8.11001,52.5549,0.888625,-0.139852,0.160758,6480.25,0
8.11656,53.1231,0.809605,-0.0608583,0.559756,6545.02,0
8.12309,53.1437,0.977145,0.140665,0.526755,6542.3,0
8.12962,52.9638,1.09729,-0.0488032,0.358971,6514.93,0
8.13612,53.1207,0.985372,-0.175048,0.442922,6529,0
8.14259,53.183,0.856384,-0.334643,0.439039,6531.46,0
8.14909,53.0668,1.15132,-0.486699,0.322236,6511.99,0
8.15563,53.1449,1.20151,-0.411795,0.353884,6516.35,0
8.16214,53.0205,1.28738,-0.616916,0.242485,6495.91,0
8.16863,53.3991,1.26841,-0.817862,0.495855,6537.1,0
8.1751,53.6391,1.44907,-0.503479,0.613065,6561.28,0
8.18157,53.7663,1.46197,-0.345702,0.655037,6571.64,0
8.18811,53.5603,1.59855,-0.349977,0.445036,6541.23,0
8.19459,53.7193,1.701,-0.195474,0.525787,6555.47,0
8.20109,53.5239,1.84706,-0.196154,0.337529,6526.44,0
8.2076,53.6344,1.65451,-0.00465109,0.385083,6534.73,0
8.21411,53.5555,1.84824,0.0471077,0.301856,6519.94,0
8.22059,53.5695,2.06216,0.0344661,0.286386,6516.5,0
8.22712,53.6232,1.96641,0.352736,0.302853,6517.85,0
8.23363,53.6834,1.99213,0.505291,0.32358,6520.02,0
8.24014,53.3621,1.85084,0.656652,0.0732957,6475.87,0
8.2466,53.3123,1.831,0.512323,0.0347491,6464.77,0
8.25307,53.4818,1.70303,0.633274,0.155257,6480.23,0
8.25955,53.3031,1.7203,0.64884,0.0185284,6453.5,0
8.26602,53.3482,1.65195,0.679495,0.0515001,6453.91,0
8.2726,53.3053,1.77615,0.63933,0.016928,6443.59,0
8.27913,53.3074,1.80145,0.647064,0.0178739,6438.77,0
8.28561,53.3155,1.71215,0.501739,0.0232568,6434.71,0
8.29211,53.4015,1.73575,0.392535,0.0860801,6440.04,0
8.29861,53.3543,1.69357,0.367875,0.0501075,6429.3,0
8.30512,53.6219,1.59074,0.231433,0.242371,6456.48,0
8.31165,53.7377,1.55882,0.168777,0.307587,6465.35,0
8.3182,53.6454,1.39939,0.211809,0.220968,6449.16,0
8.32475,53.7024,1.46437,-0.0790153,0.247869,6450.94,0
8.33127,53.6709,1.37956,0.212865,0.209793,6442.11,0
8.33778,53.4523,1.52532,0.248766,0.0406172,6410.85,0
8.34431,53.4141,1.5208,0.18457,0.0116187,6401.26,0
8.35082,53.5191,1.48139,0.120939,0.0893286,6408.85,0
8.35732,53.6483,1.53882,0.188389,0.179635,6419.31,0
8.36381,53.7617,1.56219,0.170102,0.251643,6427.89,0
8.37032,53.6699,1.34227,0.225284,0.169014,6411.93,0
8.3768,53.6266,1.51088,0.0157887,0.132152,6401.8,0
8.38334,53.5075,1.55657,0.0134962,0.0405432,6382.6,0
8.38986,53.6087,1.55338,0.0597319,0.113058,6389.7,0
8.39633,53.69,1.53668,-0.0215069,0.164901,6394.45,0
8.40282,53.8803,1.37527,-0.374914,0.288402,6412.17,0
8.40934,53.9612,1.60863,-0.237943,0.326844,6416.82,0
8.41587,54.045,1.50698,-0.091676,0.359962,6421.79,0
8.42237,54.0899,1.31555,-0.148145,0.367602,6422.17,0
8.42886,53.9784,1.21175,0.0703269,0.251154,6404,0
8.4354,53.7106,1.27373,-0.0639732,0.0436519,6367.29,0
8.4419,53.7785,1.26749,-0.124533,0.0933693,6370.43,0
8.4484,53.9479,1.25108,0.186398,0.211069,6385.58,0
8.45496,53.7857,1.51434,0.200978,0.0822613,6361.44,0
8.46151,53.717,1.58269,0.290472,0.0294362,6348.39,0
8.46802,53.8743,1.7694,0.490602,0.144719,6362.09,0
8.47451,53.9661,1.66858,0.251101,0.203783,6368.05,0
8.48101,54.0066,1.74312,0.0679852,0.217994,6367.94,0
8.48753,54.0632,1.74357,0.187968,0.243892,6369.73,0
8.49401,53.9775,1.90312,0.336451,0.166216,6354.77,0
8.50054,54.089,1.8906,0.271887,0.235043,6363,0
8.50705,54.3803,1.56721,0.0090981,0.425049,6392.38,0
8.51356,54.5546,1.67711,-0.0624127,0.513016,6407.97,0
8.52006,54.4969,1.72879,-0.190903,0.426549,6396.31,0
8.52657,54.5526,1.67297,-0.230127,0.428355,6397.95,0
8.53302,54.5614,1.73798,-0.483605,0.402549,6394.16,0
8.53952,54.7087,2.12396,-0.204494,0.466137,6406.53,0
8.54601,54.9309,2.13128,0.109841,0.576554,6427.67,0
8.55256,54.5716,2.01784,0.100416,0.277054,6380.74,0
8.55904,54.5747,1.77219,-0.191921,0.254465,6376.27,0
8.56554,54.3814,1.65006,-0.342213,0.0986576,6348.85,0
8.57201,54.3639,1.61935,-0.454768,0.0831136,6342.03,0
8.57854,54.4067,1.5942,-0.446681,0.112748,6342.19,0
8.58507,54.3727,1.66516,-0.484474,0.0817861,6333.4,0
8.59158,54.621,1.61619,-0.427572,0.257447,6357.51,0
8.59808,54.5509,1.49084,-0.701059,0.192271,6344.55,0
8.6046,54.6409,1.58198,-0.726724,0.246938,6350.19,0
8.61113,54.7326,1.37478,-0.664158,0.296265,6356.03,0
8.61769,54.6967,1.36844,-0.524694,0.251034,6347.03,0
8.62421,54.7778,1.29204,-0.540869,0.283748,6351.63,0
8.63069,54.6847,1.47552,-0.44677,0.20098,6336.07,0
8.63722,54.5593,1.57844,-0.575473,0.0968797,6316.76,0
8.64375,54.608,1.81196,-0.43044,0.129142,6317.63,0
8.65024,54.8853,1.64281,-0.506203,0.321271,6344.94,0
8.65673,55.0935,1.42689,-0.559417,0.437873,6364.23,0
8.66326,54.7109,1.21245,-0.46378,0.134106,6315.28,0
8.66974,54.6272,1.13867,-0.583398,0.0651243,6300.9,0
8.67623,54.7108,1.22982,-0.617528,0.120806,6305.82,0
8.68276,55.1408,1.07124,-0.487543,0.421967,6350.61,0
8.68929,54.7459,1.05451,-0.305403,0.11007,6300.39,0
8.69578,54.7528,1.17529,-0.521898,0.110873,6296.48,0
8.70227,54.7873,1.20438,-0.728047,0.132734,6295.74,0
8.70881,54.8691,0.922631,-0.750845,0.186508,6300.42,0
8.71527,54.9539,1.07827,-0.642048,0.234011,6305.47,0
8.72178,55.186,0.958299,-0.452724,0.385373,6327.38,0
8.7283,55.2875,1.16184,-0.618049,0.431022,6334.28,0
8.73479,55.5369,1.20861,-0.58062,0.563619,6358.12,0
8.74127,55.5604,1.06668,-0.550208,0.534753,6356.1,0
8.74779,55.5929,1.21926,-0.457071,0.510579,6355.08,0
8.75429,55.3283,1.19987,-0.568843,0.286863,6320.14,0
8.76079,55.4595,1.17256,-0.593822,0.360248,6330.42,0
8.76729,55.7258,1.18854,-0.42128,0.527306,6356.1,0
8.77382,55.6803,0.932555,-0.545869,0.450217,6346.19,0
8.78034,56.1617,0.579391,-0.228634,0.743762,6396.3,0
8.78682,56.4094,0.424244,0.234193,0.844803,6419.78,0
8.79332,56.4551,0.196113,0.258694,0.773659,6420.23,0
8.79988,56.2265,0.148153,0.14306,0.53229,6389.47,0
8.8064,56.0142,-0.109018,0.220995,0.33674,6360.62,0
8.81294,56.0069,-0.331396,0.128418,0.311314,6355.07,0
8.8194,56.176,-0.290482,0.102367,0.411299,6369.6,0
8.82585,56.1354,-0.185587,0.0611147,0.349585,6360.34,0
8.8323,56.498,-0.133392,-0.132133,0.583706,6396.75,0
8.83882,56.6051,0.0992076,0.0162182,0.59896,6404.15,0
8.84532,56.5173,-0.0547152,-0.182336,0.478232,6389.52,0
8.85182,56.4317,-0.170249,-0.0931406,0.383539,6375.15,0
8.85833,56.3393,0.131969,-0.148299,0.296451,6360.03,0
8.86484,56.5978,0.40564,-0.599923,0.460921,6384.53,0
8.87139,56.3504,0.577973,-0.632144,0.251052,6351.93,0
8.87788,56.5477,0.513511,-0.467246,0.376189,6369.5,0
8.88439,56.4903,0.424872,-0.26955,0.301994,6358.38,0
8.89085,56.579,0.785039,-0.236931,0.337731,6363.73,0
8.89739,56.7022,0.669943,-0.25409,0.398847,6372.91,0
8.90389,56.739,0.540392,-0.185033,0.39304,6372.38,0
8.9104,56.5429,0.722873,-0.115007,0.221749,6345.72,0
8.91694,56.5549,0.672808,-0.0619154,0.217007,6342.41,0
8.92341,56.5237,0.612442,-0.0292764,0.17924,6334.32,0
8.9299,56.7749,0.636632,0.0701618,0.345052,6357.85,0
8.93641,57.0027,0.798442,-0.102845,0.487034,6378.71,0
8.94289,57.0965,0.739854,-0.129388,0.514316,6384.57,0
8.9494,57.4697,0.751943,-0.285854,0.727609,6421.63,0
8.95589,57.1408,0.809833,-0.046164,0.419308,6380.24,0
8.96243,57.0801,0.805159,0.00963293,0.344813,6368.82,0
8.9689,57.026,0.781831,-0.0253943,0.274441,6358.19,0
8.97542,56.9703,0.685335,-0.0343678,0.217707,6347.37,0
8.98191,57.1222,0.702874,-0.242449,0.307239,6359.69,0
8.9884,57.1575,0.459257,-0.413462,0.310805,6359.03,0
8.99497,57.177,0.413379,-0.268835,0.302019,6356.55,0
9.00145,57.0506,0.293345,-0.307415,0.195544,6337.94,0
9.00797,56.9008,0.495222,-0.339215,0.0755762,6316.72,0
9.01446,56.9199,0.570869,-0.377856,0.0872371,6314.29,0
9.02097,56.9271,0.437022,-0.31432,0.0889024,6310.53,0
9.02749,57.2907,0.348156,-0.369449,0.350862,6346.26,0
9.03398,56.959,0.666485,-0.424801,0.0870232,6304.97,0
9.04049,56.9994,0.591721,-0.433899,0.112693,6304.9,0
9.04699,56.9066,0.64763,-0.487909,0.0418031,6290.12,0
9.05353,56.8533,0.627589,-0.417411,0.00143822,6279.68,0
9.06008,56.9455,0.523923,-0.351539,0.0686089,6285.31,0
9.06658,56.8953,0.719593,-0.255461,0.02975,6275.27,0
9.07305,56.9952,0.610559,-0.133264,0.101594,6281.81,0
9.07956,57.2508,0.623088,-0.317431,0.280253,6305.46,0
9.08607,57.3041,0.708782,-0.37069,0.299431,6306.8,0
9.0926,57.3388,0.741352,-0.334399,0.301616,6306.09,0
9.09912,57.2584,0.496152,-0.579952,0.226544,6292.74,0
9.10561,57.5221,0.653248,-0.180529,0.4041,6317.22,0
9.11212,57.5555,0.390391,-0.110222,0.391251,6316.36,0
9.11861,57.3848,0.255175,-0.291779,0.235003,6293.15,0
9.12513,57.6968,-0.038519,-0.485142,0.43959,6322.84,0
9.13166,57.7909,-0.306283,-0.371287,0.472577,6328.63,0
9.13815,57.7874,-0.338104,-0.465818,0.427914,6323.75,0
9.14467,58.059,-0.476678,-0.441665,0.57288,6348.95,0
9.15117,57.9592,-0.54527,-0.642353,0.435811,6333.53,0
9.15765,57.9163,-0.503812,-0.82917,0.371858,6324.36,0
9.16414,57.8705,-0.549856,-0.71997,0.305893,6314.88,0
9.17065,57.8146,-0.455071,-0.764216,0.245709,6304.31,0
9.17717,58.2245,-0.440066,-0.839039,0.522408,6344.49,0
9.18366,58.138,-0.484284,-0.342582,0.410535,6330.59,0
9.19016,58.1724,-0.519564,-0.243071,0.40212,6329.86,0
9.19666,58.5009,-0.605257,0.0843611,0.614653,6361.11,0
9.20309,58.5595,-0.958009,0.292267,0.598809,6363.03,0
9.20965,58.2055,-0.860298,0.416046,0.295328,6320.06,0
9.21619,58.1929,-1.15222,0.56291,0.268742,6314.2,0
9.22268,58.477,-0.920979,0.389578,0.450429,6340.56,0
9.22917,58.3699,-1.1899,0.534471,0.340118,6324.5,0
9.23566,58.5495,-0.966594,0.474807,0.445558,6339.5,0
9.24218,58.4555,-0.946643,0.691222,0.341276,6324.87,0
9.24868,58.445,-0.984306,0.671367,0.311904,6319.28,0
9.2552,58.3982,-0.741473,0.668029,0.254201,6309.77,0
9.2617,58.284,-0.745533,0.679598,0.156911,6293.01,0
9.26819,58.4047,-0.416541,0.688468,0.235856,6301.62,0
9.27468,58.2657,-0.364493,0.65369,0.120393,6282.23,0
9.28116,58.2588,-0.386643,0.560299,0.112616,6277.1,0
9.28771,58.2335,-0.265404,0.532191,0.0883423,6269.95,0
9.29416,58.3081,-0.222306,0.566067,0.136914,6273.62,0
9.30067,58.4158,-0.371549,0.519817,0.208395,6280.82,0
9.30716,58.2842,-0.443218,0.428767,0.10039,6262.29,0
9.31368,58.5572,-0.248633,0.613678,0.291417,6287.23,0
9.3202,58.3709,-0.623187,0.855776,0.135091,6262.84,0
9.32667,58.4902,-0.82675,0.899843,0.215083,6271.28,0
9.33319,58.6443,-0.762189,1.0132,0.311342,6283.42,0
9.33972,58.6672,-0.770394,0.884111,0.31168,6281.48,0
9.34625,58.5575,-0.832797,0.661808,0.21185,6265.35,0
9.35277,58.8423,-0.685532,0.586713,0.405531,6291.43,0
9.35928,58.948,-0.653004,0.363129,0.440493,6298.34,0
9.36578,58.6064,-0.719685,0.147626,0.161014,6257.5,0
9.37232,58.7022,-0.605733,0.120392,0.221904,6263.36,0
9.37879,58.6407,-0.397933,-0.107749,0.162901,6252.48,0
9.38529,58.626,-0.443601,-0.113898,0.148941,6246.59,0
9.39182,58.6571,-0.308069,-0.168151,0.165617,6245.55,0
9.39833,58.69,-0.15281,-0.343787,0.18171,6244.72,0
9.40486,58.9393,-0.051483,-0.152375,0.351268,6266.9,0
9.41136,59.0105,-0.00768206,-0.10803,0.372733,6270.13,0
9.41786,59.1142,0.49298,-0.116853,0.415521,6276.82,0
9.42435,58.9726,0.422205,0.206646,0.28287,6257.47,0
9.43082,58.9029,0.563235,0.137495,0.212915,6245.79,0
9.43732,59.0292,0.541043,0.199077,0.288486,6254.87,0
9.44381,59.1443,0.32543,0.254723,0.347276,6262.76,0
9.45031,58.9853,0.443961,0.0398207,0.206766,6241.62,0
9.45687,58.9509,0.426638,0.0763456,0.17468,6233.66,0
9.46335,59.2246,0.213188,0.229429,0.360413,6258.31,0
9.46989,59.2966,-0.124009,0.448532,0.386141,6261.6,0
9.47639,59.6235,0.175814,0.477397,0.584999,6291.79,0
9.48291,59.5668,0.149787,0.438781,0.492626,6281.48,0
9.48942,59.5438,0.0184198,0.424174,0.437611,6274.75,0
9.49594,59.6112,0.0703295,0.470509,0.452879,6277.55,0
9.50242,59.9021,-0.0122099,0.62602,0.619152,6303.88,0
9.5089,59.8874,-0.0183739,0.638308,0.542201,6298.04,0
9.51541,59.6641,-0.279504,0.478793,0.340255,6270.27,0
9.52188,59.6894,-0.438669,0.486243,0.33856,6268.66,0
9.52842,59.8434,-0.462356,0.303739,0.421155,6280.52,0
9.53491,59.7399,-0.646755,0.41077,0.318592,6265.38,0
9.54141,59.7547,-0.577845,0.538416,0.302033,6262.67,0
9.54795,59.8061,-0.720031,0.589657,0.325048,6263.76,0
9.55445,60.0445,-0.539925,0.820795,0.472712,6284.45,0
9.56098,59.9864,-0.469073,1.04664,0.389502,6274.08,0
9.56747,60.0751,-0.270581,1.04652,0.422512,6279.1,0
9.574,59.9958,-0.0590445,0.98229,0.33272,6266.53,0
9.5805,59.8857,-0.0875877,0.989239,0.232291,6250.79,0
9.58701,59.9349,-0.228659,1.08386,0.250191,6251.67,0
9.59349,60.2467,-0.253379,1.14333,0.458978,6279.95,0
9.59998,60.0704,-0.417365,1.24307,0.303797,6257.34,0
9.60647,59.9806,-0.671316,1.44645,0.216537,6243.77,0
9.61298,60.3722,-0.788013,1.57953,0.477621,6280.29,0
9.61948,60.1936,-0.599304,1.26294,0.306367,6257.47,0
9.62602,60.206,-0.375635,1.03767,0.296474,6254.51,0
9.63252,60.2654,-0.171348,1.19018,0.316835,6256.45,0
9.63902,60.633,-0.346344,1.37886,0.552104,6290.37,0
9.64554,60.5751,-0.454136,1.452,0.452892,6280.11,0
9.65205,60.3018,-0.511564,1.33442,0.223455,6247.56,0
9.65851,60.3223,-0.405821,1.24865,0.223214,6245.51,0
9.66501,60.4533,-0.124255,1.40212,0.299522,6254.86,0
9.67149,60.7244,-0.00751981,1.33086,0.466612,6278.7,0
9.67801,60.6337,0.0208862,1.39271,0.363967,6265.1,0
9.68453,60.769,-0.188907,1.17249,0.439609,6274.85,0
9.69107,60.5318,-0.243155,1.17417,0.231211,6246.14,0
9.69758,60.4327,-0.304603,1.5571,0.146967,6231.73,0
9.70413,60.5517,-0.239049,1.30084,0.223147,6239.79,0
9.71062,60.6239,-0.405173,1.30476,0.254717,6243.05,0
9.71711,60.5634,-0.444071,1.44688,0.199154,6232.65,0
9.7236,60.5359,-0.361897,1.3628,0.169308,6225.67,0
9.73014,60.5761,-0.712004,1.26676,0.192094,6225.62,0
9.73663,60.5717,-0.638836,1.23594,0.174502,6221.01,0
9.74312,60.5967,-0.4825,1.42212,0.178228,6219.43,0
9.74967,60.5044,-0.270497,1.37032,0.0982712,6205.78,0
9.75614,60.4254,-0.414448,1.29572,0.0354197,6193.57,0
9.76263,60.6918,-0.280727,1.23595,0.227207,6216.75,0
9.76912,60.5798,-0.465214,1.19052,0.128429,6201.15,0
9.77565,60.7092,0.0902891,1.28412,0.207395,6210.25,0
9.78213,60.631,0.251607,1.38756,0.136384,6198.14,0
9.78861,60.8654,0.443574,1.35888,0.30087,6217.98,0
9.79515,61.0447,0.447056,1.47095,0.407554,6232.14,0
9.80167,61.0228,0.433027,1.47313,0.358322,6225.75,0
9.80816,61.0314,0.287563,1.56382,0.333497,6222.51,0
9.81469,60.928,0.0965113,1.58689,0.234288,6207.84,0
9.8212,61.0721,0.240047,1.28694,0.322931,6218.4,0
9.82771,61.3589,0.11857,1.30885,0.507347,6243.46,0
9.83424,61.3994,0.133953,0.954838,0.495885,6243.43,0
9.84074,61.4984,0.172637,1.31852,0.524131,6249.36,0
9.84727,61.5477,0.500859,1.22593,0.507353,6250.23,0
9.85372,61.5933,0.435076,1.20059,0.49863,6250.77,0
9.86022,61.4336,0.504186,1.28097,0.339807,6230.45,0
9.86671,61.4875,0.616144,1.40568,0.356065,6231.82,0
9.87324,61.3478,0.655232,1.34563,0.230439,6213.54,0
9.87977,61.3333,0.774429,1.31007,0.201512,6207.97,0
9.88626,61.3215,0.908006,1.2376,0.180999,6202.7,0
9.89277,61.4943,0.900313,1.31883,0.298353,6216.08,0
9.89928,61.6414,0.980253,1.21861,0.381411,6226.85,0
9.90578,61.7111,1.36471,1.29253,0.401347,6229.81,0
9.91231,61.4872,1.43807,1.17196,0.212955,6203.12,0
9.91884,61.7779,1.33236,1.43062,0.411548,6228.34,0
9.92534,61.5894,1.01371,1.53062,0.249404,6205.26,0
9.9319,61.5459,0.698991,1.92779,0.200759,6196.79,0
9.93844,61.4524,0.674777,1.93114,0.123819,6183.31,0
9.94497,61.4036,0.815779,1.95642,0.0834028,6174.34,0
9.95143,61.5874,0.709226,1.90028,0.215161,6188.79,0
9.95792,61.6646,0.824413,2.02224,0.256565,6192.52,0
9.96442,61.8072,0.993339,2.08897,0.340808,6202.79,0
9.97095,61.8748,0.999159,1.87802,0.36409,6205.51,0
9.97745,61.703,1.1112,2.00537,0.221125,6184.24,0
9.98397,61.835,1.06863,1.95355,0.302266,6193.43,0
9.99047,62.0281,1.10104,1.99472,0.423276,6208.73,0
9.99698,61.7551,1.11182,1.73235,0.195031,6177.38,0
10,61.7911,1.20914,1.534,0.216889,6179.11,0
