1.27593,3615.6,34.2922,-129.287,0.481226,-26957.3,0
2.55551,3575.91,66.4359,-142.182,1.27126,-28993.5,0
3.83042,3582,55.7084,-143.285,1.11878,-17752.9,0
5.10796,3579.75,6.54571,-128.675,1.32589,-13753.2,0
6.38748,3571.45,7.41085,-134.983,1.41418,-12297.8,0
7.66281,3580.73,17.5366,-136.558,1.0776,-9039.47,0
8.93392,3573.67,-22.1268,-130.001,1.25037,-8543.43,0
10.2098,3616.83,-7.58058,-159.601,0.0707789,-3248.88,0
11.4804,3598.69,31.2364,-177.288,0.303634,-4469.61,0
12.7626,3584.51,-8.43909,-207.118,0.422649,-5131.77,0
14.0295,3574.89,-19.1405,-194.507,0.739585,-5353.62,0
15.3113,3557.32,-19.5413,-163.714,1.43878,-6052.8,0
16.5793,3530.25,3.02773,-177.344,1.8502,-7222.76,0
17.8498,3535.2,10.6385,-168.747,1.72084,-6431.66,0
19.126,3522.68,-10.4153,-186.494,1.71134,-6656.78,0
20.3926,3503.87,25.6574,-200.997,1.97188,-7166.05,0
21.6566,3502.97,0.968122,-205.484,1.88221,-6789.06,0
22.9293,3508.12,13.3468,-174.503,2.22548,-6187.51,0
24.1957,3503.43,12.5245,-159.43,2.50883,-6057.75,0
25.4799,3479.18,13.3946,-163.479,2.84159,-6703.96,0
26.7473,3501.81,-6.40684,-168.661,1.77303,-5540.35,0
28.02,3507.86,11.021,-185.962,1.19309,-5072.89,0
29.2902,3502.98,-18.5072,-175.31,1.52527,-5019.39,0
30.5656,3525.27,-4.33665,-185.845,0.654257,-4080.88,0
31.8364,3507.28,-31.1748,-167.373,1.44738,-4482.86,0
33.1127,3458.51,-19.815,-164.518,3.06105,-5782.84,0
33.2275,3449.97,-10.4324,-162.854,3.34908,-6020.11,0
