1.27548,3648.52,-83.1924,5.19608,0.018418,-1159.9,0
2.55819,3628.6,-113.21,8.37056,0.261001,-8363.71,0
3.83856,3601.48,-138.029,34.3887,0.633826,-12641.1,0
5.12357,3603.29,-159.698,0.414068,0.498866,-9117.02,0
6.39074,3593.12,-154.922,29.2092,0.74591,-8899.94,0
7.67084,3577.65,-167.047,22.709,1.00791,-9431.69,0
8.95608,3559.99,-161.284,26.2118,1.44765,-10050.4,0
10.2265,3527.53,-162.441,8.52568,2.24045,-11975.5,0
11.5086,3519.8,-153.159,23.6058,2.39825,-11312.9,0
12.7875,3545.85,-190.36,27.5842,0.983307,-8144.52,0
14.0542,3547.43,-198.574,61.7625,0.707003,-7298.42,0
15.3374,3520.24,-182.645,14.1706,1.73918,-8460.52,0
16.6152,3506.79,-183.348,22.2746,1.97651,-8619.39,0
17.89,3498.52,-169.48,-0.882613,2.33391,-8467.27,0
19.1642,3476.77,-173.749,3.06088,2.5974,-9039.14,0
20.4404,3477.85,-160.028,18.831,2.57901,-8422.05,0
21.7001,3464.59,-160.489,24.2783,2.70089,-8544.17,0
22.3781,3449.95,-164.22,52.2234,2.71645,-8939.61,0
