1.26764,3627.9,4.69134,-14.2498,0.537103,-17433.5,0
2.5535,3623.54,11.7146,-37.9002,0.58906,-10363.6,0
3.83381,3617.21,15.1476,-26.386,0.748984,-8551.91,0
5.10635,3618.66,34.6328,-18.6241,0.686188,-6137.09,0
6.38783,3603.01,19.6491,-31.1307,1.06003,-7355.6,0
7.66535,3616.74,34.6042,-20.9379,0.686559,-4338.84,0
8.94408,3597.9,33.5065,-14.5354,1.15782,-5824.91,0
10.2228,3631.48,67.0824,-35.8837,0.20551,-1811.91,0
11.4982,3607.3,79.6605,-36.0393,0.661086,-3713.47,0
12.7667,3610.8,26.9357,-59.9125,0.68391,-3070.76,0
14.0373,3640.32,56.2461,-14.8158,0.0697473,-689.696,0
15.3092,3575.21,53.1184,12.3297,1.62863,-4885.52,0
16.5737,3589.1,17.882,6.75912,1.2947,-3674.68,0
17.8543,3586.25,62.5181,-18.7091,1.11475,-3570.7,0
19.133,3590.77,78.3901,-24.9628,0.852338,-3095.8,0
20.4019,3593.74,85.8194,-22.358,0.716876,-2757.69,0
21.6769,3615.88,83.3923,-36.8435,0.20611,-1574.25,0
22.9525,3614.55,95.7733,-29.8763,0.174611,-1544.52,0
24.2392,3580.1,90.3287,-46.0153,0.904695,-2883.56,0
25.504,3579.67,98.3564,-93.9878,0.550859,-2757.75,0
26.7784,3588.38,48.9704,-134.899,0.253258,-2301.08,0
28.0527,3578.38,52.9076,-102.958,0.694131,-2552.97,0
29.3336,3560.93,42.7849,-89.0632,1.25312,-3036.36,0
30.6032,3553.61,34.2672,-69.9384,1.62641,-3149.67,0
31.8819,3558.15,31.3746,-58.4135,1.53744,-2880.93,0
33.1616,3549.11,41.1313,-40.9373,1.84148,-3042.25,0
34.4279,3547.45,47.7086,-52.1094,1.65268,-2978.81,0
35.6974,3526.7,51.2687,-51.3125,2.14174,-3454.04,0
36.9779,3533.57,39.063,-45.8193,1.96421,-3148.53,0
38.2604,3544.5,52.0219,-25.9984,1.48281,-2757.35,0
39.5186,3533.97,37.3839,-14.4864,2.09717,-2936.21,0
40.7911,3527.84,62.1994,-20.9553,1.73528,-2994.69,0
42.0666,3543.78,33.5944,-35.8831,1.27346,-2525.02,0
43.3475,3530.09,16.3489,-29.0559,2.06844,-2766.33,0
44.6219,3554.14,4.2259,-43.5377,0.798642,-2148.25,0
45.8993,3572.28,26.8833,-34.4846,0.168857,-1693.28,0
47.1777,3545.32,-13.3782,-36.7794,1.16159,-2218.85,0
48.4598,3545.64,-19.8212,-72.4768,0.651891,-2153.5,0
49.7361,3560.09,-37.53,-27.7253,0.502764,-1807.83,0
51.015,3528.58,-36.7307,-19.1612,1.81804,-2380.15,0
52.287,3552.33,-53.7072,-26.9014,0.471243,-1867.92,0
53.5674,3540.6,-90.0921,-14.6751,0.412915,-2042.28,0
54.8366,3517.27,-123.764,11.5734,0.583939,-2420.41,0
56.1093,3523.61,-110.701,-10.1875,0.576905,-2252.52,0
57.3844,3554.35,-68.4459,4.88013,0.271134,-1666.91,0
58.665,3556.04,-77.2632,-4.50364,0.113584,-1601.6,0
59.9383,3567.66,-42.4789,-5.24751,0.081951,-1373.77,0
61.2175,3513.64,-12.0177,2.01357,3.40548,-2227.47,0
62.5017,3507.61,-4.40432,35.6102,2.24023,-2278.14,0
63.7722,3488.64,-8.89446,51.0835,2.26468,-2530.22,0
65.059,3489.34,-29.1877,43.6201,1.94729,-2469.45,0
66.3319,3495.3,-24.1061,27.0673,2.29548,-2332.21,0
67.6028,3505.75,-24.1722,3.53271,1.96991,-2133.77,0
68.8726,3498.64,-36.9327,-1.59208,1.66691,-2197.64,0
70.1431,3484.56,-29.6886,12.0108,2.86409,-2358.57,0
71.4284,3483.46,-48.2773,25.0924,1.37155,-2331.57,0
72.097,3449.99,-57.9942,21.0915,2.41308,-2774.16,0
