1.28212,3600.63,50.3714,-4.34675,1.06417,-38505,0
2.55698,3614.16,53.7253,-19.931,0.692137,-14016.5,0
3.8276,3617.79,64.1671,-2.08155,0.574685,-8414.63,0
5.10296,3634.07,41.85,39.177,0.244659,-3122.46,0
6.37215,3620.09,34.178,19.6263,0.604572,-4693.36,0
7.65233,3636.33,21.6937,13.1436,0.262727,-1786.07,0
8.93134,3604.08,45.5263,-8.58847,0.957463,-5141.9,0
10.2048,3608.13,22.5902,-46.4785,0.808762,-4102.55,0
11.4746,3619.07,47.4198,-86.5338,0.326761,-2695.66,0
12.7518,3591.42,47.2233,-16.2295,1.22482,-4594.2,0
14.0312,3564.06,51.7621,-25.8184,1.87391,-6124.92,0
15.3002,3554.18,60.5366,-41.2107,1.90084,-6262.37,0
16.5683,3535.65,37.5736,-32.2876,2.62315,-6901.64,0
17.8288,3542.6,47.8092,-54.3552,1.79702,-6023.83,0
19.112,3541.21,38.737,-63.0705,1.72577,-5692.22,0
20.3932,3561.71,61.0265,-53.7822,0.966422,-4329.25,0
21.665,3545.92,82.2878,-47.1494,1.21517,-4804.16,0
22.9464,3583.28,75.8677,-46.1602,0.289746,-2907.53,0
24.2338,3553.29,65.8695,-47.7729,1.14742,-3990.73,0
25.5224,3539.11,60.6203,-43.9186,1.62981,-4344.68,0
26.7962,3545.98,77.3417,-14.1756,1.3112,-3881.74,0
28.0711,3545.58,105.68,-7.02947,0.924898,-3719.97,0
29.3448,3499.79,108.556,19.8159,2.10789,-5118.81,0
30.6188,3505.88,112.062,12.7194,1.70365,-4706.78,0
31.8918,3495.82,82.7122,10.4149,2.49633,-4834.33,0
33.1682,3515.11,92.4298,20.5723,1.45897,-4066.74,0
34.4445,3521.4,98.6649,15.2608,1.12879,-3733.43,0
35.7221,3531.47,125.207,-21.7923,0.477052,-3318.06,0
36.9992,3530.8,99.1181,-2.84579,0.921825,-3221.65,0
38.2815,3562.23,92.5197,16.7748,0.111375,-2292.81,0
39.5469,3541.54,82.8322,4.28389,0.830094,-2742.48,0
40.8144,3552.86,91.8547,24.6335,0.336537,-2379.92,0
42.0951,3527.58,71.8818,32.0751,1.31593,-2908.09,0
43.3652,3532.51,79.0799,68.6603,0.668497,-2709.43,0
44.6457,3543.25,77.0094,50.1176,0.560423,-2391.04,0
45.9175,3528.44,93.6319,108.873,0.184379,-2647.27,0
47.1859,3517.39,131.55,106.529,0.0429222,-2810.46,0
48.4597,3487.78,86.6904,155.139,0.751241,-3347.49,0
49.7392,3481.88,89.2963,164.226,0.676367,-3380.04,0
51.014,3450.51,82.8354,176.229,1.32033,-3910.58,0
51.0151,3449.98,82.7819,176.241,1.33515,-3920.8,0
