1.27518,3606.68,-25.7287,14.6543,0.977781,-33968.4,0
2.54793,3585.1,-66.2435,6.28361,1.30943,-25472.2,0
3.82381,3566.6,-51.2866,9.32431,1.88777,-21811.4,0
5.10618,3592.61,-44.5554,20.5041,1.09366,-11239,0
6.36859,3631.41,-64.859,25.0574,0.0732912,-2919.42,0
7.638,3607.98,-79.322,-20.6655,0.515058,-5501.71,0
8.91979,3596.42,-95.3155,-41.1713,0.625506,-6007,0
10.1919,3591.23,-92.5746,-29.2991,0.798415,-5766.57,0
11.4691,3584.71,-58.1901,-59.7621,1.02105,-5693.07,0
12.7566,3585.62,-37.34,-44.7763,1.1496,-5047.01,0
14.0321,3567.25,-51.0292,-52.625,1.48387,-5897.14,0
15.3098,3565.93,-64.1619,-36.2876,1.42689,-5491.04,0
16.6016,3554.09,-82.4761,-16.2914,1.57,-5776.98,0
17.8794,3531.05,-69.9675,-15.1789,2.2876,-6653.05,0
19.1505,3521.96,-43.8876,32.9175,2.71066,-6685.92,0
20.4264,3503.13,-44.3329,18.4525,3.25754,-7190.07,0
21.7121,3515.96,-31.5117,47.9618,1.89347,-6173.53,0
22.9879,3512.21,-23.6774,43.0052,2.06626,-5993.95,0
24.2732,3491.55,-42.6319,40.5346,2.52447,-6527.86,0
25.553,3490.46,-51.1028,69.9002,1.53762,-6243.36,0
26.8297,3471.93,-39.1928,60.6491,2.46382,-6637.08,0
28.059,3449.97,-36.4082,86.6467,2.17772,-7128.99,0
