1.27019,3628.61,7.36443,-80.9202,0.319224,-16843.7,0
2.55141,3622.21,-21.6364,-60.9226,0.514008,-10892.3,0
3.81832,3645.59,12.9813,-57.9616,0.0444637,-1154.16,0
5.09698,3602.05,-15.8161,-62.2909,0.972702,-9406.7,0
6.36693,3600.44,-28.2277,-55.9441,0.985482,-7783.19,0
7.64012,3615.83,-34.0479,-91.6382,0.433674,-4472.57,0
8.91679,3604.59,-15.5583,-65.4538,0.83764,-5092.77,0
10.19,3616.21,-11.1835,-117.89,0.279074,-3316.42,0
11.4667,3591.2,22.025,-123.052,0.774814,-5127.94,0
12.7401,3611.95,53.2097,-89.0021,0.456136,-2986.54,0
14.0148,3607.84,70.324,-103.86,0.414498,-3008.17,0
15.276,3597.2,92.084,-160.962,0.252322,-3456.56,0
16.5488,3611.3,106.651,-117.286,0.13253,-2338.35,0
17.816,3595.97,128.518,-113.055,0.391713,-3032.62,0
19.0833,3566.09,140.23,-83.9521,1.13338,-4396.96,0
20.3687,3538.72,113.937,-85.2389,2.04622,-5463.09,0
21.6326,3532.58,133.461,-88.9093,1.84023,-5428.02,0
22.9039,3522.84,107.396,-82.2347,2.35797,-5551.91,0
24.1859,3547.36,94.9952,-55.3218,1.8759,-4243.7,0
25.4606,3582.24,53.8622,-64.7861,1.14686,-2661.5,0
26.7366,3600.04,113.494,-85.937,0.313013,-1868.43,0
28.0095,3566.07,117.969,-68.6769,1.1586,-2996.46,0
29.2768,3558.91,128.55,-79.2346,1.15655,-3111.29,0
30.548,3570.94,105.229,-63.9397,1.12146,-2588.01,0
31.8212,3570.16,100.502,-62.554,1.12803,-2508.91,0
33.0792,3554.3,71.7534,-46.9898,1.82207,-2893.03,0
34.3516,3540.32,104.751,-55.8972,1.6314,-3192.8,0
35.6237,3554.39,113.962,-94.3431,0.801634,-2683.99,0
36.9005,3540.24,89.7833,-147.37,0.88297,-2974.54,0
38.1751,3514.2,94.7816,-164.959,1.21806,-3557.18,0
39.4432,3511.8,81.1687,-146.576,1.62163,-3503.83,0
40.7324,3506.08,96.6187,-182.795,0.987935,-3533.24,0
42.0087,3501.84,64.7452,-200.413,0.994408,-3526.91,0
43.2798,3471.88,63.0404,-196.531,1.91457,-4115.51,0
44.5594,3480.27,85.103,-188.355,1.51555,-3808.97,0
45.8437,3464.46,118.397,-196.124,1.40418,-4047.17,0
47.0577,3449.86,113.439,-190.947,1.97293,-4253.02,0
