1.27103,3601.33,29.0744,-9.59609,1.14551,-38294.9,0
2.5558,3585.21,13.8593,-8.30707,1.59233,-25349.1,0
3.82346,3589.45,5.34152,8.16926,1.37938,-15837,0
5.09436,3599.15,-16.6959,21.1815,1.01912,-9982.01,0
6.38219,3605.2,-29.6706,1.87734,0.836099,-7019.55,0
7.65671,3584.47,-24.7521,1.739,1.40535,-8558.7,0
8.93478,3592.38,-4.10051,15.5364,1.14625,-6448.47,0
10.2143,3569.17,-8.0308,0.0329828,1.8603,-7913.31,0
11.5004,3565.18,29.8911,-19.4384,1.75442,-7375.67,0
12.7676,3561.38,16.7191,-50.9098,1.6346,-6940.89,0
14.0402,3568.17,40.8337,-34.8595,1.36196,-5827.93,0
15.3208,3559.41,36.4589,-22.6844,1.64221,-5913.05,0
16.5943,3598.3,36.8964,-58.8866,0.295603,-3115.25,0
17.8649,3571.79,77.2515,-94.3659,0.521121,-4377.98,0
19.1343,3556.56,21.6924,-110.48,0.948554,-4883.12,0
20.4143,3568.36,81.3051,-137.151,0.125306,-3999.01,0
21.6959,3571.96,69.4375,-141.988,0.0530393,-3597.18,0
22.9725,3527.14,80.6033,-170.059,0.889254,-5348.22,0
24.2576,3514.81,81.5502,-234.599,0.322398,-5573.17,0
25.54,3501.75,105.761,-236.528,0.508289,-5804.7,0
26.8191,3499.82,67.8079,-235.801,0.835093,-5599.79,0
28.0975,3486.05,53.5287,-260.384,0.655694,-5835.05,0
29.37,3479.58,41.7867,-260.737,0.916707,-5802.51,0
30.1151,3449.97,37.8403,-262.885,1.73296,-6642.04,0
