1.27557,3619.89,-8.17836,33.4468,0.628464,-23606.8,0
2.53869,3581.93,-40.4592,53.6518,1.39247,-26811.7,0
3.81113,3572.06,-42.8819,49.5841,1.63498,-20451.3,0
5.09321,3557.54,-53.224,38.2845,1.98307,-18153.1,0
6.36457,3579.47,-71.8455,36.3857,1.14565,-11081.8,0
7.64141,3597.25,-68.7336,0.921483,0.746702,-6903.02,0
8.91308,3609.31,-123.951,-16.3329,0.13523,-4565.02,0
10.1906,3604,-61.6279,-37.9581,0.554916,-4514.22,0
11.465,3606.93,-99.3473,-9.90631,0.323824,-3756.44,0
12.7304,3592.37,-153.932,5.42514,0.271418,-4526.87,0
14.0169,3548.49,-166.584,7.38821,1.17474,-7242.08,0
15.2915,3542.54,-175.28,-21.6589,1.21105,-7027.26,0
16.5693,3526.5,-199.085,-18.4848,1.3614,-7453.44,0
17.8391,3515.45,-181.806,-11.4883,1.87392,-7542.19,0
19.1122,3484.73,-176.81,-6.14739,2.79234,-8647.38,0
19.77,3449.97,-181.383,-6.48301,3.5102,-10117.6,0
