1.26977,3626.29,-33.6435,-17.2914,0.526389,-18674.6,0
2.54423,3617.57,-45.3883,-42.6402,0.638418,-12744.9,0
3.82413,3634.77,-92.4181,-24.9312,0.133906,-3981.8,0
5.10624,3622.75,-100.872,-75.0797,0.21964,-5336.21,0
6.38464,3622.41,-114.306,-79.6149,0.155669,-4320.96,0
7.6558,3611.28,-97.2038,-63.861,0.526161,-5057.73,0
8.93636,3596.71,-110.562,-52.4666,0.781578,-5963.6,0
10.212,3598.7,-83.7007,-79.739,0.768794,-5023.93,0
11.4912,3593.89,-131.319,-96.0909,0.487635,-4883.2,0
12.7762,3583.71,-91.2703,-123.713,0.770555,-5188.6,0
14.057,3540.36,-94.8004,-119.017,1.84691,-7799.41,0
15.3367,3517.77,-80.9705,-151.244,2.05918,-8622.06,0
16.6075,3499.82,-93.7289,-186.296,1.6854,-9042.88,0
17.8873,3498.73,-69.4246,-178.046,1.99315,-8456.72,0
19.1664,3530.89,-92.0759,-223.594,0.104472,-6214.53,0
20.4427,3510.44,-97.3503,-227.099,0.608114,-6827.07,0
21.7209,3533.3,-110.07,-174.044,0.692236,-5372.58,0
23.0004,3532.63,-119.606,-148.288,0.959796,-5102.76,0
24.2819,3546.44,-115.397,-126.655,0.810711,-4264.76,0
25.5642,3547.62,-105.952,-129.148,0.814662,-4004.71,0
26.8415,3535.22,-69.0429,-105.898,1.64398,-4276.15,0
28.1171,3544.11,-74.9549,-135.883,0.849498,-3766.18,0
29.3967,3568.52,-85.5331,-89.3591,0.547646,-2771.9,0
30.6679,3563.22,-78.2444,-85.5472,0.743457,-2829.55,0
31.9347,3549.05,-89.9533,-143.345,0.567601,-3161.28,0
33.2086,3549.66,-39.2026,-175.917,0.39179,-3021.36,0
34.4842,3551.93,-44.9974,-156.79,0.550791,-2844.05,0
35.7615,3506,-42.5476,-101.131,2.56675,-4026.69,0
37.0327,3485.2,-14.4707,-132.186,2.24979,-4450.09,0
38.3087,3490.68,-25.2855,-136.709,1.78646,-4158.93,0
39.5848,3505.18,-18.3954,-177.021,0.563561,-3658.48,0
40.8531,3513.74,-44.6157,-137.8,0.969499,-3335.35,0
42.1332,3511.55,-42.1448,-123.777,1.2632,-3286.09,0
43.4101,3528.07,-43.1433,-127.947,0.674163,-2808.7,0
44.6868,3510.13,-96.5945,-111.415,0.889602,-3130,0
45.9596,3502.3,-60.6435,-137.621,1.03541,-3213.66,0
47.2358,3466.9,-57.4201,-131.007,2.16738,-3876.29,0
47.7062,3449.99,-48.2041,-131.298,2.68028,-4192.6,0
