1.28031,3633.04,-54.7553,20.8448,0.361005,-13248.3,0
2.5571,3632.66,-41.7557,42.5818,0.360934,-6782.68,0
3.83579,3629.63,-104.688,-28.6467,0.202595,-5310.96,0
5.11401,3610.7,-116.913,-15.3197,0.542765,-7685.19,0
6.38924,3582.84,-101.72,2.39997,1.2322,-10510.9,0
7.66506,3580.91,-110.063,16.0132,1.15675,-9012.98,0
8.94169,3572.82,-106.427,32.3019,1.28671,-8631.94,0
10.2179,3564.58,-96.2003,32.487,1.53142,-8359.78,0
11.5042,3552.42,-83.246,87.1789,1.60501,-8482.51,0
12.7743,3568.89,-82.3315,102.237,1.02421,-6349.53,0
14.0487,3573.12,-60.7307,85.027,1.14281,-5472.04,0
15.322,3581.33,-56.4534,76.4116,0.973127,-4482.04,0
16.6036,3549.56,-62.9617,84.1737,1.62838,-6049.1,0
17.8759,3532.76,-46.4078,88.5855,2.0245,-6558.59,0
19.1446,3538.35,-54.8866,106.224,1.49491,-5831.81,0
20.4189,3553.91,-46.1772,67.5683,1.49257,-4705.93,0
21.6928,3558.29,-30.8071,73.6718,1.33435,-4227.7,0
22.9736,3556.67,-36.6914,76.0474,1.27295,-4062.31,0
24.2509,3525.74,-21.6512,74.244,2.18887,-5124.02,0
25.5352,3513.04,1.84584,63.2548,2.7182,-5363.42,0
26.8026,3506.31,-0.294659,54.6722,2.90306,-5361.01,0
28.0812,3501.32,41.486,57.0291,2.33909,-5294.53,0
29.3487,3475.26,43.0661,62.9034,2.84324,-5953.9,0
30.6302,3484.11,35.7004,30.1417,3.4497,-5415.75,0
31.901,3481.83,73.1107,42.6393,1.63663,-5271.49,0
33.1792,3489.95,64.0065,20.2465,1.8252,-4823.73,0
34.4466,3475.84,36.6543,0.162163,3.86435,-5055.83,0
35.7225,3473.43,48.7074,6.73598,2.68681,-4942.84,0
36.6959,3450,44.8318,-2.01363,3.77206,-5450.25,0
