3.43645,4452.34,45.8794,513.913,4.85623,-1.30949e+06,0
6.83682,4426.87,24.672,452.144,7.05045,-658200,0
10.2687,4387.33,-10.567,486.567,5.31082,-438226,0
13.6998,4363.77,-6.86551,546.12,4.48533,-328473,0
17.1255,4376.88,-3.34442,517.454,3.90224,-262766,0
20.5482,4369.94,-17.0041,474.123,5.61241,-218997,0
23.9694,4347.84,-19.5536,526.58,3.07647,-187739,0
27.3694,4334.64,25.7187,587.912,1.06343,-164417,0
30.7639,4321.62,-3.5792,543.485,3.9359,-146276,0
34.1799,4316.8,8.01919,544.526,2.40605,-131657,0
37.5963,4296.29,41.9307,536.17,4.88691,-119693,0
41.007,4238.83,63.2552,526.75,9.49647,-109737,0
44.4305,4254.15,117.263,516.287,2.49042,-101282,0
47.8315,4212.51,198.025,523.146,5.804,-94080.3,0
51.2647,4200.83,203.773,532.371,4.1422,-87779.7,0
54.6827,4159.73,181.672,591.478,6.04665,-82292.9,0
58.1043,4175.15,170.052,619.077,1.63023,-77447,0
61.5182,4139.9,157.795,624.242,5.75243,-73149.1,0
64.9405,4110.34,219.478,695.61,5.75584,-69294.2,0
68.3454,4097.45,268.025,671.696,4.30313,-65842,0
71.7773,4098.47,221.916,711.568,3.04596,-62693.9,0
75.1948,4098.17,249.735,690.4,2.39847,-59844.6,0
78.6174,4098.77,208.555,648.102,3.59768,-57239.2,0
82.04,4103.68,245.371,673.053,1.30194,-54851.3,0
85.4518,4097.54,213.649,641.953,2.98822,-52661.3,0
88.8864,4072.21,199.179,648.589,5.13184,-50626.4,0
92.2778,4085.6,211.109,721.268,0.140875,-48765.8,0
95.6723,4060.78,237.838,791.767,1.5584,-47035.6,0
99.0885,4035.62,202.473,870.18,3.58268,-45413.9,0
102.495,4023.57,195.215,886.659,3.76294,-43904.6,0
105.923,4008.21,145.235,847.694,3.50739,-42483.5,0
109.318,3964.08,168.241,843.858,7.60487,-41164.3,0
112.716,3940.46,177.44,863.385,6.65596,-39923.2,0
116.13,3972.92,182.375,870.72,0.488384,-38749.7,0
119.553,3957.74,208.966,844.517,2.496,-37640.3,0
122.96,3955.47,251.041,787.209,3.4118,-36597.3,0
126.39,3940.51,248.878,748.638,4.94222,-35604.2,0
129.786,3927.41,273.786,729.794,3.28181,-34672.5,0
133.179,3924.78,258.364,696.014,3.23908,-33789.2,0
136.621,3942.85,228.252,640.289,0.951784,-32937.9,0
140.03,3903.13,204.621,624.023,6.79766,-32135.9,0
143.451,3899.59,201.972,562.718,5.86643,-31369.5,0
146.866,3863.11,219.033,527.413,10.4189,-30640.1,0
150.299,3887.64,196.307,481.206,5.63129,-29940.3,0
153.7,3893.31,181.971,424.875,8.78542,-29277.7,0
157.111,3858.14,173.45,376.205,6.19171,-28642.2,0
160.528,3830.55,210.616,378.21,4.8747,-28032.5,0
163.942,3779.49,214.042,355.038,4.59715,-27448.7,0
167.35,3726.76,231.372,324.458,8.22312,-26889.7,0
170.754,3778.52,161.189,285.251,6.79315,-26353.6,0
174.182,3789.17,184.491,269.961,2.28797,-25835.1,0
177.584,3769.76,130.122,248.796,6.15925,-25340.1,0
180.991,3752.22,117.848,191.478,7.36479,-24863.2,0
184.404,3684.65,94.3689,96.9092,8.70511,-24402.9,0
187.84,3710.51,46.6444,57.8962,9.07436,-23956.6,0
191.26,3708.85,3.24506,-2.20139,0.790674,-23528.2,0
194.699,3662.84,4.43998,-2.00209,1.8408,-23112.6,0
198.107,3611.48,12.976,-4.68732,2.7943,-22715,0
201.516,3584.02,-27.8074,14.5375,1.62444,-22330.7,0
204.934,3538.26,-34.2627,-11.7009,6.05341,-21958.3,0
206.306,3490.2,0.514989,-2.75352,4.67787,-21812.3,3
