3.42323,4485.27,293.647,-574.753,1.52175,-1.31455e+06,0
6.83563,4454.04,312.626,-524.961,5.61489,-658315,0
10.229,4422.74,285.107,-481.693,8.12671,-439924,0
13.6213,4433.01,299.614,-485.969,2.57045,-330366,0
17.0366,4406.2,301.215,-422.95,5.91394,-264137,0
20.4639,4370.12,237.26,-441.771,7.83956,-219899,0
23.8819,4325.86,238.389,-484.264,6.72652,-188427,0
27.2949,4337.14,254.647,-417.082,5.63808,-164866,0
30.7075,4340.29,253.918,-392.262,3.71083,-146544,0
34.1219,4333.22,245.971,-351.247,5.57103,-131880,0
37.5524,4362.53,260.816,-301.784,3.00899,-119832,0
40.9665,4329.74,232.703,-270.522,6.69543,-109846,0
44.3717,4340.27,229.401,-256.241,4.64759,-101416,0
47.7903,4288.59,218.878,-229.97,8.47242,-94161.3,0
51.224,4288.07,232.473,-233.941,2.79124,-87849.4,0
54.6358,4289.44,232.024,-210.505,3.53582,-82363.5,0
58.0343,4287.76,211.27,-154.961,3.98026,-77540.3,0
61.461,4286.81,217.207,-196.611,0.0743968,-73217.2,0
64.8739,4273.03,181.832,-155.338,5.76796,-69365.3,0
68.2949,4302.91,152.001,-156.674,2.34775,-65890.8,0
71.7226,4334.79,88.5276,-152.269,1.88001,-62741.8,0
75.1337,4293.75,72.6284,-134.239,5.63916,-59893.2,0
78.5458,4293.52,64.1317,-129.157,5.03226,-57291.4,0
81.957,4295.26,83.7323,-109.046,3.21438,-54906.9,0
85.3715,4336.98,40.9315,-64.8305,3.87943,-52710.8,0
88.8011,4336.54,51.7439,-43.5182,4.03501,-50675,0
92.2196,4301.3,64.5431,-30.9928,5.79043,-48796.5,0
95.6226,4276.09,25.567,-17.7733,6.98798,-47060,0
99.0377,4300.55,22.6116,7.47027,3.37413,-45437.2,0
102.46,4254.54,39.1462,4.23813,5.11477,-43919.5,0
105.883,4276.42,46.2511,-4.48857,2.13206,-42499.7,0
109.286,4260.46,-5.8542,56.9261,2.13052,-41176.4,0
112.696,4207.51,-24.2535,61.2321,5.97314,-39930.4,0
116.112,4226.79,-21.911,26.8124,5.70745,-38755.6,0
119.518,4148.91,-111.334,80.6748,0.981299,-37651.2,0
122.929,4159.96,-22.8364,121.559,1.42537,-36606.5,0
126.338,4100.94,-6.07301,111.473,6.32423,-35618.7,0
129.769,4083.68,35.0016,135.583,1.88685,-34676.9,0
133.175,4028.67,11.2716,150.052,5.49756,-33790.1,0
136.593,4048.62,41.3429,121.796,5.76756,-32944.6,0
140.003,4044.64,65.268,111.1,4.29898,-32142.3,0
143.406,4067.28,64.0838,104.246,2.79095,-31379.4,0
146.82,4047.56,32.5691,95.3287,6.46083,-30649.8,0
150.245,4077.2,60.8318,54.3517,3.70022,-29951.1,0
153.664,4045.2,86.3119,34.3011,4.93791,-29284.7,0
157.082,4041.88,107.25,-10.7801,1.14308,-28647.5,0
160.504,4077.06,47.2535,-32.8751,3.93314,-28036.7,0
163.933,4073.93,53.5139,-49.9802,1.85437,-27450.3,0
167.37,4055.05,58.1479,-32.7173,3.82188,-26886.5,0
170.774,4052.54,12.592,-67.9709,1.19454,-26350.6,0
174.183,4046.97,48.7013,-6.99595,4.04014,-25834.9,0
177.594,4067.94,4.70652,-28.04,3.9139,-25338.7,0
181.01,4023.37,21.209,-20.9456,6.37996,-24860.5,0
184.429,4008.88,17.9232,-12.6193,3.22595,-24399.7,0
187.82,4001.73,21.407,-6.70607,3.36101,-23959.1,0
191.228,4002.07,-12.2285,21.2825,2.37391,-23532.1,0
194.634,3931.92,-58.657,15.0693,1.50527,-23120.4,0
198.038,3936.53,-55.2571,0.38911,1.80435,-22722.9,0
201.44,3917.39,-16.3357,18.9533,6.74866,-22339.1,0
204.862,3921.15,-36.4415,23.5874,1.43625,-21966,0
208.248,3929.24,-17.5089,-1.81505,5.44848,-21608.8,0
211.689,3953.91,-17.9371,4.11469,2.27195,-21257.6,0
215.088,3907.79,-11.4601,4.83313,5.55674,-20921.7,0
218.486,3909.35,2.62401,7.51498,4.84599,-20596.3,0
221.909,3889.89,-19.4805,9.24569,2.52226,-20278.6,0
225.326,3879.47,-10.5955,17.1494,2.35262,-19971.1,0
228.737,3897.1,6.10512,-12.1189,2.40051,-19673.2,0
232.14,3894.55,-3.37308,20.2078,0.817797,-19384.8,0
235.574,3913.56,-11.9934,2.86051,0.961399,-19102.3,0
238.977,3903.64,-1.66688,7.72136,2.32878,-18830.3,0
242.389,3858.02,-6.52958,11.5977,3.48231,-18565.2,0
245.819,3876.21,14.8067,-13.7947,0.215462,-18306.1,0
249.21,3811.9,-21.1377,3.72703,2.4239,-18057.1,0
252.622,3785.47,-2.07509,-11.3491,4.84457,-17813.2,0
256.044,3760.4,14.126,-1.19328,4.32242,-17575.1,0
259.432,3701.04,12.9538,-10.2855,2.92637,-17345.6,0
262.84,3686.13,4.57175,12.2537,3.97352,-17120.7,0
266.259,3716.74,-0.317029,-11.5054,2.25756,-16900.8,0
269.672,3711.17,4.66449,-13.049,0.319957,-16686.9,0
273.113,3662.36,5.02478,9.19654,2.48886,-16476.7,0
276.502,3699.76,9.5716,-6.20279,0.307686,-16274.7,0
279.933,3753.23,-3.47541,5.11922,0.329203,-16075.3,0
283.35,3726.72,-0.395899,6.93518,1.37817,-15881.4,0
286.778,3715.04,1.22607,-5.16707,2.29721,-15691.6,0
290.19,3694.69,5.29847,9.93896,0.299621,-15507.1,0
293.623,3701.39,-0.00494673,-2.0493,3.84172,-15325.8,0
297.037,3674.02,-2.40544,0.295922,4.39773,-15149.6,0
300.471,3625.01,17.5672,39.3462,8.56096,-14976.5,0
303.898,3594.09,39.9894,84.8664,3.53857,-14807.6,0
307.296,3624.22,80.6424,77.9568,6.4765,-14643.8,0
310.711,3553.58,46.8606,46.2072,10.7328,-14482.9,0
314.115,3469.96,70.2453,55.9423,7.67862,-14326,0
317.18,3429.2,14.5555,3.6506,3.91393,-14187.5,0
