3.42776,4423.77,651.183,-81.2582,7.07058,-1.31281e+06,0
6.84991,4405.4,731.403,-91.381,4.94577,-656943,0
10.2775,4388.24,750.098,-90.4314,5.45863,-437848,0
13.6996,4354.96,760.487,-41.8594,6.78129,-328476,0
17.1241,4378.32,766.633,-19.0212,1.82375,-262788,0
20.5522,4372.5,824.313,50.3553,1.16009,-218955,0
23.9845,4314.89,788.818,2.69801,7.46326,-187621,0
27.4163,4342.28,777.036,0.183014,1.9872,-164136,0
30.8366,4313.25,857.819,-20.1434,3.23247,-145930,0
34.2568,4283.38,873.382,-32.3334,3.88608,-131361,0
37.691,4269.24,858.619,-7.35683,5.09395,-119392,0
41.1076,4275.14,850.019,-34.1906,2.98532,-109469,0
44.508,4259.29,825.076,-51.6501,4.45672,-101105,0
47.8993,4249.36,871.37,17.7052,3.73071,-93947.1,0
51.349,4252.49,877.082,16.0618,2.3153,-87635.5,0
54.7726,4242.34,861.323,33.9023,3.53259,-82157.9,0
58.2045,4217.54,854.664,58.6978,3.87579,-77313.6,0
61.617,4224.32,883.548,78.6894,0.64129,-73031.8,0
65.0547,4199.32,843.395,46.9655,4.01122,-69172.5,0
68.4768,4209.69,794.601,53.9353,3.28467,-65715.7,0
71.8932,4190,876.978,-14.0587,3.18846,-62592.8,0
75.299,4181.09,846.91,23.4164,3.35574,-59761.8,0
78.7291,4156.08,848.988,-18.1298,5.34669,-57158.1,0
82.1331,4183.07,812.097,-33.0609,2.20342,-54789.1,0
85.5378,4148.72,888.09,-15.9308,4.70709,-52608.3,0
88.9499,4126.84,880.814,22.0962,4.9857,-50590.3,0
92.3654,4158.7,885.469,-21.965,0.101668,-48719.6,0
95.7745,4132.65,892.37,27.5345,3.17422,-46985.4,0
99.1826,4127.59,870.038,79.2213,3.63642,-45370.9,0
102.6,4109.53,931.627,88.5346,4.02208,-43859.8,0
106,4041.11,942.761,87.3011,6.3328,-42452.8,0
109.422,4050.98,884.106,107.557,4.86155,-41125.3,0
112.826,4080.09,871.61,141.518,0.523598,-39884.5,0
116.235,4056.51,823.898,108.509,4.10006,-38714.6,0
119.634,4091.72,750.581,82.7741,0.258836,-37614.6,0
123.058,4072.97,759.479,77.5152,1.39489,-36568.1,0
126.453,4025.08,716.854,124.003,6.88151,-35586.3,0
129.862,4033.97,756.201,127.085,3.61485,-34652.3,0
133.289,4014.44,702.258,96.668,7.35637,-33761.2,0
136.715,3987.9,665.98,102.215,7.39645,-32915.2,0
140.138,3994.42,698.938,148.854,1.13592,-32111.3,0
143.55,3937.62,681.952,197.798,7.56379,-31348.1,0
146.947,3949.07,673.579,216.607,2.52337,-30623.2,0
150.359,3881.4,724.217,183.122,8.70475,-29928.4,0
153.775,3878.71,711.298,208.596,3.92385,-29263.5,0
157.208,3850.17,685.441,209.338,6.32808,-28624.6,0
160.631,3849.39,670.093,184.979,4.47292,-28014.5,0
164.067,3855.25,653.517,140.992,1.76558,-27427.7,0
167.507,3844.83,624.118,125.443,2.25857,-26864.6,0
170.914,3803.75,633.436,134.322,7.21683,-26329.1,0
174.31,3752.4,597.14,127.755,5.08362,-25816,0
177.709,3739.03,592.453,130.489,6.94996,-25322.4,0
181.134,3725.24,601.418,154.584,5.69603,-24843.5,0
184.561,3735.64,579.369,149.774,4.12117,-24382.2,0
187.964,3712.47,572.441,153.265,5.74813,-23940.8,0
191.388,3697.28,585.321,165.4,6.31386,-23512.5,0
194.809,3682.65,587.564,167.089,4.61187,-23099.6,0
198.25,3631.1,594.137,104.618,2.79267,-22698.6,0
201.65,3606.86,576.714,99.9069,6.48943,-22315.9,0
205.048,3588.45,504.152,115.07,11.6572,-21946,0
208.454,3522.7,447.096,100.295,3.51637,-21587.5,0
211.87,3457.27,399.51,147.738,3.28873,-21239.5,0
215.266,3422.82,411.847,164.586,4.95637,-20904.4,0
218.671,3451.08,374.704,162.167,1.34486,-20578.8,0
222.081,3434.26,388.932,205.969,0.634634,-20262.9,0
225.509,3382.38,390.382,155.116,5.88641,-19954.8,0
228.905,3417.3,363.722,111.349,2.72061,-19658.8,0
232.314,3444.38,321.906,148.74,0.83117,-19370.3,0
235.708,3442.45,305.543,120.294,2.35055,-19091.4,0
239.14,3417.74,304.947,101.206,5.38478,-18817.4,0
242.544,3406.48,272.277,87.451,6.6386,-18553.3,0
245.96,3410.56,289.249,75.7235,2.34564,-18295.6,0
249.368,3373.32,246.004,65.1435,5.67914,-18045.6,0
252.785,3377.93,260.113,91.7695,2.78483,-17801.7,0
256.205,3373.34,249.796,135.001,2.16054,-17564.1,0
259.59,3381.19,228.96,134.49,1.97285,-17335.1,0
263.018,3353.35,216.867,136.927,2.90734,-17109.1,0
266.444,3310.56,271.986,155.242,2.2905,-16889.1,0
269.871,3286.13,268.231,185.906,4.12986,-16674.6,0
273.303,3251.73,289.053,182.816,6.39725,-16465.2,0
276.713,3241.41,255.426,164.193,6.11598,-16262.3,0
280.142,3265.46,249.829,128.377,3.59733,-16063.3,0
283.533,3243.76,272.627,151.699,2.87412,-15871.1,0
286.943,3234.56,268.332,153.098,3.61423,-15682.6,0
290.35,3222.69,332.67,102.267,1.30909,-15498.5,0
293.775,3241.56,312.306,3.24472,1.92186,-15317.8,0
297.186,3266.7,247.76,8.50861,4.32066,-15142,0
300.613,3233.35,253.92,-17.4643,5.45135,-14969.4,0
304.026,3213.92,270.835,-8.42998,5.03536,-14801.4,0
307.439,3191.81,273.409,-30.693,4.86235,-14637,0
310.854,3158.39,313.472,-90.5582,3.00963,-14476.3,0
314.235,3151.1,273.684,-119.769,6.09768,-14320.5,0
317.679,3133.18,289.498,-84.3449,6.70951,-14165.3,0
321.11,3148.17,276.993,-67.1906,5.28584,-14013.9,0
324.524,3131.46,285.449,-50.308,3.82896,-13866.5,0
327.952,3138.55,290.615,-59.7916,1.24456,-13721.5,0
331.372,3092.43,290.73,17.4692,6.82881,-13579.9,0
334.78,3099.56,274.429,30.8593,4.16447,-13441.6,0
338.209,3085.27,277.826,51.4681,3.95099,-13305.4,0
341.617,3092.15,255.392,62.8066,4.57234,-13172.6,0
345.062,3098.96,192.715,40.4466,7.98747,-13041.1,0
348.468,3107.61,152.809,56.9863,5.15907,-12913.7,0
351.897,3078.83,151.928,-9.49403,6.88701,-12787.8,0
355.325,3053.92,114.809,-33.7967,9.80585,-12664.5,0
357.561,3024.79,90.6441,-28.4966,10.5558,-12585.3,0
