3.42617,4466.79,-923.077,-171.865,3.44995,-1.31342e+06,0
6.82418,4478.36,-892.275,-148.029,2.09551,-659420,0
10.2262,4434.35,-853.598,-188.137,6.70619,-440045,0
13.6486,4460.68,-895.463,-176.992,1.48644,-329704,0
17.0893,4439.38,-886.767,-171.928,3.01644,-263323,0
20.5186,4432.08,-886.485,-199.015,2.86165,-219313,0
23.9423,4453.02,-853.908,-179.83,0.676562,-187952,0
27.3579,4435.08,-833.665,-170.475,2.63658,-164486,0
30.7798,4447.36,-710.891,-161.32,3.34119,-146200,0
34.1994,4412.69,-703.401,-154.108,5.83741,-131581,0
37.6232,4370.41,-734.799,-186.77,6.69961,-119607,0
41.031,4371.33,-725.231,-264.368,3.47198,-109673,0
44.4523,4363.27,-739.872,-249.557,3.29042,-101232,0
47.8609,4371.07,-729.497,-307.184,0.25236,-94022.4,0
51.2765,4338.97,-743.707,-348.919,2.99913,-87759.5,0
54.729,4324.08,-665.89,-354.287,5.61024,-82223.3,0
58.1465,4338.88,-660.88,-318.32,3.1479,-77390.8,0
61.5566,4336.63,-636.495,-287.462,2.1374,-73103.4,0
64.984,4272.78,-685.684,-227.466,6.65176,-69247.8,0
68.4141,4293.33,-638.442,-192.743,3.60822,-65775.9,0
71.8308,4314.35,-602.857,-147.094,1.77137,-62647.2,0
75.2366,4288.05,-634.22,-104.882,3.9676,-59811.3,0
78.6582,4267.7,-677.383,-109.324,4.7658,-57209.5,0
82.078,4268.52,-688.466,-81.7347,3.90091,-54825.9,0
85.4864,4257.88,-669.214,-78.5986,4.74793,-52640,0
88.9138,4246.51,-757.998,-114.264,2.93273,-50610.8,0
92.3387,4234.1,-781.747,-92.6118,2.9015,-48733.6,0
95.7534,4231.2,-749.596,-66.3417,2.92859,-46995.7,0
99.179,4243.82,-763.594,-123.383,0.553061,-45372.5,0
102.605,4195.31,-718.584,-65.1661,6.21881,-43857.5,0
106.003,4165.13,-714.602,-72.9114,6.88552,-42451.6,0
109.413,4123.81,-709.17,-65.6426,7.64587,-41128.6,0
112.814,4101.96,-725.338,-38.8477,4.9683,-39888.7,0
116.246,4075.75,-758.669,-69.4469,5.88591,-38711.2,0
119.646,4060.06,-791.074,-122.581,5.82347,-37611,0
123.078,4044.42,-838.042,-147.425,3.1294,-36562.1,0
126.493,4037.68,-808.186,-115.387,4.00274,-35575.1,0
129.891,4018.94,-743.831,-135.891,4.788,-34644.4,0
133.306,3995.72,-813.381,-150.885,4.77402,-33756.8,0
136.724,4008.77,-829.308,-117.532,1.4264,-32913.1,0
140.129,3946.34,-829.953,-143.147,6.43981,-32113.3,0
143.544,3926.59,-844.728,-154.496,6.78105,-31349.3,0
146.974,3951.14,-819.031,-152.269,0.833799,-30617.7,0
150.383,3936.63,-808.246,-95.8665,2.5341,-29923.6,0
153.813,3887.63,-833.384,-50.8414,7.65649,-29256.3,0
157.204,3892.55,-827.378,-31.3811,4.86195,-28625.3,0
160.613,3889.66,-792.467,-55.0054,5.08539,-28017.6,0
164.048,3916.96,-712.538,-156.977,1.73181,-27430.9,0
167.464,3883.26,-652.697,-197.313,5.68854,-26871.5,0
170.894,3833.73,-704.005,-191.412,7.95267,-26332.1,0
174.318,3847.47,-624.904,-165.036,6.90826,-25814.9,0
177.723,3826.79,-649.638,-143.779,6.04829,-25320.3,0
181.15,3799.5,-606.643,-135.075,9.56276,-24841.3,0
184.561,3787.98,-631.442,-132.675,5.19471,-24382.2,0
188.001,3804.01,-611.035,-133.261,1.69326,-23936,0
191.429,3790.73,-546.768,-149.671,6.83603,-23507.4,0
194.856,3776.82,-546.839,-111.034,8.73317,-23094,0
198.278,3754.42,-521.568,-123.832,1.40414,-22695.4,0
201.694,3693.45,-476.19,-110.287,2.87228,-22311.1,0
205.109,3676.17,-478.124,-89.7547,6.28526,-21939.6,0
208.529,3657.27,-482.193,-110.751,9.17489,-21579.7,0
211.961,3605.47,-478.438,-77.808,6.5431,-21230.3,0
215.367,3561.57,-453.197,-46.1796,3.16713,-20894.5,0
218.774,3583.16,-368.941,-63.1346,7.23689,-20569.1,0
222.19,3552.2,-285.457,-89.4888,1.58506,-20252.9,0
225.616,3551.11,-284.724,-34.5739,0.688278,-19945.4,0
229.025,3563,-320.532,-6.53719,7.73196,-19648.5,0
232.444,3581.76,-337.224,-20.1105,9.15128,-19359.5,0
235.869,3560.77,-321.424,0.670874,2.86687,-19078.4,0
239.307,3501.51,-286.041,-14.9889,2.23651,-18804.3,0
242.729,3473.78,-277.052,-97.3464,2.66388,-18539.2,0
246.136,3575.48,-241.186,-69.858,2.8862,-18282.6,0
249.526,3561.69,-225.17,-51.8856,2.50985,-18034.2,0
252.96,3606.3,-181.064,-25.5327,7.67943,-17789.3,0
256.359,3596.66,-131.448,0.246387,6.23548,-17553.5,0
259.779,3635.79,-126.438,-40.532,1.86874,-17322.4,0
263.196,3606.88,-74.2736,-72.1486,2.79901,-17097.5,0
266.593,3583.64,-55.3729,-57.8994,5.49075,-16879.6,0
269.997,3589.18,-71.5869,-14.7825,1.77112,-16666.9,0
273.412,3507.62,-54.9983,-16.1694,6.11732,-16458.7,0
276.829,3434.78,-49.0763,-18.8399,2.31997,-16255.5,0
280.238,3400.29,-50.8417,18.7659,4.86892,-16057.8,0
283.631,3350.2,-70.9079,5.77344,6.50086,-15865.7,0
287.052,3296.85,-123.819,14.1611,5.21759,-15676.6,0
290.471,3287.36,-84.7855,19.7734,7.3905,-15492.1,0
293.889,3274.66,-82.6944,-0.720818,4.00062,-15311.9,0
297.3,3248.11,-115.037,-0.0660195,3.13559,-15136.2,0
300.73,3211.79,-139.831,8.84462,3.57029,-14963.6,0
304.15,3223.64,-113.926,4.81132,4.39241,-14795.3,0
307.566,3201.36,-90.347,55.285,5.28659,-14631,0
310.988,3210.9,-63.0115,61.437,4.44376,-14470,0
314.409,3210.49,-101.797,48.4833,1.1113,-14312.6,0
317.833,3172.1,-73.3379,65.8763,5.45439,-14158.4,0
321.213,3164.53,-73.7816,71.3312,4.1009,-14009.4,0
323.974,3181.11,-3.46269,63.9635,6.34643,-13890,0
