3.41058,4491.14,-66.7631,788.456,1.08099,-1.31942e+06,0
6.8055,4474.13,-131.554,737.641,3.7671,-661230,0
10.2347,4455.64,-109.051,821.691,3.39422,-439681,0
13.6486,4437.45,-120.749,869.063,1.88737,-329704,0
17.062,4413.73,-138.811,865.821,4.01633,-263744,0
20.4842,4404.54,-181.656,840.377,4.23494,-219682,0
23.9226,4407.25,-165.248,870.417,3.01499,-188107,0
27.3186,4411.56,-130.497,833.396,2.86707,-164723,0
30.7251,4368.43,-101.904,817.279,6.88385,-146460,0
34.145,4377.14,-148.456,801.42,2.09633,-131791,0
37.5498,4369.94,-137.508,845.567,1.99824,-119841,0
40.9454,4388.69,-165.158,803.533,0.157035,-109902,0
44.3436,4357.87,-202.727,771.681,4.3368,-101480,0
47.7461,4350.44,-211.146,766.872,3.99687,-94248.5,0
51.1568,4302.48,-232.741,766.421,7.12671,-87964.8,0
54.6003,4291,-244.941,737.298,5.07334,-82417.2,0
58.0022,4266.04,-235.886,747.513,5.15631,-77583.3,0
61.4155,4277.56,-226.149,764.051,1.19362,-73271.4,0
64.8459,4269.28,-151.771,775.709,1.51423,-69395.3,0
68.2711,4287,-74.3138,708.283,1.0422,-65913.6,0
71.6839,4287.35,-21.3358,709.84,0.784524,-62775.6,0
75.0952,4232.11,-33.8897,726.565,6.22821,-59923.9,0
78.5215,4232.05,-3.86638,683.878,3.54894,-57309.1,0
81.9406,4239.25,6.00722,710.761,0.941751,-54917.8,0
85.3685,4228.54,39.4912,657.146,2.7302,-52712.7,0
88.8095,4203.52,64.9677,674.707,4.39178,-50670.2,0
92.2267,4212.24,50.351,695.959,1.85144,-48792.8,0
95.6316,4209.46,43.6906,698.236,0.904283,-47055.6,0
99.0641,4172.91,39.8942,714.14,4.86734,-45425.1,0
102.49,4189.45,42.3478,672.876,3.51574,-43906.5,0
105.903,4185.51,49.2793,649.946,4.02325,-42491.9,0
109.288,4187.99,54.0931,655.824,2.77694,-41175.8,0
112.746,4163.43,12.1677,672.844,4.75169,-39912.8,0
116.136,4201.06,-0.20758,596.612,1.93757,-38747.7,0
119.535,4191.06,-36.553,614.085,2.29292,-37645.8,0
122.967,4147.07,-29.9953,630.685,6.43709,-36595.3,0
126.377,4147.87,-36.6458,610.235,4.46986,-35607.8,0
129.788,4155.43,-22.1871,584.104,3.97617,-34671.8,0
133.196,4124.62,-24.7521,604.645,5.99402,-33784.9,0
136.612,4098.98,35.3616,541.934,7.915,-32940.1,0
140.014,4037.1,27.986,527.209,10.7403,-32139.7,0
143.398,4034.13,13.1622,561.777,2.72923,-31381.2,0
146.825,4038.92,-19.3413,506.447,5.84096,-30648.7,0
150.255,4013.6,9.75066,574.837,2.32801,-29949.1,0
153.638,4057.09,-24.3338,469.715,3.31838,-29289.6,0
157.064,4079.37,-15.3662,428.799,3.09445,-28650.8,0
160.468,4056.37,3.00903,442.334,3.45467,-28043,0
163.878,4074.21,34.4095,419.965,1.07376,-27459.4,0
167.298,4022.39,16.8287,406.792,7.50068,-26898,0
170.707,4033.17,-21.0353,412.742,2.58662,-26361,0
174.117,4015.91,-10.2444,427.533,1.91614,-25844.7,0
177.527,3982.01,-54.0015,427.162,6.5497,-25348.3,0
180.932,4009.13,-68.3857,371.114,5.67581,-24871.2,0
184.366,4000.54,-115.938,339.695,3.31742,-24407.9,0
187.784,3986.41,-100.592,326.56,6.57373,-23963.7,0
191.198,4021.97,-153.161,295.979,1.57283,-23535.8,0
194.629,4005.49,-119.74,292.844,6.12181,-23120.9,0
198.058,3992.78,-167.257,270.012,4.21616,-22720.7,0
201.446,3941.07,-194.24,255.758,7.0474,-22338.5,0
204.876,3983.61,-178.676,244.4,2.17816,-21964.5,0
208.302,3983.53,-196.637,181.951,2.67633,-21603.2,0
211.726,3972.21,-147.337,203.04,3.07394,-21253.8,0
215.151,3883.13,-146.548,220.457,10.4179,-20915.6,0
218.597,3862.36,-177.346,233.626,2.69273,-20585.8,0
222.001,3868.54,-148.801,209.056,5.5924,-20270.2,0
225.421,3849.99,-141.072,208.415,6.39017,-19962.7,0
228.823,3778.57,-179.436,197.494,7.97858,-19665.9,0
232.223,3778.03,-140.211,213.388,7.28239,-19377.9,0
235.649,3712.24,-142.049,189.991,7.95695,-19096.2,0
239.081,3672.12,-158.183,162.167,4.99095,-18822.1,0
242.47,3645.85,-88.1952,173.387,0.932932,-18559,0
245.877,3669,-51.5328,162.42,1.87169,-18301.8,0
249.282,3718.26,-31.8026,124.324,4.94462,-18051.8,0
252.711,3758.81,-29.2607,74.2201,5.58969,-17806.9,0
256.131,3780.7,8.94136,48.0273,8.99673,-17569.1,0
259.535,3737.58,13.3768,4.82891,7.66584,-17338.7,0
262.967,3651.16,17.7522,-16.2394,0.452296,-17112.4,0
266.391,3687.59,6.01079,19.7983,0.685076,-16892.4,0
269.794,3724.29,8.31279,12.3865,1.02364,-16679.4,0
273.21,3648.38,-5.00477,-3.48515,8.61014,-16470.8,0
276.637,3619.95,34.3461,-18.1451,4.79912,-16266.8,0
280.052,3577.51,51.9677,4.35033,9.29761,-16068.4,0
283.471,3545.7,26.5384,-7.54552,7.67312,-15874.7,0
285.411,3489.89,-2.30352,1.90377,4.91033,-15766.7,1
