3.42485,4432.8,715.534,-418.883,6.2839,-1.31393e+06,0
6.82592,4461.53,701.727,-345.41,2.76155,-659252,0
10.2401,4446.24,656.688,-339.518,4.0084,-439447,0
13.6603,4453.84,680.249,-281.798,2.61537,-329421,0
17.0536,4416.84,632.289,-254.361,5.91246,-263874,0
20.4821,4385.07,653.025,-217.534,5.47214,-219704,0
23.8886,4407.68,683.688,-194.979,0.579969,-188374,0
27.331,4380.05,724.988,-211.429,2.27197,-164648,0
30.7429,4376.11,748.433,-143.57,1.99171,-146375,0
34.1538,4379.93,758.152,-90.2839,0.864017,-131757,0
37.5732,4347.73,781.56,-62.0081,3.68963,-119766,0
40.9879,4313.45,772.664,-31.5419,4.21807,-109788,0
44.4125,4307.18,768.721,-41.5879,4.19913,-101323,0
47.8261,4333.24,717.226,-40.0264,1.46254,-94091,0
51.2507,4284.82,815.996,-60.4001,4.60473,-87803.7,0
54.7005,4295.92,776.193,-39.999,2.96656,-82266.1,0
58.1103,4280.93,791.192,-45.6513,4.20583,-77439,0
61.4961,4288.66,808.047,-37.1212,2.5658,-73175.3,0
64.9002,4278.35,781.124,-104.787,3.93806,-69337.3,0
68.3146,4285.83,846.114,-60.5958,0.981482,-65871.7,0
71.7342,4241.28,869.892,-15.8062,5.2206,-62731.6,0
75.1483,4206.62,875.34,6.51777,5.69426,-59881.6,0
78.5727,4137.33,876.072,47.8638,7.76092,-57271.8,0
81.9729,4154.98,889.619,61.8045,1.4125,-54896.2,0
85.3737,4136.43,849.532,115.276,4.00679,-52709.5,0
88.7885,4145.35,854.609,206.078,2.18377,-50682.3,0
92.2084,4107.87,867.572,254.303,4.59037,-48802.5,0
95.6245,4090.16,907.731,278.081,5.28339,-47059.1,0
99.0321,4097.25,887.344,302.367,2.50882,-45439.8,0
102.45,4094.08,916.121,352.176,2.12313,-43923.8,0
105.877,4087.69,927.245,306.34,2.3385,-42502,0
109.29,4051.51,936.909,308.241,5.32139,-41174.8,0
112.693,4045.29,920.862,301.974,4.39835,-39931.4,0
116.125,4014.62,971.066,322.335,6.08825,-38751.3,0
119.544,4009.94,979.658,336.139,4.16818,-37643,0
122.935,4006.93,992.584,379.677,3.05304,-36604.8,0
126.335,4007.96,988.564,396.741,2.5224,-35619.5,0
129.734,3986.52,1011.17,397.198,3.05027,-34686.5,0
133.156,3974.2,1049,330.802,3.75999,-33795,0
136.564,3994.07,1053.94,365.557,0.407202,-32951.6,0
140.008,3978.52,1076.78,445.968,1.66969,-32140.9,0
143.435,3969.29,1037.79,447.223,2.21944,-31373,0
146.843,3935.41,1040.22,424.813,5.25354,-30645,0
150.257,3886.86,1059.75,452.571,7.06445,-29948.7,0
153.674,3907.61,1040.41,412.694,2.03556,-29282.7,0
157.092,3858.19,1044.3,451.587,6.68508,-28645.7,0
160.491,3881.31,1110.21,432.792,0.742347,-28039,0
163.928,3845.03,1142.97,485.089,4.25919,-27451,0
167.364,3868.69,1121.87,519.918,0.892713,-26887.5,0
170.761,3840.78,1158.38,433.88,3.52985,-26352.6,0
174.19,3817.95,1137.74,458.976,2.6675,-25833.8,0
177.59,3796.73,1119.12,458.412,4.05108,-25339.2,0
181.014,3756.38,1102.4,481.189,5.62175,-24859.9,0
184.429,3742.25,1120.81,501.549,4.61266,-24399.6,0
187.849,3732.86,1066.36,522.98,4.91507,-23955.5,0
191.263,3741.25,1066.87,467.138,2.24864,-23527.8,0
194.665,3704.95,1110.1,460.928,4.90852,-23116.7,0
198.061,3711.42,1133.64,474.912,1.84235,-22720.3,0
201.458,3692.96,1155.72,500.798,3.73763,-22337.1,0
204.889,3702.35,1155.18,541.337,0.875566,-21963.1,0
208.289,3655.08,1197.69,521.475,6.08971,-21604.6,0
211.696,3676.02,1168.48,438.316,2.91473,-21256.9,0
215.1,3654.82,1112.57,403.785,4.97148,-20920.5,0
218.531,3677.34,1040.32,409.264,1.33957,-20592,0
221.944,3645.4,1065.9,385.611,4.17775,-20275.4,0
225.365,3647.01,1091.8,361.104,3.27272,-19967.6,0
228.779,3642.14,1083.41,418.207,3.6103,-19669.6,0
232.195,3627.83,1098.88,496.989,4.61765,-19380.3,0
235.6,3625.33,1148.23,529.327,3.86306,-19100.2,0
239.012,3639.43,1166.06,514.954,0.989685,-18827.5,0
242.425,3595.89,1168.83,522.151,4.89302,-18562.4,0
245.825,3571.88,1183.4,508.618,4.614,-18305.7,0
249.221,3586.57,1216.46,463.442,2.26753,-18056.2,0
252.63,3590.33,1200.88,503.95,1.24264,-17812.6,0
256.036,3583.3,1205.56,455.726,0.460319,-17575.7,0
259.437,3540.66,1198.12,446.325,4.83103,-17345.2,0
262.858,3513.27,1157.85,502.251,6.85381,-17119.5,0
266.287,3506.08,1165.83,474.057,5.32002,-16899.1,0
269.691,3507.62,1145.07,495.548,3.74015,-16685.8,0
273.107,3524.36,1142.7,530.064,1.44075,-16477.1,0
276.533,3492.46,1170.44,534.593,4.96723,-16272.9,0
279.942,3522.27,1110.72,523.325,0.896396,-16074.8,0
283.368,3503.41,1077.2,416.413,3.22977,-15880.4,0
286.79,3443.66,1118.01,444.667,7.5195,-15690.9,0
290.198,3433.46,1130.06,453.362,4.76191,-15506.6,0
293.609,3462.56,1100.57,425.78,1.2391,-15326.5,0
297.012,3449.33,1121.9,425.502,2.41612,-15150.9,0
300.431,3424.42,1141.58,401.319,4.73254,-14978.5,0
303.871,3373.31,1119.56,435.32,6.84073,-14808.9,0
307.289,3406.05,1121.96,359.767,1.06898,-14644.2,0
310.706,3394.49,1146.95,304.494,1.6378,-14483.2,0
314.126,3382.17,1104.25,333.578,3.12501,-14325.5,0
317.538,3382.52,1149.57,297.797,2.48962,-14171.5,0
320.959,3373.28,1195.31,369.532,2.51797,-14020.5,0
324.381,3344.64,1177.74,375.572,3.89025,-13872.6,0
327.805,3358.77,1189.32,403.539,0.861961,-13727.7,0
331.236,3341.8,1102.06,458.175,3.34284,-13585.5,0
334.642,3307.81,1084.83,486.056,5.16406,-13447.2,0
338.06,3293.66,1058.58,493.611,4.25613,-13311.2,0
341.467,3293.4,1090.08,508.42,3.4989,-13178.4,0
344.842,3318.35,1052.74,474.037,0.937468,-13049.4,0
348.258,3285.42,1060.9,517.44,4.10477,-12921.4,0
351.674,3296.06,1088.52,570.88,2.02334,-12795.9,0
355.069,3279.02,1165.73,615.566,2.37082,-12673.6,0
358.46,3274.51,1163.76,638.54,2.40471,-12553.7,0
361.863,3232.09,1175.1,610.043,6.25282,-12435.6,0
365.291,3243.73,1184.73,656.686,1.44222,-12318.9,0
368.743,3217.94,1142.96,692.903,4.10951,-12203.6,0
372.139,3208.4,1223.13,685.281,4.13084,-12092.2,0
375.554,3219.03,1196.03,704.159,2.71278,-11982.3,0
378.955,3217.16,1265.7,780.276,1.70946,-11874.8,0
382.353,3176.58,1258.21,801.684,5.47952,-11769.2,0
385.773,3216.06,1228.48,793.342,0.207461,-11664.9,0
389.189,3169.58,1279.95,818.238,3.70286,-11562.5,0
392.589,3156.03,1325.97,885.309,4.26152,-11462.4,0
395.987,3110.42,1319.15,879.882,7.0582,-11364,0
399.374,3127.99,1347.38,882.729,2.88764,-11267.6,0
402.81,3114.14,1409.2,930.946,3.09419,-11171.5,0
406.22,3137.93,1369.1,889.186,0.578308,-11077.7,0
409.627,3091.08,1312.88,839.206,5.6436,-10985.6,0
413.051,3064.43,1360.64,832.738,5.70605,-10894.5,0
416.475,3054.29,1378.63,849.69,4.04122,-10805,0
419.893,3058.6,1386.59,893.262,2.01793,-10717,0
423.322,3041.84,1389.6,907.473,3.58047,-10630.2,0
426.737,3039.01,1366.53,877.038,3.86501,-10545.1,0
430.151,3003.6,1353.38,830.964,7.39592,-10461.4,0
433.575,3051.35,1308.78,767.294,0.498339,-10378.8,0
437.027,3033.21,1252.49,826.76,2.56845,-10296.8,0
440.437,3051.18,1244.28,804.665,0.148429,-10217.1,0
443.84,3042.52,1142.94,812.81,0.886486,-10138.8,0
447.223,3031.39,1141.77,855.63,1.80972,-10062.1,0
450.654,3033.64,1091.67,794.584,1.78725,-9985.48,0
454.068,2998.61,1123.81,802.405,5.21212,-9910.42,0
457.471,2981.6,1096.5,803.657,5.04796,-9836.69,0
460.884,2972.24,1124.17,776.6,4.21486,-9763.84,0
464.3,2954.5,1114.64,741.615,5.09197,-9692,0
467.715,2972.92,1119.37,677.221,0.610219,-9621.24,0
471.117,2953.91,1116.8,641.866,2.97724,-9551.77,0
474.521,2933.58,1076.78,619.962,4.98815,-9483.25,0
477.945,2970.53,1019.21,588.021,0.488616,-9415.31,0
481.37,2908.48,1031.73,660.644,5.27539,-9348.32,0
484.786,2924.6,1102.35,627.034,2.32502,-9282.45,0
488.216,2860.71,1123.27,629.798,8.26177,-9217.23,0
491.646,2832.39,1106.39,653.854,7.71812,-9152.92,0
495.09,2817.67,1122.29,717.145,5.22369,-9089.25,0
498.514,2828.68,1101.54,679.275,2.86259,-9026.83,0
501.949,2777.71,1144.23,657.329,6.90585,-8965.06,0
505.394,2738.79,1145.73,670.448,6.65259,-8903.94,0
508.788,2767.55,1129.74,721.616,0.692016,-8844.54,0
512.255,2726.48,1119.57,768.123,4.74827,-8784.68,0
515.655,2724.79,1143.27,754.05,4.60087,-8726.76,0
519.065,2705.45,1200.55,735.672,6.04883,-8669.42,0
522.479,2709.13,1207.43,761.121,3.30902,-8612.79,0
525.896,2710.7,1339.07,761.097,2.01851,-8556.82,0
529.32,2710.04,1349.35,740.648,1.20384,-8501.47,0
532.728,2683.95,1374.43,658.045,3.73657,-8447.09,0
536.129,2695.42,1373.15,696.058,2.01064,-8393.51,0
539.537,2671.54,1425.54,659.496,4.43491,-8340.49,0
542.947,2658.46,1482.57,703.05,4.31294,-8288.1,0
546.359,2620.56,1501.42,713.487,6.51658,-8236.35,0
549.779,2611.77,1433.13,655.818,5.29093,-8185.11,0
553.188,2640.77,1501.26,649.661,0.360554,-8134.66,0
556.594,2634.3,1498.73,632.682,0.960187,-8084.89,0
560.013,2597.72,1522.96,649.006,5.1266,-8035.53,0
563.433,2563.82,1539.97,645.28,6.36414,-7986.75,0
566.824,2557.74,1512,591.133,5.60068,-7938.97,0
570.253,2581.8,1560.38,651.14,0.814284,-7891.23,0
573.644,2548.8,1504.82,693.13,4.84333,-7844.58,0
577.06,2520.8,1539.64,693.62,5.66824,-7798.14,0
580.469,2514.63,1481.93,711.712,5.49521,-7752.35,0
583.89,2528.97,1460.68,732.11,2.75179,-7706.93,0
586.298,2499.97,1400.33,720.025,6.23185,-7675.27,0
