3.42247,4476.49,-503.489,-37.894,3.12404,-1.31484e+06,0
6.83549,4450.58,-496.324,-9.30081,3.16353,-658328,0
10.2458,4459.37,-391.274,32.2736,5.77649,-439206,0
13.6603,4486.51,-369.492,-0.0386235,3.16369,-329423,0
17.0963,4505.44,-338.989,-69.5649,2.02176,-263214,0
20.5133,4456.12,-353.325,-10.4451,5.402,-219369,0
23.9304,4503.19,-306.47,-24.1847,1.01242,-188045,0
27.344,4447.32,-262.662,27.5456,8.17012,-164570,0
30.7716,4406.54,-248.057,17.1092,8.30768,-146239,0
34.1778,4436,-245.61,39.4731,0.798138,-131664,0
37.6046,4399.49,-265.939,37.8301,3.29689,-119666,0
41.0453,4374.23,-301.678,24.7338,2.5401,-109635,0
44.4578,4351.54,-265.899,-3.05994,5.49227,-101220,0
47.8623,4407.03,-210.086,57.0553,2.37555,-94019.7,0
51.2815,4403.89,-218.044,81.2712,1.50411,-87750.9,0
54.6886,4395.32,-246.797,41.5561,0.861413,-82284.1,0
58.0926,4365.03,-214.274,98.9729,4.23667,-77462.5,0
61.5109,4387.59,-202.143,95.7204,2.40228,-73157.8,0
64.9136,4377.67,-219.235,62.1192,2.92944,-69323,0
68.3346,4330.18,-254.851,61.2413,4.85078,-65852.4,0
71.7641,4332.18,-253.469,4.03332,2.13645,-62705.4,0
75.2052,4296.6,-223.808,-14.6713,6.14441,-59836.3,0
78.6316,4308.21,-195.472,-43.5135,5.39235,-57228.9,0
82.0447,4290.21,-221.8,-76.9567,2.85538,-54848.2,0
85.4798,4265.53,-226.089,-48.6929,4.82451,-52644,0
88.888,4249.29,-264.494,-28.6606,3.18438,-50625.5,0
92.2969,4270.21,-249.073,-5.70707,2.13445,-48755.7,0
95.6959,4209.66,-249.91,16.5596,7.49583,-47024,0
99.1081,4211.56,-229.686,12.2199,4.61202,-45404.9,0
102.512,4194.89,-228.956,7.84551,5.60483,-43897.2,0
105.925,4215.87,-247.269,0.204373,0.204418,-42482.9,0
109.342,4213.49,-196.263,-54.3687,3.85198,-41155.1,0
112.771,4188.96,-249.509,-67.2546,0.191273,-39903.9,0
116.192,4195.07,-189.222,-61.7707,3.9269,-38729.2,0
119.615,4197.15,-168.354,-49.6253,4.90066,-37620.7,0
123.033,4161.86,-146.139,-141.658,3.98619,-36575.7,0
126.447,4175.12,-111.715,-79.9664,8.69259,-35588,0
129.882,4182.06,-68.3201,-102.225,3.22431,-34646.8,0
133.298,4183.93,16.2925,-62.4428,6.39297,-33759,0
136.753,4185.97,47.9421,-73.6566,2.53791,-32906.1,0
140.152,4130.02,65.7164,-25.7976,6.10254,-32108.1,0
143.582,4104,58.7163,-10.0926,6.97627,-31341,0
146.997,4096.83,11.9101,5.83315,7.99787,-30612.8,0
150.44,4064.54,-34.5196,-44.5689,1.2071,-29912.3,0
153.876,3984.45,-62.2495,-30.8287,4.3711,-29244.2,0
157.297,3953.04,-54.2404,-1.08002,5.69208,-28608.3,0
160.704,3986.28,-54.0106,-3.732,1.60938,-28001.8,0
164.126,3953.45,-49.4596,6.14566,3.93723,-27418,0
167.549,3969.22,-7.32082,-30.9325,5.06341,-26857.8,0
170.981,3958.36,-6.17675,-21.3933,6.71137,-26318.8,0
174.391,4013.55,8.37741,5.4526,2.72873,-25804.1,0
177.797,3965.84,31.5908,7.10441,2.71154,-25309.8,0
181.216,3988.95,6.79881,-20.8031,1.91638,-24832.3,0
184.612,3960.23,24.7306,-2.95598,3.07171,-24375.4,0
188.044,3973.49,-6.69962,8.43023,4.16658,-23930.5,0
191.459,3937.46,19.2774,16.0337,1.54344,-23503.8,0
194.906,3947.49,6.48509,-6.70963,2.95175,-23088.1,0
198.322,3933.87,-0.779186,-11.5844,3.05716,-22690.4,0
201.735,3927.18,-11.5555,2.9803,2.84006,-22306.5,0
205.146,3896.16,-16.0178,8.86118,3.0917,-21935.6,0
208.561,3932.71,-6.4955,9.26805,1.36848,-21576.4,0
211.98,3915.05,6.13171,18.6855,0.716515,-21228.4,0
215.386,3876.84,5.52053,15.0026,3.58177,-20892.7,0
218.804,3828.34,-12.5741,29.3626,2.17207,-20566.4,0
222.225,3809.8,-11.1869,29.6745,2.86674,-20249.8,0
225.616,3812.52,17.8681,3.84361,4.96027,-19945.4,0
229.046,3809.34,11.9383,16.1754,2.23959,-19646.7,0
232.454,3767.3,-2.77257,20.3699,2.6556,-19358.7,0
235.881,3750.05,17.0891,8.25675,2.16953,-19077.4,0
239.292,3764.99,-10.5569,14.3738,0.934178,-18805.5,0
242.705,3780.24,12.3046,1.91945,1.50019,-18541,0
246.13,3825.42,-1.30839,0.676945,1.96239,-18283.1,0
249.549,3779.87,-0.240952,7.29754,2.55384,-18032.5,0
252.979,3777.14,-3.68532,1.60898,3.24858,-17788,0
256.4,3779.33,-9.18924,-4.17728,1.0939,-17550.7,0
259.804,3768.95,-0.432634,-10.8594,1.46929,-17320.8,0
263.217,3764.06,-4.43613,8.3995,1.46275,-17096.2,0
266.634,3759.9,3.93555,-9.14002,1.42741,-16877,0
270.047,3699.23,-4.76004,8.68591,3.50144,-16663.7,0
273.432,3711.78,3.3833,7.16827,2.74641,-16457.4,0
276.807,3692.23,-6.98099,7.67303,1.74459,-16256.8,0
280.231,3703.23,-10.4757,-2.29938,0.603035,-16058.2,0
283.662,3668.55,-0.845317,1.17921,5.84398,-15864,0
287.069,3625.88,-30.9472,-11.8528,8.1359,-15675.7,0
290.492,3622.22,-42.2704,14.9784,7.04254,-15490.9,0
293.902,3622.84,-43.3659,30.9867,3.97965,-15311.2,0
297.309,3568,-32.8382,49.1947,3.69626,-15135.8,0
300.714,3558.33,58.393,55.5544,2.78083,-14964.4,0
304.126,3530.95,36.4261,65.3946,5.39769,-14796.5,0
306.819,3476.65,5.03922,1.83573,12.0939,-14666.6,2
