3.41528,4456.75,-384.027,51.0106,2.25295,-1.31761e+06,0
6.841,4451.71,-344.64,-34.8042,4.33965,-657799,0
10.2679,4469.68,-330.047,-19.5253,1.8091,-438259,0
13.6779,4448.65,-352.686,17.9899,1.96475,-328999,0
17.0943,4445.81,-330.837,47.3943,2.63919,-263245,0
20.5021,4418.46,-313.236,-23.0514,6.09719,-219490,0
23.914,4426.47,-337.74,37.7058,2.66018,-188174,0
27.3385,4413.71,-327.082,-23.1546,4.16759,-164603,0
30.7432,4401.63,-316.804,-15.2662,4.98878,-146374,0
34.1536,4432.86,-269.694,-8.82932,3.17331,-131758,0
37.5472,4414.46,-303.25,9.03833,2.37139,-119849,0
40.9759,4406.23,-335.795,37.0806,0.820635,-109821,0
44.4019,4438.19,-282.181,-8.41546,0.745637,-101347,0
47.8244,4418.98,-293.726,-7.99014,1.59706,-94094.2,0
51.2261,4394.9,-272.014,-14.1995,4.88597,-87845.8,0
54.6422,4386.39,-331.878,-31.0826,1.35392,-82353.9,0
58.0606,4360.04,-333.233,-61.8585,3.44138,-77505.2,0
61.4891,4366.29,-314.309,-68.7955,2.92486,-73183.7,0
64.8944,4312.44,-294.781,-99.0977,7.43218,-69343.4,0
68.269,4261.63,-338.552,-71.6431,5.64844,-65915.7,0
71.6823,4275.46,-326.778,-35.7821,3.6107,-62777,0
75.0922,4314.63,-269.275,-95.8793,2.15615,-59926.3,0
78.506,4286.57,-300.915,-55.424,3.11365,-57320.5,0
81.921,4314.1,-289.654,-23.7348,0.600717,-54931,0
85.3358,4275.31,-321.28,-21.2757,2.32664,-52732.8,0
88.7742,4236.65,-288.692,-42.4696,7.94375,-50690.4,0
92.1959,4163.07,-292.753,-82.1506,8.04368,-48809.1,0
95.6248,4124.57,-333.966,-110.921,5.62658,-47058.9,0
99.0366,4097.98,-377.831,-129.783,2.92585,-45437.7,0
102.468,4120.66,-354.321,-112.588,2.21054,-43916,0
105.865,4108.33,-351.592,-110.185,3.68414,-42506.8,0
109.281,4098.29,-345.614,-64.031,5.16628,-41178.2,0
112.724,4074.76,-347.027,-98.6756,3.03051,-39920.5,0
116.156,4071.51,-299.622,-158.878,3.82635,-38741,0
119.574,4060.54,-221.858,-192.226,8.43025,-37633.6,0
122.996,4068.99,-204.55,-183.924,2.98787,-36586.5,0
126.432,4088.5,-186.807,-137.132,3.77497,-35592.4,0
129.82,4069.78,-164.39,-146.73,7.27093,-34663.4,0
133.234,4070.91,-135.904,-172.48,5.4771,-33775.3,0
136.648,4040.47,-80.8771,-220.019,5.11689,-32931.3,0
140.068,4050.97,-114.061,-169.977,6.28051,-32127.3,0
143.48,3993.33,-136.251,-148.711,7.85159,-31363.2,0
146.863,3969.94,-120.385,-164.802,6.95544,-30640.7,0
150.27,3956.82,-122.658,-142.35,7.80041,-29946.1,0
153.687,3959.07,-113.735,-116.657,8.11447,-29280.3,0
157.097,3942.35,-130.892,-83.7322,5.28965,-28644.8,0
160.507,3915.98,-126.327,-32.1632,7.59532,-28036.2,0
163.942,3882.21,-117.03,-13.9765,7.05403,-27448.7,0
167.366,3978.77,-85.2324,34.5507,2.4268,-26887.2,0
170.788,4031.34,-74.217,-6.23716,0.34731,-26348.5,0
174.19,4063.42,-36.5827,28.9372,0.843318,-25833.8,0
177.604,4094.09,-4.97184,-13.8502,2.14165,-25337.3,0
180.981,4038.07,35.4346,-5.63957,2.67191,-24864.4,0
184.41,4064.38,17.6545,25.2356,0.791959,-24402.1,0
187.835,4065.3,-8.48513,1.06408,3.0066,-23957.2,0
191.246,4074.39,-5.7837,10.6866,1.5757,-23530,0
194.638,4061.34,-14.4514,6.71417,1.83945,-23119.8,0
198.053,3985.76,28.3725,23.2335,3.3568,-22721.2,0
201.469,4011,19.2483,-14.1693,2.78052,-22335.9,0
204.873,3948.42,-22.259,19.2523,4.25601,-21964.8,0
208.305,3912.01,-33.014,35.55,1.98241,-21602.9,0
211.709,3884.86,-57.4029,22.6649,0.753604,-21255.5,0
215.123,3866.83,-40.2705,-25.2029,4.50902,-20918.3,0
218.555,3795.89,-47.8981,25.3472,7.2011,-20589.8,0
221.965,3810.03,8.20004,-3.84421,2.49623,-20273.5,0
225.372,3784.57,6.68358,-13.2423,1.87294,-19966.9,0
228.81,3765.97,10.0013,-3.42024,3.55814,-19667,0
232.196,3775.76,6.90904,0.899946,3.04344,-19380.2,0
235.614,3768.38,-2.75145,-15.4974,0.311455,-19099.1,0
239.016,3787.48,-6.0498,8.0776,0.872454,-18827.2,0
242.425,3774.23,-2.8394,-2.6012,3.14579,-18562.4,0
245.818,3708.76,-6.46255,11.0759,2.64469,-18306.3,0
249.245,3716.36,-5.72317,-0.93932,3.94998,-18054.6,0
252.678,3733.91,-1.04726,-3.25229,3.68357,-17809.2,0
256.115,3762.32,4.31746,0.00331242,1.82537,-17570.2,0
259.532,3675.65,-6.42214,2.43798,4.03154,-17338.9,0
262.969,3585.39,-12.3265,6.22479,4.79461,-17112.3,0
266.372,3535.09,-41.3431,30.0574,8.17792,-16893.7,0
268.888,3494.99,-0.512372,1.6333,23.0672,-16735.6,2
