3.41629,4441.71,-449.97,-202.164,5.48414,-1.31722e+06,0
6.82766,4439.93,-473.026,-260.714,2.18247,-659083,0
10.2591,4431.41,-425.265,-224.185,5.20586,-438637,0
13.6864,4423.89,-391.037,-161.255,5.57742,-328794,0
17.1122,4399.41,-378.87,-197.232,5.00057,-262971,0
20.5251,4425.78,-390.494,-167.044,0.857796,-219244,0
23.9441,4408.21,-441.713,-165.633,0.0243854,-187938,0
27.3674,4357.64,-437.61,-146.843,5.9738,-164429,0
30.7477,4293.74,-466.98,-134.316,7.46586,-146352,0
34.156,4325.2,-407.996,-184.759,1.10336,-131749,0
37.575,4281.88,-442.916,-195.362,4.40608,-119761,0
40.9812,4261.92,-454.002,-167.041,4.54622,-109806,0
44.3885,4250.38,-471.518,-166.898,3.80332,-101378,0
47.8114,4225.53,-451.35,-180.774,7.09987,-94119.9,0
51.2358,4231.88,-479.409,-182.287,2.88897,-87829.3,0
54.6529,4239.24,-443.825,-251.296,1.80119,-82337.7,0
58.0728,4239.14,-402.682,-211.408,4.09752,-77488.9,0
61.4853,4236.72,-388.659,-192.311,4.70444,-73188.3,0
64.912,4224.79,-406,-178.524,3.59655,-69324.6,0
68.3022,4219.16,-396.127,-157.543,4.13804,-65883.7,0
71.7124,4224.64,-340.302,-116.012,5.88665,-62750.6,0
75.1564,4188.33,-385.503,-85.3631,6.43349,-59875.2,0
78.5559,4144.76,-317.946,-92.9384,11.062,-57284,0
81.9772,4169.15,-266.125,-73.4766,7.04394,-54893.3,0
85.3999,4177.84,-291.304,-73.8331,0.861183,-52693.3,0
88.8379,4131.05,-281.782,-110.675,5.32578,-50654.1,0
92.2533,4115.89,-292.48,-142.662,3.48296,-48778.8,0
95.6488,4138.36,-266.892,-113.235,2.89975,-47047.1,0
99.0818,4145.34,-205.119,-150.876,5.34932,-45417,0
102.486,4141.01,-240.278,-145.062,1.70831,-43908.6,0
105.911,4148.52,-208.503,-135.092,4.31994,-42488.6,0
109.322,4192.4,-151.096,-154.872,1.97513,-41162.7,0
112.731,4189.36,-129.723,-122.783,5.954,-39918.1,0
116.142,4263.87,-99.4783,-102.014,0.384163,-38745.5,0
119.556,4196.09,-61.4402,-89.9097,9.04542,-37639.2,0
122.99,4226.05,-13.2576,-129.455,0.34486,-36588.4,0
126.401,4184.22,-9.37694,-146.082,2.0225,-35600.9,0
129.819,4147.38,-15.1008,-174.875,1.04872,-34663.8,0
133.243,4151.99,21.9485,-135.022,4.26177,-33772.8,0
136.672,4140.76,59.5074,-112.916,4.57627,-32925.4,0
140.086,4128.61,31.0245,-154.971,0.824072,-32123.2,0
143.497,4150.33,30.2616,-124.643,1.57498,-31359.5,0
146.907,4146.37,11.8552,-101.554,4.82783,-30631.7,0
150.313,4139.73,19.5753,-118.135,2.71354,-29937.4,0
153.735,4114.88,1.07833,-108.657,5.74148,-29271.2,0
157.158,4087.49,20.7588,-84.3794,6.13326,-28633.7,0
160.596,4052.69,12.9455,-47.3928,8.30327,-28020.7,0
164.009,4048.88,-2.74784,-31.7479,6.99007,-27437.6,0
167.446,4091.45,-0.848564,-19.3908,3.28391,-26874.4,0
170.865,4039.3,34.0004,-50.3847,1.36249,-26336.5,0
174.295,3953.4,96.8412,-3.84517,2.10369,-25818.3,0
177.699,3934.68,59.6663,7.22272,7.16898,-25323.7,0
181.102,3949.01,46.0615,8.41721,3.1277,-24847.9,0
184.521,3955.13,31.4117,-12.2111,4.44496,-24387.5,0
187.928,3930.78,-7.98095,-36.213,4.33169,-23945.4,0
191.333,3896.03,12.5271,-12.1866,8.88818,-23519.2,0
194.737,3924.48,9.85866,-11.7823,3.79179,-23108.1,0
198.165,3948.05,15.5404,-9.09524,0.793053,-22708.4,0
201.572,3948.89,-10.2897,-8.78697,1.31023,-22324.5,0
204.96,3902.57,-22.9438,-19.1612,1.06868,-21955.6,0
208.367,3884.23,6.59936,21.0288,3.84507,-21596.5,0
211.776,3804.18,-25.1593,-32.7354,1.87692,-21248.9,0
215.2,3780.1,-27.3918,-14.1975,5.1015,-20910.8,0
218.607,3768.34,-13.0053,-11.5854,7.24615,-20584.9,0
222.022,3728.45,0.0596382,21.8583,3.19494,-20268.3,0
225.449,3745.49,-2.47289,6.73406,6.35777,-19960.1,0
228.873,3705.02,-14.7829,12.9024,2.58112,-19661.6,0
232.294,3731.78,10.6476,-1.48245,3.23433,-19372,0
235.725,3745.47,6.10457,0.284709,4.07636,-19090,0
239.153,3722.5,-4.42449,2.45583,4.74655,-18816.4,0
242.564,3726.56,1.01075,-11.0729,2.03718,-18551.8,0
245.966,3679.38,7.34049,-5.47712,3.50944,-18295.2,0
249.414,3668.27,-4.71923,-3.6803,4.60899,-18042.3,0
252.827,3670.58,6.25697,-3.54505,6.56537,-17798.8,0
256.232,3706.41,9.80457,9.50656,0.491062,-17562.2,0
259.65,3688.01,-3.19594,2.41301,3.75852,-17331,0
263.07,3642.99,-18.5528,-6.83997,4.97291,-17105.7,0
266.477,3611.2,18.4616,54.6654,3.22387,-16887,0
269.887,3549.15,5.84507,-3.07237,7.21742,-16673.6,0
273.295,3512.45,-9.74403,12.1029,2.35156,-16465.7,0
273.681,3486.15,-0.0373635,3.69356,11.5872,-16442.5,6
