3.43033,4438.09,-439.583,-66.9743,2.15055,-1.31183e+06,0
6.85995,4390.43,-487.421,-72.27,5.00385,-655981,0
10.2831,4389.85,-452.892,-80.9688,5.61459,-437612,0
13.6961,4381.51,-459.695,-54.0195,3.76047,-328560,0
17.1148,4383.93,-404.23,-3.99472,5.69267,-262930,0
20.5539,4428.32,-345.015,24.5785,2.30879,-218937,0
23.9799,4397.83,-362.809,-57.8493,4.06282,-187657,0
27.3852,4372.79,-442.811,-51.2405,2.05368,-164322,0
30.7891,4365.49,-452.137,-79.9368,0.36791,-146156,0
34.2131,4335.36,-431.263,-47.3059,4.28326,-131528,0
37.6399,4294.31,-434.773,-73.6518,5.58333,-119554,0
41.0621,4242.12,-382.121,-52.2536,8.59149,-109590,0
44.4798,4253.21,-380.136,-88.8809,3.44175,-101170,0
47.9147,4231.12,-394.073,-21.4654,5.3735,-93916.9,0
51.329,4198.07,-413.391,-8.94322,6.16684,-87669.7,0
54.7306,4192.5,-445.017,-7.77636,3.72273,-82221,0
58.1376,4194.38,-452.27,9.25537,2.23371,-77402.6,0
61.5561,4162.43,-496.374,-25.1988,1.75811,-73104,0
64.9695,4163.83,-495.463,-69.4877,0.388621,-69263.3,0
68.384,4107.36,-456.1,-76.9372,8.27345,-65804.8,0
71.8013,4104.72,-412.722,-94.9472,6.72551,-62673,0
75.2196,4109.71,-402.227,-97.242,3.10588,-59824.8,0
78.6126,4100.77,-422.72,-92.3716,1.52506,-57242.7,0
82.0151,4078.11,-432.017,-83.3603,2.34515,-54867.9,0
85.4497,4035.94,-485.751,-70.6926,2.94521,-52662.6,0
88.8665,4022.55,-497.28,-50.1847,0.800289,-50637.8,0
92.319,4005.35,-510.215,7.86173,1.98613,-48744,0
95.7408,3963.97,-557.703,70.1563,3.57878,-47001.9,0
99.1364,3954.64,-554.861,65.558,4.13246,-45392,0
102.551,3946.48,-527.919,91.707,4.30588,-43880.8,0
105.948,3988.33,-448.995,101.967,2.8611,-42473.8,0
109.358,3941.35,-447.111,113.105,7.49418,-41149.4,0
112.764,3930.25,-419.326,114.655,7.5005,-39906.4,0
116.168,3931.02,-387.786,158.862,4.06854,-38737.1,0
119.592,3899.89,-391.737,171.568,3.90525,-37628.1,0
123.009,3898.56,-379.66,192.445,3.61143,-36582.5,0
126.412,3914.09,-359.466,178.993,3.78786,-35597.9,0
129.847,3862.77,-294.767,183.007,8.3126,-34656.1,0
133.271,3849.37,-320.983,144.93,6.69009,-33765.8,0
136.679,3815.55,-264.846,155.921,10.7475,-32923.8,0
140.082,3854.86,-227.594,195.633,3.36419,-32124.1,0
143.518,3819.19,-209.068,205.387,5.90743,-31354.9,0
146.909,3823.53,-247.368,144.02,5.85521,-30631.3,0
150.334,3804.33,-231.623,135.122,0.0645949,-29933.4,0
153.762,3685.32,-218.989,124.509,1.51346,-29266.1,0
157.169,3682.99,-166.143,106.698,8.19551,-28631.7,0
160.563,3670.14,-99.1921,80.9212,6.11407,-28026.3,0
163.976,3735.62,-64.1563,24.8097,4.23108,-27443,0
167.381,3687.53,-61.2999,28.42,4.93276,-26884.8,0
170.783,3705.06,-49.1094,15.7017,8.49552,-26349.2,0
174.183,3692.04,-24.3854,27.0364,2.20119,-25834.9,0
177.603,3719.33,-0.780095,30.2715,1.46842,-25337.4,0
181.02,3648.97,-3.09254,-5.66477,1.69121,-24859.1,0
184.436,3626.56,-23.0158,-4.14055,8.09564,-24398.7,0
187.845,3578.94,-7.7581,50.4944,3.29642,-23955.9,0
191.258,3489.1,3.38807,35.1702,1.0245,-23528.5,0
191.68,3469.36,-6.50496,1.9956,22.6796,-23476.6,3
