3.43263,4487.96,534.157,440.01,2.36611,-1.31095e+06,0
6.86106,4417.47,456.925,412.287,9.49437,-655875,0
10.2636,4446.6,441.581,453.069,2.3909,-438443,0
13.6759,4402.4,362.682,442.784,8.03695,-329045,0
17.0884,4359.1,356.634,439.266,8.57295,-263336,0
20.5195,4311.33,404.071,493.152,6.13203,-219304,0
23.9361,4284.96,417.905,528.043,5.53011,-188000,0
27.3465,4272.57,421.98,531.396,4.91463,-164555,0
30.7629,4269.99,411.99,567.06,3.31721,-146280,0
34.1888,4225.05,406.12,584.527,7.51448,-131622,0
37.603,4197.48,415.882,560.117,6.24053,-119671,0
41.0192,4216.95,429.23,567.174,1.47102,-109705,0
44.4142,4201.49,390.019,477.92,5.89967,-101319,0
47.8362,4204.82,366.498,471.795,5.3729,-94070.9,0
51.2515,4176.86,336.347,459.287,5.55425,-87802.3,0
54.6531,4181.25,311.312,447.304,4.05491,-82337.5,0
58.0752,4151.42,286.908,430.273,6.64531,-77485.7,0
61.5027,4103.98,257.222,516.734,6.29141,-73167.5,0
64.907,4086.8,270.134,503.5,6.36409,-69330,0
68.3295,4078.42,306.202,515.12,2.59107,-65857.3,0
71.7259,4049.09,296.802,483.713,5.97999,-62738.9,0
75.141,3998.49,301.957,468.261,8.34628,-59887.4,0
78.5784,3969.68,317.987,456.024,6.87389,-57267.7,0
81.9867,3974.43,373.987,450.543,2.99518,-54887,0
85.3858,3949.34,377.32,433.103,7.12112,-52702,0
88.8181,3956.1,420.681,413.171,2.07295,-50665.3,0
92.2268,3906.95,454.741,410.166,7.809,-48792.7,0
95.6368,3930.14,433.007,383.653,3.49695,-47053,0
99.0421,3909.48,407.176,398.831,5.31394,-45435.2,0
102.448,3885.97,436.263,384.985,7.0808,-43924.7,0
105.867,3881.27,426.812,359.189,4.45765,-42506.1,0
109.303,3888.11,452.875,324.846,1.8601,-41169.8,0
112.727,3850.59,476.297,283.428,5.7402,-39919.5,0
116.135,3862.58,432.419,247.454,7.70425,-38748.2,0
119.563,3865.31,468.612,222.399,3.18854,-37637.2,0
122.968,3863.5,452.449,210.974,5.5207,-36594.9,0
126.355,3839.3,447.431,248.636,5.99562,-35613.9,0
129.789,3825.98,463.775,245.327,4.76931,-34671.6,0
133.202,3864,420.706,198.684,3.45276,-33783.3,0
136.624,3851.54,418.859,181.636,5.41436,-32937.2,0
140.046,3883.17,404.481,168.732,0.471085,-32132.4,0
143.465,3842.82,405.495,162.513,6.26068,-31366.5,0
146.857,3834.32,392.202,132.223,8.78369,-30642.1,0
150.262,3782.03,392.048,135.35,3.95934,-29947.6,0
153.679,3801.12,340.029,109.844,9.16898,-29281.8,0
157.118,3854.55,293.189,106.674,7.00198,-28640.9,0
160.505,3834.17,308.78,102.706,5.26467,-28036.5,0
163.919,3801.47,285.283,85.4693,5.25869,-27452.6,0
167.359,3790.82,267.589,137.296,4.15467,-26888.3,0
170.766,3797.73,222.721,141.712,0.582338,-26351.8,0
174.207,3794.51,205.723,152.224,0.721516,-25831.3,0
177.623,3829.7,142.077,126.642,3.44264,-25334.5,0
181.04,3843.07,121.117,140.184,0.777621,-24856.3,0
184.467,3790.66,147.005,127.892,0.690856,-24394.6,0
187.893,3760.34,100.563,106.552,6.57404,-23949.8,0
191.309,3806.54,98.9454,105.832,1.70368,-23522.1,0
194.715,3722.03,90.2122,119.705,2.96424,-23110.7,0
198.128,3734.85,72.5248,102.419,6.63342,-22712.6,0
201.561,3766.88,66.2838,53.1155,3.31857,-22325.7,0
204.945,3780.3,66.0121,-30.4294,3.19956,-21957.1,0
208.384,3755.57,55.2758,-41.3466,4.30122,-21594.7,0
211.807,3755.95,2.17783,-17.0376,8.90283,-21245.8,0
215.228,3712.17,1.66991,-13.9879,6.83962,-20908,0
218.657,3768.2,-1.44195,-6.5052,4.24936,-20580.1,0
222.093,3679.9,1.60403,1.38477,8.9481,-20261.8,0
225.512,3686.31,-5.14738,1.64971,6.02557,-19954.6,0
228.913,3711.65,-0.516986,-4.66017,4.41909,-19658.1,0
232.336,3678.03,-11.9523,-5.6187,0.552745,-19368.5,0
235.766,3692.59,-5.44528,-3.91245,3.48393,-19086.8,0
239.198,3684.61,3.30581,14.4613,1.25491,-18812.9,0
242.6,3649.5,2.26576,4.06115,2.6402,-18549,0
246.016,3546.01,47.8618,-0.104495,2.91342,-18291.5,0
249.469,3478.45,13.3343,4.49072,2.78644,-18038.3,0
249.518,3480.82,4.49081,1.49923,14.9098,-18034.8,3
