3.43831,4495.77,236.222,81.1228,2.28556,-1.30878e+06,0
6.82893,4473.81,232.203,87.0063,2.91369,-658962,0
10.2582,4475.23,202.613,57.7447,4.60632,-438674,0
13.6967,4472.82,178.646,124.119,3.83333,-328546,0
17.1053,4426.44,167.014,155.47,6.41623,-263076,0
20.5203,4400.14,170.418,173.301,6.08938,-219295,0
23.946,4427.39,141.919,171.598,3.7425,-187923,0
27.3801,4446.41,134.963,145.833,2.62067,-164353,0
30.7969,4407.62,127.617,89.3405,7.00709,-146119,0
34.2228,4404.48,123.742,38.247,3.99251,-131491,0
37.6358,4427.86,105.765,33.6744,2.13469,-119567,0
41.0718,4451.77,74.4001,16.3245,2.0801,-109564,0
44.4845,4422.85,78.3613,-22.6031,2.58339,-101159,0
47.8896,4410.43,100.263,-14.3229,1.74036,-93966,0
51.3053,4382.37,73.3865,-31.8456,5.41846,-87710.3,0
54.7157,4360.58,89.5338,-70.1339,3.82366,-82243.3,0
58.1386,4270.56,223.534,-66.9227,1.51741,-77401.2,0
61.5525,4242.23,204.592,-65.6968,5.24914,-73108.4,0
64.9682,4229.76,200.207,-51.0769,5.22465,-69264.6,0
68.3781,4208.7,227.06,-40.8648,4.89648,-65810.5,0
71.7871,4218.68,244.308,-62.1976,0.597823,-62685.3,0
75.2035,4236.33,202.27,-45.3793,3.05817,-59837.6,0
78.6236,4264.6,174.499,-21.5681,2.83,-57234.7,0
82.0237,4260.88,169.579,-0.401678,2.90217,-54862.2,0
85.4513,4238.36,182.662,-2.40607,3.74597,-52661.6,0
88.8573,4211.12,117.307,43.8851,8.94945,-50643,0
92.2763,4187.44,127.197,-22.5292,6.01631,-48766.6,0
95.6942,4186.76,122.532,-22.5331,5.14696,-47024.8,0
99.1025,4145.43,152.325,-69.1326,3.35811,-45407.5,0
102.534,4109.14,151.312,-44.596,5.53679,-43888.1,0
105.957,4074.77,188.932,-39.3842,2.95593,-42470.2,0
109.368,4058.82,216.578,-40.726,0.437514,-41145.6,0
112.784,3969.19,200.041,-148.041,5.24064,-39899.4,0
116.222,3987.99,175.165,-148.853,4.20768,-38719,0
119.648,4056.09,120.995,-113.601,4.41649,-37610.3,0
123.065,4025.19,87.0405,-137.661,4.48777,-36566.2,0
126.48,4013.55,102.921,-155.631,0.756993,-35578.9,0
129.9,3933.87,157.273,-146.97,2.88178,-34642,0
133.298,3930,152.182,-132.47,4.82648,-33759,0
136.706,3892.59,192.71,-136.639,1.2671,-32917.3,0
140.113,3858.53,147.05,-138.351,7.56848,-32116.8,0
143.518,3836.19,167.24,-151.677,2.1184,-31355,0
146.953,3798.78,137.477,-160.895,8.22348,-30622,0
150.351,3789.77,127.09,-131.823,4.79981,-29930,0
153.767,3781.75,114.791,-135.935,2.49379,-29265.1,0
157.18,3807.85,94.8507,-85.7952,2.95905,-28629.6,0
160.592,3846.04,91.8957,-55.1056,4.34593,-28021.4,0
163.994,3831.75,65.4265,-56.0942,7.26054,-27440.1,0
167.402,3877.29,69.685,-8.84667,5.76953,-26881.3,0
170.826,3843.73,77.4394,-5.2847,5.51718,-26342.6,0
174.222,3850.18,57.5576,7.92103,6.68419,-25829.1,0
177.658,3826.43,62.7325,17.6628,5.64199,-25329.5,0
181.059,3791.87,34.6156,4.28238,0.785771,-24853.8,0
184.473,3841.08,10.8735,17.7252,1.45963,-24393.8,0
187.902,3834.13,-17.4363,-1.57065,2.08074,-23948.6,0
191.319,3810.39,1.39204,-13.3262,4.32038,-23521,0
194.743,3824.99,6.38467,-4.01679,4.11593,-23107.3,0
198.15,3764.38,-6.25744,-0.799749,5.73642,-22710,0
201.559,3763.76,-2.24107,-2.1951,5.30887,-22326,0
204.955,3825.01,-4.20626,-1.90048,0.952353,-21956,0
208.359,3786.61,2.66292,7.21753,2.01597,-21597.3,0
211.771,3793.61,6.8249,5.44649,1.01799,-21249.3,0
215.204,3739.87,0.750769,5.08953,4.41838,-20910.4,0
218.6,3763.2,10.3114,-4.10705,0.920553,-20585.5,0
222.028,3746.76,-2.2845,0.841086,4.21505,-20267.7,0
225.448,3709.46,-2.09232,0.311939,5.61512,-19960.2,0
228.859,3707.75,3.2722,7.01312,2.51526,-19662.7,0
232.251,3713.17,-9.22699,-8.69742,0.00766844,-19375.6,0
235.666,3742.38,-3.5805,6.92395,0.482917,-19094.8,0
239.081,3678.86,6.39112,4.40116,2.71042,-18822.1,0
242.496,3686.61,8.62794,-3.4497,1.52437,-18557,0
245.891,3610.59,10.2758,-11.763,5.12757,-18300.8,0
249.3,3498.34,-5.34592,-12.9315,1.24923,-18050.5,0
249.498,3489.96,-0.548841,-2.74898,11.8485,-18036.2,0
