3.40965,4498.89,-345.492,-244.049,0.169168,-1.31978e+06,0
6.83594,4466.95,-326.652,-148.245,5.80895,-658285,0
10.226,4477.99,-337.705,-153.557,1.86567,-440054,0
13.6546,4471.28,-328.476,-177.627,1.50966,-329559,0
17.0528,4465.85,-338.75,-146.084,1.49686,-263887,0
20.4689,4444.19,-327.805,-119.692,3.20378,-219846,0
23.8747,4433.02,-327.813,-153.417,2.83981,-188484,0
27.2794,4406.54,-356.951,-109.661,4.31747,-164960,0
30.7079,4347.02,-385.123,-120.727,5.02425,-146542,0
34.1084,4361.19,-356.157,-99.912,3.80541,-131932,0
37.5155,4329.59,-438.034,-163.828,0.968641,-119950,0
40.9337,4319.29,-413.295,-146.233,3.43004,-109934,0
44.3536,4348.95,-370.613,-160.772,1.56413,-101457,0
47.7835,4295.98,-357.048,-183.551,7.15513,-94174.8,0
51.211,4289.54,-344.441,-171.574,5.27949,-87871.7,0
54.6512,4311.04,-254.592,-256.482,3.73143,-82340.3,0
58.055,4333.11,-216.503,-246.141,2.87204,-77512.8,0
61.4661,4325.98,-154.121,-265.09,4.92599,-73211,0
64.8978,4309.02,-115.863,-259.045,7.02166,-69339.7,0
68.3254,4328.7,-110.308,-295.972,0.934026,-65861.3,0
71.7184,4295.31,-118.176,-302.387,2.9976,-62745.4,0
75.1167,4321.32,-111.81,-253.469,2.36542,-59906.8,0
78.5511,4342.52,-132.366,-199.178,2.2959,-57287.6,0
81.9862,4303.71,-160.245,-162.069,4.86999,-54887.3,0
85.4166,4262.1,-182.529,-151.323,6.12044,-52682.9,0
88.8427,4288,-144.847,-143.821,4.78495,-50651.3,0
92.2515,4254.72,-169.782,-124.379,5.36622,-48779.7,0
95.6646,4207.27,-202.185,-129.353,1.68004,-47039.3,0
99.0936,4216.09,-187.439,-72.7964,4.08411,-45411.6,0
102.51,4223.81,-131.289,-168.961,1.01198,-43898,0
105.889,4250.92,-112.705,-123.553,2.37638,-42497.3,0
109.332,4255.83,-93.0606,-76.0388,5.849,-41158.9,0
112.736,4249.98,-101.351,-56.328,4.64493,-39916.4,0
116.154,4296.16,-59.4163,-80.3977,0.580091,-38741.7,0
119.583,4256.19,-25.5296,-110.167,2.42413,-37630.7,0
122.984,4245.53,-39.1409,-97.7616,3.74579,-36590.1,0
126.36,4208.42,-60.1344,-111.195,4.15946,-35612.6,0
129.777,4212.82,-105.292,-85.9118,0.791655,-34674.9,0
133.187,4196.59,-93.1432,-42.4451,4.63558,-33787.1,0
136.61,4191.01,-90.2894,-10.2485,6.00028,-32940.4,0
140.023,4134.94,-68.4261,2.23796,9.4567,-32137.5,0
143.424,4169.93,-54.0506,5.40672,3.66797,-31375.6,0
146.841,4138.15,-57.2359,7.90487,4.70257,-30645.3,0
150.273,4086.59,-108.866,4.66297,2.94195,-29945.5,0
153.678,4043.93,-91.7457,-37.5266,6.8568,-29281.9,0
157.08,3994.85,-109.535,-1.9898,5.4912,-28647.8,0
160.5,3991.56,-96.6985,-59.3882,4.15293,-28037.3,0
163.902,4008.27,-87.1937,-66.7612,2.71241,-27455.5,0
167.339,3946.07,-57.8931,-84.5935,8.29227,-26891.6,0
170.759,4008.28,-7.14393,-95.8173,0.953531,-26352.9,0
174.188,3959.52,-8.80005,-84.703,6.49502,-25834.2,0
177.624,4002.85,-20.0172,-72.7326,3.4748,-25334.4,0
181.064,3916.45,-20.3754,-76.5691,5.99932,-24853.1,0
184.484,3870.26,-1.68778,-83.7768,5.4435,-24392.4,0
187.903,3913.44,15.3862,-46.8572,7.12887,-23948.6,0
191.345,3910.12,64.6664,32.5825,1.09353,-23517.7,0
194.74,3947.01,15.5473,35.4192,3.90311,-23107.8,0
198.134,3977.98,16.3375,-10.2289,4.00613,-22711.9,0
201.568,3930.62,5.63245,15.423,6.94309,-22324.9,0
205.004,3891.3,13.2224,11.9549,5.45945,-21950.8,0
208.435,3876.13,12.4738,-24.9285,3.67232,-21589.5,0
211.847,3851.6,25.5232,-12.6931,3.78852,-21241.8,0
215.27,3855.42,-4.71317,-3.49481,6.15851,-20904,0
218.684,3871.8,-3.39037,4.4054,3.35189,-20577.6,0
222.086,3865.97,12.7194,2.90394,1.99274,-20262.4,0
225.486,3876.84,-13.3847,8.40113,0.115759,-19956.9,0
228.909,3805.88,-24.9857,-12.378,1.2675,-19658.5,0
232.328,3788.69,-15.3297,-11.4166,2.08453,-19369.2,0
235.753,3756.4,-10.084,-5.75075,5.3575,-19087.8,0
239.162,3746.24,9.0394,-6.32442,4.09542,-18815.7,0
242.553,3803.09,9.35767,6.37392,0.598508,-18552.6,0
245.977,3797.27,6.1712,-5.48318,1.54304,-18294.4,0
249.363,3751.67,16.9767,-5.60052,0.602637,-18046,0
252.793,3793.33,4.30086,4.11815,2.30007,-17801.1,0
256.22,3723.84,12.1365,5.06615,2.64194,-17563,0
259.649,3734.78,-11.5014,3.11058,2.39245,-17331.1,0
263.069,3729.13,-0.494135,-1.19085,5.36953,-17105.8,0
266.482,3737.22,-0.371737,-5.21484,3.19349,-16886.7,0
269.902,3677.9,2.56948,-8.178,2.82304,-16672.7,0
273.309,3735.59,-2.44282,-7.76824,0.751593,-16464.9,0
276.733,3693.43,9.12933,1.20485,1.7562,-16261.2,0
280.146,3664.41,3.47742,8.62047,2.09277,-16063,0
283.577,3685.77,-1.79301,2.27434,4.03478,-15868.7,0
286.992,3672.8,-4.58865,-1.34478,3.32828,-15679.9,0
290.409,3590.09,37.9371,-60.6115,8.07989,-15495.4,0
293.831,3531.51,11.4565,-4.44696,7.99098,-15314.9,0
295.228,3485.13,1.46009,3.64286,6.79632,-15242.5,3
