3.43647,4457.03,10.5567,373.338,4.65307,-1.30948e+06,0
6.8568,4439.13,1.6636,361.021,3.99198,-656283,0
10.2575,4443.1,54.5469,385.054,1.18271,-438705,0
13.6685,4413.92,58.2305,342.57,6.04895,-329225,0
17.0727,4464.09,58.9421,302.473,1.64874,-263578,0
20.4872,4427.09,83.3872,286.613,5.12694,-219649,0
23.9201,4402.51,162.735,274.188,5.241,-188126,0
27.3616,4416.43,90.9557,315.934,2.32899,-164464,0
30.7942,4372.44,152.65,352.321,3.37596,-146131,0
34.2086,4342.31,144.638,379.059,5.38519,-131546,0
37.6294,4376.58,183.241,318.055,2.45228,-119587,0
41.0279,4342.52,200.563,312.176,5.54033,-109681,0
44.4356,4342.05,183.083,353.662,2.73017,-101270,0
47.8621,4320.38,137.329,357.027,6.00156,-94020.2,0
51.2679,4300.96,125.971,382.319,5.10173,-87774.3,0
54.6878,4267,93.0251,396.973,6.35056,-82285.3,0
58.09,4277.88,63.4335,400.261,3.48085,-77466,0
61.4985,4281.62,68.1397,349.38,5.11666,-73172.5,0
64.9326,4230.4,10.8865,354.416,6.38815,-69302.6,0
68.3543,4220.11,-30.9899,368.515,5.00029,-65833.5,0
71.7637,4225.41,5.03715,362.073,4.11267,-62705.8,0
75.1809,4181.01,-9.91938,322.736,9.17737,-59855.6,0
78.636,4156.59,6.35267,346.009,3.78639,-57225.7,0
82.0403,4147.52,-35.2347,356.632,2.90142,-54851.1,0
85.4541,4097.74,-33.6256,362.528,6.71016,-52659.8,0
88.8888,4094.9,-39.0116,340.293,7.19604,-50625,0
92.2954,4135.43,-6.87216,293.147,4.52081,-48756.5,0
95.7276,4110.52,-6.97827,249.06,8.17241,-47008.4,0
99.1497,4166.22,-31.7648,230.513,1.23802,-45385.9,0
102.558,4170.45,-12.0948,200.279,4.12252,-43877.5,0
105.972,4162.14,8.37331,177.68,5.34219,-42464.2,0
109.382,4170.45,28.569,147.498,4.77855,-41140.4,0
112.793,4213.56,-5.5236,121.469,2.96694,-39896,0
116.197,4176.18,27.0279,144.175,3.27521,-38727.3,0
119.634,4131.49,16.5569,146.957,6.33901,-37614.8,0
123.04,4121.38,100.024,104.16,6.54865,-36573.4,0
126.472,4069.62,47.2237,99.5149,8.76353,-35580.9,0
129.887,4059.22,30.6998,97.8746,6.61231,-34645.5,0
133.307,4080.42,21.2781,95.2585,1.476,-33756.7,0
136.703,4050.47,59.0887,75.0632,3.2573,-32918.1,0
140.113,4008.99,73.5097,96.8263,0.673915,-32116.9,0
143.527,3946.58,104.592,100.118,1.96004,-31352.9,0
146.934,3961.01,81.9444,96.3626,3.85176,-30626,0
150.364,4026.46,32.5478,76.9282,2.47497,-29927.4,0
153.772,4022.04,43.7992,61.8794,1.79982,-29264.2,0
157.168,4029.28,32.2018,30.6901,5.41644,-28631.8,0
160.606,3978.98,13.4775,2.75978,8.83206,-28019,0
164.039,3995.32,-12.3611,14.2127,4.57215,-27432.4,0
167.449,4001.69,20.0235,13.7618,2.41801,-26873.9,0
170.888,3990.47,-21.4219,11.55,2.25144,-26333,0
174.321,3943.22,26.1991,31.1697,2.40499,-25814.5,0
177.707,3963.42,13.0843,-0.504038,5.13354,-25322.5,0
181.125,3993.16,1.87736,6.21687,2.48663,-24844.7,0
184.551,3965.48,-10.6037,-17.1543,1.83614,-24383.6,0
187.953,3999.76,2.27422,-3.91575,1.34189,-23942.2,0
191.35,3963.55,18.0009,-6.34109,1.46188,-23517.2,0
194.761,3932.55,2.41008,14.0786,4.39876,-23105.3,0
198.192,3949.01,0.861643,-2.32602,4.42457,-22705.3,0
201.603,3873.4,9.62886,-12.2022,4.90474,-22321.1,0
205.016,3857.57,-7.36153,11.9496,4.87669,-21949.5,0
208.447,3800.15,8.06007,-21.2891,4.68332,-21588.3,0
211.893,3738.73,-9.31055,28.5634,2.80555,-21237.1,0
215.317,3706.17,15.5113,4.91329,9.07862,-20899.4,0
218.725,3736.17,7.38378,8.66758,4.64662,-20573.8,0
222.15,3729.82,-4.07064,8.76618,4.02408,-20256.5,0
225.547,3810.6,-2.43547,-1.8774,1.17075,-19951.5,0
228.962,3785.98,3.03356,2.85626,2.21265,-19653.9,0
232.363,3750.53,0.753461,-1.10542,4.86101,-19366.3,0
235.782,3720.27,-10.1074,0.317071,2.00906,-19085.4,0
239.171,3717.85,-9.56096,3.04096,1.76961,-18815,0
242.584,3726.8,0.788785,-1.65548,4.10591,-18550.3,0
246.007,3755.96,-0.539765,2.33925,2.08598,-18292.1,0
249.388,3715.77,8.13545,0.0540832,1.30735,-18044.2,0
252.796,3627.48,7.66079,-9.56518,10.3984,-17800.9,0
256.221,3598.45,9.05308,65.2449,6.65545,-17562.9,0
259.626,3565.15,-18.4909,10.3688,3.27617,-17332.6,0
263.038,3474.93,-19.2735,-21.7409,8.37688,-17107.8,0
263.309,3473.37,-6.0575,-1.45586,3.58849,-17090.2,3
