1.36932,3613.58,2.92058,-16.8499,6.50667,-26598.9,0
2.7217,3613.01,-10.3823,-16.4854,5.32102,-13589.6,0
4.0881,3618.62,-65.4401,14.3578,2.25742,-7676.82,0
5.45585,3592.72,-66.1861,25.0383,7.23115,-10498,0
6.81825,3599.73,-66.8541,9.23529,5.34281,-7372.27,0
8.18668,3592.12,-98.9597,17.0493,3.75671,-7070.17,0
9.56758,3602.31,-77.6593,32.8179,2.34384,-4984.81,0
10.9297,3592.79,-62.5447,49.2856,4.18999,-5234.7,0
12.3129,3599.19,-63.2119,56.5665,2.15385,-4126.29,0
13.6755,3583.35,-79.1893,75.8855,3.52168,-4873.39,0
15.0417,3568.21,-74.5761,91.6062,5.07144,-5437.39,0
16.3941,3553.02,-69.0873,94.4557,8.26741,-5915.36,0
17.7612,3548.71,-76.568,96.8507,6.75055,-5703.08,0
19.1327,3557.36,-70.637,101.563,3.35171,-4841.88,0
20.5033,3552.16,-96.1184,96.565,3.03002,-4772.07,0
21.8706,3539.21,-109.938,92,4.62257,-5065.53,0
23.2175,3529.21,-114.308,87.9926,5.68552,-5202.35,0
24.576,3497.78,-94.4404,80.8533,2.91743,-6193.91,0
25.9481,3477.79,-118.939,89.9297,1.59137,-6636.55,0
27.1619,3449.9,-89.641,105.541,10.9276,-7367.02,0
