1.38119,3642.13,-30.4152,-77.929,1.52938,-5694.8,0
2.75079,3633.84,-70.7763,-86.2369,1.66889,-5876.14,0
4.10249,3614.29,-116.804,-63.6935,3.88613,-8704.51,0
5.47345,3605.88,-145.723,-99.8768,2.59557,-8059.86,0
6.83041,3603.99,-129.08,-67.0013,4.54331,-6736.64,0
8.20236,3609.59,-133.414,-97.4762,2.01328,-4926.45,0
9.56212,3615.05,-81.6049,-88.5884,3.19956,-3654.66,0
10.937,3590.03,-106.344,-109.964,6.3555,-5483.55,0
12.302,3549.09,-115.724,-114.53,0.796728,-8202.82,0
13.6671,3551.84,-97.8943,-94.0002,2.94279,-7182.22,0
15.0389,3541.28,-58.7527,-92.1159,7.52576,-7229.58,0
16.3996,3562.1,-62.7225,-102.237,0.265486,-5359.66,0
17.7785,3556.31,-21.3875,-81.2615,5.11689,-5269.9,0
19.1538,3546.62,-24.9382,-93.3897,5.51859,-5397.12,0
20.5125,3540.16,-12.512,-105.966,5.93528,-5354.71,0
21.8883,3487.34,35.8579,-117.916,3.01485,-7431.18,0
23.2401,3473.09,17.3382,-130.871,4.52429,-7612.41,0
23.787,3449.88,14.4304,-122.974,12.5474,-8412.98,0
