1.36919,3626.3,-37.0347,-18.8609,3.92715,-17306.5,0
2.73359,3625.76,-73.6467,-21.5857,2.54078,-8868.47,0
4.09824,3611.65,-87.1053,11.7371,4.47278,-9358.8,0
5.46081,3624.31,-89.7548,-6.53738,1.53423,-4704.73,0
6.83308,3604.87,-92.7476,8.96016,4.72241,-6604.93,0
8.1903,3582.87,-101.403,22.8898,6.10791,-8196.16,0
9.546,3587.07,-117.716,-3.54698,2.93284,-6591.84,0
10.9122,3581.69,-129.573,17.0131,2.88404,-6259.82,0
12.2758,3544.29,-134.192,-39.4151,8.96331,-8611.15,0
13.6395,3545.17,-116.17,-45.245,7.20768,-7685.65,0
15.0184,3549.31,-152.39,-10.3139,2.38886,-6704.58,0
16.3863,3515.82,-132.24,-65.3869,10.4151,-8188.84,0
17.7513,3492.9,-124.583,-40.2489,6.26658,-8850.08,0
19.1176,3493.31,-140.217,-53.5331,1.84469,-8196.14,0
20.4907,3478.19,-130.558,-8.83306,8.70736,-8384.66,0
21.5839,3449.88,-119.102,-11.7999,4.48028,-9271.66,0
