1.34907,3639.21,-13.5638,51.0477,1.11818,-7998.98,0
2.73267,3626.08,24.8027,82.8446,2.31387,-8753.77,0
4.09786,3609.79,11.4635,76.3107,5.45739,-9812.51,0
5.45658,3611.19,-3.76662,38.9014,5.94967,-7112.08,0
6.81587,3604.52,-7.68519,30.4871,6.50838,-6672.14,0
8.16366,3609.23,-24.3245,34.4209,4.33417,-4994.32,0
9.52578,3617.95,-5.58161,-14.7644,2.62589,-3364.21,0
10.9007,3610.45,12.9524,-43.6169,3.52658,-3628,0
12.2603,3611.49,16.1,-37.9754,2.86289,-3141.22,0
13.6434,3591.3,8.0281,-60.4041,5.99205,-4302.25,0
15.0002,3599.42,29.5126,-38.0229,4.21505,-3371.76,0
16.3543,3614.09,44.6626,-38.6663,0.230559,-2196.05,0
17.7187,3574.5,47.0328,-72.532,7.11493,-4261.07,0
19.0936,3577.27,43.4761,-53.1586,6.65917,-3809.08,0
20.4374,3584.19,37.4608,-69.2005,3.37126,-3220.25,0
21.8008,3574.67,82.4776,-91.9594,1.88273,-3455.33,0
23.1568,3559.39,71.6219,-89.9096,4.6027,-3913.02,0
24.5252,3544.11,38.7517,-90.2811,8.74338,-4317.64,0
25.8991,3493.16,63.3495,-72.1882,8.68746,-6055.68,0
27.2675,3492.71,68.2927,-93.6416,2.79035,-5768.59,0
28.6349,3488.25,49.839,-89.8662,6.63605,-5648.58,0
30.0118,3503.54,62.7901,-58.8322,5.10551,-4880.04,0
31.3582,3470.33,69.4601,-51.1013,3.20383,-5729.5,0
32.7144,3492.76,46.4916,-44.3188,2.23677,-4806.37,0
34.0722,3459.46,51.9328,-32.0998,0.384678,-5592.16,0
34.1503,3449.97,56.4775,-27.9651,2.97814,-5857.36,0
