1.35947,3644.99,1.04818,17.4616,0.779645,-3683.55,0
2.70931,3627.61,-24.5317,-26.4115,3.95139,-8262.71,0
4.08335,3621.11,-49.7792,-50.008,4.02218,-7074.96,0
5.4404,3606.04,-56.1304,-90.0878,4.92993,-8080.57,0
6.80882,3622.62,-53.0089,-83.5861,1.37966,-4021.26,0
8.18369,3613.88,-76.7085,-72.1496,2.58116,-4413.57,0
9.57137,3606.53,-54.605,-74.2254,4.51007,-4542.06,0
10.9366,3576.55,-88.7355,-98.5234,7.19752,-6715.6,0
12.2955,3557.56,-85.3154,-102.092,8.99256,-7518.1,0
13.644,3545.81,-84.3534,-87.598,8.88709,-7636.13,0
15.0072,3569.44,-85.637,-88.4277,1.33149,-5368.4,0
16.3643,3536.82,-102.811,-124.182,5.35085,-6916,0
17.7222,3529.79,-110.96,-114.14,6.38618,-6782.9,0
19.0938,3501.42,-104.566,-115.507,2.98463,-7781.64,0
20.4721,3498.03,-116.742,-98.5441,3.66082,-7423.22,0
21.843,3476.77,-99.5521,-94.1534,10.5163,-7930.48,0
23.2027,3474.08,-92.0482,-103.835,7.28691,-7581.68,0
24.1907,3449.99,-93.4814,-122.699,8.90024,-8267.93,0
