1.35407,3617.46,-2.69625,12.4115,6.28628,-24031.7,0
2.72785,3623.61,5.30222,-11.2901,4.01131,-9674.38,0
4.09168,3632.65,1.67713,-16.4817,1.82014,-4240.34,0
5.46426,3627.79,-45.4478,-29.294,1.83407,-4063.89,0
6.81836,3610.05,-17.6628,-18.4139,5.66109,-5858.5,0
8.18376,3617.04,-32.2897,-9.21482,3.42705,-4027.12,0
9.56322,3601.19,-27.6158,-32.4534,5.59027,-5104.22,0
10.9142,3601.71,-23.9052,-64.7588,3.90864,-4424.27,0
12.2937,3587.76,-37.8788,-66.2029,6.06503,-5062.95,0
13.66,3602.04,-24.6763,-60.1476,2.72757,-3510.68,0
15.0226,3599.51,21.5779,-16.4588,4.72783,-3361.23,0
16.393,3596.62,33.4547,-31.5946,3.99189,-3256.07,0
17.7635,3598.44,59.4428,-67.4003,0.308062,-2902.62,0
19.1284,3590.31,42.8488,-73.983,2.14136,-3120.49,0
20.4866,3573.56,20.7709,-68.137,5.4045,-3731.3,0
21.86,3580.77,7.27971,-65.2498,1.99703,-3166.95,0
23.2177,3529.6,13.0704,-75.0105,1.41475,-5185.82,0
24.5661,3514.36,-3.02627,-65.7055,7.8805,-5521.39,0
25.9319,3510.89,24.8253,-47.8071,10.0664,-5364.49,0
27.2996,3514.79,58.748,-44.5912,1.97241,-4952.97,0
28.6592,3506.48,47.9373,1.23715,11.1368,-5007.85,0
30.0279,3490.12,53.949,6.97174,3.02274,-5324.26,0
31.3666,3470.14,52.474,-5.227,11.4465,-5734.05,0
31.686,3450,54.3243,-14.5597,5.35611,-6312.06,0
