1.37417,3623.34,-67.093,-48.3417,4.65302,-19400.2,0
2.73596,3614.4,-32.2326,-62.7532,5.04525,-13011.6,0
4.1163,3627.9,-90.4794,-20.8461,0.993279,-5368.9,0
5.46795,3619.19,-97.0843,-7.15929,2.33927,-5634.55,0
6.82196,3598.49,-80.4943,2.64691,6.78349,-7550.5,0
8.17908,3605.42,-80.5709,-21.7423,3.89931,-5451.09,0
9.5361,3579.78,-76.0913,-7.79436,7.67796,-7363.3,0
10.9029,3547.7,-44.634,2.29187,6.43953,-9382.89,0
12.2729,3543.13,-69.4167,1.01037,3.58781,-8707.38,0
13.6359,3523,-54.8646,50.1141,8.44649,-9313.47,0
14.9919,3499.48,-58.1738,77.7444,8.78669,-10039.9,0
16.3612,3503.97,-47.1513,93.7745,4.60609,-8925.36,0
17.7298,3505.73,-23.9937,109.523,2.43537,-8137.31,0
19.1005,3510.83,-35.9806,81.2297,5.02949,-7286.08,0
20.4777,3483.45,-62.2585,81.0501,8.17693,-8133.34,0
21.8368,3502.75,-62.8016,73.7861,2.90176,-6743.22,0
23.2154,3480.84,-67.6664,74.3266,7.84314,-7286.41,0
24.5867,3460.21,-54.0165,28.4398,3.8125,-7719.35,0
25.9531,3466.99,-47.9651,17.1149,5.44836,-7051.4,0
27.3158,3485.12,-8.31576,11.4013,6.92058,-6036.18,0
27.4231,3484.18,-3.13843,0.92899,11.2318,-6046.84,0
