1.36754,3646.03,72.9319,-4.18985,0.472383,-2902.98,0
2.74463,3630.16,86.3795,-24.7838,2.55533,-7229.02,0
4.10739,3625.6,110.933,14.1562,2.14615,-5940.84,0
5.4644,3612.88,140.392,35.6196,2.5567,-6792.17,0
6.82608,3594.75,156.867,31.8342,4.76337,-8094.11,0
8.18403,3602.12,141.864,5.96652,4.04091,-5850.06,0
9.56423,3609.37,100.942,8.85623,4.23459,-4248.62,0
10.9269,3607.97,106.383,29.1477,3.21709,-3846.45,0
12.2918,3582.4,105.148,59.4475,6.72734,-5499.26,0
13.6631,3561.63,95.9975,60.394,9.00739,-6467.91,0
15.0243,3583.01,89.4033,62.8751,2.85979,-4458.64,0
16.3965,3576.48,86.5798,96.7171,1.98784,-4483.95,0
17.7526,3575.96,106.442,58.6668,2.22948,-4170.58,0
19.1315,3558,128.691,73.9923,3.74807,-4808.85,0
20.502,3567.75,144.497,73.5328,0.0536074,-4011.77,0
21.8666,3550.88,167.482,83.424,1.06435,-4533.17,0
23.2396,3532.87,168.195,77.9949,4.9637,-5040.25,0
24.6081,3554.8,147.435,74.7967,1.58478,-3868.56,0
25.984,3576.99,95.6167,70.1505,0.699176,-2809.88,0
27.3478,3568,116.362,82.7983,0.683572,-2998.24,0
28.7238,3564.69,128.895,75.645,0.9272,-2969.88,0
30.075,3540.78,129.154,63.8402,6.59526,-3631.72,0
31.4178,3529.11,149.076,56.0442,5.99991,-3847.77,0
32.7919,3470.01,150.997,70.8311,7.14708,-5488.88,0
34.1464,3449.98,157.034,50.949,0.750282,-5857.84,0
