1.36489,3633.64,-67.8221,-8.87682,2.79051,-11985.8,0
2.72464,3617.08,-59.0203,11.8201,5.55467,-12081,0
4.09649,3616.6,-24.7017,-6.32391,5.73334,-8153.04,0
5.45653,3604.74,-35.3842,-6.80212,6.40754,-8295.41,0
6.82124,3616.31,-29.6577,13.8959,3.06439,-4939.13,0
8.19771,3615.52,-45.7225,17.8295,2.57602,-4205.87,0
9.56608,3583.39,-66.4337,-9.15626,8.18117,-6963.4,0
10.95,3564.93,-81.5854,-21.2437,8.92488,-7768.8,0
12.3212,3582.89,-74.5311,-48.6143,3.10194,-5447.02,0
13.6777,3591.92,-65.8261,-32.8082,1.3594,-4246.63,0
15.0482,3576.61,-36.0243,-38.5233,6.31838,-4877.02,0
16.412,3581.51,-75.3208,-41.7834,2.08423,-4173.33,0
17.7715,3581.61,-59.2552,-15.3331,3.32909,-3848.31,0
19.1216,3573.84,-87.8615,-18.2917,2.1064,-3982.81,0
20.4916,3540.7,-128.043,-7.67167,6.02724,-5333.95,0
21.8672,3533.84,-110.856,-8.8414,7.99371,-5312.2,0
23.2344,3538.42,-135.007,1.14027,3.08811,-4802.44,0
24.6036,3510.37,-168.458,-22.7582,4.91239,-5675.16,0
25.9604,3520.07,-161.479,-10.85,2.66574,-5005.07,0
27.3187,3507.45,-132.09,-4.94508,10.151,-5217.91,0
28.6831,3508.92,-134.625,0.125163,7.23314,-4918.62,0
30.053,3491.74,-115.455,10.7149,3.54492,-5266.02,0
31.427,3473.66,-114.627,39.4146,6.0161,-5611.12,0
32.7971,3482.73,-124.808,20.6862,1.91582,-5100.27,0
34.0309,3449.99,-100.614,19.2743,4.19735,-5877.43,0
