1.3868,3642.94,-80.0444,48.554,1.0068,-5089.76,0
2.75812,3619.52,-102.552,30.3262,4.57162,-11050.8,0
4.10799,3638.64,-110.068,48.8987,0.323904,-2765.93,0
5.4755,3622.32,-134.411,58.7388,2.07071,-5054.91,0
6.85123,3595.43,-179.19,31.6073,5.14978,-7965.47,0
8.20566,3612.33,-158.663,42.4988,2.1217,-4590.31,0
9.58508,3592.89,-165.111,42.8043,5.66013,-5958.34,0
10.9441,3577.93,-138.247,39.8869,8.83898,-6585.19,0
12.3132,3597.5,-136.862,2.00562,4.53076,-4263.82,0
13.6963,3593.99,-164.915,54.2205,2.56442,-4089.37,0
15.0616,3582.2,-172.074,25.2546,4.89458,-4501.32,0
16.4158,3573.15,-197.892,29.5661,4.82152,-4681.77,0
17.7815,3560.61,-183.317,27.1358,8.11553,-5027.36,0
19.1523,3553.89,-167.136,23.5325,8.11147,-5018.1,0
20.5099,3570.05,-137.573,30.4865,5.55373,-3898.13,0
21.8767,3590.15,-109.022,31.3685,2.49359,-2735.89,0
23.2425,3566.09,-93.0769,64.2633,7.03633,-3610.34,0
24.6184,3554.91,-75.6373,42.5338,9.12786,-3862.36,0
25.9784,3544.26,-96.1681,48.24,6.37133,-4070.34,0
27.3611,3533.31,-89.5884,45.0216,7.89579,-4264.7,0
28.7232,3546.78,-89.9488,50.5866,3.68972,-3593.47,0
30.0823,3537.89,-134.807,30.9517,0.279758,-3726.94,0
31.4507,3541.04,-88.7348,62.9943,3.28971,-3464.58,0
32.8148,3528.58,-93.6955,65.5217,5.20414,-3700.04,0
34.1655,3521.2,-78.7705,78.3402,7.05008,-3769.81,0
35.5255,3507.02,-124.137,55.8236,5.80179,-4024.79,0
36.8932,3490.87,-123.561,3.88451,1.27775,-4313.2,0
38.2512,3462.04,-97.9109,-15.6617,2.80363,-4913.77,0
39.6087,3449.84,-57.981,6.29663,10.6666,-5053.32,0
