1.34421,3622.6,25.1851,42.1068,5.44908,-20384.2,0
2.70104,3633.78,9.44519,74.4674,2.15732,-6006.11,0
4.06655,3640.68,42.4292,29.8254,1.45325,-2292.08,0
5.40855,3636.74,12.0445,28.7298,2.31675,-2452.13,0
6.78491,3646.01,17.4512,14.6821,0.454021,-588.516,0
8.14871,3637.25,-62.8192,29.6126,1.02693,-1565.22,0
9.51294,3632.66,-91.1958,14.0628,1.01191,-1822.91,0
10.8963,3615.66,-139.245,43.1693,1.17521,-3151.19,0
12.2622,3611.27,-128.001,54.2963,2.32416,-3158.27,0
13.6364,3603.16,-147.241,65.9147,2.5786,-3434.73,0
15.0039,3583.87,-155.525,58.5342,5.1655,-4407.64,0
16.3718,3590.67,-119.618,87.6609,4.36876,-3624.03,0
17.7268,3584.73,-108.715,73.0021,5.33091,-3682.24,0
19.0852,3596.95,-116.301,72.3631,1.74011,-2779.82,0
20.449,3576.76,-115.491,102.172,4.70575,-3581.46,0
21.8124,3555.67,-91.412,129.696,7.83644,-4324.42,0
23.1695,3550.09,-83.7324,148.548,6.10107,-4312.23,0
24.5489,3515.09,-61.0489,119.216,7.00045,-5495.55,0
25.9072,3520.12,-52.3908,108.68,5.66212,-5013.34,0
27.2844,3540.87,-7.438,83.0086,4.77827,-3999.64,0
28.6551,3529.48,17.5793,90.987,5.6076,-4205.94,0
30.0097,3536.31,24.6315,65.7332,5.29307,-3788.34,0
31.3734,3553.62,31.9181,24.5773,2.87395,-3071.96,0
32.7331,3547.65,62.5487,26.3714,1.63173,-3126.67,0
34.0998,3534.58,69.6823,11.0289,3.77164,-3384.65,0
35.4618,3519.13,90.5164,7.40087,3.93761,-3690.42,0
36.8365,3516.83,61.1479,-35.2994,6.61314,-3615.04,0
38.1895,3504.88,77.4293,-19.5518,7.80727,-3800.13,0
39.5589,3487.36,102.882,12.9206,5.45304,-4111.35,0
40.7745,3449.92,124.809,37.4573,8.52786,-4907.07,0
