1.37766,3641.3,32.3164,94.869,1.32067,-6315.15,0
2.74769,3615.18,98.9275,95.5633,4.2335,-12671.7,0
4.11498,3592.87,141.203,71.6663,6.17496,-13883.1,0
5.46734,3542.48,132.927,42.4711,4.54167,-19665.2,0
6.81894,3533.72,120.745,41.3673,7.12292,-17052.7,0
8.18668,3551.04,112.22,63.6418,2.07126,-12088.5,0
9.55152,3550,124.229,54.3803,1.32803,-10470.1,0
10.9258,3512.68,167.835,93.2637,1.23774,-12568.4,0
12.297,3507.5,133.427,82.0184,7.8749,-11588.5,0
13.6641,3516.37,130.639,71.9439,5.34206,-9779.38,0
15.0239,3503.98,161.985,80.2633,2.58379,-9718.83,0
16.3915,3511.78,136.344,103.799,1.91637,-8432.31,0
17.7536,3494.78,134.498,128.199,3.30075,-8742.81,0
19.1154,3473.3,155.96,126.022,4.67733,-9244.09,0
19.6482,3449.89,205.404,107.197,2.35538,-10184.7,0
