1.37726,3641.82,-39.1109,-1.0985,1.32199,-5938.52,0
2.75019,3622.2,-8.68669,-8.83778,5.36371,-10109.1,0
4.12232,3608.4,8.97693,19.9086,6.62319,-10090.3,0
5.49431,3608.96,35.8904,26.3188,4.80969,-7469.76,0
6.84839,3592.75,48.7769,15.6463,5.94995,-8359.08,0
8.22069,3582,27.4865,30.2854,8.04081,-8272.19,0
9.58976,3570.18,44.906,38.6296,8.1307,-8323.55,0
10.9578,3572.25,35.9493,81.8243,4.15306,-7095.25,0
12.3135,3567.85,38.8151,84.5135,4.36555,-6671.25,0
13.6727,3553.22,42.6413,111.597,3.97741,-7078.35,0
15.0451,3554.21,35.5165,85.1019,5.82307,-6367.01,0
16.3995,3508.35,30.5922,93.8381,4.14408,-8637.59,0
17.774,3503.16,13.3519,76.1768,8.54433,-8261.69,0
19.1474,3509.99,24.0372,42.9841,10.6318,-7312.42,0
20.5087,3476.01,22.16,36.7708,4.70524,-8483.55,0
21.0907,3463.23,-2.72922,6.71474,9.16739,-8855.57,0
