1.36589,3646.54,-38.0421,-1.90775,0.583134,-2535.74,0
2.7193,3620.87,-36.3834,23.9799,5.49315,-10712.9,0
4.09522,3627.48,-22.217,21.7127,3.97435,-5500.29,0
5.47399,3632.06,-27.7088,-7.01579,2.94006,-3278.06,0
6.83904,3613.07,-15.6423,13.1168,5.59897,-5399.61,0
8.20889,3593.29,-0.487058,-3.973,9.1697,-6908.72,0
9.587,3595.3,-40.1104,-6.56789,6.20415,-5706.14,0
10.9578,3589.11,-40.5693,23.3123,6.52599,-5556.51,0
12.3139,3571.64,-73.3426,29.8824,7.67585,-6363.39,0
13.6756,3575.55,-67.0813,40.6203,5.32464,-5444.07,0
15.0262,3582.86,-58.4853,37.6775,3.59962,-4468.08,0
16.3978,3581.07,-96.0002,23.4194,1.4047,-4203.43,0
17.7722,3585.03,-96.6947,2.14681,0.501894,-3655.75,0
19.1474,3559.78,-72.4381,9.11136,8.20849,-4711.63,0
20.5089,3537.26,-68.0563,27.8149,0.932669,-5497.33,0
21.8657,3542.73,-49.9617,8.98551,0.617406,-4905.79,0
23.1536,3496.37,0.166299,0.754815,12.5747,-6635.42,1
