1.35443,3638.66,13.6927,-43.6831,2.51919,-8370.56,0
2.71379,3603.92,9.96609,-25.1497,8.58863,-16979.6,0
4.08164,3622.58,1.82134,-26.7767,3.26473,-6718.53,0
5.46614,3613.02,-4.30386,0.68727,4.12315,-6765.16,0
6.83093,3622.39,14.9086,8.9987,1.17471,-4041.92,0
8.198,3623.54,-21.8333,-6.95084,0.413811,-3227.62,0
9.56288,3613.77,-11.1975,10.0002,2.45697,-3788.27,0
10.9196,3596.68,-26.8565,13.2026,5.82682,-4883.03,0
12.2839,3558.07,-61.4286,5.567,0.415093,-7483.65,0
13.638,3529.71,-70.9043,21.6497,7.12858,-8820.25,0
15.0068,3545.04,-51.9165,33.6794,3.56569,-6993.94,0
16.3756,3519.29,-23.6675,68.7142,8.97871,-7981.75,0
17.7428,3510.8,-32.8772,62.4369,9.78925,-7845.32,0
19.1081,3497.78,-5.99539,60.6024,4.7256,-7966.45,0
20.474,3489.61,3.09532,72.1003,3.88025,-7833.61,0
21.8441,3491.75,15.9895,66.558,3.1582,-7244.76,0
23.2172,3490.68,13.5589,64.091,3.82699,-6862.23,0
24.5776,3476.82,15.8161,53.862,0.656023,-7046.36,0
25.3759,3449.88,13.9862,38.3529,10.5546,-7886.36,0
