1.36826,3652.83,-30.7445,35.1844,0.0786738,2070.55,0
2.72413,3628.01,-21.0897,59.3207,4.16605,-8070.56,0
4.08952,3618.56,-14.2873,34.8869,6.13156,-7687.58,0
5.46519,3613.56,-12.4761,41.1331,6.25249,-6667.61,0
6.84521,3611.4,-10.9617,30.5475,6.21017,-5638.38,0
8.21397,3628.7,17.0474,-3.77809,2.3313,-2593.56,0
9.58638,3615.1,-4.67027,45.7477,4.48979,-3640.93,0
10.9517,3610.1,-15.3422,60.4123,3.84772,-3642.83,0
12.3143,3596.55,-22.1236,64.7072,6.19559,-4340.88,0
13.6729,3600.21,-8.62223,30.8323,5.1203,-3641.3,0
15.0466,3595.06,-9.68346,45.2673,3.99402,-3651.43,0
16.4127,3600.09,7.42477,36.9296,2.67576,-3040.7,0
17.7832,3567.94,-32.3161,16.544,9.57683,-4614.68,0
19.1397,3550.24,-13.2855,15.8043,3.96894,-5212.44,0
20.5048,3546.02,-29.2874,25.033,3.5434,-5070.98,0
21.8613,3533.58,-43.9146,7.9685,7.08752,-5325.48,0
23.2392,3542.8,-35.0107,-6.50192,4.13609,-4612.92,0
24.61,3536.72,-26.0909,-0.920165,7.17535,-4603.07,0
25.9799,3522.62,-42.63,-2.49461,9.80709,-4903.02,0
27.3494,3525.73,-33.8612,11.1216,8.64505,-4543.92,0
28.7114,3511.03,-26.4312,-26.1579,3.16563,-4840.29,0
30.0734,3517.73,-16.6437,-16.0244,2.83172,-4398.35,0
30.7855,3497.17,-0.603077,-0.0355036,4.46066,-4964.31,1
