1.26768,3632.44,23.0333,57.097,6.36517,-13852,0
2.54148,3633.62,41.986,52.7152,4.63083,-6443.13,0
3.82201,3640.56,68.3616,56.6389,0.425838,-2471.11,0
5.09391,3628.46,72.6552,69.22,2.86762,-4229.3,0
6.3585,3608.09,65.0485,55.088,8.46147,-6591.09,0
7.63871,3606.68,90.5155,22.4803,4.50048,-5670.49,0
8.91111,3605.13,129.773,18.8351,0.895173,-5035.16,0
10.1833,3592.01,113.268,24.2052,6.44874,-5695.04,0
11.4587,3594.67,109.048,3.18406,4.59047,-4829.02,0
12.7293,3592.03,124.246,7.31781,2.75895,-4553.93,0
14.0008,3580.2,135.575,-5.23352,5.22205,-4985.67,0
15.2645,3564.92,137.681,-37.0782,6.77176,-5573.4,0
16.5343,3566.96,119.202,-48.5717,5.42482,-5022.13,0
17.8111,3568.06,140.25,-53.8813,0.495157,-4600.69,0
19.0866,3558.6,123.593,-63.9966,4.02341,-4788.56,0
20.3631,3532.42,121.435,-67.67,10.6082,-5774.28,0
21.6263,3511.43,131.721,-30.2832,2.37218,-6407.33,0
22.9065,3510.56,114.439,-24.6175,7.15649,-6087.3,0
24.1815,3513.73,108.004,-20.6535,4.62319,-5635.42,0
25.455,3510.28,112.425,-16.7244,3.73128,-5488.88,0
26.7307,3519.64,100.778,-20.2987,1.92986,-4876.9,0
28.0008,3517.63,91.2985,-5.20137,4.09023,-4727.34,0
29.2875,3493.89,86.1302,-5.58482,3.57132,-5330.32,0
30.5535,3469.03,95.8695,6.20735,9.51014,-5923.05,0
31.8363,3478.5,91.4523,6.97587,1.87799,-5387.07,0
33.1077,3478.2,84.5959,-1.24323,1.92525,-5188.97,0
34.3795,3460.83,65.9924,-12.5567,8.04942,-5502.44,0
35.6655,3462.4,67.7704,-16.0507,3.06106,-5259.92,0
36.3382,3449.99,71.2394,-6.9428,8.13722,-5504.09,0
