1.28417,3634.86,16.7009,68.123,3.57572,-11788.6,0
2.56383,3621.38,-2.08107,85.0681,5.30222,-11163.7,0
3.84042,3620.04,-14.7989,91.3549,4.00891,-7800.5,0
5.11798,3619.64,-29.4922,85.8789,3.6453,-5931.25,0
6.38969,3624.99,-11.7319,99.8486,0.911337,-3914.65,0
7.67018,3610.8,18.2205,104.128,4.74545,-5110.25,0
8.94772,3600.71,-6.57295,116.621,5.57016,-5508.27,0
10.226,3614.67,-0.328999,100.156,1.69378,-3454.49,0
11.5019,3621.24,-16.6156,67.2352,1.74291,-2500.3,0
12.7745,3623.96,-16.4246,47.8108,1.44825,-2038.05,0
14.0396,3602.87,3.89043,45.3871,8.92081,-3356.59,0
15.3149,3601.92,-0.439704,44.2528,3.6838,-3139.19,0
16.5934,3593.97,0.338433,55.0435,4.80791,-3376.87,0
17.8749,3601.68,-5.94841,43.1306,1.85394,-2703.05,0
19.153,3597.16,-41.2519,56.2446,1.10884,-2758.63,0
20.4235,3588.49,-8.10291,57.6582,2.58133,-3011.85,0
21.6951,3583.5,-25.3489,30.515,5.61836,-3065.19,0
22.9795,3558.79,-8.56189,14.6958,5.43529,-3969.16,0
24.2538,3533.02,7.36571,17.2324,0.734429,-4823.33,0
25.5298,3508.19,9.03943,48.6191,8.75351,-5554.53,0
26.8084,3517.06,-16.1379,41.049,2.63881,-4958.99,0
28.0817,3503.43,4.11509,54.3557,6.92445,-5219.55,0
29.3618,3495.98,-7.11532,46.9557,3.09217,-5245.72,0
30.6266,3484.32,-0.927347,22.6399,8.86698,-5409.81,0
30.966,3478.57,0.63957,4.25604,13.8007,-5536.02,0
