1.27899,3630.79,62.965,25.87,5.27788,-15016.9,0
2.56004,3626.79,64.0575,19.4651,4.70297,-9067.92,0
3.83383,3624.08,48.233,28.838,4.45214,-6761.14,0
5.11132,3633.01,41.7541,14.3072,1.49381,-3323.7,0
6.38358,3606.62,35.1158,-16.994,7.50746,-6795.68,0
7.65805,3618.59,25.2115,-35.302,1.86207,-4101.57,0
8.92922,3607,25.8899,-59.4842,3.67637,-4815.23,0
10.2061,3611.42,14.6104,-53.5803,0.992083,-3780,0
11.479,3597.01,16.099,-57.2442,5.02246,-4615.9,0
12.7527,3591.12,8.28161,-51.5087,3.5076,-4617.44,0
14.0317,3585.06,3.37946,-70.791,2.40056,-4628.43,0
15.312,3580.16,-28.6129,-78.3909,2.63392,-4561.17,0
16.5866,3578.63,-15.2543,-87.9168,1.92743,-4302.63,0
17.8635,3565.89,-27.4568,-115.374,2.23459,-4708.42,0
19.1328,3562.29,-55.3954,-105.885,2.10305,-4584.3,0
20.4104,3569.82,-56.7016,-79.8635,2.40532,-3928.48,0
21.6827,3557.38,-70.5016,-97.2056,2.94079,-4271.41,0
22.9573,3526.85,-57.4178,-67.9108,7.79346,-5364.15,0
24.2425,3525.15,-63.9518,-61.7489,3.03393,-5150.07,0
25.5139,3510.21,-78.3867,-65.0654,4.02942,-5478.99,0
26.7869,3479.25,-89.3168,-53.9367,3.56999,-6374.44,0
28.0615,3475.41,-66.1807,-59.0228,10.1223,-6221.82,0
29.345,3488.06,-53.4765,-64.3693,3.16504,-5518.54,0
30.6188,3469.54,-41.0212,-55.2587,7.58458,-5893.81,0
31.0341,3450,-31.6311,-57.1816,9.79841,-6444.52,0
