1.27911,3636.61,22.538,-5.49947,3.87767,-10464.4,0
2.55245,3640.88,7.55182,3.9837,2.08957,-3572.36,0
3.83265,3628.22,12.5422,19.0722,5.7933,-5683.28,0
5.11312,3604.25,8.74977,15.4464,10.7724,-8947.5,0
6.39568,3607.22,15.5248,6.25788,5.12546,-6688.77,0
7.66926,3606.29,8.50909,-1.96,3.03071,-5698.78,0
8.93711,3601.95,17.4208,3.79222,3.58615,-5376.16,0
10.2054,3605.77,12.751,7.17231,0.781831,-4333.52,0
11.4723,3598.7,3.13593,-10.2385,3.67175,-4471.44,0
12.738,3594.44,23.4652,6.25274,3.93947,-4362.14,0
14.0137,3594.43,28.0071,-1.85731,2.23988,-3965.28,0
15.2894,3584.13,55.6236,-8.09245,4.50951,-4308.41,0
16.5691,3579.48,53.4392,-19.3225,5.14286,-4256.13,0
17.8406,3555.88,58.7811,-17.3321,9.83481,-5275.73,0
19.1226,3541.47,52.1788,-2.13932,4.32438,-5675.69,0
20.3967,3532.42,74.2625,10.8789,3.04709,-5764.66,0
21.6652,3532.82,55.5658,29.8961,5.01382,-5408.84,0
22.9414,3531.56,61.2541,33.25,2.69168,-5162.73,0
24.2224,3517.92,75.8544,23.8994,5.14163,-5452.96,0
25.4964,3500.11,80.7598,24.9423,9.74073,-5878.81,0
26.7588,3508.27,81.8787,41.7639,1.17098,-5296.51,0
28.0361,3493.11,57.5079,42.0945,5.56021,-5595.82,0
29.32,3484.34,49.001,36.8074,3.55981,-5650.19,0
30.5906,3477.3,47.6426,16.6824,3.76681,-5645.63,0
31.8691,3468.48,19.7121,29.9312,1.6392,-5695.91,0
32.8454,3449.94,6.41413,22.6204,6.55112,-6090.95,0
