1.2692,3634.19,3.50013,-15.4404,4.7923,-12460,0
2.53886,3636.79,3.14263,-24.0825,3.28693,-5203.49,0
3.81192,3641.28,-20.2365,0.767856,1.14182,-2287.95,0
5.07992,3638.77,-8.11371,1.14822,0.616797,-2209.73,0
6.35248,3610.85,-11.9264,9.67296,9.3044,-6162.79,0
7.63164,3606.59,-18.9477,-15.2315,7.57238,-5688.56,0
8.91252,3603.98,-33.2716,2.51044,5.85324,-5163.42,0
10.1888,3591.56,-36.9102,-13.2681,6.60085,-5735.42,0
11.4719,3574.92,-60.1245,-0.242783,7.92515,-6544.84,0
12.7463,3568.51,-39.2939,6.12225,8.68632,-6393.53,0
14.0242,3561.61,-29.7017,10.714,8.31435,-6302.57,0
15.3041,3551.77,-32.3877,10.1306,10.2733,-6418.27,0
16.575,3562,-10.4597,-10.3607,1.82354,-5309.21,0
17.8434,3557.3,-2.53346,-23.6454,3.28324,-5195.14,0
19.1232,3547.68,-24.7782,-32.4388,5.05079,-5350.58,0
20.3956,3547.45,-29.488,-23.0944,5.06639,-5028.05,0
21.6765,3539.88,-23.973,-28.3222,5.9452,-5080.11,0
22.9492,3536.23,-20.3513,-29.8743,7.29276,-4957.67,0
24.2274,3548.32,-3.49526,-10.7767,0.452871,-4197.03,0
25.5038,3541.08,-11.075,-8.66445,4.30012,-4270.8,0
26.6003,3495.39,-0.866416,-0.0457997,2.53909,-5812.37,1
