1.27792,3640.72,-5.94309,-7.00268,2.73789,-7261.97,0
2.5493,3644.87,10.8025,27.465,0.522795,-2010.42,0
3.82765,3628.37,32.8351,12.2766,4.63327,-5650.4,0
5.10129,3617.53,19.8681,-0.677386,4.33836,-6365.34,0
6.37626,3620.32,-11.1715,16.0114,2.04227,-4654.77,0
7.64864,3613.7,-17.1389,-11.2624,3.98561,-4746.18,0
8.92944,3619.87,17.3421,-34.1956,0.228606,-3374.46,0
10.1941,3590.32,9.08762,-21.9211,8.55138,-5854.7,0
11.4711,3594.51,-35.7138,-27.4052,3.98152,-4837.3,0
12.7347,3602.26,-25.8644,-25.74,0.414574,-3748.65,0
14.0097,3598.99,-48.2043,-15.7405,0.354602,-3641.04,0
15.2911,3587.53,-51.4466,-33.2304,3.70424,-4085.55,0
16.5667,3585.65,-65.7591,-20.7664,1.4084,-3884.33,0
17.8464,3574.38,-59.1801,-17.8863,4.79314,-4237.5,0
19.1121,3570.99,-67.1644,-6.24975,3.18459,-4134.25,0
20.3917,3556.16,-41.159,-16.6676,9.78334,-4601.89,0
21.6738,3550.92,-30.6552,-24.3368,8.30421,-4571.55,0
22.9398,3530,-1.76432,-4.66624,6.18542,-5230.87,0
24.0349,3495.65,0.249551,0.84122,1.9734,-6422.07,2
