1.27666,3630.72,-56.47,-51.3936,4.66363,-15102.5,0
2.55209,3618.2,-30.9632,-26.5683,8.68688,-12462.3,0
3.83819,3624.72,-34.9833,-11.5259,4.00442,-6586.2,0
5.11757,3624.93,-36.0277,-14.5208,2.59742,-4898.15,0
6.39513,3580.52,-32.7323,-2.10915,7.0507,-10863.9,0
7.66964,3567.94,-27.3025,16.9712,10.3857,-10699.8,0
8.94136,3582.46,-11.3771,14.0616,1.02509,-7553.37,0
10.2168,3565.21,15.6308,24.0004,7.21747,-8298.85,0
11.4916,3564.63,16.7171,2.88638,7.3245,-7428.79,0
12.7717,3569.62,36.6929,9.72537,1.69893,-6293.75,0
14.0386,3551.75,47.0752,16.0108,9.10768,-6998.6,0
15.3167,3536.86,32.0038,14.1667,3.66596,-7386.48,0
16.596,3534.1,34.6556,2.6648,4.88292,-6983.6,0
17.8755,3529.56,34.9974,-14.273,6.05743,-6737.5,0
19.1495,3526.32,-1.16881,-17.3656,2.71167,-6458.58,0
20.4207,3490.65,0.904963,-10.5902,6.32312,-7803.45,0
20.7734,3489.2,-0.581377,-2.08345,2.74095,-7740.7,0
