1.27311,3634.28,28.7855,-20.4892,4.78047,-12343.8,0
2.54744,3641.5,10.0302,-32.1278,0.832317,-3336.04,0
3.82116,3635.52,32.8856,-22.8468,2.50149,-3790.22,0
5.10206,3607.99,17.6034,-30.7732,10.2433,-8234.81,0
6.3768,3623.11,42.1935,-17.5458,0.25426,-4216.12,0
7.65115,3613.1,42.742,-33.0866,3.20605,-4823.13,0
8.93275,3595.32,51.8576,-55.2017,7.29357,-6121.68,0
10.2074,3592.82,41.6441,-76.5129,5.72138,-5602.24,0
11.4783,3583.87,24.2189,-91.2064,5.41285,-5761.29,0
12.7541,3580.91,52.1617,-80.3557,4.86097,-5416.71,0
14.0258,3574.18,53.7331,-71.374,7.1877,-5405.51,0
15.3055,3566.59,36.6546,-60.5051,8.86834,-5449.65,0
16.5801,3568.11,21.8841,-73.8658,4.38385,-4939.27,0
17.8506,3567.85,13.232,-71.4131,2.61781,-4602.08,0
19.1307,3549.22,13.6607,-74.5561,8.20746,-5267.83,0
20.4056,3551.21,20.9052,-76.4734,1.68482,-4841.21,0
21.6777,3535.78,49.2254,-83.1982,3.79053,-5269.23,0
22.954,3534.57,58.8708,-80.5962,2.61655,-5028.95,0
24.2261,3495.72,82.0943,-88.7785,1.64189,-6368.28,0
25.5029,3494.24,70.6202,-80.1777,5.6123,-6107.36,0
26.7669,3480.83,58.1034,-93.7924,7.64338,-6320.07,0
28.0462,3465.21,62.4592,-98.8122,6.87787,-6588.92,0
29.3251,3455.08,53.6655,-102.69,7.71472,-6646.99,0
30.0456,3449.98,48.9645,-116.334,3.70319,-6657.09,0
