1.2765,3625.74,-29.5805,-38.7811,6.29415,-19003.5,0
2.55127,3622.33,-23.0791,-5.72208,5.64234,-10846.2,0
3.83036,3631.07,-10.0627,0.359126,1.86794,-4941.87,0
5.10337,3618.82,10.121,19.5841,5.45267,-6109.34,0
6.37096,3613.93,13.3123,22.9211,4.07089,-5661.22,0
7.6456,3600.61,30.8623,2.37054,7.22832,-6459.98,0
8.92329,3597.93,51.0855,-3.40742,5.17083,-5834.99,0
10.1839,3593.87,77.0117,-1.20459,3.16864,-5511.25,0
11.4678,3585.76,89.1112,17.0773,4.2732,-5601.9,0
12.7406,3576.52,97.0142,11.7004,4.30241,-5767.33,0
14.0163,3571.68,97.7179,-19.686,4.48218,-5587.87,0
15.2922,3565.96,88.5247,-26.0642,3.96228,-5495.33,0
16.5709,3555.85,110.176,-10.8128,4.19549,-5681.64,0
17.8421,3548.79,115.151,-11.7472,4.89516,-5672.77,0
19.118,3556.01,95.1558,-12.3662,4.28568,-4916.32,0
20.3895,3534.1,121.33,-16.0795,5.23801,-5684.52,0
21.6722,3545.8,111.007,-15.0491,1.40673,-4808.05,0
22.9395,3540.4,113.045,-10.0663,2.96933,-4777.77,0
24.2168,3519.47,111.005,-8.97176,9.70258,-5389.91,0
25.5019,3515.38,109.342,4.23874,8.73198,-5278.95,0
26.7697,3489.2,105.403,9.02713,5.72356,-6006.76,0
28.0437,3461.43,108.086,8.81822,3.89149,-6724.14,0
29.3204,3453.94,76.9668,-11.1161,8.57772,-6686.94,0
29.6787,3449.85,77.5758,-11.5001,8.90471,-6743.79,0
