1.27267,3643.14,-57.3071,-22.2723,1.51999,-5391.39,0
2.54662,3644.83,-49.1066,-27.4072,1.17284,-2028.69,0
3.8222,3629.78,-27.2967,-22.1841,4.97683,-5290.32,0
5.09709,3614.86,-18.2207,-29.0221,6.97399,-6893.33,0
6.37647,3620.34,-14.2804,-50.3872,1.06366,-4651.37,0
7.66019,3612.65,-11.1906,-51.7488,3.51904,-4875.84,0
8.93323,3606.74,-21.8677,-51.2909,4.95178,-4842.46,0
10.2145,3599.08,-16.7915,-50.4478,5.29667,-4984.9,0
11.4943,3594.71,-31.2563,-34.4375,6.62005,-4809.78,0
12.7643,3596.7,-25.9471,-37.9145,3.90783,-4175.75,0
14.0359,3589.94,-26.3531,-39.3411,6.0522,-4278.82,0
15.3127,3597.36,-42.4068,-16.0415,1.25465,-3437.96,0
16.5921,3594.8,-37.2609,-7.08575,2.09508,-3327.15,0
17.8776,3588.96,-36.7642,1.54022,3.9826,-3414.38,0
19.1541,3584.08,-36.5141,24.3304,3.81909,-3441.81,0
20.4335,3570.62,-28.1472,18.7067,7.0075,-3884.79,0
21.7112,3563.9,-34.8653,34.2693,5.57534,-3965.82,0
22.9897,3559.39,-23.3805,46.3135,5.46449,-3941.37,0
24.2734,3553.94,-32.1279,48.2839,4.74578,-3957.43,0
25.5522,3549.18,-47.0608,48.5923,4.65884,-3945.57,0
26.8303,3553.53,-55.2489,47.7048,0.812521,-3595.46,0
28.0939,3544.6,-48.2403,57.0661,4.04621,-3751.62,0
29.3694,3550.53,-31.5129,57.4545,2.55687,-3386.83,0
30.6468,3545.03,-39.5832,48.9973,5.28329,-3425.24,0
31.9271,3542.96,-40.0993,37.0442,6.25899,-3352.7,0
33.1983,3534.22,-28.079,35.9991,1.25244,-3487.42,0
34.4701,3519.97,-52.8067,19.3548,5.91182,-3772.23,0
35.7472,3498.26,-40.8679,-5.80085,4.60942,-4244.84,0
37.0141,3484.12,-41.6168,14.2999,10.9532,-4481.41,0
38.2905,3464.05,-21.8229,10.5704,0.641372,-4856.18,0
38.5831,3458.29,-8.17806,1.58102,3.01507,-4968.68,0
