1.27349,3629.32,24.1153,-75.9252,5.50692,-16242.7,0
2.54237,3638.16,30.0009,-74.2618,2.20564,-4657.14,0
3.82415,3627.9,7.00995,-50.3913,6.08892,-5780.27,0
5.10196,3634.56,13.8743,-45.2452,1.75512,-3025.65,0
6.37908,3619.53,3.59774,-44.3226,5.33312,-4776.53,0
7.65411,3615.1,3.11516,-49.3337,5.58015,-4559,0
8.93423,3594.97,14.4717,-57.347,7.04698,-6159.61,0
10.213,3597.36,22.2262,-60.2061,3.92148,-5154.35,0
11.4823,3597.51,26.4091,-69.0355,2.48768,-4571.56,0
12.7612,3589.51,24.1526,-84.5631,2.41995,-4740.5,0
14.037,3572.72,37.8409,-86.9895,6.34902,-5505.41,0
15.3133,3565.89,47.8046,-93.459,4.87377,-5492.58,0
16.5922,3551.83,35.7508,-93.8087,8.54591,-5916.47,0
17.8655,3543.67,36.0618,-73.4107,10.3335,-5951.46,0
19.1453,3528.56,23.4767,-60.2039,6.41289,-6342.95,0
20.4219,3510.1,27.9645,-61.1228,11.0528,-6850.47,0
21.7033,3510.28,19.4554,-47.8152,1.21919,-6437.92,0
22.9752,3497.63,4.82698,-24.0105,9.36339,-6632.09,0
23.3576,3493.55,0.0257004,-1.23702,2.03058,-6698.04,0
