1.27173,3628.47,18.6081,5.44786,6.07335,-16931,0
2.55079,3635.21,28.5758,16.1528,1.96143,-5796.95,0
3.82891,3624.79,20.4933,0.956991,5.224,-6584.64,0
5.10585,3594.21,19.2734,-10.6137,0.72236,-10926.5,0
6.37955,3594.16,-3.44941,-19.8703,0.448885,-8752.65,0
7.65325,3581.7,-1.07794,-34.6861,4.00795,-8924.92,0
8.92222,3568.45,-13.3958,-46.8368,7.51878,-9140.22,0
10.206,3568.93,-27.9275,-44.5788,4.85274,-7943,0
11.4845,3572.23,-30.096,-38.4472,2.72889,-6771.97,0
12.7694,3577.17,-29.9825,2.03947,1.54663,-5703.68,0
14.0437,3564.28,-32.1842,3.11738,6.29254,-6104.11,0
15.327,3559.95,-31.3039,-6.19731,6.47897,-5875.32,0
16.5894,3538.81,-30.4748,-2.97604,6.6378,-6702.3,0
17.865,3521.45,-40.3416,-0.500427,11.8474,-7195.62,0
19.1407,3512.4,-67.7532,13.7596,3.30032,-7189,0
20.4177,3515.04,-52.5363,23.1658,3.4366,-6610.02,0
21.6868,3505,-54.2626,13.5114,6.69508,-6686.11,0
22.9611,3492.09,-35.3822,3.68638,7.2121,-6877.5,0
23.6223,3475.2,-4.72519,1.26053,5.47851,-7399.88,0
