1.27842,3633.66,55.5748,-5.72646,4.89721,-12779,0
2.55506,3640.7,52.1862,-8.80665,1.54769,-3639.17,0
3.83344,3629.69,49.7395,-12.3843,4.32166,-5298.36,0
5.10236,3632.52,21.3095,-6.47152,3.35467,-3425.4,0
6.37345,3629.4,17.2729,0.537061,3.4789,-3232.68,0
7.64251,3619.3,32.7695,19.0139,5.65718,-4016.85,0
8.91369,3619.11,42.2391,23.6417,4.55383,-3465.6,0
10.1901,3619.75,30.9744,54.1196,3.12053,-2968.07,0
11.4561,3601.84,42.2468,51.486,4.20103,-4203.48,0
12.734,3597.56,44.5679,32.9212,5.55953,-4117.76,0
14.0036,3600.89,22.2768,64.5709,2.48378,-3506.62,0
15.2832,3584.43,25.7783,54.5495,5.88268,-4290.19,0
16.5644,3582.44,30.5122,51.4883,5.07857,-4078.74,0
17.8392,3574.59,30.3391,42.8151,6.98311,-4227.07,0
19.1161,3579.53,26.3043,49.3817,3.05602,-3686.26,0
20.3951,3575.43,22.2047,62.9636,3.27909,-3656.39,0
21.6726,3564.33,9.71524,55.8955,7.36732,-3953.03,0
22.9474,3560.79,20.2722,59.9826,4.43887,-3887.59,0
24.224,3565.86,30.1685,38.2598,3.54888,-3473.44,0
25.5079,3542.23,17.6551,19.9998,7.25742,-4225.07,0
26.7744,3521.49,4.70472,7.0547,6.994,-4799.79,0
28.0472,3513.4,-14.3427,27.6882,5.24727,-4870.31,0
29.3242,3502.53,-36.5389,32.2837,2.22648,-5028.86,0
30.6109,3494.43,-30.1929,21.9821,3.40044,-5082.11,0
31.7634,3476.61,-1.86553,4.28097,1.98993,-5458.92,0
