1.28191,3630.09,-10.5563,14.3754,6.24446,-15530.4,0
2.5578,3632.8,-2.82755,26.7548,4.21199,-6723.14,0
3.83096,3633.71,31.5792,34.2954,2.93982,-4252.19,0
5.10223,3623.35,41.1877,56.4624,4.70987,-5223.84,0
6.37322,3626.56,50.0047,63.4114,2.43429,-3677.14,0
7.65302,3623.25,49.6086,51.4946,3.82769,-3495.39,0
8.93398,3609.17,54.1947,57.4955,7.39645,-4569.66,0
10.2017,3602.16,49.9744,70.1003,6.52035,-4689.79,0
11.4749,3600.5,38.7814,71.6722,4.31795,-4313.64,0
12.7535,3605.18,15.4952,67.8034,2.8629,-3514.41,0
14.0277,3600.49,9.28583,46.1214,5.96626,-3529.37,0
15.3014,3599.84,30.5145,50.888,4.49136,-3278.42,0
16.5728,3611.01,16.6818,36.2814,0.530729,-2352.74,0
17.8546,3603.96,40.4239,19.2809,2.25525,-2578.7,0
19.1367,3592.81,48.7472,35.9436,5.25891,-2988.54,0
20.4215,3592.14,64.7091,28.0309,3.94401,-2833.51,0
21.7017,3581.28,74.5084,28.6465,5.98009,-3166.61,0
22.9799,3584.09,96.8032,21.4937,1.43763,-2868.13,0
24.262,3571.57,96.5139,40.933,5.08135,-3232.45,0
25.5321,3579.11,99.4752,34.9866,1.20479,-2776.48,0
26.8041,3559.01,104.248,23.9628,7.38618,-3394.61,0
28.0848,3557.42,99.2252,28.5575,6.23694,-3296.42,0
29.3618,3562.68,89.9874,24.8882,4.41239,-2974.03,0
30.6373,3549.85,94.2909,8.25994,6.91972,-3268.85,0
31.9195,3548.17,72.3572,12.6571,7.63316,-3190.1,0
33.1998,3551.12,72.9341,-28.2285,3.29634,-2978.41,0
34.4847,3536.31,74.9337,-6.48994,9.69891,-3296.74,0
35.7646,3535.54,74.0301,11.203,6.48083,-3200.28,0
37.036,3526.67,50.7727,6.81888,4.12538,-3329.92,0
38.3087,3537.09,27.7983,11.5153,1.46759,-2947.5,0
39.5867,3519.66,21.0665,10.61,6.69705,-3292.62,0
40.8636,3495.22,13.3182,-1.04304,11.2809,-3787.74,0
41.1722,3489.71,1.85733,-0.77939,4.49726,-3893.21,0
