1.27772,3642.2,-20.1677,-33.6416,1.94962,-6104.71,0
2.55076,3633.03,-45.5596,-12.8769,3.9634,-6654.09,0
3.8252,3620.23,-46.9021,-6.51485,5.77681,-7783.07,0
5.10029,3615.61,-44.5151,-34.613,4.4552,-6743.68,0
6.37578,3613.58,-92.446,-35.5977,1.32518,-5711.69,0
7.66157,3606.27,-88.7176,-61.515,2.61975,-5708.04,0
8.92828,3598.3,-69.1587,-77.8238,4.71179,-5790.77,0
10.187,3591.75,-61.5763,-92.3554,4.84008,-5718.15,0
11.4664,3609.25,-44.4444,-65.4584,1.47797,-3553.53,0
12.7375,3587.23,-46.8261,-49.7278,7.98895,-4928.25,0
14.0148,3591.8,-36.303,-58.4929,3.25339,-4153.01,0
15.2826,3579.16,-54.5711,-93.1002,3.22095,-4635.51,0
16.5625,3569.38,-41.4114,-73.1869,8.2364,-4867.4,0
17.8426,3566,-43.307,-47.3219,8.25511,-4707.6,0
19.1197,3573.89,-44.4415,-61.3696,1.08232,-3980.69,0
20.3918,3570.84,-71.2204,-47.7077,0.471997,-3882.13,0
21.664,3550.48,-104.341,-43.2997,4.01284,-4593.67,0
22.9383,3548.59,-108.082,-80.8319,0.221773,-4421.2,0
24.2135,3545.04,-82.5855,-103.796,1.45583,-4334.64,0
25.4807,3542.95,-88.1933,-106.069,0.606767,-4201.25,0
26.7572,3524.36,-77.6371,-104.453,7.56474,-4695.74,0
28.0412,3517.38,-105.627,-101.65,5.78109,-4729.42,0
29.3252,3515.94,-111.33,-89.0287,3.61706,-4571.35,0
30.6097,3504.35,-103.038,-88.6208,6.47554,-4758.34,0
31.8844,3513.25,-95.319,-92.2445,1.65536,-4289.04,0
33.1557,3504.08,-79.2762,-98.4684,5.96569,-4400.97,0
34.4296,3496.58,-71.0671,-88.633,9.4902,-4456,0
35.7079,3493.82,-75.7085,-72.6995,7.9017,-4373.91,0
36.9809,3483.55,-97.1807,-67.9823,5.98545,-4500.86,0
37.9534,3450,-92.7034,-75.0259,8.64049,-5269.65,0
