1.27324,3639.55,17.5731,-2.65374,3.23901,-8208.56,0
2.54057,3621.71,24.5165,2.79103,7.08702,-11135.4,0
3.82242,3609.92,16.4485,-9.11417,6.35076,-10486.2,0
5.09498,3615.44,4.56569,-17.2112,2.60367,-6783.31,0
6.36503,3606.4,8.83788,-17.9954,5.54256,-6849.51,0
7.63822,3610.65,14.1909,-25.9522,1.42238,-5152.35,0
8.91474,3601.69,-1.78878,-58.777,2.10807,-5419.37,0
10.1961,3586.94,10.7782,-64.2756,5.35291,-6184.31,0
11.4683,3584.34,7.77408,-44.6664,6.47744,-5725.12,0
12.7453,3584.56,-12.8617,-38.0897,4.95662,-5134.13,0
14.0313,3585.7,0.256489,-49.2772,2.48536,-4582.32,0
15.3011,3578.22,-11.2994,-14.3838,7.31809,-4691.48,0
16.585,3583.47,-17.4415,-10.6454,1.97773,-4011.4,0
17.8644,3567.24,3.53834,-2.33486,8.63375,-4632.56,0
19.1476,3554.28,21.1181,6.96905,2.60325,-4998.86,0
20.4218,3553.03,0.258227,2.40481,3.13994,-4748.31,0
21.6976,3552.55,10.6265,-18.6611,1.04923,-4491.48,0
22.9797,3546.43,15.401,-25.438,2.38491,-4507.13,0
24.2517,3532.03,16.0245,-27.8494,8.68139,-4864.52,0
25.5315,3517.99,8.80349,-43.3912,1.11218,-5170.55,0
26.8079,3510.14,12.9321,-25.2268,3.88451,-5216.93,0
28.0891,3496.88,19.5923,-20.838,4.43604,-5451.09,0
29.1227,3490.06,1.56403,-1.25301,5.67664,-5491.91,0
