0.0065408,0.238802,-0.110689,-0.0456614,0.349419,36509.5,0
0.0130165,0.453772,-0.211497,-0.293335,0.614421,34861.3,0
0.0194911,0.473037,-0.41553,-0.203682,0.567397,24269.4,0
0.0260439,0.319877,-0.504632,-0.496024,0.298153,12282.2,0
0.0325535,0.356636,-0.432596,-0.549984,0.334088,10955.4,0
0.0390515,0.432798,-0.420804,-0.494273,0.422699,11082.8,0
0.0455854,0.71286,-0.354073,-0.70401,0.79748,15637.9,0
0.0521088,0.765538,-0.433865,-0.690312,0.786333,14691.1,0
0.0585535,0.742267,-0.43894,-0.807307,0.672086,12676.7,0
0.0650691,0.733264,-0.553562,-1.02398,0.596762,11269,0
0.0715539,0.809802,-0.659524,-0.992496,0.645681,11317.4,0
0.0780577,0.847245,-0.916542,-1.05343,0.602898,10854.1,0
0.084579,0.767142,-0.89943,-1.14267,0.43009,9070.13,0
0.091101,0.858684,-0.782728,-0.998729,0.531719,9425.62,0
0.0976112,0.883478,-0.691733,-1.18808,0.512654,9050.99,0
0.104097,1.02229,-0.704585,-1.16183,0.668644,9820.49,0
0.110597,0.774757,-0.949914,-1.09237,0.256253,7005.23,0
0.117074,0.931314,-0.671214,-1.18405,0.460461,7954.89,0
0.123521,0.988477,-0.972174,-1.58026,0.493249,8002.5,0
0.129975,1.03963,-1.1865,-1.3005,0.506557,7998.7,0
0.136469,1.01486,-1.19701,-1.44893,0.425353,7436.61,0
0.143034,1.24567,-1.35397,-1.76642,0.715412,8708.94,0
0.149504,1.4617,-1.02076,-1.49144,0.928856,9777.01,0
0.155997,1.3142,-0.877046,-1.75705,0.613061,8424.53,0
0.162494,1.23505,-0.77689,-1.80694,0.454594,7600.56,0
0.168979,1.21998,-0.938404,-1.90566,0.382528,7219.7,0
0.175485,1.10575,-0.785607,-1.9994,0.198745,6301.14,0
0.182028,1.13575,-0.81382,-2.0823,0.232556,6239.45,0
0.188559,1.13763,-0.867537,-1.94497,0.227161,6033.26,0
0.195078,1.3024,-1.00351,-1.69288,0.433692,6676.29,0
0.201577,1.39588,-0.832523,-1.95972,0.529902,6924.78,0
0.208097,1.72373,-1.22892,-1.79455,0.936332,8283.34,0
0.214596,1.8639,-1.55784,-1.70151,1.00168,8685.64,0
0.221111,1.68267,-1.26604,-2.03261,0.649617,7610.03,0
0.227557,1.77834,-1.58012,-1.68497,0.731864,7814.93,0
0.234092,1.73144,-1.35935,-2.01728,0.599913,7396.42,0
0.240594,1.98903,-1.20698,-1.79822,0.895508,8267.18,0
0.247102,2.16507,-1.22795,-1.92753,1.06354,8761.85,0
0.253611,1.81607,-1.12122,-1.93495,0.446723,7160.82,0
0.260131,1.9582,-1.15308,-1.46655,0.601199,7527.73,0
0.266608,2.09591,-0.914442,-1.78331,0.761101,7861.37,0
0.273111,2.33398,-1.05941,-1.58933,0.988931,8545.91,0
0.279597,2.35372,-1.11124,-1.36681,0.918888,8418.26,0
0.286117,2.25124,-0.985493,-1.17798,0.679252,7868.22,0
0.292598,2.28568,-1.11608,-1.25177,0.665601,7811.7,0
0.299141,2.29946,-1.0399,-1.27172,0.585859,7686.9,0
0.305642,2.39067,-0.980967,-1.28689,0.67069,7821.8,0
0.312169,2.33601,-0.800635,-1.37247,0.523513,7483.15,0
0.318672,2.35212,-0.693716,-1.5737,0.50309,7380.99,0
0.325227,2.56552,-0.769509,-1.79291,0.767614,7888.4,0
0.331748,2.47051,-0.700944,-1.88625,0.5511,7446.95,0
0.33828,2.67822,-0.544632,-1.91987,0.776124,7917.16,0
0.344751,2.52123,-0.643627,-1.87438,0.486843,7313.19,0
0.351276,2.72023,-0.457413,-1.89584,0.739618,7743.85,0
0.357766,2.81921,-0.526202,-1.88592,0.761193,7880.04,0
0.364247,2.97172,-0.719243,-1.54504,0.884582,8158.54,0
0.370749,2.79576,-0.787086,-1.57691,0.541146,7540.85,0
0.37726,2.82669,-0.838781,-1.42384,0.537562,7492.69,0
0.383758,2.54883,-0.865455,-1.26332,0.0961206,6641.75,0
0.390233,2.54784,-0.698563,-1.2091,0.0857972,6529.03,0
0.396713,2.62284,-0.737768,-1.24599,0.195846,6611.44,0
0.40322,2.73479,-0.798937,-1.13983,0.339042,6782.38,0
0.409717,2.70795,-0.794498,-1.24114,0.272206,6609.33,0
0.416219,2.75807,-0.865203,-1.38554,0.329193,6626.49,0
0.422741,2.88916,-0.673173,-1.38237,0.465959,6834.35,0
0.429261,2.76961,-0.741152,-1.4337,0.27107,6452.04,0
0.435758,2.84238,-1.07971,-1.23993,0.349365,6522.84,0
0.442235,2.83509,-1.22547,-1.03102,0.322731,6410.81,0
0.448701,2.81826,-1.59367,-1.13503,0.2791,6280.94,0
0.455212,2.97757,-1.68013,-1.30306,0.495766,6541.07,0
0.461703,3.38888,-1.3212,-1.11117,1.0226,7339.96,0
0.46824,3.20401,-1.40198,-1.26305,0.630939,6842.65,0
0.474735,3.29844,-1.34343,-1.25025,0.703764,6947.95,0
0.481215,3.30104,-1.12856,-0.876195,0.622175,6859.81,0
0.487746,3.28041,-1.03253,-0.787626,0.549753,6725.65,0
0.49427,3.12355,-1.17008,-0.612529,0.260205,6319.52,0
0.500752,3.228,-1.26862,-0.558459,0.387897,6446.31,0
0.507269,3.09331,-1.29685,-0.904346,0.157175,6097.97,0
0.513761,3.16929,-1.58185,-1.2707,0.260551,6168.81,0
0.52028,3.21982,-1.69363,-1.26243,0.318315,6188.63,0
0.526789,3.20993,-1.57433,-1.4604,0.278335,6093.39,0
0.533314,3.70671,-1.58195,-1.54513,0.972583,6950.33,0
0.539826,4.08107,-1.46785,-1.36689,1.37239,7559.98,0
0.546357,4.20385,-1.69401,-1.24528,1.34595,7694.33,0
0.552882,4.57271,-1.47026,-1.29231,1.63866,8270.68,0
0.559377,4.59289,-1.35512,-1.21223,1.40862,8210.73,0
0.565934,4.39004,-1.13,-1.0426,0.933781,7757.16,0
0.57249,4.61095,-0.844242,-1.14291,1.14703,8054.21,0
0.578997,4.57346,-0.778345,-0.960801,0.931161,7898.94,0
0.585509,4.59396,-0.882036,-0.975152,0.860121,7846.09,0
0.592041,4.57917,-0.899196,-1.38219,0.753714,7734.56,0
0.598545,4.56836,-0.848414,-1.3291,0.666947,7632.45,0
0.605022,4.83857,-1.06551,-1.17658,0.972523,7997.34,0
0.611503,4.87738,-1.334,-0.941057,0.885917,7976.06,0
0.617995,4.92165,-1.35206,-0.993652,0.843854,7963.9,0
0.624493,4.70393,-1.50851,-0.880191,0.460311,7532.39,0
0.631021,4.84258,-1.62728,-1.10063,0.614794,7674.2,0
0.637535,4.88729,-1.68711,-0.918651,0.628806,7665.91,0
0.644046,4.646,-1.62163,-0.982284,0.230997,7213.77,0
0.650522,4.59258,-1.44505,-0.958697,0.138137,7059.84,0
0.656992,4.92385,-1.22679,-1.02695,0.608268,7494.54,0
0.663471,5.08682,-1.40275,-1.06605,0.766525,7666.98,0
0.670002,5.15865,-1.51192,-1.20082,0.783417,7699.46,0
0.676513,5.28594,-1.41552,-1.42409,0.86226,7813.5,0
0.682991,5.56825,-1.50501,-1.60381,1.14891,8152.75,0
0.689563,5.71316,-1.55842,-1.72863,1.20056,8285.19,0
0.696067,5.97471,-1.76246,-1.53367,1.38698,8583.53,0
0.702559,6.02639,-1.82068,-1.9006,1.2559,8577.77,0
0.70904,6.02309,-1.73331,-1.81823,1.08436,8494.71,0
0.715502,6.20473,-1.82286,-2.05474,1.19424,8671.85,0
0.722013,6.02185,-1.58653,-1.96281,0.798975,8340.36,0
0.728491,6.35929,-1.2614,-1.84368,1.16291,8729.41,0
0.734973,6.21788,-1.2825,-2.03768,0.812265,8460.01,0
0.741453,6.0513,-1.19024,-1.77052,0.502566,8161.4,0
0.747956,6.27473,-1.04123,-1.64951,0.755859,8389.16,0
0.75446,6.28782,-1.15522,-1.49847,0.688777,8334.2,0
0.761007,5.98701,-1.1232,-1.56178,0.203768,7867.22,0
0.767513,6.03684,-0.999459,-1.43362,0.26746,7865.46,0
0.774032,6.14361,-0.712581,-1.73072,0.412478,7937.15,0
0.780552,5.91275,-0.602713,-1.72094,0.0502235,7575.08,0
0.78702,5.96679,-0.648756,-1.60101,0.127057,7581.5,0
0.79357,6.13589,-0.651539,-1.57676,0.355018,7732.02,0
0.800088,6.02194,-0.352582,-1.60794,0.159749,7526.6,0
0.806564,6.05079,-0.157668,-1.51574,0.181748,7501.93,0
0.813091,6.27551,-0.301096,-1.64599,0.493115,7718.09,0
0.819623,6.22562,-0.499288,-1.80913,0.371284,7595.71,0
0.826112,6.56722,-0.591419,-2.069,0.826996,7949.55,0
0.832618,6.59439,-0.570688,-2.25952,0.768892,7920.07,0
0.839146,6.68527,-0.595941,-2.08351,0.800761,7966.76,0
0.845606,6.75582,-0.481652,-1.96627,0.800936,7989.33,0
0.852074,6.62599,-0.384535,-1.98776,0.527955,7776.32,0
0.858571,6.40375,-0.658601,-2.20102,0.172002,7458.61,0
0.865055,6.53444,-0.770666,-2.32111,0.359234,7553.79,0
0.87159,6.5793,-0.559919,-2.11973,0.392013,7548.62,0
0.878124,6.52873,-0.709651,-1.90477,0.290603,7434.86,0
0.884665,6.66732,-0.786308,-1.81077,0.469917,7536.54,0
0.891216,6.83372,-1.01999,-1.92954,0.681764,7667.86,0
0.897707,6.65411,-0.704002,-1.79518,0.364549,7412.34,0
0.904223,6.64442,-0.771608,-2.08206,0.327775,7348.22,0
0.910731,6.5846,-0.776604,-2.21596,0.215674,7230.02,0
0.917202,6.63441,-0.790223,-1.95825,0.268556,7233.31,0
0.923696,6.78022,-1.02105,-1.72377,0.450945,7340.31,0
0.930234,6.98311,-0.952057,-1.83912,0.695493,7506.83,0
0.936731,7.1565,-0.961623,-1.85987,0.852696,7639.87,0
0.943258,7.55737,-0.694021,-1.92238,1.3068,8011.99,0
0.949802,7.58801,-0.794211,-1.97664,1.21557,7989.05,0
0.956265,7.86394,-0.801394,-2.24745,1.43832,8223.6,0
0.962734,7.88868,-0.707548,-2.35496,1.27875,8194.04,0
0.969232,7.83391,-0.597224,-2.40048,1.03241,8082.6,0
0.97572,7.7076,-0.758798,-2.20366,0.731213,7899.39,0
0.98226,7.96266,-0.725742,-2.01824,1.01285,8106.47,0
0.988772,8.12042,-0.440572,-2.05902,1.11617,8212.64,0
0.995237,7.77184,-0.777899,-2.13651,0.498022,7809.04,0
1.00172,7.70449,-0.969934,-2.17884,0.357399,7691.22,0
1.00822,8.04666,-1.08026,-1.94165,0.808185,7981.06,0
1.01474,7.89669,-0.891872,-1.92136,0.497716,7781.98,0
1.02123,7.91232,-0.842169,-2.03355,0.479666,7747.86,0
1.02775,7.82669,-0.961947,-2.11473,0.308627,7615.39,0
1.03422,7.74211,-0.646844,-2.16011,0.169108,7485.93,0
1.04074,8.00718,-0.683684,-2.1651,0.537665,7693.73,0
1.04728,7.73043,-0.603237,-2.07799,0.102609,7381.42,0
1.05381,7.83161,-0.83301,-2.11706,0.238542,7431.73,0
1.06032,8.0822,-0.722674,-2.33235,0.580817,7622.41,0
1.06683,8.00991,-0.89555,-2.52815,0.434002,7508.12,0
1.07336,8.45023,-0.910425,-2.71754,1.0041,7872.69,0
1.07986,8.80483,-0.705216,-2.89801,1.37267,8153.68,0
1.08634,8.9467,-0.980681,-3.31035,1.38775,8235.67,0
1.09283,8.95038,-0.977643,-3.38911,1.17178,8190.06,0
1.09935,8.73221,-1.00883,-3.31699,0.729478,7943.09,0
1.10583,9.04054,-0.917676,-3.47915,1.09766,8175.35,0
1.11234,8.78615,-0.666067,-3.69937,0.623295,7898.79,0
1.11884,8.98411,-0.73576,-3.56167,0.833217,8029.88,0
1.12536,8.75821,-1.01136,-3.72873,0.450108,7782.55,0
1.13187,8.72167,-1.19654,-3.86092,0.363971,7705.55,0
1.13834,8.76453,-1.24906,-3.801,0.39899,7699.38,0
1.14482,8.80304,-1.338,-3.8247,0.427906,7689.48,0
1.15132,8.81126,-1.26219,-3.56625,0.396282,7653.2,0
1.15781,8.97473,-1.21821,-3.17585,0.606383,7751.48,0
1.16432,9.10741,-1.1423,-3.21681,0.731634,7822.07,0
1.17077,9.00686,-1.24485,-3.05057,0.500928,7693.09,0
1.17723,8.82168,-1.37277,-3.0146,0.198448,7493.6,0
1.18374,8.78872,-1.56747,-3.09982,0.139189,7424.56,0
1.19019,8.80645,-1.66205,-3.16227,0.153309,7399.22,0
1.19664,8.75755,-1.74518,-3.16508,0.0748088,7318.44,0
1.20317,8.97159,-1.7488,-3.14044,0.387469,7456.65,0
1.20973,9.20174,-1.62205,-3.11109,0.686372,7606.45,0
1.21629,9.15571,-1.58512,-2.65164,0.559753,7527.59,0
1.22281,9.20454,-1.49002,-3.02834,0.576936,7527.36,0
1.22933,9.37457,-1.42701,-2.94211,0.757117,7625.74,0
1.23586,9.10158,-1.48267,-2.87502,0.305695,7364.6,0
1.2424,9.08001,-1.47647,-2.92499,0.253703,7308.45,0
1.24892,9.25795,-1.50104,-3.03804,0.482419,7412.77,0
1.25542,9.15902,-1.4376,-3.1078,0.298398,7295.6,0
1.26189,9.21764,-1.55322,-3.05427,0.359441,7304.62,0
1.26839,9.1164,-1.54955,-2.99704,0.200816,7187.39,0
1.27491,9.15308,-1.6224,-2.95926,0.241732,7179.39,0
1.2814,9.18571,-1.91142,-2.63325,0.271346,7168.5,0
1.28791,9.32795,-1.86173,-2.53418,0.454756,7242.73,0
1.29445,9.22598,-1.61223,-2.62532,0.284256,7127.36,0
1.30095,9.37111,-1.69438,-2.52384,0.480021,7203.28,0
1.30746,9.37628,-1.58227,-2.23527,0.439563,7171.4,0
1.31399,9.35944,-1.64351,-2.48812,0.389492,7122.92,0
1.32046,9.21716,-1.61832,-2.56761,0.163398,6980.25,0
1.32694,9.25356,-1.61064,-2.43707,0.211171,6973.6,0
1.33348,9.36939,-1.4651,-2.60803,0.363734,7026.26,0
1.33996,9.62012,-1.69939,-2.729,0.678149,7179.41,0
1.34645,10.0463,-1.87782,-2.76292,1.21101,7461.28,0
1.35293,9.94871,-2.0908,-2.53341,0.908594,7353.43,0
1.35947,10.2072,-1.8526,-2.6464,1.16741,7508.23,0
1.36596,10.2804,-2.1279,-2.57369,1.09776,7526.13,0
1.37245,10.5487,-2.50863,-2.35563,1.32817,7686.06,0
1.37891,10.6165,-2.92018,-2.07739,1.25169,7699.19,0
1.38544,10.8904,-2.8041,-2.00824,1.45895,7860.61,0
1.39196,10.6465,-2.87725,-2.05145,0.92973,7648.58,0
1.39845,10.7581,-2.87381,-2.10768,0.9802,7692.92,0
1.40495,10.7051,-2.47941,-2.64237,0.778558,7619.58,0
1.41143,10.9081,-2.31195,-2.75715,0.95595,7728.38,0
1.41793,10.8851,-2.23347,-2.54433,0.809041,7676.75,0
1.42443,10.8651,-2.29642,-2.75266,0.704103,7627.64,0
1.43091,10.8592,-2.14007,-2.77874,0.630543,7589.01,0
1.43735,11.1796,-2.19219,-2.69707,1.01368,7777.91,0
1.44389,11.171,-2.05305,-2.55695,0.871758,7736.78,0
1.45038,10.9995,-2.15551,-2.22372,0.541805,7583.9,0
1.45689,11.055,-2.06364,-2.27693,0.598429,7588.04,0
1.46341,11.3424,-1.87553,-2.41249,0.953228,7750.66,0
1.46995,11.298,-1.95885,-2.66606,0.772668,7685.98,0
1.47648,11.3209,-1.90333,-2.5714,0.716803,7667.48,0
1.48301,11.2672,-1.93204,-2.57288,0.580158,7597.55,0
1.48951,11.1869,-1.86382,-2.38888,0.425399,7510.46,0
1.49605,11.2201,-1.7166,-2.05681,0.439563,7499.82,0
1.50255,10.9885,-1.43376,-1.79532,0.0777402,7313.25,0
1.50903,10.9452,-1.5336,-1.81788,0.00884899,7253.12,0
1.51554,11.0191,-1.44172,-1.62002,0.110268,7270.73,0
1.52209,11.144,-1.68373,-1.77233,0.284559,7321.53,0
1.52861,10.9983,-1.57368,-1.80672,0.0548607,7194.99,0
1.53516,11.092,-1.40321,-1.66238,0.18872,7225.29,0
1.54165,11.1114,-1.44068,-1.79935,0.209171,7207.49,0
1.54816,11.2199,-1.47023,-1.72282,0.351717,7247.26,0
1.55466,11.0788,-1.45581,-1.76022,0.120106,7126.17,0
1.56115,11.0701,-1.39708,-1.82137,0.0999284,7090.98,0
1.56768,11.1018,-1.45125,-1.69419,0.144821,7081.65,0
1.5742,11.2922,-1.42886,-1.79584,0.411776,7173.24,0
1.58068,11.306,-1.56369,-1.70294,0.411299,7152.58,0
1.5872,11.3425,-1.61991,-1.64966,0.425174,7146.24,0
1.59371,11.2415,-1.56154,-1.93973,0.255227,7053.67,0
1.60018,11.3293,-1.50096,-2.21178,0.364698,7080.02,0
1.6067,11.5311,-1.33803,-2.00682,0.622284,7176.89,0
1.61322,11.5441,-1.28407,-2.13678,0.583375,7155.94,0
1.61969,11.5293,-1.32038,-2.35465,0.515078,7118.24,0
1.6262,11.4588,-1.11,-2.32187,0.369484,7046.34,0
1.63271,11.6354,-1.2234,-2.50243,0.577147,7126.42,0
1.63918,11.9861,-1.10816,-2.59083,1.02267,7312.27,0
1.64571,11.9494,-1.22936,-2.84548,0.844882,7260.93,0
1.65221,12.549,-1.05975,-2.79093,1.57769,7595.29,0
1.65874,12.4386,-0.720313,-2.87056,1.22067,7498.81,0
1.66526,12.1922,-0.515437,-3.14727,0.745342,7321.54,0
1.67176,12.4175,-0.493238,-3.43345,1.01524,7427.8,0
1.67826,12.556,-0.219792,-3.67504,1.07364,7481.52,0
1.68476,12.4671,-0.384599,-3.63445,0.821946,7399.96,0
1.6913,12.1527,-0.337195,-3.70512,0.281692,7185.43,0
1.69778,12.2811,-0.359709,-3.79354,0.44717,7233.65,0
1.70431,12.3106,-0.242783,-3.6726,0.455862,7223.22,0
1.71078,12.3307,0.0918603,-3.57431,0.437177,7207.67,0
1.71728,12.3712,0.0337937,-3.38634,0.468664,7203.92,0
1.72379,12.4301,0.212659,-3.52264,0.507833,7210.91,0
1.73028,12.2204,0.363466,-3.53297,0.182054,7062.67,0
1.7368,12.6073,0.289868,-3.92688,0.712098,7258.96,0
1.74334,12.5947,0.447772,-3.57057,0.622657,7224.49,0
1.74984,12.6868,0.470077,-3.6518,0.686806,7250.26,0
1.75628,12.4323,0.747519,-3.51126,0.26399,7078.78,0
1.7628,12.5164,0.874199,-3.55359,0.364606,7100.31,0
1.76932,12.86,1.18356,-3.75757,0.829873,7268.34,0
1.77582,13.3565,1.24591,-3.38058,1.42933,7521.32,0
1.7823,13.3442,1.01969,-3.43095,1.20037,7487.1,0
1.78881,13.1618,0.85774,-3.78894,0.792048,7357.82,0
1.7953,13.6025,0.943747,-3.78519,1.31808,7576.76,0
1.80178,13.6561,0.605957,-3.83427,1.20196,7579.21,0
1.80829,13.419,0.559138,-3.64079,0.741291,7420.83,0
1.81485,13.4245,0.652542,-3.22628,0.684241,7397.03,0
1.82137,13.0112,0.801367,-3.49672,0.0275625,7143.67,0
1.82788,13.0152,0.735733,-3.52253,0.0299961,7120.41,0
1.83441,13.051,0.849033,-3.50585,0.0765102,7114.54,0
1.8409,13.4667,0.866592,-3.61808,0.667772,7315.28,0
1.84736,13.8108,1.14597,-3.32533,1.06249,7475.95,0
1.85387,13.6821,1.33544,-3.23574,0.746842,7380.29,0
1.86037,13.5472,1.36432,-3.21678,0.484883,7281.99,0
1.86686,13.5124,1.51205,-3.34558,0.401381,7238.02,0
1.87337,13.3314,1.65725,-3.14267,0.115066,7116.26,0
1.87988,13.361,1.63855,-3.28904,0.150647,7107.38,0
1.88636,13.5753,1.61322,-3.16356,0.463112,7196.57,0
1.89284,13.8189,1.58212,-3.0713,0.765931,7300.64,0
1.89936,13.672,1.62945,-3.16913,0.479811,7198.24,0
1.90584,13.5614,1.40933,-3.37972,0.292831,7115.71,0
1.91232,13.498,1.59022,-3.48023,0.190227,7058.45,0
1.91883,13.4865,1.46261,-3.35072,0.168417,7028.51,0
1.92532,13.691,1.42471,-3.18959,0.453677,7111.03,0
1.93181,13.7988,1.44216,-3.7158,0.557336,7142.96,0
1.93829,13.6849,1.32463,-3.76927,0.350693,7060.27,0
1.9448,13.8675,1.4184,-3.6182,0.5589,7130.56,0
1.9513,13.6641,1.46954,-3.51254,0.222745,7002.55,0
1.9578,13.9276,1.4879,-3.18229,0.570263,7113.93,0
1.96423,13.997,1.41498,-2.84514,0.626089,7125.95,0
1.97074,13.7554,1.37917,-2.78623,0.225664,6979.83,0
1.97723,13.7837,1.38678,-2.60583,0.256211,6971.23,0
1.98373,13.826,1.32648,-2.75853,0.303572,6969.7,0
1.99025,13.9645,1.31196,-2.77326,0.47409,7016.46,0
1.99676,13.9086,1.25652,-2.67799,0.356562,6965.58,0
2.00329,14.1534,1.21227,-1.95644,0.685634,7065.09,0
2.00979,13.9636,1.34391,-2.04152,0.374626,6947.77,0
2.01631,13.8782,1.14022,-2.04093,0.234741,6882.96,0
2.02278,14.029,1.50616,-1.9023,0.44335,6935.49,0
2.02928,14.1306,1.85131,-2.10217,0.55151,6963.35,0
2.03574,13.9269,1.84667,-2.28343,0.211275,6841.17,0
2.04223,14.1502,1.92969,-2.02857,0.521621,6928.8,0
2.04874,14.1739,2.03529,-2.04496,0.509846,6918.37,0
2.0553,14.4739,1.91091,-1.84983,0.893776,7042.23,0
2.06181,14.5637,1.61475,-2.04981,0.924759,7063.57,0
2.06836,14.7516,1.53803,-2.00165,1.10529,7132.02,0
2.07485,14.7969,1.5113,-1.91042,1.0354,7131.56,0
2.08135,14.89,1.48662,-1.79008,1.06196,7154.02,0
2.08785,14.9671,1.64297,-1.94752,1.0287,7168.66,0
2.09435,15.1756,1.39544,-1.89584,1.15439,7245.97,0
2.10085,15.4816,1.18965,-2.05761,1.42307,7369.22,0
2.10735,15.0658,1.35894,-2.14782,0.636993,7149.17,0
2.11388,15.3699,1.26148,-2.08747,1.00696,7270.92,0
2.1204,15.361,1.14052,-1.90889,0.893232,7244.37,0
2.12692,15.4653,0.774915,-1.99523,0.943566,7271.21,0
2.13344,15.5196,0.820581,-1.89658,0.893736,7274.43,0
2.13991,15.5741,0.674499,-2.17571,0.888563,7277.92,0
2.14645,15.6905,0.606756,-2.26918,0.952632,7310.01,0
2.15293,15.3865,0.833893,-2.20841,0.426125,7146.8,0
2.15948,15.5829,0.866553,-2.22879,0.66758,7216.07,0
2.16597,15.2685,0.654845,-2.23088,0.162102,7049.26,0
2.17253,15.2929,0.659998,-2.60984,0.184675,7039.21,0
2.17909,15.5356,0.774793,-2.58913,0.520322,7129.41,0
2.18561,15.2812,0.815759,-2.81275,0.130044,6991.76,0
2.19212,15.2798,0.850242,-2.70214,0.120944,6970.32,0
2.19861,15.2261,0.967749,-2.704,0.0333518,6925.31,0
2.20514,15.2186,0.82098,-2.68568,0.0212077,6901.42,0
2.21161,15.3038,1.07931,-2.69223,0.145259,6919.75,0
2.21811,15.4568,0.914565,-2.70119,0.352884,6968.49,0
2.22461,15.5917,1.09483,-2.48815,0.511355,7008.72,0
2.23114,15.4694,0.923926,-2.7343,0.295129,6933.4,0
2.23766,15.5053,0.770989,-2.60314,0.321534,6929.26,0
2.24418,15.4925,0.900181,-2.53891,0.281792,6903.39,0
2.25071,15.6941,0.687012,-2.58968,0.544968,6972.94,0
2.25723,15.5671,0.481029,-2.47987,0.329166,6896.54,0
2.26371,15.5368,0.287249,-2.4279,0.263793,6863.41,0
2.27023,15.7477,0.416329,-2.60724,0.53815,6936.6,0
2.27673,16.0457,0.409493,-2.505,0.894153,7047.67,0
2.28325,15.9151,0.235753,-2.33296,0.626126,6970.38,0
2.28971,16.0255,0.352629,-2.20287,0.700474,6998.92,0
2.29622,16.2743,0.257705,-2.41031,0.971552,7087.43,0
2.30272,16.4858,0.263263,-2.28166,1.15936,7159.26,0
2.30922,16.3759,0.354595,-2.26367,0.863533,7091.52,0
2.31578,16.1345,0.436606,-2.76146,0.43564,6967.23,0
2.32228,16.2846,0.508085,-2.67936,0.619635,7012.31,0
2.32879,16.2673,0.411007,-3.06665,0.537861,6985.31,0
2.33527,16.4439,0.381036,-3.14657,0.752185,7041.54,0
2.34177,16.7567,0.445698,-3.23625,1.10337,7155.6,0
2.34828,16.8579,0.419858,-3.40239,1.08818,7178.83,0
2.35475,16.9494,0.526025,-3.46691,1.06978,7197.97,0
2.36126,17.0072,0.669538,-3.43563,1.04125,7202.59,0
2.36777,16.9968,0.586058,-3.6722,0.898379,7178.4,0
2.37429,17.0485,0.543418,-3.39401,0.864691,7180.44,0
2.38084,16.976,-0.0915385,-3.41898,0.651684,7130.28,0
2.38732,16.8662,-0.023528,-3.60265,0.439427,7064.89,0
2.39377,16.8405,-0.202133,-3.34601,0.365919,7035.15,0
2.40029,16.8033,-0.0855275,-3.31458,0.275995,7000.53,0
2.40677,16.6502,0.139653,-3.27336,0.040024,6918.05,0
2.41323,16.6972,0.0531914,-3.33757,0.108123,6919.03,0
2.41969,16.8393,-0.0439883,-3.18241,0.310675,6959.27,0
2.4262,17.4195,0.046994,-3.25891,1.07204,7179.77,0
2.43269,17.1512,0.159819,-3.59156,0.568032,7050.3,0
2.43915,17.225,0.269056,-3.46233,0.622931,7061.9,0
2.44567,16.9309,0.449128,-3.55181,0.155054,6922.83,0
2.45219,17.0522,0.538218,-3.77015,0.318976,6953.84,0
2.45872,17.1901,0.645627,-3.83515,0.498023,6991.47,0
2.46526,17.3849,0.892108,-3.83815,0.717876,7051.98,0
2.47173,17.1847,0.647871,-3.89651,0.362403,6952.5,0
2.4783,17.0122,0.91741,-3.6835,0.0669564,6864.47,0
2.48479,17.0008,1.10043,-3.72451,0.0465963,6841.94,0
2.49126,17.1397,1.22989,-3.86007,0.234795,6879.92,0
2.49776,17.3074,1.27291,-3.61223,0.447846,6929.16,0
2.50428,17.6051,1.13526,-3.72598,0.825208,7030.01,0
2.51081,17.7897,1.07333,-3.79411,0.966387,7085.23,0
2.51735,17.9073,1.25852,-3.81718,1.00004,7113.56,0
2.52382,17.8935,1.4848,-3.64934,0.876593,7089.82,0
2.53032,18.0518,1.30164,-3.80301,0.983205,7134.22,0
2.53684,17.9697,1.11968,-3.93886,0.747399,7083.51,0
2.54337,18.2611,1.09995,-3.86102,1.07629,7179.9,0
2.54988,18.1814,0.711489,-3.74379,0.832746,7130.29,0
2.55642,17.8761,1.13563,-4.13254,0.323079,6992.63,0
2.56294,18.308,0.973048,-4.25716,0.901549,7143.36,0
2.56941,18.257,0.852778,-4.17171,0.727867,7105.53,0
2.57596,18.2969,0.928252,-4.2586,0.729387,7102.95,0
2.58241,18.1122,1.07401,-4.12301,0.386922,7013.67,0
2.58887,18.2314,1.26546,-4.02965,0.523939,7042.24,0
2.59538,18.3383,1.62454,-3.90468,0.62632,7065.75,0
2.60189,18.4619,1.5943,-3.77612,0.748777,7095.57,0
2.60838,18.4744,2.01099,-3.43427,0.681687,7082.69,0
2.61486,18.7327,1.96575,-2.94252,0.968565,7163.95,0
2.62137,18.9008,2.13105,-2.93184,1.08932,7210.27,0
2.62787,18.9926,1.96762,-2.94486,1.08135,7227.39,0
2.63434,19.1086,2.11412,-3.35337,1.06169,7253.66,0
2.64089,18.6397,2.01192,-3.15359,0.284205,7058.12,0
2.64741,18.6391,2.34829,-2.83779,0.266694,7040.49,0
2.65391,18.6652,2.27863,-2.60271,0.283993,7033.11,0
2.66044,18.5095,2.18842,-2.63047,0.0350983,6957.31,0
2.66693,18.5455,2.2965,-2.59862,0.0858621,6953.87,0
2.67341,18.6159,2.43072,-2.44302,0.184333,6963.37,0
2.67992,18.5505,2.4719,-2.23264,0.0833248,6922.03,0
2.68641,18.769,2.44785,-2.11563,0.38805,6986.64,0
2.6929,18.9155,2.3103,-1.96027,0.551953,7024.2,0
2.69937,18.9217,2.12639,-1.9241,0.518404,7009.7,0
2.70588,18.7161,2.19103,-2.29607,0.169846,6916.84,0
2.71242,18.8516,2.12156,-2.45664,0.356825,6950.09,0
2.71891,18.9359,2.05526,-2.4176,0.426312,6964.53,0
2.72535,19.1647,1.99938,-2.46692,0.709169,7032.01,0
2.7319,18.953,2.29037,-2.72236,0.355927,6937.67,0
2.73843,18.8929,2.29512,-3.22033,0.230974,6899.2,0
2.74492,18.7553,2.21469,-3.38156,0.0193991,6832.75,0
2.75147,18.874,2.15522,-3.47181,0.19041,6859.62,0
2.75795,18.9226,2.24014,-3.43792,0.253662,6861.12,0
2.76442,18.9837,2.1319,-3.5349,0.330379,6867.15,0
2.77091,19.063,2.32437,-3.55785,0.421712,6879.71,0
2.77744,19.1891,2.21485,-3.58351,0.564631,6908.92,0
2.78395,19.2703,1.97522,-3.68764,0.6366,6921.93,0
2.79042,19.4318,1.91258,-3.67536,0.790957,6963.74,0
2.79692,19.319,1.52738,-3.70328,0.573703,6907.26,0
2.80343,19.5947,1.46282,-3.47065,0.884297,6989.52,0
2.8099,19.6368,1.04783,-3.45743,0.851968,6988.44,0
2.81636,19.694,1.42267,-3.6181,0.834327,6992.71,0
2.82286,19.7102,1.17742,-3.41367,0.763679,6982.36,0
2.82939,19.3373,1.22018,-3.25194,0.156703,6834.46,0
2.8359,19.4315,0.999241,-3.28956,0.270606,6851.98,0
2.84241,19.6007,0.491154,-3.18862,0.494876,6895.82,0
2.84889,19.4235,0.586722,-3.27734,0.204261,6817.93,0
2.85544,19.4087,0.629121,-3.32947,0.167162,6797.11,0
2.86197,19.6496,0.66732,-3.18523,0.484631,6865.75,0
2.86848,19.8836,0.936309,-3.24091,0.76154,6931.75,0
2.87498,19.8274,1.02989,-3.14325,0.612805,6896.55,0
2.88149,19.9535,0.940573,-3.16194,0.739527,6924.72,0
2.88798,20.1696,0.915951,-2.97399,0.961302,6983.96,0
2.89448,20.135,0.990342,-2.98404,0.822185,6956.33,0
2.90102,20.2691,0.881976,-2.77663,0.931365,6986.9,0
2.90754,20.5246,0.661847,-2.40645,1.17605,7059.09,0
2.91406,20.5705,0.635825,-2.73211,1.10754,7059.05,0
2.92057,20.5811,0.487198,-2.81037,0.981225,7046.93,0
2.92705,20.6712,0.476093,-3.07955,0.986712,7062.13,0
2.93357,20.5652,0.420209,-3.36395,0.70466,7010.3,0
2.94008,20.7252,0.247979,-3.61595,0.854553,7049.18,0
2.9466,21.202,0.22294,-3.34964,1.4057,7195.4,0
2.9531,21.333,0.266961,-3.5497,1.35603,7223.93,0
2.9596,21.4265,0.219708,-3.58132,1.28517,7239.67,0
2.96617,21.3041,0.333426,-3.27779,0.951561,7182.38,0
2.97268,21.4984,-0.113942,-3.18402,1.11255,7231.99,0
2.97923,21.6483,0.0293827,-3.34948,1.17788,7266.41,0
2.98575,21.7935,-0.114758,-3.44612,1.21409,7299.17,0
2.99228,21.5781,-0.116828,-3.3261,0.748682,7211.25,0
2.9988,21.4284,0.0793925,-3.18118,0.470316,7145.65,0
3.0053,21.4014,-0.114129,-3.31449,0.390366,7121.23,0
3.01182,21.4088,0.075822,-3.68155,0.375435,7108.24,0
3.01836,21.4975,-0.155051,-3.41894,0.444553,7122.26,0
3.02487,21.5778,-0.197951,-3.39956,0.512823,7133.46,0
3.03138,21.6649,0.156397,-3.14617,0.583447,7146.88,0
3.03785,21.8248,-0.00634268,-3.2627,0.751126,7184.29,0
3.04441,21.7259,0.120313,-3.40662,0.538851,7136.33,0
3.0509,21.8317,0.163036,-3.13623,0.628011,7155.83,0
3.05743,21.81,0.478423,-3.13328,0.540289,7133.42,0
3.064,21.9328,0.524252,-3.21782,0.68502,7158.22,0
3.07051,22.1033,0.470469,-3.17472,0.857492,7198.59,0
3.07705,22.267,0.272309,-3.49942,0.959818,7236.49,0
3.08355,22.4849,0.322453,-3.58625,1.16823,7291.9,0
3.09002,22.8087,0.410897,-3.53977,1.42995,7381.41,0
3.09653,23.0251,-0.0115785,-3.50352,1.52925,7435.77,0
3.10306,23.005,-0.0905085,-3.6438,1.29683,7413.65,0
3.10956,22.9783,-0.0830426,-3.36367,1.07976,7389.56,0
3.11611,22.777,0.0605518,-3.44949,0.679704,7309.44,0
3.12258,23.2303,0.259965,-3.444,1.23239,7439.47,0
3.12912,23.1125,0.556496,-3.4259,0.918013,7386.25,0
3.13563,23.3575,0.491985,-3.47935,1.14174,7449.05,0
3.14211,23.3194,0.851558,-3.40004,0.94443,7421.56,0
3.14864,23.3485,0.913328,-3.11748,0.8526,7415.45,0
3.15515,23.347,0.843313,-3.14223,0.765775,7399.64,0
3.16162,23.3447,0.864364,-3.46004,0.684594,7383.77,0
3.16815,23.3151,1.07343,-3.62588,0.57694,7359.2,0
3.17468,23.2099,1.01185,-3.2236,0.358132,7310.94,0
3.1812,23.2907,0.807879,-3.45468,0.439833,7321.38,0
3.18771,23.4438,0.681696,-3.32557,0.616493,7354.42,0
3.19421,23.4526,0.762885,-3.2324,0.551232,7342.24,0
3.20073,23.5319,0.63545,-3.28838,0.609545,7352.06,0
3.2073,23.6186,0.682098,-3.22603,0.670044,7364.01,0
3.21381,23.7621,0.622736,-3.16779,0.82433,7393.75,0
3.22028,23.7292,0.47708,-2.99306,0.685492,7368.67,0
3.22676,23.7462,0.590439,-2.96686,0.628415,7359.15,0
3.23329,23.8879,0.658135,-3.03451,0.751737,7388.11,0
3.23983,24.2128,0.526006,-2.93758,1.13164,7473.49,0
3.24635,24.1603,0.950935,-2.86121,0.932844,7442.29,0
3.25285,24.0242,0.602735,-2.8419,0.615971,7385.57,0
3.25939,23.7643,1.13666,-2.87603,0.201175,7291.04,0
3.26587,23.9669,1.06607,-3.081,0.47155,7338.6,0
3.27236,23.9719,1.18599,-3.19085,0.401496,7325.58,0
3.27889,23.8116,1.06905,-3.13688,0.141114,7262.08,0
3.28539,23.9283,0.875805,-3.21844,0.308392,7283.25,0
3.29188,23.8966,1.03942,-3.24765,0.231752,7259.25,0
3.29841,24.05,1.00827,-3.07298,0.435477,7291.38,0
3.30493,24.1149,1.25692,-2.82179,0.502201,7296.64,0
3.31139,24.3625,1.04416,-2.81843,0.818767,7357.17,0
3.31789,24.6015,0.816509,-2.82832,1.06342,7414.81,0
3.32439,24.4302,1.01892,-2.82642,0.719973,7348.77,0
3.33087,24.6315,1.1608,-2.60467,0.905917,7394.9,0
3.33735,24.6814,1.02208,-2.75768,0.890713,7395.51,0
3.34385,24.4072,1.17067,-2.81952,0.397911,7299.14,0
3.35036,24.3243,1.14536,-2.56834,0.249715,7260.22,0
3.35687,24.2849,1.17737,-2.67922,0.180633,7234.41,0
3.36335,24.3067,0.993786,-2.91608,0.20346,7226.91,0
3.36986,24.5042,1.01046,-3.14709,0.467114,7271.59,0
3.37637,24.6893,1.14224,-3.15917,0.695901,7312.38,0
3.38288,24.4769,1.38148,-3.11929,0.328058,7235.54,0
3.38936,24.6257,1.73471,-3.11935,0.487665,7265.58,0
3.39588,24.8158,1.74041,-3.26093,0.71778,7307.6,0
3.40239,24.9563,1.55685,-2.99375,0.857269,7334.94,0
3.4089,24.839,1.23213,-3.04592,0.612891,7286.51,0
3.41541,25.0608,1.3828,-2.97649,0.86925,7337.56,0
3.42195,24.9809,1.09895,-2.95776,0.657187,7300.19,0
3.42845,24.8402,1.12989,-2.8083,0.407224,7245.31,0
3.43492,24.8499,1.23408,-2.45703,0.394222,7234.5,0
3.44144,24.9047,1.1706,-2.38062,0.445934,7236.71,0
3.44797,24.8113,1.0249,-2.36366,0.271539,7195.91,0
3.45449,25.0932,1.06316,-2.52849,0.665506,7263.93,0
3.461,25.2879,0.956151,-2.10109,0.852862,7306.53,0
3.46748,25.5557,1.30373,-2.12758,1.11183,7370.11,0
3.47401,25.6841,1.00589,-2.17235,1.17238,7393.21,0
3.48055,25.9514,0.927086,-2.20702,1.36621,7456.12,0
3.48703,25.7921,0.726741,-2.03192,0.960146,7396.58,0
3.49357,26.0941,0.968351,-1.9773,1.26097,7469.18,0
3.50004,26.2567,1.00323,-1.89621,1.3539,7501.81,0
3.50656,26.4906,1.15953,-2.05547,1.46948,7554.57,0
3.51304,26.35,1.32396,-1.93074,1.05858,7500.64,0
3.51954,26.5627,1.31378,-1.74611,1.23995,7547.21,0
3.52606,26.517,1.31771,-1.64409,1.00444,7520.29,0
3.53255,26.567,1.56529,-1.52111,0.941024,7520.62,0
3.53911,26.8276,0.997274,-1.44698,1.20644,7580.32,0
3.54563,26.7494,1.2079,-1.40235,0.937639,7544.31,0
3.55211,26.4317,0.877148,-1.57151,0.401023,7441.14,0
3.5586,26.3254,0.716432,-1.68383,0.229379,7397.69,0
3.56514,26.5241,0.955463,-1.4248,0.493525,7439.86,0
3.57164,26.6724,0.960552,-1.47181,0.66084,7467.83,0
3.57811,26.4633,1.28209,-1.68164,0.292837,7395.88,0
3.58464,26.7815,1.2238,-1.61166,0.714633,7471.18,0
3.59116,26.444,1.32294,-1.63982,0.159137,7363.62,0
3.59765,26.4656,1.08463,-1.47049,0.185292,7356.37,0
3.60417,26.4941,1.01253,-1.30536,0.205858,7350.94,0
3.6107,26.4443,1.15149,-1.43628,0.122914,7323.88,0
3.61724,26.4576,1.29161,-1.55993,0.136999,7314.31,0
3.62377,26.5396,1.23972,-1.471,0.24637,7323.75,0
3.63028,26.5302,1.03159,-1.40191,0.218569,7308.03,0
3.63673,26.5042,0.867435,-1.30106,0.171715,7287.91,0
3.64328,26.9669,0.526713,-1.45164,0.825739,7401.82,0
3.64977,26.8956,0.476119,-0.826884,0.641348,7369.12,0
3.65631,26.9029,0.727035,-0.409116,0.570635,7357.94,0
3.66282,26.784,0.641624,-0.271962,0.336594,7312.41,0
3.66931,26.668,0.570484,-0.0772055,0.151308,7267.85,0
3.67585,26.7295,0.572871,-0.185228,0.238754,7271.66,0
3.68234,26.8743,0.48109,-0.198186,0.439232,7298.16,0
3.6888,26.6094,0.48356,-0.17677,0.0207287,7213.55,0
3.69532,26.7902,0.250428,-0.219858,0.278889,7249.77,0
3.70186,26.8003,0.449302,-0.544367,0.259157,7239.68,0
3.70833,26.8836,0.362119,-0.454344,0.367199,7249.5,0
3.71485,26.9107,0.415876,-0.458361,0.380037,7244.1,0
3.72134,27.2857,0.364509,-0.240254,0.868547,7332.23,0
3.7278,27.2232,0.387402,-0.563399,0.6929,7302.75,0
3.73424,27.2653,0.169774,-0.611375,0.688264,7301.45,0
3.74073,27.3928,-0.076415,-0.538825,0.780383,7322.85,0
3.74725,27.3262,-0.200753,-0.332498,0.599062,7292.34,0
3.75375,27.3396,-0.348228,-0.293847,0.550383,7283.29,0
3.76026,27.0045,-0.457112,-0.171645,0.0191513,7181.56,0
3.76677,27.0172,-0.44329,-0.0259497,0.0358678,7172.51,0
3.77336,27.1908,-0.445049,-0.155052,0.292067,7205.98,0
3.77983,27.4397,-0.388815,-0.220497,0.617167,7259.5,0
3.78638,27.3293,-0.340077,-0.126571,0.393073,7217.78,0
3.79286,27.4516,-0.341033,-0.2819,0.542066,7237.7,0
3.79937,27.3521,-0.0642826,-0.291873,0.348528,7199.12,0
3.80584,27.6713,-0.147964,-0.482106,0.770852,7270.74,0
3.81233,27.8308,0.0198638,-0.477223,0.89366,7300.2,0
3.8188,27.6434,0.0558109,-0.771219,0.547966,7238.77,0
3.82535,27.7386,0.508409,-0.638986,0.623937,7251.26,0
3.83184,27.6235,0.472314,-0.409821,0.414387,7208.95,0
3.83832,27.5944,0.594364,-0.478783,0.34459,7189.2,0
3.84482,27.8691,0.566106,-0.0728022,0.701495,7248.47,0
3.85131,28.1906,0.771228,-0.388823,1.05164,7319.74,0
3.85785,28.1817,0.774198,-0.0543791,0.928827,7305.02,0
3.86435,28.1676,0.570248,-0.439649,0.810032,7289.1,0
3.87086,28.2273,0.408349,-0.592687,0.784981,7292.25,0
3.87734,28.2673,0.537016,-0.612626,0.764988,7290.37,0
3.88386,28.753,0.413112,-0.477173,1.31605,7403.22,0
3.89037,29.0128,0.46878,-0.434979,1.50766,7457.6,0
3.89688,28.9153,0.555247,-0.522302,1.18585,7420.1,0
3.90335,28.7884,1.20952,-0.372781,0.864952,7375.32,0
3.90991,28.6514,1.33916,-0.372328,0.585343,7327.9,0
3.91642,28.9765,1.30266,-0.00716811,0.981602,7398.73,0
3.92293,29.4208,1.29374,0.0104787,1.48995,7499.7,0
3.92948,29.568,1.34987,0.227156,1.493,7524.67,0
3.93598,29.7663,0.979554,0.306013,1.57132,7562.61,0
3.94243,29.5578,0.810729,0.265352,1.07733,7497.34,0
3.94891,29.4796,1.1106,0.23299,0.848866,7465.24,0
3.95542,29.519,0.965176,0.39815,0.776849,7462.92,0
3.96194,29.6289,0.843482,0.19253,0.833957,7478.39,0
3.96845,29.5196,0.745736,0.0535247,0.580702,7438.57,0
3.97496,29.6886,0.743815,0.379654,0.739605,7468.89,0
3.98148,29.6386,0.697493,0.30127,0.614819,7444.1,0
3.98803,29.7373,0.585523,0.541546,0.689074,7456.66,0
3.99453,29.734,0.943165,0.337468,0.624061,7443.68,0
4.00102,30.1459,1.05834,0.0857271,1.12743,7534.54,0
4.00754,29.8949,1.06312,0.441996,0.616387,7459.67,0
4.01407,30.0676,1.18364,0.0210893,0.805423,7490.55,0
4.02057,30.0312,1.72883,-0.198319,0.667317,7469.38,0
4.02708,30.1628,2.04535,0.023491,0.781509,7490.01,0
4.03359,30.3721,2.0873,0.00213417,0.981882,7529.8,0
4.04011,30.2548,2.24076,-0.350462,0.690374,7488.61,0
4.04662,30.1415,1.86992,-0.0614716,0.462902,7448.55,0
4.05308,30.0892,1.74024,-0.196267,0.365126,7423.78,0
4.05959,30.0011,2.1384,-0.11033,0.21803,7390.17,0
4.0661,29.909,2.04024,-0.235019,0.0758143,7355.7,0
4.0726,29.9371,1.96874,-0.243354,0.114257,7350.85,0
4.0791,29.9349,1.94986,-0.248777,0.105522,7338.59,0
4.08559,30.0195,1.80664,-0.283924,0.221771,7347.65,0
4.0921,30.0927,1.99884,-0.440624,0.305792,7353.87,0
4.09862,30.042,1.86071,-0.292605,0.198867,7329.78,0
4.10511,30.0657,1.73806,-0.240157,0.22616,7323.96,0
4.11164,30.2034,1.95441,-0.131612,0.409523,7345.83,0
4.11814,30.104,1.77948,-0.0751243,0.241515,7310.1,0
4.12464,30.3083,1.84109,0.106989,0.522981,7348.11,0
4.13114,30.1186,1.80182,0.280915,0.222337,7290.62,0
4.13768,30.1108,1.84238,0.225997,0.203189,7277.21,0
4.14417,30.2452,1.81821,0.104908,0.392961,7298.26,0
4.15069,30.2234,1.92718,0.225484,0.340244,7281.54,0
4.15722,30.2353,1.5609,0.362804,0.335316,7272.97,0
4.16374,30.2261,1.75725,0.523042,0.292111,7259.37,0
4.17027,30.2334,1.7477,0.581812,0.279481,7249.74,0
4.17677,30.3287,1.89065,0.633792,0.400307,7261.28,0
4.18332,30.169,1.85636,0.459042,0.144239,7211.75,0
4.18985,30.3028,1.73174,0.62516,0.33668,7232.43,0
4.19634,30.4354,1.88856,0.422447,0.501009,7252.84,0
4.20288,30.5552,1.72489,0.53148,0.611996,7270.07,0
4.20936,30.4717,1.99972,0.746775,0.443693,7239.05,0
4.21586,30.6511,1.86861,0.901902,0.647746,7270.43,0
4.22237,30.783,2.05152,0.593616,0.768687,7290.45,0
4.22889,30.6097,2.32384,0.634085,0.424132,7238.23,0
4.23545,30.7516,2.16573,0.548761,0.587273,7260.53,0
4.24198,30.7633,2.14277,0.826831,0.56518,7252.12,0
4.24847,30.7482,2.24438,0.988943,0.48469,7237.47,0
4.25497,31.0152,2.2641,0.778574,0.821291,7289.18,0
4.26147,31.0438,2.30268,0.924754,0.771432,7284.77,0
4.26795,31.0577,2.23548,0.864687,0.697907,7276.97,0
4.27447,31.3363,2.46971,1.22578,1.03,7331.03,0
4.28098,31.2975,2.35846,1.41446,0.853559,7310.83,0
4.28747,31.2806,2.74258,1.14709,0.720495,7295.84,0
4.29397,31.1747,2.60186,1.41227,0.488832,7260.11,0
4.30043,31.2818,2.78034,1.2725,0.601078,7274.12,0
4.30697,31.4237,2.95761,1.35309,0.768263,7296.01,0
4.31346,31.3472,2.9984,1.48531,0.572959,7267.29,0
4.31997,31.2139,3.13659,1.3067,0.317354,7225.5,0
4.32645,31.2601,3.13322,1.46331,0.363015,7225.35,0
4.33294,31.3682,3.04345,1.40308,0.480986,7239.46,0
4.33946,31.3961,2.95822,1.63818,0.475319,7235.04,0
4.34593,31.2874,2.94298,1.72721,0.278315,7199.26,0
4.35242,31.2903,2.84286,1.80329,0.263923,7189.18,0
4.35894,31.4829,2.78532,1.97915,0.51906,7222.62,0
4.36544,31.5268,2.76645,2.04139,0.523231,7221.89,0
4.37195,31.4526,2.6315,1.95782,0.381472,7194.19,0
4.37848,31.429,2.55034,1.94392,0.306699,7178.05,0
4.38501,31.3807,2.45148,1.73446,0.222001,7156.37,0
4.3915,31.4956,2.51469,1.51064,0.368797,7171.94,0
4.39802,31.3769,2.36313,1.46017,0.151102,7134.33,0
4.40452,31.5997,2.58759,1.6111,0.461623,7174.37,0
4.41103,31.4206,2.50078,1.61966,0.179794,7123.19,0
4.41756,31.5732,2.64654,1.82165,0.390677,7147.22,0
4.42403,31.461,3.01156,1.75467,0.212313,7111.39,0
4.43053,31.6439,3.227,1.67768,0.452895,7142.24,0
4.43699,31.8394,3.28181,1.91077,0.689394,7175.92,0
4.44346,31.6073,2.9512,1.91258,0.298411,7113.22,0
4.44999,31.5151,2.90056,1.92201,0.149384,7082.07,0
4.45653,31.5683,2.75496,1.87561,0.209015,7083.61,0
4.46308,31.7125,2.56656,1.83575,0.40098,7105.52,0
4.46957,31.9761,2.47841,2.0263,0.749276,7154.18,0
4.47606,31.7663,2.72212,2.34483,0.388907,7096.93,0
4.48257,31.7259,2.62163,2.28765,0.309894,7077.62,0
4.4891,32.0423,2.85223,2.31079,0.743913,7137.8,0
4.49563,32.2693,3.20329,2.61915,0.965812,7177.92,0
4.50206,32.6454,3.19209,2.5065,1.3635,7251.21,0
4.50858,32.9816,2.96397,2.66488,1.60354,7315.29,0
4.5151,33.0717,2.94357,2.87661,1.49864,7324.69,0
4.52162,33.5172,2.71663,3.03975,1.90033,7412.65,0
4.52815,33.3506,2.83956,3.01087,1.38266,7365.17,0
4.53471,33.5031,3.33508,3.20997,1.37438,7388.15,0
4.54117,33.2291,3.30091,3.01548,0.83281,7317.3,0
4.54765,32.9529,3.08479,2.82891,0.355011,7246.14,0
4.55416,33.3046,3.10998,2.89039,0.836388,7313.01,0
4.56063,33.195,3.34023,2.92673,0.571563,7278.59,0
4.56714,33.0791,3.35811,2.93006,0.372069,7242.85,0
4.57369,33.1322,3.33024,3.08593,0.418235,7244.1,0
4.5802,33.3094,3.53239,2.95685,0.643632,7272.49,0
4.58669,33.4321,3.27055,2.82752,0.762063,7288.93,0
4.59321,33.4036,3.2974,2.98038,0.629587,7272.38,0
4.59972,33.4895,3.26124,2.99168,0.707609,7280.77,0
4.60623,33.8374,3.5197,2.98707,1.1387,7346.01,0
4.61274,34.0157,3.25319,3.08877,1.23059,7374.28,0
4.61928,33.6767,3.44036,3.12426,0.614118,7290.47,0
4.62576,33.9103,3.65525,3.15434,0.904645,7330.75,0
4.63227,34.5697,3.50356,3.04288,1.67852,7462.79,0
4.63874,34.5865,3.6279,2.8493,1.50525,7456.02,0
4.64521,34.67,3.60505,2.97608,1.41523,7463.6,0
4.65169,35.0186,3.50681,3.07263,1.68396,7528.15,0
4.65821,35.2062,3.15823,3.01752,1.67499,7557.89,0
4.66471,34.9311,3.36662,2.85965,1.04478,7488.38,0
4.67124,34.8669,3.402,2.77433,0.829108,7464.16,0
4.67775,34.8969,3.21489,2.82859,0.798583,7460.19,0
4.68426,34.9372,3.08303,2.82021,0.76644,7458.42,0
4.69076,34.7278,2.82369,2.73186,0.404106,7403.44,0
4.69727,34.5726,2.87922,2.89455,0.144229,7360.15,0
4.70379,34.7035,3.05219,3.07331,0.322456,7377.78,0
4.71032,34.7117,2.74373,3.12789,0.298339,7369.28,0
4.7168,34.7038,2.52972,3.06205,0.267639,7357.5,0
4.72331,34.5907,2.51045,2.92994,0.0896355,7323.4,0
4.72986,34.679,2.7324,2.86345,0.214423,7331.93,0
4.73636,35.1858,2.18721,2.56609,0.895388,7428.87,0
4.74291,35.5205,2.03176,2.3866,1.27515,7489.18,0
4.74943,35.4236,2.21042,2.58414,1.01818,7458.5,0
4.75597,35.2457,2.53004,2.68836,0.63992,7410.84,0
4.7625,35.1495,2.562,2.82418,0.448928,7380.48,0
4.76899,35.2694,2.68213,2.92736,0.578013,7395.58,0
4.77544,35.1647,2.49523,2.96311,0.374296,7363.66,0
4.78197,35.1903,2.81258,2.99917,0.392662,7358.95,0
4.78848,35.291,2.89409,2.95428,0.50705,7369.98,0
4.79499,35.1207,2.8067,2.8584,0.21737,7324.44,0
4.80148,35.1804,2.83469,2.64416,0.29838,7326.99,0
4.80796,35.0989,2.96389,2.74186,0.158628,7300.17,0
4.8145,35.0574,2.78776,2.79698,0.088154,7281.64,0
4.82103,35.1261,2.58206,2.86792,0.18254,7286,0
4.82753,35.0878,2.71944,2.8068,0.116048,7268.26,0
4.83405,35.179,2.83333,2.80211,0.248407,7277.34,0
4.84053,35.1415,2.77538,3.04096,0.176651,7259.85,0
4.84707,35.2248,2.90643,3.03273,0.273412,7267.25,0
4.85358,35.1255,2.82972,2.92567,0.116907,7237.03,0
4.86006,35.1696,2.76722,2.93329,0.174134,7236.45,0
4.86656,35.2314,2.99099,2.55995,0.25907,7239.47,0
4.87309,35.1966,2.88301,2.60264,0.183105,7222.66,0
4.87959,35.1467,2.95229,2.58064,0.105088,7202.79,0
4.88609,35.3176,3.04816,2.52216,0.357486,7228.19,0
4.89259,35.2973,2.95235,2.43271,0.301647,7214.43,0
4.89912,35.1779,2.97911,2.36374,0.110786,7180.46,0
4.90567,35.1974,3.24134,2.4375,0.135682,7174.83,0
4.91221,35.1852,3.36585,2.69543,0.099364,7162.8,0
4.91873,35.217,3.24266,2.59039,0.141508,7159.77,0
4.92528,35.3465,3.17292,2.85966,0.330505,7176.55,0
4.93179,35.5357,3.14169,2.72914,0.57954,7205.44,0
4.93826,35.4597,3.29063,2.73044,0.440892,7180.6,0
4.9448,35.3827,3.46926,2.74227,0.293631,7155.53,0
4.95129,35.2782,3.50823,2.73776,0.124865,7125.05,0
4.95785,35.2437,3.31997,2.63,0.0601683,7108.66,0
4.96435,35.2467,3.50814,2.6948,0.0629975,7099.96,0
4.97092,35.2748,3.63515,2.90063,0.0999294,7096.24,0
4.97747,35.3509,3.59755,2.84283,0.207747,7102.19,0
4.98397,35.5797,3.4453,2.61655,0.530126,7138.84,0
4.99051,35.3614,3.40602,2.50027,0.162793,7085.74,0
4.99698,35.3849,3.36889,2.40661,0.189184,7081.26,0
5.00352,35.3692,3.49752,2.39356,0.148807,7068.87,0
5.01003,35.3366,3.5632,2.38157,0.0968377,7053.16,0
5.01653,35.4506,3.50111,2.50165,0.254525,7066.75,0
5.02302,35.7369,3.90409,2.48195,0.647046,7114.61,0
5.02952,35.9047,4.1369,2.57008,0.807725,7138.79,0
5.03602,35.6291,4.09568,2.34517,0.337721,7074.86,0
5.0425,35.6249,3.93594,2.29966,0.303835,7064.92,0
5.04901,35.7109,3.8767,2.35677,0.400992,7072.86,0
5.05552,35.6696,4.0652,2.24431,0.315262,7055.58,0
5.06202,35.7096,4.30753,2.4194,0.347323,7054.42,0
5.06854,35.6685,4.23652,2.24395,0.266079,7037.24,0
5.07503,35.9905,4.00786,1.98703,0.715909,7091.68,0
5.08156,36.0743,4.57829,2.0126,0.773513,7099.07,0
5.08808,36.298,4.57461,2.13963,1.00646,7133.93,0
5.09457,36.1231,4.4307,2.17289,0.6447,7090.5,0
5.10105,35.8437,4.3997,2.11623,0.199832,7026.73,0
5.10757,35.8771,4.09445,2.33407,0.235684,7024.3,0
5.1141,35.8582,4.03655,2.40061,0.192211,7011.63,0
5.12054,35.7828,3.75504,2.35424,0.0730572,6988.09,0
5.12703,35.8126,3.74944,2.30649,0.115102,6985.06,0
5.13354,35.8247,3.88925,2.03961,0.126405,6978.56,0
5.14006,35.9496,4.07073,2.1224,0.301559,6994,0
5.14654,35.9674,4.06894,1.91548,0.306252,6988.66,0
5.15305,36.0657,3.7612,1.9706,0.425389,6998.9,0
5.15955,36.3664,3.69503,2.00722,0.814418,7048.37,0
5.16607,36.5031,3.8477,2.08726,0.930915,7065.93,0
5.17257,36.3571,3.87438,1.9694,0.622602,7028.83,0
5.17904,36.4245,3.73143,1.73883,0.669643,7033.06,0
5.18558,36.8447,3.57966,1.38664,1.14927,7105.21,0
5.19211,36.8407,3.32374,1.40702,1.00991,7095.52,0
5.19863,37.1411,3.46074,1.32896,1.29001,7144.39,0
5.20517,37.1104,3.38871,1.11176,1.1036,7129.51,0
5.21169,37.2607,3.33235,1.06988,1.17406,7149.45,0
5.2182,37.3582,3.59413,1.09684,1.14315,7159.21,0
5.22471,37.5654,3.85292,1.26528,1.24317,7189.95,0
5.23123,37.8454,3.97114,1.26121,1.44523,7234.51,0
5.23775,37.7982,3.96897,1.66748,1.19669,7216.5,0
5.24427,37.722,3.7663,1.68896,0.940675,7192.98,0
5.25076,37.7686,3.62801,1.82761,0.903071,7192.99,0
5.25726,37.4959,3.73081,1.90623,0.416735,7132.22,0
5.26375,37.7051,3.62034,1.7803,0.684251,7163.16,0
5.27026,38.0664,3.43575,1.8005,1.1099,7222.86,0
5.2768,38.0147,3.36575,1.65835,0.904308,7204.11,0
5.28332,38.3218,3.0307,1.61564,1.21588,7253.35,0
5.28984,38.2205,2.72768,1.6674,0.918859,7225.27,0
5.29632,38.2874,2.82863,1.57527,0.900353,7229.06,0
5.30284,38.4238,2.81076,1.39136,0.987702,7245.9,0
5.30938,38.4681,2.82159,1.35816,0.896554,7245.32,0
5.31584,38.562,2.56844,1.4895,0.929045,7254.16,0
5.32239,38.5149,2.40466,0.958161,0.752288,7236.4,0
5.3289,38.4468,2.09873,1.03289,0.584859,7214.78,0
5.33541,38.4915,2.06695,1.00145,0.597666,7214.36,0
5.34193,38.2004,2.0703,0.921554,0.13305,7151.05,0
5.34848,38.2445,2.11483,0.942565,0.188591,7150.54,0
5.355,38.258,2.06518,0.836647,0.194433,7144.35,0
5.3615,38.2653,2.09499,1.03248,0.200709,7137.06,0
5.36804,38.3053,2.2178,1.27291,0.230656,7135.79,0
5.37458,38.4389,2.26892,1.34454,0.411032,7151.98,0
5.38107,38.5319,1.83481,1.28792,0.509131,7160.64,0
5.38756,38.3392,2.04228,1.29786,0.192101,7116.23,0
5.39408,38.4401,2.00128,1.56825,0.32806,7126.36,0
5.40059,38.4921,2.09805,1.14516,0.371506,7127.39,0
5.40711,38.6252,2.06933,1.02664,0.527776,7143.42,0
5.4136,38.5539,1.90754,1.30405,0.373116,7121.68,0
5.4201,38.5635,1.97452,1.35078,0.35831,7114.92,0
5.42657,38.9918,2.08059,1.045,0.946873,7185.35,0
5.43307,38.9255,1.74187,1.32489,0.759854,7164.55,0
5.4396,39.146,1.7037,0.947172,0.987579,7196.48,0
5.44614,39.1526,1.86808,1.1247,0.87865,7189.06,0
5.45265,39.2517,1.7413,1.06579,0.91225,7198.65,0
5.45916,39.4738,2.12749,1.16235,1.09815,7230.75,0
5.46562,39.7048,2.11821,1.40947,1.26099,7264.47,0
5.47217,39.9065,2.26627,1.68326,1.34811,7292.63,0
5.47867,39.6319,2.27986,1.83467,0.784547,7233.86,0
5.48514,39.8158,2.58761,1.77076,0.937494,7258.84,0
5.49165,39.797,2.55299,1.70448,0.793795,7246.83,0
5.49813,40.106,2.49743,1.97278,1.14494,7294.48,0
5.50462,39.9496,2.6856,1.97048,0.788195,7257.45,0
5.51112,39.8755,2.85804,1.91785,0.595912,7235.46,0
5.5176,39.9243,2.49512,1.698,0.602423,7235.81,0
5.52412,39.812,2.37357,1.53459,0.384257,7206.95,0
5.53063,39.8053,2.32365,1.65721,0.342741,7197.24,0
5.53717,40.249,2.07667,1.2918,0.894845,7268.88,0
5.54371,40.4805,2.0984,0.922761,1.09725,7302.06,0
5.55019,40.3586,1.86538,0.871361,0.800828,7271.57,0
5.55667,40.5902,1.42857,1.11326,1.04079,7304.77,0
5.56321,40.8387,1.38197,1.04413,1.24037,7340.85,0
5.56968,40.9117,1.82495,0.915299,1.18568,7345.43,0
5.57623,41.1472,1.94874,0.959012,1.38624,7379.04,0
5.58272,41.0137,1.86722,0.872826,0.99307,7346.54,0
5.5892,40.7484,2.05043,1.09226,0.523611,7290.56,0
5.59571,40.8701,2.17601,1.2989,0.661108,7303.83,0
5.60218,41.111,2.04346,1.50683,0.929392,7338.4,0
5.60869,41.1095,2.2798,1.35058,0.819607,7329.62,0
5.61519,41.2834,2.31287,1.27463,0.965015,7352.1,0
5.62173,41.5131,2.11269,1.16561,1.14405,7384.39,0
5.62823,41.7042,2.3008,1.10964,1.28066,7409.83,0
5.63472,41.4119,2.19919,1.50783,0.710296,7349.42,0
5.64124,41.6286,2.24878,1.4591,0.94612,7379.34,0
5.64774,41.5617,2.31674,1.49831,0.752288,7358.99,0
5.65428,41.4855,2.17451,1.50196,0.541521,7337.01,0
5.66082,41.5164,2.30771,1.30936,0.538966,7334,0
5.66735,41.4419,2.56328,1.42315,0.382854,7312.4,0
5.67384,41.4382,2.54902,1.61633,0.349154,7303.39,0
5.68034,41.6525,2.33645,1.69978,0.632434,7332.75,0
5.68684,41.83,2.27396,1.39331,0.814239,7355.58,0
5.69335,41.7282,2.38909,1.7305,0.591303,7329.3,0
5.69982,41.6248,2.53798,1.70619,0.376173,7302.83,0
5.7063,41.6495,2.60271,1.62899,0.387986,7298.86,0
5.71283,41.5742,2.80589,1.4553,0.255095,7277.35,0
5.71927,41.6129,2.71577,1.55378,0.289033,7275.9,0
5.7258,41.8328,2.92687,1.63933,0.58241,7306.01,0
5.73231,41.7999,2.75411,1.60044,0.477939,7291.98,0
5.73884,41.9414,2.66107,1.4383,0.641133,7308.35,0
5.74537,41.8335,2.63309,1.60815,0.431414,7281.26,0
5.75185,41.8993,2.93497,1.64494,0.487857,7284.49,0
5.75835,41.8639,2.82007,1.72187,0.373633,7270.13,0
5.76485,41.6762,2.94576,1.77491,0.0812683,7229.37,0
5.77137,41.8056,2.91983,1.96843,0.263561,7243.62,0
5.77785,41.9717,3.1876,2.31067,0.462441,7264.24,0
5.78435,42.1851,3.31991,2.39725,0.722417,7292.97,0
5.79085,42.1317,3.39293,2.69915,0.550511,7275.56,0
5.79735,41.8378,3.41349,2.54318,0.0845354,7216.71,0
5.80387,41.9127,3.43081,2.45526,0.184043,7221.51,0
5.81032,41.8406,3.29366,2.37908,0.065238,7201.09,0
5.81679,41.9598,3.18573,2.48666,0.23944,7213.57,0
5.82329,42.0084,3.25107,2.3988,0.277455,7213.85,0
5.82981,42.101,3.3913,2.63643,0.38446,7221.68,0
5.83631,42.4696,3.60973,2.47695,0.85859,7276.78,0
5.84288,42.235,3.8156,2.54423,0.434773,7228.46,0
5.8494,42.3152,3.5037,2.43901,0.496877,7234.11,0
5.85588,42.4723,3.21425,2.38925,0.683847,7252.93,0
5.8624,42.4991,3.15661,2.10049,0.640236,7249.42,0
5.86888,42.7855,3.3186,2.23882,0.967475,7290.23,0
5.87538,42.8371,3.38052,2.28553,0.95244,7290.95,0
5.88188,42.7409,3.58763,1.98107,0.702901,7266.54,0
5.88837,42.7007,3.40956,2.13114,0.576921,7251.7,0
5.89495,42.7431,3.37175,2.33459,0.566969,7250.8,0
5.90146,42.6203,3.41112,2.35594,0.339601,7222,0
5.90797,42.6246,3.54023,2.43932,0.329362,7214.76,0
5.91447,42.5387,3.78461,2.58007,0.186513,7192.31,0
5.92093,42.6915,3.91659,2.13475,0.384737,7210.27,0
5.92743,42.8504,3.92982,1.91018,0.569745,7229.17,0
5.93392,42.9722,3.87013,1.75174,0.673159,7241.79,0
5.9404,43.4184,3.98159,1.58808,1.21606,7309,0
5.94688,43.4418,4.06133,1.67916,1.07944,7304.98,0
5.95343,43.6632,4.26071,2.26871,1.23145,7334.12,0
5.95992,43.5631,4.58778,2.28245,0.944911,7309.34,0
5.96643,43.6419,4.40321,2.29892,0.923648,7314.58,0
5.97292,43.7006,4.24526,2.41025,0.855753,7316.45,0
5.97943,43.6151,4.32111,2.15043,0.652705,7294.19,0
5.98589,43.5933,4.12551,2.12509,0.57229,7282.67,0
5.99237,43.695,4.33149,1.97549,0.669167,7291.78,0
5.99889,44.0001,4.44619,2.12815,1.01449,7334.71,0
6.00539,43.8759,4.50005,2.16106,0.724184,7306.09,0
6.01186,43.7138,4.60934,2.24484,0.429957,7271.26,0
6.01835,43.7915,4.43589,2.31563,0.486005,7276.33,0
6.02484,43.7949,4.37015,2.24635,0.421635,7269.06,0
6.03137,43.6043,4.62205,2.47761,0.119069,7229.58,0
6.03789,44.051,4.57796,2.74073,0.754724,7295.77,0
6.04443,44.0333,4.53447,2.41166,0.645792,7284.94,0
6.05095,44.1723,4.74296,2.31293,0.778372,7300.07,0
6.05744,44.1513,4.62457,2.58128,0.664758,7288.77,0
6.06393,44.2606,4.66866,2.82774,0.753238,7299,0
6.07046,44.2762,4.88389,2.85371,0.703557,7293.72,0
6.07697,44.0602,4.81477,2.58903,0.333022,7250.36,0
6.08349,44.1842,5.15083,2.55396,0.48131,7262.97,0
6.08998,44.0229,5.33419,2.71947,0.215325,7228.73,0
6.09645,44.2153,5.22819,2.77937,0.49197,7252.64,0
6.10294,44.3287,5.27982,3.03835,0.617551,7263.5,0
6.1095,44.0686,5.20731,2.8227,0.198656,7213.13,0
6.11602,44.2027,5.21037,2.37377,0.382153,7227.36,0
6.12256,44.1904,5.21709,2.54549,0.336944,7217.65,0
6.12905,44.3265,4.8948,2.46929,0.513566,7232.2,0
6.13553,44.2086,4.52295,2.45623,0.308955,7205.34,0
6.14206,44.6167,4.72484,2.31363,0.857698,7264.13,0
6.14859,44.4733,4.98941,2.14879,0.564581,7233.1,0
6.15505,44.6638,4.92813,2.26335,0.766331,7256.44,0
6.1615,44.6308,5.26441,2.06776,0.632944,7243.49,0
6.16802,44.6536,5.29858,1.90017,0.60963,7239.54,0
6.17456,44.95,5.37538,1.95878,0.943082,7279.87,0
6.18101,45.1613,5.60405,1.796,1.11881,7306.45,0
6.18751,45.4461,5.39377,1.91546,1.34747,7344.81,0
6.19405,45.5185,5.12571,2.0976,1.27195,7348.74,0
6.20052,45.5041,5.10866,2.01881,1.07039,7338.74,0
6.20705,45.7995,4.92298,1.87312,1.33364,7378.62,0
6.21357,45.7616,4.6658,1.94713,1.08502,7364.78,0
6.22004,45.2826,4.95898,1.96697,0.304641,7280.12,0
6.2265,45.0926,5.03809,2.1895,0.00721349,7242.05,0
6.23297,45.3665,4.64661,2.38441,0.407191,7278.47,0
6.23948,45.4228,4.80206,2.12706,0.460986,7279.89,0
6.24594,45.4857,4.69666,2.195,0.509659,7282.44,0
6.25242,45.4867,4.77027,2.09671,0.479867,7275.05,0
6.25896,45.2994,4.62922,2.33655,0.177844,7237.53,0
6.26546,45.2601,4.62575,2.29301,0.111373,7223.75,0
6.27199,45.4731,4.63513,2.46041,0.407467,7250.19,0
6.27853,45.4191,4.66224,2.75614,0.302985,7234.03,0
6.28506,45.5735,4.58014,2.63627,0.495813,7251.09,0
6.29159,45.5433,4.71054,2.31131,0.423791,7238.76,0
6.29811,45.5713,4.67714,2.27705,0.409805,7235.71,0
6.30463,45.4568,4.70627,2.40268,0.214891,7210.06,0
6.31115,45.4699,4.68588,2.25208,0.225178,7204.69,0
6.31766,45.469,4.50581,2.35703,0.202408,7197.13,0
6.32416,45.6274,4.3879,2.44977,0.407458,7214.78,0
6.33063,45.7443,4.77743,2.52217,0.544021,7225.86,0
6.33713,45.9883,4.91271,2.64092,0.843924,7256.96,0
6.34364,45.6231,4.84468,2.41359,0.24812,7191.93,0
6.35015,45.4705,4.84184,2.33396,0.0129762,7160.54,0
6.35662,45.5544,4.83214,2.52194,0.131062,7166.44,0
6.36312,45.8661,4.74904,2.56752,0.560077,7208.1,0
6.36963,45.916,4.76899,2.46008,0.581226,7208.59,0
6.37612,45.8778,4.6896,2.56174,0.467468,7195.25,0
6.38261,46.1461,4.70125,2.46814,0.812502,7229.97,0
6.38915,46.2512,4.57839,2.36877,0.861636,7239.03,0
6.39563,46.0726,4.93485,2.54868,0.523046,7203.76,0
6.40206,46.0896,5.19662,2.77068,0.494799,7199.19,0
6.40855,46.0464,5.11455,2.77401,0.388627,7185.15,0
6.41505,46.2668,4.98088,3.01838,0.659663,7212.23,0
6.42159,46.1701,4.96351,3.17336,0.47483,7189.81,0
6.42811,46.0383,4.82067,3.18119,0.259815,7162.02,0
6.43461,46.0837,5.01174,3.3306,0.310135,7161.85,0
6.44109,45.9966,4.91512,3.26969,0.172478,7141.12,0
6.4476,46.0826,4.85985,3.2378,0.283235,7147.24,0
6.45413,46.3429,4.87004,3.53859,0.631484,7180.35,0
6.46066,46.579,5.07129,3.33564,0.901672,7209.63,0
6.46716,46.798,5.20476,3.43537,1.10696,7236.26,0
6.47369,46.9323,5.2794,3.29422,1.14438,7249.69,0
6.48021,47.0813,5.37655,3.33123,1.20167,7265.39,0
6.48675,47.0311,5.49586,3.66866,0.978688,7250.33,0
6.49326,47.2914,5.3287,3.90777,1.16224,7283.15,0
6.49982,47.2271,5.39999,3.74835,0.934222,7265.9,0
6.50632,47.2936,5.17636,3.6732,0.915312,7268.87,0
6.51283,47.1737,4.8928,3.73023,0.630612,7243.19,0
6.51935,47.5955,4.50874,4.18156,1.1291,7300.66,0
6.52585,47.4044,4.21605,3.90353,0.729126,7264.1,0
6.53237,47.2394,4.13887,4.00266,0.434579,7231.59,0
6.53889,47.2601,4.03497,4.1547,0.404022,7227.55,0
6.54541,47.3658,3.80372,4.16255,0.525645,7236.49,0
6.55193,47.729,3.69739,3.90802,0.989081,7284.73,0
6.55844,47.9053,3.51737,3.96041,1.10522,7304.38,0
6.56494,47.8157,3.5926,3.9977,0.836766,7283.49,0
6.57148,48.0101,3.74704,3.8907,1.00222,7305.84,0
6.57797,47.8188,3.55033,3.77577,0.61076,7269.54,0
6.58448,47.6674,3.70201,3.98964,0.345254,7239.36,0
6.59099,47.5517,3.7972,4.06676,0.146689,7214.65,0
6.59747,47.6213,3.92556,4.22211,0.23665,7218.11,0
6.60396,47.6441,3.84935,4.32679,0.256162,7214.48,0
6.61041,47.7305,3.89931,4.14227,0.36737,7220.51,0
6.61695,47.8999,3.77242,4.14389,0.587378,7238.97,0
6.62348,47.7032,3.54836,3.99428,0.261203,7202.13,0
6.62998,47.9053,3.58216,3.66774,0.534036,7225.55,0
6.63653,47.618,3.50333,3.60901,0.0790862,7175.13,0
6.64304,47.9804,3.3733,3.55743,0.596286,7222.66,0
6.64952,47.8358,3.37557,3.2939,0.359497,7193.88,0
6.65598,47.8286,3.31922,3.4667,0.311291,7185.81,0
6.6625,48.0485,3.53891,3.53073,0.597049,7211.78,0
6.66899,47.801,3.32016,3.43041,0.191224,7167.66,0
6.67551,47.9357,3.3167,3.60475,0.368212,7180.83,0
6.682,48.244,3.55946,3.55044,0.77203,7219.99,0
6.6885,48.3122,3.43636,3.48315,0.772362,7223.17,0
6.695,48.1505,3.49509,3.58042,0.482629,7192.01,0
6.70152,48.199,2.91963,3.69352,0.505745,7192.25,0
6.70799,48.4198,2.71242,3.53571,0.78275,7218.23,0
6.71451,48.0917,2.54649,3.52387,0.257195,7162.35,0
6.72097,48.2882,2.50291,3.55053,0.52564,7184.72,0
6.72747,48.2333,2.59154,3.7323,0.408058,7169.6,0
6.73397,48.1936,2.48242,4.04431,0.325671,7156.79,0
6.74045,48.1094,2.87447,4.0244,0.168407,7137.42,0
6.74693,48.192,2.78621,4.1499,0.281083,7142.8,0
6.75348,48.0587,2.64657,4.18354,0.073557,7116.14,0
6.75996,48.2037,3.02559,4.27735,0.276191,7130.77,0
6.76648,48.4769,2.99944,4.06816,0.652823,7164.28,0
6.77299,48.2907,3.13018,3.79851,0.339974,7129.88,0
6.7795,48.3754,3.09889,3.98538,0.436482,7135.55,0
6.786,48.3216,3.31725,4.056,0.338782,7120.77,0
6.79256,48.2071,3.39286,4.15608,0.146604,7097.05,0
6.79907,48.5692,3.13648,4.21589,0.655309,7143.51,0
6.8056,48.6261,3.54693,4.08703,0.663529,7145.02,0
6.81213,48.8873,3.41065,4.17785,0.961713,7176.51,0
6.81862,48.9405,3.33746,4.19421,0.927903,7177.47,0
6.8251,48.9004,3.20512,4.53962,0.782922,7164.8,0
6.83161,48.8546,3.49609,4.4426,0.640904,7151.25,0
6.83815,49.2073,3.1825,4.57161,1.05269,7196.01,0
6.84464,49.4349,3.31231,4.41798,1.23633,7222.42,0
6.85116,49.4585,3.14317,4.22533,1.09064,7219,0
6.85768,49.1886,2.94807,4.01353,0.585362,7172.77,0
6.86419,49.0048,2.78714,4.21151,0.279162,7139.2,0
6.87071,49.024,2.64288,4.17248,0.298555,7135.22,0
6.87724,48.9958,2.48567,4.27672,0.242222,7124.34,0
6.88375,49.0264,2.71991,4.31443,0.268158,7122.05,0
6.89029,48.974,2.66672,4.20207,0.176549,7107.68,0
6.89678,49.1202,2.6922,4.18424,0.360497,7122.19,0
6.90333,49.1961,2.5653,4.10951,0.442863,7126.44,0
6.90989,49.4022,2.37412,4.16885,0.685584,7149.49,0
6.91641,49.9697,2.32936,4.02698,1.40469,7224.8,0
6.92293,49.8325,2.02932,4.21123,1.05419,7198.18,0
6.92946,49.8347,2.00901,4.10777,0.896242,7191.72,0
6.93595,49.8931,2.28747,4.50034,0.853627,7193.41,0
6.94243,49.7639,2.7662,4.42777,0.59621,7168.08,0
6.94896,49.9745,3.0041,4.59043,0.821916,7191.65,0
6.95552,49.7802,2.72698,4.3334,0.477357,7156.93,0
6.96201,49.8976,2.61463,4.20101,0.598855,7167.13,0
6.96855,49.9617,2.79513,4.34275,0.626659,7169.6,0
6.97505,49.9134,3.04433,4.19524,0.512172,7156,0
6.98154,50.032,2.92128,3.96542,0.636062,7166.32,0
6.98804,50.1313,2.48422,4.22033,0.727771,7173.88,0
6.99455,50.28,2.75155,4.30774,0.837813,7188.45,0
7.00101,50.0345,2.36963,4.28014,0.417205,7146.76,0
7.00749,49.9428,2.49876,3.87302,0.258279,7127.06,0
7.01405,49.8034,2.56609,3.68367,0.042665,7100.52,0
7.0206,49.8159,2.60554,3.74126,0.0571562,7095.68,0
7.02703,49.8496,2.45742,3.65437,0.105904,7093.98,0
7.03354,49.9184,2.62684,3.41746,0.195292,7097.2,0
7.04004,49.9886,2.80455,3.29819,0.287112,7100.61,0
7.04657,49.958,2.8238,3.35734,0.223377,7089.69,0
7.05308,50.1098,2.83954,3.59133,0.419184,7104.68,0
7.05958,50.1182,3.0001,3.57347,0.376446,7099.32,0
7.06608,50.2054,3.34285,3.59413,0.466997,7105.13,0
7.07259,50.3409,3.34454,3.27271,0.622897,7117.74,0
7.07912,50.5987,3.31244,3.18699,0.925205,7147.6,0
7.0856,50.3986,3.25625,2.94607,0.548839,7112.83,0
7.09212,50.2471,3.30591,2.68561,0.277298,7084.92,0
7.09863,50.5662,3.39976,2.59991,0.716087,7123.38,0
7.10513,50.2979,3.58412,2.47523,0.279833,7079.1,0
7.11166,50.5126,3.80679,2.5263,0.565801,7102.78,0
7.1182,50.4689,3.89643,2.47325,0.451135,7090.12,0
7.1247,50.5803,3.90736,2.73894,0.564057,7099.29,0
7.13122,50.69,3.95875,2.55951,0.662507,7108.18,0
7.13776,50.6874,3.78726,2.43973,0.56854,7101.3,0
7.14426,50.5621,3.7105,2.43735,0.342611,7077.3,0
7.15074,50.7393,3.92619,2.94596,0.560725,7095.67,0
7.1573,50.8286,4.13937,3.06934,0.652663,7101.64,0
7.16383,50.7693,4.20155,3.21886,0.504812,7086.9,0
7.17036,50.5809,4.64693,3.42138,0.200552,7054.16,0
7.17686,50.7118,4.95354,3.44437,0.37918,7066.01,0
7.18336,50.5627,4.87309,3.51697,0.131324,7038.86,0
7.18984,50.7774,4.97456,3.47723,0.429538,7062.38,0
7.19636,51.0124,4.7761,3.51713,0.714067,7088.64,0
7.20287,50.7811,4.56682,3.47758,0.323483,7050.13,0
7.20937,50.7874,4.68985,3.51811,0.311667,7044.64,0
7.21584,51.0058,4.74994,3.37326,0.589115,7068.59,0
7.2224,50.714,4.85321,3.21564,0.123103,7021.76,0
7.22887,50.8768,4.87728,2.99334,0.352564,7038.01,0
7.23535,50.7526,4.40505,3.10911,0.156108,7014.53,0
7.24179,50.8395,4.72147,2.98882,0.269695,7020.29,0
7.24831,51.5381,4.66038,2.82442,1.21628,7110.36,0
7.25482,51.4012,4.50391,2.82093,0.850737,7085.11,0
7.26131,51.4282,4.41276,2.7562,0.792388,7082.49,0
7.26788,51.5078,4.64025,2.82292,0.833536,7087.04,0
7.27433,51.6772,4.82796,2.95358,0.982548,7104.05,0
7.28085,51.5054,4.96021,2.85768,0.642762,7074.1,0
7.28737,51.3567,5.27799,2.87394,0.373321,7047.35,0
7.29388,51.3745,5.27943,2.93445,0.374202,7043.51,0
7.30042,51.3351,5.10631,2.71775,0.294636,7031.81,0
7.30692,51.3732,4.71729,2.48643,0.326226,7030.75,0
7.31345,51.2223,4.68602,2.56832,0.0913061,7003.85,0
7.31998,51.21,4.75145,2.61748,0.07134,6995.92,0
7.32651,51.301,4.88456,2.50415,0.202191,7002.1,0
7.33309,51.5327,4.94315,2.59567,0.529218,7027.42,0
7.33962,51.2943,4.64066,2.76404,0.152006,6988.69,0
7.34614,51.3872,4.52662,2.58098,0.280508,6995.12,0
7.35263,51.2837,4.3001,2.69154,0.115461,6974.88,0
7.35912,51.436,4.26776,2.44948,0.328879,6989.42,0
7.36561,51.2984,4.09892,2.45009,0.103379,6964.58,0
7.37212,51.4712,4.19845,2.65566,0.338699,6981.87,0
7.37861,51.5277,3.91785,2.79927,0.38978,6983.38,0
7.3851,51.5391,3.91791,2.89702,0.382362,6978.8,0
7.39165,51.5834,3.51827,2.85737,0.421867,6978.61,0
7.39808,51.4448,3.49044,2.93335,0.179084,6953.81,0
7.40458,51.6444,3.34108,2.9607,0.457451,6974.65,0
7.4111,51.5098,3.47295,2.93462,0.239461,6950.36,0
7.41761,51.3972,3.48699,2.98979,0.0649323,6929.07,0
7.42409,51.4474,3.6664,3.0099,0.137271,6929.79,0
7.43058,51.4358,3.58818,3.08525,0.11507,6922.18,0
7.43705,51.6905,3.52435,2.81776,0.476096,6950.4,0
7.4436,51.8493,3.59221,3.03304,0.659687,6965.62,0
7.45012,51.9171,3.56008,2.77955,0.677349,6968.62,0
7.45663,52.044,3.55756,2.86253,0.765431,6979.56,0
7.46313,52.0546,3.00845,2.79687,0.694862,6974.9,0
7.46965,51.8741,3.08542,2.71264,0.359611,6944.65,0
7.47619,52.202,2.88559,2.61709,0.803552,6982.44,0
7.48269,52.4899,2.81474,2.78869,1.1173,7014.85,0
7.48918,52.6063,2.89311,2.80493,1.12043,7024.31,0
7.49568,52.5212,2.67905,2.91509,0.884492,7006.86,0
7.50215,52.3703,2.75737,3.33274,0.58102,6980.7,0
7.50864,52.4028,2.64037,3.16422,0.57322,6979,0
7.51511,52.3819,2.54021,3.06802,0.486799,6970.21,0
7.52166,52.6561,2.38968,2.77207,0.824372,7000.59,0
7.52817,52.9766,2.17146,2.93171,1.15936,7037.12,0
7.53467,52.5755,1.90631,2.76762,0.444596,6977.81,0
7.54116,52.5799,1.88101,2.68,0.421378,6972.38,0
7.54768,52.3583,1.56716,2.65452,0.0670167,6937,0
7.55419,52.396,1.69474,2.65866,0.121554,6936.02,0
7.56069,52.5533,1.72938,2.7215,0.344709,6950.86,0
7.5672,52.3641,1.68123,2.86584,0.04274,6919.88,0
7.57372,52.4095,1.68154,3.04974,0.103093,6919.92,0
7.58024,52.4149,1.60695,3.24227,0.105565,6914.67,0
7.58674,52.4265,1.53899,2.95,0.109805,6910.29,0
7.59323,52.7796,1.82103,3.30666,0.602665,6950.88,0
7.59974,52.5126,1.93132,3.3089,0.153447,6909.79,0
7.60625,52.671,1.86934,3.29111,0.369497,6924.7,0
7.61274,52.4953,1.84752,3.22765,0.0903844,6895.72,0
7.61925,52.5245,1.77083,3.20145,0.131888,6893.67,0
7.62576,52.5111,1.82108,3.2985,0.107481,6886.02,0
7.63227,52.4445,1.98307,3.38034,0.00563176,6871.41,0
7.63881,52.6105,1.90549,3.46214,0.240052,6887.26,0
7.64528,52.6316,1.58012,3.77044,0.244985,6884.2,0
7.65182,52.7774,1.75548,3.52195,0.433465,6897.36,0
7.65833,52.8176,1.9088,3.39843,0.451506,6896.75,0
7.6648,52.6951,1.99121,3.56989,0.241592,6874.95,0
7.67129,53.0397,2.12489,3.38422,0.714656,6914.06,0
7.67776,53.1796,2.23511,3.36456,0.830935,6926.44,0
7.68426,53.5013,2.55638,3.36318,1.17125,6962.46,0
7.69074,53.396,2.43022,3.67448,0.854203,6942.9,0
7.69724,53.4287,2.40344,3.58336,0.806289,6941.28,0
7.70377,53.3836,2.34827,3.88451,0.647923,6929.54,0
7.71034,53.6383,2.32214,3.5801,0.95288,6956.66,0
7.71684,53.4869,2.35556,3.73515,0.642268,6931.19,0
7.72334,53.3763,2.52662,3.86712,0.419565,6911.05,0
7.72987,53.2502,2.48538,3.75035,0.204316,6888.88,0
7.73638,53.5669,2.56321,3.60869,0.644266,6924.03,0
7.7429,53.3816,2.64989,3.60557,0.338581,6894.26,0
7.74941,53.5765,2.64455,3.75955,0.603866,6913.63,0
7.75592,53.5032,2.64986,3.80978,0.446678,6898.37,0
7.76244,53.3143,2.5627,3.77707,0.113419,6868.24,0
7.76898,53.6434,2.56129,3.72359,0.581255,6904.82,0
7.77547,53.6417,2.69767,3.82828,0.518573,6898.84,0
7.78203,53.8012,2.59405,3.73828,0.7044,6913.51,0
7.78853,53.7556,2.43754,4.11834,0.573132,6901.89,0
7.79508,53.751,2.49789,3.9192,0.50539,6895.5,0
7.8016,53.7338,2.67133,4.38278,0.429603,6887.53,0
7.80815,53.788,2.76111,4.35405,0.463378,6888.7,0
7.81464,53.7813,2.79844,4.4391,0.408026,6882.11,0
7.82118,53.762,2.25943,4.08172,0.349956,6873.91,0
7.82767,53.5963,2.25701,3.99312,0.084994,6847.03,0
7.83416,53.7207,2.18401,4.05048,0.258733,6857.23,0
7.84069,53.9715,2.30304,4.36009,0.58508,6883.52,0
7.84718,54.1679,2.3426,4.07051,0.798389,6902.85,0
7.85371,53.8221,2.19311,4.03947,0.237473,6853.08,0
7.86019,54.074,2.33848,4.11371,0.583471,6879.47,0
7.86669,53.9898,2.39932,3.9396,0.411018,6863.09,0
7.87318,54.2127,2.69743,3.99843,0.694271,6885.74,0
7.87968,54.2014,2.61353,4.23642,0.611755,6878.63,0
7.88622,54.3551,2.34373,4.28212,0.79169,6892.41,0
7.89273,54.4335,2.36008,4.06463,0.841902,6896.67,0
7.8992,54.3634,2.39805,4.00012,0.650237,6882.13,0
7.90576,54.5579,2.25347,4.43698,0.850905,6901.02,0
7.91224,54.6675,2.26125,4.29012,0.900804,6909.24,0
7.91872,55.0901,1.97695,4.63764,1.37796,6956.95,0
7.92517,54.826,2.03604,4.32275,0.808125,6917.96,0
7.93169,54.6775,2.1895,4.2656,0.504811,6893.56,0
7.9382,54.7806,2.07742,4.10664,0.599554,6900.88,0
7.9447,54.75,2.16985,4.182,0.501519,6891.39,0
7.95116,54.8495,2.05633,4.21641,0.608837,6898.3,0
7.95762,55.2243,1.8213,4.42921,1.06392,6939.8,0
7.96418,55.1721,1.69086,4.12129,0.868615,6927.53,0
7.97067,55.3011,1.6837,4.11404,0.921616,6938.08,0
7.97719,55.5294,1.65781,3.77379,1.12742,6961.02,0
7.98368,55.5498,1.88534,3.60328,1.03301,6957.92,0
7.99015,55.7829,1.93267,3.37953,1.23408,6981.46,0
7.99667,55.9729,2.12379,3.48852,1.33166,6999.53,0
8.00318,55.9742,2.29721,2.86733,1.15095,6994,0
8.00971,56.326,2.65366,3.14006,1.49069,7032.21,0
8.01621,56.4286,2.53121,3.29056,1.43636,7039.3,0
8.02268,56.4444,2.55804,3.22327,1.26688,7035.6,0
8.02917,56.4583,2.39642,2.99277,1.14075,7031.64,0
8.03567,56.2599,2.42798,2.87903,0.735952,7001.26,0
8.04223,56.1918,2.21544,2.70701,0.576552,6987.09,0
8.04874,56.2137,2.17874,2.63477,0.554167,6984.16,0
8.05528,56.2593,2.14022,2.51651,0.553379,6984.15,0
8.06179,56.5781,2.05842,2.81544,0.954307,7018.05,0
8.06828,56.7742,2.00244,2.62594,1.1282,7036.72,0
8.07482,56.5892,2.20536,2.84713,0.741941,7008.11,0
8.08131,56.636,2.18721,2.98528,0.717011,7008.26,0
8.08778,56.2873,2.3171,2.66338,0.142823,6959.56,0
8.09427,56.2743,2.24075,2.69972,0.110624,6952.37,0
8.10076,56.5322,1.94621,2.71284,0.483334,6978.63,0
8.1073,56.7924,2.21198,3.14859,0.803532,7005.1,0
8.11379,56.8747,2.21295,3.03273,0.826898,7009.63,0
8.12031,56.977,2.48985,3.37223,0.844534,7016.6,0
8.12687,56.8244,2.27875,3.38662,0.537949,6992.17,0
8.13339,56.6823,2.15149,3.40548,0.293678,6969.08,0
8.13993,56.5843,2.34179,3.2051,0.136507,6951.45,0
8.14645,56.5485,2.09899,3.00524,0.0776893,6941.49,0
8.15295,56.6476,1.98342,2.81472,0.217296,6948.11,0
8.15943,56.6409,2.03626,2.46475,0.185973,6941.78,0
8.16592,56.6696,2.048,2.75621,0.214735,6939.77,0
8.17244,56.6487,2.01772,2.58636,0.168327,6931.68,0
8.17897,56.7113,1.9761,2.36289,0.238056,6933.79,0
8.18547,56.9105,2.03038,2.28952,0.516949,6952.62,0
8.19196,56.8967,2.10382,2.62434,0.462135,6945.43,0
8.19849,56.8066,2.21795,2.66394,0.296808,6928.91,0
8.20503,56.9915,2.12259,2.43918,0.552678,6945.93,0
8.21154,57.0617,2.36356,2.36201,0.606304,6948.97,0
8.21809,57.1022,2.27837,2.23492,0.609118,6948.35,0
8.22461,57.3251,2.53156,2.17625,0.827379,6969.95,0
8.23111,57.637,2.28257,2.28771,1.16631,7002.34,0
8.23759,57.5455,2.42565,2.52089,0.909089,6985.71,0
8.24407,57.7328,2.33034,2.52369,1.04864,7002.94,0
8.25056,57.576,2.36188,2.60635,0.693489,6978.44,0
8.25704,57.7811,2.21707,2.67657,0.915281,6997.79,0
8.26356,58.002,2.3395,2.79129,1.11565,7019.01,0
8.27008,57.8629,2.28872,2.8896,0.796628,6996.65,0
8.27664,57.8499,2.38272,2.95798,0.691132,6989.54,0
8.28313,58.3181,2.40601,3.16128,1.29645,7040.59,0
8.28965,58.4834,2.27194,3.2916,1.33532,7054.98,0
8.29616,58.5069,2.14195,3.35262,1.1872,7052.28,0
8.30268,58.4522,1.94248,3.19036,0.961445,7040.17,0
8.30917,58.5136,2.18554,3.31089,0.937148,7042.05,0
8.31572,58.333,1.95934,3.1092,0.571582,7014.79,0
8.32224,58.208,1.86875,2.95479,0.34923,6994.26,0
8.32877,58.4993,1.81773,2.93674,0.739181,7023.77,0
8.33527,58.7436,1.93795,2.85116,0.986935,7047.59,0
8.34179,58.7578,1.87739,2.85283,0.896211,7043.78,0
8.34832,58.9956,1.91629,2.88755,1.12355,7066.76,0
8.35481,58.9245,1.86539,2.8401,0.884643,7052.76,0
8.36132,58.623,1.95839,3.043,0.352202,7011.2,0
8.36779,58.8284,1.70813,2.69178,0.622114,7030.34,0
8.37428,59.0518,2.03401,2.56904,0.87488,7051.57,0
8.38081,59.2819,1.97044,2.80892,1.10234,7073.53,0
8.38728,59.0408,1.83407,2.7952,0.650661,7039.34,0
8.39377,59.059,1.50346,2.88639,0.617529,7036.06,0
8.40028,59.3317,1.57126,2.9962,0.947242,7063.06,0
8.4068,59.1265,1.57925,2.86847,0.566114,7033.18,0
8.41331,59.2018,1.57543,2.99379,0.628175,7036.68,0
8.41984,59.5571,1.50604,3.18199,1.04998,7073.42,0
8.42637,59.4195,1.66522,3.19634,0.706534,7051.61,0
8.43286,59.3577,1.65509,3.33037,0.542606,7038.86,0
8.4393,59.2435,1.68186,3.55185,0.339862,7019.95,0
8.44586,59.1532,1.50099,3.63339,0.188194,7003.82,0
8.45237,59.2522,1.44282,3.77394,0.311001,7010.12,0
8.45887,59.3696,1.49607,3.40754,0.463686,7018.62,0
8.46537,59.162,1.73875,3.5258,0.139816,6988.7,0
8.47184,59.1128,1.67069,3.6315,0.0584151,6977.56,0
8.4784,59.1221,1.70096,3.63095,0.0668973,6973.27,0
8.48492,59.2742,1.76726,3.73482,0.291168,6985.82,0
8.49144,59.6462,1.48336,3.4517,0.815719,7024.27,0
8.49792,59.597,1.45799,3.40657,0.645653,7013.13,0
8.50443,59.6253,1.54494,3.62133,0.643062,7011.09,0
8.51094,59.5767,1.37731,3.52774,0.524793,7000.01,0
8.51745,59.73,1.64431,3.57234,0.675851,7012.67,0
8.52394,59.9909,1.77333,3.5659,0.956166,7037.92,0
8.53045,59.7338,1.97102,3.83895,0.492724,7002.42,0
8.53696,59.7516,2.10687,3.74428,0.47902,6999.16,0
8.54348,60.0187,2.00396,3.89313,0.824312,7025.08,0
8.55001,59.9951,1.58217,3.92767,0.709341,7016.97,0
8.5565,60.0435,1.53422,3.82306,0.720381,7017.3,0
8.56301,60.1687,1.66067,3.52341,0.794169,7026.59,0
8.56949,60.1695,1.6699,3.37853,0.698495,7021.36,0
8.57597,60.4757,1.57513,3.44352,1.06224,7051.76,0
8.58249,60.4769,1.98608,3.06676,0.91024,7046.55,0
8.58897,60.2492,1.81822,3.00506,0.496801,7014.72,0
8.59546,60.2057,1.85206,2.90592,0.399228,7004.36,0
8.60196,60.3427,2.04315,3.03472,0.533401,7015,0
8.60845,60.3653,1.92273,2.90805,0.509339,7012.32,0
8.61496,60.5233,1.82311,2.73325,0.674594,7025.38,0
8.62147,60.4218,1.94541,3.10586,0.454446,7008.3,0
8.62796,60.6022,1.83513,3.06549,0.670319,7023.93,0
8.63446,61.2269,1.82421,2.91864,1.43297,7090.99,0
8.64097,61.155,2.12638,3.06004,1.16374,7077.33,0
8.64747,61.0738,2.1626,2.99514,0.925598,7062.62,0
8.654,61.1595,2.28331,3.1669,0.918613,7067.19,0
8.66049,61.5641,2.41172,3.16032,1.35166,7108.61,0
8.66702,61.549,2.29737,3.31101,1.15623,7101.52,0
8.67357,61.6003,2.5904,3.0833,1.07756,7102.07,0
8.68008,61.2431,2.54738,2.99335,0.445079,7055.59,0
8.68658,61.4329,2.71965,3.00634,0.672386,7072.17,0
8.69309,61.5796,2.78464,3.16505,0.807265,7083.74,0
8.69961,61.2067,2.7004,3.32153,0.211209,7035.57,0
8.70615,61.2201,2.68689,3.42877,0.204453,7031.82,0
8.71264,61.562,2.54428,3.38002,0.688667,7065.83,0
8.71914,61.6388,2.43915,3.34371,0.734399,7069.36,0
8.72563,61.7452,2.46964,3.20338,0.804936,7076.29,0
8.73214,61.7631,2.56138,3.13444,0.747501,7073.08,0
8.7386,61.6489,2.44258,3.18605,0.508447,7054.78,0
8.74512,61.6646,2.23735,2.98757,0.485065,7051.32,0
8.75163,61.7977,2.29153,3.18039,0.63542,7061.28,0
8.7581,61.6098,2.56958,3.32738,0.312235,7034.61,0
8.76461,61.8685,2.51405,3.28351,0.658485,7058.9,0
8.77112,61.9007,2.9662,3.27953,0.647561,7057.32,0
8.77764,61.9128,3.36277,3.50775,0.582366,7053.46,0
8.78412,61.6653,3.2391,3.67594,0.190855,7020.09,0
8.79065,61.9858,3.04721,3.76346,0.638023,7051.33,0
8.79719,62.0853,2.98312,3.79792,0.709686,7057.4,0
8.80367,62.048,3.2482,3.59341,0.567033,7047.97,0
8.81021,61.9893,3.02704,3.61147,0.427895,7036.08,0
8.8167,61.8432,2.93141,3.42087,0.194089,7014.32,0
8.82324,62.115,2.83335,3.22217,0.573251,7039.93,0
8.82968,62.206,2.63911,3.30745,0.638691,7045.1,0
8.83621,61.8741,2.649,3.21476,0.116942,7002.33,0
8.84269,62.0222,2.54966,3.23063,0.331203,7013.95,0
8.84919,62.053,2.65742,3.22046,0.360768,7012.28,0
8.85565,62.0686,2.80859,3.30507,0.363627,7008.92,0
8.86216,62.2568,2.83345,3.74476,0.608467,7025.01,0
8.8687,62.4112,2.7726,3.73521,0.755615,7037.24,0
8.8752,62.2679,2.6769,3.72823,0.488833,7015.94,0
8.8817,62.2206,2.51802,3.73619,0.392459,7005.49,0
8.88824,62.1803,2.36164,3.90148,0.309838,6995.79,0
8.89478,62.2541,2.31995,4.00594,0.393597,6998.95,0
8.9013,62.3261,2.18003,4.34815,0.464327,7001.92,0
8.9078,62.315,2.06168,4.197,0.420694,6995.55,0
8.91431,62.4442,1.91416,4.13965,0.559937,7004.94,0
8.92078,62.2196,1.81705,4.1313,0.187397,6974.68,0
8.9273,62.1099,1.9067,4.21973,0.0161369,6957.3,0
8.93377,62.1677,1.91772,4.36614,0.101399,6958.73,0
8.94028,62.358,1.90258,4.46904,0.37125,6974.95,0
8.94677,62.2565,1.91914,4.30978,0.187785,6958.55,0
8.95329,62.5861,2.04425,4.16927,0.661653,6990.29,0
8.95979,62.6652,2.13577,3.83653,0.712786,6994.05,0
8.96628,62.5602,2.30866,4.24926,0.48203,6977.28,0
8.97282,62.5303,2.14847,4.32,0.398879,6968.86,0
8.97931,62.8253,2.18782,4.45919,0.780064,6996.67,0
8.98583,63.0055,2.19703,4.06006,0.955325,7011.65,0
8.99237,62.9933,2.25519,3.95166,0.826386,7005.19,0
8.99888,63.1322,2.29903,4.02169,0.92323,7015.56,0
9.00538,63.0081,2.02994,4.05697,0.671736,6996.72,0
9.01191,62.9784,1.86811,4.25507,0.555617,6988.35,0
9.01845,63.179,1.76594,3.99479,0.772023,7005.53,0
9.02495,63.0274,1.62913,3.87455,0.464521,6983.69,0
9.03144,63.2646,1.59204,4.43677,0.758804,7004.92,0
9.03795,63.5986,0.880497,4.52604,1.132,7036.85,0
9.04448,63.5354,0.980163,4.30514,0.910452,7024.77,0
9.05102,63.411,0.970255,4.39773,0.646515,7005.95,0
9.05752,63.5391,0.833608,4.41343,0.756694,7015.07,0
9.06402,63.8141,0.999914,4.41237,1.04863,7040.38,0
9.07058,63.7078,0.968946,4.41202,0.760686,7023.57,0
9.07712,63.8274,0.855668,4.32343,0.839003,7031.68,0
9.08362,64.1279,0.857022,4.2582,1.17697,7059.73,0
9.09013,63.8218,0.81477,4.27378,0.58448,7021,0
9.09667,63.8574,0.552853,4.28652,0.567928,7019.87,0
9.10321,63.7812,0.826305,4.07824,0.421102,7006.46,0
9.10974,63.9867,0.511262,4.1926,0.68752,7023.98,0
9.11623,64.0262,0.170063,4.19983,0.665279,7023.33,0
9.12269,64.0889,0.103046,4.39865,0.69306,7025.23,0
9.12918,64.4747,-0.016115,4.58323,1.15792,7062.49,0
9.13564,64.2534,-0.0848572,4.48573,0.707647,7033.26,0
9.14213,64.3494,-0.240515,4.77155,0.77207,7038.78,0
9.14862,64.5204,-0.32963,5.04732,0.915379,7052.47,0
9.15516,64.5078,-0.358599,5.03197,0.769189,7046.05,0
9.1617,64.3082,-0.279138,5.01802,0.388679,7019.24,0
9.1682,64.6125,-0.288021,5.04654,0.764152,7047.46,0
9.17478,64.3597,-0.457718,4.78964,0.336366,7014.85,0
9.18129,64.3984,-0.606401,4.69287,0.369536,7014.1,0
9.18778,64.4373,-0.720833,4.81606,0.394726,7013.37,0
9.19427,64.7584,-0.745668,4.68952,0.821956,7043.34,0
9.20075,65.0075,-0.54604,4.66193,1.07538,7065.45,0
9.20725,64.9685,-1.09379,4.81751,0.893975,7056.23,0
9.21374,64.7314,-1.01054,4.75399,0.46865,7025.53,0
9.22026,64.869,-0.907014,4.85138,0.627518,7035.48,0
9.22675,64.7761,-0.581153,4.96004,0.444477,7020.47,0
9.23323,64.8379,-0.453472,4.70724,0.495869,7022.23,0
9.23979,65.181,-0.596238,4.67123,0.942556,7054.38,0
9.2463,65.2383,-0.647137,4.64227,0.909964,7055.61,0
9.25277,65.5609,-0.87803,4.78247,1.24442,7085.54,0
9.25925,65.4329,-1.21965,5.21632,0.895097,7066.77,0
9.2658,66.0023,-0.999305,5.04449,1.56446,7123.21,0
9.27233,66.1224,-1.10022,4.81774,1.5043,7131.16,0
9.27884,66.5102,-1.12908,4.84427,1.77667,7167.94,0
9.28539,66.2598,-1.02444,4.95228,1.17014,7135.92,0
9.2919,66.4962,-0.581401,4.91974,1.33669,7156.36,0
9.29838,66.5119,-0.597414,4.8218,1.14704,7153.06,0
9.30488,66.5299,-0.586642,4.77042,1.04244,7149.99,0
9.31135,66.6126,-0.833774,4.70706,1.03013,7153.92,0
9.31786,66.7705,-0.810737,4.62151,1.14015,7165.86,0
9.32434,66.5634,-0.91552,4.76414,0.723063,7138.67,0
9.33083,66.4614,-0.934872,4.67361,0.50905,7122.77,0
9.33735,66.6994,-0.797722,4.81873,0.792143,7143.28,0
9.34392,66.8846,-0.865875,4.56424,0.937907,7158.09,0
9.35044,66.5797,-1.04231,4.47357,0.40209,7120.49,0
9.35693,66.6379,-1.34135,4.66476,0.450986,7121.78,0
9.36343,66.8069,-1.42541,4.59843,0.652509,7134.87,0
9.36993,66.5934,-1.3222,4.1379,0.283484,7107.14,0
9.37648,66.5579,-1.17946,4.05607,0.219492,7098.39,0
9.38297,66.6347,-1.06122,4.04004,0.318595,7101.66,0
9.38951,66.5197,-1.2461,4.07587,0.129902,7084.47,0
9.39597,66.7271,-1.32205,4.29922,0.428579,7101.67,0
9.40247,66.6586,-1.07281,4.19854,0.299168,7089.48,0
9.40893,66.8717,-0.892991,4.38687,0.591356,7107.26,0
9.41548,66.7852,-1.09931,4.22294,0.400924,7093.13,0
9.42202,66.677,-0.856536,4.16782,0.223271,7076.72,0
9.42849,66.8727,-0.857293,4.06768,0.489449,7092.62,0
9.43501,66.8469,-0.80261,3.85938,0.40977,7084.99,0
9.4415,66.8486,-0.567979,3.63856,0.382772,7080.29,0
9.44804,66.9595,-0.683745,3.74632,0.506033,7087.14,0
9.4545,67.07,-0.594932,3.88746,0.606478,7093.97,0
9.46102,67.3968,-0.459001,3.77866,0.991879,7123.63,0
9.46753,67.5624,-0.728681,3.96386,1.09049,7136.22,0
9.47402,67.6572,-1.05804,3.73201,1.07715,7141.34,0
9.48053,67.435,-1.19659,3.37541,0.656525,7112.99,0
9.48706,67.4012,-0.863903,3.73677,0.536822,7104.54,0
9.49358,67.4556,-0.877567,3.87312,0.569926,7105.39,0
9.50006,67.3682,-0.892853,3.94236,0.383971,7091.35,0
9.50657,67.3167,-1.06787,4.23362,0.278035,7081.08,0
9.51309,67.7267,-0.922005,4.04343,0.818088,7119.32,0
9.51961,67.4139,-1.06053,4.42277,0.312176,7081.59,0
9.52616,67.4779,-1.04293,4.72022,0.381817,7083.44,0
9.53268,67.4739,-1.11511,4.74709,0.342169,7078.17,0
9.5392,67.5948,-1.25802,4.65334,0.487334,7086.01,0
9.54573,67.4341,-1.2247,4.55983,0.222172,7064.32,0
9.55224,67.6361,-1.27987,4.66994,0.482542,7080.65,0
9.5587,67.5277,-1.17466,4.56056,0.288196,7064.52,0
9.56523,67.5457,-1.28272,4.60141,0.288346,7061.59,0
9.57171,67.5388,-1.57523,4.9321,0.258541,7056.08,0
9.57818,67.9209,-1.36629,5.1091,0.781211,7091.21,0
9.58467,67.7623,-1.61608,5.13795,0.475353,7069.86,0
9.59114,67.8644,-1.49576,5.41757,0.580913,7075.74,0
9.59765,67.7224,-1.1659,5.48498,0.329149,7056.14,0
9.60417,67.8761,-1.13175,5.50989,0.516726,7067.36,0
9.61075,67.8047,-1.3265,5.73062,0.361726,7055.09,0
9.61726,68.0859,-1.34798,5.73991,0.724688,7079.55,0
9.62377,67.9662,-1.21149,5.8755,0.506484,7062.32,0
9.63029,68.1347,-1.14911,6.07728,0.710331,7075.04,0
9.63682,68.1984,-0.692325,6.20444,0.741005,7076.85,0
9.64332,68.1908,-0.542522,6.13786,0.652979,7071.3,0
9.6498,68.296,-0.676153,6.17632,0.731642,7077.46,0
9.65632,68.4472,-0.826687,6.01605,0.871602,7088.33,0
9.66285,68.5076,-1.19459,5.80526,0.859695,7089.8,0
9.66933,68.4985,-0.973583,5.67367,0.773394,7084.1,0
9.6758,69.0143,-0.977671,5.79958,1.39886,7132.68,0
9.68233,68.8991,-0.793208,5.78815,1.01464,7115.96,0
9.68882,69.0676,-1.0828,5.66626,1.12117,7128.59,0
9.69532,69.0182,-1.15061,5.42378,0.884282,7118.71,0
9.70184,68.9413,-1.18237,5.43083,0.677712,7106.01,0
9.70835,69.0767,-1.16765,5.18631,0.801698,7115.19,0
9.71486,69.1008,-0.869995,5.23294,0.748689,7112.9,0
9.72136,69.2123,-0.89664,4.87739,0.80291,7119.61,0
9.7279,68.8372,-0.841101,4.94106,0.172751,7076.27,0
9.7344,68.9132,-1.03264,4.91336,0.279687,7079.34,0
9.74092,68.8768,-0.964399,4.79362,0.213236,7070.87,0
9.74747,68.9559,-0.989667,4.55821,0.317978,7074.23,0
9.75403,69.163,-1.05825,4.49397,0.578147,7090.71,0
9.76046,69.2388,-0.756274,4.46249,0.625885,7093.8,0
9.76698,69.3263,-0.693066,4.23844,0.692771,7098.04,0
9.77347,69.0977,-0.485753,4.36775,0.313943,7069.93,0
9.77998,69.1985,-0.555736,4.48354,0.442715,7075.52,0
9.7865,69.3573,-0.573248,5.05533,0.612968,7087.04,0
9.79297,69.4537,-0.51006,5.10262,0.682072,7092.2,0
9.79946,69.8513,-0.266606,5.37536,1.13266,7128.08,0
9.80599,69.7612,-0.466007,5.34068,0.861661,7114.14,0
9.81253,69.8985,-0.254549,5.17394,0.930707,7123.39,0
9.81909,70.0133,-0.229389,5.68216,0.968588,7130.32,0
9.82557,70.1733,-0.303116,5.49623,1.08276,7141.91,0
9.83208,70.0147,-0.215111,5.28167,0.734263,7121.04,0
9.83863,70.0578,-0.525549,5.50089,0.734322,7120.68,0
9.84511,69.9832,-0.501509,5.45341,0.557587,7108.42,0
9.8516,69.8703,-0.524094,5.45245,0.340194,7092.28,0
9.85808,69.9529,-0.597512,5.21758,0.449388,7096,0
9.86458,69.8896,-0.44632,5.24897,0.330411,7084.91,0
9.87104,69.9084,-0.415158,5.3244,0.327464,7082.17,0
9.87756,69.858,-0.566249,5.53832,0.238557,7072.39,0
9.88408,69.7486,-0.521841,5.31729,0.0676432,7056.67,0
9.89059,69.9452,-0.459757,5.31051,0.344142,7071.89,0
9.8971,69.9398,-0.137768,5.5634,0.309023,7066.69,0
9.90357,69.8182,0.0506341,5.54814,0.103535,7049.8,0
9.91007,69.853,0.152494,5.61027,0.150986,7048.69,0
9.91655,70.2122,0.0479231,5.81436,0.665571,7080.31,0
9.92306,70.2004,0.248795,5.97061,0.598141,7074.47,0
9.9296,70.4255,0.489408,6.15005,0.835813,7092.48,0
9.9361,70.48,0.502376,5.81122,0.840993,7093.33,0
9.94264,70.0806,0.807396,6.027,0.21251,7048.49,0
9.9491,70.2119,0.671114,6.08201,0.392035,7057.1,0
9.95562,70.399,0.491329,5.92975,0.633188,7071.29,0
9.96213,70.4954,0.634489,5.92562,0.699517,7076.34,0
9.96866,70.4187,0.697217,5.92385,0.53079,7064.01,0
9.97518,70.4941,0.543906,5.90165,0.593686,7066.95,0
9.98171,70.7031,0.511502,5.978,0.81233,7083.27,0
9.98824,70.7376,0.595087,5.63134,0.798696,7082.08,0
9.99472,70.3664,0.421194,5.5964,0.198755,7040.35,0
10,70.396,0.529851,5.60719,0.233157,7039.6,0
