1.2648,3623.87,5.80961,22.6347,4.59851,-20656.5,0
2.537,3619.18,13.5521,20.1224,3.10122,-12149.9,0
3.80101,3594.45,-6.86595,21.877,6.91864,-14614.6,0
5.08442,3583.65,-6.07529,26.7812,4.80218,-13050.3,0
6.3645,3582.42,1.71836,34.6242,4.28122,-10618.2,0
7.64495,3566.95,-5.06582,45.2919,4.67467,-10863.1,0
8.9233,3567.85,-3.94185,7.36188,5.06973,-9206.01,0
10.1932,3570.49,-17.5478,-3.15702,3.35248,-7800.16,0
11.4746,3566.4,-22.7693,-13.7359,3.62055,-7285.3,0
12.7496,3566.47,-12.9074,0.919163,3.6397,-6551.38,0
14.0294,3569.82,-23.1352,-3.82222,1.78703,-5715.02,0
15.3026,3557.75,-40.589,-27.8487,3.49022,-6028.14,0
16.5858,3558.23,-58.136,-45.733,0.364844,-5532.79,0
17.8576,3539.52,-67.1709,-68.3228,2.62885,-6186.73,0
19.1346,3542.97,-59.2929,-80.1956,0.803215,-5593.48,0
20.4113,3538.76,-65.3546,-74.3382,0.901139,-5449.87,0
21.6857,3527.61,-72.7292,-80.1222,1.15296,-5644.02,0
22.972,3510.5,-75.6205,-81.69,4.72119,-6072.44,0
24.2461,3502.3,-90.3043,-77.7433,5.04917,-6091.8,0
25.5219,3505.46,-111.87,-53.7381,2.4119,-5663.37,0
26.7961,3501.07,-103.743,-38.1768,4.32032,-5558.06,0
28.0684,3496.84,-93.848,-52.9268,5.20377,-5456.69,0
29.3427,3496.99,-93.4864,-48.4857,4.55087,-5214.52,0
30.6164,3509.96,-92.6042,-41.56,1.46444,-4574.13,0
31.8904,3491.18,-92.8486,-47.8955,5.17752,-4980.05,0
33.173,3488.89,-98.3206,-64.6233,0.770343,-4856.67,0
34.4515,3497.32,-67.5514,-66.2066,2.81123,-4431.86,0
35.7249,3501.31,-75.1811,-41.1089,2.2637,-4162.05,0
37.0038,3476.62,-78.2935,-52.7082,5.67294,-4685.53,0
38.2785,3471.52,-61.4704,-42.8439,10.1985,-4662.73,0
39.5543,3486.83,-73.2788,-32.9811,1.06283,-4125.13,0
40.8337,3480.93,-71.706,-24.6204,4.00882,-4140.47,0
42.1031,3461.62,-72.9185,-27.407,6.76946,-4474.23,0
42.9903,3449.94,-70.127,-26.5377,8.08398,-4653.52,0
