1.28152,3628.13,48.6684,7.39239,3.40446,-17067.1,0
2.55262,3630.6,34.1761,2.72139,2.05925,-7600.11,0
3.81975,3631.62,42.7515,25.3657,1.36249,-4812.43,0
5.09708,3628.34,26.0665,17.3721,2.39938,-4250.32,0
6.37968,3615.75,48.1811,32.3683,4.11346,-5368.92,0
7.65687,3590.05,33.3849,33.891,7.49454,-7829.29,0
8.92889,3576.81,37.1642,16.4211,6.99201,-8196.9,0
10.2061,3562.38,50.4997,18.5641,6.50439,-8585.25,0
11.4911,3566.31,53.6472,29.7342,3.81316,-7282.9,0
12.7618,3560.46,64.953,24.4176,4.27245,-7015.96,0
14.0265,3557,29.2197,35.3325,6.50718,-6630.31,0
15.3061,3555.96,15.2514,34.096,3.92693,-6144.26,0
16.5857,3563.25,13.7109,19.7539,1.95796,-5230.5,0
17.8658,3541.98,41.5024,28.5172,3.96007,-6046.02,0
19.1305,3549.16,2.33437,52.3848,0.496633,-5270.91,0
20.4145,3541.89,8.85833,43.7319,3.91842,-5295.82,0
21.7003,3543.33,-7.21057,47.2408,2.32075,-4915.68,0
22.9737,3544.32,-17.4299,22.6781,3.22433,-4599.94,0
24.2506,3531.53,1.10063,51.9195,4.80456,-4885.16,0
25.5258,3533.95,-6.535,23.6786,7.20355,-4546.39,0
26.7997,3541.94,19.7977,13.0528,1.937,-4032.21,0
28.0772,3534.36,7.09935,-17.9788,5.78499,-4118.76,0
29.3598,3533.76,-11.9523,-10.2094,4.69087,-3959.19,0
30.641,3537.65,-13.87,-13.297,1.05624,-3666.64,0
31.9147,3528.58,-27.4244,-31.5496,1.50024,-3804.54,0
33.1941,3511.83,-32.3094,-22.9387,7.97764,-4162.61,0
34.4684,3506.16,4.3951,2.78535,3.54405,-4172.98,0
35.2074,3489.82,1.69424,1.14008,8.35274,-4549.6,0
