1.28067,3625.99,-3.06259,30.9534,4.39178,-18747.1,0
2.5529,3629.86,-4.04921,11.2844,3.41927,-7887.33,0
3.82781,3614.4,1.83413,-0.150093,5.69519,-9301.62,0
5.0985,3616.05,-24.3699,2.22937,3.49639,-6658.06,0
6.37609,3608.68,-9.14246,20.9136,2.39326,-6481.04,0
7.65552,3594.86,22.9769,16.953,5.27986,-7202.7,0
8.9183,3592.49,17.0649,4.89637,4.50875,-6448.93,0
10.1878,3593.09,22.618,5.14498,2.76892,-5586.02,0
11.4657,3580.53,10.9661,-18.0224,4.21574,-6058.99,0
12.7382,3562.67,4.1797,-22.6138,7.48772,-6855.4,0
14.0153,3557.06,5.62251,-31.929,4.01076,-6631.12,0
15.2892,3543.76,18.2793,-21.3123,7.31753,-6948.71,0
16.5658,3552.77,35.4816,-3.61043,1.70312,-5869.34,0
17.8357,3533.93,24.6716,-16.1878,6.86005,-6507.57,0
19.121,3533.31,10.9466,1.43903,7.49528,-6102.9,0
20.2826,3498.29,-0.0189263,0.333845,11.5745,-7479.65,0
