1.27758,3641.89,-14.0481,46.2866,1.20468,-6351.15,0
2.55256,3609.18,-53.8419,72.5108,5.79684,-15990.2,0
3.8265,3598.24,-31.7437,83.7131,6.35031,-13527.9,0
5.09608,3597.26,-27.7194,77.5499,5.06631,-10349.5,0
6.36893,3606.16,-44.1233,65.6905,2.76366,-6884.14,0
7.65334,3604.9,-65.1869,89.002,1.10254,-5893.45,0
8.93052,3605.92,-45.1473,101.251,0.351395,-4936.32,0
10.2134,3589.23,-59.2634,91.0571,3.89415,-5949.89,0
11.4841,3575.09,-54.1957,101.481,5.3033,-6522.91,0
12.7591,3583.84,-42.1596,111.379,2.1012,-5184.99,0
14.0296,3569.75,-27.153,105.686,4.67402,-5719.93,0
15.3035,3572.07,-6.39523,100.038,3.55944,-5092.57,0
16.5762,3560.94,-6.05712,118.554,3.75181,-5372.6,0
17.8593,3539.78,-3.44702,105.416,6.91903,-6171.36,0
19.1356,3552.47,-15.3226,108.002,0.658786,-5096.97,0
20.4049,3531.94,-7.93305,97.1103,5.51777,-5785.68,0
21.675,3506.31,-22.5662,106.188,5.85936,-6629.24,0
22.9532,3488.34,-15.0105,101.887,8.41081,-7043.17,0
24.2222,3492.07,-19.4636,96.8132,4.93968,-6519.97,0
25.4955,3482.75,-19.751,99.7298,4.99942,-6560,0
26.7683,3478.88,-11.349,103.785,4.47784,-6392.69,0
28.0448,3469.45,-11.3969,95.7376,7.07163,-6437.78,0
29.3266,3460.59,-18.9223,98.6036,4.26837,-6458.49,0
30.6151,3466.37,-26.291,98.8866,1.75984,-5997.94,0
31.8954,3467.54,-25.5714,94.4122,2.33094,-5720.49,0
33.175,3465.82,-18.0453,87.0214,4.57373,-5551.86,0
34.4483,3461.77,-40.045,93.66,1.03716,-5464.04,0
35.6921,3449.94,-10.6791,98.4183,4.87414,-5605.02,0
