1.27871,3627.97,-74.2147,-68.5029,3.08396,-17225.1,0
2.56464,3635.18,-51.3866,-40.9516,2.87158,-5778.79,0
3.83462,3638.4,-72.0198,-56.1592,0.856805,-3025.61,0
5.10535,3627.65,-89.7806,-31.8249,2.38712,-4378.21,0
6.37727,3616.81,-103.006,-28.8106,3.56799,-5204.15,0
7.6459,3615.7,-89.4048,-26.7145,3.35468,-4486,0
8.92286,3593.36,-96.0677,-45.273,5.60089,-6347.39,0
10.1991,3587.53,-108.271,-38.7347,4.13893,-6124.61,0
11.4729,3603.7,-110.167,-35.9945,0.563852,-4035.3,0
12.7402,3603.51,-72.526,-15.4092,2.89915,-3648.99,0
14.0147,3604.82,-91.7086,-31.1512,0.907841,-3223.68,0
15.2851,3584.81,-111.626,-11.6239,3.93548,-4265.02,0
16.5561,3582.83,-111.113,-27.4368,3.83569,-4057.13,0
17.8329,3595.53,-91.7037,-24.1244,2.13122,-3054.2,0
19.1062,3581.91,-70.0498,-32.6328,5.06762,-3564.02,0
20.3884,3568.69,-81.5504,-36.6393,5.86171,-3988.1,0
21.6679,3592.64,-64.2838,-44.0181,0.775477,-2647.39,0
22.94,3570.83,-57.5424,-59.8853,4.10795,-3451.34,0
24.2183,3559.93,-67.6533,-60.1613,4.64663,-3719.15,0
25.5014,3567.06,-65.2738,-80.7987,1.46966,-3252.32,0
26.7727,3555.16,-83.8734,-67.0573,3.76939,-3542.34,0
28.0402,3553.57,-62.9913,-68.9458,5.04606,-3439.09,0
29.3204,3534.45,-73.3437,-71.3671,6.18566,-3940.79,0
30.596,3533.14,-81.3581,-63.0062,4.26155,-3819.58,0
31.8743,3517.9,-88.0645,-64.2471,5.13181,-4144.54,0
33.1568,3513.63,-73.3815,-85.7646,4.54911,-4112.99,0
34.4359,3513.12,-55.4831,-91.72,3.53093,-3975.05,0
35.7092,3508.2,-80.3396,-96.0502,0.926823,-3971,0
36.9811,3503.87,-48.7801,-103.53,3.55869,-3951.46,0
38.2611,3499.67,-49.3325,-108.781,3.49426,-3929.13,0
39.5391,3499.28,-18.6061,-127.915,1.40199,-3812.02,0
40.8247,3500.28,-7.07937,-107.984,4.28824,-3667.51,0
42.1097,3491.83,-5.16028,-99.0348,6.67236,-3756.07,0
43.3721,3491.39,-14.623,-108.726,2.69975,-3656.94,0
44.6439,3484.18,-26.6428,-110.253,2.45059,-3714.29,0
45.9253,3473.77,-31.5285,-111.191,3.57198,-3837.37,0
47.1961,3475.33,-26.4114,-99.6593,4.2421,-3700.94,0
48.4718,3460.67,-18.3603,-114.079,2.88229,-3906.02,0
49.7454,3464.2,-13.8566,-91.6821,6.11127,-3735.07,0
51.0294,3492.27,-11.0068,-77.3341,0.365335,-3091.01,0
52.3129,3467.91,23.7768,-87.4255,4.06356,-3480.86,0
53.5954,3462.85,33.1011,-96.8367,1.74231,-3491.99,0
54.8757,3456,6.7222,-85.5755,7.41427,-3535.23,0
55.5993,3449.99,10.0016,-82.9468,7.98996,-3597.36,0
