1.27537,3643.78,-53.4624,-6.88157,1.22096,-4877.7,0
2.55393,3609.95,-61.7977,-30.0729,6.84873,-15683.1,0
3.83509,3605.74,-75.3145,-45.0579,5.40666,-11541.9,0
5.11463,3599.35,-86.8483,-43.2707,4.38301,-9902.79,0
6.39038,3590.8,-109.012,-54.0379,3.96119,-9264.24,0
7.66315,3594.57,-98.3838,-45.2885,3.42325,-7232.68,0
8.9314,3581.61,-102.274,-62.1577,3.87756,-7657.72,0
10.2039,3565.15,-80.9473,-70.7045,6.53098,-8315.36,0
11.4708,3561.56,-65.1978,-72.3244,6.44158,-7710.41,0
12.7417,3578.7,-77.8889,-52.439,2.14481,-5595.46,0
14.0238,3557.87,-67.7762,-36.9329,6.76918,-6569.38,0
15.294,3555.58,-66.2841,-48.9825,4.2072,-6173.76,0
16.5813,3547.95,-39.9006,-54.8818,5.24437,-6154.68,0
17.865,3530.73,-46.7864,-50.383,8.53699,-6676.09,0
19.1417,3529.8,-48.7471,-57.2105,5.06364,-6279.52,0
20.4178,3538.66,-65.9639,-31.2168,2.26841,-5453.08,0
21.691,3519.97,-87.6912,-18.9961,4.38553,-5994.75,0
22.9721,3515.13,-65.5592,-13.8047,7.81371,-5871.21,0
24.2512,3523.63,-53.5898,-6.76762,3.6571,-5210.7,0
25.534,3519.73,-24.8159,-18.7575,7.7529,-5101.82,0
26.8066,3519.1,-30.8267,-32.135,1.37979,-4883.31,0
28.081,3517.23,-11.0243,-21.2078,5.35152,-4728.07,0
29.3567,3513.17,-11.1358,-18.9213,7.78565,-4660.91,0
30.6363,3514.86,-25.5695,-10.5759,2.46784,-4410.97,0
31.9072,3508.59,3.07019,3.73143,6.0243,-4431.8,0
32.4022,3496.36,0.545892,0.442652,4.45553,-4741.71,0
