1.27934,3645.96,7.00365,-33.8444,0.408219,-3159.53,0
2.55108,3642.23,-19.312,-57.5518,0.088061,-3044.67,0
3.82795,3622.81,-18.1283,-34.3787,3.80458,-7104.01,0
5.1037,3626.73,-6.95445,-39.9054,2.5643,-4559.32,0
6.38074,3626.71,-9.05834,-44.6841,2.2829,-3650.64,0
7.66194,3617.43,-7.97223,-71.38,3.08299,-4251.06,0
8.93413,3602.96,-6.02315,-55.1858,6.19614,-5264.9,0
10.2103,3607.95,-16.6767,-56.3129,3.94058,-4117.93,0
11.4883,3607.75,-31.052,-65.2157,2.72747,-3677.64,0
12.7628,3587.24,-36.0767,-56.6274,5.61444,-4917.65,0
14.0328,3576.1,-35.7988,-53.5984,6.1583,-5266.15,0
15.3057,3569.47,-41.6575,-57.1861,5.50815,-5261.31,0
16.5807,3540.89,-47.5499,-60.4501,9.08025,-6580.46,0
17.8477,3543.52,-66.5587,-66.2461,3.57411,-5965.84,0
19.1302,3541.31,-78.4676,-73.4367,2.18793,-5681.5,0
20.415,3536.48,-97.2977,-78.926,0.497077,-5560.7,0
21.6989,3529.69,-90.5101,-64.079,3.98098,-5544.58,0
22.9774,3514.5,-84.5154,-67.9462,5.59905,-5897.23,0
24.2652,3505.06,-82.3862,-58.9378,5.50639,-5973.17,0
25.546,3512.57,-72.2892,-62.6927,1.59293,-5379.88,0
26.8274,3497.37,-52.0743,-46.7745,7.91798,-5689.29,0
28.096,3486.46,-54.6363,-58.8726,4.79963,-5820.9,0
29.3669,3493.31,-60.3227,-50.9211,2.2942,-5335.54,0
30.6372,3510.78,-27.9204,-41.6696,2.91567,-4544.1,0
31.9134,3511.37,-26.6249,-31.9986,4.25993,-4343.88,0
33.1871,3507.36,-33.7775,-19.3292,5.30084,-4298.04,0
34.461,3514.37,-20.1918,-9.95106,5.21959,-3935.82,0
35.7375,3512.15,-28.9216,-13.3869,0.543685,-3857.35,0
37.0092,3502.43,-31.0817,-13.2146,5.08985,-3987.31,0
38.2876,3481.49,-33.6058,-7.7017,3.53443,-4401.08,0
39.5603,3458.97,-9.19487,-3.01407,12.5335,-4828.77,0
39.5899,3463.19,-6.70808,3.02492,0.564948,-4718.61,0
