1.28062,3635.26,85.5072,-30.15,2.20462,-11511.1,0
2.56153,3648.3,60.7512,-36.7909,0.453041,-663.642,0
3.82933,3640.9,70.6033,-22.6702,1.63221,-2377.59,0
5.10692,3622.29,61.9495,-10.8593,4.69384,-5426.84,0
6.3844,3635.4,68.5198,-11.4177,1.36566,-2286.87,0
7.66488,3611.73,73.4701,2.29546,5.0171,-4992.67,0
8.93352,3614.07,73.856,-4.5922,2.36915,-4021.51,0
10.2,3600.58,98.6496,-7.39854,3.20451,-4845.07,0
11.4779,3612.8,69.3718,-4.80739,2.07283,-3241.15,0
12.7512,3612.95,79.8287,11.4513,1.14839,-2905.67,0
14.0289,3593.5,72.2786,39.2396,4.42167,-4027.5,0
15.3062,3590.41,62.8711,51.3258,4.39997,-3893.14,0
16.5806,3598.83,45.2334,72.2506,1.48184,-3086.08,0
17.8576,3587.35,40.023,97.5641,2.50966,-3508.3,0
19.1278,3587.27,36.3937,103.333,2.14439,-3279.3,0
20.3962,3584.27,39.1353,96.7933,2.98751,-3222.88,0
21.6696,3581.3,53.3745,77.5118,3.76841,-3170.32,0
22.9483,3584.07,50.014,59.1972,3.59157,-2873.13,0
24.2209,3568.59,32.1799,54.4,5.77962,-3361.33,0
25.506,3569.09,42.5602,75.8558,2.36464,-3172,0
26.7798,3569.4,24.6924,84.7784,1.85555,-3009.7,0
28.0569,3574.32,-1.85999,84.6223,0.809981,-2697.25,0
29.3487,3564.42,-16.2903,65.2559,4.57242,-2915.86,0
30.633,3552.02,-27.6124,70.198,5.81771,-3198.5,0
31.9061,3543.99,-17.8417,55.0328,6.872,-3322.49,0
33.1709,3556.96,-46.4439,47.8101,0.494611,-2804.93,0
34.4437,3546.43,-46.6668,38.4043,3.64698,-3006.87,0
35.7186,3537.46,-46.4255,44.4187,5.72081,-3150.7,0
37.0007,3549.47,-51.3283,34.0827,0.918846,-2716.89,0
38.2675,3543.61,-37.84,21.1536,4.62397,-2780.06,0
39.5381,3541.22,-35.5143,17.5172,5.36615,-2751.3,0
40.8212,3497.85,-45.9923,22.03,6.997,-3727.25,0
42.0956,3477.01,-29.8436,34.3772,3.53044,-4109.43,0
43.375,3467.14,-26.7411,15.0361,6.85189,-4215.86,0
44.633,3471.81,-5.61153,-0.295081,3.54808,-3992.33,0
