1.27183,3637.03,-15.4633,-12.887,2.51274,-10198.7,0
2.5454,3623.84,-40.8902,-22.3423,4.42574,-10277.7,0
3.81991,3630.65,-58.4947,-54.0885,1.46013,-5065.74,0
5.08753,3613.04,-60.7879,-83.5927,3.24194,-7265.51,0
6.36672,3602.8,-52.0504,-95.1011,4.04913,-7412.92,0
7.64595,3588.74,-56.6665,-88.5705,5.3987,-8012.61,0
8.91621,3576.93,-57.7514,-88.6227,6.03355,-8195.52,0
10.1948,3566.52,-56.0308,-106.153,5.03656,-8188.62,0
11.4707,3551.95,-50.0557,-102.545,6.32949,-8547.59,0
12.7505,3562.33,-41.9639,-79.8318,3.85206,-6875.56,0
14.0238,3557.79,-24.3753,-75.1573,4.65448,-6575.39,0
15.2992,3560.19,-21.5278,-82.2133,2.50903,-5870.13,0
16.5672,3567.93,15.7226,-73.1951,1.35248,-4953.68,0
17.8409,3558.16,30.9162,-61.1454,4.28326,-5147.74,0
19.1251,3538.26,30.6453,-73.7658,7.19476,-5842.39,0
20.4072,3538.33,26.2371,-58.8558,6.43207,-5472.11,0
21.6847,3548.03,49.8704,-71.3339,0.058388,-4702.18,0
22.9682,3534.96,44.2215,-59.5135,4.30256,-5008.58,0
24.2318,3542.52,33.987,-73.0076,0.303319,-4435.43,0
25.5084,3539.58,29.376,-50.4955,3.51303,-4328.67,0
26.7845,3530.6,11.947,-62.5658,3.8686,-4457.75,0
28.0516,3545.62,15.0511,-44.6125,0.441155,-3720.86,0
29.3229,3545.98,-1.13599,-5.59245,3.54714,-3547.49,0
30.6071,3550.45,-15.5669,-13.0864,0.424326,-3252.45,0
31.8808,3543,3.54292,-25.1363,2.98068,-3356.28,0
33.1599,3539.24,6.25657,-22.2923,3.15484,-3340.14,0
34.4283,3533.38,6.55584,-34.1943,2.80705,-3387.2,0
35.7161,3530.85,28.6616,-37.2758,1.37098,-3336.17,0
36.9899,3504.31,36.8987,-54.0872,5.91698,-3938.63,0
38.256,3489.93,39.6246,-55.7469,7.39831,-4184.23,0
39.5356,3486.33,26.2703,-65.1436,4.3926,-4139.88,0
40.812,3482.4,48.6799,-51.2833,5.11399,-4106.68,0
42.0816,3487.48,41.538,-45.3012,5.49279,-3861.95,0
43.36,3481.67,30.7162,-40.3614,8.0149,-3882.16,0
44.6365,3486.79,13.3202,-44.5214,4.82844,-3656.41,0
45.9079,3480.7,0.127281,-14.4381,3.79925,-3687.86,0
46.1837,3475.68,-3.3717,-3.49322,2.87505,-3774.55,0
