1.2747,3637.86,-36.3351,22.3262,2.34234,-9523.26,0
2.54667,3634.08,-26.602,37.5012,2.74016,-6252.56,0
3.82664,3609.89,-1.76658,33.9375,6.38413,-10481.7,0
5.11527,3614.17,8.02504,13.7663,4.44177,-7004.82,0
6.38247,3618.33,7.68581,-0.63127,2.11233,-4961.44,0
7.66218,3604.56,-11.7383,-6.55646,3.53104,-5930.01,0
8.9323,3582.15,-6.95135,16.3458,6.42444,-7596.18,0
10.2073,3595.48,-10.5156,27.7227,1.51996,-5341.44,0
11.489,3585.5,20.1316,32.9285,3.74703,-5614.01,0
12.766,3557.51,22.7328,47.6326,8.62974,-7245.24,0
14.0402,3534.62,28.6582,58.2556,8.07671,-8218.11,0
15.3091,3545.28,7.28858,66.4613,2.73638,-6840.59,0
16.5927,3545.8,12.9875,77.0743,0.924089,-6280.14,0
17.861,3530.7,7.40904,79.8497,4.60055,-6679.09,0
19.1381,3524.54,-2.79603,77.7676,3.83506,-6555.32,0
20.416,3525.06,-26.9835,59.5132,4.25478,-6119.85,0
21.686,3515.35,-24.5636,58.8523,6.48974,-6209.3,0
22.9591,3513.2,-23.5576,54.4688,4.08589,-5958.38,0
24.2338,3502.87,3.59895,68.0569,5.32445,-6071.32,0
25.5084,3483.38,1.29886,42.9516,5.85639,-6532.12,0
26.7703,3449.98,10.3968,48.729,3.4572,-7471.85,0
