1.27523,3636.31,-97.2582,-2.43252,2.2176,-10735.4,0
2.55043,3632.73,-61.2802,-16.418,3.47953,-6771.01,0
3.81883,3635.02,-85.8954,-14.5553,2.05948,-3923.23,0
5.09265,3619.12,-63.5615,-28.6224,4.78288,-6063.11,0
6.36987,3618.71,-67.3334,-37.2595,2.83302,-4912.25,0
7.64499,3605.68,-44.1298,-40.7999,4.66337,-5797.23,0
8.92671,3624.66,-49.9036,-44.6873,0.0140904,-2838.51,0
10.2027,3590.62,-71.8557,-55.7972,5.1002,-5819.96,0
11.4786,3604.99,-85.3879,-38.065,1.11248,-3921.31,0
12.7556,3596.6,-54.358,-23.6175,4.58884,-4186.46,0
14.0332,3595.5,-65.3912,-36.7503,2.71534,-3883.82,0
15.3094,3587.33,-67.9127,-1.07686,4.31087,-4093.63,0
16.5808,3588.33,-60.415,22.828,2.9556,-3719.38,0
17.8546,3593.72,-50.441,20.877,1.92605,-3152.1,0
19.1265,3581.96,-49.1721,34.8169,4.0943,-3557.52,0
20.4105,3571.73,-37.5165,36.0381,5.16323,-3834.76,0
21.6897,3560.1,-27.6803,30.9714,6.78191,-4144.79,0
22.968,3573.27,-11.9564,38.9124,1.1333,-3340.69,0
24.2473,3548.73,-0.183469,11.3297,9.18056,-4176.59,0
25.5133,3554.57,-0.954594,0.974588,3.08867,-3740.33,0
26.7956,3558.49,6.16205,6.19592,0.712656,-3415.08,0
28.0657,3539.35,-4.20257,-12.9002,7.8784,-3942.45,0
29.3329,3533.15,4.34056,-14.5533,6.43133,-3983.45,0
30.6024,3523.36,-2.78051,-30.0758,5.7634,-4138.14,0
31.8783,3519.35,-8.55588,-27.9592,6.97413,-4098.42,0
33.1617,3509.83,-23.9176,-10.6136,10.1689,-4226.75,0
34.436,3493.13,-17.1808,-0.200538,5.49326,-4555.38,0
35.0419,3481.34,-0.861502,3.58046,8.26437,-4813.1,0
