1.27653,3642.3,6.19801,5.16365,1.42609,-6034.27,0
2.55451,3641.5,25.0466,13.3894,1.3139,-3325.73,0
3.84009,3625.83,8.2875,12.2381,3.92876,-6294.1,0
5.10929,3612.85,12.5298,-0.340318,5.22759,-7271.76,0
6.38597,3627.73,30.7119,9.38685,1.33893,-3487.67,0
7.663,3617.1,24.3114,22.032,3.30365,-4292.73,0
8.94004,3625.96,29.5509,13.1534,0.604249,-2689.08,0
10.2241,3606.43,29.9368,-4.75372,4.57272,-4261.36,0
11.4995,3621.41,23.5835,-20.8304,0.768347,-2486.19,0
12.7778,3614.08,7.01989,4.83269,2.5933,-2811.44,0
14.0463,3609.9,22.2839,2.36809,3.16474,-2854.85,0
15.321,3591.86,7.74611,7.83514,5.3955,-3794.5,0
16.5914,3606.51,12.8583,13.5424,1.00869,-2621.35,0
17.8685,3592.24,11.1599,36.898,3.90037,-3232.46,0
19.1422,3597.65,9.18541,19.2062,2.77311,-2735,0
20.4231,3596.33,27.8489,-17.0014,2.44554,-2628.15,0
21.6929,3581.91,48.9972,-35.9406,4.21692,-3138.98,0
22.9677,3588.23,27.102,-53.8316,2.37216,-2689.46,0
24.2493,3569.33,27.773,-53.8646,6.50416,-3326.83,0
25.5279,3568.61,21.1173,-53.1776,4.76033,-3188.24,0
26.8053,3559.47,18.2433,-26.0443,7.21474,-3377.34,0
28.0738,3561.28,22.7669,-41.4202,3.82897,-3160.28,0
29.3431,3563.21,26.4152,-46.3241,1.91477,-2957.59,0
30.6338,3556.33,36.7355,-33.8186,3.96808,-3057.74,0
31.907,3551.3,63.701,-38.5925,2.61659,-3093.5,0
33.179,3535.94,57.8278,-48.5128,4.72099,-3437.86,0
34.447,3561.71,26.6229,-16.6021,0.78953,-2563.05,0
35.7288,3556.34,-11.0314,7.75862,2.70944,-2621.5,0
37.0092,3544.28,-22.4341,-29.0548,5.45406,-2856.67,0
38.2805,3531.45,-15.9732,-40.1831,6.13974,-3096.78,0
39.5542,3524.92,-16.188,-16.765,9.79422,-3162.31,0
40.8274,3518.14,-35.1973,-35.1773,5.23205,-3229.68,0
42.1028,3508.99,-42.3412,-49.8613,4.11902,-3349.27,0
43.3837,3510.8,-47.2726,-53.2691,0.400138,-3208.65,0
44.6546,3509.87,-28.9712,-50.8041,3.67005,-3138.03,0
45.9399,3516.03,-9.68821,-52.5403,1.9272,-2916.12,0
47.2073,3506.34,-8.00883,-38.2368,6.93591,-3043.1,0
48.4828,3511.4,1.38754,-35.6398,3.93293,-2858.78,0
49.7567,3511.04,-5.51212,-36.0493,3.04106,-2792.8,0
51.0334,3493.07,6.53991,-14.7623,7.05658,-3075,0
51.686,3492,1.5539,0.086197,5.22227,-3056.95,0
