1.26683,3635.79,-94.475,-14.658,1.64997,-11215.3,0
2.54024,3630.47,-91.9847,-34.5315,2.14497,-7689.86,0
3.80897,3615.68,-81.4914,-25.5274,4.65031,-9011.22,0
5.08144,3589.23,-71.5226,-43.179,8.11786,-11958.8,0
6.35404,3577.28,-73.4046,-34.2501,6.6211,-11444.4,0
7.62545,3599.72,-81.5204,-6.3787,0.256901,-6593.28,0
8.90346,3587.98,-70.2007,-4.19014,3.46779,-6965.4,0
10.1777,3597.08,-78.1128,-4.87337,0.0388479,-5199.81,0
11.46,3592.5,-75.7851,13.2066,1.10292,-5017.24,0
12.7294,3577.89,-61.3785,-14.6157,4.52114,-5664.49,0
14.0081,3559.25,-69.1601,-13.8255,6.73838,-6478.77,0
15.2856,3579.12,-60.3897,3.54566,0.993198,-4636.88,0
16.5612,3574.91,-48.8572,26.0025,2.33237,-4534.09,0
17.8393,3554.23,-40.0442,63.6446,4.84545,-5368.51,0
19.1247,3556.99,-37.3227,60.7391,3.67198,-4863.3,0
20.3948,3557.24,-33.8554,60.9315,2.69065,-4548.17,0
21.6792,3552.72,-37.7661,59.2481,3.27336,-4487.39,0
22.9534,3555.06,-28.5982,61.7863,2.18877,-4136.24,0
24.2299,3558.46,-41.9585,40.004,1.90166,-3777.91,0
25.4939,3549.85,-64.8961,-4.48849,3.55696,-3928.29,0
26.7747,3530.5,-81.7697,9.56387,5.66958,-4463.11,0
28.0498,3524.29,-85.8612,2.9053,4.02522,-4481.76,0
29.3287,3533.8,-81.0496,11.9982,1.33616,-3962.13,0
30.6081,3514.84,-89.2434,9.88545,4.50312,-4415.79,0
31.8856,3518.39,-102.641,25.5511,0.25316,-4127.65,0
33.1662,3516.66,-91.4938,-2.21197,2.59943,-4020.46,0
34.4459,3508.55,-100.326,-9.38116,2.94759,-4106.42,0
35.7212,3498.81,-102.789,10.4985,4.23258,-4232.38,0
37.0099,3493.31,-90.9248,-1.31148,4.65913,-4233.7,0
38.2983,3504.25,-58.1047,-11.4291,5.81141,-3805.52,0
39.5787,3510.34,-38.0912,-21.315,6.87005,-3528.63,0
40.8553,3502.04,-37.3667,-30.131,5.85914,-3621.68,0
42.1282,3502.95,-27.7879,-24.0056,5.61793,-3490.65,0
43.3977,3506.41,-29.7328,-6.19998,2.42236,-3308.74,0
44.6741,3510.87,-14.3252,4.09131,5.10491,-3114.23,0
45.9488,3494.62,-12.4804,13.0558,6.56526,-3381.49,0
46.1651,3487.93,-2.31536,-0.562885,9.03159,-3510.67,1
