1.27532,3633.81,10.7012,46.8057,3.16297,-12695.9,0
2.55213,3642.31,36.8275,44.7693,0.926895,-3013.32,0
3.82696,3621.86,39.4451,46.8701,4.59892,-7351.86,0
5.10443,3614.7,24.7485,44.6378,5.11608,-6914.86,0
6.38505,3610.71,24.7248,65.8013,4.20335,-6152.88,0
7.66179,3621.58,8.29404,66.5133,1.25015,-3709.3,0
8.95006,3604.11,-2.98343,60.6473,4.80485,-5126.8,0
10.2157,3613.61,24.7359,62.7971,2.14355,-3561.85,0
11.4899,3604.44,23.0122,70.3721,3.38659,-3965.08,0
12.762,3594.44,33.9006,80.0561,4.16917,-4353.68,0
14.0465,3605.02,11.7875,91.2265,1.09295,-3202.48,0
15.3354,3600.06,28.5878,84.3612,2.21037,-3256.39,0
16.6076,3600.3,22.4099,76.7634,2.55942,-2992.33,0
17.8785,3611.79,14.0474,58.4055,0.322738,-2137.16,0
19.1537,3586.6,17.1812,75.8716,4.89737,-3310.2,0
20.432,3583.55,18.7276,101.282,2.80216,-3252.09,0
21.706,3598.48,21.8422,91.9895,0.19819,-2373.63,0
22.9843,3561.16,46.3008,96.079,6.44649,-3865.4,0
24.2582,3567.24,35.1245,89.957,3.75721,-3411.73,0
25.5322,3555.75,4.3051,93.7905,5.3155,-3691.6,0
26.8162,3542.89,2.11808,88.4118,5.67892,-3994.26,0
28.0987,3525.09,27.8266,103.483,6.54417,-4445.51,0
29.3644,3525.33,27.9514,96.6105,6.09918,-4245.77,0
30.6359,3525.17,32.474,85.0127,5.5043,-4074.55,0
31.9145,3526.99,40.258,114.18,0.211435,-3854.28,0
33.1898,3516.66,16.8558,105.998,4.30882,-4017.53,0
34.4619,3493.89,26.7221,107.797,7.18346,-4529.84,0
35.7355,3482.67,40.2412,97.581,6.85184,-4682.32,0
37.0098,3477.19,40.592,93.2415,6.54931,-4669.35,0
38.2812,3475.75,58.7842,95.8186,2.07219,-4551.83,0
39.5684,3482.99,42.4683,89.8653,2.67312,-4220.77,0
40.845,3473.62,63.1414,88.8826,2.50987,-4318.3,0
42.1132,3462.16,60.6247,95.1155,3.00755,-4460.41,0
43.3849,3470.21,50.4697,84.4213,4.23623,-4144.1,0
44.6711,3485.96,27.4842,85.2027,0.940048,-3672.14,0
45.9421,3471.1,37.9693,76.77,4.35964,-3894.04,0
46.6867,3449.96,23.7295,63.6951,5.27926,-4284.77,0
