1.27184,3642.2,-43.4889,80.5865,0.480592,-6128.98,0
2.54099,3633.28,-50.843,84.7365,1.663,-6580.57,0
3.81191,3607.29,-67.4054,94.2707,4.9294,-11203.3,0
5.07856,3611.92,-77.8825,124.364,1.58996,-7498.85,0
6.35688,3606.16,-84.3278,118.359,2.38284,-6896.55,0
7.63373,3604.31,-81.0246,142.865,1.69582,-5985.46,0
8.90815,3598.46,-73.0497,160.724,1.67761,-5785.26,0
10.1916,3568.77,-52.6715,189.059,5.82697,-7970.55,0
11.47,3576.43,-38.0338,180.372,3.29049,-6414.51,0
12.7437,3576.18,-6.16736,171.34,3.94404,-5792.81,0
14.0203,3569.58,-2.43238,170.368,3.47358,-5735.79,0
15.2981,3570.27,-3.79299,185.051,1.3796,-5211.95,0
16.5647,3560.16,2.24762,183.844,2.96387,-5423.41,0
17.8432,3553.54,55.7313,181.505,3.8162,-5405.97,0
19.1158,3549.97,38.8886,183.375,2.82553,-5232.61,0
20.3834,3532.17,35.2613,171.653,6.89131,-5780.77,0
21.6562,3521.7,37.7315,188.398,6.10937,-5924.54,0
22.9189,3498.94,29.0872,183.595,8.01419,-6591.08,0
24.1981,3500.79,28.9874,183.07,5.4314,-6166.11,0
25.4734,3494.39,26.9732,165.54,7.78058,-6108.59,0
26.7466,3480.61,24.0561,153.627,7.6104,-6333.24,0
28.0253,3475.67,16.1566,154.062,7.31976,-6220.62,0
29.2993,3468.03,3.04205,170.306,3.57324,-6210.55,0
30.57,3459.24,-1.85133,161.189,7.18593,-6240.03,0
31.8467,3455.35,-24.2464,164.761,4.23844,-6112.1,0
32.1113,3449.98,-38.8267,167.431,3.92522,-6228.89,0
