1.27774,3645.16,-43.2426,-15.5515,0.0423297,-3791.48,0
2.55578,3615.84,10.363,-42.083,0.408773,-13364.6,0
3.83713,3596.45,38.2597,-54.0306,0.616744,-13955.8,0
5.11103,3585.22,23.1559,-31.3251,0.86572,-12674.1,0
6.3895,3580.62,45.4981,-51.1689,0.817952,-10858.2,0
7.6745,3572.16,46.7142,-85.628,0.786798,-10142.5,0
8.95215,3565.87,104.224,-83.8807,0.664695,-9397.47,0
10.2381,3595.6,74.8468,-60.0295,0.45751,-5313.93,0
11.5148,3540.21,62.5375,-119.666,0.98297,-9534.58,0
12.793,3521.1,50.7912,-126.887,1.23744,-10076.1,0
14.0721,3515.23,27.5181,-92.7005,1.67539,-9576.81,0
15.3478,3563.25,34.5693,-108.63,0.730624,-5651.94,0
16.6215,3595.5,-2.1249,-126.663,0.261203,-3278.79,0
17.8936,3554.26,-33.7355,-90.6821,0.964404,-5350.61,0
19.1746,3575.02,-24.004,-100.322,0.615689,-3910.17,0
20.4449,3552.61,20.4547,-74.2963,1.0971,-4763.42,0
21.7216,3537.31,10.1519,-58.3057,1.47346,-5188.01,0
22.9964,3537.05,2.07945,-48.2,1.51829,-4911.77,0
24.2805,3529.17,-25.3161,-68.5317,1.37328,-4976.36,0
25.5601,3554.28,-25.8869,-77.7277,0.812047,-3744.85,0
26.84,3538.03,-24.1607,-109.499,0.830569,-4171.85,0
28.1142,3519.91,0.190724,-79.4034,1.4004,-4627.03,0
29.3912,3556.86,11.8907,-91.6361,0.612993,-3168.88,0
30.6787,3563.63,-15.3735,-81.6638,0.51738,-2815.4,0
31.9613,3558.03,-60.6999,-95.5589,0.414665,-2877.6,0
33.2254,3530.53,-53.2126,-111.06,0.737498,-3595.72,0
34.5028,3529.43,-79.8882,-117.457,0.583003,-3494.53,0
35.7759,3534.88,-95.7215,-76.1094,0.681926,-3217.85,0
37.0558,3518.32,-116.967,-136.555,0.480888,-3553.68,0
38.3366,3491.83,-122.417,-114.123,1.04714,-4125.9,0
39.6076,3466.66,-139.82,-134.499,1.00678,-4628.86,0
40.3539,3449.95,-147.865,-113.302,1.37976,-4957.5,0
