1.28389,3627.65,-14.6448,-87.6451,0.252562,-17406,0
2.55185,3608.67,19.9958,-49.7534,0.574005,-16195.7,0
3.8302,3594.73,42.6812,-75.4241,0.643552,-14429.1,0
5.10908,3595.26,44.2876,-99.9758,0.542723,-10714.3,0
6.3736,3588.06,56.2291,-110.307,0.573083,-9717.98,0
7.64338,3579.2,60.7419,-103.004,0.709699,-9262.92,0
8.91458,3617.09,64.0402,-83.4705,0.301603,-3691.72,0
10.1884,3615.56,37.0767,-97.1254,0.312961,-3380.08,0
11.4672,3634.94,11.6447,-18.569,0.24828,-1313.07,0
12.7346,3621.83,30.1406,39.5851,0.376678,-2212.18,0
14.0079,3619.74,-7.80491,5.29827,0.451076,-2160.43,0
15.2954,3607.73,-60.9025,44.4622,0.48974,-2763.79,0
16.5729,3613.96,-48.2616,3.25233,0.474483,-2174.45,0
17.8455,3643.91,-23.2904,-7.32658,0.125549,-341.217,0
19.1253,3637.8,0.788617,44.461,0.176649,-638.073,0
20.4121,3618.25,7.02971,42.0664,0.424298,-1555.69,0
21.6886,3643.72,3.14777,59.9548,0.0823538,-289.445,0
22.9683,3595.1,6.82304,56.7343,0.710244,-2390.36,0
24.2398,3587.81,24.6416,53.2362,0.806851,-2565.8,0
25.5191,3582.14,37.9052,15.7815,0.941736,-2659.01,0
26.7909,3564.05,33.6619,24.8645,1.21047,-3208.08,0
28.0745,3571.82,41.6271,0.715572,1.03174,-2784.82,0
29.3518,3574.47,27.9586,35.1164,0.948624,-2573.34,0
30.6306,3564.95,16.2861,56.5727,1.0388,-2776.56,0
31.9079,3591.18,28.3978,46.3593,0.605796,-1843.58,0
33.1834,3584.33,70.084,27.518,0.62699,-1979.08,0
34.4659,3562.81,68.2612,-9.40564,0.971109,-2529.85,0
35.7432,3562.13,88.1044,-2.59231,0.851597,-2458.43,0
37.0227,3563.51,103.051,12.704,0.714499,-2336.25,0
38.3101,3546.13,67.5894,-28.3763,1.16308,-2711.3,0
39.5869,3558.19,46.1149,10.3694,1.08113,-2319.24,0
40.8537,3539.69,81.1195,11.449,1.1363,-2700.15,0
42.1271,3545.06,55.7223,-12.5288,1.19073,-2491.1,0
43.3911,3518.81,42.8592,-12.7095,1.87509,-3023.46,0
44.6638,3520.06,36.9646,-12.3448,1.78742,-2909.3,0
45.9303,3509.06,56.2343,5.22968,1.70688,-3068.63,0
47.2071,3503.87,39.9997,-10.2841,2.05119,-3095.55,0
48.4865,3525.46,-4.0595,-22.3225,1.49556,-2568.54,0
49.7559,3514.81,-30.6753,-13.4316,1.66959,-2717.15,0
51.031,3498.3,-26.6934,7.68978,2.39612,-2972.71,0
52.3123,3510.66,6.74531,11.8515,2.04067,-2663.63,0
53.5824,3520.56,-42.6886,3.29571,0.874984,-2415.7,0
54.8538,3552.1,-28.2199,20.7489,0.115486,-1784.79,0
56.1138,3517.56,-67.2267,29.6174,0.520991,-2360.29,0
57.3845,3530.64,-77.1052,-6.67839,0.205115,-2079.93,0
58.6518,3496.42,-65.3223,-57.2234,0.735368,-2618.45,0
59.936,3497.69,-85.0569,-50.8764,0.540925,-2541.19,0
61.2105,3487.67,-124.181,-76.3965,0.0613421,-2652.03,0
62.4852,3470.32,-139.298,-38.6,0.396074,-2875.61,0
63.7587,3477.26,-119.566,-43.4454,0.547319,-2709.32,0
65.033,3462.19,-91.3764,-31.9098,1.27278,-2887.89,0
66.2407,3449.96,-110.964,-32.3377,1.12532,-3019.85,0
