1.27587,3625.41,38.9779,34.3191,0.329986,-19276.5,0
2.54897,3608.85,43.0376,56.6313,0.495195,-16145.4,0
3.8143,3621.46,25.2554,68.9915,0.327433,-7481.74,0
5.08646,3600.43,38.9904,113.613,0.432641,-9745.44,0
6.36839,3588.07,63.1426,137.396,0.41076,-9724.81,0
7.63812,3572.97,21.3624,129.936,0.718582,-10085.2,0
8.9192,3545.7,5.12983,123.53,1.17664,-11693.5,0
10.1815,3547.39,7.32985,95.1435,1.3102,-10078.3,0
11.4565,3525.44,32.816,121.996,1.34158,-10872.8,0
12.7318,3521.82,66.2451,117.997,1.27247,-10067.8,0
14.002,3516.78,85.3314,116.568,1.19984,-9514.13,0
15.2753,3523.91,48.216,140.918,1.00699,-8254.18,0
16.5554,3532.7,67.1797,154.717,0.678074,-7085.45,0
17.8397,3585.92,23.4585,126.573,0.135697,-3592.17,0
19.1206,3542.51,56.7019,129.034,0.6755,-5621.77,0
20.4017,3548.63,76.7479,101.722,0.649583,-4968.61,0
21.6792,3576.62,109.733,57.8058,0.274609,-3384.91,0
22.9559,3566.34,53.2782,13.7995,0.782074,-3644.32,0
24.2302,3583.1,40.0476,30.1064,0.505652,-2760.93,0
25.5047,3567.54,70.0804,21.8151,0.645677,-3232.93,0
26.783,3557.83,103.587,0.926408,0.605127,-3441.53,0
28.0597,3563.7,59.921,-58.0125,0.628888,-3075.71,0
29.3374,3540.57,48.337,-56.9074,1.05856,-3730.1,0
30.6206,3556.6,28.4814,-45.6197,0.889605,-3050.15,0
31.8912,3552.93,32.2284,-60.2913,0.850297,-3043.82,0
33.1616,3544.74,-15.4737,-62.2326,1.00726,-3174.19,0
34.4319,3545.89,-32.6405,-34.1882,1.05712,-3023.61,0
35.7084,3529.38,-66.3251,-38.7637,1.09463,-3377.96,0
36.9785,3540.73,-107.776,-49.2464,0.522293,-2955.01,0
38.2546,3552.09,-61.8845,-42.6659,0.637852,-2559.49,0
39.5306,3556.48,-113.401,-57.9163,0.215239,-2365.68,0
40.8069,3554.36,-85.9534,-44.0311,0.433105,-2343.74,0
42.0854,3508.65,-156.369,-37.701,0.641519,-3358.66,0
43.3565,3509.77,-119.468,-47.9193,0.94098,-3234.33,0
44.6277,3524.98,-140.975,-68.9529,0.49159,-2801.46,0
45.9051,3499.57,-183.866,-101.084,0.399645,-3277,0
47.1822,3494.08,-164.582,-84.3888,0.805222,-3304.72,0
48.4606,3506.85,-182.455,-94.8743,0.35869,-2954.03,0
49.7355,3506.54,-154.984,-81.1182,0.679195,-2884.51,0
50.9982,3502.71,-142.564,-81.3131,0.92014,-2888.16,0
52.271,3490.64,-195.209,-80.6685,0.600406,-3048.82,0
53.5486,3456.75,-219.924,-86.7879,0.747275,-3608.82,0
53.5808,3449.98,-218.616,-90.1724,0.858428,-3733.08,0
