1.27363,3647.58,20.1795,14.0593,0.0301814,-1901.92,0
2.55106,3606.49,13.8417,-19.5711,0.564734,-17055.4,0
3.82988,3603.14,-22.5686,5.10717,0.613772,-12235.7,0
5.09968,3594.73,-32.8261,49.112,0.648039,-10837.4,0
6.38284,3595.34,-87.2548,15.162,0.526618,-8563.45,0
7.6661,3641.41,-22.312,16.362,0.0769851,-1120.16,0
8.94241,3634.59,11.8354,-29.2461,0.155498,-1723.56,0
10.2168,3611.1,35.3311,-73.2807,0.345945,-3807.48,0
11.4916,3585.15,52.4325,-106.785,0.532977,-5643.28,0
12.7737,3591.23,12.3522,-46.2759,0.715536,-4600.85,0
14.0483,3600.39,52.921,-21.0304,0.543279,-3531.18,0
15.3264,3595.69,111.877,-43.4765,0.37831,-3543.36,0
16.6055,3587.17,108.021,-16.2198,0.534942,-3783.59,0
17.8771,3565.16,87.9329,-15.0503,0.934389,-4745.58,0
19.1532,3553.02,47.3798,-2.26044,1.35586,-5063.53,0
20.4269,3555.37,68.2867,9.87566,1.12522,-4632.54,0
21.6866,3561.27,60.0931,11.1546,1.03295,-4091.63,0
22.9562,3537,70.3304,-8.95113,1.35758,-4922.36,0
24.2339,3535.75,61.526,-34.1152,1.32805,-4714.38,0
25.5108,3536.17,20.8506,-55.5477,1.37131,-4461.99,0
26.7961,3531.71,35.4779,-81.6779,1.13601,-4414.33,0
28.0701,3524.36,63.3113,-28.8868,1.42223,-4475.77,0
29.3342,3519.42,47.8976,-19.369,1.7066,-4451.43,0
30.5994,3514.37,36.8029,-20.7029,1.89176,-4432.32,0
31.886,3490.61,17.0393,-12.4654,3.44343,-4998.82,0
33.1582,3491.22,-0.227437,-18.1802,3.0006,-4788.58,0
34.4317,3500.31,-43.2714,-9.72346,1.17716,-4347.52,0
35.7072,3491.39,-40.5777,-26.5525,1.29443,-4442,0
36.9763,3478.3,-55.0542,-30.1781,1.22751,-4643.61,0
38.2483,3503.94,-66.2502,-13.062,0.491419,-3818.77,0
39.5238,3471.19,-71.4713,-29.5757,1.00171,-4524.21,0
40.8077,3470.07,-70.3971,-47.5406,0.84115,-4409.16,0
41.9692,3449.97,-76.6498,-41.2803,1.15502,-4766.06,0
