1.26891,3649.22,18.9473,-12.9222,0.00315147,-613.496,0
2.5538,3613.68,25.5805,-11.3776,0.447406,-14221.2,0
3.82921,3591.26,-18.2788,-4.66694,0.792864,-15341.1,0
5.10022,3569.26,-4.53264,-15.7597,1.17514,-15831.1,0
6.37714,3541.39,-17.5529,11.5132,1.77634,-17031.2,0
7.64614,3582.75,7.09311,-4.94904,0.796225,-8794.83,0
8.91618,3581.24,17.2092,-6.53319,0.798822,-7711.72,0
10.187,3546.34,21.7898,-12.4807,1.49931,-10175.3,0
11.4655,3530.23,13.2559,14.6451,1.91653,-10446.2,0
12.7429,3538.61,15.0471,15.4796,1.50832,-8741.54,0
14.0302,3523.26,4.3916,1.30235,2.05847,-9033.28,0
15.3123,3539.95,15.8343,13.4527,1.23681,-7186.87,0
16.588,3540.96,13.0492,19.8519,1.12202,-6573.67,0
17.8658,3532.71,7.15514,-0.5991,1.39184,-6564.85,0
19.1356,3529.34,9.17728,17.5586,1.37518,-6305.55,0
20.4158,3511.46,2.44531,6.54174,2.4245,-6785.95,0
21.6957,3542.02,-5.77072,-21.8334,0.769444,-4976.85,0
22.9622,3557.9,3.84348,-15.4098,0.373104,-4010.74,0
24.2361,3559.59,-2.12086,15.6906,0.331155,-3730.41,0
25.5156,3550.21,-31.323,30.5583,0.415046,-3910.85,0
26.7993,3557.61,-34.0293,11.8363,0.284396,-3447.65,0
28.0765,3531.43,2.79517,-27.5638,1.01683,-4223.01,0
29.355,3529.95,14.6377,-16.7182,1.06572,-4089.42,0
30.6334,3532.43,77.4243,-49.6665,0.268581,-3838.04,0
31.9128,3528.75,72.7444,-64.4881,0.284825,-3799.41,0
33.1914,3523.28,48.4311,-95.1766,0.294401,-3817.99,0
34.4694,3515.46,7.69675,-145.631,0.0112407,-3903.15,0
35.7325,3471.83,5.51439,-135.723,0.852053,-4986.31,0
37.0074,3475.16,0.0781222,-162.151,0.393407,-4724.41,0
38.2841,3465.3,27.1409,-156.993,0.58089,-4824.47,0
39.3462,3449.97,27.0429,-144.024,1.05806,-5083.85,0
