1.27503,3597.06,77.9881,38.0278,0.606242,-41521.8,0
2.55063,3584.86,92.3381,123.23,0.493439,-25540.2,0
3.82372,3545.6,114.396,114.924,0.973417,-27303.3,0
5.10274,3529.61,130.522,113.331,1.10405,-23593.1,0
6.3815,3585.94,90.6435,137.522,0.240362,-10038.3,0
7.65939,3579.87,57.7468,185.901,0.178995,-9155.91,0
8.93687,3540.28,45.4314,125.46,1.12847,-12277,0
10.2143,3545.07,69.7411,152.763,0.823203,-10272.8,0
11.4837,3549.58,6.36273,159.316,0.811569,-8744.89,0
12.7574,3547.11,1.76342,175.356,0.72689,-8065.06,0
14.0319,3540.21,-3.21574,227.415,0.401123,-7824.67,0
15.3086,3518.3,-34.4848,228.96,0.720438,-8602.8,0
16.587,3545.99,-42.2423,258.106,0.020303,-6270.66,0
17.8562,3506.71,-63.8396,240.003,0.761553,-8024.5,0
19.1336,3527.19,-39.2621,255.667,0.345134,-6418.37,0
20.4094,3560.45,-11.8113,179.588,0.394109,-4387.53,0
21.6892,3574.81,26.4251,178.318,0.191783,-3466.49,0
22.9617,3537.88,88.1942,185.022,0.513219,-4883.04,0
24.2403,3546.28,114.414,174.597,0.358983,-4278.91,0
25.5199,3513.92,118.851,175.689,0.806277,-5332.2,0
26.7896,3517.84,108.767,205.913,0.500368,-4933.39,0
28.0676,3534.13,78.8161,203.698,0.373459,-4128.1,0
29.3453,3507.68,96.8923,211.426,0.646154,-4849.81,0
30.6244,3500.07,134.342,165.023,0.992193,-4895.64,0
31.901,3482.74,136.307,130.763,1.58636,-5243.21,0
33.1829,3476.98,108.04,140.284,1.73471,-5214.21,0
34.4516,3494.54,86.0953,131.551,1.63095,-4512.48,0
35.727,3475.44,105.36,147.495,1.50602,-4885.9,0
37.001,3479.99,93.7477,164.682,1.28505,-4594.6,0
38.2844,3499.65,90.8709,150.529,1.10968,-3927.29,0
39.5548,3479.72,75.7411,153.25,1.508,-4304.85,0
40.8328,3482.16,73.0198,134.414,1.63862,-4110.31,0
42.1196,3472.91,72.8686,144.027,1.57029,-4204.54,0
43.4028,3464.27,63.9149,160.574,1.468,-4279.19,0
44.6853,3459.76,53.0821,146.751,1.73419,-4257.36,0
44.9894,3449.95,41.4876,142.22,2.00985,-4446.54,0
