1.2709,3638.78,-46.9154,35.3736,0.141869,-8824.61,0
2.55157,3637.16,-58.5145,31.7577,0.145805,-5030.25,0
3.83178,3611.21,-58.5526,-0.358425,0.483356,-10122.1,0
5.10321,3598.96,-56.5304,16.1747,0.645566,-10002,0
6.38326,3578.25,-0.595254,9.75294,1.07525,-11240.8,0
7.65578,3612.78,-3.16834,-2.6657,0.49452,-4861.37,0
8.92954,3602.16,42.1534,42.3404,0.557536,-5357.13,0
10.2068,3585.29,29.1384,61.1097,0.762528,-6339.84,0
11.4943,3588.17,10.7686,38.4943,0.800505,-5379.05,0
12.7661,3601.17,-5.75731,58.5375,0.53869,-3825.26,0
14.0407,3609.44,-33.0162,70.773,0.371565,-2888.5,0
15.322,3608.32,18.0054,73.4068,0.392705,-2720.2,0
16.6053,3581.1,10.5502,71.1599,0.775856,-4149.14,0
17.8866,3606.29,-2.49791,55.2346,0.457057,-2443.6,0
19.1668,3573.86,-36.6891,53.1881,0.902058,-3972.61,0
20.4418,3597.48,5.19299,20.2194,0.628233,-2569.32,0
21.7155,3595.49,6.88809,-22.2927,0.651492,-2510.36,0
22.9958,3614.55,24.9234,-29.2382,0.343076,-1541.59,0
24.2747,3606.81,53.8654,6.02797,0.412496,-1779.41,0
25.5666,3619.22,47.2766,7.02336,0.258991,-1203.9,0
26.8446,3612.26,64.4086,-21.8419,0.30175,-1406.04,0
28.1264,3588.81,85.4208,24.0519,0.541433,-2175.36,0
29.3941,3587.52,100.839,87.5117,0.360454,-2125.61,0
30.6619,3583.2,97.5647,44.2037,0.547067,-2178.47,0
31.9394,3593.91,124.115,65.2783,0.296364,-1756.22,0
33.22,3542.12,166.825,80.3154,0.785072,-3247.51,0
34.4998,3514.77,130.902,115.081,1.29992,-3919.67,0
35.7737,3494.07,136.956,105.252,1.61507,-4358.82,0
37.0514,3505.7,153.82,101.664,1.23281,-3894.58,0
38.3236,3501.42,159.925,90.3925,1.26963,-3877.09,0
39.6019,3504.02,144.318,75.5956,1.40951,-3686.22,0
40.873,3486.66,141.188,50.5818,1.8144,-3996.37,0
42.1468,3512.88,142.917,27.2284,1.3264,-3253.47,0
43.4194,3518.53,110.183,21.1285,1.52327,-3027.98,0
44.6987,3493.96,95.31,0.339208,2.00952,-3491.04,0
45.9732,3505.3,99.1035,20.5127,1.65684,-3147.43,0
47.2431,3526.28,66.0844,3.14155,1.55846,-2618.75,0
48.5186,3508.19,66.9855,14.4245,1.81139,-2922.84,0
49.794,3524.91,62.8731,28.3521,1.37245,-2512.14,0
51.0721,3508.6,57.0338,49.2872,1.57904,-2768.62,0
52.3492,3508.56,77.0341,50.9892,1.29343,-2701.9,0
53.6159,3496.67,90.7817,31.9052,1.40612,-2859.75,0
54.8854,3489.16,92.3897,26.6957,1.47731,-2930.47,0
56.163,3524.1,65.1856,42.7446,1.02928,-2241.76,0
57.4363,3515.75,53.3082,48.7805,1.21839,-2337.43,0
58.7053,3524.6,43.7105,41.5869,1.16459,-2136.16,0
59.9969,3531.75,45.6232,77.3655,0.697719,-1970.86,0
61.2739,3569.7,56.0696,76.5743,0.0628039,-1310.55,0
62.5476,3547.03,92.7216,70.6089,0.256763,-1646.31,0
63.8324,3511.84,77.3329,41.5603,1.05366,-2164.49,0
65.1121,3481.8,56.9594,36.8188,1.94275,-2583.28,0
66.392,3523.6,80.117,12.0614,0.79799,-1903.91,0
67.6537,3488.82,108.397,25.5554,1.01752,-2382.47,0
68.9348,3490.81,123.058,39.1023,0.692495,-2309.28,0
70.2122,3475.45,150.776,50.9717,0.502908,-2486.01,0
71.4857,3496.14,137.491,15.926,0.449002,-2152.38,0
72.7622,3496.58,75.1275,10.1393,1.24989,-2108.45,0
74.0478,3496.82,77.8026,20.1083,1.11627,-2068.64,0
75.3217,3514.14,108.651,-6.42883,0.431578,-1803.68,0
76.6051,3507.7,111.243,-85.2235,0.153662,-1857.64,0
77.8832,3453.78,128.833,-131.167,0.389456,-2519.47,0
77.9063,3449.99,136.019,-132.342,0.341768,-2567.27,0
