1.37132,3590.43,11.6424,-68.0858,1.04756,-43438.9,0
2.7331,3589.47,43.1951,-99.5115,0.828804,-22145.7,0
4.09789,3598.05,8.17061,-50.2735,0.946941,-12677.7,0
5.46453,3602.17,-20.9253,-34.9754,0.884525,-8752.66,0
6.8477,3588.31,-42.7054,-51.0559,1.04798,-9008.5,0
8.22395,3593.39,37.462,-57.3743,0.92115,-6883.72,0
9.59129,3528.43,17.1651,-25.9585,2.94106,-12675.3,0
10.9661,3517.77,-0.000928808,-11.8486,3.44524,-12058.3,0
12.3392,3562.26,17.4106,-8.02275,1.26639,-7110.71,0
13.7145,3558.26,24.5491,-2.90683,1.32588,-6689.03,0
15.0863,3596.61,12.0445,7.94634,0.368972,-3538.66,0
16.4716,3532.97,21.4934,20.9176,2.12108,-7104.84,0
17.82,3531.29,34.1188,0.494411,2.02552,-6661.4,0
19.1804,3538.25,25.8815,-28.5237,1.62882,-5826.49,0
20.5489,3542.24,-0.581171,-17.4368,1.59372,-5244.06,0
21.9087,3537.88,3.49822,0.789035,1.814,-5117.51,0
23.2658,3541.33,-37.7692,18.4541,1.31532,-4670.79,0
24.6291,3562.18,-40.6007,-9.29383,0.699399,-3565.73,0
25.9856,3533.39,-16.7988,105.775,0.765843,-4487.35,0
27.3493,3493.05,-26.6947,90.3091,1.85192,-5738.66,0
28.717,3529.83,7.39017,106.118,0.666912,-4184.74,0
30.078,3498.61,47.8463,120.327,1.0191,-5033.12,0
31.4579,3499.48,46.0356,64.7513,1.84691,-4784.89,0
32.817,3523.84,67.6754,89.6703,0.756724,-3844.35,0
34.1891,3527.78,80.8394,58.0096,0.707585,-3574.89,0
35.562,3564.6,26.5967,62.2048,0.182639,-2401.33,0
36.9269,3545.8,14.9441,53.3772,0.748389,-2821.79,0
38.2721,3552.46,-43.408,95.8626,0.110492,-2548.61,0
39.6276,3510.3,-1.41544,76.8203,1.42487,-3525.45,0
40.9915,3480.79,-37.2186,88.9202,1.7081,-4127.9,0
42.3498,3464.4,17.7402,116.012,1.53806,-4382.45,0
43.6487,3449.95,20.9041,125.697,1.61567,-4583.1,0
