1.36094,3588.05,19.0479,0.714684,1.14468,-45521.6,0
2.7167,3559.82,19.7642,-12.9141,1.80816,-33194.8,0
4.09226,3563.18,16.6441,21.6698,1.65649,-21215.1,0
5.46565,3564.4,15.2491,1.14838,1.63278,-15661.3,0
6.81144,3559.61,-24.2073,1.66352,1.68659,-13270,0
8.1827,3589.07,-53.1756,14.4872,0.803996,-7445.96,0
9.55476,3615.81,-53.9643,23.9672,0.287832,-3578.56,0
10.9209,3630.15,-37.4785,-7.79471,0.0889809,-1817.33,0
12.281,3611.94,-27.6043,-56.0718,0.335991,-3098.9,0
13.6533,3583.16,1.99502,111.141,0.596015,-4895.88,0
15.0181,3576.99,10.3203,83.8828,0.874511,-4861.76,0
16.3961,3546.06,50.3619,90.2818,1.31381,-6339.06,0
17.7609,3507.61,10.4681,62.939,2.76468,-8017.13,0
19.1325,3532.46,10.0875,63.9823,1.90728,-6143.71,0
20.5,3562.49,-12.0854,58.8428,1.14979,-4268.7,0
21.8683,3576.22,-43.1588,45.4869,0.815455,-3374.01,0
23.2242,3555.8,-24.4285,7.73449,1.52748,-4056.12,0
24.5989,3559.25,-18.3598,64.3248,1.11786,-3689.05,0
25.9617,3547.28,-64.1798,63.379,1.16349,-3956.66,0
27.3236,3505.4,-57.9571,73.4356,2.0334,-5292.09,0
28.6759,3512.99,-50.2721,61.0932,1.99593,-4777.83,0
30.0555,3530.12,-58.6384,60.8285,1.41523,-3988.77,0
31.4438,3534.36,-42.2286,35.0518,1.64928,-3677.51,0
32.815,3491.44,-69.3364,94.8379,1.70379,-4832.08,0
34.1612,3497.97,-47.7949,117.25,1.42684,-4450.25,0
35.5372,3520.89,-60.3348,124.076,0.717709,-3633.15,0
36.9033,3499.21,-22.2553,201.118,0.217608,-4086.14,0
38.2761,3504.54,25.3109,157.515,0.936255,-3800.25,0
39.646,3490.95,20.1401,171.591,1.01173,-4011.8,0
41.0091,3462.7,35.522,155.201,1.92615,-4567.25,0
41.1494,3449.99,51.8154,167.129,1.8275,-4860.58,0
